code,target,ENSEMBL,association,Adipose_Subcutaneous,Adipose_Visceral_Omentum,Breast_Mammary_Tissue,Muscle_Skeletal,DGN_Whole_Blood,Whole_Blood,Artery_Aorta,Artery_Coronary,Artery_Tibial,Heart_Atrial_Appendage,Heart_Left_Ventricle,Spleen,Brain_Amygdala,Brain_Anterior_cingulate_cortex_BA24,Brain_Caudate_basal_ganglia,Brain_Nucleus_accumbens_basal_ganglia,Brain_Putamen_basal_ganglia,Brain_Cerebellar_Hemisphere,Brain_Cerebellum,Brain_Cortex,Brain_Frontal_Cortex_BA9,Brain_Hippocampus,Brain_Hypothalamus,Brain_Spinal_cord_cervical_c-1,Brain_Substantia_nigra,Nerve_Tibial,Cells_Transformed_fibroblasts,Cells_EBV-transformed_lymphocytes,Colon_Sigmoid,Colon_Transverse,Esophagus_Gastroesophageal_Junction,Esophagus_Mucosa,Esophagus_Muscularis,Liver,Minor_Salivary_Gland,Small_Intestine_Terminal_Ileum,Stomach,Adrenal_Gland,Pituitary,Pancreas,Thyroid,Lung,Ovary,Prostate,Testis,Uterus,Vagina,Skin_Not_Sun_Exposed_Suprapubic,Skin_Sun_Exposed_Lower_leg
BFPC04B,"TMOD2",ENSG00000128872,6.930443,-0.980455106403,-3.17952661931,-2.03435886074,-3.4067184662,-3.176707851548556,-3.26586267539,-2.98515133578,,-3.24902340874,,-4.24226888417,,,,,,,-3.96588849289,,,,,,,,-4.22986446769,-4.20084530791,,,,-3.17085930007,-3.18935875467,-3.78165818941,,,,-4.40651779381,,,-3.75348578467,-2.78573649173,,,,-3.82081735024,,,,-2.7342056977
BFPC04F,"TMOD2",ENSG00000128872,6.927015,-0.568710177234,-4.12634162528,-1.8539197947,-4.47794110382,-4.490253318392999,-4.43575676106,-3.94342681081,,-3.90228775963,,-3.92199626316,,,,,,,-4.72702124515,,,,,,,,-4.81057743325,-4.78835602134,,,,-3.54389113764,-4.65313669528,-4.89987643893,,,,-3.82517810972,,,-4.7602658402,-4.05581040474,,,,-4.84384972362,,,,-3.42788726103
BFPC04,"TMOD2",ENSG00000128872,7.303373,-1.01693789994,-3.53613463274,-2.15859547366,-3.81727432563,-3.6347413073744432,-3.69650790504,-3.35867823265,,-3.57676480103,,-4.38218694777,,,,,,,-4.30722775895,,,,,,,,-4.57997471078,-4.54495637836,,,,-3.40924308408,-3.68382865883,-4.2329370212,,,,-4.53573397877,,,-4.15534530112,-3.22441527865,,,,-4.25546241862,,,,-3.03209879698
BODY08B,"TMOD2",ENSG00000128872,7.250171,-1.96228591661,-4.12907240292,-3.29164670947,-4.76432992136,-4.571059664209023,-4.60952497877,-3.81179884468,,-3.70486341066,,-3.42121003531,,,,,,,-4.11103698312,,,,,,,,-4.33197891417,-4.49405760819,,,,-2.74781354209,-4.4541934912,-4.64579744032,,,,-4.44001610763,,,-4.66074903182,-4.18513210864,,,,-4.54860467235,,,,-4.37641607228
BODY08F,"TMOD2",ENSG00000128872,10.068705,-1.53853150947,-5.09648732777,-3.18630988921,-5.56308030313,-5.351822331258952,-5.37161954812,-4.32526736928,,-4.39281329807,,-3.61162611427,,,,,,,-4.68861489012,,,,,,,,-5.18178677765,-5.24118862268,,,,-3.66836515055,-5.53051799991,-5.6663382229,,,,-3.68128132868,,,-5.78139525655,-5.03178702089,,,,-5.31678576574,,,,-4.79811285445
BODY08,"TMOD2",ENSG00000128872,8.096606,-2.11444505333,-4.60415098617,-3.55371022183,-5.25584323365,-5.053740138351346,-5.09344397562,-4.24682819584,,-4.11342572115,,-3.65775147552,,,,,,,-4.48823883717,,,,,,,,-4.80803429129,-4.94562792645,,,,-3.14327418824,-4.98591684351,-5.21556742963,,,,-4.55705756129,,,-5.17798862636,-4.66853627456,,,,-5.04053611961,,,,-4.75803745622
FATM04B,"TMOD2",ENSG00000128872,6.656493,-1.53813962438,-3.44212000552,-1.84275752661,-3.74362246311,-3.505478782397799,-3.52316781195,-3.3054169287,,-3.65297655124,,-3.65689181268,,,,,,,-4.17097424217,,,,,,,,-4.15494430501,-4.20081677852,,,,-2.75711278668,-3.45160377714,-3.71696642482,,,,-3.80935399262,,,-3.9171312547,-3.07586531449,,,,-3.91173098236,,,,-2.8374646226
FATM04F,"TMOD2",ENSG00000128872,7.261965,-0.742389260098,-4.23686534969,-1.95356475443,-4.54272787565,-4.52616754193096,-4.46041500063,-3.86291188651,,-3.99838719802,,-3.77107335597,,,,,,,-4.88778736151,,,,,,,,-4.69359207205,-4.76959638308,,,,-3.37128468626,-4.6419652028,-4.77214066934,,,,-3.26329040435,,,-4.93694630755,-4.01269068764,,,,-4.77798666799,,,,-3.50175984539
FATM04,"TMOD2",ENSG00000128872,7.091365,-1.54214831397,-3.78660095028,-2.05029123,-4.12160209275,-3.937127827777527,-3.93192764467,-3.6486598844,,-3.93433778031,,-3.86974592263,,,,,,,-4.53899378193,,,,,,,,-4.49300799232,-4.54762716065,,,,-3.04853533719,-3.90728171585,-4.17588939745,,,,-3.91103574711,,,-4.33121513537,-3.46958515149,,,,-4.33474451015,,,,-3.14945308226
