code,target,ENSEMBL,association,Adipose_Subcutaneous,Adipose_Visceral_Omentum,Breast_Mammary_Tissue,Muscle_Skeletal,DGN_Whole_Blood,Whole_Blood,Artery_Aorta,Artery_Coronary,Artery_Tibial,Heart_Atrial_Appendage,Heart_Left_Ventricle,Spleen,Brain_Amygdala,Brain_Anterior_cingulate_cortex_BA24,Brain_Caudate_basal_ganglia,Brain_Nucleus_accumbens_basal_ganglia,Brain_Putamen_basal_ganglia,Brain_Cerebellar_Hemisphere,Brain_Cerebellum,Brain_Cortex,Brain_Frontal_Cortex_BA9,Brain_Hippocampus,Brain_Hypothalamus,Brain_Spinal_cord_cervical_c-1,Brain_Substantia_nigra,Nerve_Tibial,Cells_Transformed_fibroblasts,Cells_EBV-transformed_lymphocytes,Colon_Sigmoid,Colon_Transverse,Esophagus_Gastroesophageal_Junction,Esophagus_Mucosa,Esophagus_Muscularis,Liver,Minor_Salivary_Gland,Small_Intestine_Terminal_Ileum,Stomach,Adrenal_Gland,Pituitary,Pancreas,Thyroid,Lung,Ovary,Prostate,Testis,Uterus,Vagina,Skin_Not_Sun_Exposed_Suprapubic,Skin_Sun_Exposed_Lower_leg
BFPC04B,"TSPAN9",ENSG00000011105,11.203003,0.921667950722,-1.72705080157,,-1.80071457954,-5.104465426067877,1.16824345298,0.332484384573,,-0.0339625617724,1.14698963633,,2.45126516423,,,,0.626846208822,0.753303794603,-0.690176395642,-0.697772543612,0.0970796380254,,,,,,-0.990731091282,0.759422896485,,-2.19062781316,,,1.70455953001,-1.39911014914,,,,,2.25612533834,1.78762046949,-0.784710502191,1.88445585188,1.23339217625,,,0.233421014802,,,,
BFPC04M,"TSPAN9",ENSG00000011105,5.641152,1.2881746892,-0.792607094288,,-1.75990426735,-4.321115782306509,0.955088183718,0.882770326845,,0.107000666104,1.6762214568,,2.04208228341,,,,0.958284996925,1.18488065218,-0.359940907269,-2.15292385125,-0.267596155382,,,,,,-0.742428034598,0.465953037415,,-1.5485566263,,,1.37050979977,-1.30966226682,,,,,2.31734390173,1.84495548215,-1.23378998647,1.73793113099,1.58973054112,,,0.488226876028,,,,
BFPC04,"TSPAN9",ENSG00000011105,8.982382,0.797425637342,-1.85168146724,,-1.66526798768,-4.8973835424203145,1.13150315233,0.194644147142,,-0.0404802341123,0.835140019668,,2.40198184831,,,,0.467349881268,0.627907182,-0.748769333917,-0.219890987147,0.221342777328,,,,,,-0.979264590746,0.80917440447,,-2.21014105532,,,1.65400990711,-1.39089021056,,,,,2.09211645293,1.62074367982,-0.567727177297,1.8082526186,1.06226621607,,,0.17456999442,,,,
BLOO19,"TSPAN9",ENSG00000011105,7.447332,0.263439561541,1.0415636229,,0.777101184034,1.9901599568250925,0.071270253484,-0.0342733408251,,0.655375733575,-0.877286810876,,-1.12701531868,,,,-1.03690395279,-2.52418576147,1.22305520133,1.38365274316,-1.69635150584,,,,,,-0.940393445717,-0.145166745136,,1.43318685894,,,-1.21062167186,-1.58014895482,,,,,-1.22522571949,-0.88400201356,0.00453778174279,-2.59897854528,-0.269818143641,,,-1.07556280917,,,,
BLOO32,"TSPAN9",ENSG00000011105,5.803354,0.838329908702,0.765668725748,,1.31825879786,2.733803202820949,-0.258034310085,0.328798770756,,0.209881760957,0.0272565491305,,-1.56168164481,,,,-1.45921795389,-2.20044324743,1.07094580189,1.20781789894,-1.48382868718,,,,,,-0.196827586144,-0.863682590657,,2.12065381797,,,-1.91177557926,0.154911793767,,,,,-1.695869063,-1.51755124317,0.844776115725,-2.57855992201,0.796909328108,,,-0.838612424146,,,,
BLOO34,"TSPAN9",ENSG00000011105,23.489254,-3.46784583524,-1.80119012482,,0.586006690882,3.497678768627236,0.20939224701,-3.90670531644,,-2.0611186556,0.825940463201,,-5.88801850298,,,,-0.959057528252,-2.01109634351,1.09538747435,-0.427161777758,1.72769170547,,,,,,5.35451569829,-2.21285083441,,3.18842692114,,,-1.49064508098,3.66763707951,,,,,-6.79805720846,-4.08222688894,0.645851003306,-6.5645837666,-2.71597140802,,,-2.10153498933,,,,
LEAN04B,"TSPAN9",ENSG00000011105,10.287418,1.55625328071,2.23341448962,,4.55966770896,3.1407978288123575,1.49764599037,0.507653186946,,2.40506368101,1.8667588401,,-2.1662997438,,,,0.632416313108,-1.19785006065,1.8279687358,1.75539031623,-0.377480851887,,,,,,1.19387575535,1.30828351622,,3.64477470541,,,0.710655142669,0.81612828321,,,,,-1.93935575828,-0.782387340682,2.58533149003,-1.28172643697,1.08507980673,,,0.736859944592,,,,
LEAN04M,"TSPAN9",ENSG00000011105,8.549120,0.944137335506,2.04480621128,,3.04596019911,1.582730230649304,0.287137984391,-0.43002741443,,1.49722590126,2.02539180541,,-2.4521848561,,,,0.186614211701,-1.46925554103,1.53437587724,1.02610764175,-1.28785171443,,,,,,1.32393988007,-0.0424855919515,,2.1932242818,,,-0.343576549499,0.57313734701,,,,,-2.43550452415,-0.599260169922,1.08215124521,-1.30996221864,1.05650534278,,,1.19909478361,,,,
LEAN04,"TSPAN9",ENSG00000011105,15.390950,1.4021339637,2.44875075983,,4.30273119943,2.822934037824756,1.06081204832,0.0517664590084,,2.17749670893,2.05421638305,,-2.55795356831,,,,0.547065234036,-1.33762140991,1.9756917321,1.53898430032,-0.939830303064,,,,,,1.3390116329,0.859879560473,,3.21979950076,,,0.266643571375,0.670861927602,,,,,-2.39392933022,-0.72611112772,2.03266056285,-1.4508934712,1.14294787498,,,1.11027299406,,,,
LEAN05B,"TSPAN9",ENSG00000011105,11.805042,1.54521033623,2.30638682457,,4.50384586488,3.0168044342598357,1.55985555106,0.461032938614,,2.42045540097,1.90638790812,,-2.17290884774,,,,0.599258379281,-1.35261867575,1.83864804902,1.73150095054,-0.397561685837,,,,,,1.38524353236,1.24932075771,,3.68093584341,,,0.778740794006,0.985421846618,,,,,-1.95632044596,-0.78467821002,2.52481255591,-1.20892879239,1.12289583876,,,0.690362195343,,,,
LEAN05M,"TSPAN9",ENSG00000011105,9.216532,0.977091573311,2.04193399092,,3.0549654139,1.5614632353375202,0.27993796319,-0.402710589938,,1.53045789212,2.0184932744,,-2.42816876207,,,,0.208728864373,-1.46649598548,1.48120288772,0.971204620436,-1.31220923904,,,,,,1.30312731451,-0.00736067772197,,2.21430139732,,,-0.319538391808,0.593308319207,,,,,-2.41347621658,-0.568989212378,1.07546232853,-1.27558857486,1.07501794151,,,1.25784218208,,,,
LEAN05,"TSPAN9",ENSG00000011105,15.584292,1.3870473216,2.47919482119,,4.26564408213,2.743592950379356,1.09551608736,0.0131085606813,,2.19064358493,2.05530079348,,-2.56910401388,,,,0.531005307311,-1.43795890456,1.95859390441,1.5095300046,-0.976826973966,,,,,,1.44855913436,0.840403718201,,3.23273162851,,,0.320952743469,0.77669604247,,,,,-2.41479696073,-0.737557881628,1.98487417056,-1.41160995244,1.15388790586,,,1.08747526383,,,,
LEAN06B,"TSPAN9",ENSG00000011105,27.950549,3.38911618131,3.25027230302,,5.9829980033,5.47475639206371,2.26452027826,1.80870242366,,4.1114189619,2.47374979154,,-1.54045722332,,,,-0.77411795948,-4.10104150189,3.27196073947,2.43382808529,0.112515206172,,,,,,0.411317273596,1.21756972145,,3.88037340748,,,-0.611470482385,1.76485115564,,,,,-1.47718230203,-0.565234078165,4.7614745933,-0.652971771844,3.11328603162,,,1.67536635187,,,,
LEAN06F,"TSPAN9",ENSG00000011105,11.522474,3.22467946487,2.43987198729,,4.84283890707,4.218276015488653,2.0265844086,2.05311235961,,3.91755282778,1.86490239696,,-0.505453828487,,,,-0.663600167837,-2.9346336833,2.35455632146,2.22165742109,0.318935359523,,,,,,0.0322083644611,1.87842313353,,2.95193724952,,,0.419121407577,1.54557460308,,,,,-0.341537685725,0.132743697232,3.78915850372,0.368330598769,2.78200427555,,,1.01177572738,,,,
LEAN06M,"TSPAN9",ENSG00000011105,17.520439,1.55119716061,2.51005238223,,4.06965006853,4.059287558695959,1.23705530852,0.304999492797,,1.87580188894,1.89305605667,,-2.21027118519,,,,-0.47098518007,-3.3965542026,2.69239638824,1.26084992479,-0.278215337993,,,,,,0.749845357683,-0.570806945846,,2.93222158386,,,-1.8491528099,1.01762603419,,,,,-2.34494800338,-1.30971058755,3.33971092217,-1.85256117091,1.70153521795,,,1.68128206666,,,,
LEAN06,"TSPAN9",ENSG00000011105,25.954755,2.86648797487,3.32749854987,,5.69345452476,5.442668421910981,2.06563515347,1.29929672087,,3.49274236557,2.43519941155,,-2.05968493991,,,,-0.697746968166,-4.09823487205,3.51662007199,2.24913694124,-0.0885595471,,,,,,0.570827768326,0.592251189566,,3.83045798337,,,-1.26467537563,1.58102200287,,,,,-2.05915457753,-0.901186509929,4.59222532222,-1.37385759324,2.74986352282,,,1.91379413881,,,,
OSTE04,"TSPAN9",ENSG00000011105,5.980510,-2.00843771771,-1.92456554406,,-0.024323429175,-0.018132226016529154,-0.290742860848,-3.56803340351,,-0.704747122947,-0.351802458456,,-3.9217986244,,,,0.178377802371,0.708575022049,-0.428672670664,-0.144252245408,0.484556274672,,,,,,5.28174181389,-0.822328289447,,1.80714763771,,,0.29919588969,2.18281584725,,,,,-4.89647475422,-2.71951571876,0.632672057813,-2.1105079737,-0.986725609294,,,-1.29263830999,,,,
URIN07,"TSPAN9",ENSG00000011105,9.764320,-3.73560566959,-4.33289049146,,-3.73903216089,-5.389704919778359,-0.512805607414,-2.97271704506,,-1.96862775927,0.591568053623,,-1.01950179172,,,,1.35737808694,1.99859323717,-1.85751032555,-1.83679524117,0.0252588705077,,,,,,0.588631719764,-1.1212841282,,-2.77178657063,,,0.829619708433,-0.655392934232,,,,,-0.692425316269,-1.74493432263,-4.99912568423,-1.6028002183,-2.33139628533,,,-2.22844160527,,,,
URIN09,"TSPAN9",ENSG00000011105,8.551680,-3.32229965081,-4.52885330021,,-3.87980598006,-5.894692368919559,-0.92590916712,-2.82554399166,,-2.60845452717,1.06070586647,,-1.15919946474,,,,1.608347348,1.93175355741,-1.82914559612,-1.85614254655,-0.0977551554944,,,,,,0.668811408124,-0.720174422521,,-2.3898685393,,,1.18677643446,-0.591795843865,,,,,-0.773592960005,-1.22968852212,-4.69198058439,-1.47987575545,-2.28963827737,,,-1.76662588899,,,,
