code,target,ENSEMBL,association,Adipose_Subcutaneous,Adipose_Visceral_Omentum,Breast_Mammary_Tissue,Muscle_Skeletal,DGN_Whole_Blood,Whole_Blood,Artery_Aorta,Artery_Coronary,Artery_Tibial,Heart_Atrial_Appendage,Heart_Left_Ventricle,Spleen,Brain_Amygdala,Brain_Anterior_cingulate_cortex_BA24,Brain_Caudate_basal_ganglia,Brain_Nucleus_accumbens_basal_ganglia,Brain_Putamen_basal_ganglia,Brain_Cerebellar_Hemisphere,Brain_Cerebellum,Brain_Cortex,Brain_Frontal_Cortex_BA9,Brain_Hippocampus,Brain_Hypothalamus,Brain_Spinal_cord_cervical_c-1,Brain_Substantia_nigra,Nerve_Tibial,Cells_Transformed_fibroblasts,Cells_EBV-transformed_lymphocytes,Colon_Sigmoid,Colon_Transverse,Esophagus_Gastroesophageal_Junction,Esophagus_Mucosa,Esophagus_Muscularis,Liver,Minor_Salivary_Gland,Small_Intestine_Terminal_Ileum,Stomach,Adrenal_Gland,Pituitary,Pancreas,Thyroid,Lung,Ovary,Prostate,Testis,Uterus,Vagina,Skin_Not_Sun_Exposed_Suprapubic,Skin_Sun_Exposed_Lower_leg
BLOO01,"EHD4",ENSG00000103966,8.946038,-2.70423517904,,-2.96645237273,-5.14022870322,-3.955060180239159,-3.59414609254,1.12731790265,,-2.67677910433,8.40735613504e-05,0.433065023836,,-4.87790431287,-4.42332667091,,-4.85695877178,,-0.699233782109,-1.70955008352,-4.48659476241,-3.02059764839,,,,,-2.8941803534,,,-2.09922746997,,,-2.65960019777,-4.07104344287,,,,,,,,-2.8537839021,-0.633184722189,,,,,,-2.06058203279,1.23654047037
BLOO05,"EHD4",ENSG00000103966,34.991911,-6.53748318085,,-4.96021369222,-8.21338541813,-3.2368622079187084,-0.950071446449,-1.17860628374,,-3.17942236345,1.53522557929,-0.133833249341,,-8.88045419319,-7.31508850654,,-7.04198404331,,-2.31647176064,-3.01999465318,-9.09950417029,-5.57006166984,,,,,-5.56623941741,,,-3.22700024213,,,-2.81907391978,-6.44577649482,,,,,,,,-6.64749150008,-5.14966934025,,,,,,-2.34374768408,-1.19993517191
BLOO06,"EHD4",ENSG00000103966,22.030263,-7.89163657049,,-4.81564324563,-8.80346909645,-0.6145372625812742,-1.34302774927,-2.80977207173,,-4.83823215396,-0.178466402051,-2.21576669215,,-8.5114688195,-7.43036804961,,-5.66019150087,,-2.24436147369,-3.82339553595,-8.14605358376,-5.51942627575,,,,,-8.0916955598,,,-4.12496791619,,,-0.486830125484,-8.31609804548,,,,,,,,-8.33798316968,-6.20459169306,,,,,,-1.73639668076,-4.25321596358
BLOO07,"EHD4",ENSG00000103966,4.868349,-3.67078467297,,-2.21622524455,-5.56702888515,-1.8623266818720667,-2.35786481921,-2.71452761841,,-1.58603452536,-1.17920046807,-2.14882991011,,-4.60524869106,-3.59548471928,,-3.77228695275,,-1.87045789103,-2.75322991846,-1.88234035398,-2.84215960729,,,,,-3.83669941109,,,-1.92308093681,,,-1.92194534127,-4.43047641937,,,,,,,,-3.84517735358,-1.54826975217,,,,,,-2.74985444641,-1.82467519673
BLOO09,"EHD4",ENSG00000103966,24.049630,-8.04261395723,,-4.81390753408,-9.03517142811,-0.8814057158146162,-1.63960031017,-3.02955076622,,-4.88050458593,-0.266531783366,-2.32661811244,,-8.72987894824,-7.56003808469,,-5.82350858289,,-2.30212910149,-3.92230661734,-8.13171427638,-5.67646949772,,,,,-8.20667282779,,,-4.16019607291,,,-0.705422841135,-8.48339440342,,,,,,,,-8.53321451628,-6.31172646528,,,,,,-1.73093142443,-4.22410169722
BLOO10,"EHD4",ENSG00000103966,25.245942,-8.24630690566,,-5.10827466466,-9.56012035574,-1.2162379010637723,-1.71274640177,-2.92418364141,,-4.97681272123,-0.0434438488117,-2.18340100142,,-9.30142842559,-7.9667804507,,-6.35047495234,,-2.45100278075,-4.08646555697,-8.63413678366,-5.98662291242,,,,,-8.36806137549,,,-4.11791907698,,,-1.20840805586,-8.69642169519,,,,,,,,-8.78735114916,-6.49361451691,,,,,,-1.97995573044,-4.20620959954
BLOO12,"EHD4",ENSG00000103966,24.050835,-7.13498997053,,-4.78345862009,-8.74583273331,-1.0463405850901382,-1.7865241816,-2.04872578569,,-4.5810160033,0.705132854245,-1.12861777231,,-8.27925145794,-7.29873089461,,-5.67010606791,,-2.84409153445,-4.18794808774,-7.75996252045,-5.33731639995,,,,,-7.6405616312,,,-4.03032390419,,,-0.767464119091,-8.02901050058,,,,,,,,-7.83668568256,-4.7089910241,,,,,,-1.90070271166,-3.11758530397
BLOO13,"EHD4",ENSG00000103966,23.511590,-7.97535026387,,-4.80864023005,-8.76605924334,-0.6497301750407899,-1.32447313705,-2.85783382799,,-4.88856685877,-0.332942099001,-2.32414456734,,-8.5101221415,-7.32658545898,,-5.61003308911,,-2.22511413964,-3.83478372308,-8.0994204154,-5.5442685985,,,,,-8.06229850568,,,-4.19023325195,,,-0.568290675522,-8.35624780946,,,,,,,,-8.37385440193,-6.29281095376,,,,,,-1.71356067896,-4.32156966432
BLOO16,"EHD4",ENSG00000103966,5.558462,-3.60832258205,,-2.34407632243,-5.55450443808,-2.0824987030747297,-2.55828265666,-2.57928763526,,-1.90675633814,-1.16479993666,-2.30873626532,,-4.83615491993,-3.51960508194,,-3.95483125067,,-1.70221989071,-2.68732979319,-2.20301761065,-2.66608818711,,,,,-3.68319345058,,,-1.79779856771,,,-2.1500321173,-4.667300899,,,,,,,,-3.99310976795,-2.09855619332,,,,,,-2.58452090692,-1.98227397194
BLOO21,"EHD4",ENSG00000103966,7.991315,4.86832606176,,2.81420615789,6.20608067026,0.8548333709355765,1.24601552791,3.63835327843,,2.47830253534,1.26839844151,1.75403528224,,5.44027177333,3.8066297076,,3.59615547841,,1.65783770353,2.47829792712,5.53114536229,3.71054351501,,,,,4.49918655704,,,3.32713630021,,,1.36936781056,4.40270548752,,,,,,,,5.30721481003,3.38775768673,,,,,,2.23363361977,2.44216445266
BLOO22,"EHD4",ENSG00000103966,6.628766,4.36056881938,,2.45243846676,5.82834354544,0.8293920171769467,1.11577935203,3.21429062158,,2.10154940211,1.13229956732,1.50342466409,,4.94978608628,3.38145906543,,3.30552079821,,1.28009767287,1.99731159605,5.14310983562,3.16926590778,,,,,3.99537419171,,,2.74088350321,,,1.34343489492,3.85077001669,,,,,,,,4.78044097713,2.88340633827,,,,,,2.01062614386,2.17145276643
BLOO23,"EHD4",ENSG00000103966,6.209560,4.36328029872,,2.55054736776,5.8845707392,1.6251012469501276,1.36739435738,3.7301635684,,1.21210481562,1.84250777296,2.12507593115,,5.01245385244,3.49227695432,,3.63751003478,,0.356169019884,1.35524408776,4.12369193576,3.60760390501,,,,,3.19782240243,,,2.51577015663,,,2.01622019084,4.02826768269,,,,,,,,4.07138965153,3.23283764025,,,,,,1.94036865115,3.03124739913
BLOO24,"EHD4",ENSG00000103966,14.413717,6.87350233086,,3.46793503721,6.58111938584,0.7328179166785131,0.716588303251,3.43858089449,,3.63739054536,1.48035499894,3.27328662443,,7.0665671061,5.75565486643,,4.79559945965,,0.577089510515,2.08905567133,6.90457619775,4.35759288327,,,,,6.38240889493,,,2.77977159178,,,0.906586519916,6.10024847637,,,,,,,,6.93386722071,7.11060531102,,,,,,1.17497933947,4.24461859993
BLOO28,"EHD4",ENSG00000103966,7.811747,-1.42891711646,,-1.60583075566,-2.08026282264,-2.504510190297244,0.235791957587,0.542956807535,,0.0846396210069,1.28170580538,0.819133165552,,-3.07601329721,-2.33327949875,,-3.27904184472,,-0.132204548916,0.116955601074,-4.10206603773,-1.65299575812,,,,,-0.038699120605,,,-0.0968927204059,,,-2.55608054908,-0.474637784713,,,,,,,,-0.999535888039,-1.64751748922,,,,,,-1.12205936017,1.47031685928
BLOO30,"EHD4",ENSG00000103966,25.030887,-7.94825215393,,-4.86315695093,-9.1193940002,-0.9194005611859465,-1.63463100431,-3.01305274707,,-4.8038630492,-0.123363743883,-2.23407061154,,-8.73720568212,-7.63188594151,,-5.88631985101,,-2.2790611974,-3.88202361904,-8.13471857702,-5.6134820696,,,,,-8.22748302834,,,-4.03480711188,,,-0.662543387954,-8.44719924802,,,,,,,,-8.51862991902,-6.25533500351,,,,,,-1.76369527469,-4.17414172657
BLOO32,"EHD4",ENSG00000103966,9.105042,-5.63235684589,,-2.62826820453,-4.96601690212,0.5291884794460617,-0.18081243788,-2.63971695113,,-3.23052159783,-1.402096802,-2.7840384769,,-5.25042442875,-4.3896748162,,-3.01708737862,,-0.463830104184,-1.72440366399,-5.19259160637,-3.47839577421,,,,,-5.60791036388,,,-2.3375389356,,,0.0952147474199,-4.98472968375,,,,,,,,-5.73998475863,-5.70293004205,,,,,,-0.64050426816,-4.12067096657
BLOO33,"EHD4",ENSG00000103966,6.914638,-3.5289710595,,-3.079594503,-5.11221891234,-1.8940170634501134,-3.23666544685,1.06707173417,,-3.65197225492,-0.39706985936,0.294980245264,,-4.49845320885,-4.5914739363,,-3.26282343094,,-1.92442843901,-3.08444342627,-4.80959103615,-3.47868691751,,,,,-4.1249595764,,,-3.63652851435,,,-0.61064581599,-4.67970500465,,,,,,,,-4.22338557515,0.188508063648,,,,,,-1.81521175453,1.56465857954
BLOO36,"EHD4",ENSG00000103966,5.186586,4.09514055006,,2.28969326353,5.09927625344,0.3172808855866459,0.822028632779,2.65915007655,,2.47527699421,0.312681559248,1.16792089709,,4.47854672995,3.17491770053,,2.82206691955,,2.06830793754,2.42653065614,5.16035046046,2.91827130501,,,,,4.21607464138,,,2.83099469628,,,0.734576493923,3.51849908355,,,,,,,,4.68789108835,2.82586927976,,,,,,1.87588161229,1.76992080483
