code,target,ENSEMBL,association,Adipose_Subcutaneous,Adipose_Visceral_Omentum,Breast_Mammary_Tissue,Muscle_Skeletal,DGN_Whole_Blood,Whole_Blood,Artery_Aorta,Artery_Coronary,Artery_Tibial,Heart_Atrial_Appendage,Heart_Left_Ventricle,Spleen,Brain_Amygdala,Brain_Anterior_cingulate_cortex_BA24,Brain_Caudate_basal_ganglia,Brain_Nucleus_accumbens_basal_ganglia,Brain_Putamen_basal_ganglia,Brain_Cerebellar_Hemisphere,Brain_Cerebellum,Brain_Cortex,Brain_Frontal_Cortex_BA9,Brain_Hippocampus,Brain_Hypothalamus,Brain_Spinal_cord_cervical_c-1,Brain_Substantia_nigra,Nerve_Tibial,Cells_Transformed_fibroblasts,Cells_EBV-transformed_lymphocytes,Colon_Sigmoid,Colon_Transverse,Esophagus_Gastroesophageal_Junction,Esophagus_Mucosa,Esophagus_Muscularis,Liver,Minor_Salivary_Gland,Small_Intestine_Terminal_Ileum,Stomach,Adrenal_Gland,Pituitary,Pancreas,Thyroid,Lung,Ovary,Prostate,Testis,Uterus,Vagina,Skin_Not_Sun_Exposed_Suprapubic,Skin_Sun_Exposed_Lower_leg
APOL01,"TTC39B",ENSG00000155158,5.837555,-3.76706850392,,,-4.19263916636,-4.188647865190847,-5.10423526951,-1.30052378848,,,,,-2.79662480296,,,,,,,,,,,,0.0423157419814,,,,-1.55731616746,,-3.6811978451,,-5.6734001295,,-2.29047419371,,,,,,,,-5.27798182415,,,1.13226425757,,,-4.59231112381,-5.46793649104
CHOL01,"TTC39B",ENSG00000155158,5.163986,-4.38366621161,,,-3.52056037749,-2.7446615254901876,-3.93455735835,-0.431258350159,,,,,-0.819470801187,,,,,,,,,,,,-0.352148329275,,,,-1.66426189967,,-5.07230757998,,-5.59251665125,,-2.41779932741,,,,,,,,-5.04761905561,,,-0.133937640832,,,-3.80689992692,-5.26170975116
CHOL07,"TTC39B",ENSG00000155158,6.131179,-4.12736174435,,,-3.13379481797,-2.2658694080120263,-3.28148238008,-1.60746735167,,,,,-0.477359144261,,,,,,,,,,,,0.849681275588,,,,-1.93442436968,,-5.04164671704,,-5.43855123007,,-3.00876490469,,,,,,,,-5.05251109033,,,-0.435027356243,,,-3.8986947608,-5.02231825161
CHOL08,"TTC39B",ENSG00000155158,5.098651,-4.3683776102,,,-3.41992685703,-2.2810206968541262,-3.51683301565,-0.584112518575,,,,,-0.21203277955,,,,,,,,,,,,-0.785552811355,,,,-1.46360288284,,-4.98510605557,,-5.27528469472,,-2.37779676449,,,,,,,,-4.89344900588,,,0.807123349221,,,-3.7607434412,-5.06424875723
CHOL09,"TTC39B",ENSG00000155158,4.536077,-3.69881156924,,,-2.57794933941,-1.9248220234213027,-3.01358315974,-1.25426776799,,,,,-0.448482713341,,,,,,,,,,,,0.286078298586,,,,-1.53762758942,,-4.64998899867,,-4.87822897196,,-2.05707144842,,,,,,,,-4.4972905683,,,0.308125932218,,,-3.14975428449,-4.50602653173
CHOL18,"TTC39B",ENSG00000155158,7.789334,-4.82495648282,,,-2.81571811111,-1.260186782955921,-2.60865879796,-1.50809355075,,,,,0.67856043518,,,,,,,,,,,,0.258905395465,,,,-1.2371267844,,-5.69619391717,,-5.59127545859,,-3.42978733954,,,,,,,,-5.3651487732,,,0.31926296139,,,-4.16354227556,-4.97944615592
CHOL21,"TTC39B",ENSG00000155158,7.447612,-4.66008489597,,,-2.92717358983,-2.066408533305423,-3.43240555753,-1.8939324154,,,,,-0.272095320383,,,,,,,,,,,,0.681874989428,,,,-1.51196777297,,-4.94244078159,,-5.03931658321,,-4.48190074941,,,,,,,,-4.82705645367,,,-0.404735731866,,,-4.86050196039,-5.04560404876
CHOL22,"TTC39B",ENSG00000155158,13.657459,-6.83992545999,,,-3.459771874,-2.312409310353176,-4.33058510654,0.152506979074,,,,,0.611393188949,,,,,,,,,,,,-0.922636441277,,,,-2.14806678073,,-5.41398568523,,-7.60924518585,,-6.18491333052,,,,,,,,-7.33903340584,,,-0.358494640174,,,-6.61110961295,-7.87600817044
CHOL23,"TTC39B",ENSG00000155158,5.431798,-4.42811747245,,,-3.57691593547,-2.621814826538375,-3.75379300806,-1.0700386226,,,,,-0.809956381046,,,,,,,,,,,,-0.982730956517,,,,-0.872339737921,,-4.28689646376,,-5.29667172541,,-2.4117868121,,,,,,,,-4.97677778,,,1.08871594754,,,-4.22781387242,-5.0107105705
CHOL34,"TTC39B",ENSG00000155158,7.642790,-4.67789923939,,,-3.16767526438,-1.8751942320633692,-3.13161393129,-1.7521971915,,,,,0.11175378687,,,,,,,,,,,,0.699886050834,,,,-1.93050543081,,-5.34278139926,,-5.66614611924,,-3.42336704821,,,,,,,,-5.34789751611,,,0.474332315917,,,-4.1993133242,-5.13084931238
LIPI03,"TTC39B",ENSG00000155158,3.711863,-3.81487776768,,,-3.03861769523,-2.404314085147822,-3.41871691332,-0.861401331359,,,,,-0.747036303136,,,,,,,,,,,,-0.331522028667,,,,-1.18663787556,,-4.31834374986,,-4.80957128524,,-1.84251090755,,,,,,,,-4.42980515109,,,0.404608996268,,,-3.42370118411,-4.50076286952
LIPI11,"TTC39B",ENSG00000155158,7.633783,-4.46395141704,,,-3.4288521682,-2.311985716873099,-3.49961959299,-1.57392840484,,,,,-0.30268387525,,,,,,,,,,,,0.754093427345,,,,-1.97086627719,,-5.53213197148,,-5.83961897984,,-3.21827955211,,,,,,,,-5.50563764319,,,-0.0752708224825,,,-4.15367948702,-5.46311224908
LIPO12,"TTC39B",ENSG00000155158,5.557066,-3.81069095715,,,-3.22559654559,-2.071007327705364,-3.03073936086,-0.927782135242,,,,,0.0823915146735,,,,,,,,,,,,0.649796495384,,,,-1.29212674133,,-4.96789854784,,-5.18130742885,,-2.57824962338,,,,,,,,-4.69895138707,,,0.0774290428403,,,-3.33021406769,-4.93409840234
LIPO15,"TTC39B",ENSG00000155158,6.150243,4.15673234146,,,3.58866138283,2.71260898413572,3.73601518811,0.0344532105432,,,,,0.658371558664,,,,,,,,,,,,0.128892413514,,,,2.07252550296,,3.86637946188,,5.2452461318,,3.27529018442,,,,,,,,4.958271145,,,0.536220851331,,,4.77154420441,5.16146514032
PHLI01,"TTC39B",ENSG00000155158,8.787999,-4.5807360698,,,-3.27816059479,-2.054069796428933,-3.34084909849,-1.368626129,,,,,-0.0361338680004,,,,,,,,,,,,0.545848775592,,,,-1.78456457093,,-5.74420272653,,-5.78714025338,,-3.1656779213,,,,,,,,-5.56634391534,,,-0.0808592821454,,,-4.13170084214,-5.4483647426
