code,target,ENSEMBL,association,Adipose_Subcutaneous,Adipose_Visceral_Omentum,Breast_Mammary_Tissue,Muscle_Skeletal,DGN_Whole_Blood,Whole_Blood,Artery_Aorta,Artery_Coronary,Artery_Tibial,Heart_Atrial_Appendage,Heart_Left_Ventricle,Spleen,Brain_Amygdala,Brain_Anterior_cingulate_cortex_BA24,Brain_Caudate_basal_ganglia,Brain_Nucleus_accumbens_basal_ganglia,Brain_Putamen_basal_ganglia,Brain_Cerebellar_Hemisphere,Brain_Cerebellum,Brain_Cortex,Brain_Frontal_Cortex_BA9,Brain_Hippocampus,Brain_Hypothalamus,Brain_Spinal_cord_cervical_c-1,Brain_Substantia_nigra,Nerve_Tibial,Cells_Transformed_fibroblasts,Cells_EBV-transformed_lymphocytes,Colon_Sigmoid,Colon_Transverse,Esophagus_Gastroesophageal_Junction,Esophagus_Mucosa,Esophagus_Muscularis,Liver,Minor_Salivary_Gland,Small_Intestine_Terminal_Ileum,Stomach,Adrenal_Gland,Pituitary,Pancreas,Thyroid,Lung,Ovary,Prostate,Testis,Uterus,Vagina,Skin_Not_Sun_Exposed_Suprapubic,Skin_Sun_Exposed_Lower_leg
FATM04B,"BAIAP3",ENSG00000007516,2.812931,-2.11071322674,-2.30385731353,,,-1.95206951424456,-0.720177115765,,,-0.622553267403,,,,0.89383675516,,-3.04334080142,,-2.48633943735,,-1.86424370798,-1.06029761157,-1.60405608635,-1.96332984237,,,,-2.19629498406,,,,,,-0.379227000703,,5.75394454929,,,,,-0.892811629315,-1.94776289148,,,0.108230665365,,1.87129343615,,,-3.78985458438,-0.701386193003
FATM04F,"BAIAP3",ENSG00000007516,0.746541,-1.38860786965,-0.941479664991,,,-1.450822921277268,-0.968681426408,,,0.345710165657,,,,0.768567130109,,-1.01995549725,,-1.51199309397,,-1.13492411089,-0.120258855524,-0.608584096497,-0.726487565121,,,,-0.676280663038,,,,,,0.384840106896,,5.22664282464,,,,,0.46890319264,-1.53825801769,,,-0.164228660863,,0.748904061361,,,-2.39563939475,-0.0547658932269
FATM04,"BAIAP3",ENSG00000007516,2.463025,-2.02780865452,-2.0483705816,,,-1.9078291408589354,-0.805046767639,,,-0.439235448396,,,,0.919424991487,,-2.72425096433,,-2.33918277413,,-1.84914206472,-0.878943116764,-1.45888206224,-1.7330390607,,,,-1.94780130441,,,,,,-0.253859362111,,5.97025919426,,,,,-0.677049306618,-1.91370555595,,,0.0653646230019,,1.67119089637,,,-3.70289955785,-0.616174071363
HEIG03,"BAIAP3",ENSG00000007516,0.163898,0.448453176742,0.490145427579,,,0.5363489387564538,1.40286307723,,,2.34365081498,,,,1.1688883022,,0.580096905292,,0.466527230207,,1.06218437767,1.02722033093,0.694021161464,0.641737686715,,,,-0.755574576843,,,,,,2.33637521604,,6.35691355616,,,,,0.693996044623,0.506529048754,,,0.980592393139,,-0.267946214048,,,-0.441294313982,1.15145842959
LEAN04B,"BAIAP3",ENSG00000007516,4.052753,-4.0143136174,-3.22777376322,,,-0.8694302062631006,0.590358042092,,,0.314934673463,,,,-1.60600463056,,-3.80327545372,,-4.35498276849,,0.788729832126,-2.7584496388,-3.59392664019,-3.17092771346,,,,-3.71449448855,,,,,,1.13935838737,,5.09565829735,,,,,-2.75831494013,-2.02875983682,,,-0.55027782021,,4.20376029665,,,-2.83971865134,0.723677610564
LEAN04,"BAIAP3",ENSG00000007516,4.072737,-3.81996996709,-3.2105882109,,,-1.0423463138811617,0.408290010103,,,0.00949132412836,,,,-1.2764198386,,-4.00172148467,,-4.09058153611,,0.697868058587,-2.51282920139,-3.0920180548,-2.9447551355,,,,-3.83900215481,,,,,,0.61013686971,,5.33783856673,,,,,-2.9494333429,-2.20739539115,,,-0.438260965323,,3.85326559419,,,-2.90187822499,0.405273033503
LEAN05B,"BAIAP3",ENSG00000007516,4.383356,-4.05667378097,-3.22385154873,,,-0.9273755340441753,0.605187971923,,,0.224145042262,,,,-1.74582693013,,-3.85825662053,,-4.31998253392,,0.79412909327,-2.7596361894,-3.64242113903,-3.16654579234,,,,-3.70228205765,,,,,,1.01357288238,,5.14471243712,,,,,-2.86855841997,-2.25492769349,,,-0.507401954498,,4.13082733906,,,-2.93627188972,0.65132266813
LEAN05,"BAIAP3",ENSG00000007516,4.250024,-3.8248281843,-3.16891408642,,,-1.0801364724865232,0.408549541545,,,-0.032728686964,,,,-1.34008264423,,-4.02103220662,,-4.0583597286,,0.715066518371,-2.4965012207,-3.10939864703,-2.91925075325,,,,-3.80386524727,,,,,,0.525874034862,,5.38304467353,,,,,-3.01779474666,-2.30916541526,,,-0.414469334,,3.79844246577,,,-2.94758214116,0.376650887209
LEAN06B,"BAIAP3",ENSG00000007516,5.055646,-3.573272457,-3.25769252535,,,0.16550452754515818,1.68296804695,,,0.24690774615,,,,-0.708071064916,,-3.54201145645,,-4.10464016053,,1.34476225886,-1.6277438524,-2.09719404274,-2.63314052049,,,,-3.61815829783,,,,,,0.943706214189,,8.42750703445,,,,,-2.05533830615,-2.9776995537,,,1.20016977611,,3.30267440132,,,-4.25730218293,0.580393296383
LEAN06F,"BAIAP3",ENSG00000007516,2.849151,-2.94958565692,-2.19933227075,,,0.10328212906025475,1.33324807055,,,0.800081388313,,,,-0.461125318476,,-2.48371037101,,-3.2601541515,,1.21885754607,-1.23651126163,-1.67381325786,-2.25769404609,,,,-2.53447539708,,,,,,1.31621894183,,6.29222662444,,,,,-0.912532173865,-2.74291745212,,,0.642307850982,,2.65866653855,,,-3.0981475526,0.904969762089
LEAN06M,"BAIAP3",ENSG00000007516,2.953076,-2.34447671892,-2.90136711499,,,0.15988235271234374,1.18815020137,,,-0.774132508444,,,,-0.655556312919,,-3.01361969292,,-2.89315113795,,0.710849631814,-1.23664622847,-1.46564956742,-1.59428673405,,,,-3.08147626349,,,,,,-0.222348555301,,6.56753173108,,,,,-2.57823913562,-1.50803139738,,,1.33336996137,,2.27110989164,,,-3.44257841819,-0.285209749654
LEAN06,"BAIAP3",ENSG00000007516,5.495584,-3.61106270079,-3.62416444625,,,0.1309961642477349,1.66397957886,,,-0.392864648161,,,,-0.865152521205,,-3.85605852427,,-4.12589687107,,1.07164687804,-1.75752240892,-2.26176923043,-2.65562857919,,,,-3.96458280217,,,,,,0.360018814331,,8.41924013497,,,,,-2.75419361174,-2.73690789137,,,1.27023753299,,3.36082908179,,,-4.59487761833,0.0873790756035
WAIS03,"BAIAP3",ENSG00000007516,0.159724,-0.881383989401,-2.49826074719,,,-0.5796977536634129,0.212246545961,,,-0.601864389971,,,,-0.126901352918,,-0.248501615398,,-0.712023319225,,-0.617368652591,0.446504103626,-1.01231899134,-0.770260540691,,,,-1.37731764133,,,,,,-0.310834846591,,5.13480307323,,,,,1.05077912928,-1.35390249389,,,-0.492820801414,,0.725160088862,,,-2.306456002,-1.00303156828
WAIS04,"BAIAP3",ENSG00000007516,0.109177,-0.845078010488,-2.41916390165,,,-0.5532766253622254,0.207115494754,,,-0.587314308651,,,,-0.140881845953,,-0.243828955652,,-0.740286146386,,-0.602443749401,0.435709871214,-0.98784615512,-0.751639488014,,,,-1.33615936913,,,,,,-0.303320388878,,5.38805647108,,,,,1.02537652098,-1.33885737895,,,-0.453602775261,,0.707629342215,,,-2.25005091425,-0.978783261714
