code,target,ENSEMBL,association,Adipose_Subcutaneous,Adipose_Visceral_Omentum,Breast_Mammary_Tissue,Muscle_Skeletal,DGN_Whole_Blood,Whole_Blood,Artery_Aorta,Artery_Coronary,Artery_Tibial,Heart_Atrial_Appendage,Heart_Left_Ventricle,Spleen,Brain_Amygdala,Brain_Anterior_cingulate_cortex_BA24,Brain_Caudate_basal_ganglia,Brain_Nucleus_accumbens_basal_ganglia,Brain_Putamen_basal_ganglia,Brain_Cerebellar_Hemisphere,Brain_Cerebellum,Brain_Cortex,Brain_Frontal_Cortex_BA9,Brain_Hippocampus,Brain_Hypothalamus,Brain_Spinal_cord_cervical_c-1,Brain_Substantia_nigra,Nerve_Tibial,Cells_Transformed_fibroblasts,Cells_EBV-transformed_lymphocytes,Colon_Sigmoid,Colon_Transverse,Esophagus_Gastroesophageal_Junction,Esophagus_Mucosa,Esophagus_Muscularis,Liver,Minor_Salivary_Gland,Small_Intestine_Terminal_Ileum,Stomach,Adrenal_Gland,Pituitary,Pancreas,Thyroid,Lung,Ovary,Prostate,Testis,Uterus,Vagina,Skin_Not_Sun_Exposed_Suprapubic,Skin_Sun_Exposed_Lower_leg
BLOO11,"DDHD2",ENSG00000085788,8.405928,,4.61929083186,2.83355222675,4.68115979727,4.614245375520041,,4.11788171568,,4.59281605223,4.4699982838,4.607105436,4.14010060094,,,1.68894029243,,4.27620658886,,3.88428752332,,,,,,,4.6973292777,1.69573633889,,4.93299849012,4.70292424769,3.5431190535,4.49404882842,4.52934548762,4.82960937728,,5.29957714803,4.32372484304,3.55791541257,4.59218098188,3.93190024939,4.44217631435,4.26465097185,,4.38294837682,,,,4.63264792411,
BLOO23,"DDHD2",ENSG00000085788,6.178814,,3.93687156167,2.67464485339,3.83633320389,3.7090586533473133,,3.86707184042,,3.26821287661,3.56972489721,3.385620722,3.72447090862,,,2.10597735813,,3.68214913587,,2.89597143217,,,,,,,3.49498926291,-1.15752292836,,3.25151845317,3.78389315399,3.02884974083,3.56017472046,3.63850326494,3.50592319738,,4.05894488338,3.67640372329,3.9238715806,3.65664228579,4.21737461669,3.76794080177,4.15459540975,,2.97708074455,,,,3.47674702275,
BLOO35,"DDHD2",ENSG00000085788,6.786217,,-4.40403581679,-3.95837065342,-4.57084508174,-4.4741176273090595,,-3.98354508118,,-4.36210455877,-4.18289785308,-4.16346010136,-4.19924901025,,,-2.16577313608,,-4.64216016681,,-3.41570134761,,,,,,,-4.07536428978,-1.6277655451,,-4.60311838336,-4.46934128661,-3.90310377129,-4.3369396326,-4.46030435115,-4.54596896962,,-4.15051569767,-4.30469164917,-3.99013517299,-4.3869461138,-4.28660595457,-4.33840742357,-3.14419703914,,-4.41293564532,,,,-4.39131580218,
LEAN06B,"DDHD2",ENSG00000085788,8.916211,,-4.68874670966,-5.22227314861,-4.80030198146,-4.694269628260939,,-4.5833259363,,-4.75683298401,-4.5985298393,-4.57400458509,-4.17240930187,,,-3.83961257561,,-4.29302374996,,-2.38369286305,,,,,,,-4.59418590733,-2.11023746136,,-4.92555440391,-4.7684863805,-4.37094341693,-4.9956891439,-5.07922072858,-4.96449949552,,-5.03154138852,-4.70147138118,-5.07711163288,-4.58611625906,-4.80599525347,-4.51905175852,-4.71678426579,,-3.6384761282,,,,-4.77310725931,
LEAN06M,"DDHD2",ENSG00000085788,8.130405,,-4.59063369874,-4.16255079636,-4.7380034659,-4.637359669598746,,-4.4194700737,,-4.61859760393,-4.44991962044,-4.40500273726,-4.34406981882,,,-3.41978830853,,-3.87717608043,,-3.12390740246,,,,,,,-3.97700802153,-1.13704466776,,-4.65679777452,-4.654833508,-4.19648739304,-4.97665438225,-4.92631989852,-4.64470003492,,-4.72327569659,-4.62723418387,-4.63642509944,-4.57339356479,-4.72252654133,-4.40629709997,-4.74226038172,,-3.62914151684,,,,-5.02866236582,
LEAN06,"DDHD2",ENSG00000085788,9.269000,,-5.1485648865,-5.28283159989,-5.29717693507,-5.186647015478045,,-4.98418755698,,-5.20849860174,-4.98927826034,-5.02381734178,-4.70455976954,,,-4.01632957324,,-4.53592915142,,-2.96943881252,,,,,,,-4.84926006225,-1.95682674789,,-5.32109407368,-5.23963064227,-4.77906754422,-5.5546331968,-5.58713695632,-5.34320816937,,-5.4383393923,-5.17985246872,-5.44290372315,-5.07301215282,-5.32367038821,-4.96852024442,-5.2279330226,,-4.0640585082,,,,-5.42133973983,
SCHI01,"DDHD2",ENSG00000085788,7.207006,,-4.7809363385,-3.39160911778,-4.58764676138,-4.4284858003373735,,-4.75429373012,,-4.41140268149,-4.29972608041,-4.43644357412,-4.28403905064,,,-1.45939318367,,-4.36814244609,,-3.10491754861,,,,,,,-3.90323381864,0.276874756721,,-4.34780617212,-4.5977022739,-3.46450868801,-4.564581555,-4.65623581549,-4.23828586287,,-3.83671373456,-4.53890106974,-5.04255407002,-3.9827254436,-4.31373019362,-4.77592633326,-4.85267100176,,-3.96366859151,,,,-4.55030279449,
SCHI02M,"DDHD2",ENSG00000085788,6.449136,,-4.26483252045,-3.48356448005,-4.31517486678,-4.213935752776817,,-4.49115056315,,-4.03453095758,-3.8259434927,-4.12746303018,-4.17063906657,,,-1.06452273812,,-4.18086987773,,-2.83902845784,,,,,,,-3.80836372404,-0.561347582675,,-4.02868595629,-4.26778508148,-3.43542756381,-4.20793843076,-4.30631446779,-3.79229683706,,-3.1654835889,-4.30555423106,-4.43608249086,-3.65517914581,-4.23807907907,-4.45394823879,-4.78375944923,,-3.55742311276,,,,-4.25403297473,
SCHI02,"DDHD2",ENSG00000085788,7.000117,,-4.57023946662,-3.37404385439,-4.38857770284,-4.2289167373201195,,-4.42396430938,,-4.17362655404,-4.19964002261,-4.19103105934,-4.07397739903,,,-1.25583109089,,-4.17785908034,,-3.2038673978,,,,,,,-3.61091743223,0.102927899042,,-4.21820526129,-4.37739217797,-3.27526467796,-4.37075922865,-4.49522473927,-4.04724974391,,-3.70293964601,-4.24756134874,-4.84158885845,-3.76947034718,-4.07444187117,-4.53316782609,-4.4962575744,,-3.79358364333,,,,-4.27140266461,
