code,target,ENSEMBL,association,Adipose_Subcutaneous,Adipose_Visceral_Omentum,Breast_Mammary_Tissue,Muscle_Skeletal,DGN_Whole_Blood,Whole_Blood,Artery_Aorta,Artery_Coronary,Artery_Tibial,Heart_Atrial_Appendage,Heart_Left_Ventricle,Spleen,Brain_Amygdala,Brain_Anterior_cingulate_cortex_BA24,Brain_Caudate_basal_ganglia,Brain_Nucleus_accumbens_basal_ganglia,Brain_Putamen_basal_ganglia,Brain_Cerebellar_Hemisphere,Brain_Cerebellum,Brain_Cortex,Brain_Frontal_Cortex_BA9,Brain_Hippocampus,Brain_Hypothalamus,Brain_Spinal_cord_cervical_c-1,Brain_Substantia_nigra,Nerve_Tibial,Cells_Transformed_fibroblasts,Cells_EBV-transformed_lymphocytes,Colon_Sigmoid,Colon_Transverse,Esophagus_Gastroesophageal_Junction,Esophagus_Mucosa,Esophagus_Muscularis,Liver,Minor_Salivary_Gland,Small_Intestine_Terminal_Ileum,Stomach,Adrenal_Gland,Pituitary,Pancreas,Thyroid,Lung,Ovary,Prostate,Testis,Uterus,Vagina,Skin_Not_Sun_Exposed_Suprapubic,Skin_Sun_Exposed_Lower_leg
BFPC02,"HINFP",ENSG00000172273,6.117817,4.44571948897,2.54808077432,1.2125939756,,2.4186291415163077,,3.48655346096,4.19542003381,4.25255602094,,,,,,,,,,,,,,,,,4.66797965472,,,,4.21493364416,,3.74753660252,4.66457182087,1.22485142162,,,2.33628032758,,,3.51016738744,3.59349567492,4.2402571789,,,-1.18125234109,,,4.80953079569,4.53807114019
BFPC03,"HINFP",ENSG00000172273,5.734640,4.46388988839,2.53340905103,1.18314437237,,2.471533377457033,,3.47164650889,4.20112787364,4.25334455577,,,,,,,,,,,,,,,,,4.69380662042,,,,4.23385382689,,3.74832971961,4.6496676752,1.44244127628,,,2.28859901872,,,3.55495320412,3.6175709627,4.22986657069,,,-1.19896776961,,,4.85258107549,4.55631170765
BFPC04B,"HINFP",ENSG00000172273,7.619662,5.18435620339,3.9276047881,2.05270815452,,3.708676658952447,,4.29100356312,4.62713967766,4.7521153009,,,,,,,,,,,,,,,,,5.319430794,,,,4.41580069454,,3.96396247076,4.64610456685,2.15383238785,,,3.17176726248,,,4.1761349084,4.87910413964,4.63885796523,,,-0.9825618114,,,5.3098610822,5.02199921484
BFPC04,"HINFP",ENSG00000172273,8.550321,5.11209746718,3.61790848479,1.79621509603,,3.54265017126399,,4.07211688899,4.57296566084,4.64456528982,,,,,,,,,,,,,,,,,5.27437848319,,,,4.24678035321,,3.92663047865,4.56656582628,2.17859845539,,,2.79612491005,,,4.16009425315,4.75931151335,4.53393708358,,,-1.11293286515,,,5.29595499099,4.98609634826
BLOO01,"HINFP",ENSG00000172273,18.576672,-5.56346079381,0.802548984568,-4.99124482093,,0.6224321396162175,,-3.77600796461,-4.00133031895,-5.54088740879,,,,,,,,,,,,,,,,,-8.52097881119,,,,-3.32569763045,,-4.36528004551,-6.55129254541,-0.415401831378,,,0.282286597705,,,-3.16527474918,-1.75508111172,-5.37554784996,,,8.61996890823,,,-7.10781657957,-6.67173412001
BLOO04,"HINFP",ENSG00000172273,13.584342,-5.86924114308,-2.49736228205,-3.72213888667,,-2.5848408080816587,,-4.25935350926,-5.17309565698,-5.99115052706,,,,,,,,,,,,,,,,,-6.61974534658,,,,-5.44129140601,,-5.35620114158,-6.85501567477,-3.08513702786,,,-2.17389061909,,,-4.31010391018,-3.80507837485,-5.69799178769,,,4.47827128068,,,-6.41868041404,-6.55252113522
BLOO11,"HINFP",ENSG00000172273,7.312123,5.00468910185,3.41834325387,5.04875680552,,2.6070915802771197,,3.07593180855,4.46297537048,4.69259539583,,,,,,,,,,,,,,,,,5.05441572173,,,,5.16499453351,,4.39275496761,5.46543268324,2.73528619063,,,3.84325728626,,,4.49867521719,3.38579942093,4.73519744796,,,-2.78380967217,,,4.88008915968,5.0700760201
BLOO21,"HINFP",ENSG00000172273,6.458845,-3.19737259201,-0.743995374021,-2.19601825267,,-0.6191143305138781,,-2.3469703711,-2.54369671866,-3.2547829014,,,,,,,,,,,,,,,,,-3.96502367688,,,,-3.32697363919,,-2.57788455495,-4.2901986173,-1.46503995984,,,-1.14924832759,,,-1.89232147597,-1.37234698781,-2.97732366071,,,3.74592870539,,,-3.60977656517,-3.71001349475
BLOO22,"HINFP",ENSG00000172273,6.850904,-3.58551753102,-1.05061750455,-2.25192600977,,-0.8999481883999156,,-2.66263511973,-2.91506152609,-3.71557572495,,,,,,,,,,,,,,,,,-4.35543780528,,,,-3.5922305911,,-3.03200360731,-4.61728344101,-1.70651823374,,,-1.30934710759,,,-2.16901603642,-1.69857543661,-3.44792897215,,,3.8899227463,,,-4.03539006522,-4.1361707692
BLOO24,"HINFP",ENSG00000172273,6.386570,4.39832312556,2.5830468589,4.81691345954,,2.2305855128841916,,3.05664944102,4.21489381086,4.35561412002,,,,,,,,,,,,,,,,,5.09569376581,,,,4.50358125841,,3.29354938331,4.44833641934,3.50279700656,,,3.5382868272,,,3.85977437468,2.63817585759,4.17960768688,,,-3.3419477273,,,4.53487999621,4.62029913609
BLOO32,"HINFP",ENSG00000172273,6.659715,-4.12843328082,-2.12167198604,-4.6481718042,,-2.0496375817030734,,-2.67075507806,-4.02527741119,-4.2441023868,,,,,,,,,,,,,,,,,-5.00256804519,,,,-4.10299696759,,-3.20453053169,-4.21890939145,-2.74966138903,,,-2.87206001335,,,-3.61898006756,-2.33104490772,-3.93822372901,,,3.68220065779,,,-4.36947701584,-4.34393014587
BLOO33,"HINFP",ENSG00000172273,46.524140,-5.96329851314,1.26639449302,-4.42810347585,,1.11646080448011,,-4.03372714,-4.38380594068,-6.03606720203,,,,,,,,,,,,,,,,,-9.15686367856,,,,-3.74010223598,,-4.30203460106,-7.03889741615,-0.0817496376389,,,0.50624370994,,,-2.97249359564,-1.02273896173,-6.0644286825,,,10.5458330151,,,-7.65391649567,-7.27677762453
BLOO36,"HINFP",ENSG00000172273,10.325626,-5.31232973973,-2.04183281366,-3.71921344247,,-2.164754380963206,,-3.90248530131,-4.70256646607,-5.3534203872,,,,,,,,,,,,,,,,,-6.12081059279,,,,-5.05147370907,,-4.72380944336,-6.45754992756,-2.61587460627,,,-2.3094850923,,,-3.84345439959,-3.13539151307,-4.9227386762,,,4.38170327293,,,-5.7786653069,-5.93765407293
BODY06,"HINFP",ENSG00000172273,5.647220,4.22447389873,2.25295245583,1.3297106012,,2.10630084616774,,3.28924021159,3.90634812436,4.14421309404,,,,,,,,,,,,,,,,,4.29603126824,,,,3.83417038468,,3.48823581415,4.16761635055,1.2195304308,,,1.86928956306,,,3.3703706265,2.99563391991,3.98079528502,,,-2.44976644716,,,4.66820163194,4.3360422733
BODY07,"HINFP",ENSG00000172273,5.673296,4.34089156006,2.39629329093,1.37360757146,,2.2643518597968955,,3.35217102834,4.00780477862,4.23050292753,,,,,,,,,,,,,,,,,4.39104571145,,,,3.91581980033,,3.59240206157,4.20412234978,1.50730783958,,,1.94741315146,,,3.5422957588,3.13429111307,4.06128025984,,,-2.38901048129,,,4.78766082454,4.45978551013
BODY08B,"HINFP",ENSG00000172273,8.953583,4.84801291137,3.46869850076,1.44445828194,,3.386349723211138,,4.3625961029,4.17229745693,4.76822300192,,,,,,,,,,,,,,,,,5.05274577147,,,,4.18233517465,,4.13451660905,4.49892188637,2.38775911922,,,2.74969777361,,,4.12283968402,4.47401942311,4.58207265085,,,-2.09809026714,,,5.19231854024,4.69546198932
BODY08M,"HINFP",ENSG00000172273,5.865377,4.01610886161,3.30735907479,2.12467492952,,3.184261294551966,,4.11132278108,3.46033765569,4.04563873334,,,,,,,,,,,,,,,,,4.12533064948,,,,3.90853162801,,3.26490387669,3.86921632573,1.5127896833,,,2.98732013337,,,3.33078848043,3.77836362739,3.82066376337,,,-1.49523002403,,,4.08585594572,3.70331711145
BODY08,"HINFP",ENSG00000172273,9.387121,4.70914108187,3.20523004735,1.19562774024,,3.1471048608112446,,4.13475585788,4.03959640408,4.59298090714,,,,,,,,,,,,,,,,,4.93507206944,,,,3.98862444356,,4.01663548816,4.39292094459,2.47907286489,,,2.445883005,,,3.99944263429,4.29935910341,4.44354676831,,,-2.21581603069,,,5.10314463831,4.62040094028
FATM02B,"HINFP",ENSG00000172273,7.593749,4.99955396657,3.14596237484,2.02712673181,,2.8693664187966776,,4.02791004024,4.65292855257,4.91831313423,,,,,,,,,,,,,,,,,5.12251360154,,,,4.51202871695,,4.24023274343,4.96653438808,1.70246427461,,,3.17224437504,,,4.02722449076,3.79897438662,4.70988663633,,,-2.09976223677,,,5.33902708752,5.06361972876
FATM02,"HINFP",ENSG00000172273,8.021217,5.00038540315,3.01450559198,1.81946900915,,2.7572394172349988,,4.11356894292,4.67173989724,4.89578733229,,,,,,,,,,,,,,,,,5.15035679675,,,,4.6054784067,,4.3090387906,5.16233504667,1.69031132498,,,2.9523868414,,,4.04348534611,3.76307684024,4.72339202836,,,-2.20931435657,,,5.38925239102,5.11661219652
FATM03B,"HINFP",ENSG00000172273,6.676872,5.01428391834,3.16613438956,1.99305734076,,2.9316235877612713,,4.01637612353,4.65905463583,4.90933231592,,,,,,,,,,,,,,,,,5.11899010593,,,,4.52123386714,,4.25188288691,4.92639928672,1.90064571974,,,3.15268191102,,,4.08025222957,3.8348239145,4.69568491753,,,-2.05288733722,,,5.36031883004,5.07704376817
FATM03,"HINFP",ENSG00000172273,7.393264,4.99947910111,3.02019184156,1.77908771344,,2.8184443069918594,,4.08621629355,4.66021265999,4.87281931402,,,,,,,,,,,,,,,,,5.13970923115,,,,4.5960399321,,4.31124695027,5.10422569808,1.93274986761,,,2.91801571521,,,4.08974473613,3.79174297392,4.69424588216,,,-2.1493709941,,,5.4011060171,5.11670224918
FATM04B,"HINFP",ENSG00000172273,9.819989,5.8512203124,4.68234358695,2.25088053306,,4.43900227798242,,5.19617405365,5.27824959301,5.71306584377,,,,,,,,,,,,,,,,,5.98072424882,,,,5.25134065694,,4.98792096553,5.44247073877,2.93298697294,,,3.97695315113,,,4.97036157456,5.50377188121,5.41064274304,,,-1.50970330851,,,6.10533293191,5.69328624583
FATM04M,"HINFP",ENSG00000172273,7.128089,4.89477783792,4.50336363097,2.69756171694,,4.043393630581253,,4.96778109558,4.42273967963,4.89696271676,,,,,,,,,,,,,,,,,4.90733194854,,,,4.9203642955,,4.07876434388,4.80770725694,1.90415639958,,,4.10583463896,,,3.95436588961,4.6826305465,4.66122424224,,,-0.907612362348,,,4.95682192058,4.70065129808
FATM04,"HINFP",ENSG00000172273,9.548444,5.75263849532,4.39233489577,2.0241972236,,4.23433115594016,,4.95115440649,5.17062396217,5.57032771076,,,,,,,,,,,,,,,,,5.92341964021,,,,5.04921560032,,4.90582044089,5.34202903313,3.04279510768,,,3.66614082108,,,4.91583197279,5.36566953835,5.28014111563,,,-1.67475848876,,,6.05037887357,5.62188049154
HEIG03,"HINFP",ENSG00000172273,6.073730,4.36979698974,3.38911848153,3.78002472163,,4.414878944976244,,3.03182154921,4.66670743553,4.56462583984,,,,,,,,,,,,,,,,,4.67197894337,,,,4.41836437454,,3.73272058756,3.66811665619,3.02324035862,,,3.62582869252,,,4.58179479605,4.51846202464,4.17397039706,,,-0.590641675391,,,4.42128646019,4.28330426694
MENA02F,"HINFP",ENSG00000172273,9.010621,4.34913179293,4.68794453956,4.36722043279,,5.015346607973941,,2.92705290202,5.04984660372,4.54963531734,,,,,,,,,,,,,,,,,3.7899352339,,,,4.67235805475,,5.00935103216,5.09489563026,2.87529023718,,,4.19721580753,,,4.95088840905,4.23852821399,4.32733502231,,,0.79166796036,,,4.01025133704,4.20756296066
