code,target,ENSEMBL,association,Adipose_Subcutaneous,Adipose_Visceral_Omentum,Breast_Mammary_Tissue,Muscle_Skeletal,DGN_Whole_Blood,Whole_Blood,Artery_Aorta,Artery_Coronary,Artery_Tibial,Heart_Atrial_Appendage,Heart_Left_Ventricle,Spleen,Brain_Amygdala,Brain_Anterior_cingulate_cortex_BA24,Brain_Caudate_basal_ganglia,Brain_Nucleus_accumbens_basal_ganglia,Brain_Putamen_basal_ganglia,Brain_Cerebellar_Hemisphere,Brain_Cerebellum,Brain_Cortex,Brain_Frontal_Cortex_BA9,Brain_Hippocampus,Brain_Hypothalamus,Brain_Spinal_cord_cervical_c-1,Brain_Substantia_nigra,Nerve_Tibial,Cells_Transformed_fibroblasts,Cells_EBV-transformed_lymphocytes,Colon_Sigmoid,Colon_Transverse,Esophagus_Gastroesophageal_Junction,Esophagus_Mucosa,Esophagus_Muscularis,Liver,Minor_Salivary_Gland,Small_Intestine_Terminal_Ileum,Stomach,Adrenal_Gland,Pituitary,Pancreas,Thyroid,Lung,Ovary,Prostate,Testis,Uterus,Vagina,Skin_Not_Sun_Exposed_Suprapubic,Skin_Sun_Exposed_Lower_leg
BLOO07,"AKAP13",ENSG00000170776,6.156636,3.46011234014,,2.91339940338,1.96149689947,1.1752337946676787,1.60612164925,,,,2.18893566946,,,,,3.32187882319,,,,3.45646907519,3.90091167555,2.95646841312,,,,,2.09931320225,,,0.220393556777,,,,1.40707024118,,,,,,,,0.848173380082,4.80371079046,,,,-0.183196232065,,,2.87362148872
BLOO16,"AKAP13",ENSG00000170776,5.628766,3.15185571287,,2.78925601002,1.6129672225,1.1042035423692789,1.03135232586,,,,2.11388101724,,,,,2.89313590917,,,,2.97254073885,3.35810112649,2.79901351481,,,,,1.88345114931,,,0.257130904778,,,,1.08562997632,,,,,,,,0.392797618482,4.52995120077,,,,-0.255005823308,,,2.42752038729
BLOO17,"AKAP13",ENSG00000170776,12.061235,3.94605875909,,3.01208115472,2.05019556724,1.095875690913725,1.62242236706,,,,2.4322716374,,,,,3.83701519347,,,,4.11614730384,4.55325758061,3.47632494072,,,,,2.08483276776,,,-0.0349835979381,,,,1.84956492703,,,,,,,,0.302247969988,5.55103128321,,,,0.0709848042085,,,3.3073179101
BLOO18,"AKAP13",ENSG00000170776,10.732594,3.82450345908,,2.55706504969,2.04609927847,0.740782571331462,1.83671682514,,,,2.41628167622,,,,,3.72114024784,,,,4.08641304588,4.63394692504,3.6286114284,,,,,1.92489704262,,,-0.533237831919,,,,1.71177884702,,,,,,,,0.0692837612498,5.2537711477,,,,-0.160102275684,,,3.14961875951
BLOO19,"AKAP13",ENSG00000170776,8.434648,-4.28378306105,,0.338457336864,-2.91948950503,0.2466597939200088,-2.20421797345,,,,-3.5030299746,,,,,-4.27447335161,,,,-4.39650388016,-4.81251830145,-4.22412470833,,,,,-2.64580154629,,,0.939829921133,,,,-2.83754109768,,,,,,,,-2.14164976339,-2.04471952145,,,,0.0554575889904,,,-3.20880144269
BLOO27,"AKAP13",ENSG00000170776,5.716427,-0.216041277533,,-0.430584922094,0.155260887585,0.11409083129142422,-1.21210305078,,,,-0.0730766698708,,,,,0.0996265422413,,,,0.395825066079,0.440269465725,0.1578353883,,,,,-0.664016049177,,,0.201296933263,,,,1.24403665271,,,,,,,,-1.19648121327,-0.445470213788,,,,0.29409246412,,,-0.926261602775
BLOO28,"AKAP13",ENSG00000170776,9.992295,4.56123734612,,0.0163721143681,3.07054865427,0.38152112370537133,2.03127396519,,,,4.43254206153,,,,,5.12323720802,,,,5.07259337519,5.20355746603,4.35793694635,,,,,3.19816360026,,,-0.320040154723,,,,3.51889304274,,,,,,,,3.05032339395,2.68404963388,,,,0.353502912142,,,3.70684821362
BLOO31,"AKAP13",ENSG00000170776,10.100940,-3.68656623055,,-2.38814501715,-1.9142047447,-0.3988925092546821,-1.49373087085,,,,-2.37237913722,,,,,-3.38845479217,,,,-3.6929274852,-4.2971015324,-3.60887490081,,,,,-1.75948329216,,,0.5023143571,,,,-1.39456868128,,,,,,,,0.184870050888,-4.93658272133,,,,0.201004248558,,,-2.71640879902
BLOO32,"AKAP13",ENSG00000170776,5.744028,-2.53063603353,,0.764135633769,-2.02023859202,0.8930044244276246,-1.84150502365,,,,-1.22475878582,,,,,-1.89032779467,,,,-2.18193569526,-3.3341567985,-3.04231857737,,,,,-1.22084197344,,,1.90751708579,,,,-1.21533181892,,,,,,,,0.626395259292,-1.16604199142,,,,1.14031696036,,,-1.8874186221
HEIG03,"AKAP13",ENSG00000170776,6.341102,2.29182831809,,0.801865405182,0.95130462156,-1.5115336725810942,0.591742315972,,,,0.439547473848,,,,,1.49591260008,,,,1.66376784404,1.11227868884,1.84567324614,,,,,0.0807306859691,,,-2.02475224519,,,,-0.34556659454,,,,,,,,-1.48070573463,-3.98458959426,,,,-1.56751250785,,,-0.0602428352629
LEAN04B,"AKAP13",ENSG00000170776,10.290103,-1.59549237646,,-1.67682272926,-1.4719551898,-0.9481694492355577,2.50326302106,,,,-3.23952805773,,,,,-1.28233823859,,,,-1.81573321636,-0.806273278337,-0.0190754669644,,,,,-1.60765841811,,,-1.82614241289,,,,-1.0601319419,,,,,,,,-2.72644780874,-4.59242003778,,,,-0.439458945343,,,-2.55789335088
LEAN04M,"AKAP13",ENSG00000170776,9.491376,-0.724612163482,,-1.90951381871,-0.749921429581,-1.8821737818777258,3.19683297425,,,,-1.75255897013,,,,,-1.12885863895,,,,-0.9599625387,-0.463745238116,0.986013124907,,,,,-1.29662404908,,,-2.3586125819,,,,-1.23529750933,,,,,,,,-0.257222619033,-4.0782884675,,,,-0.205861203978,,,-2.34346419632
LEAN04,"AKAP13",ENSG00000170776,12.462206,-1.27162297247,,-1.97486451694,-1.31783168709,-1.376941797327904,3.1003289808,,,,-2.91575137545,,,,,-1.35373391519,,,,-1.61302337639,-0.732472243452,0.475603768053,,,,,-1.66721525662,,,-2.33888333553,,,,-1.21747487597,,,,,,,,-1.8815710931,-4.82820097728,,,,-0.34584748999,,,-2.86100458333
LEAN05B,"AKAP13",ENSG00000170776,10.583826,-1.65057139757,,-1.7438206294,-1.48775377072,-1.2052318543607747,2.55329633213,,,,-3.09574178387,,,,,-1.26589064432,,,,-1.80615243093,-0.875345756847,0.0297117254384,,,,,-1.66941453237,,,-1.98099808457,,,,-1.23556417424,,,,,,,,-2.73644101818,-4.76514280101,,,,-0.390522662968,,,-2.68400734729
LEAN05M,"AKAP13",ENSG00000170776,8.121472,-0.70058233276,,-1.95117833574,-0.753607731514,-1.9400944596323189,3.20781779307,,,,-1.7248586176,,,,,-1.09050987727,,,,-0.907977366266,-0.452986013408,1.01069148522,,,,,-1.31630217327,,,-2.38067789443,,,,-1.24838486946,,,,,,,,-0.240394324355,-4.06387048309,,,,-0.209420902201,,,-2.34888825552
LEAN05,"AKAP13",ENSG00000170776,11.461917,-1.29265494581,,-2.04466263318,-1.34211351697,-1.5551236650352973,3.15527919742,,,,-2.8378843757,,,,,-1.3264641773,,,,-1.58740293517,-0.770428362754,0.518276587214,,,,,-1.71691632308,,,-2.45293477631,,,,-1.32511717067,,,,,,,,-1.89670295776,-4.94130854714,,,,-0.312071778302,,,-2.95585137783
LEAN06B,"AKAP13",ENSG00000170776,13.764749,-2.09307015566,,-1.68105301608,-2.38400989059,-1.229749685017041,1.20256009964,,,,-2.8871661805,,,,,-1.78434943532,,,,-0.943049270462,-1.27063935817,-0.021917516042,,,,,-3.19599707693,,,-2.61358274368,,,,-1.81745149461,,,,,,,,-3.64293021638,-4.70804608926,,,,-1.45697865178,,,-2.89369232955
LEAN06M,"AKAP13",ENSG00000170776,9.860121,0.127843954319,,-1.74812450426,-1.70439287598,-1.2186603452749845,2.60938387769,,,,-1.10071193412,,,,,-0.685433733525,,,,0.374376118073,-0.00100277619624,1.25131452968,,,,,-2.06119305726,,,-1.81622322102,,,,-1.13787187065,,,,,,,,-1.19904961356,-3.41417726461,,,,-0.150763370578,,,-1.91154498334
LEAN06,"AKAP13",ENSG00000170776,15.919085,-1.32632900532,,-1.94477670489,-2.35579414737,-1.326891292779097,1.9441597783,,,,-2.43877585961,,,,,-1.52877892858,,,,-0.50150105959,-0.872795582051,0.539967240125,,,,,-3.11939189039,,,-2.57176132822,,,,-1.71327629034,,,,,,,,-3.05111904465,-4.65022160195,,,,-1.01844080936,,,-2.91279022595
