code,target,ENSEMBL,association,Adipose_Subcutaneous,Adipose_Visceral_Omentum,Breast_Mammary_Tissue,Muscle_Skeletal,DGN_Whole_Blood,Whole_Blood,Artery_Aorta,Artery_Coronary,Artery_Tibial,Heart_Atrial_Appendage,Heart_Left_Ventricle,Spleen,Brain_Amygdala,Brain_Anterior_cingulate_cortex_BA24,Brain_Caudate_basal_ganglia,Brain_Nucleus_accumbens_basal_ganglia,Brain_Putamen_basal_ganglia,Brain_Cerebellar_Hemisphere,Brain_Cerebellum,Brain_Cortex,Brain_Frontal_Cortex_BA9,Brain_Hippocampus,Brain_Hypothalamus,Brain_Spinal_cord_cervical_c-1,Brain_Substantia_nigra,Nerve_Tibial,Cells_Transformed_fibroblasts,Cells_EBV-transformed_lymphocytes,Colon_Sigmoid,Colon_Transverse,Esophagus_Gastroesophageal_Junction,Esophagus_Mucosa,Esophagus_Muscularis,Liver,Minor_Salivary_Gland,Small_Intestine_Terminal_Ileum,Stomach,Adrenal_Gland,Pituitary,Pancreas,Thyroid,Lung,Ovary,Prostate,Testis,Uterus,Vagina,Skin_Not_Sun_Exposed_Suprapubic,Skin_Sun_Exposed_Lower_leg
BLOO05,"ATP5SL",ENSG00000105341,0.098324,,,,-0.404493628279,-5.167341593056274,-0.32327138466,,,0.996524754103,1.16377065991,0.542206987572,,,,0.0859085791342,,,,-0.523373195485,,0.041635967439,,,,,-1.01401734675,-1.02633427577,,0.00577997370067,0.487722354134,,-1.3171629912,1.47793944676,,,,,,,,0.675910943257,,,,0.0375649693104,,,,-0.764757400407
HEIG03,"ATP5SL",ENSG00000105341,15.920276,,,,-3.7052818222,7.906366515614263,6.74110151478,,,-3.2241830673,-3.41991964672,-2.49165153752,,,,-7.95904632291,,,,-5.19423076051,,-7.88624654635,,,,,-5.66913119342,-1.61651431991,,-3.0229126867,-0.0183440458357,,-0.63482382549,-4.44535206646,,,,,,,,-3.01698404534,,,,-7.4520856679,,,,-1.1968514663
HEIG04M,"ATP5SL",ENSG00000105341,9.405055,,,,-1.594113694,5.795888966476152,4.04169612646,,,-0.94010272031,-0.868329389893,-0.984800404687,,,,-5.57631552292,,,,-3.50776696664,,-5.59949743872,,,,,-3.40383124026,-0.625107054624,,-0.998158006171,0.523733605686,,-0.0219665074012,-1.88053260843,,,,,,,,-1.88721029252,,,,-5.15351847684,,,,1.74476918905
LEAN04B,"ATP5SL",ENSG00000105341,4.921724,,,,-0.270640836917,5.131136514080962,3.35589616365,,,-0.499830911121,-0.0377827096867,-0.164188654203,,,,-3.70270839757,,,,-1.42235491265,,-4.03632085133,,,,,-2.40688611563,-1.05122917448,,-1.12225538745,0.314466014669,,0.823989919185,-1.34841898954,,,,,,,,0.0562227670561,,,,-3.93072513058,,,,-1.53642546738
LEAN04M,"ATP5SL",ENSG00000105341,5.730557,,,,0.130216560235,4.675202949513867,4.03241973118,,,-0.618369901659,-1.05809750242,-0.760835519323,,,,-4.35558472328,,,,-2.68003312304,,-4.59224819086,,,,,-2.4048134134,-0.944357691525,,-0.241867231138,0.42567960534,,0.71831414808,-2.17432972716,,,,,,,,-0.74117357665,,,,-4.06599147058,,,,-0.808015437459
LEAN04,"ATP5SL",ENSG00000105341,6.482435,,,,-0.00921493726935,5.454929901847867,4.06866856461,,,-0.538316171793,-0.589316862422,-0.396150464194,,,,-4.46285477113,,,,-2.21674331,,-4.77121414969,,,,,-2.58125186512,-1.01582429384,,-0.643358772897,0.519868841038,,0.900446347906,-1.77964919365,,,,,,,,-0.391504235185,,,,-4.3926023963,,,,-1.26703517363
LEAN05B,"ATP5SL",ENSG00000105341,5.183626,,,,-0.32473823555,5.030552936311634,3.35746610802,,,-0.465786526861,0.210703349756,-0.0905326053058,,,,-3.65818842453,,,,-1.45143683013,,-3.97664076145,,,,,-2.37158418002,-1.02371836033,,-1.1439965792,0.293297494694,,0.775244977676,-1.27549249254,,,,,,,,0.0635518299325,,,,-3.8803897321,,,,-1.48753208187
LEAN05M,"ATP5SL",ENSG00000105341,5.696847,,,,0.1465098506,4.704115201767331,4.0630102772,,,-0.599022929584,-1.03538881599,-0.775585903144,,,,-4.39224873153,,,,-2.67680448027,,-4.62302590876,,,,,-2.41337566117,-0.922934046972,,-0.247658774705,0.450776417639,,0.739818003784,-2.17944190319,,,,,,,,-0.705731282899,,,,-4.08871553395,,,,-0.804881576084
LEAN05,"ATP5SL",ENSG00000105341,7.053567,,,,-0.027725690823,5.423408924284772,4.08314842482,,,-0.504322790856,-0.417016591712,-0.35754351707,,,,-4.46591082141,,,,-2.23531243702,,-4.76126785764,,,,,-2.56962426427,-0.990453498818,,-0.656951038636,0.51330370234,,0.885972406777,-1.74107086214,,,,,,,,-0.36215413356,,,,-4.38307098248,,,,-1.24135268703
LEAN06B,"ATP5SL",ENSG00000105341,7.406459,,,,0.0787213095835,5.849925296069187,3.96951591748,,,0.0443686839297,0.191353846996,-0.55353080655,,,,-4.72363648352,,,,-1.90174647888,,-4.80037242188,,,,,-2.48242983525,-0.432050803008,,-0.394076949077,0.80418274287,,0.242576160084,-1.24796267878,,,,,,,,-0.139387453295,,,,-4.48698102358,,,,-0.876811670437
LEAN06M,"ATP5SL",ENSG00000105341,9.970089,,,,-0.413132477948,5.716509807974247,5.03333339812,,,-0.706889501165,-1.07492077422,-1.41857806182,,,,-5.94299435739,,,,-3.18236464273,,-5.97011529315,,,,,-3.43903962509,-1.38324924038,,-0.585707286317,0.366478491411,,0.221744655488,-2.46018057853,,,,,,,,-1.43645628829,,,,-5.51227680221,,,,-0.725649132713
LEAN06,"ATP5SL",ENSG00000105341,9.757682,,,,-0.198534056275,6.4740479367125,4.9205562494,,,-0.3921117732,-0.497569609236,-1.08925435024,,,,-5.87125033573,,,,-2.76442705214,,-5.94734527046,,,,,-3.27351529307,-1.000395598,,-0.583683543855,0.632329352915,,0.161710574924,-2.00018108354,,,,,,,,-0.843419949921,,,,-5.53018661406,,,,-0.948495920647
WAIS03,"ATP5SL",ENSG00000105341,5.812507,,,,-0.596406051682,4.270992122543922,3.41062206585,,,-0.150904568828,-1.49346115644,-1.04872922222,,,,-3.6685972629,,,,-2.22953102222,,-3.95008352014,,,,,-2.17261507777,-0.255937434988,,-0.506570429662,1.11578555149,,1.39389231427,-0.886875302292,,,,,,,,-0.831501272951,,,,-3.62083467573,,,,-0.135206602377
WAIS04,"ATP5SL",ENSG00000105341,6.044384,,,,-0.583052382795,4.172429929775282,3.32960955783,,,-0.147256440533,-1.46099882132,-1.0510025298,,,,-3.55710384789,,,,-2.20759667707,,-3.85459049694,,,,,-2.12034498943,-0.24944464105,,-0.389488284573,1.09481093448,,1.36019493929,-0.865483041891,,,,,,,,-0.808998228612,,,,-3.53377563213,,,,-0.12514493503
