code,target,ENSEMBL,association,Adipose_Subcutaneous,Adipose_Visceral_Omentum,Breast_Mammary_Tissue,Muscle_Skeletal,DGN_Whole_Blood,Whole_Blood,Artery_Aorta,Artery_Coronary,Artery_Tibial,Heart_Atrial_Appendage,Heart_Left_Ventricle,Spleen,Brain_Amygdala,Brain_Anterior_cingulate_cortex_BA24,Brain_Caudate_basal_ganglia,Brain_Nucleus_accumbens_basal_ganglia,Brain_Putamen_basal_ganglia,Brain_Cerebellar_Hemisphere,Brain_Cerebellum,Brain_Cortex,Brain_Frontal_Cortex_BA9,Brain_Hippocampus,Brain_Hypothalamus,Brain_Spinal_cord_cervical_c-1,Brain_Substantia_nigra,Nerve_Tibial,Cells_Transformed_fibroblasts,Cells_EBV-transformed_lymphocytes,Colon_Sigmoid,Colon_Transverse,Esophagus_Gastroesophageal_Junction,Esophagus_Mucosa,Esophagus_Muscularis,Liver,Minor_Salivary_Gland,Small_Intestine_Terminal_Ileum,Stomach,Adrenal_Gland,Pituitary,Pancreas,Thyroid,Lung,Ovary,Prostate,Testis,Uterus,Vagina,Skin_Not_Sun_Exposed_Suprapubic,Skin_Sun_Exposed_Lower_leg
BLOO01,"C17orf107",ENSG00000205710,17.891131,0.63323209666,0.737500625586,-0.723690563355,0.0223389501197,,1.02607005751,0.643644473981,,0.57202833546,,-0.136146461379,1.59250428721,,,,,,,-3.66368677782,-1.31998166641,-3.6700477608,,,,,0.838243021475,0.291673676277,0.987144554589,-0.832684793257,0.691889212738,0.855132691752,-0.822441654103,0.29768481138,,,0.843533043186,0.594703039681,,,,0.910447862587,1.42057049207,,,,,,1.24638794749,1.38663013853
BLOO11,"C17orf107",ENSG00000205710,14.919626,3.19093787108,3.68856535883,3.78020342076,3.68191234661,,4.0696894684,3.59288779208,,3.58726551588,,1.75511732946,2.49568707164,,,,,,,0.096900384065,-1.03706463923,-0.924421514815,,,,,3.60218599513,4.01197457775,4.19952377128,3.48646480126,3.41515024026,3.44704470032,3.74530552921,3.53396117614,,,3.17042057252,2.60731839408,,,,4.71138649815,4.23599736369,,,,,,4.05821492386,4.89229602182
BLOO12,"C17orf107",ENSG00000205710,5.241126,4.00267250082,3.97129184146,3.55444236068,4.74764134488,,4.3688595687,3.99887488496,,4.08064454113,,3.30477835825,2.98022712946,,,,,,,-0.841105371665,-1.58532711207,-2.1304965543,,,,,4.13940147233,3.78188249212,3.9422562379,4.20394004283,3.60041265552,3.86839386852,4.00309540409,3.88075915268,,,3.80449722396,4.40842683122,,,,4.31497482208,4.56295924205,,,,,,3.87134164468,4.92013030222
BLOO24,"C17orf107",ENSG00000205710,6.224688,-0.11619014912,0.450266523467,0.95941781292,-0.0408137146475,,0.519292775963,0.361634943199,,0.221861649765,,-1.18286584942,-0.141017857372,,,,,,,1.21924354529,0.502315416353,0.80357000428,,,,,0.20795993426,0.83799503476,1.04424858394,0.257459889113,0.525752942524,0.294296647171,0.662977217218,0.32469784208,,,0.0501280922843,-1.0324747464,,,,1.27666102475,0.532860780284,,,,,,1.06459587489,0.995824537145
BLOO29,"C17orf107",ENSG00000205710,5.958410,2.05012905296,1.9193079409,2.22948682816,1.45059680432,,1.79370957543,1.65245732631,,2.03913904618,,1.78214145542,0.94386986105,,,,,,,1.57071105389,-0.683868482289,1.24894044277,,,,,1.93418296673,1.76071400512,1.73219356316,1.95245478474,1.94216564612,1.91705609677,2.35709153589,2.09182248534,,,1.47811386503,1.32318611025,,,,1.84687619134,0.707009967043,,,,,,1.12937498518,1.05190129658
BLOO33,"C17orf107",ENSG00000205710,10.969846,2.01656123991,2.01902354669,0.540820906358,0.985180790475,,2.41505392632,1.77173228053,,1.91098049198,,0.917264133823,2.45446644915,,,,,,,-3.20308162387,-1.80850746189,-3.55233755465,,,,,2.16896344541,1.3217566298,2.16324145539,0.423722321257,2.043267583,2.18920046842,0.579108912306,1.65281960518,,,2.10437279361,1.5343524641,,,,2.12226570334,2.06803944737,,,,,,2.09608991131,2.29835296593
BLOO34,"C17orf107",ENSG00000205710,23.824807,3.54645558918,3.18978124616,4.4383640029,3.99780685394,,3.02160413479,3.54291319114,,3.5318968858,,3.83448365723,2.1034963024,,,,,,,2.69133803028,-0.233445612772,0.988236362918,,,,,3.32070822185,3.46465863457,2.86076467986,3.73840021387,4.04696371617,3.24497558219,4.73842344704,3.68829312042,,,2.73291062429,2.89477665682,,,,2.82857754048,1.77388337087,,,,,,1.71163044556,2.60654396028
BODY08B,"C17orf107",ENSG00000205710,7.314473,3.84356057767,3.67245291298,4.4360426434,3.06310652365,,4.04724502103,3.76795971746,,3.82102014979,,2.44885864906,4.50206146306,,,,,,,1.54297244933,1.41408206049,0.490789174708,,,,,3.62590827853,4.24212018872,4.38096151938,3.61097836075,3.78837715919,3.58210869214,3.64576825076,3.9993337094,,,3.81683444656,2.78357641214,,,,4.73321961272,3.91819735157,,,,,,4.02634017474,4.62148132916
BODY08,"C17orf107",ENSG00000205710,7.549890,3.69462183417,3.51946123678,4.26950006751,2.84330504654,,3.95717334081,3.60574139329,,3.64131412165,,2.26282865339,4.36338534182,,,,,,,1.38298550598,1.54907929496,0.432335806162,,,,,3.45450518435,4.00979375084,4.19939821801,3.48060570922,3.64762224333,3.44414601656,3.47741641364,3.86098614972,,,3.62404935255,2.58939193683,,,,4.55887755709,3.77927037839,,,,,,3.7866616914,4.4460975387
