code,target,ENSEMBL,association,Adipose_Subcutaneous,Adipose_Visceral_Omentum,Breast_Mammary_Tissue,Muscle_Skeletal,DGN_Whole_Blood,Whole_Blood,Artery_Aorta,Artery_Coronary,Artery_Tibial,Heart_Atrial_Appendage,Heart_Left_Ventricle,Spleen,Brain_Amygdala,Brain_Anterior_cingulate_cortex_BA24,Brain_Caudate_basal_ganglia,Brain_Nucleus_accumbens_basal_ganglia,Brain_Putamen_basal_ganglia,Brain_Cerebellar_Hemisphere,Brain_Cerebellum,Brain_Cortex,Brain_Frontal_Cortex_BA9,Brain_Hippocampus,Brain_Hypothalamus,Brain_Spinal_cord_cervical_c-1,Brain_Substantia_nigra,Nerve_Tibial,Cells_Transformed_fibroblasts,Cells_EBV-transformed_lymphocytes,Colon_Sigmoid,Colon_Transverse,Esophagus_Gastroesophageal_Junction,Esophagus_Mucosa,Esophagus_Muscularis,Liver,Minor_Salivary_Gland,Small_Intestine_Terminal_Ileum,Stomach,Adrenal_Gland,Pituitary,Pancreas,Thyroid,Lung,Ovary,Prostate,Testis,Uterus,Vagina,Skin_Not_Sun_Exposed_Suprapubic,Skin_Sun_Exposed_Lower_leg
BLOO02,"MCM4",ENSG00000104738,10.697128,-5.21541981369,,-4.22535845881,-6.93373913939,-4.995181648768482,,-2.93950489962,,-5.0442533362,-5.12743462082,-6.04856906153,-1.26830122234,,,-5.91072088168,,,,-4.89262198119,-6.26912434271,-4.79249872016,,,,-5.22344482453,,-5.66662502725,-3.03647364537,-6.20699707005,-4.44189598063,,-6.07639377505,-3.81201848604,,-3.4850253532,,-4.67601728439,,,-2.75423269976,-3.3944061849,-5.18283232961,,-0.844395085749,-6.26770947613,,,-6.19031891128,-4.97015827398
BLOO07,"MCM4",ENSG00000104738,4.114797,-5.18558458422,,-4.67450260401,-4.61872231563,-4.179012404014903,,-3.69188560836,,-4.28846534581,-5.02085121473,-3.65536867971,-3.718373245,,,-4.11307583325,,,,-0.840073834365,-3.40972229582,-3.9743656171,,,,-2.77994294299,,-5.39071342319,-4.3058569233,-4.05513475469,-5.14084832547,,-4.31396229477,-1.5258518775,,-1.06004724269,,-4.44288635254,,,-4.41338406501,-4.6058432011,-4.09650168259,,-3.18931798243,-4.23901980171,,,-3.68555507458,-4.68051208493
BLOO16,"MCM4",ENSG00000104738,5.614358,-5.8701079189,,-5.42538116625,-4.7551891855,-5.403825862426458,,-3.99810148693,,-5.26925417397,-5.49126923443,-4.34600719131,-5.07191125153,,,-4.80141866594,,,,-3.40043545137,-5.19025520029,-4.61568191136,,,,-2.84157842113,,-5.87568761194,-4.53244097642,-4.30446707555,-5.85063940796,,-6.00970363493,-4.95102806559,,-1.17319065821,,-5.31275651195,,,-5.49835661959,-5.5851399534,-3.87986543711,,-3.40733587829,-4.96035694479,,,-4.78766394632,-5.52955021614
BLOO17,"MCM4",ENSG00000104738,4.106877,-4.76116013366,,-4.73911538975,-4.09699496117,-5.207742019235661,,-3.7094819064,,-4.52400087073,-4.80916675274,-3.82325719415,-3.9546463944,,,-3.90666601051,,,,-2.40527915946,-4.38531782511,-4.44594815112,,,,-2.89814110768,,-5.18962213899,-4.49601649693,-4.1800645074,-4.88028522265,,-4.72385992626,-3.75605885792,,-1.30954165234,,-3.79444553383,,,-4.73845843972,-4.71606319189,-4.29358235363,,-3.38380720427,-4.58030338757,,,-3.75208031713,-4.13699897586
BLOO18,"MCM4",ENSG00000104738,4.150366,-4.77407712282,,-4.74638032669,-4.09033678143,-5.195033546775236,,-3.51403055686,,-4.33076836513,-4.67856037071,-3.76602741979,-4.11332005839,,,-3.90689523981,,,,-2.38417509036,-4.3530669888,-4.40326915001,,,,-2.64116577671,,-5.3432188363,-4.7154836902,-4.09358512048,-4.91050479112,,-4.79944408028,-3.62619265245,,-1.15260888547,,-3.92984315017,,,-4.81543638179,-4.93195139652,-4.31179600331,,-3.04919325744,-4.64199312446,,,-3.84855755283,-4.27851929744
BLOO26,"MCM4",ENSG00000104738,6.202483,4.73809681719,,3.38509726136,5.44014750642,3.8627650257721777,,2.6133627768,,4.64720316011,3.22410020825,4.48857625909,2.89331325273,,,4.6142013663,,,,3.62288091672,5.72661717476,3.61855497912,,,,2.76943271289,,4.36906946564,3.09612833829,3.39038430201,4.76359545884,,5.35160734164,4.62487988331,,0.597274298645,,5.0337441935,,,4.01942275498,3.87742758358,2.97726308207,,1.20541909927,4.63635086579,,,5.18648200517,5.09593019519
BLOO27,"MCM4",ENSG00000104738,11.104627,6.33053948794,,5.10524204314,7.35937074821,5.370181698110109,,3.50939369007,,5.98688778787,5.8298889255,5.90182902139,4.10393384705,,,6.38090988575,,,,5.66722474068,7.57501448852,4.91821063393,,,,4.31596054199,,6.2698526404,4.14425932635,5.17594266088,6.34907695814,,7.29846094228,6.21168448288,,1.5774753537,,6.45650097095,,,5.3105591805,5.59670706281,4.29330375845,,0.800691225513,6.27241269272,,,6.81081552778,6.61255412427
BLOO31,"MCM4",ENSG00000104738,5.021336,5.59393532727,,5.38999480355,4.56159477322,5.50582083890649,,3.82215100014,,4.98407787833,5.12867154658,4.1832290199,5.11134408718,,,4.60618923385,,,,3.09867351443,4.94734096943,4.9050018168,,,,2.75463915288,,5.97807928998,4.96599011521,4.39029257211,5.78350438212,,5.7046386419,4.40184608657,,1.16135797543,,4.86319131465,,,5.44197952265,5.65251165679,4.16054541681,,3.01929343299,5.00778357402,,,4.49192573946,5.16222105524
EDUC01F,"MCM4",ENSG00000104738,3.574058,-3.16935157163,,-3.72996669443,-4.33788179932,-4.867382424710656,,-2.20682431197,,-3.1125888762,-4.48260668894,-2.62982155955,-2.22713560257,,,-3.21406903117,,,,-3.96722512051,-3.67288322732,-3.48878001203,,,,-4.40974243788,,-4.08361758055,-3.02262293318,-4.53500501991,-2.6005392803,,-3.83562525987,-4.02820420095,,-3.1797351948,,-1.6328551252,,,-3.04307781895,-3.48373893679,-4.61644751635,,-2.13721991098,-4.56237372295,,,-3.52116830708,-2.14253738529
FATM04,"MCM4",ENSG00000104738,1.949543,3.25451211165,,4.76606647462,2.8050624597,2.034078163947999,,1.13015723636,,2.71223013399,3.3396928067,1.27484658632,1.55997285415,,,2.75796904891,,,,1.97673632534,2.69366240673,1.33095647899,,,,1.89916340143,,3.55677092431,0.826854158827,2.40083376322,3.01157426444,,3.18946143131,1.7316634648,,0.756966063855,,2.98376987243,,,2.43747046335,2.67264804055,1.39403719454,,0.972353585405,1.98252089686,,,2.63041310593,3.06297810637
URIN07,"MCM4",ENSG00000104738,3.721109,3.19201859498,,2.33505834419,2.70417805118,3.6353784952373007,,0.7918299571,,3.34217912789,4.31019086301,1.25179167288,0.728568426739,,,3.17866866696,,,,4.18463502517,1.35185229909,3.5901084503,,,,4.15958432434,,2.12602096857,1.44243449913,4.9927555345,1.38395511694,,3.3765579061,2.01254309801,,3.83552508908,,2.03669962481,,,2.0354847541,1.72662790744,2.60365696784,,1.77558999713,2.88442673626,,,2.66038862697,2.03791139722
URIN09,"MCM4",ENSG00000104738,3.612895,3.63169032084,,2.66864706236,3.56468351718,4.119710347080926,,1.05318426642,,3.86937998464,4.59818707211,0.742024004459,1.20639928679,,,3.52404428857,,,,4.44545936028,1.95432531408,4.00617795364,,,,4.98511727788,,2.64662588535,1.76670017848,5.23232255171,1.83496799026,,3.83578077738,2.57457966825,,3.61116875979,,2.38782601206,,,2.71433743921,2.19331971126,3.09389744164,,2.11967148631,3.70671558683,,,3.22727006015,2.44066309086
WHIP05M,"MCM4",ENSG00000104738,1.560525,2.64541716802,,2.77109698368,2.79592195262,2.976270594995667,,2.95188790708,,2.99554719465,3.43635408272,5.23005913398,1.90417163802,,,3.27155799523,,,,2.86645595614,3.08119230442,2.65093375214,,,,1.07461934792,,2.88246524401,0.939784836433,3.18468538971,3.196536917,,2.89313660018,2.21550098324,,2.31982341473,,2.26106538616,,,1.34115511221,2.04947809949,2.47008328156,,0.738863388293,2.69137812151,,,2.91514196837,2.37131714621
WHIP06M,"MCM4",ENSG00000104738,1.247898,2.60863184341,,2.73256405367,2.75704383709,2.9348845960291094,,2.91084097025,,2.95389316276,3.38997598785,4.97447882353,1.87769357771,,,3.22227906169,,,,2.82659704228,3.03834736909,2.61407623675,,,,1.0613189821,,2.8423836815,0.926716815155,3.14040140421,3.15208815792,,2.85290666539,2.18469369626,,2.28756557554,,2.22962460864,,,1.3072052778,2.02097948278,2.43573601859,,0.728589277628,2.6539537221,,,2.87460599469,2.33834329108
