code,target,ENSEMBL,association,Adipose_Subcutaneous,Adipose_Visceral_Omentum,Breast_Mammary_Tissue,Muscle_Skeletal,DGN_Whole_Blood,Whole_Blood,Artery_Aorta,Artery_Coronary,Artery_Tibial,Heart_Atrial_Appendage,Heart_Left_Ventricle,Spleen,Brain_Amygdala,Brain_Anterior_cingulate_cortex_BA24,Brain_Caudate_basal_ganglia,Brain_Nucleus_accumbens_basal_ganglia,Brain_Putamen_basal_ganglia,Brain_Cerebellar_Hemisphere,Brain_Cerebellum,Brain_Cortex,Brain_Frontal_Cortex_BA9,Brain_Hippocampus,Brain_Hypothalamus,Brain_Spinal_cord_cervical_c-1,Brain_Substantia_nigra,Nerve_Tibial,Cells_Transformed_fibroblasts,Cells_EBV-transformed_lymphocytes,Colon_Sigmoid,Colon_Transverse,Esophagus_Gastroesophageal_Junction,Esophagus_Mucosa,Esophagus_Muscularis,Liver,Minor_Salivary_Gland,Small_Intestine_Terminal_Ileum,Stomach,Adrenal_Gland,Pituitary,Pancreas,Thyroid,Lung,Ovary,Prostate,Testis,Uterus,Vagina,Skin_Not_Sun_Exposed_Suprapubic,Skin_Sun_Exposed_Lower_leg
BLOO01,"RBBP5",ENSG00000117222,22.695509,-5.00112348376,,,,-11.93919090703035,,,,-5.49383757256,,,,-4.8186762407,,-9.0619372983,-8.39539191446,,,-6.38333565055,-6.41210064241,,-8.16239213671,,-1.75914130405,,,-8.74677501872,-2.75802539516,,,,,-4.00787162708,,,-2.19521270671,,,,,-5.45489543029,-6.04281187547,,,,,,1.31082508828,
BLOO02,"RBBP5",ENSG00000117222,11.999132,3.68092959788,,,,5.104728069396807,,,,4.3750800406,,,,3.94489282419,,6.08915639988,6.21056970797,,,2.43094773793,3.08642702972,,6.00715537028,,1.57836209395,,,6.33760262416,3.49588443888,,,,,2.5870826681,,,3.83219515218,,,,,4.09535555759,3.61097945823,,,,,,-2.87454273886,
BLOO04,"RBBP5",ENSG00000117222,11.230401,3.14334288352,,,,6.989380212133636,,,,4.79212077116,,,,3.17401291794,,5.60418368632,5.54783569014,,,2.34239403651,4.02213795083,,6.00430830559,,0.329439496033,,,6.04536223603,1.404455863,,,,,2.02233867246,,,2.76769289183,,,,,4.07339358182,4.4861655674,,,,,,-4.32558988413,
BLOO08,"RBBP5",ENSG00000117222,15.969481,3.19323545548,,,,5.920660208530259,,,,6.38580393581,,,,4.68567972244,,7.4092085483,6.77668804584,,,2.63081245675,5.49991058578,,6.72271795469,,-0.344763703387,,,7.02802769661,2.09584262518,,,,,6.01942550276,,,3.02135733145,,,,,3.97120297544,7.06644099453,,,,,,-2.72727792053,
BLOO14,"RBBP5",ENSG00000117222,17.804100,3.81665663751,,,,6.294833047634806,,,,6.02489696112,,,,4.13583368935,,7.6296625174,6.7950170148,,,3.21503657011,5.60368465356,,6.45809746088,,-0.314250073523,,,7.17328773991,2.22174322837,,,,,6.0020139276,,,2.14730600517,,,,,3.64476813193,7.1798092253,,,,,,-1.46459875652,
BLOO15,"RBBP5",ENSG00000117222,12.109853,3.42839502771,,,,5.407911108183581,,,,5.12742978635,,,,3.57285775294,,6.61481650635,5.97050069179,,,2.76975293773,4.73953958734,,5.59209219084,,-0.360698847368,,,6.12969901918,1.64417014031,,,,,5.26375768667,,,1.62691761476,,,,,3.09196410705,6.13550567607,,,,,,-1.48337217172,
BLOO21,"RBBP5",ENSG00000117222,17.707035,3.06254431722,,,,8.877873502030731,,,,6.0339361026,,,,4.24867880154,,7.1847892894,7.15642185632,,,3.02339535985,4.8497303968,,7.53292276152,,0.897696138857,,,7.33092993915,1.27093194756,,,,,3.08507045656,,,3.68880266819,,,,,5.42052262737,5.61481773341,,,,,,-4.33187664094,
BLOO22,"RBBP5",ENSG00000117222,17.132957,3.51382367237,,,,9.634199665547039,,,,6.66813286914,,,,4.7792882804,,8.06637975501,8.05052331949,,,3.43983356333,5.31851917887,,8.39568357663,,1.09722478026,,,8.27230944512,1.69645866271,,,,,3.41896897448,,,4.16273174828,,,,,5.95808425741,6.12031718951,,,,,,-4.7507557328,
BLOO23,"RBBP5",ENSG00000117222,17.056679,2.71138179768,,,,9.974025568550005,,,,6.76400368084,,,,5.42988863552,,8.69981589409,8.67232462591,,,3.72938052075,5.17325101968,,8.73998644373,,1.49336767851,,,8.52645085212,1.63367301822,,,,,3.99480540251,,,4.44463129716,,,,,6.24227364838,6.48647674435,,,,,,-4.07670529286,
BLOO25,"RBBP5",ENSG00000117222,17.308892,-3.68037634878,,,,-8.452187399659834,,,,-7.60638674859,,,,-5.16071725623,,-8.58198947343,-8.39584326545,,,-4.65271555674,-6.20936614788,,-7.71550780298,,-0.592286978503,,,-8.13132230335,-2.84541010753,,,,,-4.65316845973,,,-5.20753651059,,,,,-5.76926077692,-6.05750281057,,,,,,0.846760469651,
BLOO26,"RBBP5",ENSG00000117222,36.327607,-5.78204949448,,,,-11.49684168767197,,,,-9.16841524326,,,,-6.92214435951,,-11.1995554804,-11.0555893499,,,-7.11846671311,-8.53354352301,,-10.0932191765,,-2.52244985479,,,-10.8395015767,-3.0612419692,,,,,-5.73621405364,,,-6.05157655227,,,,,-8.08123287429,-7.86844353757,,,,,,4.14167269006,
BLOO27,"RBBP5",ENSG00000117222,19.205275,-4.60757565747,,,,-8.854869803023405,,,,-6.50193450114,,,,-5.34368227343,,-8.36096176094,-8.31717681358,,,-5.34612746937,-6.45078612466,,-7.57486246938,,-2.40013897733,,,-8.23919538769,-2.14381632162,,,,,-4.1349528655,,,-4.49536897451,,,,,-6.48028153851,-5.88249001922,,,,,,3.99008596482,
BLOO29,"RBBP5",ENSG00000117222,81.992466,13.5697759119,,,,30.16692160482642,,,,16.5789364013,,,,15.1668291433,,24.9392167743,24.2747524273,,,15.2488471171,16.8658477406,,22.2298101093,,3.73330102864,,,24.0085616027,6.16883733203,,,,,11.5688373354,,,10.0553716688,,,,,15.9164017371,18.8015823535,,,,,,-9.10077300482,
BLOO34,"RBBP5",ENSG00000117222,8.969724,2.85530953833,,,,,,,,1.3098675277,,,,3.49938874789,,5.43613100052,5.94189076192,,,0.614331151623,-0.187506478123,,1.58159637289,,2.14328498793,,,1.71728872308,2.50236537093,,,,,-1.54899439528,,,4.72239918326,,,,,5.71982039284,1.05502521686,,,,,,-2.85040730655,
BLOO35,"RBBP5",ENSG00000117222,12.950123,1.85596885317,,,,4.369991630599212,,,,4.27810544438,,,,2.96344718157,,4.88056406642,5.86722225067,,,3.43360652633,2.74208915472,,3.82508379557,,0.86282616642,,,4.18177275545,-0.668576520837,,,,,2.45931427785,,,3.04223042062,,,,,5.06120945486,2.08768567808,,,,,,-1.94580276003,
BLOO36,"RBBP5",ENSG00000117222,6.714510,2.38142315883,,,,5.903135137851534,,,,3.8890945739,,,,2.39380423385,,4.28664370292,4.20789039735,,,1.77766556037,3.32919735931,,4.70956730043,,-0.0843527581853,,,4.6840611345,0.568987401887,,,,,1.42946441337,,,1.97457113783,,,,,3.22991271008,3.71368689082,,,,,,-3.51672521009,
SCHI01,"RBBP5",ENSG00000117222,6.039287,3.04253905781,,,,2.3870721590215807,,,,4.61216971384,,,,2.89806694984,,4.65936358271,4.59733321884,,,1.1645018249,3.15227477335,,4.06846688831,,-0.150333789129,,,3.99296544223,0.763345521609,,,,,4.27790127723,,,4.36310845983,,,,,4.49465473601,4.02915625694,,,,,,-1.87544381215,
SCHI02,"RBBP5",ENSG00000117222,5.897395,3.23525025236,,,,2.4475028893506763,,,,4.83878345754,,,,2.94792581162,,4.74788996629,4.53584405589,,,1.4315750427,3.16307368671,,4.22879459698,,-0.084139395261,,,4.024939476,0.192143829023,,,,,4.40293483019,,,4.08166029666,,,,,4.42941815675,4.40207154298,,,,,,-1.6073350902,
