code,target,ENSEMBL,association,Adipose_Subcutaneous,Adipose_Visceral_Omentum,Breast_Mammary_Tissue,Muscle_Skeletal,DGN_Whole_Blood,Whole_Blood,Artery_Aorta,Artery_Coronary,Artery_Tibial,Heart_Atrial_Appendage,Heart_Left_Ventricle,Spleen,Brain_Amygdala,Brain_Anterior_cingulate_cortex_BA24,Brain_Caudate_basal_ganglia,Brain_Nucleus_accumbens_basal_ganglia,Brain_Putamen_basal_ganglia,Brain_Cerebellar_Hemisphere,Brain_Cerebellum,Brain_Cortex,Brain_Frontal_Cortex_BA9,Brain_Hippocampus,Brain_Hypothalamus,Brain_Spinal_cord_cervical_c-1,Brain_Substantia_nigra,Nerve_Tibial,Cells_Transformed_fibroblasts,Cells_EBV-transformed_lymphocytes,Colon_Sigmoid,Colon_Transverse,Esophagus_Gastroesophageal_Junction,Esophagus_Mucosa,Esophagus_Muscularis,Liver,Minor_Salivary_Gland,Small_Intestine_Terminal_Ileum,Stomach,Adrenal_Gland,Pituitary,Pancreas,Thyroid,Lung,Ovary,Prostate,Testis,Uterus,Vagina,Skin_Not_Sun_Exposed_Suprapubic,Skin_Sun_Exposed_Lower_leg
BFPC04B,"ZCWPW1",ENSG00000078487,0.341807,0.636151389534,,,0.516862623684,-0.050396089902375006,,,,1.72118404263,,,,0.134784914446,0.511603328425,0.465395950124,0.416570022275,0.774013793153,0.376047809732,-0.477988536471,1.93630615282,0.274003891821,-0.939139657993,0.842115495976,0.234336922001,-0.21773111681,0.360664705957,,,,-0.531452682946,,1.83273115722,4.71036644365,,,,,,0.0788465770392,,,,,,,,,,
BFPC04,"ZCWPW1",ENSG00000078487,0.314778,0.571108444794,,,0.646686398021,-0.1637971223797139,,,,1.62490749321,,,,0.212410681585,0.50792156209,0.518727847903,0.408295341729,0.71554628321,0.446970354812,-0.305255657147,1.77136816359,0.276054981517,-0.840981646864,0.772395905976,0.250297504981,-0.190831986493,0.365849679362,,,,-0.299429602814,,1.7428445861,4.7493405757,,,,,,0.0623558312881,,,,,,,,,,
BLOO01,"ZCWPW1",ENSG00000078487,18.782358,6.64733423606,,,5.28382019975,2.040180108095338,,,,6.79726393593,,,,7.57947379964,8.20874092327,7.45884605113,7.75473324452,7.36792456679,5.22368596651,5.61406914337,6.44511045079,8.18908971854,6.84108885129,7.22094311129,7.39477394915,7.40844330786,7.00918858364,,,,-0.0695558709029,,2.51478190049,7.20940039494,,,,,,6.61296483976,,,,,,,,,,
BLOO02,"ZCWPW1",ENSG00000078487,13.153014,0.877812067649,,,-0.697246389287,-0.89867641816528,,,,1.35811209103,,,,-3.69454360033,-1.29961015998,1.0754578864,1.24864208852,0.715053134265,-2.9647468897,-1.25908498331,1.56131566082,-0.446891200306,0.113002484044,-0.770826271291,1.8352969075,-5.56532275871,1.29321733782,,,,2.54094474571,,2.56597109545,0.70417052847,,,,,,-0.295931538152,,,,,,,,,,
BLOO05,"ZCWPW1",ENSG00000078487,5.435263,4.87645787153,,,2.53783334053,1.7489466553885133,,,,2.86233292793,,,,3.47875574941,3.95189989627,3.91506591427,4.14450403016,4.14138368661,2.81957492981,3.18142394205,4.07255886733,3.9839776602,4.52904970151,3.41547956353,4.30818611738,2.88259394757,4.31228412428,,,,2.47561334914,,2.41520644811,3.77057170046,,,,,,3.45595266404,,,,,,,,,,
BLOO19,"ZCWPW1",ENSG00000078487,5.565255,-4.81754879344,,,-1.70744744874,0.4470921296383913,,,,-3.09148471158,,,,-3.27086384169,-4.11298072403,-3.9280156825,-4.30882892531,-4.46589400028,-1.85198675901,-3.06981714845,-2.42901288772,-3.80958339395,-3.98553694906,-3.38532308635,-4.41282087377,-3.33983810916,-4.02443119489,,,,-2.13383798561,,-2.26462647987,-2.76031202243,,,,,,-3.48296983907,,,,,,,,,,
BLOO25,"ZCWPW1",ENSG00000078487,9.774872,2.26314504513,,,2.00000085531,1.1713486448761776,,,,0.769669159124,,,,2.83017973073,2.55608241422,0.383229402373,1.57017094494,1.59683216257,2.36584358575,2.91406165052,0.361598573576,2.88249462032,2.26425902741,1.17893439651,1.24889402098,3.50175532189,1.85843965516,,,,-0.347209584732,,-0.541304337648,2.45354391199,,,,,,1.57972894727,,,,,,,,,,
BLOO26,"ZCWPW1",ENSG00000078487,19.897841,3.19118126444,,,2.51106186714,1.3810895309527427,,,,1.52118662649,,,,4.58178380922,4.04540147199,0.476040842243,1.88763570282,2.5437109718,3.89154371101,3.4972816058,0.629284309713,3.33635640431,2.23167621144,3.1267363149,1.33001427821,6.73208908377,2.18076950217,,,,-1.22004152007,,-0.216314691655,3.2353508833,,,,,,2.83120181759,,,,,,,,,,
BLOO27,"ZCWPW1",ENSG00000078487,11.985984,2.55556893701,,,1.91869788067,1.1599388802398427,,,,1.29778999928,,,,3.86464469879,3.39937866847,0.565051124585,1.44697530644,2.13826102404,3.53073050907,2.6629343849,0.724234168305,2.53194560074,1.34995299322,3.02357209291,1.00118174526,6.05469597986,1.64174991286,,,,-1.2297029327,,-0.104386844066,2.51028323069,,,,,,2.56637158996,,,,,,,,,,
BLOO33,"ZCWPW1",ENSG00000078487,16.023357,6.14514509905,,,4.7216198363,0.14693103062696294,,,,5.79229397256,,,,6.66330588847,7.32447019391,6.97522108754,7.08536988198,6.75246393465,5.22009172489,5.56891220501,6.3388346107,7.52209026499,6.80799852583,6.5025106541,6.83607166839,6.43749087295,6.61883716688,,,,-0.285291667666,,1.78604782677,6.54274547001,,,,,,5.74817143775,,,,,,,,,,
BLOO34,"ZCWPW1",ENSG00000078487,53.599410,-12.8393406646,,,-8.31480745088,-0.5026068479864307,,,,-12.8431646627,,,,-11.9636700279,-14.3689092125,-14.0907630535,-14.8161711821,-14.182191209,-8.59679009646,-8.86299310424,-12.4572258064,-14.3238577591,-11.9800464461,-12.2792692651,-14.5139237307,-12.3266170573,-13.6653241748,,,,-0.65495381346,,-6.47049454119,-11.7402093738,,,,,,-12.5734793831,,,,,,,,,,
BLOO35,"ZCWPW1",ENSG00000078487,7.522951,-2.62918298376,,,-1.68585721449,-2.065352502284972,,,,-1.34034354269,,,,-4.20414508887,-3.47970575329,-1.49175103664,-2.15091490811,-2.89698773625,-1.71550778035,-1.9426709816,-0.449971258367,-2.49102890184,-1.5864909579,-3.33917148123,-1.25535417968,-4.6785261473,-2.12074531424,,,,-1.06510147047,,0.367960049855,-3.59543915369,,,,,,-3.10066631,,,,,,,,,,
BODY08B,"ZCWPW1",ENSG00000078487,1.233267,1.51568148701,,,0.312425956711,-0.7857830511594946,,,,2.43050762924,,,,1.75542808182,1.61036150317,1.79588242629,1.6020738202,1.7445092243,0.61834039048,-0.734485714676,3.46708192628,1.33792946408,-0.504304692169,1.59928757084,1.41427583066,0.852361297457,1.6279440125,,,,0.0707089279681,,2.02208297725,6.09178470108,,,,,,1.98184086759,,,,,,,,,,
BODY08,"ZCWPW1",ENSG00000078487,1.071783,1.34549130158,,,0.477230894385,-0.7757220631604334,,,,2.22633951953,,,,1.66883985566,1.46439536004,1.72930704779,1.46660034802,1.52786431987,0.557004313205,-0.699408994959,3.26087749482,1.22356755828,-0.572067910471,1.40134472083,1.32200450871,0.682997158564,1.4995805248,,,,0.207740442678,,1.87793842149,6.0892227957,,,,,,1.80202857533,,,,,,,,,,
EDUC01,"ZCWPW1",ENSG00000078487,9.244461,-3.61309574192,,,-3.8044530397,3.976583357244152,,,,-4.12271410102,,,,-4.26888527452,-4.97555053363,-4.99379382716,-5.1781240551,-4.62896828225,-2.57029890953,-3.41533866697,-4.36641572755,-5.02065045655,-3.84424345487,-4.70644398059,-5.15314194578,-4.09182278747,-4.37293335123,,,,-0.337220204596,,-3.2247507003,-4.51962615227,,,,,,-4.57049213736,,,,,,,,,,
EDUC03,"ZCWPW1",ENSG00000078487,14.103380,-4.24088301936,,,-4.42767749791,4.333763043315971,,,,-5.04526881308,,,,-5.4854523363,-6.07360490971,-6.01682704593,-6.17558561141,-5.8241887004,-2.90070751039,-4.0257382445,-4.90493000221,-6.22872675052,-3.97660426297,-5.73255637755,-5.97264108799,-5.40496819618,-5.40914876973,,,,-0.0469402726143,,-4.56409350707,-3.81099779023,,,,,,-5.45335240033,,,,,,,,,,
