code,target,ENSEMBL,association,Adipose_Subcutaneous,Adipose_Visceral_Omentum,Breast_Mammary_Tissue,Muscle_Skeletal,DGN_Whole_Blood,Whole_Blood,Artery_Aorta,Artery_Coronary,Artery_Tibial,Heart_Atrial_Appendage,Heart_Left_Ventricle,Spleen,Brain_Amygdala,Brain_Anterior_cingulate_cortex_BA24,Brain_Caudate_basal_ganglia,Brain_Nucleus_accumbens_basal_ganglia,Brain_Putamen_basal_ganglia,Brain_Cerebellar_Hemisphere,Brain_Cerebellum,Brain_Cortex,Brain_Frontal_Cortex_BA9,Brain_Hippocampus,Brain_Hypothalamus,Brain_Spinal_cord_cervical_c-1,Brain_Substantia_nigra,Nerve_Tibial,Cells_Transformed_fibroblasts,Cells_EBV-transformed_lymphocytes,Colon_Sigmoid,Colon_Transverse,Esophagus_Gastroesophageal_Junction,Esophagus_Mucosa,Esophagus_Muscularis,Liver,Minor_Salivary_Gland,Small_Intestine_Terminal_Ileum,Stomach,Adrenal_Gland,Pituitary,Pancreas,Thyroid,Lung,Ovary,Prostate,Testis,Uterus,Vagina,Skin_Not_Sun_Exposed_Suprapubic,Skin_Sun_Exposed_Lower_leg
FATM04B,"BRICD5",ENSG00000182685,8.619861,-5.5388253636,-2.30533553634,-4.87226629257,,,,-5.09683170366,-3.02679428349,-4.97743573624,-5.30672679915,-5.1046205427,-2.82235242839,-4.80522541146,,,,,,-3.44624876494,-3.63561106886,,,,-1.20145178117,,-5.30590540589,,,-3.48520108461,-3.53555941196,-5.35558196832,-3.75186906053,-3.85213370829,,,-1.5718058654,-3.408517719,,-4.6964273816,-2.93004639332,-4.77414161305,-4.28685866582,-5.0106497422,-3.88933624275,-2.94410574366,,,,
FATM04F,"BRICD5",ENSG00000182685,6.316737,-4.31650000507,-2.35339630023,-3.84504365921,,,,-4.21619054458,-2.54761849795,-3.97876221066,-4.2894808709,-5.05343251382,-3.55603096701,-4.22960468173,,,,,,-3.04506807467,-3.16211162042,,,,-0.740085657605,,-4.35775745925,,,-1.69586595744,-3.49911647586,-5.08236579949,-3.53888466163,-3.93732907623,,,-2.36251359893,-3.55984438865,,-4.07326664626,-2.460267702,-4.33654590829,-3.65828865548,-3.99617798701,-2.87250477817,-3.36353105016,,,,
FATM04,"BRICD5",ENSG00000182685,9.599704,-5.52845370348,-2.36758323835,-4.90368556976,,,,-5.16270502604,-3.12213158801,-5.05048003628,-5.45094457739,-5.42343459152,-3.18824681901,-5.00209324001,,,,,,-3.61152777538,-3.78966170229,,,,-1.2295838101,,-5.39778951946,,,-3.32786728498,-3.78346410831,-5.61273385488,-3.92970153926,-4.12596170022,,,-1.87693590273,-3.70246496288,,-4.83187167265,-2.95901421019,-4.96146114619,-4.43372102345,-5.05473208972,-3.93977173573,-3.26926865156,,,,
HEIG02,"BRICD5",ENSG00000182685,6.411269,0.508491396904,-1.87189294517,,,,,-1.21426236629,0.784957056011,-2.79183685005,-1.30782080065,-3.58920599977,,-3.86688708224,,,,,,-3.89853103929,-3.52454359649,,,,-0.953744295344,,-3.01504545192,,,1.44844293594,-1.81818993144,-3.72415216218,-2.95815487587,-2.72320716219,,,-2.89853375239,,,-2.82394859786,0.729755782025,-2.90297447948,-0.207751064156,-4.5400018692,-3.50451517105,-1.80391639937,,,,
HEIG03,"BRICD5",ENSG00000182685,13.844360,-3.63405341655,-3.55298583172,,,,,-2.23739981651,-0.735645758146,-5.45068992628,-2.41839447997,-6.9801623225,-0.242620244622,-6.68626087349,,,,,,-6.70376487162,-5.4890482893,,,,-2.00720457816,,-5.31105685411,,,2.63682556152,-4.17220475925,-6.30884731775,-2.93198455304,-4.27241812335,,,-4.15148423882,,,-5.54494104014,-0.649983609963,-4.58114235529,-1.3961612634,-6.76488733292,-6.9799695015,-2.87376008934,,,,
HEIG04F,"BRICD5",ENSG00000182685,6.982591,-1.04092781018,-1.97509972793,-0.737687170506,,,,-1.05030417681,-1.0750185325,-2.03781265481,-0.704221546027,-1.6327735111,-0.37094068382,-2.11825102466,,,,,,-3.15906579459,-4.12345000871,,,,-1.34152784201,,-1.67645713073,,,-0.89419943846,-1.43358950372,-2.09612692288,-0.397140354848,-0.596839271231,,,-3.0538630042,0.481131523848,,-2.57228672982,-1.10648119925,-1.08493912114,-0.535016425404,-1.23162733103,-3.49016285271,0.423046217352,,,,
HEIG04M,"BRICD5",ENSG00000182685,6.193895,-1.44711630062,-2.92032948624,-1.1528595686,,,,-1.55063184012,-0.998179762995,-1.92906776906,-1.32648489768,-2.38025793687,-0.802954771453,-2.48431504382,,,,,,-3.10233435464,-4.26297316959,,,,-0.466757281364,,-1.80454930665,,,-0.577823434867,-1.01701478336,-1.96921291525,-1.13763480991,-1.16630620884,,,-2.23524600208,-0.376026034355,,-3.18454349524,-1.14763443824,-1.45303856294,-1.1217521397,-1.59970560047,-3.3433428405,-0.32718362584,,,,
HIPC03F,"BRICD5",ENSG00000182685,5.767004,-0.579252806825,-2.17154935787,,,,,-1.31376862526,-0.0622325905153,-2.6783630125,-0.268473572433,-3.48216313052,,-2.92372603854,,,,,,-3.72995178278,-3.00968199439,,,,0.15983250326,,-1.77173132852,,,0.624297857285,-2.25259047852,-3.36134191347,-0.775214259685,-2.32373096018,,,-2.37584524582,,,-2.66497023312,0.410968130485,-2.34645479009,-1.38246227202,-3.89155125618,-3.91197729111,-2.3440863941,,,,
HIPC03,"BRICD5",ENSG00000182685,5.155672,-1.5533901358,-2.2598694372,,,,,-1.54226636887,0.245327779769,-2.86493170202,-1.68653030718,-2.71585723581,-0.408165097237,-3.09925084706,,,,,,-3.71626186425,-2.99620225908,,,,-0.176207739149,,-2.32120693787,,,-1.17314005331,-2.41971404509,-4.77772660694,-0.619764571198,-2.57121228626,,,-2.73020737029,,,-2.83462034361,0.151557483723,-2.08437228989,-0.929836581122,-3.86474728584,-3.88574671745,-3.21570045127,,,,
HIPC04F,"BRICD5",ENSG00000182685,5.636125,-0.391102867956,-2.13558913412,,,,,-1.29201304913,-0.0431237944617,-2.63401027466,-0.139734153271,-3.37872514487,,-2.87531011691,,,,,,-3.66818508255,-2.959842845,,,,0.184897750744,,-1.74239209901,,,0.905512809753,-2.22685742755,-3.25922018599,-0.762376979802,-2.28525082299,,,-2.35335762924,,,-2.62083930353,0.404162621045,-2.27497663283,-1.35956911585,-3.82710838318,-3.84719634056,-2.30526918311,,,,
HIPC04,"BRICD5",ENSG00000182685,6.001501,-1.23452513474,-2.20351133873,,,,,-1.50380432606,0.255795769344,-2.79348415375,-1.56597739028,-2.64191980225,-0.397985994816,-3.02195964643,,,,,,-3.62358321699,-2.9214808751,,,,-0.114747384227,,-2.26331914613,,,-0.829732647615,-2.37243554864,-4.641808258,-0.604308522134,-2.50708968074,,,-2.70358612427,,,-2.76392862668,0.156238162755,-2.03239084294,-0.90664771375,-3.76836538315,-3.78884124756,-3.13550503563,,,,
LEAN04B,"BRICD5",ENSG00000182685,14.867292,-7.40765235259,-6.0700758384,-6.85031986237,,,,-6.73209958364,-5.19555989656,-6.99684237751,-5.33407382239,-6.80012816163,-3.19242751802,-5.2677826622,,,,,,-5.40600040018,-6.35902416066,,,,-2.01614729106,,-7.29664010866,,,-5.18789752313,-5.53694654708,-6.92467716276,-5.49226192821,-5.34510644783,,,-2.94537162463,-4.42540903888,,-6.60709860167,-6.15289462865,-7.05439278164,-6.3310978308,-6.98344716236,-7.37136708722,-4.1290105551,,,,
LEAN04F,"BRICD5",ENSG00000182685,5.428291,-4.09066337227,-5.43732340035,-3.55540442467,,,,-3.49926901026,-2.78044363693,-3.73642129877,-3.10583140792,-4.07319075354,-2.0276445366,-3.0208354008,,,,,,-3.05397220395,-4.2757000807,,,,-1.69680552159,,-3.96831006362,,,-2.40915187737,-3.28782869081,-4.79123336303,-2.70860320021,-2.96626099027,,,-1.47329846351,-2.51518078567,,-3.73683428296,-3.71846332939,-3.98590556781,-3.33675823004,-3.62049165852,-4.45760301947,-2.35862246693,,,,
LEAN04M,"BRICD5",ENSG00000182685,13.967542,-7.45919710868,-3.21658092842,-7.21205568314,,,,-7.080446408,-5.35258016316,-7.21791782215,-5.14370271426,-6.40525560352,-2.84641449762,-5.15035837883,,,,,,-5.34645316559,-5.34096161941,,,,-1.22046226698,,-7.43016752107,,,-5.84949889222,-5.25485942159,-5.62768021106,-5.97537221136,-5.36109575284,,,-3.17788550051,-4.35675324193,,-6.52846119826,-5.74573578426,-6.97660441356,-6.59122319876,-7.35726092965,-6.88358431105,-4.04889468028,,,,
LEAN04,"BRICD5",ENSG00000182685,17.121886,-8.31095170369,-5.25570880706,-7.84845733643,,,,-7.69342408982,-5.84906047993,-7.88073122109,-5.71020148205,-7.27209229415,-3.23376594076,-5.7475038246,,,,,,-5.91126307362,-6.51769024373,,,,-1.6922293462,,-8.17654977247,,,-6.06912325427,-5.96000389603,-6.9687061755,-6.29293424524,-5.89449591787,,,-3.40018740871,-4.81043230702,,-7.27222723361,-6.5554706121,-7.81017681144,-7.23242021164,-7.99543935886,-7.92371650971,-4.47736158974,,,,
LEAN05B,"BRICD5",ENSG00000182685,14.504858,-7.3481767964,-5.99846165642,-6.76398277283,,,,-6.66431935733,-5.27519172019,-6.85081707034,-5.1389045411,-6.69070621427,-3.14000071337,-5.08277777077,,,,,,-5.26576544612,-6.19252436958,,,,-2.01646623268,,-7.15454714581,,,-5.1197286596,-5.40991669711,-6.64614164124,-5.33150812643,-5.21105714225,,,-2.88275800663,-4.26194904814,,-6.46382996885,-5.97080661129,-6.9055862663,-6.20531101888,-6.88873294326,-7.24502882226,-3.97382257015,,,,
LEAN05F,"BRICD5",ENSG00000182685,4.984347,-4.06262976105,-5.35307781351,-3.49120950699,,,,-3.46800240258,-2.93047740481,-3.60767267066,-2.90417855604,-4.00315958729,-2.01260630243,-2.84760075554,,,,,,-2.93514598824,-4.12502461606,,,,-1.68271883218,,-3.84431464695,,,-2.38299928276,-3.19701025652,-4.50229711052,-2.56475957422,-2.85860413299,,,-1.44635774234,-2.37671509621,,-3.61892099614,-3.56024228376,-3.85932124994,-3.24627656491,-3.54967248579,-4.35471797481,-2.2284166572,,,,
LEAN05M,"BRICD5",ENSG00000182685,13.789360,-7.44002352241,-3.21346423056,-7.19574165344,,,,-7.0499127814,-5.32032346695,-7.18493099241,-5.10960026327,-6.34689328012,-2.79016391843,-5.09483875537,,,,,,-5.29630925873,-5.28372880412,,,,-1.24450555325,,-7.39825089563,,,-5.80341330691,-5.18733891073,-5.56524948706,-5.92967060181,-5.30688233503,,,-3.12473455668,-4.28628346472,,-6.47911730725,-5.67736022894,-6.93240208508,-6.53623072715,-7.33625261289,-6.84365873807,-3.97952178546,,,,
LEAN05,"BRICD5",ENSG00000182685,15.629376,-8.25616921013,-5.22108604288,-7.77886152267,,,,-7.62646131387,-5.87192268616,-7.76761127955,-5.57600756714,-7.16741710581,-3.15685727542,-5.59310048826,,,,,,-5.78996058532,-6.37518269603,,,,-1.70654955508,,-8.06232818139,,,-6.00075872002,-5.83869419234,-6.76561473131,-6.16000372931,-5.77061569187,,,-3.32234111926,-4.66031359421,,-7.14557061147,-6.40721704132,-7.68117513692,-7.12242576764,-7.9168907019,-7.8099794847,-4.33458382712,,,,
LEAN06B,"BRICD5",ENSG00000182685,22.586868,-10.3378332651,-5.88724126391,-9.69870090485,,,,-9.58580370615,-7.35890260128,-9.80301508929,-7.24723547335,-10.6046741695,-5.87467424979,-8.59595999166,,,,,,-7.82533272439,-7.78191832166,,,,-1.96908527579,,-10.1929450903,,,-7.40020399224,-8.25461726625,-9.25041196227,-7.9445087373,-8.07073909529,,,-4.64954682505,-6.86201236267,,-9.16195944462,-7.50725322651,-9.93082745929,-7.79896215426,-9.99804708597,-9.62854470951,-6.54572048677,,,,
LEAN06F,"BRICD5",ENSG00000182685,14.932074,-6.74792067416,-4.49720814872,-6.31696653366,,,,-6.49761651523,-4.96233407188,-6.53640894614,-5.36681121115,-7.95451915789,-5.02714239676,-6.4604465095,,,,,,-5.69375029628,-5.63508634964,,,,-1.55573780079,,-6.83298343465,,,-4.42291336695,-6.42835608068,-6.91468991093,-5.59876107463,-6.06511458678,,,-3.4584329945,-5.32729390867,,-6.52276186037,-5.27351349982,-7.00284690459,-5.2636195352,-6.61836131873,-6.49012720519,-5.17297014967,,,,
LEAN06M,"BRICD5",ENSG00000182685,17.934383,-9.57642226843,-4.42668186733,-9.00372505188,,,,-8.50049262562,-6.56911397952,-8.86352516377,-5.71878633286,-8.2064703794,-3.57273988275,-6.63260628163,,,,,,-6.33232404443,-6.34164877946,,,,-1.4035579837,,-9.15957551442,,,-7.48565359769,-6.0178686268,-7.19524722582,-6.71060855593,-6.22774260499,,,-3.64363947856,-5.02840543924,,-7.63669107334,-6.36613019822,-8.38280067101,-6.95086699511,-9.11505869354,-8.6007678098,-4.65341307248,,,,
LEAN06,"BRICD5",ENSG00000182685,29.720904,-11.1991566702,-5.82467509953,-10.5063276291,,,,-10.1827931853,-7.86215458073,-10.4306764029,-7.2613759183,-10.6358453133,-5.34190107805,-8.55307300249,,,,,,-7.9981359951,-7.93507733026,,,,-1.78587551574,,-10.8637337737,,,-8.26411761854,-8.15163886623,-9.31565273412,-8.25412312785,-8.09677886457,,,-4.71035786757,-6.75005973813,,-9.44458956496,-7.75734818555,-10.3638066521,-8.31340948961,-10.740367039,-10.17563771,-6.37706628992,,,,
