code,target,ENSEMBL,association,Adipose_Subcutaneous,Adipose_Visceral_Omentum,Breast_Mammary_Tissue,Muscle_Skeletal,DGN_Whole_Blood,Whole_Blood,Artery_Aorta,Artery_Coronary,Artery_Tibial,Heart_Atrial_Appendage,Heart_Left_Ventricle,Spleen,Brain_Amygdala,Brain_Anterior_cingulate_cortex_BA24,Brain_Caudate_basal_ganglia,Brain_Nucleus_accumbens_basal_ganglia,Brain_Putamen_basal_ganglia,Brain_Cerebellar_Hemisphere,Brain_Cerebellum,Brain_Cortex,Brain_Frontal_Cortex_BA9,Brain_Hippocampus,Brain_Hypothalamus,Brain_Spinal_cord_cervical_c-1,Brain_Substantia_nigra,Nerve_Tibial,Cells_Transformed_fibroblasts,Cells_EBV-transformed_lymphocytes,Colon_Sigmoid,Colon_Transverse,Esophagus_Gastroesophageal_Junction,Esophagus_Mucosa,Esophagus_Muscularis,Liver,Minor_Salivary_Gland,Small_Intestine_Terminal_Ileum,Stomach,Adrenal_Gland,Pituitary,Pancreas,Thyroid,Lung,Ovary,Prostate,Testis,Uterus,Vagina,Skin_Not_Sun_Exposed_Suprapubic,Skin_Sun_Exposed_Lower_leg
ATOP01,"RERE",ENSG00000142599,5.813326,2.72530988432,3.21775137401,3.04167708759,0.367748051894,4.0257768520508845,2.5177451367,,,,,,2.31127444322,,,,,,,,2.3937624106,,,,,,3.36683288487,4.26861562947,,,,,3.39010238846,,,,,,,,1.37261458096,-0.237707328022,4.11348654838,,,-3.38259217625,-1.10014033318,,2.66034799187,2.89264169315
BFPC02B,"RERE",ENSG00000142599,7.440800,4.02296604371,5.23904286842,5.31202941858,-1.79197944811,5.015980805991208,3.6478179458,,,,,,2.51832088658,,,,,,,,3.55328770839,,,,,,4.68245820089,5.42940292233,,,,,4.55536325094,,,,,,,,3.55445174256,3.76210852694,5.41029257853,,,-2.69342252917,-0.0804240480065,,4.56148134524,4.19143763283
BFPC02M,"RERE",ENSG00000142599,5.906578,3.27715876211,4.20721262122,4.45007095208,-1.39601988822,4.544362949327314,3.39655636076,,,,,,2.5996794435,,,,,,,,2.85249648727,,,,,,4.07560339578,4.69808260675,,,,,4.02326651391,,,,,,,,2.97699611097,3.44155818819,4.79879122336,,,-3.13693778316,0.0576555505395,,4.10376031567,3.70253770143
BFPC02,"RERE",ENSG00000142599,7.636520,3.92868202345,5.14004016976,5.13383915584,-1.89411073993,4.7530626687664235,3.41553541803,,,,,,2.29367637802,,,,,,,,3.47110850661,,,,,,4.44648585771,5.22890325649,,,,,4.35984756863,,,,,,,,3.44117943235,3.58001735988,5.15568406487,,,-2.31750621003,-0.0939297005534,,4.34174808179,3.99960160037
BFPC03B,"RERE",ENSG00000142599,7.394770,4.02339456207,5.21230522523,5.24386285035,-1.82478790858,4.972654101785243,3.58868270649,,,,,,2.47867350729,,,,,,,,3.58419181983,,,,,,4.61370591565,5.35450678616,,,,,4.53206998511,,,,,,,,3.52631621001,3.75379983047,5.32472185152,,,-2.62077499776,-0.169122859836,,4.50866021178,4.1414209903
BFPC03M,"RERE",ENSG00000142599,5.676727,3.28782896583,4.2126260275,4.44301572548,-1.38964686056,4.566635221436406,3.40840382845,,,,,,2.6016777764,,,,,,,,2.88570315131,,,,,,4.0724703951,4.69825105006,,,,,4.05004322704,,,,,,,,2.99010120802,3.42616308832,4.81044065483,,,-3.14871813254,0.0450455509126,,4.11343800997,3.71188170026
BFPC03,"RERE",ENSG00000142599,6.991144,3.92289583337,5.11197703228,5.05056028068,-1.9312611912,4.700630763169061,3.34900075112,,,,,,2.251614726,,,,,,,,3.49403938196,,,,,,4.36568628942,5.13736440754,,,,,4.33017599428,,,,,,,,3.40268095175,3.57853800438,5.05209785188,,,-2.22874801845,-0.203432500362,,4.28088234452,3.94240850773
BFPC04B,"RERE",ENSG00000142599,13.292277,5.60067979724,6.91409471754,6.35728244141,-0.768190716069,6.303190223306746,4.4827966696,,,,,,4.36247945554,,,,,,,,3.90519174018,,,,,,5.9384339272,6.66344561545,,,,,5.29538467131,,,,,,,,4.72581261556,4.66086573142,6.68427572849,,,-4.00726410644,-1.95350527763,,5.60461415754,5.4357902559
BFPC04M,"RERE",ENSG00000142599,13.133866,4.71954747947,5.62534260129,5.48458375299,-0.732522333849,5.774231457871341,3.98207386292,,,,,,3.59960431152,,,,,,,,3.33308519138,,,,,,5.08572347609,5.9517703788,,,,,4.91542429229,,,,,,,,4.63108133913,3.71824563513,6.19359242833,,,-4.11197330466,-1.63634216785,,4.89120170027,4.53393205012
BFPC04,"RERE",ENSG00000142599,12.438899,5.50825287042,6.85659581576,6.232132918,-0.790762456773,6.019258512987516,4.29449714574,,,,,,4.30617043264,,,,,,,,3.80857410161,,,,,,5.77567202706,6.44694609731,,,,,5.03874944833,,,,,,,,4.45613159357,4.6409942362,6.38858469317,,,-3.68715732398,-1.9756218195,,5.44052421859,5.30911467035
BLOO06,"RERE",ENSG00000142599,13.028599,-3.95791370331,-3.54321105776,-4.4339859742,0.655310409938,-4.240207467870963,-2.9495024952,,,,,,-2.61278803648,,,,,,,,-5.31079487576,,,,,,-5.08483863037,-4.76349163602,,,,,-4.24814066556,,,,,,,,-4.28085766469,-1.85964794484,-5.09843617603,,,3.78973114052,0.500816881657,,-3.34825422208,-3.34914491841
BLOO07,"RERE",ENSG00000142599,15.628600,3.01086109172,5.08828616845,4.23885494429,-2.33177073804,6.895446253440598,4.6302000299,,,,,,3.60516852133,,,,,,,,2.17887321466,,,,,,3.88529364569,4.71700917395,,,,,5.44985753363,,,,,,,,3.32110705231,5.10279250962,6.35588675515,,,-5.27708734408,-1.3279337883,,6.44032211822,6.10644736126
BLOO08,"RERE",ENSG00000142599,5.838662,-1.34506563713,0.864289569445,-0.641742161239,-1.35561916339,1.002640161287463,0.521879483838,,,,,,0.642481274187,,,,,,,,-1.19709337032,,,,,,-0.615596436257,-0.476123842572,,,,,1.12856148716,,,,,,,,-0.017840699957,2.5214086046,0.500272237249,,,-0.887105321249,1.17000246048,,1.86905268037,1.29016494208
BLOO09,"RERE",ENSG00000142599,11.548982,-3.57887111709,-2.83636674178,-3.92082846238,0.27058332036,-3.418665093224328,-2.42655920197,,,,,,-2.18371495478,,,,,,,,-5.08155871226,,,,,,-4.62060191259,-4.21297205868,,,,,-3.57088180518,,,,,,,,-3.84798326089,-1.17677272778,-4.34538338129,,,3.17269825222,0.303905338049,,-2.52185968822,-2.57482868981
BLOO10,"RERE",ENSG00000142599,10.492252,-3.48207887906,-2.80573019245,-3.75117934484,-0.0444481832576,-3.41459623671377,-2.5913639451,,,,,,-2.2286480422,,,,,,,,-5.07836334765,,,,,,-4.47510128747,-4.1086247858,,,,,-3.61838855149,,,,,,,,-3.74251704852,-1.19067599807,-4.26826150364,,,2.93775607879,0.36287266016,,-2.48048101198,-2.56138622152
BLOO11,"RERE",ENSG00000142599,15.427036,-4.00798897965,-5.05095615954,-4.29721083865,0.0783802778694,-6.636188727527,-6.25038967596,,,,,,-3.29430002202,,,,,,,,-3.01984931569,,,,,,-5.47142254924,-5.5006018931,,,,,-6.05321671304,,,,,,,,-4.54822033788,-4.38926326578,-6.68470315596,,,4.56466230585,-2.36850786209,,-6.20868401775,-5.74106908362
BLOO12,"RERE",ENSG00000142599,14.228626,-4.35733642314,-4.15597508696,-4.70504518432,-0.119470786921,-5.237631710479491,-4.24218315926,,,,,,-2.97532179621,,,,,,,,-5.40488307005,,,,,,-5.67007008476,-5.35978461023,,,,,-5.26001765005,,,,,,,,-4.95090029999,-2.3348837755,-6.0156209917,,,4.15854069399,-0.424501657486,,-4.19945692598,-4.03716829718
BLOO13,"RERE",ENSG00000142599,12.431787,-4.0421203503,-3.50748851927,-4.47957273291,0.62373769508,-4.230518376943777,-2.95867322879,,,,,,-2.62851690118,,,,,,,,-5.3515880628,,,,,,-5.12631938369,-4.81583374959,,,,,-4.24643811757,,,,,,,,-4.2717684792,-1.85842834457,-5.10692234624,,,3.77258382365,0.424090236425,,-3.31797660786,-3.29977353509
BLOO16,"RERE",ENSG00000142599,12.866206,2.1578642849,4.53531358201,3.45624948621,-2.32254850748,6.412135056166812,4.17626543916,,,,,,3.44988332858,,,,,,,,1.40917109183,,,,,,3.16064146545,3.89361291566,,,,,5.06838301396,,,,,,,,2.97605439627,5.19519554228,5.78030717163,,,-4.85416669442,-0.950220942497,,6.21433582675,5.71453909734
BLOO17,"RERE",ENSG00000142599,22.152094,4.60594862291,6.57385521545,5.98880278597,-2.51989392187,8.845079381248521,6.24376659441,,,,,,4.65151093572,,,,,,,,4.00730856571,,,,,,5.94818345812,6.62457302083,,,,,7.26647260857,,,,,,,,5.14098995663,6.05629024892,8.55012208891,,,-6.98745086906,-1.17673826218,,8.04921007907,7.69475436129
BLOO18,"RERE",ENSG00000142599,20.034295,4.41605669284,5.98054346037,5.73731265464,-2.49803061502,8.060007794853014,5.45091315681,,,,,,4.39532064618,,,,,,,,4.10242387991,,,,,,5.56331124739,6.16385418304,,,,,6.67060168196,,,,,,,,4.86872005788,5.39631205702,7.91918345399,,,-6.40773195826,-1.42416059971,,7.258262259,6.99285066436
BLOO30,"RERE",ENSG00000142599,11.597257,-3.47336514829,-2.86284425075,-3.85720915608,0.276709663521,-3.4444842264553674,-2.44491965416,,,,,,-2.23993538804,,,,,,,,-5.01777570603,,,,,,-4.58794638634,-4.14499382813,,,,,-3.60306461977,,,,,,,,-3.86932945256,-1.20595398914,-4.33761273097,,,3.20645550595,0.417654156685,,-2.5650809831,-2.64218402299
BLOO31,"RERE",ENSG00000142599,19.997748,-3.92120179673,-5.79773600725,-5.29656386388,2.48503297753,-7.927714913191041,-5.29649014988,,,,,,-4.46852861846,,,,,,,,-3.7785197383,,,,,,-5.33358877115,-5.83350706154,,,,,-6.63518460255,,,,,,,,-4.89048025646,-5.54738687617,-7.78540831725,,,6.30758804883,1.09435343742,,-7.27502814133,-6.91656519163
BLOO33,"RERE",ENSG00000142599,12.979390,-2.15286497881,0.282224775646,-0.942742243456,-0.816137685425,-0.18136269926593948,0.43206486931,,,,,,0.74221633281,,,,,,,,-2.55342973779,,,,,,-1.85502043298,-1.86501810206,,,,,-0.557330674134,,,,,,,,-1.68789410848,2.62400820333,-0.910424413655,,,0.228818526708,-0.300101161003,,1.19715048238,1.05549856623
BODY06B,"RERE",ENSG00000142599,5.605251,3.54510140867,3.76143969208,3.65082686647,-1.18019846548,3.714163443291767,2.78359654479,,,,,,1.87519463337,,,,,,,,2.61241189141,,,,,,3.08489946992,3.44830828482,,,,,3.64059408893,,,,,,,,3.42244821394,2.93289270246,4.01952736498,,,-1.91262626621,0.0496516339481,,3.26886327938,2.74856349929
BODY08B,"RERE",ENSG00000142599,8.070970,3.57387461269,4.15377250144,3.09910145574,0.882115795554,4.132819170242113,2.81310623272,,,,,,2.44062167927,,,,,,,,1.53319331982,,,,,,3.46954674321,3.18328934143,,,,,3.83422105526,,,,,,,,4.2228987257,3.59684787432,4.27306901104,,,-2.56742831636,-2.10455322266,,3.63748566025,3.08438548975
BODY08M,"RERE",ENSG00000142599,8.849366,3.69974134065,3.71473896566,3.16901885943,-0.292834365433,4.022584862780809,2.97555548983,,,,,,2.01897328671,,,,,,,,1.57749501641,,,,,,3.42133786531,3.51062569423,,,,,3.76465430297,,,,,,,,3.87014578164,3.06624587662,4.27531167911,,,-2.94892375895,-2.41522955894,,3.370943879,2.92988523617
BODY08,"RERE",ENSG00000142599,6.996410,3.43711198105,4.1384799589,3.03164929464,1.0331467461,3.958342546120676,2.64281854725,,,,,,2.46664656358,,,,,,,,1.51124312445,,,,,,3.35426366096,3.02458955652,,,,,3.66864669779,,,,,,,,4.12194964233,3.6091773572,4.09115586784,,,-2.36814956918,-1.86481714249,,3.56618049293,3.00600113221
DEPR01,"RERE",ENSG00000142599,8.660827,-3.93846623149,-4.75413836523,-4.25573105377,-1.04761003748,-5.460570684204626,-5.18557807808,,,,,,-1.50262686838,,,,,,,,-1.99701707295,,,,,,-4.28035720388,-4.72835369178,,,,,-5.16188585259,,,,,,,,-3.98283991822,-3.90667809843,-5.43725098973,,,4.70725946775,0.524256706238,,-5.26302898775,-5.06928335342
EDUC01,"RERE",ENSG00000142599,5.769960,-1.11454083799,-1.61308093936,-1.08704335325,0.73802063722,-1.9321604760620614,-0.975399851947,,,,,,-1.64063477428,,,,,,,,0.120529092162,,,,,,-0.967382190742,-0.125791780358,,,,,-1.80336398366,,,,,,,,-2.03705971878,-4.33935474392,-1.71487302384,,,1.60803809707,-0.47318905592,,-2.79750230136,-2.04016601
EDUC03,"RERE",ENSG00000142599,12.458508,-1.8350381722,-2.66282131842,-1.82192581272,2.80165816399,-2.465159270439524,-2.59787807105,,,,,,-1.52228471378,,,,,,,,-0.45989713245,,,,,,-2.24905821074,-0.822771381604,,,,,-2.78485148688,,,,,,,,-2.64763187446,-5.54404682963,-1.96076244958,,,0.581048625204,0.988311707973,,-3.7130698837,-3.25793018859
FATM02B,"RERE",ENSG00000142599,6.058802,3.76374074566,4.40163681627,4.40331870396,-1.13252272647,4.0116294854899275,2.81856114334,,,,,,2.1017620881,,,,,,,,2.99628709035,,,,,,3.79688344801,4.30867118917,,,,,3.90582740724,,,,,,,,3.13474355093,3.76595868966,4.46423410317,,,-1.91290848345,-0.68903696537,,3.87259391527,3.31331782289
FATM02,"RERE",ENSG00000142599,5.859523,3.68275031978,4.37357055156,4.27090282757,-1.14914682445,3.8936327356590623,2.73077940514,,,,,,1.96147588331,,,,,,,,3.02252854254,,,,,,3.65372922247,4.17182005787,,,,,3.84063113445,,,,,,,,3.1688413071,3.6526033439,4.32573345975,,,-1.69030173671,-0.646412909031,,3.77004696727,3.25305956637
FATM04B,"RERE",ENSG00000142599,7.289485,4.08965309227,5.02464171088,4.1279652866,0.656593537431,4.346289146270579,2.79811745019,,,,,,3.22251852659,,,,,,,,2.23235871406,,,,,,4.24063679988,4.3113065099,,,,,3.7766603926,,,,,,,,3.72052145389,4.18327336439,4.67876053447,,,-2.59919702063,-3.18229293823,,4.06512482213,3.66455548785
FATM04M,"RERE",ENSG00000142599,6.857767,3.8223725332,4.22670080924,3.80669689046,-0.184386520445,4.182551338651912,2.80185342093,,,,,,2.78637159872,,,,,,,,1.83819586723,,,,,,3.7425606965,4.23960416026,,,,,3.69218807768,,,,,,,,3.46163305716,3.45334122982,4.57182573116,,,-2.78599741688,-3.00135397911,,3.70592056259,3.2231035613
FATM04,"RERE",ENSG00000142599,5.556018,3.95350239547,4.97739833509,4.01384089627,0.771735632695,4.112674253049908,2.60698273335,,,,,,3.16099699982,,,,,,,,2.21326371267,,,,,,4.1132597418,4.10071231964,,,,,3.56568212544,,,,,,,,3.56785348651,4.14327044108,4.42833122363,,,-2.36532872292,-3.06833076477,,3.9246445846,3.5507454896
MENA01F,"RERE",ENSG00000142599,5.505275,3.81072698248,4.28466201599,4.54931778748,-1.88906838979,4.606812445882153,3.34648652896,,,,,,3.5101711074,,,,,,,,3.84538529998,,,,,,3.89387469075,4.56766748504,,,,,4.34661439135,,,,,,,,3.19069666729,2.75889202446,4.81387638346,,,-4.30980238857,0.412463128567,,3.92947967403,4.13664303967
MENA02F,"RERE",ENSG00000142599,8.129918,4.81565404377,4.74243490841,5.01824814304,-1.78843329272,4.5924388267594445,3.75327061477,,,,,,3.73949790149,,,,,,,,4.99241743351,,,,,,4.49765222608,5.54307980145,,,,,4.27799738812,,,,,,,,3.2169708746,2.71680990945,5.02846947011,,,-4.20560971487,0.891101062298,,4.21723759526,4.60534438764
NEUR02B,"RERE",ENSG00000142599,5.856174,-3.69785573419,-3.72000765079,-3.76563988298,1.88032276996,-4.451704722475945,-4.47708819621,,,,,,-2.64384606077,,,,,,,,-3.71573900076,,,,,,-4.73133641931,-4.217053419,,,,,-3.85777476623,,,,,,,,-2.8880751796,-2.13371806529,-4.5804100527,,,3.89759135135,1.03364956379,,-3.79849568373,-4.10457033537
OSTE04,"RERE",ENSG00000142599,18.688225,-6.71230628656,-7.37373405584,-8.16441486457,3.39776035113,-7.877555314136693,-7.42626075983,,,,,,-4.75851711035,,,,,,,,-5.13170406142,,,,,,-8.16643775184,-8.19540452076,,,,,-6.47409624604,,,,,,,,-5.94959260864,-6.06831400063,-8.64730861679,,,5.90112642196,0.275433450937,,-7.83699231812,-7.53952528567
SCHI01,"RERE",ENSG00000142599,7.713521,4.27726908296,4.90397906757,5.01643748232,-1.50412949432,5.09374191085312,4.44749433576,,,,,,3.43065301158,,,,,,,,2.99922982382,,,,,,5.28588636474,5.62249757451,,,,,4.32107685059,,,,,,,,3.42939074309,2.68476477344,5.4914959113,,,-5.18031587952,-0.661019206047,,4.55878362339,4.84389249771
SCHI02,"RERE",ENSG00000142599,7.540638,4.08146321558,4.8388324853,4.82660419885,-1.60873966731,5.136661527231874,4.46176786133,,,,,,3.19195619266,,,,,,,,3.03227030394,,,,,,5.26125344388,5.47928151249,,,,,4.4265081153,,,,,,,,3.55682853305,2.68259768908,5.45422150301,,,-5.07100886518,-0.686813890934,,4.56789526127,4.80949449674
WAIS01,"RERE",ENSG00000142599,6.217907,2.32679856969,3.75600014575,3.07341223628,-2.29413733883,3.438012394865232,2.76824608284,,,,,,2.7980071927,,,,,,,,1.8351575632,,,,,,3.22029617907,2.91301841387,,,,,2.55745890322,,,,,,,,2.61434376787,3.78232974503,3.76087393874,,,-3.4273450639,-0.617316126823,,3.52555159496,3.16125322682
WAIS02,"RERE",ENSG00000142599,6.260072,2.23157375186,3.63649290117,2.97562332479,-2.22114322384,3.3286227907947907,2.66097528446,,,,,,2.70898108756,,,,,,,,1.7767670925,,,,,,3.10410926589,2.80070169901,,,,,2.47492591762,,,,,,,,2.47264253459,3.66198473897,3.65494700361,,,-3.27437823288,-0.597674548626,,3.41337670864,3.06066947151
