code,target,ENSEMBL,association,Adipose_Subcutaneous,Adipose_Visceral_Omentum,Breast_Mammary_Tissue,Muscle_Skeletal,DGN_Whole_Blood,Whole_Blood,Artery_Aorta,Artery_Coronary,Artery_Tibial,Heart_Atrial_Appendage,Heart_Left_Ventricle,Spleen,Brain_Amygdala,Brain_Anterior_cingulate_cortex_BA24,Brain_Caudate_basal_ganglia,Brain_Nucleus_accumbens_basal_ganglia,Brain_Putamen_basal_ganglia,Brain_Cerebellar_Hemisphere,Brain_Cerebellum,Brain_Cortex,Brain_Frontal_Cortex_BA9,Brain_Hippocampus,Brain_Hypothalamus,Brain_Spinal_cord_cervical_c-1,Brain_Substantia_nigra,Nerve_Tibial,Cells_Transformed_fibroblasts,Cells_EBV-transformed_lymphocytes,Colon_Sigmoid,Colon_Transverse,Esophagus_Gastroesophageal_Junction,Esophagus_Mucosa,Esophagus_Muscularis,Liver,Minor_Salivary_Gland,Small_Intestine_Terminal_Ileum,Stomach,Adrenal_Gland,Pituitary,Pancreas,Thyroid,Lung,Ovary,Prostate,Testis,Uterus,Vagina,Skin_Not_Sun_Exposed_Suprapubic,Skin_Sun_Exposed_Lower_leg
ADIP07F,"GLYCTK",ENSG00000168237,3.908017,-1.87948098121,,,,-3.8944274520870596,-4.36461106036,-2.2129413827,,-3.8899190016,-4.55812023015,-1.55382110272,-4.21026502518,-4.3037126186,-3.22116654815,,,,-2.49785413481,-3.53879406169,-2.79526328518,,-5.0494014779,,,,-4.54509109836,,,,-3.77102950405,-3.90291378128,-3.39124057599,-4.37927354944,,-4.13222800962,,,-4.45730627443,-3.71388948849,,-4.34852357579,-2.40456935106,,-3.86012053296,,,,-2.87690241481,-3.42695142527
ADIP07,"GLYCTK",ENSG00000168237,4.418073,-2.08063197217,,,,-4.345261804684708,-4.63088046175,-3.30433413482,,-4.41944426412,-4.80326251778,-1.6339111421,-3.87764137417,-5.06857511155,-3.18505980665,,,,-2.77644068848,-3.46765301379,-3.37394441089,,-5.24655387373,,,,-4.6810416073,,,,-3.47372377695,-3.56560959676,-3.40943176825,-4.48229522832,,-4.24450468016,,,-4.87111239043,-3.68700673226,,-4.42366952298,-3.24978320336,,-3.2300409113,,,,-3.48186320072,-3.40075103628
BLOO02,"GLYCTK",ENSG00000168237,4.773477,2.41822551135,,,,4.809692079333942,4.64622540578,3.2881640368,,4.65154457156,4.91721371122,1.87630633282,4.23804550792,4.83859775579,4.6321299839,,,,2.85272874625,5.32239750921,3.56956807631,,4.97205989331,,,,5.45114330354,,,,5.43449400201,3.23611082192,3.91304422517,4.83858280313,,4.07092724267,,,4.91367532707,4.20438511663,,4.77267875028,4.24087293614,,3.53335065636,,,,4.06560326664,3.36658561552
BLOO03,"GLYCTK",ENSG00000168237,7.137761,3.05688809977,,,,5.351381659659049,5.35893963766,3.95860151277,,5.11511901356,5.51857476832,2.01253339651,4.79488425702,4.72268790712,4.83149933606,,,,3.53188268463,5.57383721772,4.0820514833,,5.45360954831,,,,5.90592766185,,,,5.63236856759,4.18615045689,5.04790674742,5.45526379922,,4.41963148415,,,5.16083844129,4.65231233907,,5.38792337657,4.86327909991,,4.10202486927,,,,4.37700959708,5.22341326913
BLOO04,"GLYCTK",ENSG00000168237,13.255754,5.24947942836,,,,6.882252089219083,6.85019727482,6.58539822616,,6.88888441532,6.88491626691,-1.4585498144,6.66184691129,5.18267693388,7.27690887705,,,,5.81798423876,7.27324442096,6.0172814476,,6.74334878621,,,,7.46687030652,,,,7.59846015651,4.87436686934,1.44522822946,7.01633539713,,4.66773700146,,,5.33194363528,6.17343822731,,4.60932389801,5.42929240344,,4.80011171823,,,,5.27325034473,4.46169948573
BLOO20,"GLYCTK",ENSG00000168237,6.172747,2.88250426328,,,,5.3004166481259185,5.31007734829,4.09528162867,,5.26593172981,5.61768771325,1.56899653334,5.00471377448,5.24828625177,4.81153346754,,,,2.30770587137,5.63433633401,4.24046613652,,5.81436361156,,,,6.13480477211,,,,5.94401932629,4.62449845881,5.21488212065,5.49010244452,,5.16769555443,,,5.21620975728,4.96285779075,,5.41997966728,5.2454070487,,4.51556688592,,,,3.92651103809,4.81100112865
BLOO21,"GLYCTK",ENSG00000168237,12.003199,4.50959624938,,,,5.704610178163926,5.67363401127,5.6804201511,,5.76376793288,5.70794586565,-2.33062447556,5.65836034322,3.95155509244,5.60305854986,,,,4.04557780935,5.98731070525,4.85799676666,,5.62409890603,,,,6.28163921235,,,,6.48361229831,4.41793891736,0.164928757342,5.86810508981,,4.01790906843,,,3.70601077135,5.16825318484,,3.30679149195,4.49976718956,,2.97465429338,,,,3.88540206744,3.32111378076
BLOO22,"GLYCTK",ENSG00000168237,13.042469,4.82570346428,,,,6.37443252097945,6.30700625375,6.15235959592,,6.39851313424,6.37568581337,-2.07713564657,6.22768305334,4.64349178306,6.22391710898,,,,4.33062230881,6.70771778331,5.32850913076,,6.31082948286,,,,7.03747457974,,,,7.2422539674,4.88303644919,0.775624264618,6.53328342859,,4.56932845678,,,4.38047907039,5.75175612292,,3.94904243264,5.07499340541,,3.46175490994,,,,4.35501590532,3.8328988792
BLOO36,"GLYCTK",ENSG00000168237,10.243204,4.71019220874,,,,5.85342167561983,5.85571322721,5.88645253513,,5.92239963705,5.85215220815,-2.32535304012,5.78034757425,4.14205348214,5.81785602039,,,,3.99556459181,6.13149865488,5.26715144775,,5.70998810229,,,,6.39074838789,,,,6.5217581724,4.38235810737,0.709155246126,6.00247296996,,3.86212115057,,,4.0360734371,5.28435300807,,3.2863254173,4.52617869454,,2.9955795529,,,,4.27661239291,3.73253592847
BODY08B,"GLYCTK",ENSG00000168237,5.924161,1.08492191526,,,,-1.6203897372882572,-1.41100077619,-1.29575071326,,-2.06147464949,-2.03778512622,-1.23637781154,-1.7235192481,-4.26832703349,-3.00221136607,,,,1.75594012552,-1.72508671631,-2.16998762793,,-3.27917124722,,,,-2.88356739445,,,,-3.73641753322,-1.43244458035,-3.69125289632,-1.83663673435,,-3.89344520983,,,-2.83522660934,-1.63954422566,,-2.50891739448,-1.97193764696,,-1.97661940919,,,,-3.95530639002,-0.93624574022
CROS01,"GLYCTK",ENSG00000168237,4.714488,1.94650810913,,,,3.5276333376672486,3.51426696682,3.28080094087,,4.09100018756,4.10713113925,2.6353384493,4.09642072543,4.51590570869,4.55571815311,,,,0.92945487772,4.01212481625,3.63008337359,,4.79924876027,,,,4.74307656075,,,,5.49979742739,4.74393662249,5.46906446232,4.04887656527,,4.95211000347,,,3.83094444041,4.25406763056,,4.4075400073,4.25649174778,,3.2919949898,,,,4.07972845017,3.93850710295
GLYC08,"GLYCTK",ENSG00000168237,3.863121,-1.10893978263,,,,-5.1945735166607445,-4.48438008845,-4.4194585427,,-4.70695713957,-4.71233617545,-2.25252634547,-3.80369236829,-5.01798662567,-3.54106137039,,,,-1.70314973504,-5.01495746171,-4.19861677684,,-4.27551723173,,,,-5.30751657327,,,,-5.2872024751,-4.259529946,-3.67081093095,-4.77958659873,,-3.07783607497,,,-5.24490598782,-4.75938744465,,-3.77588498463,-4.04069685804,,-1.5536410850065954,,,,-3.58571581999,-3.84436057799
HEIG03,"GLYCTK",ENSG00000168237,3.041723,0.21200174785,,,,2.999866055872496,2.72980455196,3.10646798369,,3.74834810166,3.59582846588,1.3950374965,4.01677160269,5.51726593242,4.72536456696,,,,-0.128613406961,1.68257463176,4.44279962575,,5.45576927648,,,,4.09189138009,,,,4.31732462096,4.7749307436,6.05347728905,3.5280136057,,5.81332267263,,,2.63673049059,4.55418640054,,4.78148290441,2.76368482555,,4.44461388881,,,,4.8985251865,2.95145877465
MENA02F,"GLYCTK",ENSG00000168237,6.213142,-4.54247780798,,,,-5.2208892581138135,-4.85893130157,-4.91449408889,,-4.09926193318,-4.3069577135,-4.70595155568,-4.19726325317,-1.76727785466,-4.49203892254,,,,-4.94753778143,-5.25908394232,-4.22276599702,,-3.78356100828,,,,-4.36348532505,,,,-3.85260159927,-2.30707492688,-3.35674446146,-4.39215714981,,-0.798187837864,,,-4.0234284974,-3.97890148109,,-3.29245504065,-3.39421138942,,-0.605748841013,,,,-4.3542729084,-4.34874854053
SCHI01,"GLYCTK",ENSG00000168237,6.966054,3.26299270687,,,,5.264237351714618,5.4292695992,2.87327640749,,5.42737411827,5.81019321985,2.37200929001,5.64210915843,5.17535418915,5.01430107805,,,,3.0716566054,6.52510119367,4.16361035871,,5.61554707455,,,,5.90209229786,,,,6.00969989518,3.5599012896,5.56728001778,5.56330965086,,5.10803626215,,,5.80625919951,5.05557047703,,6.25730475977,4.99905069229,,3.35401865116,,,,5.40370537739,3.91189656834
SCHI02F,"GLYCTK",ENSG00000168237,3.955264,2.34509672204,,,,4.257033980371957,4.42999280029,2.65255149947,,4.35068996958,4.73660676739,1.96138009955,4.505634832,4.47410910005,4.36755044486,,,,2.68742953973,5.17350595086,2.76936779172,,4.60840550113,,,,4.60525439517,,,,4.44600876467,2.8338926833,4.53489909381,4.47744628316,,4.17647922455,,,4.78930036903,4.35264305613,,5.2596461468,4.19366087676,,2.33368786117,,,,4.41108816317,3.81879564239
SCHI02,"GLYCTK",ENSG00000168237,6.065431,3.1359178424,,,,4.986959670138347,5.15588645656,2.89190836143,,5.12844305726,5.51946410253,2.05438191337,5.34817656698,5.08148205902,4.78706257752,,,,2.9563164705,6.27824573379,3.92763938014,,5.30989042921,,,,5.61295525416,,,,5.70079165291,3.28398473282,5.31953865362,5.24467145089,,4.82357154606,,,5.56553772114,4.76179915281,,5.91177242916,4.81750204409,,2.99467724746,,,,5.22783297073,3.69558843583
WAIS03F,"GLYCTK",ENSG00000168237,8.710634,4.39169550137,,,,6.589431070953465,6.31982255896,4.36337417546,,5.92022640322,6.14653822192,3.9186923233,5.66204348564,5.48376702159,4.40408913499,,,,4.72836421521,5.74265303472,5.03743319751,,5.41426783286,,,,6.18054114638,,,,6.24419444827,4.75840410567,4.77357268173,6.51684321157,,3.150498231,,,6.32488063306,5.64143593986,,5.0872134896,3.73387001014,,1.69500860053,,,,5.60117634013,4.14040352851
WAIS03,"GLYCTK",ENSG00000168237,6.255230,3.65298432326,,,,5.7165587325282265,5.28795593638,4.05751433543,,5.23863213257,5.30316027287,3.311187682,4.73525946604,5.72587245721,4.19855700404,,,,4.05797633126,4.95981020037,4.55313991891,,5.09572461086,,,,5.66175732589,,,,6.05742872406,4.36114558824,4.73333653802,5.73546519609,,2.85919532751,,,5.21823332102,5.13132911072,,4.66875878549,3.70322438328,,1.30305034629,,,,5.2525638399,4.18032780914
WAIS04F,"GLYCTK",ENSG00000168237,7.191634,4.44348876504,,,,6.510505728907222,6.27096848075,4.3073093386,,5.84732324885,6.03612901632,3.8674592801,5.58330929896,4.9396049476,4.28144605383,,,,4.6732373471,5.66546435155,4.99497528368,,5.31211464083,,,,6.06322230234,,,,6.19582231794,4.66462032988,4.5273582816,6.43226886838,,2.83310325497,,,6.24310422896,5.4494616575,,5.00585000597,3.93121339308,,1.77147281519,,,,5.51524889288,4.03507453823
WAIS04,"GLYCTK",ENSG00000168237,6.525259,3.79755166537,,,,5.671392144861549,5.30558447089,3.98354273492,,5.21643449667,5.28368822721,3.29523722369,4.75537005215,5.2839217261,4.10497269097,,,,4.04478988056,4.91678587895,4.49495598515,,5.08079249184,,,,5.5890183641,,,,5.89024519565,4.37046647684,4.54044550925,5.72102085067,,2.49451969706,,,5.16479176718,5.07097511532,,4.67169515894,3.83982636162,,1.46309390734,,,,5.20170476875,4.0708074262
WHIP05F,"GLYCTK",ENSG00000168237,5.927419,3.5408584538,,,,5.768129607567789,5.31698865799,3.2572818722,,4.84070492979,5.0769571542,3.22565544772,4.11992028766,4.28584542067,2.58338573312,,,,3.68194653705,5.30738884854,3.85516800968,,3.912108498,,,,5.50988021917,,,,5.93873078034,3.5998533699,3.08056621455,5.34993718019,,2.11367411591,,,5.62534403435,4.09271859192,,3.72247935931,3.28998149203,,0.647498208588,,,,3.63502236816,2.87714655829
WHIP05,"GLYCTK",ENSG00000168237,6.000061,3.10193650209,,,,6.224531467126291,5.60001977616,3.94933434089,,5.3264442087,5.45794394197,3.31921950522,3.88114669729,5.28290672641,3.37292584294,,,,3.58009830949,5.64278164489,4.04760350132,,4.28904162951,,,,6.03738784499,,,,6.10777537805,3.54863221162,3.40037324183,5.63679541379,,2.20443062884,,,5.85416325126,4.34242783758,,3.95782460855,3.69739594357,,-0.00041554474018,,,,3.84104156439,2.73107258867
WHIP06F,"GLYCTK",ENSG00000168237,5.372491,3.57769915464,,,,5.507950879665494,5.15726583732,3.09604283912,,4.52201758672,4.76308868677,2.93796865242,3.8010576488,3.41054602744,2.29147288328,,,,3.647350751,5.16703420865,3.6146784828,,3.48558317967,,,,5.1358520051,,,,5.59074372145,3.22626846296,2.42212685533,5.04704037881,,1.34019514994,,,5.44453674945,3.59709719104,,3.29817080627,3.28247571906,,0.38154008519,,,,3.34129076667,2.54378494562
WHIP06,"GLYCTK",ENSG00000168237,6.144451,3.23922289533,,,,5.96563383054017,5.42718681643,3.80326022836,,5.05995048975,5.22082027514,3.15009166001,3.60949368049,4.57248959252,3.06708281146,,,,3.51727974504,5.48775008894,3.75911307224,,4.03078967239,,,,5.73322218221,,,,5.86566683055,3.26874109798,2.85355549643,5.41972560884,,1.55455580177,,,5.60747832178,3.92420771951,,3.63404466989,3.6621830628,,-0.0745619167161,,,,3.67139183441,2.43002420545
