code,target,ENSEMBL,association,Adipose_Subcutaneous,Adipose_Visceral_Omentum,Breast_Mammary_Tissue,Muscle_Skeletal,DGN_Whole_Blood,Whole_Blood,Artery_Aorta,Artery_Coronary,Artery_Tibial,Heart_Atrial_Appendage,Heart_Left_Ventricle,Spleen,Brain_Amygdala,Brain_Anterior_cingulate_cortex_BA24,Brain_Caudate_basal_ganglia,Brain_Nucleus_accumbens_basal_ganglia,Brain_Putamen_basal_ganglia,Brain_Cerebellar_Hemisphere,Brain_Cerebellum,Brain_Cortex,Brain_Frontal_Cortex_BA9,Brain_Hippocampus,Brain_Hypothalamus,Brain_Spinal_cord_cervical_c-1,Brain_Substantia_nigra,Nerve_Tibial,Cells_Transformed_fibroblasts,Cells_EBV-transformed_lymphocytes,Colon_Sigmoid,Colon_Transverse,Esophagus_Gastroesophageal_Junction,Esophagus_Mucosa,Esophagus_Muscularis,Liver,Minor_Salivary_Gland,Small_Intestine_Terminal_Ileum,Stomach,Adrenal_Gland,Pituitary,Pancreas,Thyroid,Lung,Ovary,Prostate,Testis,Uterus,Vagina,Skin_Not_Sun_Exposed_Suprapubic,Skin_Sun_Exposed_Lower_leg
BLOO01,"CATSPER2",ENSG00000166762,21.762708,-0.802797334396,1.4089617927,-0.890341489859,1.66425771197,-3.717318009244393,-4.37803817463,,,1.11115519419,,,-0.0671424001899,,,,,,-1.61910327196,-1.65123588969,,,,,,1.97228227719,-0.268185589696,-1.07470198736,,,,0.640437250585,-2.68872487662,0.435214697015,,,,,,,,1.31393321684,-1.01428752912,,,,,,-0.956846101809,-0.653022718817
BLOO03,"CATSPER2",ENSG00000166762,12.505567,3.82453081593,0.413412940466,3.23248804344,0.180787589243,5.441661738249408,5.68735353381,,,0.591341904146,,,0.712508684018,,,,,,0.0127960316237,-0.554770211157,,,,,,-1.78310289713,2.32777582769,4.0452954334,,,,1.18068465253,4.13302304377,1.45323457434,,,,,,,,1.87243392895,3.37990918744,,,,,,3.49383108048,2.98333072563
BLOO20,"CATSPER2",ENSG00000166762,10.225235,3.66082589334,0.92029958129,3.14326352477,0.528681755765,4.9936072667457445,5.06931197671,,,1.08498999514,,,0.788253566506,,,,,,-0.261301955828,-0.632010937023,,,,,,-1.47675089734,2.17210067917,3.90159713145,,,,1.3680740171,3.80762282124,1.59283799721,,,,,,,,1.91940115431,3.26661988731,,,,,,3.49022226786,2.77529125103
BLOO26,"CATSPER2",ENSG00000166762,7.073025,1.74267070567,-0.979211107109,1.79035074663,0.0462706051263,3.4671487615561305,3.40339476699,,,-1.50709656562,,,0.484685167768,,,,,,0.777012279498,-0.908531132302,,,,,,-0.827262780501,0.47363482689,1.37975350386,,,,0.2573461836,2.63363417149,1.0670234122,,,,,,,,0.461493576909,1.42174034271,,,,,,1.03440938532,1.3606839635
BLOO28,"CATSPER2",ENSG00000166762,7.342648,1.74460238728,0.481731105887,1.32734943634,-0.0442272893575,3.6267974275140227,4.29721011865,,,0.442195615419,,,0.663316461975,,,,,,1.42025388866,0.282726036701,,,,,,-2.04457974431,2.21332949359,2.41831090687,,,,-1.20313214431,3.11287645153,0.954925864191,,,,,,,,-0.235031751775,2.12275518848,,,,,,2.14984448135,2.10265395467
BLOO33,"CATSPER2",ENSG00000166762,14.473906,-0.429489937487,1.83462300026,0.191471934726,1.67585656106,-3.305582916513391,-4.17671998564,,,1.43968031057,,,0.480797718529,,,,,,-1.36516866857,-1.27087372333,,,,,,0.785600925469,0.196609566836,-0.303152195656,,,,0.709547858954,-2.30018571202,0.243744642936,,,,,,,,2.48971593622,-0.273891853019,,,,,,-0.591618809463,-0.0984322847744
LEAN06B,"CATSPER2",ENSG00000166762,6.053803,1.96887373268,0.590399426303,2.18814924045,-0.39679253531,3.509221481974425,3.88848658855,,,0.631537534465,,,0.748406802381,,,,,,-0.67927750346,-0.0757148343904,,,,,,-0.340999571616,1.36120072289,2.71567517917,,,,1.20934881893,3.14874996936,2.27493831788,,,,,,,,0.620665249534,2.31973681598,,,,,,1.79309290695,1.60493303204
LEAN06,"CATSPER2",ENSG00000166762,5.610462,1.69797040551,0.450116860188,1.46114233822,-0.551365104756,2.6076883576027163,3.19044705652,,,0.300648299749,,,0.529251092168,,,,,,-0.757544026701,-0.0676569195849,,,,,,0.11029277904,1.22962536008,1.78134061271,,,,1.31792530935,2.52087702878,2.16382670894,,,,,,,,-0.00478644587743,1.67750123849,,,,,,1.4601709624,1.07889807691
TRGL03,"CATSPER2",ENSG00000166762,5.846246,-0.687052283467,2.02724857389,0.931799222763,1.40060008792,-3.7591756838904162,-4.90953818439,,,1.56210155197,,,0.380025256156,,,,,,-1.10319233881,0.366324474263,,,,,,1.59343323748,0.693264377397,-0.943969467168,,,,1.4822158773,-2.79400201338,-1.38168113826,,,,,,,,3.16252660269,-0.759921844304,,,,,,-0.988454959404,0.288678404575
