code,target,ENSEMBL,association,Adipose_Subcutaneous,Adipose_Visceral_Omentum,Breast_Mammary_Tissue,Muscle_Skeletal,DGN_Whole_Blood,Whole_Blood,Artery_Aorta,Artery_Coronary,Artery_Tibial,Heart_Atrial_Appendage,Heart_Left_Ventricle,Spleen,Brain_Amygdala,Brain_Anterior_cingulate_cortex_BA24,Brain_Caudate_basal_ganglia,Brain_Nucleus_accumbens_basal_ganglia,Brain_Putamen_basal_ganglia,Brain_Cerebellar_Hemisphere,Brain_Cerebellum,Brain_Cortex,Brain_Frontal_Cortex_BA9,Brain_Hippocampus,Brain_Hypothalamus,Brain_Spinal_cord_cervical_c-1,Brain_Substantia_nigra,Nerve_Tibial,Cells_Transformed_fibroblasts,Cells_EBV-transformed_lymphocytes,Colon_Sigmoid,Colon_Transverse,Esophagus_Gastroesophageal_Junction,Esophagus_Mucosa,Esophagus_Muscularis,Liver,Minor_Salivary_Gland,Small_Intestine_Terminal_Ileum,Stomach,Adrenal_Gland,Pituitary,Pancreas,Thyroid,Lung,Ovary,Prostate,Testis,Uterus,Vagina,Skin_Not_Sun_Exposed_Suprapubic,Skin_Sun_Exposed_Lower_leg
AMIN01,"CLEC18C",ENSG00000157335,5.979059,,,,,-1.0382861947155666,2.42253282063,0.478928609476,1.4504165312,1.66001341507,,,3.87456607815,,,,,,,-1.99645352813,,,,,,,-2.98036072866,,,,,,0.269156952196,,,,,3.76316447353,3.19509305187,2.73013791049,,4.09570685007,2.14108683283,,,3.82398416515,,,,
BFPC04B,"CLEC18C",ENSG00000157335,2.329754,,,,,1.901965457666952,3.5532624636,3.29936353051,3.35453560612,2.69710710491,,,3.10294361706,,,,,,,1.20283901147,,,,,,,-5.60131024941,,,,,,-2.77522975771,,,,,2.2731524695,2.4575216523,2.60712305571,,3.43763499772,3.11138392773,,,2.69045418929,,,,
BFPC04M,"CLEC18C",ENSG00000157335,1.979514,,,,,3.1632043400737673,4.06651928338,4.06635823837,3.77055832928,3.50334344178,,,3.76765956555,,,,,,,0.276593684739,,,,,,,-5.17522480601,,,,,,-1.35843152862,,,,,2.95227020446,2.56629391686,2.9384410989,,3.82085069159,3.80912574041,,,2.99235922167,,,,
BFPC04,"CLEC18C",ENSG00000157335,2.164043,,,,,1.530647479544439,3.26947519421,2.97662349895,3.09894055687,2.39434248528,,,2.76100703234,,,,,,,1.36744784878,,,,,,,-5.41147404606,,,,,,-2.94312795637,,,,,2.01530010861,2.35720254185,2.38077362098,,3.18010200296,2.80354944846,,,2.51160631186,,,,
BLOO11,"CLEC18C",ENSG00000157335,5.098073,,,,,-4.472990939502483,-4.59257686445,-3.91532169867,-3.59964550438,-4.39917768312,,,-5.10886566776,,,,,,,1.19603559168,,,,,,,2.28008665385,,,,,,-2.79745018089,,,,,-4.70658848494,-3.6423952246,-4.43162001655,,-4.64003823677,-4.73746167102,,,-4.37751522569,,,,
BODY06B,"CLEC18C",ENSG00000157335,1.430919,,,,,2.6540497593451513,4.0576852502,4.030997323,4.67752586405,3.5126401176,,,3.76113717914,,,,,,,-0.846395041988,,,,,,,-5.79725183182,,,,,,-0.968740987274,,,,,2.99071503583,3.01609424076,3.76587713649,,3.92497541792,3.82085357641,,,2.96538873209,,,,
BODY06M,"CLEC18C",ENSG00000157335,0.793363,,,,,3.0561199727697055,3.47239546215,3.818683205,3.97285106094,3.28835837234,,,3.17384901598,,,,,,,-1.34112951917,,,,,,,-4.86187851933,,,,,,0.094146788508,,,,,2.3145149609,2.31431647298,3.17050010043,,3.06646467719,3.33231343313,,,2.49847976001,,,,
BODY06,"CLEC18C",ENSG00000157335,1.666190,,,,,2.424165464496009,4.01442754396,3.86366450506,4.57524393574,3.39572041375,,,3.70075192803,,,,,,,-0.742772349566,,,,,,,-5.68009098978,,,,,,-1.13015018209,,,,,3.0458732797,3.08762715241,3.71787980987,,3.93884632107,3.76432687179,,,2.96197721273,,,,
BODY07B,"CLEC18C",ENSG00000157335,1.342246,,,,,2.5511564591258766,4.02660571457,3.99280643876,4.62032386691,3.48575185634,,,3.80570748409,,,,,,,-0.927085207091,,,,,,,-5.86921536723,,,,,,-1.01121208204,,,,,2.97531226843,3.10114496843,3.70848270143,,3.91512255198,3.78176719512,,,2.92175842034,,,,
BODY07M,"CLEC18C",ENSG00000157335,0.753009,,,,,3.036561863618583,3.47346500393,3.80165951356,3.92073866225,3.2792077613,,,3.19280579193,,,,,,,-1.34095684645,,,,,,,-4.85875656638,,,,,,0.113909436295,,,,,2.34297378849,2.34963924249,3.13780616551,,3.08182948215,3.32816383619,,,2.51012992726,,,,
BODY07,"CLEC18C",ENSG00000157335,1.519936,,,,,2.303833839995113,3.97518578022,3.82555209631,4.52294581166,3.36692349255,,,3.74840770713,,,,,,,-0.839161008872,,,,,,,-5.76997546469,,,,,,-1.177937694,,,,,3.01825454992,3.180291969,3.65796274996,,3.92112382554,3.71955643905,,,2.90734191175,,,,
BODY08B,"CLEC18C",ENSG00000157335,2.930295,,,,,3.4361174539920567,5.07189909684,4.95663310103,5.84112056409,4.09842093784,,,4.34080612569,,,,,,,0.367796932692,,,,,,,-7.27545913625,,,,,,-2.29288709299,,,,,2.98696952287,3.34181399033,3.93019124326,,4.60143504666,4.52682465619,,,3.38496011146,,,,
BODY08M,"CLEC18C",ENSG00000157335,2.987838,,,,,4.0988231707399825,4.78566707803,4.88779169774,5.38311381017,4.23917802549,,,4.18626988236,,,,,,,-0.99098890188,,,,,,,-5.98056586442,,,,,,-1.10409151649,,,,,3.08496375758,2.44793366015,3.56902766642,,4.10543198645,4.41777532811,,,3.31828546716,,,,
BODY08,"CLEC18C",ENSG00000157335,2.565208,,,,,2.991690143639433,4.78668569618,4.59445673272,5.51528214846,3.78405211131,,,4.08734324144,,,,,,,0.658194019925,,,,,,,-7.10068347574,,,,,,-2.4049387153,,,,,2.784192165,3.40627654528,3.7438974569,,4.40864642442,4.22058940577,,,3.20346782008,,,,
FATM04B,"CLEC18C",ENSG00000157335,1.674546,,,,,2.579218049752458,3.895075163,3.80408503322,3.97948052899,2.90834416821,,,2.99296801652,,,,,,,0.0203444705257,,,,,,,-5.61529256415,,,,,,-1.90767043796,,,,,2.38149778712,2.54436520928,2.49728909237,,3.27256021738,3.45839986405,,,2.61152347716,,,,
FATM04M,"CLEC18C",ENSG00000157335,2.069581,,,,,3.386164650224261,3.94865175319,4.07294207825,3.8971402108,3.45923257381,,,3.35654796258,,,,,,,-0.668284016321,,,,,,,-4.95067500356,,,,,,-0.740494653276,,,,,2.67339379822,2.1430016701,2.64399671939,,3.22869773555,3.66183633513,,,2.8105223731,,,,
FATM04,"CLEC18C",ENSG00000157335,1.491996,,,,,2.227913683467096,3.66662159133,3.51303599464,3.76546752563,2.62213438847,,,2.73234041529,,,,,,,0.209266562956,,,,,,,-5.44655473275,,,,,,-2.05446938818,,,,,2.19989226986,2.563306035,2.3185690218,,3.1095676971,3.21173829025,,,2.45098517621,,,,
GLYC15,"CLEC18C",ENSG00000157335,7.230896,,,,,-3.756559747576487,-0.70718385189,-2.61883632344,-1.60736524696,-0.708819622069,,,0.772362131751,,,,,,,-0.565812515477,,,,,,,-0.209974305606,,,,,,-0.552572698743,,,,,0.379940070834,-0.402296942773,0.585263286608,,0.998070893724,-0.719153457523,,,0.453894597546,,,,
MENA01F,"CLEC18C",ENSG00000157335,2.205630,,,,,-1.947887855950128,-1.51472551243,-2.3719085868,-4.3435865568,-3.50067885335,,,-2.86705306039,,,,,,,-0.00661506592163,,,,,,,5.18868250043,,,,,,4.21794483709,,,,,-0.0522748578254,-0.567782470932,-2.92149762734,,-1.79534504663,-1.30068922193,,,-0.270751277648,,,,
MENA02F,"CLEC18C",ENSG00000157335,2.284364,,,,,-1.4397340202880156,-1.74609215688,-1.72943313673,-4.06669840584,-3.30619153986,,,-3.39975262516,,,,,,,-0.548913128453,,,,,,,5.15956970131,,,,,,2.81182762815,,,,,-0.596339581783,-1.43552553751,-3.91960723932,,-2.11873237898,-1.79620871737,,,-0.310961812398,,,,
