code,target,ENSEMBL,association,Adipose_Subcutaneous,Adipose_Visceral_Omentum,Breast_Mammary_Tissue,Muscle_Skeletal,DGN_Whole_Blood,Whole_Blood,Artery_Aorta,Artery_Coronary,Artery_Tibial,Heart_Atrial_Appendage,Heart_Left_Ventricle,Spleen,Brain_Amygdala,Brain_Anterior_cingulate_cortex_BA24,Brain_Caudate_basal_ganglia,Brain_Nucleus_accumbens_basal_ganglia,Brain_Putamen_basal_ganglia,Brain_Cerebellar_Hemisphere,Brain_Cerebellum,Brain_Cortex,Brain_Frontal_Cortex_BA9,Brain_Hippocampus,Brain_Hypothalamus,Brain_Spinal_cord_cervical_c-1,Brain_Substantia_nigra,Nerve_Tibial,Cells_Transformed_fibroblasts,Cells_EBV-transformed_lymphocytes,Colon_Sigmoid,Colon_Transverse,Esophagus_Gastroesophageal_Junction,Esophagus_Mucosa,Esophagus_Muscularis,Liver,Minor_Salivary_Gland,Small_Intestine_Terminal_Ileum,Stomach,Adrenal_Gland,Pituitary,Pancreas,Thyroid,Lung,Ovary,Prostate,Testis,Uterus,Vagina,Skin_Not_Sun_Exposed_Suprapubic,Skin_Sun_Exposed_Lower_leg
BLOO02,"B3GNT9",ENSG00000237172,4.446105,3.52731632042,,,1.83663155943,5.779245666081537,,3.05056541226,,4.01401046762,,,,,,,,,,,,,,,,,2.56242125838,3.46640991418,,1.43046189327,3.88938948269,3.92530228258,2.37028821516,3.20209863455,,,,,,,,,,,2.42550082559,,,,2.35370610873,2.95631242562
BLOO03,"B3GNT9",ENSG00000237172,3.523183,2.57425398005,,,1.59457719521,5.394618397108832,,2.6371040462,,3.55145549645,,,,,,,,,,,,,,,,,1.94911242093,2.53850889483,,2.34495015824,3.11167776059,3.69522655211,1.74256313215,3.84094414274,,,,,,,,,,,3.65820948318,,,,2.47085513873,2.81329597226
BLOO07,"B3GNT9",ENSG00000237172,6.917430,-2.68531454612,,,-4.76169873363,2.306275318817234,,-2.26043962344,,-1.89304624357,,,,,,,,,,,,,,,,,-1.47543631179,-2.44726805906,,0.11254714722,-1.8307453693,-0.708337687455,-3.63245308594,-0.917116212691,,,,,,,,,,,1.74360752201,,,,-1.22478144031,-1.93237783932
BLOO11,"B3GNT9",ENSG00000237172,3.108948,-2.22292947555,,,-1.40329361807,-1.477925250630211,,-1.64741681033,,-2.50435109431,,,,,,,,,,,,,,,,,-0.845279313081,-2.70461130156,,-3.69993074175,-2.1943975859,-4.89455457815,-3.67108781023,-2.91564960021,,,,,,,,,,,0.614648283385,,,,-1.52578018577,-2.01653153564
BLOO16,"B3GNT9",ENSG00000237172,6.514108,-2.05126537495,,,-4.25777398657,2.4456474561500317,,-1.73183150348,,-1.4074161604,,,,,,,,,,,,,,,,,-0.935420856347,-1.94776557639,,-0.163200930997,-1.33408098407,-0.845485000835,-3.39433862185,-0.644896412271,,,,,,,,,,,1.86701128566,,,,-0.90281039587,-1.50860201473
BLOO17,"B3GNT9",ENSG00000237172,6.688246,-1.97112249975,,,-3.79049777491,2.295787623244517,,-1.67137430787,,-1.17286161984,,,,,,,,,,,,,,,,,-0.876798344214,-1.46341590134,,1.4585491912,-1.18367050941,0.525260458231,-2.52795116084,-0.0442104458361,,,,,,,,,,,1.70642222948,,,,-0.402917659219,-1.36723202057
BLOO18,"B3GNT9",ENSG00000237172,6.002356,-1.97094267191,,,-3.43365367204,1.888541935914408,,-1.49423698466,,-1.20050061545,,,,,,,,,,,,,,,,,-0.756020565544,-1.34945562521,,1.21278065607,-1.14542135806,0.0853357176739,-2.5163545992,-0.145844188742,,,,,,,,,,,1.6603478238,,,,-0.180305512099,-1.30851180969
BLOO20,"B3GNT9",ENSG00000237172,4.183759,3.30006051925,,,1.44901098962,5.70172485827637,,2.69966136181,,3.99116346735,,,,,,,,,,,,,,,,,2.26391962853,2.83621477021,,2.59914917655,3.4802791372,4.41261516436,2.12892301774,4.23080119242,,,,,,,,,,,4.05416097704,,,,2.68051726705,3.03443033564
BLOO26,"B3GNT9",ENSG00000237172,14.757508,-1.61050953672,,,-0.523204861222,-1.8300980967401914,,-1.0552640018,,-1.21494179944,,,,,,,,,,,,,,,,,-1.00163286143,-1.6776957673,,0.970929216253,-1.56605264031,-0.935521054964,-1.24910329187,0.249744585957,,,,,,,,,,,1.0194261262,,,,-0.138873473155,-0.544600772231
BLOO27,"B3GNT9",ENSG00000237172,17.536301,-1.15030364507,,,-0.930858010451,-1.6364674489763644,,-1.26569739487,,-1.02411046939,,,,,,,,,,,,,,,,,-0.914273588727,-1.81571255774,,1.40163589612,-1.53458517972,-0.250453984169,-1.05958409835,0.686949281142,,,,,,,,,,,1.79593262749,,,,-0.309749387005,-0.648216135762
CHOL22,"B3GNT9",ENSG00000237172,10.313614,1.49746502122,,,-0.712060900768,8.181129878888045,,-0.211943894777,,1.71045729143,,,,,,,,,,,,,,,,,-0.97787541171,-0.722469559424,,2.11249872926,0.97279264501,3.57666027572,0.57089303241,2.18125306504,,,,,,,,,,,1.00198973231,,,,1.70049885176,0.41274574046
LEAN06B,"B3GNT9",ENSG00000237172,6.315936,3.08756602797,,,4.47253412483,-1.9633834757327282,,3.2260779976,,2.50547869427,,,,,,,,,,,,,,,,,3.23056239566,3.27391847266,,2.54045521113,2.40788308132,2.45328955608,4.22921935464,2.75072239868,,,,,,,,,,,1.30722988046,,,,2.34868482344,2.59213392048
LEAN06,"B3GNT9",ENSG00000237172,6.335518,3.03688355154,,,4.51925517281,-2.360610976362259,,3.21202781202,,2.35983726527,,,,,,,,,,,,,,,,,3.23486723463,3.17622620987,,2.35068685723,2.25315772618,1.94015686271,3.37400817436,2.62026361551,,,,,,,,,,,1.38509736021,,,,2.66242863422,2.85249855434
OSTE04,"B3GNT9",ENSG00000237172,16.607321,0.396171602921,,,-0.623016185252,1.0877449441417133,,0.143617553768,,-0.199472562395,,,,,,,,,,,,,,,,,-0.203786580574,-0.126134315562,,1.9966046649,-0.422031315351,0.859485949778,-0.786666202847,-0.112253385098,,,,,,,,,,,0.836943331018,,,,-0.188773740755,-0.634746299392
