code,target,ENSEMBL,association,Adipose_Subcutaneous,Adipose_Visceral_Omentum,Breast_Mammary_Tissue,Muscle_Skeletal,DGN_Whole_Blood,Whole_Blood,Artery_Aorta,Artery_Coronary,Artery_Tibial,Heart_Atrial_Appendage,Heart_Left_Ventricle,Spleen,Brain_Amygdala,Brain_Anterior_cingulate_cortex_BA24,Brain_Caudate_basal_ganglia,Brain_Nucleus_accumbens_basal_ganglia,Brain_Putamen_basal_ganglia,Brain_Cerebellar_Hemisphere,Brain_Cerebellum,Brain_Cortex,Brain_Frontal_Cortex_BA9,Brain_Hippocampus,Brain_Hypothalamus,Brain_Spinal_cord_cervical_c-1,Brain_Substantia_nigra,Nerve_Tibial,Cells_Transformed_fibroblasts,Cells_EBV-transformed_lymphocytes,Colon_Sigmoid,Colon_Transverse,Esophagus_Gastroesophageal_Junction,Esophagus_Mucosa,Esophagus_Muscularis,Liver,Minor_Salivary_Gland,Small_Intestine_Terminal_Ileum,Stomach,Adrenal_Gland,Pituitary,Pancreas,Thyroid,Lung,Ovary,Prostate,Testis,Uterus,Vagina,Skin_Not_Sun_Exposed_Suprapubic,Skin_Sun_Exposed_Lower_leg
BFPC04M,"EIF6",ENSG00000242372,5.787227,-2.29359839775,,-2.77238024584,-2.22550301277,-3.48442679797661,-3.0955592694,,,-1.60909435516,-1.47845226848,-2.73911516846,,,,,,,,4.67075956959,2.83466745393,,,,1.07060726232,,-0.293297153283,2.55681889647,,,,,-1.93273521946,,,-1.53469039189,,,,,,-1.44839594425,-3.21028258637,,,-1.01417319262,,,-2.38543118471,-1.94031752181
BLOO04,"EIF6",ENSG00000242372,6.589999,2.99958519334,,1.7066832442,3.76244637937,1.4808519688686905,-0.265207525494,,,2.61133937315,2.29307912652,3.92770730246,,,,,,,,-4.26727631025,-2.78120815691,,,,-2.45269544914,,1.35855078919,-0.028294802049,,,,,3.54898469849,,,2.80654587218,,,,,,1.54149425086,3.33597213635,,,2.45755045096,,,4.05004382304,3.81407167344
BLOO21,"EIF6",ENSG00000242372,7.370346,3.38379487595,,1.30990488165,3.81527823627,2.186059970515629,-0.356689921951,,,2.28844558557,2.44701369308,3.69009379484,,,,,,,,-4.06899084908,-2.79102223985,,,,-2.67119828452,,1.13978846638,-0.0850843126977,,,,,3.17913348463,,,3.00497526577,,,,,,1.22724466321,3.49517325882,,,2.79032973523,,,4.29008028225,3.93901904008
BLOO22,"EIF6",ENSG00000242372,7.400226,3.19629984351,,1.32293072296,3.6138171782,2.195509464423914,-0.227957076918,,,2.2658459931,2.17038582124,3.51282829102,,,,,,,,-3.98652060159,-2.89765396697,,,,-2.50927863777,,1.05337156799,-0.390486553128,,,,,3.04760053231,,,3.04586906067,,,,,,1.12673872358,3.4801479985,,,2.55682048203,,,4.05389997033,3.69713727437
BLOO36,"EIF6",ENSG00000242372,8.122168,3.45177500152,,1.73521828221,4.21015301061,2.5067044089625394,-0.414038468852,,,2.82188948906,2.85392437326,4.3262383021,,,,,,,,-4.50300957603,-2.64251158198,,,,-2.78164618053,,1.552050718,0.399689898868,,,,,3.87392214444,,,2.82261459758,,,,,,1.75954924647,3.45851732973,,,2.91168380211,,,4.55648458142,4.31923295297
FATM04B,"EIF6",ENSG00000242372,7.405398,1.13590504351,,-1.12945364105,1.78380807024,-0.917620083866115,-2.11994282667,,,1.26276551289,2.59678312378,1.02342379905,,,,,,,,-1.12245027535,0.606047012026,,,,-1.18492942474,,1.18631677673,-1.91882202246,,,,,1.7851527768,,,0.651399957374,,,,,,0.426620751995,1.35227908588,,,1.05740314787,,,2.17717241644,2.26974051833
FATM04F,"EIF6",ENSG00000242372,5.662681,1.11822971267,,-0.968205548688,1.33906665543,-0.1332391951345382,-0.858970589627,,,0.437194647556,1.36734462584,0.716197922252,,,,,,,,-1.69516267754,1.02441573144,,,,-0.608424829856,,0.0942544070387,-2.88688905719,,,,,0.544125337217,,,0.370512162841,,,,,,0.403101774531,1.77077331291,,,0.81001936395,,,1.75231828196,1.60292430327
FATM04,"EIF6",ENSG00000242372,6.910307,1.19927658655,,-1.18451064558,1.78969905925,-0.8366762347008665,-1.99733506858,,,1.08566224894,2.43158449846,1.02640219386,,,,,,,,-1.32913744533,0.672569060426,,,,-1.17855467413,,0.939634082659,-2.24823449265,,,,,1.559947462,,,0.668960431917,,,,,,0.400240592671,1.54885766809,,,1.08130741702,,,2.23136715278,2.26021459785
HEIG02,"EIF6",ENSG00000242372,20.235420,4.6865811348,,2.45925319091,2.7909831792,-0.9943883333276432,1.84312539486,,,5.74628500718,5.42181301117,5.21623758728,,,,,,,,-6.15157874249,-4.06369975615,,,,-5.09402988473,,-0.447770467185,-4.06393844821,,,,,5.76040677759,,,5.07394969072,,,,,,1.81499861213,2.58920814609,,,-0.0137829414196,,,4.47616538979,4.00466562418
HEIG03,"EIF6",ENSG00000242372,39.800711,6.35517803831,,5.42935935439,6.12202822599,2.725022918513044,5.30908784622,,,3.82015102045,1.62069098933,7.64992522028,,,,,,,,-13.4575018541,-9.1912603983,,,,-5.46600745609,,-0.497874288444,-7.80197195975,,,,,7.95088904037,,,9.16402857859,,,,,,1.83321536302,9.61181600297,,,-1.31535197116,,,9.89221637786,7.16275485942
HEIG04F,"EIF6",ENSG00000242372,19.596845,2.47192706791,,3.20932183402,0.825116094219,1.9168570383611923,3.00493995848,,,1.31158599755,0.573691155925,2.6530831279,,,,,,,,-6.684583271,-5.2335538023,,,,-2.21630036633,,-0.0538896334787,-4.1869227072,,,,,2.69324920238,,,4.38271790841,,,,,,1.32998572546,4.97311015862,,,-1.03388538895,,,1.39075935836,0.773797160722
HEIG04M,"EIF6",ENSG00000242372,22.515074,2.36771430064,,3.19353766262,1.96130782601,1.9930632644787367,2.04744739749,,,3.6733509999,2.14103891942,3.12015833022,,,,,,,,-6.88544886368,-5.69845545995,,,,-1.78364831229,,0.572341321919,-4.14481412298,,,,,3.95732721689,,,3.59196494898,,,,,,0.567410280455,3.93219808025,,,-0.558276525435,,,2.55502965448,2.16309536641
HIPC01M,"EIF6",ENSG00000242372,10.015806,2.67068099976,,1.14795594923,2.26644360211,-0.14984480163409408,0.860709348376,,,3.09483835785,4.39250516891,3.04138483559,,,,,,,,-3.52035120802,-4.34108320646,,,,-1.06434385801,,0.89097083198,-2.40905861322,,,,,4.93720623038,,,3.97788967674,,,,,,1.40366240784,2.93539409247,,,-1.09929843479,,,3.16921077949,3.10856918613
HIPC01,"EIF6",ENSG00000242372,8.607110,-0.443223277308,,-0.232219951446,0.0327404804774,0.564200780227744,0.280927133813,,,-0.0378555897153,0.42113437969,0.805670531627,,,,,,,,-2.39525164802,-2.96348017864,,,,-0.397854976651,,-0.953757733786,-3.4634580881,,,,,0.965457883392,,,3.03686109741,,,,,,-0.654051075276,1.36348589158,,,-2.03708373296,,,0.908036019819,0.417104425509
HIPC02M,"EIF6",ENSG00000242372,9.314446,2.63866734505,,1.09954545477,2.18803071591,-0.018483184324607414,0.841917112988,,,3.06256191748,4.33985185623,2.99273578153,,,,,,,,-3.50691612682,-4.27594596927,,,,-1.51244243085,,1.0962721692,-2.45530397961,,,,,4.86135454004,,,3.66876860317,,,,,,1.52484134858,2.89832186559,,,-0.82770797538,,,3.12518489668,3.07130657178
HIPC02,"EIF6",ENSG00000242372,8.233543,-0.431087578528,,-0.168340072831,0.0550071955639,0.6928605047159971,0.369837009913,,,-0.0199307312184,0.409603534046,0.799457663146,,,,,,,,-2.41355320878,-2.93316604907,,,,-0.63727468993,,-0.826536462264,-3.42876525877,,,,,0.933520484094,,,2.67211608293,,,,,,-0.468412358597,1.35776720254,,,-1.83783674097,,,0.879355335854,0.405683941454
HIPC03F,"EIF6",ENSG00000242372,9.229641,-0.779360755413,,-0.432725855159,-0.7331493186,1.3275569193251198,-0.158603220456,,,-0.603891666854,0.516988898853,0.316038086397,,,,,,,,-2.09881030649,-2.70124924561,,,,-0.706174098507,,-0.109375582591,-2.94731215637,,,,,0.182495196616,,,2.75828355896,,,,,,-1.15825948549,0.637207762177,,,-0.802480538229,,,0.266518056492,-0.0174030938762
HIPC03M,"EIF6",ENSG00000242372,15.961022,4.16644001007,,1.29194646025,2.92631137733,1.0266117369591639,1.50712824058,,,3.78370207942,4.99788856506,4.07859424724,,,,,,,,-4.5571429462,-5.35038433212,,,,-2.51464291193,,0.849156609303,-4.40025721545,,,,,6.68862003682,,,4.98634603619,,,,,,0.943441565009,3.77170724688,,,0.949719511781,,,4.41895754742,4.07669786268
HIPC03,"EIF6",ENSG00000242372,16.077524,0.908745484757,,0.522502290137,1.07648944766,1.823425695872326,0.868016416695,,,0.633301798779,1.21278078484,2.1214763135,,,,,,,,-4.64779714407,-4.82435627629,,,,-1.984239981,,0.293739936157,-4.6894144174,,,,,2.27855191549,,,4.94394594383,,,,,,-0.339113660278,2.72646582099,,,-0.649750239166,,,2.78135838078,1.96169049574
HIPC04F,"EIF6",ENSG00000242372,8.623405,-0.766454795227,,-0.438367744533,-0.703854212595,1.5327355239703282,-0.134817516064,,,-0.63204865578,0.508427759695,0.316802010388,,,,,,,,-2.08118716919,-2.67249069075,,,,-0.58410847235,,-0.114151229951,-3.03005915268,,,,,0.18009541249,,,2.59462227343,,,,,,-1.21142804241,0.624451125439,,,-0.855039971495,,,0.251759343339,-0.0171149225874
HIPC04M,"EIF6",ENSG00000242372,17.821023,4.10002088547,,1.23913443259,2.85945308007,0.8464562787357496,1.46262640812,,,3.81720533664,4.91821479797,4.00265742473,,,,,,,,-4.54410076481,-5.19316171533,,,,-2.71901810878,,1.00309768812,-4.33464118227,,,,,6.56881581218,,,4.64907739253,,,,,,1.04033869663,3.69087034042,,,1.09274589099,,,4.34900202325,4.01170945431
HIPC04,"EIF6",ENSG00000242372,22.077659,0.886082681625,,0.501420679921,1.06541094806,1.7964343000211076,0.890907179268,,,0.646329433956,1.18253564796,2.06933279706,,,,,,,,-4.60307345822,-4.66274239528,,,,-2.01689558474,,0.313749769681,-4.66953082183,,,,,2.22661378205,,,4.55099471895,,,,,,-0.366084848888,2.64740781786,,,-0.59096407428,,,2.70715426118,1.91276853693
LEAN04B,"EIF6",ENSG00000242372,41.156126,5.51212463897,,3.83695223936,6.99019438577,4.168202687426745,1.82475743054,,,5.78754301944,7.70936923075,7.02776148946,,,,,,,,-9.04500519923,-5.57552980008,,,,-4.79679067465,,2.97311824674,-4.93161651977,,,,,7.50623946723,,,3.22551060153,,,,,,3.21762933301,6.94724620287,,,3.23160471834,,,7.69187899277,7.32210144841
LEAN04F,"EIF6",ENSG00000242372,14.578199,2.5917955857,,1.65830843741,3.36413311552,2.462614156601855,1.38953153219,,,2.09533428467,3.47205517662,3.47688384963,,,,,,,,-5.03828989174,-2.74969826817,,,,-2.90586648907,,0.219611961449,-3.09851290917,,,,,3.18567084727,,,1.47676442648,,,,,,0.97398357048,3.63157045252,,,1.83180363308,,,3.97423897506,3.57493679123
LEAN04M,"EIF6",ENSG00000242372,46.628489,6.17448914046,,4.49183934569,7.71956057946,3.9694271086551782,1.30311878808,,,7.33675719177,8.83797092746,7.62936414,,,,,,,,-9.04531873356,-6.06685456873,,,,-4.46357130879,,4.9513025633,-4.43792813726,,,,,8.88005212211,,,3.64567838088,,,,,,4.34123418193,7.27167922467,,,3.18072151544,,,8.11942297436,8.01501781196
LEAN04,"EIF6",ENSG00000242372,52.001954,6.44105987974,,4.58262458886,8.14010306391,4.42951763008938,1.63885384843,,,7.34430600671,9.23188553071,8.13320076322,,,,,,,,-9.98982816032,-6.40285442117,,,,-5.17615646538,,4.41916487988,-5.27714619892,,,,,9.14669740394,,,3.73407990628,,,,,,4.23555981677,7.81314686535,,,3.60692928888,,,8.76879554451,8.52510047188
LEAN05B,"EIF6",ENSG00000242372,49.631899,5.37777234081,,3.68761148235,6.87361576266,3.975673498712612,1.68211953481,,,5.65952923123,7.57199657392,6.92609592855,,,,,,,,-8.94584953343,-5.50226583578,,,,-4.80037037131,,2.84481429188,-5.09288102175,,,,,7.43753309365,,,3.22924062083,,,,,,3.12048866089,6.80753333142,,,3.09469965714,,,7.60411826268,7.24162700447
LEAN05F,"EIF6",ENSG00000242372,17.565814,2.48300018281,,1.542397509,3.31386061758,2.252409462686047,1.18912712015,,,2.07030820186,3.44564569153,3.42656449952,,,,,,,,-4.98241743944,-2.74085957575,,,,-2.95889156948,,0.193073170213,-3.276637915,,,,,3.23758896142,,,1.53694975574,,,,,,0.92591253175,3.52503847589,,,1.69281927881,,,3.95322514276,3.57720834328
LEAN05M,"EIF6",ENSG00000242372,50.731352,6.12880559148,,4.41731811789,7.63338186159,3.9441339411187553,1.33421109658,,,7.19385984569,8.68751555778,7.56815509082,,,,,,,,-9.00297972282,-5.98779158049,,,,-4.42272319914,,4.79660489917,-4.50161344109,,,,,8.74466338833,,,3.59297286361,,,,,,4.26579953347,7.21819223354,,,3.15222498651,,,8.04511228164,7.92112893049
LEAN05,"EIF6",ENSG00000242372,57.822521,6.35783364738,,4.47711718527,8.05229003884,4.326133101577443,1.57736061132,,,7.21832825677,9.0922538613,8.06601994929,,,,,,,,-9.93416992683,-6.33452504345,,,,-5.17664402351,,4.27358054432,-5.40048168472,,,,,9.05879179397,,,3.7206391483,,,,,,4.16168661413,7.72669084472,,,3.52561846917,,,8.70347515731,8.45295239735
LEAN06B,"EIF6",ENSG00000242372,70.622293,7.06468934613,,4.16259881471,8.85666970616,5.321230210506798,1.60951531318,,,7.36954748464,9.7235309642,8.60832596966,,,,,,,,-11.7993539958,-6.0028995663,,,,-5.26469479094,,3.79716659795,-7.5608417848,,,,,9.41930696755,,,4.74847863095,,,,,,3.51817795442,9.18345859987,,,4.07489822177,,,9.98199517845,9.40624765293
LEAN06F,"EIF6",ENSG00000242372,28.247629,4.01941383802,,2.2306314355,4.97114394332,3.5252869231380894,1.33026594057,,,3.87928057858,5.14811668283,4.73329488512,,,,,,,,-7.41850526596,-2.75861835541,,,,-2.78249573128,,1.35158418524,-5.20298435842,,,,,4.92185547287,,,2.67271119189,,,,,,1.44149354765,5.79474720155,,,1.98973855588,,,5.73654040577,5.24489016511
LEAN06M,"EIF6",ENSG00000242372,52.819587,7.46905874228,,4.61530108203,9.4701441321,4.855517157483002,1.05787286332,,,8.26590742237,10.8689412029,9.35686453994,,,,,,,,-11.3757054765,-7.36944339779,,,,-5.89397215579,,5.26312415025,-6.58891609478,,,,,10.6392227443,,,5.05420083181,,,,,,4.58642641022,8.81984353689,,,4.81878607333,,,10.4659646486,10.1101408099
LEAN06,"EIF6",ENSG00000242372,67.320917,8.05917075763,,4.89929244973,10.2107112644,5.69086971854982,1.48196184167,,,8.73153508338,11.4485027959,9.99901496161,,,,,,,,-12.9358388929,-7.41314013752,,,,-6.22362917367,,5.02768859777,-7.89190854156,,,,,11.2184409715,,,5.48390990272,,,,,,4.56238528007,10.1133260878,,,4.93265196782,,,11.4020738225,10.8834338978
WEIG04M,"EIF6",ENSG00000242372,7.004580,1.05786404298,,1.72521091729,0.332059777465,-0.3160146256169447,0.799042097856,,,1.17554878725,0.318218053326,0.635379350143,,,,,,,,-2.86748713515,-1.65483337721,,,,0.249160380874,,-0.083855368593,-1.85234748119,,,,,1.3561305538,,,1.19568984296,,,,,,0.46313318883,2.45306872949,,,-1.39834497864,,,0.549222131295,0.308700628354
WHIP03M,"EIF6",ENSG00000242372,6.383157,-2.83395028114,,-0.959557859127,-1.47343358933,-1.755782742024254,-1.43169387073,,,-3.14268053707,-1.55891489983,-2.70696698747,,,,,,,,3.00326296456,1.55562327597,,,,1.44514132839,,-0.292304561087,3.21354539749,,,,,-3.76243003781,,,-0.94261747241,,,,,,0.290255972229,-1.91119382358,,,-1.55118693348,,,-2.48005831497,-2.21650458121
WHIP03,"EIF6",ENSG00000242372,6.445269,-1.65254195379,,-0.176315086117,-0.983849184683,-0.5721074086784244,0.220258578215,,,-1.41648575285,-0.346307921416,-1.26940699179,,,,,,,,2.56032686994,0.246799871266,,,,0.855018574659,,-1.03610498358,2.94884428475,,,,,-1.88166232777,,,-0.836886774272,,,,,,-0.172143489617,-0.913966634493,,,-1.77534372162,,,-2.407262244,-1.96700682709
WHIP04M,"EIF6",ENSG00000242372,7.048119,-2.80468535423,,-0.966482978106,-1.45486329202,-1.4638242869363605,-1.40831197572,,,-3.15438712438,-1.54281663895,-2.67997958952,,,,,,,,2.96955084014,1.54434991682,,,,1.32351420675,,-0.212803590634,3.1247796329,,,,,-3.7295100708,,,-0.991999197952,,,,,,0.214025247298,-1.8891819771,,,-1.47400627401,,,-2.46216165195,-2.19361561641
WHIP04,"EIF6",ENSG00000242372,6.498311,-1.61678398365,,-0.11744325725,-0.938086540655,-0.4470003572264498,0.295023816363,,,-1.38163304176,-0.338814431454,-1.22032762903,,,,,,,,2.51363761131,0.215815491939,,,,0.815618389693,,-0.97524660177,2.9928282141,,,,,-1.83539421933,,,-0.912246925842,,,,,,-0.0387892725672,-0.881619303467,,,-1.72305290379,,,-2.34577843884,-1.92444434746
WHIP05M,"EIF6",ENSG00000242372,11.504858,-3.70744013786,,-1.30317264891,-2.50965614349,-0.9344928501852586,-0.918847380682,,,-4.61556641662,-3.37423038483,-3.91312312696,,,,,,,,4.31012309274,3.05502250625,,,,1.40882761698,,-1.49966407041,3.56995718231,,,,,-5.91738217229,,,-2.34776935122,,,,,,-0.596606170963,-2.74640961217,,,-0.937365617489,,,-3.77241715166,-3.7445851078
WHIP05,"EIF6",ENSG00000242372,9.227715,-1.68383382309,,-0.191273577327,-1.54411146839,-0.2630420833821917,0.761958478469,,,-1.89981625428,-0.961598331391,-1.60940165963,,,,,,,,3.03398409696,0.78776519528,,,,0.98973000877,,-1.38665864986,3.23278402158,,,,,-2.50059464258,,,-1.69444773981,,,,,,-1.08667201301,-1.27234591785,,,-1.66649439539,,,-2.95303748751,-2.70933810793
WHIP06M,"EIF6",ENSG00000242372,12.107249,-3.65588712692,,-1.3172191107,-2.43996479012,-0.760185865231745,-0.929506438168,,,-4.56523109551,-3.32731080055,-3.86333285539,,,,,,,,4.27765866553,3.04831790659,,,,1.40885545642,,-1.42020392276,3.52945014613,,,,,-5.84048585031,,,-2.36653682947,,,,,,-0.698736774965,-2.74005819739,,,-0.931552554753,,,-3.72023911943,-3.69251561213
WHIP06,"EIF6",ENSG00000242372,9.391956,-1.65154690642,,-0.148559278195,-1.4647297531,-0.20159765801306617,0.791152288755,,,-1.85331121462,-0.943159943581,-1.5645138033,,,,,,,,3.0117554954,0.772067252184,,,,1.06864696709,,-1.37500379376,3.33092283961,,,,,-2.44626844648,,,-1.73503750868,,,,,,-1.00274286576,-1.25830538862,,,-1.68801509445,,,-2.88148240182,-2.65738727038
