code,target,ENSEMBL,association,Adipose_Subcutaneous,Adipose_Visceral_Omentum,Breast_Mammary_Tissue,Muscle_Skeletal,DGN_Whole_Blood,Whole_Blood,Artery_Aorta,Artery_Coronary,Artery_Tibial,Heart_Atrial_Appendage,Heart_Left_Ventricle,Spleen,Brain_Amygdala,Brain_Anterior_cingulate_cortex_BA24,Brain_Caudate_basal_ganglia,Brain_Nucleus_accumbens_basal_ganglia,Brain_Putamen_basal_ganglia,Brain_Cerebellar_Hemisphere,Brain_Cerebellum,Brain_Cortex,Brain_Frontal_Cortex_BA9,Brain_Hippocampus,Brain_Hypothalamus,Brain_Spinal_cord_cervical_c-1,Brain_Substantia_nigra,Nerve_Tibial,Cells_Transformed_fibroblasts,Cells_EBV-transformed_lymphocytes,Colon_Sigmoid,Colon_Transverse,Esophagus_Gastroesophageal_Junction,Esophagus_Mucosa,Esophagus_Muscularis,Liver,Minor_Salivary_Gland,Small_Intestine_Terminal_Ileum,Stomach,Adrenal_Gland,Pituitary,Pancreas,Thyroid,Lung,Ovary,Prostate,Testis,Uterus,Vagina,Skin_Not_Sun_Exposed_Suprapubic,Skin_Sun_Exposed_Lower_leg
LEAN04B,"SFXN3",ENSG00000107819,7.334016,0.65921365104,-1.28665523648,-1.01377848319,-1.74796064556,-1.2011463905289734,,0.220092844458,,0.431597820967,,,,,0.767833485406,-0.364626245209,1.03530395031,-3.25417181973,-2.44786947126,-1.09983212166,0.167396384322,,-0.284890290319,,0.456088741704,,-1.29642750682,0.605357532528,,,,-2.15058298146,,0.68127512077,,,,,,,-0.63395755882,,0.183965385642,,,,,,,-1.58542993031
LEAN04,"SFXN3",ENSG00000107819,6.892722,0.526687291019,-1.3416293258,-1.54943901846,-1.63178678478,-0.9950443701708029,,-0.0614134022562,,-0.147347043137,,,,,0.706998556692,-0.917314905288,1.53924000263,-2.66778950255,-2.53066774535,-1.35972612708,0.340752718979,,-0.414412695725,,0.133207880545,,-1.55241408469,0.651816355088,,,,-1.97138558554,,0.645313389858,,,,,,,-0.64530040962,,-0.233992895571,,,,,,,-1.43365874821
LEAN05B,"SFXN3",ENSG00000107819,7.436626,0.7622444906,-1.30765253009,-1.03164512856,-1.63630032322,-1.2319053823242538,,0.26650395137,,0.484543920376,,,,,0.802950789266,-0.561951380484,1.28051519394,-3.17701082049,-2.47512041039,-1.12192737399,0.239161816351,,-0.217875494653,,0.52718629712,,-1.2846936589,0.612632260346,,,,-2.15078215165,,0.867326149823,,,,,,,-0.607804379779,,0.314477029132,,,,,,,-1.57576542197
LEAN05,"SFXN3",ENSG00000107819,7.208997,0.622272251141,-1.33143842498,-1.55243385167,-1.54790728338,-1.0029956026254792,,-0.00155892200029,,-0.0852064762393,,,,,0.767264039165,-1.04701084537,1.70711219311,-2.57777119902,-2.55915177248,-1.37055024259,0.423937067771,,-0.358428462475,,0.217317428448,,-1.54858684418,0.700275331565,,,,-1.95295061101,,0.791307963272,,,,,,,-0.650277917451,,-0.1158313459,,,,,,,-1.41557316904
LEAN06B,"SFXN3",ENSG00000107819,16.838542,0.223879009917,-2.47215998501,-1.7060884216,-3.91436102852,-0.562010994675786,,0.338782222234,,0.381329949144,,,,,1.21402707454,-0.533571789748,2.12393140793,-4.20202794603,-3.6285652345,-1.78631759091,0.0183618889138,,-0.870626863821,,0.486932298445,,-1.67043097994,0.0804049104881,,,,-2.69762542954,,1.57672018395,,,,,,,-1.37146511963,,-0.882892219798,,,,,,,-2.69033195794
LEAN06F,"SFXN3",ENSG00000107819,10.438374,0.595580523806,-1.96022297661,-0.414198801936,-3.28003230976,-0.16064052759501685,,0.685196470196,,1.03084337641,,,,,1.35340862697,0.71061884359,1.41472673416,-3.54863932728,-2.38200486305,-0.735190353151,0.136499750858,,-0.00220528635898,,0.959088841885,,-0.899398663827,-0.183645163339,,,,-1.84675054949,,1.52812330491,,,,,,,-0.733582265281,,-0.438849666119,,,,,,,-1.72297227323
LEAN06M,"SFXN3",ENSG00000107819,7.113808,-0.496579238581,-1.74623254175,-2.67389115308,-2.48733569252,-0.8380721026041983,,-0.411796330215,,-0.869047097662,,,,,0.245344941635,-2.15450831769,1.92550528049,-2.63040232487,-3.33910592138,-2.32955248637,-0.176669419524,,-1.69333780644,,-0.551096987034,,-1.84494728962,0.448229289228,,,,-2.36394456728,,0.681862072603,,,,,,,-1.52262740512,,-1.03082247728,,,,,,,-2.5416481544
LEAN06,"SFXN3",ENSG00000107819,14.919518,-0.0915539982023,-2.40463180255,-2.31124365378,-3.739292946,-0.6374557152054231,,0.0171198553769,,-0.11450949481,,,,,0.909173667682,-1.24762599532,2.24689888954,-4.06049285745,-3.98562543847,-2.25941931974,-0.0214283788053,,-1.3917832533,,0.0824160133634,,-1.96433344442,0.251586556951,,,,-2.94458019343,,1.35464303226,,,,,,,-1.5912493247,,-1.02909087454,,,,,,,-2.93262698661
MENA02F,"SFXN3",ENSG00000107819,7.145148,1.67274297888,1.12367875104,2.97900078232,0.836208001388,0.29167847412643283,,2.58310867136,,2.00823361603,,,,,1.3420272877,2.66145779077,-1.82101893425,1.76461576656,4.17030302881,2.76323955309,0.500159103994,,2.30712315987,,0.254341262924,,1.09104819563,-0.315852046441,,,,1.37135399048,,0.845192396634,,,,,,,0.403885804978,,1.02171337213,,,,,,,-0.260760471885
