code,target,ENSEMBL,association,Adipose_Subcutaneous,Adipose_Visceral_Omentum,Breast_Mammary_Tissue,Muscle_Skeletal,DGN_Whole_Blood,Whole_Blood,Artery_Aorta,Artery_Coronary,Artery_Tibial,Heart_Atrial_Appendage,Heart_Left_Ventricle,Spleen,Brain_Amygdala,Brain_Anterior_cingulate_cortex_BA24,Brain_Caudate_basal_ganglia,Brain_Nucleus_accumbens_basal_ganglia,Brain_Putamen_basal_ganglia,Brain_Cerebellar_Hemisphere,Brain_Cerebellum,Brain_Cortex,Brain_Frontal_Cortex_BA9,Brain_Hippocampus,Brain_Hypothalamus,Brain_Spinal_cord_cervical_c-1,Brain_Substantia_nigra,Nerve_Tibial,Cells_Transformed_fibroblasts,Cells_EBV-transformed_lymphocytes,Colon_Sigmoid,Colon_Transverse,Esophagus_Gastroesophageal_Junction,Esophagus_Mucosa,Esophagus_Muscularis,Liver,Minor_Salivary_Gland,Small_Intestine_Terminal_Ileum,Stomach,Adrenal_Gland,Pituitary,Pancreas,Thyroid,Lung,Ovary,Prostate,Testis,Uterus,Vagina,Skin_Not_Sun_Exposed_Suprapubic,Skin_Sun_Exposed_Lower_leg
BLOO02,"UBXN6",ENSG00000167671,15.643764,-6.67942686405,,-5.36672277455,-5.66862052174,-5.402771031308253,-4.99342134156,-4.62183864711,-4.08393783536,-6.36936712262,-5.32951735812,-6.09763361317,,-3.82896849356,-5.63700713038,-0.425317984909,,,,,-3.71597891052,-4.27812194063,-2.99151383087,-3.17694062305,-4.87426513714,,-5.89733279704,-5.38646649603,-5.313726763,-5.677289012,-6.36401912661,-5.20500928351,-5.66684740802,-5.9361319299,,,,-5.28869355364,,,-5.23194825147,-5.5123498717,-4.50231886669,,-1.04338326528,-5.53864145531,,,-5.21392952844,-5.52707911213
BLOO03,"UBXN6",ENSG00000167671,14.559815,6.90736361815,,4.99350638953,6.43004426911,5.70366042237135,5.77527296577,6.57982547172,5.2550132932,6.57144909839,6.20784204566,6.35288759984,,2.63732634057,5.48153707249,0.434102003492,,,,,5.34111159198,4.25750177123,1.9092884777,4.06480339548,5.65203705767,,5.90804974212,5.71149902906,5.32108248769,5.90156049607,6.53439778146,4.23314489396,5.96829532479,5.77548898333,,,,4.18129193277,,,3.90169537424,5.23803863611,5.66480327905,,2.39321737414,4.40072365186,,,6.27232035368,5.82386157157
BLOO20,"UBXN6",ENSG00000167671,7.428711,5.04982707994,,4.58262907055,5.393115926,3.946939095880815,3.67207734224,5.55962009984,4.20476114627,5.11698909894,5.30183743893,5.44159383728,,2.80210920268,5.18934747382,1.31504497774,,,,,5.2119186176,4.042938964,2.58893951453,3.54877608971,4.54857796163,,5.11450192848,4.0145673494,5.0333364614,5.40119368889,5.25300193501,4.09915551434,4.90883678006,5.31956720551,,,,3.57035478656,,,2.56799381726,4.9374942924,4.95299596779,,2.74641710413,4.21542125228,,,4.66983708791,4.09683490241
BLOO21,"UBXN6",ENSG00000167671,9.333800,-0.636668294501,,0.885430595126,0.418598907418,-0.42245205125804225,-2.21531927053,-0.130069532217,1.07994334116,0.69599265301,0.747388888768,1.13662524807,,1.56503897856,2.2227561461,-0.055121459105,,,,,2.30735042653,1.39316170162,3.22929002585,-0.861594031448,-0.224556674059,,1.58046652181,-0.422343137271,2.05824090686,1.44842286839,0.404035229915,1.8085176417,0.971461680258,1.62651349286,,,,1.35615062303,,,-0.753945131569,1.45357404681,1.71835012939,,0.441164114335,2.8740553905,,,-0.256323468517,-0.382648305976
BLOO22,"UBXN6",ENSG00000167671,14.177087,-1.66870060919,,0.060462436423,-0.444625426337,-1.2701438749509755,-3.02578294319,-0.866628329087,0.452887706078,-0.278850595046,-0.0591948963074,0.21134484169,,0.995765692478,1.38763476988,-0.0738435178724,,,,,1.76732951967,0.795168681329,2.82474132406,-1.30572523945,-0.975386328167,,0.689339350236,-1.27386921925,1.27293900677,0.603610960373,-0.554700167523,1.0478004692,0.107577627659,0.744959244089,,,,0.580705118046,,,-1.53631076171,0.63180809142,1.03104163176,,0.331259244755,2.04456773885,,,-1.08689792897,-1.24837778563
BLOO23,"UBXN6",ENSG00000167671,60.754167,-4.56587986225,,0.0613084031894,-1.71239099744,-4.20643153506663,-7.52389018914,-2.86035550279,0.187319916463,-1.9377628702,-0.872599347185,-0.449285725621,,2.50142938168,2.36883545426,2.56162451081,,,,,2.6418863299,1.65180137573,5.26855793876,-2.77509223235,-2.73122585215,,0.604815427372,-4.16922076369,2.15709010809,0.692602831174,-2.06979540755,1.90695649708,-1.41263996908,1.20890321121,,,,0.660768374853,,,-3.24439169721,1.62863489561,0.989714254643,,2.16832685654,2.93433271028,,,-3.5736244008,-4.11459383178
BLOO25,"UBXN6",ENSG00000167671,31.587758,5.93510625166,,1.62623316315,3.64013572592,5.67353862178774,6.75741184388,3.86548770101,3.07588121068,4.65850331832,3.27704849507,3.29984966025,,-0.362850200666,1.25395902671,-3.11917734357,,,,,0.492233036856,0.466853186704,-1.81775861951,1.89653095923,3.80701021945,,2.65424274269,5.56720470253,1.36162008758,2.03285231263,4.28548880062,0.666576242616,3.76011864457,1.75336059334,,,,2.09872192347,,,4.61847428817,1.39387692733,2.43666624935,,-0.763047030598,1.05911061062,,,5.22271099006,5.59421861619
BLOO26,"UBXN6",ENSG00000167671,104.036670,20.4479287225,,15.3749870255,18.2187384573,16.87217602835207,16.3155458737,16.7526126358,14.00508144,19.4542866402,17.3472829577,18.7147477762,,10.168387248,16.5813511072,1.27933256826,,,,,12.948236767,12.5789516012,7.24398992131,10.641357211,15.8461193095,,17.6869254027,16.8989087747,15.8550732253,17.3691434117,19.1931612858,14.1562893779,17.6449389928,17.5194720648,,,,14.4127324221,,,14.1896738447,16.1000802281,14.9764210626,,5.20327530854,14.7129298631,,,17.1083791741,17.2270185744
BLOO27,"UBXN6",ENSG00000167671,78.546315,19.718865133,,16.4070740791,18.380146381,15.71018259334785,14.6542274227,16.7476266095,13.8798598439,19.2323509063,17.6544776994,19.2093910213,,11.4634262795,17.985199753,2.77049565423,,,,,14.3296268171,13.8589703172,9.23158428882,10.9500479411,15.5082201247,,18.3963666491,15.7971177088,17.1457916564,18.428000528,19.2622465192,15.5592496433,17.7297055429,18.7414017711,,,,15.0627590689,,,13.5077743598,17.3463472067,15.5987351511,,6.16265822857,16.2916639234,,,16.4066741933,16.1614436799
BLOO35,"UBXN6",ENSG00000167671,23.237336,-4.49750312912,,-5.8535720089,-6.29366376921,-2.225074143280807,0.112731444005,-5.19253653127,-4.26966901285,-6.01976387362,-6.40743434554,-7.73554325138,,-5.66503335784,-9.76082349701,-4.65961739655,,,,,-9.16757213969,-7.97494493106,-8.77586058132,-5.0393173315,-3.7588954747,,-8.29245445986,-2.33739962786,-9.72592479743,-8.53656042424,-5.65382760418,-7.28291571822,-6.60531695822,-9.00203373767,,,,-6.94791603312,,,-1.84466409465,-9.19905451665,-7.90710424151,,-5.72070948673,-9.57343954264,,,-4.12751497477,-2.47183612501
EDUC03,"UBXN6",ENSG00000167671,5.799834,-0.449098610462,,0.988230949018,0.213569042692,-0.6893368565385675,-1.24162978688,1.17996035724,-0.0369629215862,0.455879845577,0.743547261135,0.750811385127,,-1.28303127639,1.47923089276,2.07352194483,,,,,1.52868313425,2.63065052398,2.37688041167,0.744315508655,-0.317949647982,,1.41852005926,-0.704389434659,1.48914581775,0.836699095526,-0.354185324435,1.43607439998,0.66023041396,1.24008963554,,,,0.393999163716,,,-0.806803810328,1.82829071365,0.043521761362,,0.484814447059,1.90744192816,,,-0.310925192947,-0.580495316689
LEAN06B,"UBXN6",ENSG00000167671,9.770702,-5.8162068428,,-4.61211816791,-5.78308925979,-4.777897803320476,-4.88932630748,-5.40214809014,-4.68706374927,-5.53377747263,-5.42007290088,-5.66842118992,,-4.48943561392,-4.88248974178,-0.272403873847,,,,,-3.8645647574,-2.48724702104,-1.28918389589,-3.51249622867,-5.25706155456,,-5.09170328162,-4.8760805048,-4.93427103694,-5.51166706899,-5.48935844272,-4.03437877706,-5.09737406832,-5.3739674075,,,,-5.81656722374,,,-4.98294231137,-4.60077065836,-5.19051849573,,-1.17925451927,-3.76947562772,,,-5.07962878204,-4.90070201605
LEAN06F,"UBXN6",ENSG00000167671,7.053980,-5.0724953441,,-3.54639623761,-4.97611927726,-4.389824397663955,-4.47848776822,-4.69457799694,-4.15385162594,-4.75941574166,-4.62631511748,-4.87723654837,,-3.59478798375,-4.05828736605,0.127384190494,,,,,-3.4801509117,-1.93482651402,-1.41311014925,-2.71037245212,-4.52518601836,,-4.26010469344,-4.43650770943,-4.13234884052,-4.57568115193,-4.77237147265,-3.52887391665,-4.72404989178,-4.42304935898,,,,-4.5392261777,,,-4.78290392892,-3.91543040659,-4.46507811032,,-1.11192517782,-3.23788605046,,,-4.60395350338,-4.48255075794
LEAN06,"UBXN6",ENSG00000167671,9.629431,-5.34382693362,,-4.54887590615,-5.33330835851,-4.206233083146586,-4.31232257755,-4.96500187497,-4.23735029248,-5.13458631408,-5.02353801354,-5.22863613173,,-4.32454515758,-4.63016610858,-0.56395593791,,,,,-3.462499557,-2.51256093792,-0.977334512455,-3.52384827192,-4.89110730478,,-4.82549113348,-4.32187393815,-4.62575536386,-5.20900412874,-5.00006276142,-3.72372219733,-4.46911175926,-5.12613721786,,,,-5.70654575855,,,-4.24260166976,-4.28832211302,-4.79146344972,,-1.05390066808,-3.46999157067,,,-4.53183200376,-4.33595120912
