code,target,ENSEMBL,association,Adipose_Subcutaneous,Adipose_Visceral_Omentum,Breast_Mammary_Tissue,Muscle_Skeletal,DGN_Whole_Blood,Whole_Blood,Artery_Aorta,Artery_Coronary,Artery_Tibial,Heart_Atrial_Appendage,Heart_Left_Ventricle,Spleen,Brain_Amygdala,Brain_Anterior_cingulate_cortex_BA24,Brain_Caudate_basal_ganglia,Brain_Nucleus_accumbens_basal_ganglia,Brain_Putamen_basal_ganglia,Brain_Cerebellar_Hemisphere,Brain_Cerebellum,Brain_Cortex,Brain_Frontal_Cortex_BA9,Brain_Hippocampus,Brain_Hypothalamus,Brain_Spinal_cord_cervical_c-1,Brain_Substantia_nigra,Nerve_Tibial,Cells_Transformed_fibroblasts,Cells_EBV-transformed_lymphocytes,Colon_Sigmoid,Colon_Transverse,Esophagus_Gastroesophageal_Junction,Esophagus_Mucosa,Esophagus_Muscularis,Liver,Minor_Salivary_Gland,Small_Intestine_Terminal_Ileum,Stomach,Adrenal_Gland,Pituitary,Pancreas,Thyroid,Lung,Ovary,Prostate,Testis,Uterus,Vagina,Skin_Not_Sun_Exposed_Suprapubic,Skin_Sun_Exposed_Lower_leg
BODY03,"PACRG",ENSG00000112530,5.581831,-5.2728994009,-5.76495113939,,-1.50607728156,,,-4.73330574141,-5.69120692514,-5.41439530673,-2.76277431846,-1.13944241072,,,,,,-1.20590134973,-5.18704064704,-5.35120904863,-3.42187299647,-3.79072557479,,-2.3490465597,,-5.28250438582,-4.43749550473,,,-5.28521973626,-5.87618080179,-4.95877918918,-2.36293770934,-4.38542329274,,,,-6.22939414779,-5.85214607014,-4.98867790869,,-5.42928773752,,-3.36844934278,-5.58558908022,,-3.14620327242,-3.62676243881,-3.03265850629,-6.49467882329
BODY04F,"PACRG",ENSG00000112530,3.780651,-4.43295250151,-4.82697153742,,-1.58318427779,,,-4.04348468336,-4.82164567786,-4.67271224243,-2.44973751659,-0.794391497491,,,,,,-0.505918679168,-4.56073273167,-4.51617482919,-2.9396818544,-3.07243501218,,-2.2374081456,,-4.57074189571,-3.88541175946,,,-4.76417192611,-4.92128938458,-4.51815360505,-2.5391197851,-4.14175175093,,,,-5.86089842531,-4.7541576348,-4.022953958,,-4.55729213227,,-3.12559076404,-4.83780542077,,-2.80230554918,-3.38271404913,-1.77717913945,-5.28386431574
BODY04,"PACRG",ENSG00000112530,5.961936,-5.52352822007,-5.88379998545,,-1.49903220658,,,-5.0063972268,-5.94529661218,-5.66365959351,-2.86609935068,-1.00250403878,,,,,,-1.28615662072,-5.4341613941,-5.52636570186,-3.67381119209,-3.97942201167,,-2.54893544022,,-5.485543976,-4.67552313487,,,-5.51957001292,-6.11948957736,-5.2148138742,-2.45773737946,-4.64540176969,,,,-6.32027308119,-6.08167471409,-5.24665259409,,-5.60450874079,,-3.50419707382,-5.78464326786,,-3.33475791139,-3.82035227195,-3.02311588463,-6.61793317063
BODY08B,"PACRG",ENSG00000112530,3.752027,-4.97815807532,-4.78007281314,,-0.517915744363,,,-4.36822394449,-5.10147182437,-5.00363818382,-2.44617982242,0.716927685799,,,,,,0.187285412479,-4.98701103468,-4.6618590049,-4.00807120891,-3.79774527707,,-0.38861240452,,-4.79521063017,-4.91459992218,,,-4.5539275162,-5.14529001354,-4.70814422706,-1.39545334385,-4.14333996946,,,,-5.25367736851,-4.62972478205,-5.02575493358,,-4.94339247134,,-3.54391690901,-4.74630167238,,-2.53954111674,-2.76372421511,-2.51391114773,-5.38522799821
BODY08M,"PACRG",ENSG00000112530,4.050425,-5.14350055772,-4.71963681416,,-0.65013044258,,,-4.35194350421,-5.1996883402,-5.14548866855,-2.63582911429,0.229475996788,,,,,,-0.543066108303,-4.99585230677,-4.36201897627,-4.11047592869,-3.92016144761,,-0.124456176223,,-4.97351045214,-4.83364979287,,,-4.78641432809,-5.26668804987,-4.99058057153,-1.74279962057,-4.24346835156,,,,-5.42951013131,-4.97866322319,-4.89696082948,,-4.72177987957,,-3.9062671913,-4.71106730443,,-2.72071130628,-2.51973886115,-2.2653811249,-5.26674650114
BODY08,"PACRG",ENSG00000112530,3.104334,-4.52833622065,-4.42611869212,,-0.510743174421,,,-4.04665426683,-4.6647763467,-4.56436729525,-2.19299917475,0.801428605008,,,,,,0.341867117113,-4.58753176472,-4.3987530568,-3.71013379848,-3.47118716401,,-0.373395764739,,-4.35558289796,-4.53905747403,,,-4.10226056642,-4.70471291369,-4.25904511066,-1.20333770848,-3.825626547,,,,-4.83643908105,-4.13343429824,-4.66181100286,,-4.61114402766,,-3.14985649322,-4.38379647385,,-2.2603799243,-2.54844135506,-2.34087731866,-5.01006846535
LEAN06M,"PACRG",ENSG00000112530,3.298044,-4.08421271565,-3.83173082785,,-0.783788104972,,,-4.27205370197,-4.16617292688,-4.01085178123,-2.20877316658,-0.0132373396482,,,,,,-0.0483243168696,-4.11345803461,-3.26014335935,-3.61391114333,-3.29897404016,,-0.588449503931,,-3.68682482826,-4.26898347183,,,-3.64678826645,-4.0377631605,-3.89311711068,-1.89614695121,-3.4840525047,,,,-4.9770985177,-3.97263375534,-3.95434524169,,-3.74284156822,,-2.78368899236,-4.03587887052,,-2.77977444635,-2.63326697812,-1.78928897509,-4.37880490633
LEAN06,"PACRG",ENSG00000112530,1.838482,-3.75130428471,-3.70493335707,,-0.587566482997,,,-4.17455786125,-3.84450802377,-3.69500479926,-2.29895669075,-0.0194607592285,,,,,,0.788799085238,-3.86615792912,-3.36697385576,-3.24671055883,-2.83112136362,,-0.437690053803,,-3.5187690561,-3.97846563003,,,-3.39763671731,-3.78810277232,-3.536849257,-1.52094318954,-3.20023240527,,,,-4.79916290914,-3.55587089879,-3.64115395309,,-3.62892426749,,-2.57737225061,-3.76800775839,,-2.51791846595,-2.44536873954,-1.85131984577,-4.26044931904
OBES01,"PACRG",ENSG00000112530,2.731469,-4.13681812605,-3.81887836326,,-2.20820708338,,,-3.53331017341,-4.23219999236,-4.05681723457,-2.50900275489,-1.19121366801,,,,,,-0.338068184401,-4.17656548867,-3.92248039028,-2.43737653111,-2.59751982929,,-1.20710747983,,-3.70351641194,-3.68148689909,,,-3.85564081347,-4.55296907813,-3.70109363857,-1.7457889321,-3.28371911345,,,,-4.83589281769,-4.36997817701,-3.24863852185,,-3.73671474823,,-2.49646838526,-3.87418284747,,-2.51236710382,-2.18346386501,-2.70635558416,-4.32374229495
WAIS01,"PACRG",ENSG00000112530,3.196440,-4.27910303563,-4.30952102447,,-1.28550175002,,,-3.79614644818,-4.43208333884,-4.24517069989,-1.23432118466,0.640878695725,,,,,,-0.827192076226,-4.12861048312,-4.37118645693,-3.0111898641,-3.21539104299,,-1.10908879221,,-3.96895960886,-3.42707571254,,,-3.81708823245,-4.3752932288,-3.66889830706,-1.74709877075,-3.22540481199,,,,-4.55222002815,-4.95266518461,-3.77514462656,,-4.25948725412,,-2.76590736067,-4.21847466889,,-2.99937107461,-2.6132744955,-2.78302758681,-5.1699751424
WAIS02,"PACRG",ENSG00000112530,3.520453,-4.14295189136,-4.35656527924,,-1.25171632548,,,-3.73423213643,-4.32539946446,-4.13176091492,-1.21923040092,0.624081431275,,,,,,-0.759581803789,-4.02252845009,-4.37404534583,-2.9497808142,-3.12200397529,,-1.05790683711,,-3.84267639238,-3.31874954038,,,-3.71930807331,-4.28547167873,-3.5723845616,-1.7110387175,-3.16562405279,,,,-4.57535220227,-4.8008400044,-3.68689219426,,-4.21304509054,,-2.75827071336,-4.21629243126,,-2.97612172952,-2.55229632835,-2.69447810753,-5.26668872332
