code,target,ENSEMBL,association,Adipose_Subcutaneous,Adipose_Visceral_Omentum,Breast_Mammary_Tissue,Muscle_Skeletal,DGN_Whole_Blood,Whole_Blood,Artery_Aorta,Artery_Coronary,Artery_Tibial,Heart_Atrial_Appendage,Heart_Left_Ventricle,Spleen,Brain_Amygdala,Brain_Anterior_cingulate_cortex_BA24,Brain_Caudate_basal_ganglia,Brain_Nucleus_accumbens_basal_ganglia,Brain_Putamen_basal_ganglia,Brain_Cerebellar_Hemisphere,Brain_Cerebellum,Brain_Cortex,Brain_Frontal_Cortex_BA9,Brain_Hippocampus,Brain_Hypothalamus,Brain_Spinal_cord_cervical_c-1,Brain_Substantia_nigra,Nerve_Tibial,Cells_Transformed_fibroblasts,Cells_EBV-transformed_lymphocytes,Colon_Sigmoid,Colon_Transverse,Esophagus_Gastroesophageal_Junction,Esophagus_Mucosa,Esophagus_Muscularis,Liver,Minor_Salivary_Gland,Small_Intestine_Terminal_Ileum,Stomach,Adrenal_Gland,Pituitary,Pancreas,Thyroid,Lung,Ovary,Prostate,Testis,Uterus,Vagina,Skin_Not_Sun_Exposed_Suprapubic,Skin_Sun_Exposed_Lower_leg
BLOO02,"ALOX5",ENSG00000012779,17.462231,-1.0212720055,-2.88873076439,,0.710579273325,-0.010941542604746616,,-2.84580345305,,0.12498501987,,-1.92992273768,,,-4.63272320285,,,,-1.06091660736,-0.25271500352,,,,,,,-1.29502617129,,,0.281665503979,,,-5.42656998054,-0.935677501918,-4.40487869627,,,,,-2.82895239943,,-1.84554899827,-4.84452804161,,,,,,9.09580999714,1.47558333365
BLOO04,"ALOX5",ENSG00000012779,10.751585,0.297838779399,2.33833265305,,0.491089587085,-1.548386849311777,,2.37332655897,,-3.11167542312,,1.63967802541,,,2.8457066678,,,,-0.222942084497,0.321893260583,,,,,,,-0.192959486043,,,-0.13855728507,,,1.78665926025,1.79725454665,4.46918813261,,,,,2.43895129208,,0.632877289143,2.12401046175,,,,,,-1.4201612712,-0.944687053273
BLOO11,"ALOX5",ENSG00000012779,10.715863,-1.10220851882,-0.885290443897,,-1.22556211191,-0.7135626305165298,,-0.965571249868,,-0.12831818805,,-0.424471447001,,,-1.96770548732,,,,-0.283336495119,-1.22217054656,,,,,,,0.846526314121,,,0.943549335003,,,-2.23912445104,-0.165967920211,-0.535339159196,,,,,-0.950833279615,,1.1383561732,0.140369335384,,,,,,-0.982912273784,0.498865257314
BLOO21,"ALOX5",ENSG00000012779,33.247299,1.96202541147,4.25416382412,,1.68592628296,-1.3327815079832415,,4.21570983879,,2.32715172227,,2.37443543955,,,4.55476051071,,,,-2.80524852776,-1.75981393803,2.67881183915,1.97221559179,,,,,0.264242826616,,,4.33120487361,,,0.787463227566,2.57422957909,8.49708367498,,,,,4.51808766359,2.61742438818,3.04586034529,7.70247276091,,,,,,-0.88085884606,-0.445668128644
BLOO22,"ALOX5",ENSG00000012779,28.419600,1.66342860028,3.79877627467,,1.55499873299,-1.4521136772355379,,3.65237214844,,2.06508928024,,2.05830393602,,,4.11611859691,,,,-2.67603318015,-1.67384089584,2.48945295451,1.81295086929,,,,,-0.0148355934934,,,3.85209191031,,,0.514570796004,2.42350944418,7.79939728517,,,,,4.11032898081,2.70571995695,2.75598503537,6.9533249904,,,,,,-0.250903272124,-0.322948922047
BLOO23,"ALOX5",ENSG00000012779,44.411168,1.78794970818,4.54777489387,,1.68565511213,-2.142444927279843,,4.82161429567,,3.38522624459,,2.28037871046,,,6.19705007751,,,,-4.80086796909,-3.49411185679,4.65482169935,3.85088483971,,,,,-0.228047476848,,,4.82094952839,,,-0.538847863924,2.50489863862,9.60686385199,,,,,4.451217781,4.25789841229,4.30826142245,8.21195174657,,,,,,0.415906007603,0.803827247469
BLOO26,"ALOX5",ENSG00000012779,36.632029,3.76016330438,6.53630523995,,3.19424230654,1.1353209118292922,,7.42609770696,,4.18599632628,,5.05652268266,,,5.46266947029,,,,-2.80590777821,-1.89548258246,2.91644195139,2.24804250142,,,,,3.9635793762,,,5.69542006343,,,0.998562218866,4.03435379328,10.0188566262,,,,,6.20851064717,1.90867757181,5.00948473288,10.2119599519,,,,,,-2.80537807368,0.741902029053
BLOO27,"ALOX5",ENSG00000012779,47.810538,3.88826721868,6.9632844343,,3.37253367251,1.5087369507839843,,7.66053421924,,4.83606896617,,4.97875953542,,,6.53429258931,,,,-3.58841517755,-2.86545017875,3.67262892697,3.12871623915,,,,,3.65163982326,,,5.94669623323,,,0.788184205771,4.65432477611,10.7745272803,,,,,6.8795785093,2.48404842583,5.62015030263,10.9437367509,,,,,,-2.58524663302,1.1918062327
BLOO32,"ALOX5",ENSG00000012779,8.343681,-1.15527819639,-0.406099783529,,-1.21109276873,0.04479156477424109,,0.893725382359,,-1.25148857955,,-0.448241817711,,,-1.12973400142,,,,0.328505018261,-0.0407770328864,-1.44667186316,-1.13334341336,,,,,-0.57990433306,,,0.255868457609,,,2.37254622619,-1.46505343854,0.057431175321,,,,,-0.86449541732,-1.91976496542,-1.47308627832,-1.14259057155,,,,,,-1.77969754274,-1.07480625247
BLOO35,"ALOX5",ENSG00000012779,17.650567,1.66628356451,2.23143300353,,1.42290257393,-2.0209203338823354,,1.46963427865,,3.87527209637,,0.421391045536,,,5.30551267958,,,,-4.40795930284,-3.65317270781,4.87811744194,4.61547736636,,,,,-1.52463218177,,,2.91238879574,,,-3.68400101347,2.06258138247,6.14601174352,,,,,2.50518480971,4.62861019151,3.37872629116,3.91243787147,,,,,,2.46308421656,1.17354291535
BLOO36,"ALOX5",ENSG00000012779,13.949079,1.52453325437,2.77773458872,,1.04270284354,-0.41183336025073547,,2.48229757612,,0.937353212362,,1.67558427398,,,2.21417472796,,,,-0.624624834154,-0.115096389525,0.671408455248,0.261224899001,,,,,0.595159025645,,,2.70014874364,,,1.36498741694,1.91846519989,5.42617146547,,,,,3.2166978103,0.807202935725,1.31910901133,5.16379137007,,,,,,-1.75972706756,-1.13152334656
CHOL22,"ALOX5",ENSG00000012779,6.762079,4.67388712267,3.28243769943,,3.76104247256,1.4199831066162836,,2.29952086072,,4.48919857268,,3.22102941875,,,3.14067084981,,,,-2.09764729392,-1.40950853716,3.09684375866,2.50829830091,,,,,3.63212839794,,,3.08035242836,,,-2.8821308328,3.25415295725,3.52910116456,,,,,2.96961483868,3.52870146948,3.08375068818,3.97705994868,,,,,,1.91642162591,3.01023047045
