code,target,ENSEMBL,association,Adipose_Subcutaneous,Adipose_Visceral_Omentum,Breast_Mammary_Tissue,Muscle_Skeletal,DGN_Whole_Blood,Whole_Blood,Artery_Aorta,Artery_Coronary,Artery_Tibial,Heart_Atrial_Appendage,Heart_Left_Ventricle,Spleen,Brain_Amygdala,Brain_Anterior_cingulate_cortex_BA24,Brain_Caudate_basal_ganglia,Brain_Nucleus_accumbens_basal_ganglia,Brain_Putamen_basal_ganglia,Brain_Cerebellar_Hemisphere,Brain_Cerebellum,Brain_Cortex,Brain_Frontal_Cortex_BA9,Brain_Hippocampus,Brain_Hypothalamus,Brain_Spinal_cord_cervical_c-1,Brain_Substantia_nigra,Nerve_Tibial,Cells_Transformed_fibroblasts,Cells_EBV-transformed_lymphocytes,Colon_Sigmoid,Colon_Transverse,Esophagus_Gastroesophageal_Junction,Esophagus_Mucosa,Esophagus_Muscularis,Liver,Minor_Salivary_Gland,Small_Intestine_Terminal_Ileum,Stomach,Adrenal_Gland,Pituitary,Pancreas,Thyroid,Lung,Ovary,Prostate,Testis,Uterus,Vagina,Skin_Not_Sun_Exposed_Suprapubic,Skin_Sun_Exposed_Lower_leg
BFPC04B,"CIRH1A",ENSG00000141076,4.363011,4.01223679255,3.41916017598,,3.68293107696,3.4384816953515736,,,,3.40800794719,3.61160183008,2.92347801752,3.00284872855,1.39953994809,,3.03036070086,2.69582112586,2.0732511849,3.76764571413,2.85958799645,4.98518214786,1.86156136492,4.74828453693,,,,2.338095964,3.2894541915,3.3302373095,2.77935845136,4.61270554883,2.68805840664,2.94521725793,3.96655997889,,,,2.08384202405,3.28070517315,2.58889811417,3.61192247048,3.87920496836,3.37300543645,,1.65687970974,3.62619407674,,,3.84695102193,4.28522383053
BFPC04F,"CIRH1A",ENSG00000141076,4.654509,4.18264221485,3.25275754911,,3.95961852907,3.7471737842203092,,,,4.17822413359,3.09703345713,2.97887081297,2.76235639222,2.53800529143,,3.27931225018,3.67584442286,3.04254784294,3.53804180888,3.77475236855,4.53646869211,3.07570325643,5.03565258349,,,,3.16575241693,3.57524483476,3.59767979881,3.72650019901,3.41685650099,3.16353079929,2.65258363225,4.81980741806,,,,3.26552107974,2.49222100058,3.37810254326,3.00448862184,3.77665706238,3.37142127108,,2.00295062015,4.09336931982,,,3.90375727648,3.78936901604
BFPC04,"CIRH1A",ENSG00000141076,5.599669,4.34907984274,3.65671091933,,4.06135861585,3.812697941667233,,,,3.84830714843,3.82582275938,3.19658458358,3.21759033913,1.84639562113,,3.33579645777,3.10637538187,2.50134195369,4.00969479362,3.31065503411,5.20526848307,2.28851258151,5.13418022952,,,,2.71259812559,3.6244818303,3.65324514724,3.22596583634,4.7208494324,3.05500734468,3.14381896793,4.45674840937,,,,2.53793749857,3.34058834924,2.99333085618,3.73622832738,4.1739073429,3.65275602084,,1.89944472619,4.01281114045,,,4.1650447337,4.53719997315
BODY08B,"CIRH1A",ENSG00000141076,5.048833,4.02217803308,2.87732308049,,3.67214211733,3.7418827240275143,,,,3.95335140942,4.05393487762,3.66665833976,2.70083358228,2.81655448269,,4.38775129023,2.93697129988,2.4893930252,4.52060940918,3.36622220736,4.68704055075,2.03443382918,5.40485200809,,,,2.93906697002,4.0783432417,3.74842453087,3.55447744702,4.35251898411,3.67767418045,2.97190613461,4.57348286187,,,,2.8899614561,2.29339207021,3.99517342748,3.59881958253,4.0863019759,3.70495658612,,2.46572122649,4.03371504047,,,4.19951261476,4.25937730201
BODY08F,"CIRH1A",ENSG00000141076,5.444035,3.65180044104,2.31683604603,,3.48437434121,3.6715051151673492,,,,4.17950926612,3.20111469779,2.95894500571,2.27500285745,1.6315598857,,3.33409102269,3.24966330261,2.4589333271,4.03092584183,3.44507269657,3.88518322532,2.45870277143,5.17876367262,,,,3.07452281394,3.78753283951,3.46482038349,3.74765475809,3.18813594823,4.08007124785,2.47715238988,4.59253791577,,,,3.12198430292,1.54342792545,3.97925730487,2.95145521804,3.61311561158,3.32410464486,,1.46311216822,4.09414661996,,,3.70793200877,3.40883132326
BODY08,"CIRH1A",ENSG00000141076,5.653941,4.23367648338,3.01793860982,,3.95410407805,4.073662961446561,,,,4.31490828071,4.21106371803,3.81355339928,2.88376101572,2.78396626516,,4.4909637794,3.23384588919,2.75406085655,4.74526760139,3.67864278557,4.80848585961,2.33285645425,5.72353992769,,,,3.2030969194,4.3576734965,3.98467847493,3.8860328289,4.45981721916,4.07798755088,3.16837244551,4.87710343485,,,,3.20225926202,2.30687373846,4.28568401558,3.72463764952,4.3284575496,3.95574429867,,2.40591431977,4.35159214479,,,4.42429173803,4.41806890778
FATM04,"CIRH1A",ENSG00000141076,4.841215,4.17872290741,4.23747834088,,3.59373895784,3.62977215387754,,,,3.92811084007,3.77849110053,3.29358755156,3.12596705596,2.35125619923,,4.29071369688,3.62267415089,2.86717598663,3.76559813922,3.49832830054,4.36654932418,2.54877125718,4.87215191639,,,,2.89756530748,3.68838251204,3.61556591199,3.32152177853,4.23941547764,3.36288703601,3.04103657942,4.3712889949,,,,3.12034161204,2.92985495409,3.35232038543,3.22085622133,4.11349034409,3.66128427454,,1.72973772489,3.65695492823,,,4.11352696609,4.21568766602
LEAN06B,"CIRH1A",ENSG00000141076,3.482158,2.72913699349,3.84462318436,,1.53596477517,2.5093866472550705,,,,2.69086646129,2.44301419823,2.8094306993,2.06320272395,3.25098439994,,4.94427105022,3.18735421074,2.53194287516,2.30654007993,2.69384101708,0.818114818581,2.1206763397,1.89008084243,,,,2.39493346118,2.49218302445,2.43231196839,2.68765552954,1.74222317104,2.62619726647,2.02166880078,2.76298609232,,,,3.17742276098,1.25856809825,2.88219706538,1.42321478975,2.48082929431,2.42454672108,,0.816380172502,1.63452018357,,,2.5121332059,2.14156259792
LEAN06,"CIRH1A",ENSG00000141076,4.119798,2.45599434113,3.70695295449,,1.13371031992,2.1466471263571565,,,,2.27314983757,2.09382455842,2.61246486249,1.97071631193,3.70791825932,,4.93434751403,2.9829322558,2.38858295394,1.66626917802,2.45706450719,0.597797607012,1.93087512508,1.73258999178,,,,1.98194507602,2.28223960544,2.16282767131,2.29874865131,1.67915030887,2.06698680788,1.86738305687,2.27156303701,,,,2.98444954065,1.22533772856,2.46769310993,1.26812289893,2.28511379491,2.25568814468,,0.925429035574,1.22679453809,,,2.2942930927,1.99303003835
LUNG01,"CIRH1A",ENSG00000141076,2.815110,3.33207004581,3.92214757098,,3.61974941307,3.914484699373158,,,,4.16394469031,3.55704385325,3.92592000806,3.53248495717,2.70019181044,,3.25672179161,3.72713806726,3.47836079811,4.04222558007,3.77955576287,2.43618261502,3.61208518982,3.86977071299,,,,3.17795695011,4.13684621129,4.14787476349,3.56596535899,3.79439970338,4.79293357107,3.95948802182,3.4018339545,,,,3.55362127912,3.49727840999,3.15041191414,4.43335547453,4.1445804481,3.99059302849,,1.64457468435,4.04122802114,,,3.39367915665,3.16060859108
