code,target,ENSEMBL,association,Adipose_Subcutaneous,Adipose_Visceral_Omentum,Breast_Mammary_Tissue,Muscle_Skeletal,DGN_Whole_Blood,Whole_Blood,Artery_Aorta,Artery_Coronary,Artery_Tibial,Heart_Atrial_Appendage,Heart_Left_Ventricle,Spleen,Brain_Amygdala,Brain_Anterior_cingulate_cortex_BA24,Brain_Caudate_basal_ganglia,Brain_Nucleus_accumbens_basal_ganglia,Brain_Putamen_basal_ganglia,Brain_Cerebellar_Hemisphere,Brain_Cerebellum,Brain_Cortex,Brain_Frontal_Cortex_BA9,Brain_Hippocampus,Brain_Hypothalamus,Brain_Spinal_cord_cervical_c-1,Brain_Substantia_nigra,Nerve_Tibial,Cells_Transformed_fibroblasts,Cells_EBV-transformed_lymphocytes,Colon_Sigmoid,Colon_Transverse,Esophagus_Gastroesophageal_Junction,Esophagus_Mucosa,Esophagus_Muscularis,Liver,Minor_Salivary_Gland,Small_Intestine_Terminal_Ileum,Stomach,Adrenal_Gland,Pituitary,Pancreas,Thyroid,Lung,Ovary,Prostate,Testis,Uterus,Vagina,Skin_Not_Sun_Exposed_Suprapubic,Skin_Sun_Exposed_Lower_leg
BFPC03B,"GSTM2",ENSG00000213366,5.720242,1.18078448518,0.456340273017,,3.70254561838,0.6708622090352561,2.26805230856,1.57965379225,0.757521936049,1.95514896693,1.96705770356,0.913922415758,0.764968176825,,0.251416587898,3.16412234613,,2.90996263654,,,1.22508793571,0.496663482689,,,,,1.36706200446,2.91409046483,,,,,1.11126624173,-0.315843910742,,,,0.193586081266,1.51044910262,,,1.62855834892,1.86301275645,,,,,,,
BFPC04B,"GSTM2",ENSG00000213366,8.415058,2.06228575444,1.57167049308,,5.16746224374,1.4767994972007454,3.72565983727,1.88673879006,2.77712186706,2.17019226995,2.95485292038,2.34184691451,1.67415865586,,0.882483902013,3.50959329701,,3.71742722326,,,1.95664268254,1.32750098564,,,,,2.23028819914,3.69559926888,,,,,3.2014538045,0.324410739283,,,,0.728728353977,1.76676541974,,,2.34601715384,3.76091325362,,,,,,,
BFPC04,"GSTM2",ENSG00000213366,7.782516,1.91979488829,1.46239893097,,5.04438591782,1.3563525379537462,3.66085738082,1.78553825406,2.64940925773,1.82264813856,3.10956807874,2.28936580668,1.66912323316,,0.738834825182,3.46462813648,,3.69482229095,,,1.91289161124,1.32023681034,,,,,2.03960507266,3.52366240126,,,,,2.9450865791,0.356325370665,,,,0.753472924232,1.72933490205,,,2.27704109895,3.69139195256,,,,,,,
BLOO01,"GSTM2",ENSG00000213366,4.275094,-2.77649094538,-2.63462645706,,-3.68998653214,-3.121503537374187,-4.44149529921,0.813403218255,-2.7512231396,-1.65862494185,-1.30513097421,-3.51543508344,-3.59725028298,,-1.60753503536,-0.500982936704,,-1.47196604396,,,-0.306434332513,-1.27571778542,,,,,-1.81792359947,-1.58980859443,,,,,-3.31038586415,-2.2322481848,,,,-2.08323287964,-3.95009940241,,,-2.04436392737,-5.37262261152,,,,,,,
BLOO29,"GSTM2",ENSG00000213366,3.723745,3.33395963955,2.7549061491,,4.7168978396,2.5664755019049514,4.43474428355,-0.101166521464,2.44370083165,1.5156764999,0.0364386672419,1.97689558697,3.32260285411,,1.17420513185,-0.0651596989484,,1.0176215917,,,-0.109969382459,0.0149383690086,,,,,1.23728135778,0.0602256745313,,,,,3.00034973517,2.53664354068,,,,0.717930734158,5.25036469278,,,1.65359489376,5.8827593398,,,,,,,
BODY06B,"GSTM2",ENSG00000213366,5.982549,-0.144785719779,0.140310924226,,2.34216602317,-0.5896073351280625,1.669608457,1.11292750565,0.131968654715,0.674405679993,1.62348530641,-0.0593799099192,0.459353923984,,1.24415099659,3.40909639608,,3.2907954394,,,1.50390142817,-0.171213804258,,,,,0.628272323867,1.62301789248,,,,,0.692573452073,-1.10728961875,,,,0.288714319468,0.311422878687,,,1.20671028021,1.39351411041,,,,,,,
BODY06,"GSTM2",ENSG00000213366,7.980012,-0.274016710098,0.257148637369,,2.39453143957,-0.6010322687257241,1.69798409059,0.818596952551,0.0212633134821,0.514201052188,1.49141604639,-0.0922223980986,0.440004780105,,1.09320765404,3.13872928797,,3.05127554736,,,1.34620620616,-0.208066002997,,,,,0.647995320634,1.44190132273,,,,,0.530109167834,-1.21651721886,,,,0.356135636568,0.319526642397,,,0.979023202003,1.50028602755,,,,,,,
BODY07B,"GSTM2",ENSG00000213366,6.114718,-0.2406234002,-0.0623003952139,,2.24062969943,-0.8234337337596841,1.5521016288,0.95379460948,0.0132416147585,0.588219706945,1.51990594427,-0.279053472281,0.342312863937,,1.18458505925,3.44108842544,,3.25985182129,,,1.44682827477,-0.162189551164,,,,,0.537791545194,1.4903451432,,,,,0.572748055345,-1.2207311545,,,,0.13210657239,0.264427809019,,,1.1982171703,1.26738748202,,,,,,,
BODY07,"GSTM2",ENSG00000213366,6.281581,-0.396838308749,0.00566985940038,,2.25819825482,-0.8896420330025653,1.52409699929,0.643030704698,-0.131587052927,0.396313489124,1.37910661297,-0.364213903687,0.286644578345,,1.0258115273,3.18767430054,,3.02304263905,,,1.29117032734,-0.20377190332,,,,,0.535238411835,1.28739173938,,,,,0.386009684912,-1.3451460605,,,,0.15621316433,0.250827706859,,,0.972489832272,1.325732664,,,,,,,
BODY08B,"GSTM2",ENSG00000213366,13.089296,0.552843087819,0.49346336679,,3.74520465672,-0.4225536724139331,2.72646079099,0.999582626001,2.08989920174,0.804120447806,2.25930341197,0.678206296591,1.34665567156,,2.14761446964,4.10754633984,,4.64942813497,,,2.65857815965,0.0684067429218,,,,,1.14173888806,2.40808947665,,,,,2.07174591082,-0.491879124181,,,,0.413795530796,0.686823216516,,,2.5703288319,2.30156174964,,,,,,,
BODY08F,"GSTM2",ENSG00000213366,5.828742,-0.198796867303,-0.201259644549,,2.50161785104,-0.7145945717939101,1.9010117406,0.330421827172,0.78248904052,-0.146395407991,2.15634092426,0.180304477608,0.488109008416,,1.24023734996,2.99162498582,,3.36982071849,,,1.94345454633,0.023286747841,,,,,0.412319189069,1.41107350868,,,,,0.38553613669,-0.190427108615,,,,-0.216956809163,0.236125153481,,,1.56896485499,1.80249222415,,,,,,,
BODY08M,"GSTM2",ENSG00000213366,7.150654,0.930839109707,0.849485171568,,3.01193252494,0.028970062667467187,2.12193437596,1.09252538752,2.20325223924,1.23074799565,1.26157731135,0.779290002139,1.43382651153,,1.88389920622,3.08674560224,,3.50967726572,,,1.99270749606,0.0719251199744,,,,,1.2155823562,2.10125537705,,,,,2.51481338877,-0.513889312845,,,,0.753344357014,0.743484412583,,,2.19162151217,1.62120724897,,,,,,,
BODY08,"GSTM2",ENSG00000213366,14.101631,0.38100757838,0.48257699391,,3.70945607219,-0.41959676209769753,2.73761490961,1.01176867701,1.94508725811,0.622794699464,2.37796563116,0.733443334734,1.33053372793,,1.92690144877,3.96952031698,,4.55960712249,,,2.56067104832,-0.0558193654271,,,,,1.0271318588,2.35880580139,,,,,1.8859890717,-0.440902207183,,,,0.422429651022,0.652893815911,,,2.48003722636,2.3743004293,,,,,,,
CHOL21,"GSTM2",ENSG00000213366,5.578100,1.87739970004,0.282377405857,,0.834305612797,-0.23886931261717964,-0.320502804931,-2.18728424309,0.974159620266,-0.670335453985,1.86637912225,2.31251968709,-0.201779848342,,0.467945982564,2.63617879132,,1.03478728112,,,1.12901028667,8.25546561767,,,,,0.587754044008,-1.79699604461,,,,,2.32273112093,4.11077348383,,,,-2.81169772148,3.26939808802,,,0.213977469017,2.94283869145,,,,,,,
CHOL27,"GSTM2",ENSG00000213366,7.277572,3.14993431283,1.20407131775,,2.35403465449,0.776226423160935,0.764808973071,-2.41675737089,2.55413208668,-0.132487938847,1.5882327824,3.52216986621,0.795545307584,,1.51195868772,2.60332923623,,0.979335833478,,,1.28473850757,9.18140319879,,,,,1.56803723029,-1.02258856563,,,,,4.02090803689,4.72164659367,,,,-2.86935758591,4.4456936056,,,0.560263244077,4.94556664163,,,,,,,
FATM02B,"GSTM2",ENSG00000213366,5.697366,0.997779928202,1.03402561318,,3.23866061415,0.7530005471036884,2.48816877297,1.58523424103,0.819488149677,1.58168166186,1.85737385733,1.08897401685,1.17937427928,,0.484820426661,3.23533952215,,3.04383774102,,,1.43333009279,0.171284318944,,,,,1.05807842089,2.59224144553,,,,,1.15400591924,-0.52124915538,,,,0.686655282974,0.927614792256,,,1.48566483859,1.92936184269,,,,,,,
FATM04B,"GSTM2",ENSG00000213366,12.784283,1.76745899089,1.62001351653,,5.09863002421,1.3412467141780404,3.93812322609,1.57638659147,2.92875296638,1.93249600529,2.67642848458,2.4341625286,2.12553462576,,1.35736011533,3.80703522761,,4.09839568695,,,2.29218920661,0.961796480307,,,,,1.85648608688,3.43455908626,,,,,3.05476796408,0.100487907706,,,,0.910140752792,1.35462195669,,,2.50270009812,3.67038503644,,,,,,,
FATM04M,"GSTM2",ENSG00000213366,6.013461,2.00417921664,1.80076873805,,4.46616981396,1.4864626615655385,3.24430848645,1.47711741997,2.87132518613,2.59520422888,1.51479986098,2.28146072032,2.0626464623,,1.2681369478,2.79332239663,,3.14012403074,,,1.80155207497,0.69669967192,,,,,2.07450983171,2.93639939135,,,,,3.62548813914,0.131319810033,,,,0.831410109997,1.46289372138,,,2.17097328752,3.08519683871,,,,,,,
FATM04,"GSTM2",ENSG00000213366,11.433115,1.59049428923,1.55358754988,,4.97012611996,1.2836372969027452,3.90866535365,1.58407890672,2.74586389462,1.63269459551,2.78287808272,2.42676948465,2.10082089174,,1.16887043848,3.68745768473,,3.99062796998,,,2.1700997413,0.910007546326,,,,,1.67107238466,3.34868298512,,,,,2.77235225209,0.114053410116,,,,0.967530429363,1.30869149776,,,2.41343746098,3.61686591996,,,,,,,
LEAN06B,"GSTM2",ENSG00000213366,6.834518,-0.107307772934,0.414778011193,,2.45152285765,0.17297781392457187,2.58707149556,0.0142935875361,0.60116290956,0.305770590775,0.84501047328,1.21781967481,1.28422648251,,1.47995598727,2.74167142265,,2.76808010758,,,1.65444780825,-0.836588952876,,,,,0.0289622411818,1.58908367097,,,,,1.20434627186,-0.657513445862,,,,0.516639649868,-0.679357137043,,,1.56274189165,1.74374246007,,,,,,,
LEAN06,"GSTM2",ENSG00000213366,6.473816,-0.12010570136,0.472855761479,,2.40628077258,0.0424058637682712,2.24933511068,-0.122714493483,1.03304552322,0.358534144394,0.812930079167,1.26761698419,1.45872968149,,1.33901126716,2.77920313544,,3.04762487769,,,1.88402008247,-0.730994561371,,,,,0.021064085682,1.46205132234,,,,,1.59984711525,-0.682531395922,,,,0.571815431118,-0.621956604478,,,1.63476058311,1.63845364922,,,,,,,
