code,target,ENSEMBL,association,Adipose_Subcutaneous,Adipose_Visceral_Omentum,Breast_Mammary_Tissue,Muscle_Skeletal,DGN_Whole_Blood,Whole_Blood,Artery_Aorta,Artery_Coronary,Artery_Tibial,Heart_Atrial_Appendage,Heart_Left_Ventricle,Spleen,Brain_Amygdala,Brain_Anterior_cingulate_cortex_BA24,Brain_Caudate_basal_ganglia,Brain_Nucleus_accumbens_basal_ganglia,Brain_Putamen_basal_ganglia,Brain_Cerebellar_Hemisphere,Brain_Cerebellum,Brain_Cortex,Brain_Frontal_Cortex_BA9,Brain_Hippocampus,Brain_Hypothalamus,Brain_Spinal_cord_cervical_c-1,Brain_Substantia_nigra,Nerve_Tibial,Cells_Transformed_fibroblasts,Cells_EBV-transformed_lymphocytes,Colon_Sigmoid,Colon_Transverse,Esophagus_Gastroesophageal_Junction,Esophagus_Mucosa,Esophagus_Muscularis,Liver,Minor_Salivary_Gland,Small_Intestine_Terminal_Ileum,Stomach,Adrenal_Gland,Pituitary,Pancreas,Thyroid,Lung,Ovary,Prostate,Testis,Uterus,Vagina,Skin_Not_Sun_Exposed_Suprapubic,Skin_Sun_Exposed_Lower_leg
BLOO01,"TMBIM1",ENSG00000135926,10.269533,-6.03219543985,-6.14144464846,-3.99194423485,-5.39559657987,-3.6887916745298606,,-5.92482411381,,-6.55300411876,-5.95877540541,-5.90280940839,,,,,,,,,,,,,,,-4.95239647734,-5.66720555912,-5.89612907652,-5.40946849354,-6.08656952623,-5.92516739097,-5.77647610953,-5.77934120037,,,,,,-6.02053994179,,-5.64793533274,-4.72207634012,,,-5.13382675681,,,,
BLOO04,"TMBIM1",ENSG00000135926,20.558949,-7.43931776167,-8.07004971053,-5.74774736864,-7.42691644278,-6.847646857184222,,-7.71051326208,,-7.11077990442,-7.90592984617,-7.17885896162,,,,,,,,,,,,,,,-5.85944040445,-6.93517872705,-7.44482971301,-7.02906531696,-7.38784205738,-7.26725022055,-8.17951127659,-7.69577714128,,,,,,-7.81127244258,,-6.99414602573,-7.3902151122,,,-6.23013746266,,,,
BLOO05,"TMBIM1",ENSG00000135926,18.080284,7.44360323353,8.1053664627,7.01660632954,7.2096983198,6.632313467274624,,7.70062404938,,7.30833439075,7.74892484296,7.32401722161,,,,,,,,,,,,,,,7.40396792901,7.0551182717,7.48234383816,6.97712804043,7.41609512723,7.61550292931,7.99865092492,8.25541298642,,,,,,7.75097994695,,6.82103472482,6.73441700355,,,7.71484047259,,,,
BLOO06,"TMBIM1",ENSG00000135926,15.016915,6.5695970237,6.42382242174,6.48486794063,5.89831458467,5.495511168782576,,6.57915584168,,5.8227852943,6.83442759164,6.17453194368,,,,,,,,,,,,,,,4.61513955661,5.84623166329,5.96754166736,5.50217090507,6.01367820405,5.99209995955,7.04279776192,7.09039727849,,,,,,6.51910569902,,4.33411423695,5.62188308182,,,5.71578412316,,,,
BLOO09,"TMBIM1",ENSG00000135926,12.998180,6.36772753849,6.23644712858,6.34527950506,5.69292941278,5.4518351531354865,,6.35866485731,,5.61527144441,6.61621313438,5.93422286638,,,,,,,,,,,,,,,4.35909783877,5.63254493801,5.72883067432,5.31200687676,5.80959090893,5.78430654401,6.81820504882,6.85072704672,,,,,,6.33601748054,,4.13949871895,5.43468415701,,,5.55372584915,,,,
BLOO10,"TMBIM1",ENSG00000135926,16.676047,6.83220202997,6.76421497557,6.83271426901,6.1496779533,5.99884134206212,,6.85403872394,,6.15584555279,7.09340328466,6.41056839318,,,,,,,,,,,,,,,4.94072056479,6.07896966258,6.25167124839,5.77426281904,6.34332628751,6.35012398409,7.33221511891,7.38349819,,,,,,6.81768601308,,4.59733275767,5.9664666334,,,6.06815294332,,,,
BLOO12,"TMBIM1",ENSG00000135926,13.171295,6.17175253313,5.97578438118,6.39807788688,5.48914213996,5.401000399499783,,6.30296809038,,5.48340698846,6.4784094547,5.89939260839,,,,,,,,,,,,,,,4.32301344525,5.64874618459,5.74122506496,5.35483595087,5.83951471254,5.70032856149,6.54782677467,6.70077791335,,,,,,6.0696726112,,4.00651837818,5.34682004567,,,5.65263248628,,,,
BLOO13,"TMBIM1",ENSG00000135926,13.612735,6.66335224194,6.49436382868,6.6511587156,5.94040472256,5.496204258991434,,6.64962885522,,5.86847077508,6.90982020911,6.22456530226,,,,,,,,,,,,,,,4.56715551557,5.89914694207,6.02877824186,5.56329197923,6.0838173615,6.03955875149,7.1226989327,7.16130862974,,,,,,6.57878640889,,4.36889037664,5.63206102882,,,5.76611779838,,,,
BLOO21,"TMBIM1",ENSG00000135926,17.413390,-7.31640882993,-8.14799350458,-5.96468674436,-7.52765363465,-6.768850783080595,,-7.72257256415,,-7.15825082624,-8.01168788706,-7.27727075101,,,,,,,,,,,,,,,-6.45262579261,-7.24617579381,-7.43516453439,-7.17712240459,-7.09063367289,-7.57099237183,-8.23075263441,-7.65588965381,,,,,,-7.82930167107,,-7.16958961544,-7.46858303393,,,-6.71625441449,,,,
BLOO22,"TMBIM1",ENSG00000135926,18.709609,-7.11719315065,-7.96458917127,-5.85442482548,-7.37423654626,-6.466661837154615,,-7.52423656151,,-6.87106838175,-7.80470946801,-7.07997281348,,,,,,,,,,,,,,,-6.19321734357,-6.99799625364,-7.26589040711,-7.00263147022,-6.90731711523,-7.31800638359,-8.03169053037,-7.45762168451,,,,,,-7.6255183148,,-7.02653063816,-7.29951733382,,,-6.49718693423,,,,
BLOO23,"TMBIM1",ENSG00000135926,8.156051,-4.75746699007,-5.36554113875,-4.60758458598,-5.25000198797,-3.9568493046717736,,-5.12052094116,,-4.61502181603,-5.4604076022,-4.97776772043,,,,,,,,,,,,,,,-4.73834662431,-5.18340965317,-4.99078815571,-4.94234293469,-4.34170450294,-5.22779535175,-5.47707577901,-4.98998561733,,,,,,-5.1098638671,,-5.04348368456,-4.75047955445,,,-5.08562437908,,,,
BLOO24,"TMBIM1",ENSG00000135926,7.213916,-4.46129942938,-4.86693993119,-4.28742749604,-4.29348494842,-4.3487109198562415,,-4.37201643496,,-4.16156432907,-4.62876049505,-4.04193132116,,,,,,,,,,,,,,,-3.85731570306,-3.73875219759,-3.99103448418,-3.4949151203,-3.88042210552,-4.26422875541,-5.06163352225,-5.09323045367,,,,,,-4.82541448079,,-3.21178195653,-3.6667909933,,,-3.80361938339,,,,
BLOO28,"TMBIM1",ENSG00000135926,5.217936,3.40684806442,4.29247486717,2.64485682511,3.71849292348,2.9666682591671596,,3.55109971867,,3.78061714966,3.49141129584,3.46934512765,,,,,,,,,,,,,,,4.79798064601,3.38950056018,3.73607896643,3.52993152955,3.56515403187,3.85386014383,3.68153666918,3.87517654263,,,,,,3.77777635937,,4.36672727182,3.2225575958,,,4.11195051373,,,,
BLOO30,"TMBIM1",ENSG00000135926,12.829914,6.24356741773,6.11126727316,6.16389695098,5.60971055626,5.4751136848974795,,6.26109520237,,5.54883146153,6.51000083292,5.84823439384,,,,,,,,,,,,,,,4.38093254151,5.54346690844,5.64102543633,5.2093806797,5.7024408646,5.71363772087,6.70957808354,6.74929109472,,,,,,6.22897482165,,4.04106282909,5.38697895185,,,5.46868169148,,,,
BLOO33,"TMBIM1",ENSG00000135926,12.548152,-6.28439241466,-6.23661550276,-3.93872421686,-5.91453958215,-4.093231361432564,,-6.12143269843,,-6.35412869112,-6.23687848486,-6.11467124454,,,,,,,,,,,,,,,-4.99321560707,-6.02171249874,-6.05810457366,-5.43390060703,-5.98772118911,-6.07043943655,-6.04562099018,-5.77788526844,,,,,,-6.12305788791,,-5.81056388365,-4.31731081055,,,-5.36993705866,,,,
BLOO34,"TMBIM1",ENSG00000135926,8.676583,2.6620826697,2.84077674651,2.38751311323,2.12647181101,1.652738613864329,,2.75464573217,,3.6893090103,2.69992433888,2.94747084437,,,,,,,,,,,,,,,2.6872078223,2.75433114113,2.79085517415,2.60794019894,2.86807413636,3.27923645032,2.51510524442,3.06590876158,,,,,,2.97714063362,,2.70641576028,2.2185473081,,,2.32293884219,,,,
BLOO35,"TMBIM1",ENSG00000135926,17.629802,7.56321982008,6.9898320297,5.44623117361,7.01358816631,5.534182956545418,,7.42328752896,,7.36161077336,7.48824265138,7.26001284499,,,,,,,,,,,,,,,6.32679949122,6.86594051232,7.43000299567,6.91462503274,6.52119790127,7.2207380211,7.30540598814,7.35366625118,,,,,,6.99907383357,,6.52463540796,6.22602083751,,,6.78020947726,,,,
BLOO36,"TMBIM1",ENSG00000135926,21.786323,-7.90547235688,-8.48666704453,-6.00611970596,-7.80339698736,-7.345483599205727,,-8.16946053128,,-7.6827836169,-8.37010210946,-7.62018560393,,,,,,,,,,,,,,,-6.37247682945,-7.43969750435,-7.87740263151,-7.466698614,-7.78809691551,-7.79760925007,-8.65253841191,-8.1880292907,,,,,,-8.25640611718,,-7.32991639808,-7.79359214054,,,-6.67137175785,,,,
HEIG03,"TMBIM1",ENSG00000135926,9.339552,6.12412908225,6.41342620336,3.16342308323,5.27126230964,3.4791004956195963,,6.08104718448,,6.63543591269,6.00381436605,6.36817227689,,,,,,,,,,,,,,,4.20481431375,5.91420241382,6.25197580585,6.14923718526,5.53109534348,6.12523886462,6.33670220666,6.77546749836,,,,,,6.04505527864,,5.65928327842,4.14713312703,,,5.87542468924,,,,
INFB01,"TMBIM1",ENSG00000135926,7.013166,-4.92110669573,-4.87291099549,-3.40702781801,-4.75974185534,-2.6613203356657644,,-5.05939234011,,-4.92058704685,-4.74195011411,-5.0815799529,,,,,,,,,,,,,,,-3.09050306989,-4.8088593154,-4.63936109302,-4.80196720818,-4.81784954078,-4.6327148904,-4.33647808806,-4.17901062401,,,,,,-4.65369666377,,-4.32570975741,-4.2131767526,,,-4.52209161824,,,,
LEAN04B,"TMBIM1",ENSG00000135926,6.704521,4.76199820286,4.70722582048,2.28722961379,4.45387294944,2.8113345723882017,,4.35102761573,,4.63934047601,4.50990476112,4.28825403018,,,,,,,,,,,,,,,3.49728171718,4.11893646569,4.42991640939,3.73295040845,3.94763008121,4.26926303503,4.78758718315,5.00760676541,,,,,,4.8356343408,,3.24595314809,3.95884387497,,,3.89030685771,,,,
LEAN04M,"TMBIM1",ENSG00000135926,5.688903,4.39885238694,4.26070422016,1.37312332796,4.37264476272,2.262398727798376,,4.01378559752,,4.13773104642,4.12627650532,4.0044024007,,,,,,,,,,,,,,,2.83818159929,3.79399130932,3.99219498949,3.24070135081,3.73959271748,4.04070573168,4.39345771257,4.19334481295,,,,,,4.18934017105,,3.32627108604,4.41679335673,,,3.60307359239,,,,
LEAN04,"TMBIM1",ENSG00000135926,7.486410,5.15242043103,5.05512626617,2.08737130456,4.97263213501,2.8410813940935777,,4.70129309864,,4.96081777046,4.85727263124,4.66002141309,,,,,,,,,,,,,,,3.51352734819,4.45823752602,4.75046010979,3.92461723841,4.31679993383,4.68014109483,5.16152869324,5.17297493977,,,,,,5.09745019484,,3.67389620094,4.67400667193,,,4.19441756595,,,,
LEAN05B,"TMBIM1",ENSG00000135926,6.479962,4.65397083272,4.64436278943,2.0448248091,4.38209875204,2.8867186231930186,,4.25932433508,,4.52448278764,4.43197641361,4.19713820118,,,,,,,,,,,,,,,3.4853133226,4.01582059238,4.30937781409,3.67349296175,3.77999493775,4.23037173808,4.73010532772,4.88345624632,,,,,,4.76458026053,,3.17926873389,3.95313129042,,,3.77973434668,,,,
LEAN05M,"TMBIM1",ENSG00000135926,6.040491,4.38192725445,4.24172801944,1.34968027056,4.36867950267,2.202350045718698,,3.99877122954,,4.11149386836,4.11891298532,3.98531635498,,,,,,,,,,,,,,,2.85355826577,3.78013434892,3.98005937372,3.2030287386,3.7089763304,4.01677991976,4.39466796212,4.19723193782,,,,,,4.17208769652,,3.29702943013,4.42412414693,,,3.58342460231,,,,
LEAN05,"TMBIM1",ENSG00000135926,7.631695,5.08260403501,5.01165364453,1.92797017328,4.93497204589,2.8539764400088328,,4.6420871244,,4.88118163584,4.80913933154,4.59999134777,,,,,,,,,,,,,,,3.5169681098,4.39355713756,4.67669105399,3.87115232424,4.20212148292,4.64973890378,5.12880203879,5.10415772744,,,,,,5.04733150383,,3.62323999401,4.67064905256,,,4.12019429497,,,,
LEAN06B,"TMBIM1",ENSG00000135926,8.714195,5.29132473617,5.47791264102,1.53362744215,4.34330084363,2.9365835128940665,,4.79654256509,,4.98033680042,4.92454017206,4.61868926692,,,,,,,,,,,,,,,3.5936021553,4.34977895092,4.75913869181,4.23608685371,3.986229154,4.61096686444,5.34768958935,5.41324816515,,,,,,5.44253399589,,3.71411353669,4.79939675893,,,4.2519564853,,,,
LEAN06M,"TMBIM1",ENSG00000135926,6.346488,4.70839654743,4.22536139361,1.9880011627,4.03447235512,2.6782811018480595,,4.16032421633,,4.27726700706,4.15395127776,4.19244578407,,,,,,,,,,,,,,,3.07244996514,3.99406216753,4.33481336807,3.58364279789,3.62331454883,4.13017096587,4.28891744257,4.43820867591,,,,,,4.28384958888,,3.45115868697,4.26708827648,,,3.86262316715,,,,
LEAN06,"TMBIM1",ENSG00000135926,8.931740,5.57058266075,5.47366303144,1.87269100386,4.69232499297,3.0907449846667197,,5.00103155954,,5.18972712055,5.08971882933,4.89338943602,,,,,,,,,,,,,,,3.7485213911,4.63624568592,5.07679550229,4.34660196943,4.22222750133,4.89127799282,5.45108470821,5.53199889657,,,,,,5.48422939982,,3.97210583462,5.12668801065,,,4.48276894073,,,,
ULCC01,"TMBIM1",ENSG00000135926,8.425471,-5.03482594564,-4.88748986221,-3.48437836333,-4.76026318218,-2.7448645866089496,,-5.10992548457,,-4.75408395733,-4.88036129806,-5.2554912488,,,,,,,,,,,,,,,-3.47421740026,-4.91239805564,-4.54036810153,-4.70515237896,-4.88981551345,-4.56154839769,-4.33166347392,-4.40647597977,,,,,,-4.77594694541,,-4.28975375428,-4.52380778368,,,-4.7430833869,,,,
