code,target,ENSEMBL,association,Adipose_Subcutaneous,Adipose_Visceral_Omentum,Breast_Mammary_Tissue,Muscle_Skeletal,DGN_Whole_Blood,Whole_Blood,Artery_Aorta,Artery_Coronary,Artery_Tibial,Heart_Atrial_Appendage,Heart_Left_Ventricle,Spleen,Brain_Amygdala,Brain_Anterior_cingulate_cortex_BA24,Brain_Caudate_basal_ganglia,Brain_Nucleus_accumbens_basal_ganglia,Brain_Putamen_basal_ganglia,Brain_Cerebellar_Hemisphere,Brain_Cerebellum,Brain_Cortex,Brain_Frontal_Cortex_BA9,Brain_Hippocampus,Brain_Hypothalamus,Brain_Spinal_cord_cervical_c-1,Brain_Substantia_nigra,Nerve_Tibial,Cells_Transformed_fibroblasts,Cells_EBV-transformed_lymphocytes,Colon_Sigmoid,Colon_Transverse,Esophagus_Gastroesophageal_Junction,Esophagus_Mucosa,Esophagus_Muscularis,Liver,Minor_Salivary_Gland,Small_Intestine_Terminal_Ileum,Stomach,Adrenal_Gland,Pituitary,Pancreas,Thyroid,Lung,Ovary,Prostate,Testis,Uterus,Vagina,Skin_Not_Sun_Exposed_Suprapubic,Skin_Sun_Exposed_Lower_leg
BFPC04B,"SLC35E2B",ENSG00000189339,9.088794,2.52539024636,4.12102476662,3.48625137442,3.7230057127,0.5721198776741491,3.25904011726,1.87878484066,3.25904011726,2.94209770976,3.80330370699,3.99729633886,,,,,1.20065907485,,1.0277811286,3.29532150617,0.716603604973,-0.6773905954,3.25904011726,3.25939212108,2.57051701081,-0.17977424184,2.55411789304,2.12098398708,,2.34389651676,3.23727816864,,3.0380398178,2.98662068619,,,,3.3436638754,,,2.97938864919,2.26846219638,2.69117854125,,,1.84342191935,,,2.71947792553,1.96722435054
BFPC04,"SLC35E2B",ENSG00000189339,9.964650,2.42268798804,4.01679993199,3.43553861764,3.64292842692,0.7113554693284042,3.07071876526,1.69051433092,3.07071876526,2.80832243883,3.80551041207,4.00194434055,,,,,1.01792122878,,0.763405390427,3.05614726273,0.555022339868,-0.723894462257,3.07071876526,3.0708542521,2.39918732085,-0.118111911656,2.74960957839,1.89896736081,,2.26032107594,3.06209047401,,2.99986189784,2.93737326653,,,,3.28302934292,,,2.94306372956,2.23738459837,2.63694885349,,,1.73997952868,,,2.58136220076,1.94271516676
BODY08B,"SLC35E2B",ENSG00000189339,11.480645,2.30644926462,3.8191624495,3.63962124331,4.10102458628,1.2519786983717962,3.02712011337,1.19890569745,3.02712011337,3.98314431251,4.74256345831,5.22533197686,,,,,1.10745877427,,0.612245376692,3.04726857532,1.109571967,-0.204305183415,3.02712011337,3.02537143044,3.02497843371,1.07796966256,3.88121063708,1.77965023613,,1.8515791312,3.09595382614,,3.09122622997,3.35247307771,,,,3.28571973427,,,3.02212453767,3.40130017939,2.94637632615,,,2.42723268409,,,2.23216107783,2.58573239512
BODY08F,"SLC35E2B",ENSG00000189339,7.903090,1.05263600953,2.02886748552,2.422996725,2.86473823386,1.5513310953580313,1.75142347813,-0.26156623277,1.75142347813,2.36550059344,3.62693339031,3.79799812042,,,,,-0.467128548105,,-1.11359191899,1.18454454254,0.133412658833,-0.883501478477,1.75142347813,1.7502842736,1.85512847588,1.45015848797,3.47297056442,0.313812064259,,1.37775010088,1.78987043711,,1.81861467376,1.9574284094,,,,2.17595302719,,,1.97192841926,1.6993528333,1.40516899657,,,1.56355718012,,,1.18503655257,1.16091997797
BODY08,"SLC35E2B",ENSG00000189339,14.455324,2.22261650782,3.67447133277,3.63261387416,4.05305052068,1.4202913163213102,2.91480660439,1.02790982626,2.91480660439,3.86596673884,4.68972324082,5.18363494188,,,,,0.82618030257,,0.261766234776,2.80215567016,0.968736956607,-0.345234426006,2.91480660439,2.91344179738,2.93219308385,1.10713014497,4.01043528712,1.58748951555,,1.84100917559,3.00111928784,,3.0558589706,3.27916391865,,,,3.26083179853,,,2.98906007046,3.23606452496,2.81195243649,,,2.37026144973,,,2.14500445035,2.48698526706
EDUC03,"SLC35E2B",ENSG00000189339,3.417130,-2.6737926013,-3.30041659387,-2.67601246299,-3.36983529213,-3.7021318529872675,-3.48890686035,-4.02151840866,-3.48890686035,-3.53771686333,-3.09698273328,-2.69501870245,,,,,-5.07092030105,,-3.76601390028,-4.14020572555,-2.52527664695,-4.34420387151,-3.48890686035,-3.48250324982,-3.35332240851,1.45987681472,-2.64686280094,-3.72269502038,,-2.44535721514,-3.26558915313,,-2.58915545471,-3.43273261682,,,,-3.4881773548,,,-1.86018504253,-2.49172177019,-3.74234937854,,,-4.54350620374,,,-3.64809639052,-2.36049715687
FATM04B,"SLC35E2B",ENSG00000189339,8.413390,2.48549496582,4.07603959819,3.71848602716,3.87694121009,1.4219716157876137,3.06548976898,1.61970069868,3.06548976898,3.50132254997,4.42068018329,4.60546264456,,,,,1.98405389219,,1.00168262339,3.29225635175,1.08131325403,0.0265222150966,3.06548976898,3.06572873359,2.87603638019,1.18744453059,3.58174513507,2.47245596581,,2.05418068055,2.98368402611,,3.12855777225,3.195473405,,,,3.40596290666,,,2.96724276059,3.09199427808,2.94928034966,,,2.19027590824,,,2.51370113132,2.65348239569
FATM04,"SLC35E2B",ENSG00000189339,9.664502,2.47102592299,4.01709577042,3.76472869329,3.90839429287,1.6415007722706147,2.9988117218,1.46513254528,2.9988117218,3.45807509339,4.47379688739,4.67544759352,,,,,1.77293559346,,0.724856601844,3.10622971432,1.0188902042,-0.0474434387096,2.9988117218,2.99884224665,2.82125459117,1.22892028751,3.8055268903,2.33276460219,,2.07053412898,2.92594451495,,3.15948730655,3.19315150622,,,,3.42480949878,,,2.98660978681,3.08230550873,2.92662299244,,,2.14418825685,,,2.4612712719,2.64523095482
SCHI01,"SLC35E2B",ENSG00000189339,0.404669,1.49556387991,3.56717310511,2.42213632991,3.15536022186,4.2604161596969705,,2.50070960672,,0.241967987358,3.77608905905,3.98512387711,,,,,-0.678463367743,,1.0695910007,-2.58026456138,-1.13216061093,1.69884028695,,,0.0361417376717,1.68392155171,2.92195413651,-2.06479846867,,2.62398964462,-0.732185678698,,4.54259717711,2.11815144275,,,,4.78491846346,,,5.15980482945,3.51810326108,2.70665752501,,,1.95378173575,,,1.09346756725,1.79677273957
SCHI02,"SLC35E2B",ENSG00000189339,0.596931,1.08640444571,3.0837585489,2.23157798787,2.61537313461,3.912342252005954,,2.46961752048,,0.0269100697642,3.5285780851,3.46980055344,,,,,-0.77793044996,,1.03166743966,-2.3725948853,-1.07950553474,1.81005586263,,,0.0222320842715,1.45399770684,2.49235286465,-1.93948069658,,2.15572222884,-1.20952533098,,4.20288029652,1.91382204261,,,,4.37619710284,,,4.7350665269,3.18256940407,2.45641504672,,,1.83801892495,,,0.976121323038,1.54312656314
