code,target,ENSEMBL,association,Adipose_Subcutaneous,Adipose_Visceral_Omentum,Breast_Mammary_Tissue,Muscle_Skeletal,DGN_Whole_Blood,Whole_Blood,Artery_Aorta,Artery_Coronary,Artery_Tibial,Heart_Atrial_Appendage,Heart_Left_Ventricle,Spleen,Brain_Amygdala,Brain_Anterior_cingulate_cortex_BA24,Brain_Caudate_basal_ganglia,Brain_Nucleus_accumbens_basal_ganglia,Brain_Putamen_basal_ganglia,Brain_Cerebellar_Hemisphere,Brain_Cerebellum,Brain_Cortex,Brain_Frontal_Cortex_BA9,Brain_Hippocampus,Brain_Hypothalamus,Brain_Spinal_cord_cervical_c-1,Brain_Substantia_nigra,Nerve_Tibial,Cells_Transformed_fibroblasts,Cells_EBV-transformed_lymphocytes,Colon_Sigmoid,Colon_Transverse,Esophagus_Gastroesophageal_Junction,Esophagus_Mucosa,Esophagus_Muscularis,Liver,Minor_Salivary_Gland,Small_Intestine_Terminal_Ileum,Stomach,Adrenal_Gland,Pituitary,Pancreas,Thyroid,Lung,Ovary,Prostate,Testis,Uterus,Vagina,Skin_Not_Sun_Exposed_Suprapubic,Skin_Sun_Exposed_Lower_leg
BALD01,"ST3GAL4",ENSG00000110080,6.752837,,-0.250516229083,,0.0848266819385,1.865873065067008,,4.12878985096,,,,,,,,,,,,,,,3.17137890309,,,1.60208740084,-0.159455861523,2.64883729004,1.01066596223,,,,-3.98010597936,1.12859054663,0.534804749114,,,-0.85645247828,,-0.433329402325,0.308566727264,,,,,,-1.21756154917,,,
BLOO01,"ST3GAL4",ENSG00000110080,20.540879,,-5.95245903011,,-0.371905513519,-0.8352816109949438,,-3.22594834155,,,,,,,,,,,,,,,-1.71166976269,,,-0.111557461915,-1.02124827724,-0.426490328582,0.810012804537,,,,3.52939466797,-0.169290023157,1.06153646418,,,3.46877246305,,-0.816218057406,-0.11684679793,,,,,,-1.55276752688,,,
BLOO07,"ST3GAL4",ENSG00000110080,6.794606,,0.691996783245,,0.23729510207,4.526658442107988,,1.48383898217,,,,,,,,,,,,,,,1.26787451247,,,1.45442611493,-0.0661909220915,0.25556318952,-0.575638735508,,,,-0.989169502934,0.916046075408,-0.640204710197,,,-2.52827047685,,0.0407934523107,0.341526927477,,,,,,-1.55976705719,,,
BLOO16,"ST3GAL4",ENSG00000110080,8.292336,,0.603362104033,,-0.118550350985,4.677089935348962,,1.53064019027,,,,,,,,,,,,,,,0.93403102768,,,1.36442521959,-0.186872443653,0.0370943587793,-0.791375977896,,,,-1.05022376714,0.733264142278,-0.826866221335,,,-2.70911091413,,-0.0844314083391,0.0868229904021,,,,,,-1.92410684782,,,
BLOO17,"ST3GAL4",ENSG00000110080,10.489670,,1.74377417331,,0.736015208997,5.160528859712912,,2.11114481224,,,,,,,,,,,,,,,2.35280893157,,,1.74378885386,0.425725666049,0.959517129781,-0.185684682316,,,,-1.88727470886,1.38276718065,-0.45491628205,,,-2.7464082847,,0.445384275343,0.864730986996,,,,,,-1.4214861556,,,
BLOO18,"ST3GAL4",ENSG00000110080,12.211817,,1.89226267671,,0.382850709155,5.752445949139101,,2.31995941776,,,,,,,,,,,,,,,2.54362095179,,,2.11447194721,0.0112625460817,0.474102909082,-0.837797088308,,,,-2.12665744186,1.10435192355,-0.762585898594,,,-3.31457668151,,0.203808365181,0.571308399213,,,,,,-1.61036799652,,,
BLOO22,"ST3GAL4",ENSG00000110080,5.629357,,0.782908982473,,-1.03926243407,3.1125836515699543,,2.59792689875,,,,,,,,,,,,,,,1.40276860818,,,-1.38243888605,-0.994508327767,1.74215056007,0.0447064476947,,,,-0.64309043083,-0.589380748633,-1.43202202646,,,-1.58701921828,,-1.28484281376,-1.31401115932,,,,,,-1.61187584902,,,
BLOO29,"ST3GAL4",ENSG00000110080,33.900872,,6.08621083264,,-1.47018181909,1.876793392932121,,5.69082048676,,,,,,,,,,,,,,,3.19983682988,,,0.479989106097,-1.20396497387,2.85158975501,-1.10973628624,,,,-4.31325675585,-1.33473219489,-3.26601526733,,,-4.74809690521,,-1.98434529438,-1.79050937834,,,,,,0.852477734229,,,
BLOO31,"ST3GAL4",ENSG00000110080,14.438493,,-1.90499104225,,-0.119322961323,-6.12344095403457,,-2.57540718864,,,,,,,,,,,,,,,-2.61030998604,,,-2.07521419549,0.128489596686,-0.592095295153,0.833212169118,,,,2.34367545724,-1.06863627403,0.958157969799,,,3.55831772385,,-0.138422434639,-0.374953083347,,,,,,1.92264607219,,,
BLOO32,"ST3GAL4",ENSG00000110080,10.152631,,-1.07532083929,,1.27677540985,-4.832707610253557,,-2.24895041687,,,,,,,,,,,,,,,-2.54018340897,,,-2.0936913916,1.61383752071,1.88892955888,3.16974383865,,,,1.62944000795,0.80224799083,1.84953910832,,,3.45812292298,,0.877886695687,0.966034663937,,,,,,1.3587388062,,,
BLOO34,"ST3GAL4",ENSG00000110080,13.361930,,3.12015976472,,-0.134247769023,1.2581643569146903,,3.7320277982,,,,,,,,,,,,,,,2.54399955158,,,-0.464674468771,-0.368922707718,2.85260279746,0.448175321195,,,,-3.0656432581,-0.777341695672,-1.27343497759,,,-1.93682313373,,-0.324798793676,-0.678132212562,,,,,,0.402343403008,,,
CHOL21,"ST3GAL4",ENSG00000110080,13.869313,,1.96740536435,,7.26471502843,-0.8966004135150751,,1.31981828933,,,,,,,,,,,,,,,2.94130518122,,,0.350691160565,4.06298376615,5.86902136658,5.99207665526,,,,-3.64588014456,4.15847282032,4.81286989277,,,2.41958263903,,6.22020776525,6.46378558469,,,,,,-0.501874423896,,,
CHOL27,"ST3GAL4",ENSG00000110080,18.213888,,1.72145221018,,8.75203663277,-1.8303738910499485,,1.07377391815,,,,,,,,,,,,,,,2.78575629556,,,-0.2601972008,5.06132420206,6.48806734963,7.16466094809,,,,-3.64478559575,4.28568762181,5.49877164181,,,3.45253549618,,6.88340122078,7.31826119534,,,,,,0.121762933506,,,
