code,target,ENSEMBL,association,Adipose_Subcutaneous,Adipose_Visceral_Omentum,Breast_Mammary_Tissue,Muscle_Skeletal,DGN_Whole_Blood,Whole_Blood,Artery_Aorta,Artery_Coronary,Artery_Tibial,Heart_Atrial_Appendage,Heart_Left_Ventricle,Spleen,Brain_Amygdala,Brain_Anterior_cingulate_cortex_BA24,Brain_Caudate_basal_ganglia,Brain_Nucleus_accumbens_basal_ganglia,Brain_Putamen_basal_ganglia,Brain_Cerebellar_Hemisphere,Brain_Cerebellum,Brain_Cortex,Brain_Frontal_Cortex_BA9,Brain_Hippocampus,Brain_Hypothalamus,Brain_Spinal_cord_cervical_c-1,Brain_Substantia_nigra,Nerve_Tibial,Cells_Transformed_fibroblasts,Cells_EBV-transformed_lymphocytes,Colon_Sigmoid,Colon_Transverse,Esophagus_Gastroesophageal_Junction,Esophagus_Mucosa,Esophagus_Muscularis,Liver,Minor_Salivary_Gland,Small_Intestine_Terminal_Ileum,Stomach,Adrenal_Gland,Pituitary,Pancreas,Thyroid,Lung,Ovary,Prostate,Testis,Uterus,Vagina,Skin_Not_Sun_Exposed_Suprapubic,Skin_Sun_Exposed_Lower_leg
BLOO06,"LEPROT",ENSG00000213625,18.987838,0.805770328639,,,3.46163804143,-3.933232243138148,2.07871713698,0.425470116722,,,,,,0.229083361044,0.43700968674,-0.0446545026321,0.309623821513,0.47821254054,,,-0.00464961001456,0.231584443444,,0.881981668097,,,,,,,2.69105789911,4.07375465315,,0.964785768326,,,,,,-2.17100394502,10.5738097768,-1.97065271464,-4.1536726611,,,-0.0248137098679,,,-2.49947580226,-2.0303206556
BLOO09,"LEPROT",ENSG00000213625,19.364295,1.01091900109,,,3.49914251701,-3.6990450523312495,2.05686459795,0.224783115855,,,,,,-0.0230275612641,0.0703999372455,-0.337995858194,-0.0960975655587,0.0739668669237,,,-0.300943032147,-0.175180425058,,0.41855071422,,,,,,,2.73289899962,4.00563241003,,0.972030505765,,,,,,-1.94772666779,10.521964779,-1.8302603692,-3.95040911829,,,0.09679304091,,,-2.14535117715,-1.8719831577
BLOO10,"LEPROT",ENSG00000213625,19.069831,1.16657897044,,,3.35709959748,-3.6288868988055123,1.8902438199,0.0490572677245,,,,,,-0.0832205228799,0.102411862629,-0.596979945215,-0.0647291735396,0.108593726672,,,-0.419448198362,-0.174628146487,,0.417812990093,,,,,,,2.50968955724,3.86953914449,,0.919514468631,,,,,,-1.88445045129,10.2164481246,-1.84808643374,-3.92085446197,,,0.0477901749876,,,-2.05720212306,-1.91686766736
BLOO12,"LEPROT",ENSG00000213625,15.617389,0.599125755639,,,2.96745298882,-2.9692737056659504,1.60492432672,0.10789413061,,,,,,-0.097024297509,-0.0860613211742,0.0568201003638,-0.272863652384,-0.117638601846,,,-0.776389248112,-0.388782869207,,0.145268965817,,,,,,,2.74348622559,4.02559988522,,0.833808569049,,,,,,-2.0121720701,9.63373799359,-1.54715216924,-3.35649605148,,,0.201613839887,,,-2.65499534162,-1.66927212695
BLOO13,"LEPROT",ENSG00000213625,17.218704,0.825860923425,,,3.36226368817,-2.860065144455841,1.92673984318,0.402440068126,,,,,,0.202572788502,0.446972849451,-0.0517968794908,0.322251344382,0.48459614152,,,0.0235188716717,0.235071030404,,0.886228624581,,,,,,,2.69490389081,4.0413157011,,0.904795110674,,,,,,-2.25670617931,10.5706548184,-1.95058923957,-4.20431282644,,,-0.0191359561367,,,-2.41762627817,-1.99932532865
BLOO15,"LEPROT",ENSG00000213625,2.636557,-0.85536842408,,,-2.28313502872,0.4800512096005606,-2.63805448373,-2.21840106903,,,,,,-0.741952346769,0.0142451410012,0.148356353714,-0.161157678539,-0.0852222860658,,,-0.368923199264,-0.336901676525,,-0.459549650003,,,,,,,-2.6999184935,-3.39504618237,,-2.60245364595,,,,,,-0.751169146462,-4.74239318592,-0.426713374723,0.71838373078,,,-1.20837790056,,,0.0535093770888,0.432866245048
BLOO19,"LEPROT",ENSG00000213625,9.057194,0.582005384904,,,3.02177232278,-1.7208725595831533,1.91858996507,0.820673739764,,,,,,0.634372986823,0.563710926368,1.03311092791,0.457043913175,0.501238165226,,,0.920301478508,0.433600666041,,0.703470122826,,,,,,,3.031031659,3.35843895557,,1.48666603052,,,,,,-1.18984071142,7.92402784351,-0.355479617294,-2.52010027472,,,0.959405450445,,,-1.55112498259,-0.857955897971
BLOO24,"LEPROT",ENSG00000213625,6.353577,-1.65447975407,,,-2.30545594922,2.6230028928724045,-1.59322458382,0.18167814306,,,,,,-0.0118737865109,-0.646647158848,1.32331676176,-0.645691364295,-0.776104270666,,,-0.933598131053,-0.60726603201,,-1.06818637846,,,,,,,-0.442735527119,-1.52737422384,,-0.668583861164,,,,,,0.714214692521,-5.83529626232,1.70932029548,3.10125180323,,,0.516080676801,,,-0.0442143669236,1.92935464109
BLOO26,"LEPROT",ENSG00000213625,8.432010,-2.29468823841,,,-2.99571914065,-0.10304063346101452,-1.62532875039,0.92538746974,,,,,,0.00361625931694,1.05465957175,1.79642963669,1.18570606866,1.05618387644,,,1.09144016017,1.15789445851,,0.730966912428,,,,,,,-4.2225787634,-3.98454929099,,-2.94241395388,,,,,,0.990011777137,-7.16076684425,-0.365278621495,1.10491758821,,,-1.8666914337,,,0.0222158201523,-0.42952722155
BLOO27,"LEPROT",ENSG00000213625,4.560588,-1.89374836635,,,-2.41831329051,-0.08821745383612249,-1.60083794587,0.755385342708,,,,,,0.430355595902,1.23539489644,1.71633037623,1.24912271709,1.27202667456,,,1.07628174621,1.31497820191,,0.870398915431,,,,,,,-3.02032653964,-2.75584641706,,-1.89680691864,,,,,,0.904693034759,-6.03792321716,0.212277649577,0.720769301106,,,-1.08665583552,,,0.62505332879,-0.191927699854
BLOO28,"LEPROT",ENSG00000213625,5.515159,0.124103652704,,,-2.56858739207,0.9335447450594604,-1.5534178057,-0.913382641204,,,,,,-0.581204128961,-0.38695098671,-1.55111149885,-0.289049086709,-0.29565034938,,,-0.687302577684,-0.290791354003,,-0.360036025488,,,,,,,-2.93662112087,-2.85593230807,,-1.2566824604,,,,,,0.934414189529,-6.41914761492,0.0809033966425,1.61447845268,,,-0.922931720607,,,1.64106507158,0.245705727753
BLOO30,"LEPROT",ENSG00000213625,18.352412,1.01149375688,,,3.59722556397,-2.561183458738155,2.20550456859,0.260246872932,,,,,,0.00406332327634,0.0666549873352,-0.314661155749,-0.09543654162,0.0764741426459,,,-0.319191938386,-0.154956012032,,0.436892272308,,,,,,,2.7179656821,4.02225244937,,1.02096103946,,,,,,-1.85824330698,10.5405904618,-1.89265013027,-3.8928763278,,,0.0469106845859,,,-2.18069575583,-1.91710197176
BLOO32,"LEPROT",ENSG00000213625,9.887194,0.867911422798,,,2.5281398884,-2.961215151266229,1.76605696637,0.643512105077,,,,,,0.521026373109,1.05386698965,-0.229062433864,1.10230166741,1.19910603907,,,1.23117089963,1.02184743107,,1.61746401949,,,,,,,1.41449033387,2.40585363558,,0.840716079809,,,,,,-1.62275519509,7.34579286277,-1.59514895004,-3.62150197925,,,-0.197941649307,,,-1.30926042461,-1.96962088706
MENA01F,"LEPROT",ENSG00000213625,5.834934,1.66452119412,,,0.720851172757,-1.8794330374208261,1.53542637351,-0.133194968602,,,,,,1.91187688645,2.80530728255,0.264232945024,2.49192972091,2.76091591093,,,3.34138916133,2.46060063991,,2.74415027975,,,,,,,1.04712373651,0.0149526268913,,1.36942902418,,,,,,-0.390509711386,3.84701746427,3.45408679198,-1.51198996917,,,4.13319537794,,,-2.6924858957,-1.63411464068
MENA02F,"LEPROT",ENSG00000213625,10.543847,1.26800008185,,,-0.680471818452,-4.264459541007491,-0.56631421574,-0.536278122322,,,,,,3.59716694234,4.82579409182,2.05419847593,4.61531785931,4.89376257826,,,5.16653715644,4.65298196136,,4.71504866415,,,,,,,1.22554414731,-0.174866501339,,1.78635113928,,,,,,-2.22060444459,4.15093408725,3.08804283329,-4.271314321,,,3.7582206879,,,-3.09353637371,-3.45230829614
