code,target,ENSEMBL,association,Adipose_Subcutaneous,Adipose_Visceral_Omentum,Breast_Mammary_Tissue,Muscle_Skeletal,DGN_Whole_Blood,Whole_Blood,Artery_Aorta,Artery_Coronary,Artery_Tibial,Heart_Atrial_Appendage,Heart_Left_Ventricle,Spleen,Brain_Amygdala,Brain_Anterior_cingulate_cortex_BA24,Brain_Caudate_basal_ganglia,Brain_Nucleus_accumbens_basal_ganglia,Brain_Putamen_basal_ganglia,Brain_Cerebellar_Hemisphere,Brain_Cerebellum,Brain_Cortex,Brain_Frontal_Cortex_BA9,Brain_Hippocampus,Brain_Hypothalamus,Brain_Spinal_cord_cervical_c-1,Brain_Substantia_nigra,Nerve_Tibial,Cells_Transformed_fibroblasts,Cells_EBV-transformed_lymphocytes,Colon_Sigmoid,Colon_Transverse,Esophagus_Gastroesophageal_Junction,Esophagus_Mucosa,Esophagus_Muscularis,Liver,Minor_Salivary_Gland,Small_Intestine_Terminal_Ileum,Stomach,Adrenal_Gland,Pituitary,Pancreas,Thyroid,Lung,Ovary,Prostate,Testis,Uterus,Vagina,Skin_Not_Sun_Exposed_Suprapubic,Skin_Sun_Exposed_Lower_leg
HEIG03,"PSMB3",ENSG00000108294,10.958963,-4.51159778386,-3.17224569509,-5.39868284001,,-5.698707884411096,-4.87221945332,-6.2284118403,,-6.54594959572,-2.75434718789,0.702277686336,,,,,,,,,,,,,,,-5.8836360982,-6.8833305464,-4.54241653087,,-4.00723224561,,0.577975924345,-5.99415214049,-4.74132190308,,-3.57697575856,,,,,,-6.63621996153,,-0.519222438335,-4.39425019559,-0.909969785564,,,-2.13352000456
HEIG04M,"PSMB3",ENSG00000108294,5.663540,-2.69384240911,-1.67393548681,-3.7940829392,,-3.710643761032384,-2.13529718383,-4.98199922759,,-4.72173258889,-1.82627283436,0.555853867257,,,,,,,,,,,,,,,-5.14133227694,-5.2502761935,-2.98840835407,,-2.23446752401,,1.04667245065,-4.51925165345,-2.4407372213,,-2.64068331047,,,,,,-4.86723731697,,-1.69397878647,-2.83078339782,-1.61932367176,,,-1.58709125782
LEAN04B,"PSMB3",ENSG00000108294,12.485027,-5.38651421407,-2.75199012356,-6.28344509071,,-5.640517578981181,-3.29896332473,-5.50999399481,,-6.14438159532,-3.26355279302,-2.78533987764,,,,,,,,,,,,,,,-5.2188577367,-6.26966510435,-3.99420848022,,-3.87884979276,,-0.808002933564,-6.2302737309,-4.85785537274,,-2.96201373057,,,,,,-6.79842596065,,-2.55496263504,-5.18573325064,-2.19210211766,,,-2.09981182132
LEAN04M,"PSMB3",ENSG00000108294,8.956481,-4.50163565233,-1.93819282377,-5.73773436409,,-5.129072811113164,-3.46039905066,-4.09435912728,,-5.36943486688,-2.83605911312,-2.48163596085,,,,,,,,,,,,,,,-4.31989052486,-5.12267459588,-3.43639897963,,-3.80770095862,,-1.01101724301,-5.15214362188,-4.63011303836,,-2.39307944499,,,,,,-5.69083707099,,-1.64006173611,-4.34188166279,-1.61854825103,,,-2.50928667801
LEAN04,"PSMB3",ENSG00000108294,11.605864,-5.44514103831,-2.64666219672,-6.62706092027,,-5.990151257400677,-3.77513359266,-5.3026625622,,-6.41181503793,-3.34407302981,-2.96233917113,,,,,,,,,,,,,,,-5.22803705001,-6.34865957388,-4.13425461096,,-4.23591609959,,-0.974151357782,-6.33880057628,-5.23151735464,,-2.93781010096,,,,,,-6.94319444654,,-2.44185781479,-5.24155379034,-2.22687671595,,,-2.54333985995
LEAN05B,"PSMB3",ENSG00000108294,11.458758,-5.48206758981,-2.72064707696,-6.43744308598,,-5.720682398278258,-3.37743783421,-5.55582170493,,-6.18728549956,-3.32287961052,-2.62070302069,,,,,,,,,,,,,,,-5.35249037492,-6.37782687764,-3.91744569691,,-3.92329096959,,-0.906302004789,-6.30399197772,-4.89989419189,,-3.00010922672,,,,,,-6.8986059822,,-2.57368206978,-5.24916215441,-2.23630616856,,,-2.09224973945
LEAN05F,"PSMB3",ENSG00000108294,5.099447,-3.77850919838,-2.06946851977,-4.09401258945,,-3.6102295180161112,-1.82350020202,-4.15681476044,,-4.0477021055,-2.20421213261,-1.58571115169,,,,,,,,,,,,,,,-3.72020604993,-4.45608104729,-2.53666808743,,-2.28599439904,,-0.406265676285,-4.34761552144,-2.93298505981,,-2.10037363008,,,,,,-4.7151678483,,-2.12811803818,-3.58802609678,-1.71294170267,,,-0.873707230585
LEAN05M,"PSMB3",ENSG00000108294,8.277185,-4.50454258629,-1.96057224697,-5.77268052989,,-5.167500409637981,-3.4866272489,-4.10004663269,,-5.38603833411,-2.84763115826,-2.46409575337,,,,,,,,,,,,,,,-4.35098076547,-5.15403964692,-3.44642422924,,-3.80962488088,,-1.05147675904,-5.1730061556,-4.64988033909,,-2.4160397597,,,,,,-5.72143177402,,-1.6133749485,-4.3562556719,-1.59418135289,,,-2.51270344048
LEAN05,"PSMB3",ENSG00000108294,11.841698,-5.51862515967,-2.64785829599,-6.73655236472,,-6.066704317314184,-3.83921311797,-5.34304268226,,-6.45210441535,-3.39837113443,-2.86892535729,,,,,,,,,,,,,,,-5.32319376265,-6.43369355878,-4.10897638124,,-4.25922047767,,-1.05838031204,-6.40162869919,-5.2695949241,,-2.98149460948,,,,,,-7.0226003484,,-2.44362807274,-5.2920647856,-2.24453538436,,,-2.55780526649
LEAN06B,"PSMB3",ENSG00000108294,12.016256,-6.35414279059,-3.51094518123,-6.05590383831,,-5.814538019969955,-3.46539331384,-5.66663692268,,-6.43631827888,-4.10368883024,-3.04631113638,,,,,,,,,,,,,,,-5.08910332955,-6.36862848456,-4.48780599478,,-3.8795839288,,-1.53241988413,-6.36580859095,-5.35948031807,,-3.7434904261,,,,,,-6.8079009162,,-2.70815563202,-5.26729714414,-2.49271314809,,,-3.30769741092
LEAN06F,"PSMB3",ENSG00000108294,5.685080,-5.02638106415,-2.219813409,-4.11150155634,,-3.788751085990089,-2.30198618337,-4.53900453879,,-4.26701923687,-3.50674287736,-1.48308349882,,,,,,,,,,,,,,,-3.76276142056,-4.53685039874,-2.61000204451,,-2.69972989242,,-1.570945426,-4.53658279688,-3.23758265326,,-3.18224876317,,,,,,-4.7804088926,,-2.24476051331,-3.65284596833,-2.09104058394,,,-2.12195435569
LEAN06M,"PSMB3",ENSG00000108294,8.768072,-4.51372170062,-3.36641825349,-5.36374752165,,-5.403135220326999,-3.1536801892,-3.93381257207,,-5.86266906094,-2.50348480329,-3.61670125196,,,,,,,,,,,,,,,-4.0268362489,-5.30859445819,-4.65854279561,,-3.33434337268,,-0.530722514119,-5.303081541,-5.37527791262,,-2.31120504419,,,,,,-5.78324051885,,-1.76066839695,-4.54712174309,-1.5817121037,,,-3.12314436804
LEAN06,"PSMB3",ENSG00000108294,13.087523,-6.11166690213,-3.82827958323,-6.28953353925,,-6.244042628095351,-3.67656672394,-5.45034415941,,-6.84026462384,-3.77476901424,-3.64133102829,,,,,,,,,,,,,,,-5.10608856049,-6.58899958951,-5.07426276563,,-4.03893276259,,-1.23218655664,-6.53647100184,-5.95453155653,,-3.46129700769,,,,,,-7.03687195835,,-2.57876992226,-5.49099491366,-2.37124918466,,,-3.59135253215
