code,target,ENSEMBL,association,Adipose_Subcutaneous,Adipose_Visceral_Omentum,Breast_Mammary_Tissue,Muscle_Skeletal,DGN_Whole_Blood,Whole_Blood,Artery_Aorta,Artery_Coronary,Artery_Tibial,Heart_Atrial_Appendage,Heart_Left_Ventricle,Spleen,Brain_Amygdala,Brain_Anterior_cingulate_cortex_BA24,Brain_Caudate_basal_ganglia,Brain_Nucleus_accumbens_basal_ganglia,Brain_Putamen_basal_ganglia,Brain_Cerebellar_Hemisphere,Brain_Cerebellum,Brain_Cortex,Brain_Frontal_Cortex_BA9,Brain_Hippocampus,Brain_Hypothalamus,Brain_Spinal_cord_cervical_c-1,Brain_Substantia_nigra,Nerve_Tibial,Cells_Transformed_fibroblasts,Cells_EBV-transformed_lymphocytes,Colon_Sigmoid,Colon_Transverse,Esophagus_Gastroesophageal_Junction,Esophagus_Mucosa,Esophagus_Muscularis,Liver,Minor_Salivary_Gland,Small_Intestine_Terminal_Ileum,Stomach,Adrenal_Gland,Pituitary,Pancreas,Thyroid,Lung,Ovary,Prostate,Testis,Uterus,Vagina,Skin_Not_Sun_Exposed_Suprapubic,Skin_Sun_Exposed_Lower_leg
BLOO02,"SMPD3",ENSG00000103056,14.133323,,,,4.36668154052,-3.784318426831544,-0.668364097092,,,,-2.6920808156,,,,,,,,-4.14219446033,-1.50709423013,-1.11726166144,,,,,,-0.970198402345,,1.76066550489,,-2.40535426546,,,,1.79671012907,,,,3.58698370994,-0.451535889326,1.36584716103,,,,-0.421116509156,,,,,
BLOO04,"SMPD3",ENSG00000103056,7.095625,,,,-2.5210267971,3.484283584061816,2.66215512159,,,,3.95993724335,,,,,,,,3.12946413932,0.408710714221,2.21018385473,,,,,,1.62985999381,,0.121593478979,,-0.128383310712,,,,-2.0271927358,,,,-0.286999095502,1.60377062096,-3.25200704443,,,,1.49737941208,,,,,
BLOO07,"SMPD3",ENSG00000103056,9.649093,,,,-3.04147810242,4.495147488397245,1.68706384785,,,,2.53066130092,,,,,,,,4.53383310572,4.14720328022,5.04737358451,,,,,,4.40741961662,,2.82580196909,,1.22327768344,,,,-0.862819686016,,,,3.17879703402,5.25309557711,-1.9997604255,,,,3.6558306867,,,,,
BLOO16,"SMPD3",ENSG00000103056,7.764118,,,,-2.34272903408,4.02280435973171,1.43934025169,,,,1.7445674864,,,,,,,,3.81719310703,3.19360881106,4.27220926256,,,,,,3.67439001054,,2.49091884141,,1.06237579729,,,,-0.923176641768,,,,3.07092678312,4.96955692289,-1.50451818528,,,,3.26748593348,,,,,
BLOO17,"SMPD3",ENSG00000103056,8.726004,,,,-2.82357112947,4.177010117824772,1.65995113211,,,,2.42258068329,,,,,,,,4.23398265445,3.38047385928,4.76630099515,,,,,,4.0104662189,,2.80145430574,,1.6040965085,,,,-1.03742120249,,,,2.9749271176,4.84644890185,-1.73679595855,,,,3.05961036284,,,,,
BLOO18,"SMPD3",ENSG00000103056,6.753600,,,,-2.63687491437,3.6164353968423675,1.56831107925,,,,1.88488463901,,,,,,,,4.17256074954,3.10051915781,4.33133393065,,,,,,3.43399533623,,2.3926450795,,1.64689168596,,,,-1.18275186842,,,,2.55520503855,4.49927926906,-1.59836024814,,,,2.63446378893,,,,,
BLOO21,"SMPD3",ENSG00000103056,12.643611,,,,-4.3756908337,4.782477429440837,2.07694972106,,,,5.08897364482,,,,,,,,4.87008089372,1.18968908423,3.66328402547,,,,,,3.47900686503,,0.493488651612,,0.418265204904,,,,-2.32956496811,,,,-0.90597524254,3.09631643439,-3.26239051569,,,,2.28993232292,,,,,
BLOO22,"SMPD3",ENSG00000103056,9.350227,,,,-3.67961184387,4.180910289222725,2.06381970737,,,,4.77037269779,,,,,,,,4.1943359701,0.988127571118,3.49684932759,,,,,,3.34338510309,,0.774550429646,,0.0445097417177,,,,-2.03426482428,,,,-0.280330998712,3.01510584788,-2.98884107689,,,,2.26284330938,,,,,
BLOO26,"SMPD3",ENSG00000103056,8.260182,,,,-2.32941287822,4.591076335092544,-0.019988688717,,,,1.62430970391,,,,,,,,2.09476316828,1.20759204087,1.0939940541,,,,,,0.892033757189,,-0.470482002549,,1.67236805,,,,-2.97261991649,,,,-0.880362255025,3.42406492102,-0.992836278159,,,,-1.28698917047,,,,,
BLOO27,"SMPD3",ENSG00000103056,10.657301,,,,-2.89053108558,4.79108079706333,-0.529398604157,,,,1.94094708316,,,,,,,,2.40985199147,2.11999821438,1.83093182784,,,,,,1.48323999401,,-0.437428099849,,1.25966463782,,,,-2.30097867203,,,,-1.2528012091,3.97872609427,-0.842876766572,,,,-0.988004596964,,,,,
BLOO36,"SMPD3",ENSG00000103056,12.208394,,,,-3.53751170178,4.3494511733462335,2.33025624477,,,,4.54965875797,,,,,,,,4.1531878133,0.351287530111,2.39751869575,,,,,,1.73061046215,,-0.362346896617,,0.313494855979,,,,-2.4813199385,,,,-1.21472647446,1.71033711212,-3.65143814358,,,,1.53240477572,,,,,
BODY03,"SMPD3",ENSG00000103056,6.480881,,,,2.3993846615,-3.6488237730065993,-2.9440600872,,,,1.239127775,,,,,,,,-3.62903864381,-3.70474647695,-4.81921510269,,,,,,-2.67782069243,,-2.81319681928,,-1.52341452361,,,,0.239902348956,,,,-2.44848268075,-3.98448646653,2.13203655002,,,,-4.22090825138,,,,,
BODY04,"SMPD3",ENSG00000103056,6.240453,,,,2.51608957604,-3.812091765147056,-3.06209397316,,,,1.68848387004,,,,,,,,-3.96479405235,-3.76205165454,-4.96152051466,,,,,,-2.59837284532,,-2.84002298851,,-1.61145825455,,,,0.350224949447,,,,-2.49637198991,-4.16166286734,2.19095766253,,,,-4.2350723661,,,,,
CHOL22,"SMPD3",ENSG00000103056,13.127593,,,,2.75015301776,0.4830143169070964,-0.449072897434,,,,-2.62422051766,,,,,,,,-3.6441906675,3.24577573495,3.36673317121,,,,,,2.4616101765,,4.49701184155,,0.144992696506,,,,-0.194039773664,,,,7.88249324145,3.63984647568,1.92713290171,,,,4.19248439148,,,,,
EDUC03,"SMPD3",ENSG00000103056,7.284289,,,,1.94192289001,-4.327091834967737,-0.0116465598481,,,,-4.52624528649,,,,,,,,-3.31714124444,-5.01894091242,-4.65583831429,,,,,,-4.72994230932,,-1.4717974239,,-1.20817308706,,,,-2.04982697253,,,,-2.98166453305,-3.97870770723,2.16875737337,,,,-5.2602127882,,,,,
LEAN04B,"SMPD3",ENSG00000103056,6.100475,,,,1.8330190539,-4.057076088887758,-0.773665042452,,,,-2.59835348045,,,,,,,,-3.22335494635,-2.18197332646,-4.25827047757,,,,,,-4.30462897568,,-1.77783406976,,-1.61192045676,,,,0.323886128452,,,,-3.14479740608,-1.88434986285,0.811424091746,,,,-4.85323754268,,,,,
LEAN04M,"SMPD3",ENSG00000103056,5.195390,,,,2.2851937438,-3.5844013357011497,0.0204202400644,,,,-2.12675316379,,,,,,,,-2.29467157653,-2.87036257305,-4.51924927465,,,,,,-4.42092264476,,-2.36957240458,,-1.44300136657,,,,0.0854002206815,,,,-2.65860902348,-3.16851492585,0.0678305818537,,,,-5.02953808721,,,,,
LEAN04,"SMPD3",ENSG00000103056,8.192215,,,,2.261171691,-4.360978206695638,-0.564995853183,,,,-2.72188409042,,,,,,,,-3.12981126243,-2.69776614489,-4.93927000875,,,,,,-4.89565179696,,-2.36143655844,,-1.68755057737,,,,0.379692912617,,,,-3.3780196478,-2.75875035766,0.464465732636,,,,-5.51633922831,,,,,
LEAN05B,"SMPD3",ENSG00000103056,6.247291,,,,1.90309597901,-4.015941173280044,-0.758249155098,,,,-2.42286724171,,,,,,,,-3.23239207447,-2.1879430574,-4.30596290869,,,,,,-4.21309609426,,-1.67971879364,,-1.45721983201,,,,0.576503960831,,,,-3.18141958069,-1.85459583483,0.688011701037,,,,-4.89210592128,,,,,
LEAN05M,"SMPD3",ENSG00000103056,5.489442,,,,2.29020595895,-3.5497502088694075,0.0112433844134,,,,-2.09834988994,,,,,,,,-2.3176819268,-2.87629587165,-4.5313661885,,,,,,-4.39228023901,,-2.3612935484,,-1.41633204486,,,,0.0982545085788,,,,-2.68233631306,-3.12803764598,0.0563258986607,,,,-5.0446115449,,,,,
LEAN05,"SMPD3",ENSG00000103056,7.622931,,,,2.31099090626,-4.320968373566328,-0.567270009757,,,,-2.60043217136,,,,,,,,-3.15023587519,-2.7072987696,-4.97927968643,,,,,,-4.8222635084,,-2.29147676589,,-1.59271344215,,,,0.544386840806,,,,-3.40308437226,-2.72182583144,0.38635165972,,,,-5.54695404521,,,,,
LEAN06B,"SMPD3",ENSG00000103056,10.275536,,,,3.00610452834,-4.787026542670481,-1.62599322559,,,,-3.88735925392,,,,,,,,-3.59973236999,-2.29572045238,-5.58907552022,,,,,,-5.8194506483,,-2.65719473379,,-1.27001624402,,,,-0.56695901839,,,,-3.29873408022,-2.72830031141,-0.420186276216,,,,-6.90841112996,,,,,
LEAN06F,"SMPD3",ENSG00000103056,4.308379,,,,2.02482654213,-3.2843255917812724,-1.37840828926,,,,-2.91075446652,,,,,,,,-2.86552694318,-1.68410948924,-3.86759023525,,,,,,-4.01437037087,,-1.14141009691,,-1.02151517216,,,,-0.667885070286,,,,-2.38856120336,-1.56564380699,0.0232637292417,,,,-4.76648724195,,,,,
LEAN06M,"SMPD3",ENSG00000103056,7.280528,,,,2.68797462888,-4.184227010232029,-1.00989843073,,,,-3.01842254431,,,,,,,,-2.52702977175,-1.8373130965,-4.83594850831,,,,,,-5.05270176676,,-3.38754452347,,-0.876027036003,,,,-0.0605145515342,,,,-2.6851460438,-2.87025351539,-0.857573317588,,,,-5.99901250571,,,,,
LEAN06,"SMPD3",ENSG00000103056,12.923578,,,,3.19148896829,-5.015413886522296,-1.5132705722,,,,-3.95712317067,,,,,,,,-3.47652934152,-2.17949298455,-5.85668350295,,,,,,-6.10010364542,,-3.27922641819,,-1.21832078579,,,,-0.343475526546,,,,-3.33783714218,-2.99737719479,-0.737014611291,,,,-7.26151212131,,,,,
URIN07,"SMPD3",ENSG00000103056,5.974776,,,,-4.19366028048,3.4015698432922368,,,,,3.55953097035,,,,,,,,2.93320829829,3.25035112057,5.02989013281,,,,,,5.11653137635,,2.94280883109,,1.43518247984,,,,0.169049076731,,,,0.328672894624,2.21978448789,0.0302065960038,,,,5.38524652052,,,,,
URIN09,"SMPD3",ENSG00000103056,4.939869,,,,-3.98923984546,3.0757129192352295,,,,,3.74280916825,,,,,,,,3.06903781484,2.99906339522,4.7169663092,,,,,,5.04991903512,,2.50667528692,,1.2231222284,,,,-0.684430097176,,,,0.0537762007267,1.71789863076,-0.283660156561,,,,4.9956715047,,,,,
