code,target,ENSEMBL,association,Adipose_Subcutaneous,Adipose_Visceral_Omentum,Breast_Mammary_Tissue,Muscle_Skeletal,DGN_Whole_Blood,Whole_Blood,Artery_Aorta,Artery_Coronary,Artery_Tibial,Heart_Atrial_Appendage,Heart_Left_Ventricle,Spleen,Brain_Amygdala,Brain_Anterior_cingulate_cortex_BA24,Brain_Caudate_basal_ganglia,Brain_Nucleus_accumbens_basal_ganglia,Brain_Putamen_basal_ganglia,Brain_Cerebellar_Hemisphere,Brain_Cerebellum,Brain_Cortex,Brain_Frontal_Cortex_BA9,Brain_Hippocampus,Brain_Hypothalamus,Brain_Spinal_cord_cervical_c-1,Brain_Substantia_nigra,Nerve_Tibial,Cells_Transformed_fibroblasts,Cells_EBV-transformed_lymphocytes,Colon_Sigmoid,Colon_Transverse,Esophagus_Gastroesophageal_Junction,Esophagus_Mucosa,Esophagus_Muscularis,Liver,Minor_Salivary_Gland,Small_Intestine_Terminal_Ileum,Stomach,Adrenal_Gland,Pituitary,Pancreas,Thyroid,Lung,Ovary,Prostate,Testis,Uterus,Vagina,Skin_Not_Sun_Exposed_Suprapubic,Skin_Sun_Exposed_Lower_leg
BLOO06,"OSCP1",ENSG00000116885,20.579153,0.286717794838,-0.361132402106,-0.678933395456,,0.6040783681485715,,-0.643838358253,-1.09226054814,,-3.35390515699,-2.24517952002,,-0.122100446219,,-2.621301692,-0.534143212004,-1.53229055216,,-1.18230382248,-2.64221627989,,1.91538413944,,,,-1.97034217445,,,-2.97986100814,,-3.5814796966,-0.750430924651,-0.280836907319,-2.63066415794,,,-3.21961133183,-0.748422989745,-2.65561094861,,-4.78966706211,,-2.62140189152,,1.45906188279,-1.86060868018,,-1.0567078391,-3.21447924117
BLOO09,"OSCP1",ENSG00000116885,26.853872,0.166357676157,-0.481384161273,-0.708933799838,,0.5413503037475773,,-0.587983664918,-1.06096402235,,-3.26239922867,-2.19807364453,,-0.103674970001,,-2.48784485441,-0.526090266267,-1.46683002308,,-1.11752979455,-2.51238471467,,1.99754317272,,,,-1.87391014546,,,-2.85905781972,,-3.52293265978,-0.821518997729,-0.374221108077,-2.47462624048,,,-3.09090526022,-0.742801346472,-2.52364390464,,-4.63763254983,,-2.47663694483,,1.36248495401,-1.78677747042,,-1.10683600499,-3.22507366124
BLOO10,"OSCP1",ENSG00000116885,24.677037,0.175354024976,-0.388520405211,-0.588878342512,,0.5555962604451223,,-0.507355315785,-1.02828201887,,-2.99370350594,-2.00603819616,,-0.0761541833245,,-2.27641576812,-0.430826431054,-1.35144732341,,-0.985961092249,-2.27994849353,,2.02063890291,,,,-1.74913514174,,,-2.6149208797,,-3.276446043,-0.819939998365,-0.332260385089,-2.3521478631,,,-2.97877507475,-0.628232051913,-2.29060271792,,-4.29520442781,,-2.30550118227,,1.13117947886,-1.59726352062,,-1.00695656881,-3.10165564608
BLOO12,"OSCP1",ENSG00000116885,24.566022,0.967305106401,-0.248263592835,-0.165030298523,,0.8447036972422242,,-0.312709540227,-0.807188735273,,-2.5697097391,-1.56963370365,,0.545132792839,,-1.79696866731,-0.696242577947,-0.830070715217,,-0.836707243061,-1.78989578268,,1.50787033633,,,,-1.12777547886,,,-2.03550945155,,-2.44680494667,-0.476896002555,0.0791254860991,-1.81885656413,,,-2.606653589,-0.252802522257,-1.80583129016,,-3.74375295401,,-1.78323606757,,0.645778998697,-1.11928850654,,-0.458914815266,-2.7549465743
BLOO13,"OSCP1",ENSG00000116885,27.139668,0.179996758266,-0.500434559166,-0.775598098256,,0.5145744183898654,,-0.696665467273,-1.1792508987,,-3.43880794855,-2.30448897219,,-0.18710573947,,-2.66034676828,-0.542178370822,-1.59709717585,,-1.23961315377,-2.69754830996,,1.93544952447,,,,-1.9926122927,,,-3.03732002006,,-3.56071260461,-0.834783914701,-0.333806904612,-2.6976782674,,,-3.22685270912,-0.831342048934,-2.70890118777,,-4.79315876571,,-2.63423741848,,1.50599390861,-1.9568564536,,-1.17765194722,-3.25335143797
BLOO19,"OSCP1",ENSG00000116885,18.827718,0.616899982019,-0.573679537785,-1.14908114616,,0.37165297796643404,,-1.25314634033,-0.973697686459,,-3.69157024326,-2.48190287073,,0.583200915642,,-3.26826737506,-0.256024908879,-1.81616201576,,-1.81162931775,-3.32042784353,,1.41889086699,,,,-2.29258916098,,,-3.57414602414,,-3.20987548525,0.0834026906141,-0.287257379301,-2.22201614773,,,-2.81243280309,-1.14396289506,-3.32811917998,,-4.87864205092,,-3.22029652366,,2.87318286663,-2.58564046858,,-0.99428031458,-2.65365476795
BLOO24,"OSCP1",ENSG00000116885,12.144844,1.13378326335,0.688378303348,0.853121178534,,0.09940088558677493,,0.07727823662,1.10188813938,,2.33892340772,1.71673149265,,1.24322610387,,1.81770875073,-0.530707190675,1.88496798655,,0.419528533826,1.77323324171,,-1.25818981426,,,,1.72984252568,,,2.23460753551,,3.53627383321,0.949276771767,0.788128532011,1.84958122902,,,1.70249497541,0.84272916043,1.7658922035,,3.20926474776,,1.80659478328,,-1.25793982211,1.50546715162,,1.35990851716,2.13141642114
BLOO28,"OSCP1",ENSG00000116885,10.780206,-0.9443779011,0.848458827893,1.25061156136,,-0.059871140317095714,,1.38254003849,1.05133549938,,3.3300626002,2.41983800515,,-1.05882912388,,3.04349200168,0.511377154873,1.37762898877,,1.9043617085,3.08862251744,,-1.16850704315,,,,1.91720923405,,,3.204519614,,2.39064625358,-0.0963666238575,0.0177787246506,1.86004259318,,,2.61980987075,1.28266398472,3.099813741,,4.42130194772,,2.93887025303,,-2.61771338562,2.48973732199,,0.917863510122,2.45654310462
BLOO30,"OSCP1",ENSG00000116885,24.306194,0.243777583466,-0.360090240519,-0.625894205404,,0.6132272499564045,,-0.52753342402,-0.963094479666,,-3.17818594225,-2.14789126831,,0.0106384553355,,-2.44236476601,-0.512059640055,-1.42931913001,,-1.04621272577,-2.45830835355,,2.00166952938,,,,-1.83708969839,,,-2.79667623236,,-3.5370695858,-0.742434284741,-0.307864833583,-2.38915731162,,,-3.06500965069,-0.669863872593,-2.47265457492,,-4.61846901507,,-2.44757501046,,1.32130267451,-1.68498041639,,-0.991190373748,-3.21978364185
BLOO31,"OSCP1",ENSG00000116885,6.308114,-0.347754890672,-1.34443402273,-2.45542578691,,-1.4814789870928822,,-2.7312046112,-2.44373772476,,-3.70148938219,-3.06808718855,,-0.386090662174,,-3.6341746892,-1.17184234872,-1.59243547422,,-2.79431036259,-3.73803154154,,1.4505254065,,,,-3.40342701452,,,-3.79776490448,,-3.18531804493,-2.13365120969,-1.17542110898,-4.42370337893,,,-3.74583751864,-2.71238679162,-3.72609649205,,-4.61072141939,,-3.52982218074,,2.42973893278,-3.49706308402,,-2.58604890122,-3.22739099357
BLOO32,"OSCP1",ENSG00000116885,21.582811,-0.813875812701,-0.792799614284,-1.21737107952,,-0.09741751053487352,,-0.751305575626,-1.42080848673,,-3.33721469163,-2.35040595854,,-0.93844170458,,-2.87544684263,0.117978471754,-2.17932438267,,-1.33553240085,-2.8525783694,,1.4682756477,,,,-2.40724549844,,,-3.28384812515,,-3.97748174841,-0.942649685776,-0.655384064071,-2.8347236135,,,-2.67384141187,-1.28683822838,-2.84679526968,,-4.54507132693,,-2.87643257853,,2.14486763811,-2.38854130649,,-1.66080983226,-2.68407089369
MENO01F,"OSCP1",ENSG00000116885,6.216518,-3.13467523275,-2.95134245335,-3.46134703695,,-3.8090513005828837,,-2.98795935055,-2.89719404717,,-0.209782294114,-2.85822728925,,0.0380044651403,,-1.59608299003,-0.69047324857,-1.12155723242,,-1.02141190818,-1.68131649931,,-0.969542051187,,,,-1.66682650631,,,-1.71584423537,,-0.955887934007,-1.80419011439,-1.44921387619,-0.999633809136,,,-0.625020503431,-3.29205927604,-1.67921249047,,-0.626836762659,,-1.75252336501,,1.43255374281,-2.04891298705,,-2.76371229078,-1.67265321509
