code,target,ENSEMBL,association,Adipose_Subcutaneous,Adipose_Visceral_Omentum,Breast_Mammary_Tissue,Muscle_Skeletal,DGN_Whole_Blood,Whole_Blood,Artery_Aorta,Artery_Coronary,Artery_Tibial,Heart_Atrial_Appendage,Heart_Left_Ventricle,Spleen,Brain_Amygdala,Brain_Anterior_cingulate_cortex_BA24,Brain_Caudate_basal_ganglia,Brain_Nucleus_accumbens_basal_ganglia,Brain_Putamen_basal_ganglia,Brain_Cerebellar_Hemisphere,Brain_Cerebellum,Brain_Cortex,Brain_Frontal_Cortex_BA9,Brain_Hippocampus,Brain_Hypothalamus,Brain_Spinal_cord_cervical_c-1,Brain_Substantia_nigra,Nerve_Tibial,Cells_Transformed_fibroblasts,Cells_EBV-transformed_lymphocytes,Colon_Sigmoid,Colon_Transverse,Esophagus_Gastroesophageal_Junction,Esophagus_Mucosa,Esophagus_Muscularis,Liver,Minor_Salivary_Gland,Small_Intestine_Terminal_Ileum,Stomach,Adrenal_Gland,Pituitary,Pancreas,Thyroid,Lung,Ovary,Prostate,Testis,Uterus,Vagina,Skin_Not_Sun_Exposed_Suprapubic,Skin_Sun_Exposed_Lower_leg
BFPC02B,"ADAMTSL3",ENSG00000156218,16.779892,-2.64381886931,,,,,,-0.962152218015,1.04833785731,-0.316907185328,,0.955960513916,,,,,,,-3.55961160022,-2.479074162,,,,-2.84231711076,,,1.09066161128,,,,,,,4.02323576833,,,,,-0.696347603686,,,1.95544151618,,-4.28450379161,,,,,,
BFPC02F,"ADAMTSL3",ENSG00000156218,12.024017,-1.12591113594,,,,,,-0.287972391103,2.5245625217,1.29153654393,,1.43902071615,,,,,,,-2.27687464173,-1.41487292368,,,,-1.58597166853,,,2.55012714888,,,,,,,4.19669647419,,,,,-0.320514471306,,,1.86819310461,,-3.47749474795,,,,,,
BFPC02M,"ADAMTSL3",ENSG00000156218,5.907104,-2.45645520602,,,,,,-0.985534328869,-0.577678151312,-1.35977293383,,0.117417561833,,,,,,,-2.74133397743,-2.03831501225,,,,-2.36378314351,,,-0.541864562337,,,,,,,1.88745298105,,,,,-0.631736537981,,,1.04601347385,,-2.75010195151,,,,,,
BFPC02,"ADAMTSL3",ENSG00000156218,19.554271,-2.53701153002,,,,,,-0.953544538194,1.53782517747,-0.0349491301339,,1.1325872822,,,,,,,-3.60500752661,-2.46957616991,,,,-2.82800601128,,,1.47470342869,,,,,,,4.36556269033,,,,,-0.773289994599,,,2.12101531666,,-4.54809682439,,,,,,
BFPC03B,"ADAMTSL3",ENSG00000156218,17.492293,-2.70356116879,,,,,,-0.89424119352,1.06779687066,-0.358199607454,,0.853207517329,,,,,,,-3.58331009918,-2.40443731122,,,,-2.76142874376,,,0.921146375078,,,,,,,3.86243480406,,,,,-0.645178470972,,,1.94749000945,,-4.22561453612,,,,,,
BFPC03F,"ADAMTSL3",ENSG00000156218,11.062748,-1.14817281096,,,,,,-0.1407854517,2.56233573327,1.27859375257,,1.24431497089,,,,,,,-2.30438352718,-1.27153338446,,,,-1.43194385981,,,2.32921348054,,,,,,,3.95816496411,,,,,-0.194319729038,,,1.87460630969,,-3.36537282123,,,,,,
BFPC03M,"ADAMTSL3",ENSG00000156218,5.911014,-2.51858462651,,,,,,-1.01422611103,-0.596043342375,-1.413393626,,0.128816356806,,,,,,,-2.75059386574,-2.05320774518,,,,-2.37996681447,,,-0.602548877369,,,,,,,1.85211362486,,,,,-0.663905501211,,,1.02591151522,,-2.75432965791,,,,,,
BFPC03,"ADAMTSL3",ENSG00000156218,19.052027,-2.57623296687,,,,,,-0.849739004944,1.5581424625,-0.0600054980102,,0.999899238527,,,,,,,-3.62025387449,-2.35939845798,,,,-2.7101876556,,,1.29432449008,,,,,,,4.17817957198,,,,,-0.689376249202,,,2.12409238208,,-4.45356345955,,,,,,
BFPC04B,"ADAMTSL3",ENSG00000156218,32.470942,-2.22289077507,,,,,,-1.06609125687,2.51369580317,0.388919186825,,3.31690226149,,,,,,,-4.13976943021,-3.77733572798,,,,-4.62255764645,,,2.08957248168,,,,,,,5.7104933711,,,,,-2.38072538909,,,3.03455508476,,-5.36088448243,,,,,,
BFPC04F,"ADAMTSL3",ENSG00000156218,28.075281,-1.40246349163,,,,,,-1.28217432296,1.933477021,0.763299638874,,2.70734789641,,,,,,,-2.92557080679,-3.1265195515,,,,-4.34921261346,,,3.63622249777,,,,,,,5.23539996958,,,,,-2.09826894132,,,1.8853948842,,-4.7738872498,,,,,,
BFPC04M,"ADAMTSL3",ENSG00000156218,13.467500,-1.88829717777,,,,,,-0.38441404963,1.84322159539,-0.10993604483,,2.29450171139,,,,,,,-3.25136102321,-2.57473543442,,,,-2.70434600568,,,-0.203803484661,,,,,,,3.46134207474,,,,,-1.51566383629,,,2.60489660084,,-3.36821353419,,,,,,
BFPC04,"ADAMTSL3",ENSG00000156218,28.453902,-2.18336204922,,,,,,-1.2116026732,2.58034167019,0.453965310568,,3.31232580484,,,,,,,-4.11150832379,-3.85278737205,,,,-4.79690365489,,,2.46212537931,,,,,,,5.87516581052,,,,,-2.50784056359,,,2.9696187738,,-5.57871750306,,,,,,
EDUC03,"ADAMTSL3",ENSG00000156218,8.236977,-2.17392466958,,,,,,0.549894050693,1.85326634368,0.984124883049,,1.46838478721,,,,,,,-2.40530438809,-1.47732087544,,,,-2.36061164007,,,-0.862511901806,,,,,,,0.0338767621725,,,,,-1.24898745504,,,1.96998422754,,-0.00596838830447,,,,,,
FATM02B,"ADAMTSL3",ENSG00000156218,13.565958,-2.8979399921,,,,,,-0.100760960174,1.1636392377,0.457213269456,,0.913691805873,,,,,,,-2.60765503659,-1.97502558809,,,,-2.05385353049,,,1.28526127075,,,,,,,3.89570856115,,,,,-0.794260616956,,,1.6023689259,,-3.62758743612,,,,,,
FATM02F,"ADAMTSL3",ENSG00000156218,9.285687,-1.14764953194,,,,,,0.0200883504421,2.16400578711,1.7446108853,,1.39549043525,,,,,,,-1.92653855171,-1.08196680789,,,,-1.37083452748,,,2.55876837818,,,,,,,3.88656407935,,,,,-0.625372682763,,,1.35807324455,,-2.70982876642,,,,,,
FATM02,"ADAMTSL3",ENSG00000156218,15.128030,-2.77762201682,,,,,,-0.151003103346,1.57678008312,0.726408039636,,1.05994623965,,,,,,,-2.71210164946,-1.95381228039,,,,-2.10646243036,,,1.66621840615,,,,,,,4.20666976773,,,,,-0.907526476099,,,1.67030598448,,-3.82074182826,,,,,,
FATM03B,"ADAMTSL3",ENSG00000156218,12.576656,-2.93003203586,,,,,,0.0142515113144,1.19544223205,0.456540055339,,0.835350658637,,,,,,,-2.60683849394,-1.86072304395,,,,-1.92996877661,,,1.17625763465,,,,,,,3.81366651993,,,,,-0.726793612452,,,1.58655528119,,-3.55462150302,,,,,,
FATM03F,"ADAMTSL3",ENSG00000156218,9.750875,-1.15012497252,,,,,,0.224462103691,2.20739894372,1.7799110002,,1.2355792117,,,,,,,-1.92907853471,-0.902447405778,,,,-1.16569042946,,,2.44157860526,,,,,,,3.76374452546,,,,,-0.481278269064,,,1.34921565229,,-2.57873583348,,,,,,
FATM03,"ADAMTSL3",ENSG00000156218,15.539418,-2.78828336383,,,,,,0.0010809308814,1.60223345378,0.742909282739,,0.953227036839,,,,,,,-2.70099357661,-1.80469400622,,,,-1.94480800864,,,1.56133514,,,,,,,4.10990871013,,,,,-0.808252994815,,,1.66045079323,,-3.71443708664,,,,,,
FATM04B,"ADAMTSL3",ENSG00000156218,23.608377,-2.41916022822,,,,,,-0.860110288117,1.7665884447,0.703646289473,,3.14796350024,,,,,,,-3.18506967451,-3.37913541188,,,,-3.82415065681,,,2.26505626618,,,,,,,5.59648789103,,,,,-1.95039476956,,,2.02605388492,,-4.35981000497,,,,,,
FATM04F,"ADAMTSL3",ENSG00000156218,18.317431,-1.34549071153,,,,,,-1.43275257703,0.868546198894,0.60556297,,2.21163384999,,,,,,,-2.65674279444,-2.9510716832,,,,-3.90598830876,,,3.34494608494,,,,,,,4.84855227262,,,,,-1.69510049278,,,0.891441755523,,-3.70739398973,,,,,,
FATM04M,"ADAMTSL3",ENSG00000156218,10.196413,-2.19162396317,,,,,,0.0342261940243,1.70208955387,0.457767784864,,2.46204348554,,,,,,,-2.13213300155,-2.14984551746,,,,-1.95064361189,,,0.279485204751,,,,,,,3.59793128574,,,,,-1.24993220052,,,2.03815962979,,-2.86012899508,,,,,,
FATM04,"ADAMTSL3",ENSG00000156218,24.405685,-2.32399988112,,,,,,-1.08816834612,1.72248975182,0.673321207861,,3.05195492426,,,,,,,-3.27257359176,-3.48030915865,,,,-4.04869401711,,,2.56259373588,,,,,,,5.70552870478,,,,,-2.0454230176,,,1.90180145067,,-4.52581752174,,,,,,
GROW01M,"ADAMTSL3",ENSG00000156218,6.017570,-0.543035600282,,,,,,-1.68462502265,-0.493418002384,-0.32250912781,,2.96391360321,,,,,,,-0.700139764841,-2.31930189619,,,,-3.18982028361,,,0.990654768856,,,,,,,4.14567502166,,,,,-0.201048194302,,,2.02371785903,,-1.79576894907,,,,,,
GROW01,"ADAMTSL3",ENSG00000156218,9.684765,-2.10004503942,,,,,,-1.8467318353,-0.61052040899,-0.318205475141,,3.4578783508,,,,,,,-1.25756757493,-2.12343168176,,,,-3.32642782361,,,0.336793175995,,,,,,,4.0811236536,,,,,-1.13140094818,,,1.1913208444,,-2.288715121,,,,,,
HEIG02,"ADAMTSL3",ENSG00000156218,11.571768,-2.39468877508,,,,,,-1.57426117543,-0.560148435997,0.403878435396,,2.45890958862,,,,,,,-0.869486561637,-2.37736583111,,,,-2.99968202183,,,2.36230105368,,,,,,,4.60612529386,,,,,-1.46664033456,,,0.601245437144,,-3.82688842601,,,,,,
HEIG03,"ADAMTSL3",ENSG00000156218,39.875170,-4.7895460607,,,,,,-5.09265630222,-1.93905498028,-0.0382120577248,,5.44746903394,,,,,,,-1.62701762158,-6.83463680011,,,,-8.60394648689,,,4.75709981303,,,,,,,9.97792462395,,,,,-0.308007860312,,,1.5793237651,,-7.13689401279,,,,,,
HEIG04F,"ADAMTSL3",ENSG00000156218,21.847070,-4.60830505286,,,,,,-3.45415197041,-1.63468644941,-0.000535751595858,,2.70164195186,,,,,,,-1.75257654273,-4.17003349204,,,,-5.22079595287,,,3.01490067879,,,,,,,6.01673700499,,,,,-1.56884811432,,,0.249323554471,,-4.23896663116,,,,,,
HEIG04M,"ADAMTSL3",ENSG00000156218,11.383241,-1.58466997701,,,,,,-2.45494556103,-0.7494801806,0.363004040278,,2.76593980641,,,,,,,-1.60448424664,-3.02607923999,,,,-3.80753282577,,,2.1500959665,,,,,,,4.40900053152,,,,,0.829960132484,,,1.43675240689,,-3.69508765267,,,,,,
HIPC01,"ADAMTSL3",ENSG00000156218,9.455721,-2.11221474802,,,,,,-1.48005237457,0.751424130306,0.638682074106,,1.1350915199,,,,,,,-0.966847591065,-2.65709666222,,,,-2.665709754,,,1.99055756524,,,,,,,3.42028189064,,,,,-0.220325105644,,,0.596647376759,,-2.74355887033,,,,,,
HIPC02F,"ADAMTSL3",ENSG00000156218,5.771856,-1.57771846221,,,,,,-1.42384052856,0.50156037454,0.575571905379,,-0.203293083646,,,,,,,-0.976867046159,-2.06286999238,,,,-1.90604333432,,,1.83945833472,,,,,,,2.51219649114,,,,,-0.231550591569,,,-0.719864610626,,-2.37779001358,,,,,,
HIPC02,"ADAMTSL3",ENSG00000156218,9.138036,-2.05438135385,,,,,,-1.44232065754,0.707001301888,0.542380990661,,1.10184465687,,,,,,,-0.945227738058,-2.58482743609,,,,-2.59272141375,,,1.87944361363,,,,,,,3.37639427423,,,,,-0.154519155709,,,0.578038587186,,-2.65916605265,,,,,,
HIPC03F,"ADAMTSL3",ENSG00000156218,19.223451,-4.13509614623,,,,,,-1.5619759949,-0.675121185747,1.78638087848,,1.79581609773,,,,,,,-0.445345845476,-2.44183266989,,,,-3.53152842842,,,3.37087037467,,,,,,,5.26315725952,,,,,-1.27486555893,,,0.219050919927,,-2.89380231898,,,,,,
HIPC03M,"ADAMTSL3",ENSG00000156218,17.422428,0.140817437279,,,,,,-2.26633162595,-0.55017480717,-0.265018890556,,3.21016650297,,,,,,,-0.681022730606,-3.28172182742,,,,-4.20555744909,,,1.37311348977,,,,,,,4.26257943134,,,,,-0.174141775974,,,2.37176870055,,-2.7463796595,,,,,,
HIPC03,"ADAMTSL3",ENSG00000156218,27.465454,-3.09054754043,,,,,,-2.49814767096,-0.704511986856,0.704107470256,,3.1977076974,,,,,,,-0.823735340979,-3.80628171756,,,,-4.96766218575,,,3.30728666665,,,,,,,6.56930421736,,,,,-1.0902074564,,,1.69146785196,,-3.96117486846,,,,,,
HIPC04F,"ADAMTSL3",ENSG00000156218,24.711617,-4.07675861895,,,,,,-1.53577741557,-0.674070199055,1.70265739454,,1.81930424998,,,,,,,-0.433819905876,-2.399149017,,,,-3.47304750214,,,3.16769980396,,,,,,,5.06359840891,,,,,-1.19856542395,,,0.205899459714,,-2.80935576531,,,,,,
HIPC04M,"ADAMTSL3",ENSG00000156218,18.351494,0.147973220931,,,,,,-2.23168571481,-0.538316703166,-0.309678074272,,3.18011797349,,,,,,,-0.695175338297,-3.23841500442,,,,-4.13851454346,,,1.49905385985,,,,,,,4.30827876212,,,,,-0.13253888595,,,2.33902877595,,-2.73289506377,,,,,,
HIPC04,"ADAMTSL3",ENSG00000156218,37.394878,-3.01545414559,,,,,,-2.43634697627,-0.687567327019,0.622869142592,,3.17213666391,,,,,,,-0.803410072034,-3.71111349865,,,,-4.84377503558,,,3.15942825272,,,,,,,6.38111769205,,,,,-0.975795688766,,,1.64733447201,,-3.846636816,,,,,,
LEAN02,"ADAMTSL3",ENSG00000156218,8.093708,1.19889504411,,,,,,1.64272012598,-0.211600638168,-0.590676879784,,-1.61933702932,,,,,,,1.42858623608,2.55595621054,,,,2.91640123676,,,-1.75903565207,,,,,,,-2.39647959631,,,,,0.331031355801,,,-0.076891256961,,3.43679065986,,,,,,
LEAN03,"ADAMTSL3",ENSG00000156218,6.244476,0.685767558665,,,,,,0.649476145617,-0.929703410717,-1.44238616736,,-2.50987150248,,,,,,,0.366397929234,1.53907627765,,,,2.20978218643,,,-2.22479624738,,,,,,,-2.21150483882,,,,,0.278646231779,,,-0.679591807886,,3.1153690902,,,,,,
SCHI01,"ADAMTSL3",ENSG00000156218,8.798193,0.279084620351,,,,,,1.30030441075,3.32513024863,0.347517669739,,-0.543507747248,,,,,,,-0.212656505931,2.16458679206,,,,3.64241453418,,,-2.16270444107,,,,,,,-2.06918252217,,,,,2.94736372162,,,-1.12231516326,,1.58541357524,,,,,,
SCHI02,"ADAMTSL3",ENSG00000156218,8.919987,0.369053488242,,,,,,1.37230066617,3.26190687667,0.437966995506,,-0.581165863134,,,,,,,-0.176302021941,2.07278740078,,,,3.4028663152,,,-1.97764520628,,,,,,,-2.40162365824,,,,,2.76267215722,,,-1.0787168059,,2.05711710806,,,,,,
WAIS01F,"ADAMTSL3",ENSG00000156218,6.126215,-1.24467972386,,,,,,-1.37944224763,0.967336068571,0.968036226834,,-0.394793372002,,,,,,,-0.948196074714,-1.62341243022,,,,-1.46093434703,,,2.66740943086,,,,,,,2.50859876602,,,,,-0.0709812644361,,,-0.631635206411,,-3.2335763434,,,,,,
WAIS01,"ADAMTSL3",ENSG00000156218,8.805097,-2.54428082597,,,,,,-0.574508964037,1.75447546541,1.91470511495,,0.523292977758,,,,,,,-0.630090299958,-1.56144670163,,,,-1.40894351256,,,2.63547083684,,,,,,,2.68044267205,,,,,-0.384391190522,,,0.145895457238,,-3.20541501901,,,,,,
WAIS02F,"ADAMTSL3",ENSG00000156218,6.418619,-1.22087519918,,,,,,-1.34770311147,0.906391168437,0.885964528642,,-0.353609771417,,,,,,,-0.937470957357,-1.58349563637,,,,-1.42261254628,,,2.56341774657,,,,,,,2.5087202063,,,,,-0.0668542239829,,,-0.606352283739,,-3.20559033065,,,,,,
WAIS02,"ADAMTSL3",ENSG00000156218,9.468623,-2.47132493091,,,,,,-0.557600614972,1.66887261708,1.80894502941,,0.463543642688,,,,,,,-0.608423682007,-1.51234578108,,,,-1.36411417913,,,2.60221501075,,,,,,,2.7584126251,,,,,-0.334682677514,,,0.157960716878,,-3.15812089041,,,,,,
WAIS03F,"ADAMTSL3",ENSG00000156218,19.371836,-2.21911891341,,,,,,-1.64243975003,0.0117247340951,2.05540831744,,1.68997917527,,,,,,,-0.267574794971,-1.96683283077,,,,-2.75039665831,,,4.3872926033,,,,,,,4.46056138976,,,,,-1.0199130313,,,0.870588316273,,-3.31507897046,,,,,,
WAIS03M,"ADAMTSL3",ENSG00000156218,20.536152,-1.37672353893,,,,,,-0.184621964346,1.59966028569,2.76748411956,,3.36156927019,,,,,,,-0.30645779507,-2.21494696822,,,,-3.23304871637,,,2.67679687899,,,,,,,3.86185321436,,,,,-0.513057567572,,,2.75893887592,,-3.22506875852,,,,,,
WAIS03,"ADAMTSL3",ENSG00000156218,35.400150,-2.68123634498,,,,,,-1.38165919741,1.05202064757,2.87564729094,,3.26105315749,,,,,,,-0.452236669093,-2.86007796844,,,,-3.69559332815,,,5.04035313425,,,,,,,5.9772307464,,,,,-1.11428508218,,,2.52343720405,,-4.74758319752,,,,,,
WAIS04F,"ADAMTSL3",ENSG00000156218,19.384966,-2.19136038802,,,,,,-1.61928770497,0.0298113372568,2.04863051891,,1.75052524617,,,,,,,-0.251032535266,-1.93637250336,,,,-2.71050979448,,,4.31431624855,,,,,,,4.4159293101,,,,,-0.994871140815,,,0.860386803487,,-3.30684785908,,,,,,
WAIS04M,"ADAMTSL3",ENSG00000156218,18.468151,-1.35133410027,,,,,,-0.178754770939,1.55619419638,2.71325926964,,3.29099629329,,,,,,,-0.305225523616,-2.17886118323,,,,-3.17787962854,,,2.77106893928,,,,,,,3.93511457573,,,,,-0.438989952867,,,2.71952423827,,-3.18994997119,,,,,,
WAIS04,"ADAMTSL3",ENSG00000156218,28.632309,-2.61580229261,,,,,,-1.34611703852,1.07720020647,2.85669178838,,3.28745448612,,,,,,,-0.430115465823,-2.78987842144,,,,-3.60625239298,,,4.99519839356,,,,,,,5.97695682294,,,,,-1.03792943559,,,2.48095836341,,-4.73764749772,,,,,,
