code,target,ENSEMBL,association,Adipose_Subcutaneous,Adipose_Visceral_Omentum,Breast_Mammary_Tissue,Muscle_Skeletal,DGN_Whole_Blood,Whole_Blood,Artery_Aorta,Artery_Coronary,Artery_Tibial,Heart_Atrial_Appendage,Heart_Left_Ventricle,Spleen,Brain_Amygdala,Brain_Anterior_cingulate_cortex_BA24,Brain_Caudate_basal_ganglia,Brain_Nucleus_accumbens_basal_ganglia,Brain_Putamen_basal_ganglia,Brain_Cerebellar_Hemisphere,Brain_Cerebellum,Brain_Cortex,Brain_Frontal_Cortex_BA9,Brain_Hippocampus,Brain_Hypothalamus,Brain_Spinal_cord_cervical_c-1,Brain_Substantia_nigra,Nerve_Tibial,Cells_Transformed_fibroblasts,Cells_EBV-transformed_lymphocytes,Colon_Sigmoid,Colon_Transverse,Esophagus_Gastroesophageal_Junction,Esophagus_Mucosa,Esophagus_Muscularis,Liver,Minor_Salivary_Gland,Small_Intestine_Terminal_Ileum,Stomach,Adrenal_Gland,Pituitary,Pancreas,Thyroid,Lung,Ovary,Prostate,Testis,Uterus,Vagina,Skin_Not_Sun_Exposed_Suprapubic,Skin_Sun_Exposed_Lower_leg
BALD01,"ZNF462",ENSG00000148143,7.506333,-1.20437103344,-0.469581165521,,-0.285124879209,0.5644072137132461,,0.943134803218,,-0.998292802703,,,,,,-1.15356374328,-0.777383620937,-1.35208901356,,-1.3291426592,,-0.256602651963,,,,-0.444829241942,-1.62823689589,-1.18317863964,,-2.20297777677,-1.46881463855,-0.602995027904,-1.97889544282,-1.24219315412,,,,,-1.70279582816,,-1.78358976625,-2.04294535611,,,,,,,,0.018934368349
HEIG02,"ZNF462",ENSG00000148143,7.816531,-0.844428484225,-0.669731793355,,-1.53781527745,1.8856480292356739,,-1.92699670117,,-0.856624516815,,,,,,-0.825045897626,-1.23941688326,-1.4472089016,,-0.813005080734,,-0.242603095967,,,,-0.235171569679,-1.33881154357,-0.114867389597,,-1.78762101808,-2.24449020366,-1.91148334542,-0.393705842079,-1.08306301171,,,,,-0.735494359762,,-0.578330201856,-4.86930231301,,,,,,,,1.81265416749
HEIG03,"ZNF462",ENSG00000148143,15.451021,0.908473447978,0.633617084212,,1.02819971763,1.4679472190202982,,-2.49815347941,,0.854651085991,,,,,,0.883403568066,-0.33693899033,0.0506055973766,,0.64602612938,,-1.28854062076,,,,-1.1618475192,0.473400530052,2.0681547179,,1.39614425123,-2.03253549317,-0.106371002239,0.962798197824,0.738773021929,,,,,0.554283683527,,-2.18602562554,-4.78199085631,,,,,,,,2.19675331116
HEIG04F,"ZNF462",ENSG00000148143,6.317539,-0.0461971671268,-0.318770023587,,0.379670043318,0.5002448582895578,,-1.2980781376,,0.0655727261521,,,,,,-0.0039724372228,-0.734354112446,-0.849728161083,,-0.0924591001261,,-0.650210055595,,,,-1.40873454672,-0.0440644592391,1.02561144728,,0.0963679528199,-1.19192630618,-1.48967465404,-0.220243738962,-0.121521767633,,,,,0.0468387120392,,-0.843546294535,-3.29241666431,,,,,,,,1.70272128653
HEIG04M,"ZNF462",ENSG00000148143,5.751536,0.78288404849,0.781675071774,,0.91135607,2.5078835913497506,,-1.07884118709,,0.726121129079,,,,,,0.753423752355,0.115710035554,1.28613082984,,0.686385730451,,-0.401516533623,,,,0.0469546844118,0.594996381477,1.6986339905,,1.04301173326,-0.691854863047,-0.0555550302536,0.91683618836,0.777400464162,,,,,0.305350575537,,-1.39967422654,-2.76388697291,,,,,,,,0.640269823345
HIPC03,"ZNF462",ENSG00000148143,6.365160,0.570418067482,1.65571717627,,0.4902824726,0.4203164046049585,,-1.93713228869,,0.474858187742,,,,,,0.541290810068,0.242722940348,-0.807564921551,,0.384297268239,,-1.23491185562,,,,0.686754121583,0.25493689862,0.797047093735,,0.843509107617,-1.01135831726,-0.540534677945,0.386549559278,0.62732580208,,,,,0.3873410309,,-1.39035883057,-2.64067952829,,,,,,,,1.36532561928
LEAN04B,"ZNF462",ENSG00000148143,13.455163,-0.091469419893,0.191166807555,,-0.507773060637,-0.3928119515011948,,-3.13002185588,,-0.20403180332,,,,,,-0.142974891153,-0.877500996418,-0.314921133761,,-0.251088901154,,-0.450378898021,,,,0.239424257683,0.117147278664,0.120164241209,,0.918852433409,-0.959438846281,0.396048887963,0.381476550159,0.207206794696,,,,,0.12324777148,,-1.01764772534,-4.77022586937,,,,,,,,1.84953413518
LEAN04M,"ZNF462",ENSG00000148143,8.631657,0.281651189471,0.689873885122,,-0.331562851117,-0.7158199829929931,,-3.12028703631,,0.0564734078495,,,,,,0.23744294916,0.126033364141,0.581986670769,,0.410567616152,,-0.952637934548,,,,-0.295634693337,0.382947133992,0.490490891307,,0.653874605913,-1.0587992555,0.886815553286,0.619912339692,0.577950825859,,,,,0.573293720318,,-0.367270472273,-3.72180965872,,,,,,,,2.05450113943
LEAN04,"ZNF462",ENSG00000148143,12.928523,0.00531589490179,0.392749474322,,-0.516951864647,-0.6415035108677057,,-3.38209533493,,-0.187891682071,,,,,,-0.0432565304626,-0.531304161818,0.0808172675505,,-0.0278661380886,,-0.730887346725,,,,-0.132241956363,0.189619122646,0.203590559308,,0.864632868148,-1.19001343786,0.531589038381,0.465662526375,0.333405650075,,,,,0.33787905537,,-0.828994621667,-4.85618713123,,,,,,,,2.02360652276
LEAN05B,"ZNF462",ENSG00000148143,13.588145,-0.224507979869,-0.017273754925,,-0.662142233071,-0.49636740336171115,,-3.15501097203,,-0.316810955081,,,,,,-0.268017798297,-0.917568966427,-0.444760215165,,-0.358815404655,,-0.321165302964,,,,0.212384772513,0.0134424315476,0.0748051351328,,0.780245158042,-1.06372402985,0.234533970966,0.306850324711,0.0850154337093,,,,,0.0329582928372,,-1.02999277743,-4.94504322361,,,,,,,,1.83388492451
LEAN05M,"ZNF462",ENSG00000148143,9.969441,0.264701604361,0.696059556329,,-0.345557139188,-0.690077509179695,,-3.07843342526,,0.0428666678867,,,,,,0.219085990009,0.15969471321,0.601293710939,,0.401948163079,,-0.942936278187,,,,-0.317399525257,0.366950822594,0.498798788235,,0.68141254162,-1.09086538481,0.881293638877,0.636041554328,0.564249687892,,,,,0.561876155031,,-0.379843716848,-3.731733065,,,,,,,,1.99879595404
LEAN05,"ZNF462",ENSG00000148143,12.447101,-0.0881644531778,0.27024478221,,-0.619290991423,-0.6918028561307292,,-3.38353315442,,-0.266496853901,,,,,,-0.131650126534,-0.554982399141,0.00430279816527,,-0.102437618778,,-0.652097215294,,,,-0.155797225229,0.115117521036,0.18226619239,,0.796690671358,-1.27434826626,0.429996862773,0.421711613371,0.24806263164,,,,,0.269998345205,,-0.842441423134,-4.98156932077,,,,,,,,1.99055471806
LEAN06B,"ZNF462",ENSG00000148143,14.442709,0.68066260317,0.813767898232,,0.0437728038465,-0.3626875909548124,,-1.81357279043,,0.710995233772,,,,,,0.71322597242,-0.517314696021,-0.173745839784,,0.641128427447,,0.107240461064,,,,1.24002194267,0.676958904474,1.27739115867,,1.65415139453,-0.88933573419,1.43397534623,1.5949127673,0.825935988019,,,,,1.44764959766,,-0.1056702732,-3.62089652349,,,,,,,,2.46392632672
LEAN06F,"ZNF462",ENSG00000148143,5.907104,0.0579651817526,0.152543073828,,-0.3877030168,-0.9534530412144858,,-0.0551999177662,,0.136846189754,,,,,,0.130645159883,-0.446609029017,-0.394064132605,,0.0697726895974,,0.98067319709,,,,1.30288120444,0.153539106425,0.60838422533,,1.25642069183,-0.868193477547,0.712507367753,1.01017631029,0.09449332567,,,,,0.681161405633,,-0.613850021212,-2.36239877032,,,,,,,,1.51154041374
LEAN06M,"ZNF462",ENSG00000148143,11.910519,1.24032841513,1.34852306918,,0.695487882846,0.7873696838063882,,-3.44404949402,,1.17591799162,,,,,,1.18935836635,-0.306256425296,0.272460472068,,1.14264260141,,-1.33055775149,,,,0.374131763233,1.08232180681,1.53973989554,,1.25770027415,-0.370529491688,1.68139067239,1.52911433806,1.46671267172,,,,,1.75563997761,,0.760117325811,-3.35235067657,,,,,,,,2.43435268788
LEAN06,"ZNF462",ENSG00000148143,16.105734,0.958722660051,1.08598208299,,0.209917754738,0.053284149464592985,,-2.74199449553,,0.946748864737,,,,,,0.958609925141,-0.518028852221,0.00035943642883,,0.867954421798,,-0.493155906833,,,,0.921702220358,0.84810762301,1.46381981683,,1.61387198766,-0.790880822375,1.60652025439,1.65890972412,1.17164125033,,,,,1.73135324284,,0.226475776731,-3.89715038349,,,,,,,,2.63357685481
MENA02F,"ZNF462",ENSG00000148143,10.497928,-2.05154325776,-1.95673295999,,-0.246740736012,3.9407747334990146,,-1.04633947152,,-1.77620552663,,,,,,-2.01623099189,-0.488209707932,-0.484339796839,,-2.14081570434,,-1.85726715838,,,,-2.25044836868,-1.83701101538,-2.52134754382,,-1.9689827972,-4.37604590842,-0.906121800916,-1.38372394963,-2.19246173105,,,,,-1.28716516317,,-4.14489547968,-4.13605297581,,,,,,,,2.18734616271
