code,target,ENSEMBL,association,Adipose_Subcutaneous,Adipose_Visceral_Omentum,Breast_Mammary_Tissue,Muscle_Skeletal,DGN_Whole_Blood,Whole_Blood,Artery_Aorta,Artery_Coronary,Artery_Tibial,Heart_Atrial_Appendage,Heart_Left_Ventricle,Spleen,Brain_Amygdala,Brain_Anterior_cingulate_cortex_BA24,Brain_Caudate_basal_ganglia,Brain_Nucleus_accumbens_basal_ganglia,Brain_Putamen_basal_ganglia,Brain_Cerebellar_Hemisphere,Brain_Cerebellum,Brain_Cortex,Brain_Frontal_Cortex_BA9,Brain_Hippocampus,Brain_Hypothalamus,Brain_Spinal_cord_cervical_c-1,Brain_Substantia_nigra,Nerve_Tibial,Cells_Transformed_fibroblasts,Cells_EBV-transformed_lymphocytes,Colon_Sigmoid,Colon_Transverse,Esophagus_Gastroesophageal_Junction,Esophagus_Mucosa,Esophagus_Muscularis,Liver,Minor_Salivary_Gland,Small_Intestine_Terminal_Ileum,Stomach,Adrenal_Gland,Pituitary,Pancreas,Thyroid,Lung,Ovary,Prostate,Testis,Uterus,Vagina,Skin_Not_Sun_Exposed_Suprapubic,Skin_Sun_Exposed_Lower_leg
BLOO01,"DUSP15",ENSG00000149599,16.690434,2.42024229305,3.93575034649,,,,,4.17616889364,,3.99072932261,1.87275437205,1.92264197192,4.06561301004,,2.79486519394,,,,,,,,,,,,,,2.3512050412,3.42801205242,4.19432123034,4.58983151122,0.748092286742,1.2472804324,,,,,,,3.81238558981,3.70545176297,4.38822026327,,,,,,3.49792973976,4.66501405371
BLOO02,"DUSP15",ENSG00000149599,11.512042,2.49235270744,2.93334080224,,,,,3.3748935205,,3.56537293898,-0.136366280238,1.98275813217,3.23987626044,,0.64417882233,,,,,,,,,,,,,,2.27981605082,3.81309373306,3.09107190493,4.66981916595,2.32567803404,2.52665345342,,,,,,,3.86711999592,2.96468384081,3.45085876386,,,,,,4.50654765536,4.41298970213
BLOO05,"DUSP15",ENSG00000149599,6.162001,-0.848704960957,2.03990295326,,,,,-1.73105057878,,2.3696400058,5.92158545376,-1.12541746106,3.36082783163,,0.663333767376,,,,,,,,,,,,,,0.61661848927,0.0849812016126,2.78246806655,1.79475531037,0.112179656883,-0.0430517768119,,,,,,,2.46998845572,2.92254436323,1.26292850027,,,,,,-0.116939196402,2.10248435077
BLOO08,"DUSP15",ENSG00000149599,5.352822,2.48586533338,2.91426736289,,,,,-2.26352766955,,3.25108490936,5.0661578679,2.43878424259,4.23446444398,,-1.24449178897,,,,,,,,,,,,,,1.87381222973,1.2103075103,2.63867169347,2.21730554102,2.07924078647,2.49398699566,,,,,,,2.79193211688,0.986133805471,1.98743053732,,,,,,1.17583865851,3.0370919193
BLOO14,"DUSP15",ENSG00000149599,5.599065,2.71275106837,2.76738977637,,,,,-2.55931759473,,3.15563857241,5.69094024096,2.91197477003,4.00681591047,,-1.11809120141,,,,,,,,,,,,,,1.63008764485,0.840874316335,2.73816555036,2.17679410693,2.13406080275,2.28228075087,,,,,,,2.77687136971,1.52085025499,1.41233385766,,,,,,0.991987329158,2.75129994629
BLOO15,"DUSP15",ENSG00000149599,4.181517,2.21515756462,2.38559066256,,,,,-2.60474583039,,2.79330703449,5.23795596458,2.16384292707,3.51173094097,,-0.856730810315,,,,,,,,,,,,,,1.29175482115,0.813744763153,2.31698523197,1.84477300446,2.06339015497,2.00434304233,,,,,,,2.40547716233,1.30737169487,1.10426007954,,,,,,0.764592048781,2.38223701844
BLOO19,"DUSP15",ENSG00000149599,5.740669,0.924409038314,-1.47287794573,,,,,1.94635982384,,-2.08633929466,-5.83894040583,1.45515990756,-2.45956529271,,-1.46584259036,,,,,,,,,,,,,,0.0611247229273,0.142272771174,-2.15786509151,-1.26376462042,0.225329444062,0.833076648206,,,,,,,-2.26933343809,-2.93497625962,-0.167541425562,,,,,,0.0270328718089,-1.29847559273
BLOO26,"DUSP15",ENSG00000149599,16.675203,-3.97474865906,-5.74920331849,,,,,-3.37377589127,,-6.35215282771,0.347346874622,-2.05549957946,-5.67487420637,,-0.554209009372,,,,,,,,,,,,,,-5.53119382297,-6.37184033758,-5.45283807637,-6.38417367916,-3.05622962948,-3.52215136642,,,,,,,-6.60631017633,-4.49766597659,-6.05076511925,,,,,,-8.32728298825,-6.99776653579
BLOO27,"DUSP15",ENSG00000149599,18.976418,-3.98682077611,-5.68325235539,,,,,-4.07801775803,,-6.28698546818,-0.0191458022315,-3.02389734171,-5.65926157531,,-0.375685102241,,,,,,,,,,,,,,-5.61007936078,-6.79860119316,-5.86412454643,-6.70181761171,-3.00922217687,-4.06096683775,,,,,,,-6.65482006522,-4.5733890845,-6.05478137531,,,,,,-8.40638680601,-6.99793440399
BLOO28,"DUSP15",ENSG00000149599,10.347696,-0.884164702129,1.72210172223,,,,,-1.99530217095,,2.37586230724,7.27369537087,-0.952485217423,3.01220828813,,1.3309317471,,,,,,,,,,,,,,0.147972392975,-0.525964356395,2.95417441436,1.75748754844,-0.548950766886,-0.808782828938,,,,,,,2.55971238088,3.96999816722,0.38244872443,,,,,,-0.0945920107245,1.6199433587
BLOO33,"DUSP15",ENSG00000149599,19.792393,3.42904248436,4.70827369542,,,,,3.82511310477,,4.75349891692,3.3431648665,3.30052068271,4.82691937942,,1.18217646443,,,,,,,,,,,,,,3.20330482676,4.03037639868,5.15824371388,4.99872639153,0.417359714105,1.7587987677,,,,,,,4.54203596103,4.60813441313,4.93333334937,,,,,,4.28479220325,5.52412969856
BLOO35,"DUSP15",ENSG00000149599,0.565846,0.755584057967,1.94736925444,,,,,3.12308937105,,2.03000135737,-4.50453450211,-0.0592546165601,1.33059823339,,-0.408423500168,,,,,,,,,,,,,,3.01140346471,2.07972583562,1.98035532654,1.54620241758,1.84075003622,1.45994914043,,,,,,,1.82447583384,0.000273115024412,1.74202953593,,,,,,4.89099872283,1.66432867276
PUTA01,"DUSP15",ENSG00000149599,5.678215,2.22624411532,2.97359201025,,,,,1.30974656826,,3.03945265293,1.63900484839,0.830267488957,3.16908079596,,0.0617681628778,,,,,,,,,,,,,,2.21836802272,3.60546224851,3.11809247027,3.48650375933,1.71802013657,1.12325448753,,,,,,,3.09275242457,2.75713541181,3.31603126872,,,,,,3.41652155694,3.06926928771
