code,target,ENSEMBL,association,Adipose_Subcutaneous,Adipose_Visceral_Omentum,Breast_Mammary_Tissue,Muscle_Skeletal,DGN_Whole_Blood,Whole_Blood,Artery_Aorta,Artery_Coronary,Artery_Tibial,Heart_Atrial_Appendage,Heart_Left_Ventricle,Spleen,Brain_Amygdala,Brain_Anterior_cingulate_cortex_BA24,Brain_Caudate_basal_ganglia,Brain_Nucleus_accumbens_basal_ganglia,Brain_Putamen_basal_ganglia,Brain_Cerebellar_Hemisphere,Brain_Cerebellum,Brain_Cortex,Brain_Frontal_Cortex_BA9,Brain_Hippocampus,Brain_Hypothalamus,Brain_Spinal_cord_cervical_c-1,Brain_Substantia_nigra,Nerve_Tibial,Cells_Transformed_fibroblasts,Cells_EBV-transformed_lymphocytes,Colon_Sigmoid,Colon_Transverse,Esophagus_Gastroesophageal_Junction,Esophagus_Mucosa,Esophagus_Muscularis,Liver,Minor_Salivary_Gland,Small_Intestine_Terminal_Ileum,Stomach,Adrenal_Gland,Pituitary,Pancreas,Thyroid,Lung,Ovary,Prostate,Testis,Uterus,Vagina,Skin_Not_Sun_Exposed_Suprapubic,Skin_Sun_Exposed_Lower_leg
BFPC02B,"IQCH",ENSG00000103599,11.490932,5.48870445986,5.27464130513,6.59308884472,3.22250634262,5.1816425624647,,2.90031050333,,5.83695069732,7.76510605576,,,,,,,,,,3.17560116818,,,,,,4.83603997897,4.38590937883,,,5.89090255102,,4.37550378005,,,,,,,5.35829761339,,5.62644063908,5.30813520578,,,,,,5.8558583879,4.06482194364
BFPC02M,"IQCH",ENSG00000103599,9.650140,5.20480957278,5.18831737674,5.54660141902,3.54438930304,4.189186848290449,,2.91870907843,,5.24629651408,6.52701968204,,,,,,,,,,4.16224738388,,,,,,4.34099556581,4.5610770233,,,5.28835755934,,4.1154910997,,,,,,,4.33058417448,,5.51501686387,4.81153723827,,,,,,5.21523243653,3.77059587886
BFPC02,"IQCH",ENSG00000103599,12.163581,5.09625776081,4.86905831725,6.39605577638,2.84895840107,5.095066186495555,,2.68274817945,,5.54089160094,7.55413046246,,,,,,,,,,2.60842622558,,,,,,4.6095810126,4.0086855605,,,5.61373018218,,4.08054980151,,,,,,,5.25000564432,,5.20858941932,5.01536764753,,,,,,5.57844736691,3.872850481
BFPC03B,"IQCH",ENSG00000103599,12.168873,5.37789960747,5.18527348207,6.54274467145,3.04699632113,5.166614459977298,,2.75665840459,,5.84094885779,7.67656094876,,,,,,,,,,3.18912105025,,,,,,4.78554997706,4.32037273787,,,5.86801734756,,4.31765964922,,,,,,,5.31317999345,,5.5441901725,5.25912224513,,,,,,5.84641087783,4.11497143056
BFPC03M,"IQCH",ENSG00000103599,10.545338,5.20514894342,5.20183722578,5.57738129627,3.52962486691,4.253591320340836,,2.91283415603,,5.29771489589,6.5395533785,,,,,,,,,,4.15811358922,,,,,,4.37762477999,4.57359792475,,,5.32728499851,,4.13694669076,,,,,,,4.33077698133,,5.54675729565,4.84329520818,,,,,,5.26660342339,3.81483171739
BFPC03,"IQCH",ENSG00000103599,11.198377,4.96150266823,4.76539459413,6.33199921773,2.64730086516,5.048402551410044,,2.51785242134,,5.53558100388,7.44062103933,,,,,,,,,,2.63650645787,,,,,,4.54188132459,3.9386566284,,,5.5798749596,,4.01135147442,,,,,,,5.193206817,,5.10648158986,4.95499183605,,,,,,5.55680729316,3.91966044446
BFPC04B,"IQCH",ENSG00000103599,21.496591,6.93048204312,6.67215647672,8.46635396075,4.09373422127,6.712908257601165,,3.71670421828,,7.39942698512,8.81085597729,,,,,,,,,,4.83916488003,,,,,,6.24077969811,5.29131059402,,,7.32874223741,,5.07094478112,,,,,,,6.76144127249,,6.98418047332,5.69284979158,,,,,,7.35186839405,5.73109447099
BFPC04F,"IQCH",ENSG00000103599,6.403172,3.75584052201,3.14377932022,5.13758788929,2.04739356802,4.194654895897524,,1.37932202856,,4.59002750769,5.61308322644,,,,,,,,,,1.80212815838,,,,,,3.72564162015,1.75398296337,,,4.29243260593,,2.78822190947,,,,,,,3.80205787652,,3.23526080496,2.96476851094,,,,,,4.51679775299,3.92722643252
BFPC04M,"IQCH",ENSG00000103599,15.708121,6.41799990398,6.58489501748,7.37220608602,3.93816897651,5.741443359072243,,3.98644926518,,6.35814698709,7.444502916,,,,,,,,,,5.18282886948,,,,,,5.48727997484,5.85221205249,,,6.51468760756,,4.66317689357,,,,,,,6.1464537899,,6.94047748575,5.37740915776,,,,,,6.35489592634,4.60703852037
BFPC04,"IQCH",ENSG00000103599,19.097171,6.57194349629,6.24137821758,8.18153292959,3.88988823129,6.541379675150541,,3.37991869304,,7.16188838468,8.61448422137,,,,,,,,,,4.42011994904,,,,,,6.02614199198,4.79478300529,,,7.04872502492,,4.83472967976,,,,,,,6.48162414838,,6.52069032116,5.3985186125,,,,,,7.11116865716,5.6833879502
BLOO07,"IQCH",ENSG00000103599,8.873479,3.68688603392,4.30805030208,4.27199533116,0.295636146832,3.0575677318919507,,2.21070947104,,5.2679016497,3.2874118763,,,,,,,,,,2.52541114324,,,,,,4.55736355528,2.57834575014,,,5.15030389041,,5.03124226146,,,,,,,2.20404772503,,3.86659566539,1.70603100718,,,,,,5.41455850426,2.77716303044
BLOO16,"IQCH",ENSG00000103599,6.406293,3.05018688823,3.71229978595,3.65151678119,0.132319847305,2.653986215949348,,1.80998951149,,4.60535013827,2.56946916977,,,,,,,,,,2.16484092853,,,,,,3.89099754233,2.21630821501,,,4.58232333733,,4.48787688289,,,,,,,1.54890356027,,3.42813566631,1.23646302989,,,,,,4.75185377464,2.31803859693
BLOO17,"IQCH",ENSG00000103599,9.384660,3.87230850737,4.71831492543,4.29143544215,0.80065901332,2.3797542227497757,,2.55920761362,,5.3309667075,3.4884271987,,,,,,,,,,2.50999190263,,,,,,4.6471753948,3.08414178625,,,5.2410245944,,5.12725545829,,,,,,,2.47401043695,,4.12330792971,2.00883052165,,,,,,5.48587999968,3.04966313026
BLOO18,"IQCH",ENSG00000103599,7.358595,3.36419254132,4.24745470438,3.96286998745,0.260089224602,2.0738442328025966,,2.04766229249,,4.93895735856,3.19492115611,,,,,,,,,,2.06413928765,,,,,,4.28657635593,2.59099416074,,,4.89073873952,,4.70377917518,,,,,,,2.05513038877,,3.7351041013,1.73040929864,,,,,,5.15890171385,2.71562200694
BODY03,"IQCH",ENSG00000103599,6.456553,4.28363707504,4.12838317905,3.94129188643,3.38120479798,3.6187107813422794,,2.07018161005,,2.45711312143,4.19657917857,,,,,,,,,,2.73110935953,,,,,,2.54170351347,3.30429372018,,,3.33944236678,,2.48964629484,,,,,,,5.41943664469,,3.32207141961,2.55751332785,,,,,,2.69459992509,2.55333828655
BODY04,"IQCH",ENSG00000103599,7.120680,4.44847552447,4.45923807905,3.96967669298,3.36275867907,3.663953406196463,,2.06542960767,,2.47682572453,4.33189267936,,,,,,,,,,2.81497856122,,,,,,2.61593477822,3.45234379872,,,3.46263523261,,2.59431770646,,,,,,,5.5889894356,,3.54196808879,2.74539035448,,,,,,2.71870460011,2.53678360666
BODY06B,"IQCH",ENSG00000103599,6.627622,3.41539956884,3.1469898301,3.62393690159,3.31468417791,3.191911674236529,,2.45544931823,,2.80978343314,4.47238940417,,,,,,,,,,2.00969878618,,,,,,2.46403166123,2.82051613207,,,3.0300439005,,2.79252825414,,,,,,,4.2203080773,,3.13248849396,3.50235435891,,,,,,2.89802538655,2.23747510591
BODY06M,"IQCH",ENSG00000103599,5.770395,3.17610955386,3.16647854648,2.89247278886,3.11935430167,2.238697749175054,,2.37029087442,,2.54515952293,3.82350825225,,,,,,,,,,3.13207151023,,,,,,2.11649703807,2.93753326199,,,2.66698483366,,2.79051653853,,,,,,,3.49147984015,,3.04312519363,2.88375358894,,,,,,2.55334084088,2.26189544595
BODY06,"IQCH",ENSG00000103599,6.489040,3.15754254631,2.86088112031,3.54035250468,3.0335585443,3.232718038135927,,2.25250264799,,2.60469531444,4.3339898036,,,,,,,,,,1.48701058569,,,,,,2.33041676095,2.57674145972,,,2.85573516813,,2.57346785409,,,,,,,4.10019494981,,2.89559416528,3.38610537571,,,,,,2.71187096548,2.0572156744
BODY07B,"IQCH",ENSG00000103599,7.423497,3.30054855419,3.06420189044,3.57287798728,3.14444900512,3.1866929397224824,,2.34676574766,,2.78020082209,4.40011656307,,,,,,,,,,2.03476699157,,,,,,2.39313036686,2.78417055882,,,2.97179776734,,2.72716594379,,,,,,,4.17064881301,,3.07053863157,3.4887603248,,,,,,2.85075943449,2.2755613836
BODY07,"IQCH",ENSG00000103599,6.278346,3.02849105076,2.77563789787,3.4801786911,2.83939352668,3.1894501275637133,,2.13809047521,,2.56438784459,4.25202093068,,,,,,,,,,1.53012901773,,,,,,2.24553079647,2.5543451855,,,2.78448514747,,2.5041624803,,,,,,,4.04303438063,,2.83136002005,3.38182480091,,,,,,2.65017316752,2.09648894492
BODY08B,"IQCH",ENSG00000103599,13.530797,4.95002509071,4.27449275914,5.21657313321,4.38550789567,4.0438120229660415,,3.7965349014,,3.61842323406,5.49031803828,,,,,,,,,,3.85444625472,,,,,,3.47394845418,3.9853279299,,,3.66566903951,,3.29751950505,,,,,,,5.55321782958,,4.01169177233,4.06679014326,,,,,,3.56397644352,3.18195288278
BODY08M,"IQCH",ENSG00000103599,10.380677,4.94326485782,4.31595624584,4.83934447023,4.06913804549,3.14189319274364,,3.76587781149,,3.62063041349,5.10482185096,,,,,,,,,,3.91700247667,,,,,,3.40425041422,4.1000747224,,,3.72595633523,,3.67228156267,,,,,,,5.31067878863,,4.24867219331,3.53669904795,,,,,,3.58579268767,2.82509320493
BODY08,"IQCH",ENSG00000103599,12.811831,4.54424853431,3.89761196763,4.89839712278,4.12490618837,3.961639344307028,,3.46222669304,,3.28407424832,5.22843938392,,,,,,,,,,3.52651868839,,,,,,3.18417684594,3.6424897658,,,3.32078375974,,2.95080865916,,,,,,,5.20711927058,,3.60642509238,3.92396479831,,,,,,3.23695440545,3.0415308422
FATM02B,"IQCH",ENSG00000103599,10.000561,4.91290516723,4.774150364,5.89754918869,3.79064214948,4.7441904540491695,,2.97612716652,,5.13186947017,6.50784683482,,,,,,,,,,3.2263156515,,,,,,4.2692356603,4.0788369878,,,5.22309648689,,4.30168762215,,,,,,,4.87494737251,,4.94822100579,4.59724944809,,,,,,5.13715017098,3.91391833336
FATM02M,"IQCH",ENSG00000103599,8.525318,4.64919783456,4.76207317643,4.94129084423,3.79403774511,3.8849573139108466,,2.9095542213,,4.69987972439,5.49436162702,,,,,,,,,,4.34071475802,,,,,,3.83827184403,4.30881896924,,,4.76496943245,,4.13673496913,,,,,,,3.81697836001,,4.91046898952,4.07025603179,,,,,,4.64472063482,3.6557764459
FATM02,"IQCH",ENSG00000103599,9.371969,4.5624317336,4.38725060626,5.72725164785,3.45956663416,4.649851183692804,,2.7748614896,,4.83843927946,6.3204080682,,,,,,,,,,2.6178542085,,,,,,4.06772765679,3.71244313246,,,4.94757668321,,4.00106648602,,,,,,,4.80997575872,,4.56619118649,4.38504166726,,,,,,4.86799512558,3.72329214179
FATM03B,"IQCH",ENSG00000103599,9.287628,4.79897118319,4.6912319376,5.84520451762,3.57831837666,4.733380668377104,,2.85060431356,,5.11791480031,6.41626117366,,,,,,,,,,3.23994143976,,,,,,4.21992981773,4.03554370369,,,5.17751803114,,4.25400944867,,,,,,,4.82328321121,,4.88666345362,4.5616933062,,,,,,5.10593462019,3.97156352527
FATM03M,"IQCH",ENSG00000103599,8.103066,4.65119632533,4.77213337685,4.97635862123,3.7879668277,3.9531426256292868,,2.90054537672,,4.75431559591,5.50533211751,,,,,,,,,,4.32197491791,,,,,,3.87443928288,4.31082005995,,,4.80516715302,,4.15924819034,,,,,,,3.82063715535,,4.93882406759,4.09283774892,,,,,,4.69817471019,3.688004421
FATM03,"IQCH",ENSG00000103599,10.979059,4.42447916575,4.29269248414,5.65596980917,3.21236942306,4.603768490124056,,2.63445639415,,4.80795896876,6.20513065943,,,,,,,,,,2.65174629229,,,,,,4.00048378396,3.6758841769,,,4.88217879551,,3.9426028544,,,,,,,4.74257919384,,4.49112088431,4.34650812002,,,,,,4.81647769017,3.78255457835
FATM04B,"IQCH",ENSG00000103599,18.669728,6.5650560798,6.25005012943,7.98376033861,4.5713935817,5.758659792924455,,4.33177670324,,6.56628797112,7.26780317525,,,,,,,,,,5.07344126669,,,,,,5.72225492465,5.3076733339,,,6.37891907901,,4.9723240914,,,,,,,6.452171381,,6.35225438138,5.26501371935,,,,,,6.41264940876,5.4375219552
FATM04M,"IQCH",ENSG00000103599,13.512975,6.47978156842,6.33705710174,7.2249754191,4.37956077512,5.004550167410833,,4.4601235316,,6.1107964011,6.56333970763,,,,,,,,,,5.40964346603,,,,,,5.41661839453,5.75115825727,,,6.14795891799,,4.91390928285,,,,,,,5.98879139733,,6.52042264261,4.89200860911,,,,,,6.02400456925,4.55144523212
FATM04,"IQCH",ENSG00000103599,16.893571,6.09471922117,5.77183679653,7.61842043957,4.32994319961,5.575033190338684,,3.97093607039,,6.20858038147,6.98357874291,,,,,,,,,,4.6187905283,,,,,,5.40322372409,4.81508255028,,,5.98075392733,,4.64099596168,,,,,,,6.12471040645,,5.84241647306,5.0188808924,,,,,,6.0542481441,5.32889589549
HIPC01,"IQCH",ENSG00000103599,5.056550,5.05492293116,5.47882817443,4.32942589291,2.25464147024,2.3329611467988647,,2.73155120456,,3.20152884164,3.95558608493,,,,,,,,,,2.80368437307,,,,,,3.68380614323,3.95253153714,,,4.15603825786,,2.59461169158,,,,,,,5.1468193772,,4.41317310013,2.74674253529,,,,,,3.39462510586,2.72767124142
HIPC02,"IQCH",ENSG00000103599,4.641361,4.98609473142,5.14429298402,4.1926374897,2.45513023694,2.413000874771186,,2.71010032597,,3.11487591749,3.93663741539,,,,,,,,,,2.65928994368,,,,,,3.56175217966,3.78420900268,,,3.99126008004,,2.52968673486,,,,,,,5.04895117951,,4.20047547636,2.66546198641,,,,,,3.29918108899,2.68355572439
MENA01F,"IQCH",ENSG00000103599,7.646295,-4.63684762149,-3.13318075519,-2.44007735068,-2.50177415721,1.1354581914348234,,-4.58685939709,,-2.06850710042,-3.50458904472,,,,,,,,,,-1.9073365167,,,,,,-2.36275745492,-3.69817674582,,,-1.73656611364,,-1.81211232174,,,,,,,-2.18349906765,,-3.32805167999,-3.67255880674,,,,,,-2.23426895011,-1.67305116688
MENA02F,"IQCH",ENSG00000103599,18.359240,-6.42144679393,-5.94786097438,-6.07079558353,-4.60282386103,-1.42307331581588,,-6.00102788754,,-5.62870787172,-6.67392755987,,,,,,,,,,-3.33999278329,,,,,,-5.70133366399,-5.51723654389,,,-5.33492728046,,-4.73507947406,,,,,,,-5.71275888929,,-6.45467541656,-5.47063437905,,,,,,-5.71473949281,-5.35654222826
OBES01,"IQCH",ENSG00000103599,5.850658,4.24627727587,4.12836483801,3.50354254449,2.8079991851,2.7573811518632136,,2.22752979317,,3.39933211602,3.94527351929,,,,,,,,,,2.72087435652,,,,,,3.3004123156,3.57685032121,,,3.66721181239,,3.28054847126,,,,,,,4.40993995017,,3.80343936987,2.90108281595,,,,,,3.64750311942,1.978614327
WAIS01M,"IQCH",ENSG00000103599,4.134416,4.94953430183,4.81328573071,4.31422241782,1.19335659005,3.0493536217729846,,1.55152248834,,3.06110081091,4.30020392062,,,,,,,,,,2.75747669769,,,,,,3.10560602875,3.24186179917,,,3.91479225538,,2.8347169054,,,,,,,3.92457588006,,4.3504880721,2.30440404876,,,,,,3.3417822994,1.71368425109
WAIS01,"IQCH",ENSG00000103599,6.408635,5.13375281001,5.18420302976,4.86872831731,1.07541080274,3.7065266499756433,,1.43540685657,,3.49601878405,4.08977821581,,,,,,,,,,2.24199726041,,,,,,3.27322130537,2.72165758266,,,4.43390502685,,2.75879074718,,,,,,,5.22187334624,,4.48405124885,2.74389617343,,,,,,3.75328721993,2.5957438407
WAIS02M,"IQCH",ENSG00000103599,3.987753,4.87878326677,4.58331425412,4.23698348373,1.34094451228,3.215405861578463,,1.55629792331,,3.02432799305,4.24043614501,,,,,,,,,,2.68969183942,,,,,,3.0083282269,3.1058201271,,,3.84723908443,,2.79154718249,,,,,,,3.99940295507,,4.17386016488,2.40743476415,,,,,,3.30035929855,1.7184009376
WAIS02,"IQCH",ENSG00000103599,5.601400,5.20108461463,5.08561268999,4.75504409068,1.19746810318,3.914777039750368,,1.43771645134,,3.38870158674,4.11025709984,,,,,,,,,,2.27828797981,,,,,,3.23824214425,2.68344546867,,,4.3677620309,,2.67189503431,,,,,,,5.34229867574,,4.45762163409,2.69137739974,,,,,,3.64770994294,2.52428788795
WAIS03M,"IQCH",ENSG00000103599,7.322183,4.79683239372,5.01258465654,4.25005464736,-0.340139969865,2.408794038359768,,1.24193510612,,3.8739022883,3.77413282077,,,,,,,,,,3.24980911313,,,,,,3.59442944277,2.24988107011,,,4.73643022246,,2.69641836249,,,,,,,3.20546196098,,4.97538207518,1.09917164543,,,,,,4.05994527764,2.10103183297
WAIS03,"IQCH",ENSG00000103599,8.502656,4.35682147583,4.53683086412,3.86098715729,-0.89899098247,2.286751364020262,,0.358751839,,3.91727839815,2.13020486635,,,,,,,,,,1.84958996685,,,,,,3.45916164532,1.02237247605,,,4.59618964372,,2.3877634813,,,,,,,2.8615690454,,4.50676163094,1.43986201757,,,,,,4.02640224779,2.52762276739
WAIS04M,"IQCH",ENSG00000103599,6.384850,4.65472225577,4.89877282211,4.0644452993,-0.249188255194,2.5513437457411356,,1.23403997841,,3.80586045441,3.60259082881,,,,,,,,,,3.13675482023,,,,,,3.54731524745,2.26215290614,,,4.54488615062,,2.69324700185,,,,,,,3.07399883007,,4.95880825007,1.40307136334,,,,,,3.99066589531,2.08870597969
WAIS04,"IQCH",ENSG00000103599,7.155946,4.49056138008,4.6067938448,3.73638885194,-0.851835377118,2.3732621327867793,,0.398926803527,,3.82491734622,2.12168304442,,,,,,,,,,1.78971270952,,,,,,3.56136776012,1.18705741693,,,4.5170259429,,2.37706282091,,,,,,,2.79827142491,,4.70349786521,1.47633827596,,,,,,3.95173042859,2.48213620819
