code,target,ENSEMBL,association,Adipose_Subcutaneous,Adipose_Visceral_Omentum,Breast_Mammary_Tissue,Muscle_Skeletal,DGN_Whole_Blood,Whole_Blood,Artery_Aorta,Artery_Coronary,Artery_Tibial,Heart_Atrial_Appendage,Heart_Left_Ventricle,Spleen,Brain_Amygdala,Brain_Anterior_cingulate_cortex_BA24,Brain_Caudate_basal_ganglia,Brain_Nucleus_accumbens_basal_ganglia,Brain_Putamen_basal_ganglia,Brain_Cerebellar_Hemisphere,Brain_Cerebellum,Brain_Cortex,Brain_Frontal_Cortex_BA9,Brain_Hippocampus,Brain_Hypothalamus,Brain_Spinal_cord_cervical_c-1,Brain_Substantia_nigra,Nerve_Tibial,Cells_Transformed_fibroblasts,Cells_EBV-transformed_lymphocytes,Colon_Sigmoid,Colon_Transverse,Esophagus_Gastroesophageal_Junction,Esophagus_Mucosa,Esophagus_Muscularis,Liver,Minor_Salivary_Gland,Small_Intestine_Terminal_Ileum,Stomach,Adrenal_Gland,Pituitary,Pancreas,Thyroid,Lung,Ovary,Prostate,Testis,Uterus,Vagina,Skin_Not_Sun_Exposed_Suprapubic,Skin_Sun_Exposed_Lower_leg
BFPC04B,"ZNF720",ENSG00000197302,2.314545,-2.75208500327,-3.17587720117,-2.99269750066,-2.30247386512,3.4118253608262368,,-3.12660703111,-4.69494054066,-1.14913575337,,,,,-2.10505918625,,,,-1.88043109784,-3.35586885369,-4.04739820286,-3.23576669944,,-2.63488608449,,,-2.54834627272,,,-2.08284319786,-3.87268583423,,-2.33458449221,-3.093656453,,,,-2.94066503993,-2.71938572414,-2.51067514377,-1.90137369629,-2.34532064388,-1.96754075235,-5.27854492274,,,-4.6360631971,-3.33909979023,-1.81012204749,-1.43077477271
BFPC04M,"ZNF720",ENSG00000197302,2.349692,-2.44030478815,-2.48129729537,-2.92238518731,-3.10459974948,3.278793762723474,,-3.06530740343,-3.10479710661,-1.80505376886,,,,,-2.14659929296,,,,-1.84518589415,-2.47527357161,-3.4354401617,-2.23921437381,,-1.53227897522,,,-2.70059119794,,,-2.38229682967,-3.60583712798,,-2.89952268198,-3.17492108163,,,,-3.0750975563,-2.62675347811,-3.53277313608,-2.63340727903,-3.18796707611,-2.18895246575,-4.72690874453,,,-4.17584403839,-3.38908508779,-1.91694611802,-2.11171441
BFPC04,"ZNF720",ENSG00000197302,1.861350,-2.56236382213,-3.09632707964,-2.73291063964,-1.83163752539,3.1876417035578237,,-2.89334046888,-4.75902327638,-0.805978208999,,,,,-1.85753090219,,,,-1.69714942997,-3.338748325,-3.89121494012,-3.1548741733,,-2.69861366057,,,-2.24058999001,,,-1.81604756506,-3.63173365651,,-1.97263144096,-2.7985670508,,,,-2.71512446451,-2.47882948152,-1.99512730491,-1.56561826104,-1.93415049802,-1.66683701897,-4.98765110405,,,-4.46629114041,-3.06871711144,-1.58118348257,-1.08499484339
BLOO02,"ZNF720",ENSG00000197302,2.144832,0.494753526566,0.505806768038,0.885141596896,1.15728897611,-1.8389910125773847,,0.270340938571,4.15311476921,-0.0831198632978,,,,,0.305668171995,,,,0.314816836927,1.63960260093,1.50067129392,1.62822316064,,1.59326776327,,,0.246823364065,,,0.264008710847,1.79923313176,,1.61234890448,1.15211927742,,,,2.10243742452,-0.281634894971,2.95985739634,0.71623892292,2.89422690427,-0.79526031792,2.93484125535,,,4.83028982563,1.7204101349,0.623326155527,0.843319156323
BLOO26,"ZNF720",ENSG00000197302,2.512621,-0.224315704974,0.0888829978873,-1.14680004242,-1.74643546953,1.9858016153355116,,-1.32143918784,-3.26337096041,0.184924519809,,,,,-0.355707713122,,,,-0.122563565506,-1.72544802635,-2.37080211115,-0.776863576473,,-2.82833661212,,,-0.435631866834,,,-0.0372207295831,-2.67486272514,,-2.28940317522,-1.24149991502,,,,-2.35684792185,0.133202822459,-4.20504978768,-0.604592079464,-3.53562507032,1.0572611027,-3.24021536183,,,-5.21949789512,-1.71221470575,-0.64445925842,-1.19870439171
BODY08B,"ZNF720",ENSG00000197302,2.062277,-1.63849833153,-2.18487798294,-1.94315996462,-2.46042117967,3.026612586525882,,-2.81629021523,-4.80886151315,0.219874654316,,,,,-1.36135990364,,,,-0.522606600585,-1.86541110272,-3.25352992006,-2.16147491737,,-1.61513813234,,,-1.32337655782,,,-0.347701657046,-2.91566357149,,-2.08812198485,-1.99226261509,,,,-1.9008900222,-1.77459060563,-2.11955913282,-1.52002669298,-1.43817550172,-0.867931350266,-5.25489068695,,,-4.16860987288,-2.22855059981,-1.7025910089,-0.886706812956
BODY08,"ZNF720",ENSG00000197302,1.574727,-1.46812802295,-2.12192498237,-1.75389072173,-2.02082469005,2.815598087174476,,-2.65386736216,-4.91908818875,0.455274886659,,,,,-1.27279018367,,,,-0.397352685336,-1.93873289181,-3.0379925486,-2.20888963905,,-1.69464323336,,,-1.11007400482,,,-0.189127194319,-2.66637794615,,-1.70808522467,-1.78289757034,,,,-1.70081950391,-1.59928843847,-1.69431921052,-1.24388317736,-1.09157833815,-0.675220083216,-5.0011464283,,,-4.08403854085,-2.11535237509,-1.48451423258,-0.633310181093
FATM04B,"ZNF720",ENSG00000197302,1.182580,-1.82826282867,-2.15801579634,-2.18379757408,-1.66936423646,2.8240567609519505,,-2.79295814838,-4.88635277708,-0.17098456004,,,,,-1.42590356969,,,,-1.01790635212,-2.72608844706,-3.47076081667,-2.85541420897,,-2.39963390981,,,-1.64549892991,,,-0.8616197254,-2.71739724687,,-1.80264088928,-2.15942474847,,,,-2.14388546887,-1.96154513783,-1.96289028283,-1.12136193396,-1.5910515337,-1.02756679093,-4.99401820433,,,-4.25711201236,-2.5431905347,-1.21036994569,-0.76528862723
FATM04M,"ZNF720",ENSG00000197302,1.611082,-2.06019685334,-1.93171382302,-2.45620735219,-2.85809888334,2.9152947237429006,,-3.00981464001,-3.47498468057,-1.20029392452,,,,,-1.57473317149,,,,-1.20869063897,-2.1174477439,-3.24344099044,-1.91331327734,,-1.45054331044,,,-2.14423001109,,,-1.48990901478,-2.86246254405,,-2.81152936158,-2.56305106704,,,,-2.49228645033,-2.23226489015,-3.23370293228,-2.23397535228,-2.7346647808,-1.58971062339,-4.83835025029,,,-3.8589825151,-2.75337864335,-1.81286463329,-1.59173248551
FATM04,"ZNF720",ENSG00000197302,0.863977,-1.55448784427,-2.02206362931,-1.88432573407,-1.12529825537,2.5894073860499818,,-2.4987076654,-4.9272951899,0.197383319861,,,,,-1.20063664363,,,,-0.846542313405,-2.68410836218,-3.25344634384,-2.77829460587,,-2.42098320541,,,-1.29915555963,,,-0.598768359512,-2.43019730629,,-1.35625712211,-1.84765343162,,,,-1.92424561495,-1.67458917647,-1.39109611757,-0.740598358583,-1.1362281155,-0.697628184508,-4.62334289022,,,-4.1067771729,-2.29413256274,-0.894410222195,-0.426797149437
