code,target,ENSEMBL,association,Adipose_Subcutaneous,Adipose_Visceral_Omentum,Breast_Mammary_Tissue,Muscle_Skeletal,DGN_Whole_Blood,Whole_Blood,Artery_Aorta,Artery_Coronary,Artery_Tibial,Heart_Atrial_Appendage,Heart_Left_Ventricle,Spleen,Brain_Amygdala,Brain_Anterior_cingulate_cortex_BA24,Brain_Caudate_basal_ganglia,Brain_Nucleus_accumbens_basal_ganglia,Brain_Putamen_basal_ganglia,Brain_Cerebellar_Hemisphere,Brain_Cerebellum,Brain_Cortex,Brain_Frontal_Cortex_BA9,Brain_Hippocampus,Brain_Hypothalamus,Brain_Spinal_cord_cervical_c-1,Brain_Substantia_nigra,Nerve_Tibial,Cells_Transformed_fibroblasts,Cells_EBV-transformed_lymphocytes,Colon_Sigmoid,Colon_Transverse,Esophagus_Gastroesophageal_Junction,Esophagus_Mucosa,Esophagus_Muscularis,Liver,Minor_Salivary_Gland,Small_Intestine_Terminal_Ileum,Stomach,Adrenal_Gland,Pituitary,Pancreas,Thyroid,Lung,Ovary,Prostate,Testis,Uterus,Vagina,Skin_Not_Sun_Exposed_Suprapubic,Skin_Sun_Exposed_Lower_leg
BLOO01,"TMC6",ENSG00000141524,7.798139,-3.4980864129,-2.10056821811,,,-0.4956070197188675,-2.41010573349,,,,4.57298364385,4.84318203983,-1.47556969526,,,-0.974310998785,,,,,,,,,-0.971645640218,,-1.49090403677,-2.8274266733,,,-1.6652833379,,0.931317328018,-1.93163637948,,,,,-1.44910955642,,-4.54896640778,-0.283867987129,,,,,,,-1.0371828558,0.024023747043
BLOO02,"TMC6",ENSG00000141524,19.240189,2.65800788218,2.83226087518,,,1.4017685656368133,3.83650946094,,,,-7.31223057423,-7.4419840428,2.32731689959,,,1.33376612695,,,,,,,,,0.41662604404,,1.56454571583,5.19245428456,,,1.81149661542,,-1.86681797245,3.56364502572,,,,,0.924430291033,,4.24829864502,-0.541328919688,,,,,,,1.62350162118,3.18956765028
BLOO04,"TMC6",ENSG00000141524,14.114791,-3.25054976471,-2.21793291635,,,-1.7485860208900073,-3.51652559405,,,,6.25031918471,6.56892829154,-2.39279781956,,,-1.16202078738,,,,,,,,,0.601422580298,,-1.60879736267,-4.05676213951,,,-2.77930517727,,0.74378356565,-1.76362843299,,,,,-1.53424694489,,-1.01270723343,0.754912049048,,,,,,,-1.23206010098,0.288915760787
BLOO21,"TMC6",ENSG00000141524,19.541468,-4.39582819526,-3.66019547474,,,-2.068301742815893,-5.01153783986,,,,7.64068755147,7.82600755354,-2.95273164833,,,-0.843042287482,,,,,,,,,1.74770275507,,-1.729475383,-4.83949687327,,,-3.50419707801,,1.44994409647,-2.81229788229,,,,,-1.9771385421,,-1.79823362827,0.0734177561599,,,,,,,-2.1990202502,-0.526671660039
BLOO22,"TMC6",ENSG00000141524,14.668816,-3.92284230407,-3.17039838204,,,-1.7844441176467418,-4.35018289115,,,,6.55818566838,6.76666250141,-2.57283569311,,,-0.687532238729,,,,,,,,,1.81033557592,,-1.48245663966,-4.08455550828,,,-3.16067326677,,1.12019007185,-2.21417386623,,,,,-1.80461647337,,-1.16405928135,0.0170172398377,,,,,,,-1.94958660513,-0.0272351892293
BLOO23,"TMC6",ENSG00000141524,17.254527,-4.08932738384,-3.86126588467,,,-1.276321961919049,-4.56009355432,,,,5.60836309492,5.76968369527,-2.47172529378,,,0.814551869587,,,,,,,,,2.77995088673,,-0.54139758312,-3.30866038871,,,-2.55062032829,,1.86757321368,-3.18699903483,,,,,-2.09645116742,,-1.95147979259,-0.869114387858,,,,,,,-2.06723431559,-0.407515701334
BLOO26,"TMC6",ENSG00000141524,12.880118,-2.53307444902,-2.81373890655,,,-2.5447775593739985,-4.23240848346,,,,5.82089698028,6.07807443954,-3.54718249025,,,-1.1385489907,,,,,,,,,-0.18874232567,,-0.822701100052,-3.92458623168,,,-0.61260659793,,2.38686085181,-1.79007310135,,,,,-1.70769970802,,-2.40891551971,-0.0341905168926,,,,,,,-0.808818839721,-1.02374876999
BLOO27,"TMC6",ENSG00000141524,17.491457,-3.03737515382,-3.51792325491,,,-2.4133775409831544,-5.06086479217,,,,7.74157141223,7.94838307947,-4.03053568043,,,-1.04316945101,,,,,,,,,0.361486345075,,-0.830914574033,-5.01344788979,,,-0.384738481359,,3.17611934188,-2.32860140089,,,,,-2.230570945,,-2.72393083572,0.216263409251,,,,,,,-1.56269673687,-0.814525349589
BLOO33,"TMC6",ENSG00000141524,14.590456,-3.9415509636,-3.57185198925,,,-0.13003510111872582,-3.83804871352,,,,5.6973897921,5.7783156079,-1.3051573453,,,-0.00174229987441,,,,,,,,,-0.33869959154,,-1.18824243718,-3.31121038675,,,-1.52782466304,,0.861223619144,-3.14095296343,,,,,-2.02008241535,,-5.28413534164,-0.392993087175,,,,,,,-1.33156951277,0.230613712845
BLOO35,"TMC6",ENSG00000141524,21.083683,3.65250537391,2.98489010347,,,3.019387401991523,4.63526072763,,,,-7.74889478682,-7.82179660496,3.15689224022,,,2.39952004161,,,,,,,,,0.778404547294,,2.91043644974,6.06010883184,,,-0.278075015912,,-3.49723603264,2.36311426628,,,,,1.25217983865,,5.46580934525,-1.05716908761,,,,,,,-0.2449196536,1.57080071857
BLOO36,"TMC6",ENSG00000141524,21.926172,-3.90782747523,-2.96547143326,,,-2.2383368508888473,-4.58209601904,,,,8.06283308729,8.25928076515,-3.10583017872,,,-1.4990334271,,,,,,,,,0.524805278887,,-2.03235121583,-5.18279771704,,,-3.21421394719,,1.21244318062,-2.11213201235,,,,,-1.71513429088,,-2.01456737518,0.847754349979,,,,,,,-1.58022360843,-0.450890593757
GLYC22,"TMC6",ENSG00000141524,6.545689,3.82164668481,3.57809739802,,,5.344263413754302,4.51575509663,,,,3.59378564498,-0.835130876094,2.70293827232,,,1.02305236535,,,,,,,,,-0.446679626985,,1.15121631676,1.49874846568,,,1.27195388194,,1.04116329435,0.904882078794,,,,,2.6276730786,,3.42298984528,3.20896717275,,,,,,,2.03105477074,-0.414906427255
