code,target,ENSEMBL,association,Adipose_Subcutaneous,Adipose_Visceral_Omentum,Breast_Mammary_Tissue,Muscle_Skeletal,DGN_Whole_Blood,Whole_Blood,Artery_Aorta,Artery_Coronary,Artery_Tibial,Heart_Atrial_Appendage,Heart_Left_Ventricle,Spleen,Brain_Amygdala,Brain_Anterior_cingulate_cortex_BA24,Brain_Caudate_basal_ganglia,Brain_Nucleus_accumbens_basal_ganglia,Brain_Putamen_basal_ganglia,Brain_Cerebellar_Hemisphere,Brain_Cerebellum,Brain_Cortex,Brain_Frontal_Cortex_BA9,Brain_Hippocampus,Brain_Hypothalamus,Brain_Spinal_cord_cervical_c-1,Brain_Substantia_nigra,Nerve_Tibial,Cells_Transformed_fibroblasts,Cells_EBV-transformed_lymphocytes,Colon_Sigmoid,Colon_Transverse,Esophagus_Gastroesophageal_Junction,Esophagus_Mucosa,Esophagus_Muscularis,Liver,Minor_Salivary_Gland,Small_Intestine_Terminal_Ileum,Stomach,Adrenal_Gland,Pituitary,Pancreas,Thyroid,Lung,Ovary,Prostate,Testis,Uterus,Vagina,Skin_Not_Sun_Exposed_Suprapubic,Skin_Sun_Exposed_Lower_leg
ANKY01,"HIST1H3E",ENSG00000196966,0.690370,,7.17333984375,,-4.11337995529,-0.09466444110764559,-7.96197080612,,,,-3.74726247787,,,,,3.54204154015,-3.54204154015,-9.00765173109,,,,,,,,,,,,-8.07553779637,-2.88817572594,,-7.96197080612,,,,,,,,,-1.67340791225,,,-3.35894083977,0.810656991419,,,,
BFPC02B,"HIST1H3E",ENSG00000196966,8.721246,1.87907517217,2.18388439203,,2.93104873733,1.3480648128834922,1.45925609282,0.261174682094,,2.10252557843,1.35646803109,1.7878572946,,,1.54746350491,2.98637558587,2.41741733048,0.442654195529,,,0.734569523695,,1.74626365288,,,,1.7333950587,1.70680511123,,-0.591041876899,1.28759183269,1.74143321745,-0.517566149052,1.45645484879,,,2.01964178252,,,,,-1.22268439462,,,0.869531084784,1.14952547612,,,,1.84304502593
BFPC02,"HIST1H3E",ENSG00000196966,11.017896,1.62959282589,1.99730035836,,2.65549251045,1.1159631603589217,1.24117096279,0.00782474713313,,1.81063555609,1.38994577162,1.54475782139,,,1.30933583954,2.78361506083,2.24087071739,0.292139647275,,,0.535155384334,,1.49515926146,,,,1.48711744836,1.43719861517,,-0.843141319392,1.02979753924,1.44562342964,-0.80563647683,1.22023903372,,,1.75743847896,,,,,-1.17935819334,,,0.712035773435,0.979831333411,,,,1.57442897431
BFPC03B,"HIST1H3E",ENSG00000196966,8.264194,1.89624812743,2.26538928619,,2.99550560423,1.3379595597589147,1.48529896324,0.263136118955,,2.22323773754,1.33776609051,1.80980899612,,,1.53151874077,3.00581469328,2.43888080337,0.477346364723,,,0.724115798554,,1.78191228536,,,,1.75125665223,1.76566955384,,-0.510252874765,1.28472987419,1.78059385285,-0.475444609442,1.52102305014,,,2.1127760553,,,,,-1.11142934865,,,0.900650903226,1.10114140253,,,,1.8557400553
BFPC03,"HIST1H3E",ENSG00000196966,9.285017,1.63576460729,2.09096338033,,2.71812614381,1.089902568640865,1.25816655633,-0.000938930952952,,1.94848424783,1.37003988807,1.55576302422,,,1.27748274479,2.79625658554,2.24480718548,0.314741963224,,,0.503951564173,,1.52332205919,,,,1.49333280219,1.49535457521,,-0.737117081638,1.01352398861,1.47915659042,-0.766068622133,1.27805204294,,,1.86669747958,,,,,-1.06286548747,,,0.731641821822,0.914687411217,,,,1.57435905885
BFPC04B,"HIST1H3E",ENSG00000196966,11.651461,2.62924049369,3.09334920786,,4.1887967136,2.314291308677379,1.90371137944,0.779086497759,,2.72136021131,1.99215276625,2.76525881527,,,2.35611865754,4.7208481646,3.26207544331,0.936637652508,,,1.33935275836,,2.69306671392,,,,2.57855939498,2.57265755886,,-0.818584417416,1.84993727005,2.30570101106,-0.134276471619,2.27971348723,,,2.57424711748,,,,,-1.58516770885,,,1.91767670488,1.72868793884,,,,2.59166880859
BFPC04F,"HIST1H3E",ENSG00000196966,9.529560,0.756400300585,1.11489552454,,1.38259367792,0.17217184272944214,0.0950473207402,-0.352829546207,,0.635879626393,1.05614426213,0.530770023037,,,1.05392605097,1.86333604877,1.21789070743,0.078054576979,,,0.224640420316,,0.470965826364,,,,0.339839011777,0.456045197349,,-0.625191483471,-0.043631005134,0.303224967831,-1.64967187874,-0.0894604938561,,,0.915991695728,,,,,-0.792613342877,,,0.650257067406,0.771236235051,,,,0.405980795342
BFPC04M,"HIST1H3E",ENSG00000196966,12.031634,3.00821780616,3.34957989206,,4.63836049182,3.068944752899651,2.5649849591,1.38419749477,,3.23700977385,1.86630097802,3.38919497985,,,2.37461605518,4.96884157853,3.49110369007,1.23599439422,,,1.67062114379,,3.33969384912,,,,3.29221857059,3.18458799748,,-0.604029949123,2.60904816978,2.94439794966,1.22594631749,3.24506031008,,,2.79364536026,,,,,-1.52285663429,,,2.10767222084,1.74189117303,,,,3.25421543771
BFPC04,"HIST1H3E",ENSG00000196966,18.536361,2.33515414712,2.83374332387,,3.776988702,1.9781021254364233,1.59231124298,0.521554599829,,2.42694194882,1.8930010074,2.40780976467,,,2.18311738293,4.33455287451,2.99061733033,0.769173128438,,,1.12689337968,,2.32934467646,,,,2.21559987853,2.21145141932,,-0.767231255976,1.50546795221,1.96512069144,-0.487787210067,1.85582261652,,,2.36630306932,,,,,-1.61603802283,,,1.73759395429,1.57405028667,,,,2.23805709193
BLOO01,"HIST1H3E",ENSG00000196966,5.957385,-5.71668605688,-6.00737005029,,-4.55885676471,-4.155204015617508,-4.52914195072,-4.97943866748,,-3.02454675012,-3.94475745202,-4.60260461753,,,-4.72638461482,-4.79374416539,-4.43108008306,-3.79086469309,,,-3.5303137257,,-4.587818479,,,,-4.68459995328,-4.66609827784,,-7.10757239452,-3.85836327579,-4.39927627985,-3.81987339563,-5.01333723851,,,-3.04914199873,,,,,0.828576205745,,,-5.11626555522,-4.67070805632,,,,-4.400143919
BLOO03,"HIST1H3E",ENSG00000196966,27.282787,5.25056676797,4.18890566121,,7.74938887062,7.533548379642453,7.44261784849,3.73686961012,,3.63069110635,8.81833146712,5.75343076095,,,4.26259894396,10.4277110426,6.11911365652,8.80396036859,,,3.09761930435,,5.50398435615,,,,6.28303164865,5.07399855855,,7.55126304538,9.07099343652,4.9508008738,2.90108146251,8.19619791799,,,15.8007125879,,,,,6.63882114022,,,7.54005439841,5.91106949434,,,,5.50218906855
BLOO04,"HIST1H3E",ENSG00000196966,12.589020,3.2437248716,2.7677467527,,4.39251555306,4.121552373552057,4.22188497743,1.68434880699,,2.91341840207,4.8541553162,3.3424963048,,,2.33669779494,4.96268225384,4.18432414844,5.00672050537,,,0.658626076699,,3.11634745949,,,,3.6008419165,2.8502909431,,5.08607550001,5.03970881004,3.24448367242,0.952450581755,4.88848007049,,,10.0934714827,,,,,3.0339362939,,,4.14621093075,2.63740034177,,,,3.49466635195
BLOO05,"HIST1H3E",ENSG00000196966,14.472422,2.28764048026,1.42112735168,,1.92836474192,1.7056736846472735,1.39435253114,2.14248224694,,1.71534748555,0.946404710679,2.26119429378,,,3.40709666333,2.26357667358,2.1175147204,2.77200310164,,,2.39407619474,,2.2150595312,,,,2.23869043664,2.21425072412,,2.38436581712,2.72356428321,2.63575100137,1.07483255549,1.88259859916,,,3.99683617164,,,,,1.59113081782,,,2.05544379671,2.86417770491,,,,2.61197314592
BLOO07,"HIST1H3E",ENSG00000196966,10.947421,1.32911475578,1.19063473598,,0.87004510506,0.8337986966173716,1.15550394649,2.35329440791,,1.36202277028,-0.0962287769989,1.2758942813,,,1.85532688106,0.364283679272,1.04659954945,1.85797883549,,,1.6472308301,,1.55985330747,,,,1.59327156058,1.92196493466,,1.35226161481,1.48438404366,1.56447771085,1.3884819121,0.994765581665,,,1.19293923146,,,,,0.942420252347,,,2.16234217876,2.14829135211,,,,1.21546537667
BLOO09,"HIST1H3E",ENSG00000196966,7.488745,1.15923119143,-0.0927283725252,,0.439563332987,1.6643559456918524,0.778949671498,0.970606823791,,0.211050891695,0.267920548899,1.12196125445,,,1.95137066232,0.680810146029,0.317703174643,2.39954875176,,,2.0213146835,,0.985093825244,,,,1.00362613069,0.801779310516,,0.897049971992,1.60656737461,0.899527395448,0.87290702165,0.779436737331,,,2.59835628648,,,,,1.73682235685,,,0.90154067194,2.24871605712,,,,1.16462805438
BLOO10,"HIST1H3E",ENSG00000196966,9.489509,1.27850455129,0.00982625876426,,0.600698882958,1.6808754425162444,0.814170234276,1.06180239629,,0.286608860046,0.354957659814,1.22801198241,,,2.13039443156,0.895771471266,0.448661237691,2.48268812108,,,2.10084730754,,1.09725783854,,,,1.11060556562,0.920585545427,,1.17136877959,1.70728202365,1.0492697488,0.804906595619,0.866714603304,,,2.8540860956,,,,,1.79067341074,,,0.996358004276,2.33146900146,,,,1.29656965646
BLOO11,"HIST1H3E",ENSG00000196966,23.599410,3.37156519788,1.63014415958,,1.21516645849,2.1053280084038968,1.5775574366,1.31572082301,,2.04165984295,0.190446607739,2.58255096642,,,2.67897111268,0.790149242757,2.75212846771,3.87644582349,,,3.2603516773,,2.53831139595,,,,2.54464632842,2.49280066068,,2.2919926014,2.71451705371,2.73108581883,1.71239982083,1.93563241503,,,2.46778522789,,,,,2.06012269394,,,2.0931107337,2.5975841676,,,,2.75330315193
BLOO12,"HIST1H3E",ENSG00000196966,20.767461,2.36114957234,0.554033949617,,1.02638526207,2.243805227958842,1.34182880808,1.44861035675,,1.11729747161,0.400592974025,2.0386069018,,,2.84085112164,1.06311618823,1.39641404602,3.61191926851,,,3.11958336882,,1.90712993223,,,,1.93724297612,1.7581104967,,1.86037992063,2.4099910768,1.97352704265,1.42600383163,1.54231174581,,,3.42750938535,,,,,2.15210634326,,,1.75075256955,3.04144978641,,,,2.17526852994
BLOO13,"HIST1H3E",ENSG00000196966,5.859084,1.03891603118,-0.231590717547,,0.371904662997,1.600845907015461,0.646627342375,0.884749060227,,0.137820817085,-0.0992784571482,1.02826672263,,,2.22140612995,0.658052615972,0.22492645957,2.26691074211,,,1.87989525239,,0.87897177723,,,,0.878253077,0.671162255043,,0.687327427136,1.50536452219,0.778964487626,0.753581235367,0.624863997226,,,3.00489219853,,,,,1.64249722816,,,0.986180589896,2.05670765834,,,,1.08441446465
BLOO16,"HIST1H3E",ENSG00000196966,13.207391,1.72822675422,1.53072088891,,1.20330086135,1.2254992252693488,1.38940079288,2.80130758968,,1.51219350776,-0.757347799668,1.67923592499,,,1.98250891714,0.64488765092,1.36070461858,2.17528436764,,,1.91256567063,,1.97386830596,,,,1.96938935533,2.35981758241,,0.963524372403,1.76111647002,2.01269757254,1.69330285945,1.38617616166,,,2.30466579676,,,,,0.837295758309,,,2.5805683599,2.44403875821,,,,1.622716135
BLOO20,"HIST1H3E",ENSG00000196966,12.811128,3.43128789354,2.74140250388,,4.6752866415,4.690388024955567,4.74873410969,2.20152854844,,2.16139788756,5.2719132696,3.70807461856,,,3.28501126417,6.27209558015,3.87980588333,5.65023536361,,,2.47211333405,,3.5108188502,,,,4.0897705186,3.22342365072,,5.7288623007,5.54811076983,3.19174037281,2.02885651215,5.25548984298,,,9.7123870922,,,,,4.0864217158,,,5.29851116744,3.85020609041,,,,3.61299017228
BLOO21,"HIST1H3E",ENSG00000196966,3.435748,1.76198195085,1.57879680113,,2.44847854668,2.0527974168888634,2.387352926,0.0698375168616,,1.86303842945,3.63577914867,1.69042251979,,,0.7222315237,2.88539890294,2.58038586385,2.46442283802,,,-0.662226767916,,1.42955399947,,,,1.85416454417,1.2486827334,,3.2112278146,2.82806198488,1.77346274885,-0.198434881137,3.02409727329,,,6.19720770668,,,,,1.76494467495,,,2.61696772867,0.395832910913,,,,1.93272342427
BLOO22,"HIST1H3E",ENSG00000196966,3.431259,1.62187024253,1.37940151171,,2.0272010744,1.767108551543666,2.14295782609,-0.102871083368,,1.72341761064,3.00037839077,1.50689399419,,,0.585482407428,2.31792352907,2.35537975882,2.22649018454,,,-0.550818788856,,1.24379123096,,,,1.65414451752,1.0834311486,,3.09158079334,2.48424486158,1.6794640677,-0.236056881633,2.73824979232,,,5.60012366764,,,,,1.63524403787,,,2.3264760161,0.194264916682,,,,1.81241738679
BLOO25,"HIST1H3E",ENSG00000196966,23.230630,5.84132707975,4.73072317642,,9.56253732222,8.05707644813276,8.39578102105,4.4932718977,,4.66836714728,9.79070204919,6.49966928245,,,4.45168259506,12.7104034197,7.01916362584,9.75843936025,,,2.18068260962,,6.35272651314,,,,6.95478113813,5.97246164575,,7.91374497276,10.6621274509,5.46132954185,2.95198945605,8.51301943185,,,17.1478476975,,,,,7.00266777349,,,8.24342691993,6.59714618618,,,,5.99389212842
BLOO26,"HIST1H3E",ENSG00000196966,29.375522,8.43169635723,7.72362857724,,15.0154635952,12.696859871383765,12.5802238972,6.70447891537,,5.97159526574,16.8876279792,9.54800460206,,,7.80495644153,19.9613687021,10.4716214123,14.0022714974,,,2.82790811209,,9.26381326119,,,,10.438961513,8.46884608323,,12.3999222947,15.4932257908,7.47151710331,3.82086840131,13.4399035806,,,26.3646672021,,,,,9.3597954068,,,13.3155451635,9.85231141157,,,,8.52954975697
BLOO27,"HIST1H3E",ENSG00000196966,42.353606,6.81061900243,6.45836512242,,12.2922068581,10.554042644805419,10.2720231578,5.47028354546,,4.77407021057,14.4618675017,7.80171199875,,,6.83313864912,16.1261477889,8.59198299014,11.319804107,,,2.50316790604,,7.55578481457,,,,8.57821316318,6.84734179316,,10.2755507059,12.4628457654,5.99507098925,3.18559958073,11.1433788088,,,21.7545971247,,,,,7.18420950049,,,11.2987747099,8.30141517228,,,,6.93375016921
BLOO30,"HIST1H3E",ENSG00000196966,6.001004,1.17911087713,-0.0757574668955,,0.47526899887,1.704473047832153,0.832105040778,1.16789468585,,0.262482197865,-0.0180926788545,1.14509460219,,,2.34927272829,0.756768138306,0.329696029363,2.39370719317,,,2.04936051106,,1.00892355301,,,,1.03174018061,0.830893758206,,0.821700791463,1.64132478516,0.888037289741,0.92180778096,0.811398658107,,,3.07869016667,,,,,1.70042962551,,,1.1990317448,2.24451269112,,,,1.17264414148
BLOO33,"HIST1H3E",ENSG00000196966,7.128515,-5.43937891615,-5.4149735521,,-4.10464821559,-4.032554836824124,-4.3845184615,-5.12924148423,,-3.47126393621,-2.07342313231,-4.6126371764,,,-4.23384200482,-4.24665032763,-4.46053357206,-4.09912525069,,,-3.37863075793,,-4.77753620868,,,,-4.64487466551,-5.01469958056,,-5.78003130071,-4.57791609987,-4.41806396473,-4.37357783421,-4.42977902377,,,-2.73539117615,,,,,-0.718565996083,,,-4.55598093563,-4.23048841785,,,,-4.25478918404
BLOO35,"HIST1H3E",ENSG00000196966,37.978521,-4.87984739209,-4.18013298179,,-8.96722988632,-6.559695574681827,-8.12743725398,-4.46645839507,,-4.33276622685,-9.62302783908,-5.44885674376,,,-4.535508348,-12.8469120916,-6.60795647784,-9.50493879089,,,-1.55302452914,,-5.40427139865,,,,-6.29975209841,-5.4438677251,,-9.00341523023,-9.76644756102,-4.90830547221,-2.03320532692,-8.49251118875,,,-18.0563206438,,,,,-8.09054827947,,,-9.56151956879,-5.99622972836,,,,-5.01223179657
BLOO36,"HIST1H3E",ENSG00000196966,9.981674,3.49275675068,3.0647425736,,5.08460830195,4.513760990108485,4.68482694807,1.93405091161,,3.13269315143,5.63962823794,3.65359696782,,,2.44541382715,5.90655754485,4.56989368863,5.50269596724,,,0.500835956869,,3.41089823786,,,,3.93692802747,3.09357474643,,6.27881247086,5.67489425782,3.39537751743,0.99131411969,5.26439614726,,,10.8086126557,,,,,3.34864278938,,,5.0283032755,2.98703178852,,,,3.72814446025
EDUC03,"HIST1H3E",ENSG00000196966,10.182825,1.86570849196,1.3391672537,,1.26363068642,3.1591561096036935,3.31307807051,2.86550367318,,2.21537028532,2.83394370248,2.36288110615,,,1.4218408196,1.40417710014,2.10928231771,2.39504217698,,,2.66312212367,,2.15261220725,,,,2.78420842051,1.98948809556,,-0.753342281704,3.07137513381,2.68605688679,4.59435750129,3.22493143934,,,2.30933312736,,,,,1.81849825498,,,2.88201255266,2.39671529072,,,,2.76442774921
ELEC04,"HIST1H3E",ENSG00000196966,9.359409,3.9036069253,2.89835397556,,6.09114341808,5.464112448660086,4.83198047746,3.7846609409,,3.49381358816,5.70418903032,4.27250681261,,,5.02869289165,7.91253957781,4.01827798345,6.43752520751,,,2.60531831789,,4.12112224164,,,,4.39232633194,3.74137671695,,5.66411627091,7.01974868508,3.41420845071,2.22683392888,4.8896910141,,,10.571745448,,,,,6.04285920092,,,4.77641169871,4.36089484946,,,,3.93425575703
FATM02B,"HIST1H3E",ENSG00000196966,10.669201,2.46176469949,2.93874420707,,3.89793887307,2.081998363261849,2.09336719429,0.775738035453,,3.06340895612,1.60075601321,2.48854361421,,,2.03812476873,3.86684107114,3.2840152351,0.694559269204,,,1.08154262068,,2.46053344293,,,,2.46963073214,2.32171068687,,-0.102307341828,1.88661995108,2.44366576951,-0.180261644304,2.13453494565,,,3.00427497868,,,,,-1.83618664678,,,1.43168974465,1.51399323166,,,,2.60523637537
FATM02M,"HIST1H3E",ENSG00000196966,7.993406,2.76808143495,3.05290075617,,4.27084497755,2.6342677089181152,2.63325260298,1.59701029589,,3.62565337511,1.1449711708,2.91788246576,,,2.27489489925,3.78045157009,3.37823626812,1.16515275523,,,1.57388222189,,2.94441143518,,,,2.96285843889,2.8458721562,,1.32308013835,2.51100876756,3.00015824076,0.945720170609,2.67729790183,,,3.51844638438,,,,,-1.39974870919,,,1.95861465697,1.89526919129,,,,3.07395638501
FATM02,"HIST1H3E",ENSG00000196966,14.240023,2.23283801164,2.76727514018,,3.56424294468,1.8532454980156514,1.84594679355,0.50467864489,,2.75259628636,1.63343754989,2.25174747532,,,1.83605556207,3.64950716049,3.09695255661,0.562935721595,,,0.900342365351,,2.21007324205,,,,2.22058793765,2.05364842451,,-0.44477734384,1.6376021635,2.14014014107,-0.451705579377,1.87809446646,,,2.6780037984,,,,,-1.84346733246,,,1.24494417539,1.32722610857,,,,2.33730428932
FATM03B,"HIST1H3E",ENSG00000196966,10.636858,2.48963197776,3.00686557625,,3.95388701417,2.06941058820904,2.10273396604,0.764599129823,,3.16558809104,1.57709417499,2.50846040409,,,2.0192745179,3.88050635704,3.29596165273,0.713406894767,,,1.05540028868,,2.48775491448,,,,2.47960831447,2.36510450011,,-0.059396132363,1.86721735019,2.47026917492,-0.155163289493,2.17774061546,,,3.07507222186,,,,,-1.71646059052,,,1.44386557173,1.44627565275,,,,2.61549295914
FATM03M,"HIST1H3E",ENSG00000196966,7.279923,2.76239873934,3.03501755134,,4.28913565785,2.628688452781173,2.63896414788,1.59786574277,,3.60965128929,1.14200907413,2.91691935543,,,2.27405281718,3.77303248711,3.3859004593,1.18142913659,,,1.58441021785,,2.94299255804,,,,2.96451572016,2.84507620979,,1.28083870668,2.49827016748,3.000415891,0.937324804301,2.70507345474,,,3.51810357986,,,,,-1.34899820449,,,1.97191104962,1.89512466275,,,,3.07339738033
FATM03,"HIST1H3E",ENSG00000196966,15.016378,2.25541718255,2.8464178371,,3.61976800348,1.8265034364220663,1.84739544866,0.483858790263,,2.8738176624,1.60393971072,2.26345780623,,,1.80080159242,3.6580212713,3.09281925089,0.57104825815,,,0.852768614896,,2.23136387739,,,,2.2202134485,2.09680494141,,-0.375917024972,1.60573555052,2.16199712101,-0.426816470139,1.91508441393,,,2.76340803298,,,,,-1.7184823173,,,1.24550501499,1.23796873931,,,,2.33723690701
FATM04B,"HIST1H3E",ENSG00000196966,27.052341,3.68925659754,4.47129340462,,5.83834698407,3.6473092281029063,3.12765089735,1.71217331937,,3.97533749232,2.3850935351,4.0015609096,,,3.1430425215,5.89580004221,4.66364317927,1.34761013762,,,1.85787202286,,3.87877711087,,,,3.88673138329,3.54697704957,,-0.506997338313,2.84790928716,3.57406682655,0.51762957922,3.47515492674,,,3.95555094778,,,,,-2.27987696891,,,2.7605013927,2.68065025336,,,,4.00562223359
FATM04F,"HIST1H3E",ENSG00000196966,14.016428,1.80008975827,2.2937028504,,2.62622293897,1.3482446338250915,1.0974834657,0.44432998528,,1.80628128045,1.60408448985,1.68215678307,,,1.84518682117,2.9368266686,2.5207720965,0.543959551138,,,0.793236877604,,1.54530913263,,,,1.5397310696,1.36391859674,,-0.582638309906,0.937304460088,1.48387522428,-0.907892259289,0.987096815571,,,1.92856397964,,,,,-1.52255703571,,,1.30716625361,1.54571414112,,,,1.72273451111
FATM04M,"HIST1H3E",ENSG00000196966,15.854586,3.55968107512,4.2216067754,,5.82100249817,3.8861085713229593,3.3832082695,1.98450068343,,3.94770764649,1.92574512563,4.09056008037,,,2.76766840188,5.63801758125,4.28947150672,1.39753988842,,,1.88985395164,,4.03738000373,,,,4.05284889815,3.73350968227,,-0.205666915699,3.13344905473,3.66893723706,1.48938435426,3.95627688432,,,3.81625977977,,,,,-1.84739793628,,,2.69616907681,2.38311822337,,,,4.06133650275
FATM04,"HIST1H3E",ENSG00000196966,25.839411,3.4767680175,4.25991456556,,5.44635588164,3.3605574716209006,2.85700653082,1.49163240945,,3.74881144795,2.35490910726,3.7141515089,,,3.02599972488,5.56973739848,4.47713903985,1.24434237379,,,1.71252061744,,3.57809020543,,,,3.59211183884,3.25146493679,,-0.491830094322,2.570481677,3.30578917702,0.244952884803,3.11778585978,,,3.74765300216,,,,,-2.32819739797,,,2.61450819421,2.55966994021,,,,3.72589165484
GLYC22,"HIST1H3E",ENSG00000196966,1.711930,-1.09925206387,-0.819091667104,,-2.34767149951,-1.5037915043090984,-2.26936365249,-1.61133219552,,-1.06890588915,-2.39513942698,-1.32484068649,,,-1.54588471974,-3.19566328127,-1.77457687316,-2.63635606091,,,-0.24119651566,,-1.17802252979,,,,-1.48958104216,-1.22245898724,,-2.6600300167,-2.78742170515,-1.4487312033,-0.146559380423,-2.32979510821,,,-6.59098959598,,,,,-3.80379273278,,,-1.67904150605,-2.77493407482,,,,-1.55542584296
HEIG02,"HIST1H3E",ENSG00000196966,9.935130,-0.558997733145,-0.0687479550035,,1.86595144112,-0.747822177587951,-0.201046486576,-0.63232673227,,0.626052387456,-0.0114829546662,-0.42558595026,,,-0.544560067543,1.25572263131,0.34051350588,-0.439737045604,,,-0.891704871156,,-0.257610210929,,,,-0.216388993957,-0.0936139661925,,-1.20372662582,-0.811906988402,0.352737392057,-2.47767578544,-0.480552329297,,,0.578296407334,,,,,-0.734747137102,,,-0.274950293165,-0.161166676462,,,,-0.0883555560945
HEIG03,"HIST1H3E",ENSG00000196966,37.329476,2.08724324007,2.6809134217,,5.47846810284,0.8613602472569507,1.99561128562,0.969009798554,,2.88586597209,1.55098149349,1.97416127585,,,1.42691282426,3.71766041024,2.75464150756,1.47129870958,,,-0.396770706232,,1.90227918147,,,,1.98621427642,1.96694254576,,0.432888211376,1.352801817,2.4329307539,-2.49926010377,1.40192632043,,,3.23538416053,,,,,-0.730677898158,,,1.89593690879,1.37741160138,,,,2.3457935255
HEIG04F,"HIST1H3E",ENSG00000196966,18.707345,2.92331721941,2.64461287593,,4.7859233263,1.768246110993809,2.60985289972,2.64094576046,,3.03829129838,1.00901811071,2.83936433076,,,2.17587642609,3.75242033856,3.52019195565,1.94073515185,,,2.01921197121,,2.83405527573,,,,2.88310127651,2.92378597982,,1.45803675622,2.73428655614,3.29798324278,0.200947384659,2.62150200911,,,3.21158114256,,,,,0.342715500042,,,2.68997036079,2.07316372754,,,,3.07096901365
HEIG04M,"HIST1H3E",ENSG00000196966,8.835617,0.663066424089,1.21996544483,,2.33118787795,0.01530049634992212,0.667084951486,0.00705373058129,,1.0771155945,0.807736747003,0.67524920462,,,-0.0642263204377,1.84096036048,1.06410014305,0.390384458637,,,-1.37260617039,,0.714969703178,,,,0.733731484119,0.789852485413,,0.432908534738,0.300375967315,0.917588189769,-1.59033367162,0.0106497487778,,,1.28501177469,,,,,-1.57282927177,,,0.897899688699,0.0796663763791,,,,0.819063620488
HIPC01M,"HIST1H3E",ENSG00000196966,9.861066,1.77232229453,1.76214479146,,3.2835980023,1.9595822495413213,2.43628073821,0.951410919538,,2.39789606933,2.60833026763,2.1892717284,,,1.36934499941,2.78910405093,2.11151883295,1.5043446123,,,0.795304133239,,2.04855704704,,,,2.28666862763,1.76142981956,,-0.979979291186,1.2761401209,2.28946170858,0.235769800468,2.390485151,,,1.76620572446,,,,,0.360996631853,,,1.62896119241,1.4737972064,,,,2.44420433855
HIPC01,"HIST1H3E",ENSG00000196966,13.480684,1.3015282343,1.67223190453,,2.81612576109,0.9970595629056389,1.76953495138,0.100370471615,,2.63263251525,1.71472219634,1.71790045623,,,1.48908116565,2.56969398196,2.4177637902,1.16178612093,,,0.922256759263,,1.56064252739,,,,1.83867272482,1.42866019487,,0.0526553757718,1.13903617535,2.18892545136,-0.703997322486,1.81756524196,,,2.11158401194,,,,,1.14865504844,,,1.65995916949,1.48923227405,,,,2.15803774317
HIPC02M,"HIST1H3E",ENSG00000196966,8.413931,1.64634735769,1.64332106538,,3.19633526016,1.9500666350997766,2.44284325544,0.91351690426,,2.30161372443,2.65010130378,2.13447254188,,,1.35025981462,2.83347659322,1.98536553283,1.44108877776,,,0.702515418175,,1.99609416561,,,,2.22511729176,1.71921802321,,-1.14054417466,1.26703375419,2.23146916255,0.271798059661,2.36094765786,,,1.78437698667,,,,,0.702401815567,,,1.58900073498,1.41817867101,,,,2.37135469566
HIPC02,"HIST1H3E",ENSG00000196966,12.813948,1.22891646139,1.54103402694,,2.69125636589,0.9695772609870249,1.70699591835,0.1257697544,,2.53614142594,1.60640667624,1.63867720314,,,1.38128061957,2.45134678537,2.275500917,1.12910719131,,,0.69540502803,,1.49467760124,,,,1.76263986566,1.37527157095,,0.0323512169518,1.10377605217,2.11309427108,-0.637271678857,1.75094880754,,,2.0759088118,,,,,1.57220685438,,,1.59645071452,1.4339404494,,,,2.0541025634
HIPC03F,"HIST1H3E",ENSG00000196966,13.004027,1.8870357025,2.15363018921,,3.36425996909,0.44316739407277184,2.01458308922,0.918022557559,,2.18811462157,1.11787864924,1.6773244638,,,2.16408944772,2.9193208956,2.74263975062,1.6419510743,,,1.12946050569,,1.71034093965,,,,1.81295287256,1.97580950562,,0.607665707459,1.30690864429,2.2121941487,-0.992959912795,1.67321636191,,,2.06998088172,,,,,0.180608467943,,,1.66100588608,2.43167193794,,,,1.9691683951
HIPC03M,"HIST1H3E",ENSG00000196966,12.738856,0.478048469395,1.00589311458,,2.85652515217,0.5437977744947768,1.05223997704,-0.0780409092209,,0.873673190042,2.14613081062,0.922677971081,,,0.344270543867,2.21861246937,1.22558464383,0.545902832933,,,-0.975611401966,,0.788311264538,,,,1.07489127583,0.54202629729,,-1.11023421878,0.0671644069176,0.985200075163,-1.56817043372,1.10280358784,,,1.38960148705,,,,,-0.384782267963,,,0.587542817317,0.887927415203,,,,1.16244643535
HIPC03,"HIST1H3E",ENSG00000196966,17.339713,1.73721360601,2.27424260537,,4.33159372336,0.6305072769934145,1.5475695368,0.65054102985,,2.24177760634,2.1061822778,1.84506217994,,,1.87117295126,3.58785580681,2.87305920031,1.5283102795,,,0.264837852684,,1.79699722217,,,,2.05617579947,1.87352883691,,-0.30979575353,0.998601800659,2.28854585867,-1.7162520508,1.93253244394,,,2.31011516449,,,,,-0.631551338491,,,1.68279659002,2.22279237993,,,,2.20702600477
HIPC04F,"HIST1H3E",ENSG00000196966,12.501510,1.82660884537,2.1089449653,,3.30717838977,0.4690089897894027,1.9406977242,0.925170939068,,2.13709168863,1.13398023835,1.64663540076,,,2.1128635362,2.79809906116,2.60349640425,1.68416379319,,,0.963012509075,,1.71626222984,,,,1.79806024663,1.98509481205,,0.786506823252,1.28675399454,2.21565858203,-0.853043207837,1.68015180787,,,1.8696572004,,,,,0.0926544434549,,,1.64724660679,2.28100359083,,,,1.9033449375
HIPC04M,"HIST1H3E",ENSG00000196966,9.697258,0.432758767,0.896185183365,,2.66055031329,0.4876582710392761,1.01491608226,-0.14496396645,,0.833226907645,2.21348388334,0.838928427499,,,0.274771377246,2.19762408564,1.07234720647,0.503918470733,,,-1.11913241759,,0.670616345723,,,,0.978461833174,0.449380168188,,-1.07224762072,0.0310886528484,0.877611794441,-1.4527402498,0.978103325174,,,1.40623674856,,,,,-0.165646649599,,,0.510441802108,0.954129770981,,,,1.07285156696
HIPC04,"HIST1H3E",ENSG00000196966,24.440536,1.63767565321,2.17169491203,,4.08546965459,0.5781309498975057,1.42116627262,0.610252965036,,2.14124991934,2.12626162962,1.72133051466,,,1.72864183311,3.40769688026,2.62320115558,1.51180439238,,,0.0180335255013,,1.66334751933,,,,1.93109662786,1.7645402606,,-0.204524041963,0.905909816008,2.15301898951,-1.5554211931,1.77156696241,,,2.15766279013,,,,,-0.712009389886,,,1.58051822667,2.16927018792,,,,2.05432195288
IRON02,"HIST1H3E",ENSG00000196966,4.276906,-1.13447037758,-0.817190869149,,-3.43384893636,-2.659764282227721,-1.94800981871,-0.43293205742,,-0.838332332827,-3.59335736157,-1.77028409461,,,-1.30252063603,-5.92572900508,-1.7846166809,-3.53450669095,,,1.88295516675,,-1.64911542203,,,,-1.73077656809,-1.2586640542,,-3.19741619293,-4.36557296135,-1.20073953365,0.81912313723,-1.70878818962,,,-9.25670125126,,,,,-2.22866926741,,,-1.72055105324,-0.740371055597,,,,-1.64158900044
IRON03,"HIST1H3E",ENSG00000196966,11.611721,4.50006920461,3.19544335171,,7.57824949819,6.621226231813762,5.67440883039,4.08512695704,,3.96248692799,6.99216018555,5.11798511478,,,5.48532974793,10.4936053434,4.84389460531,7.98345579943,,,1.97748810825,,4.92908713532,,,,5.22459358558,4.39805845816,,7.10076973647,8.87840954265,4.04657771132,2.03966667438,5.66785530578,,,14.0042486371,,,,,7.98740902249,,,5.51329483753,4.69032589181,,,,4.73665801956
LEAN04B,"HIST1H3E",ENSG00000196966,13.515558,2.51869550356,3.31809960317,,3.67244772803,1.9810795680157682,2.19427241395,1.17301475273,,3.07083572624,1.63670782978,2.5127974016,,,2.20694707894,3.73326492342,3.42600824393,0.682918169759,,,0.776104392491,,2.47413556122,,,,2.52250508753,2.32414985347,,0.42343730995,1.82095660707,2.60392360708,0.0817603475581,2.25151923132,,,3.24712573273,,,,,-2.49271853353,,,1.90999894081,1.60652257382,,,,2.73462393056
LEAN04M,"HIST1H3E",ENSG00000196966,8.492738,1.843169873,2.28677368051,,3.52715598013,1.794637136343641,1.9486149545,1.21907971582,,2.90239242738,0.796304712234,2.10732611658,,,1.58643794867,2.94487376764,2.91049704357,0.502210994065,,,0.591564543112,,2.14980358341,,,,2.21416718688,1.97073440903,,1.4176155647,1.52237326523,2.44270820214,0.214525178783,1.97634071664,,,3.58309391072,,,,,-1.62912562837,,,1.71124461994,1.46440765946,,,,2.46205232011
LEAN04,"HIST1H3E",ENSG00000196966,11.407046,2.45019821412,3.15718756809,,3.96185622878,2.074184590172268,2.26125452177,1.31703428044,,3.34687462975,1.27652532432,2.58435405217,,,2.16325662054,3.64989332664,3.55736634323,0.677510799635,,,0.79856127551,,2.59149525467,,,,2.63018681308,2.42094381639,,0.969927955073,1.86991346244,2.80590763911,0.193791860502,2.29759579882,,,3.70386071723,,,,,-2.33596307021,,,1.97620095451,1.71261974772,,,,2.89061657229
LEAN05B,"HIST1H3E",ENSG00000196966,13.337979,2.60207130448,3.37904626742,,3.74917252785,2.0113353599750816,2.18171112455,1.18584151461,,3.11771385614,1.58102913448,2.5582204941,,,2.19627921753,3.79489909209,3.42535867337,0.728214826891,,,0.753031696702,,2.51556490264,,,,2.54234892443,2.36809627882,,0.419029210762,1.83899341766,2.62005470456,0.115236638892,2.27197523602,,,3.2832891988,,,,,-2.28411361255,,,1.88802876308,1.55972916075,,,,2.75855977522
LEAN05M,"HIST1H3E",ENSG00000196966,7.715411,1.85481267969,2.29152651497,,3.54941485928,1.812139797701467,1.96132486158,1.22843063218,,2.87737106171,0.809384162473,2.12136285139,,,1.61290612967,2.9357318593,2.91405211976,0.505794425951,,,0.611032195645,,2.16235766052,,,,2.23002746194,1.98044773007,,1.3370508667,1.50648952695,2.45590929082,0.21084079068,2.00190557471,,,3.57804959866,,,,,-1.58230060667,,,1.72141962774,1.48809501594,,,,2.47782335238
LEAN05,"HIST1H3E",ENSG00000196966,13.269969,2.50522760835,3.20153949238,,4.01527607924,2.0957000545004822,2.25936245594,1.32693163484,,3.3695995168,1.24338223562,2.61695900211,,,2.16306680211,3.68425866503,3.5538659781,0.696874077464,,,0.784667650179,,2.62145009577,,,,2.6488861957,2.45351576941,,0.928524834047,1.86559013564,2.82242459141,0.212499437398,2.3248930159,,,3.72424653204,,,,,-2.19775277081,,,1.97044936969,1.68770302944,,,,2.91081180576
LEAN06B,"HIST1H3E",ENSG00000196966,24.561996,4.35437878278,5.15158795666,,6.31717718573,4.020782969023686,3.73249062902,2.843433147,,4.45682000399,2.14429582072,4.55697452954,,,3.64206583304,5.54614674411,5.54691330013,1.8880639998,,,2.07064422469,,4.42883083637,,,,4.60244105239,3.99357579343,,0.917802843142,3.50426487633,4.51746218022,1.07458929737,3.86483364539,,,4.64828993998,,,,,-2.45857465028,,,3.31821643141,3.90942266755,,,,4.91417226185
LEAN06F,"HIST1H3E",ENSG00000196966,14.502918,3.44775298279,3.8587260411,,4.46508134803,2.936077030144474,2.64351617413,2.27860495773,,3.46075351136,1.95316582444,3.44146683044,,,2.97879695024,4.10749823237,4.35359276077,1.65425183984,,,1.7993119737,,3.30399462677,,,,3.47507139024,3.00408308748,,0.424508743783,2.81351696133,3.42175620669,0.794213947912,2.68195070962,,,3.14824020553,,,,,-1.98338451741,,,2.51460050685,3.19969577609,,,,3.72217588672
LEAN06M,"HIST1H3E",ENSG00000196966,12.422692,3.08600228185,3.99914931122,,5.31841832982,3.23682008679305,3.13438929227,1.97112227246,,3.26416547869,1.12050796407,3.4902884649,,,2.4327756805,4.37766086296,3.99079454443,1.0893145052,,,1.21780695071,,3.45580880457,,,,3.52600426296,3.07705557095,,1.1181805656,2.42299894579,3.443633903,0.85040407961,3.33169462702,,,4.12578771448,,,,,-1.68439919739,,,2.52797510032,2.60643952822,,,,3.74626899538
LEAN06,"HIST1H3E",ENSG00000196966,15.580011,4.17794603528,5.14110578919,,6.49231128598,3.9968371479060543,3.8100798251,2.66421360218,,4.35969043901,1.73536264362,4.50111663736,,,3.40909198931,5.5332165713,5.40310306135,1.67669367587,,,1.85544909758,,4.41026311184,,,,4.54005979041,3.96828266318,,1.06191448685,3.29606622414,4.46129926609,1.06076790052,3.97624175617,,,4.85240264907,,,,,-2.42729150424,,,3.26206038682,3.64873701155,,,,4.84347305719
LUPU01,"HIST1H3E",ENSG00000196966,14.643649,-1.05531986144,0.243653533146,,-0.675344758912,-1.235734460675691,-1.27117095007,0.203117256044,,0.53395118082,-1.69673313577,-0.910358316092,,,-0.542708631241,-0.519023497116,-0.581266394953,-2.25063844209,,,-1.39547349903,,-0.778916821061,,,,-0.852115105604,-0.454371255634,,-0.48906902134,-0.842525498687,-0.539173845215,-0.407093201165,-1.31529316465,,,-1.97392887389,,,,,-0.736572205555,,,-1.71352004806,-1.09576599255,,,,-0.855953983217
PRSC01,"HIST1H3E",ENSG00000196966,37.536525,-3.24199815088,-1.15435529991,,-2.27621887651,-1.2318249144896787,-2.39824075471,-1.48742339567,,-1.21828635733,-3.2641832666,-2.17650533182,,,-3.04214148943,-2.49847355977,-2.0575714642,-4.50113646316,,,-3.11286812122,,-2.05550178955,,,,-2.33658797066,-2.23356443989,,-3.67158151903,-2.56927441727,-2.43822217738,-1.83965522545,-2.81728443158,,,-3.48692628145,,,,,-2.69097078043,,,-3.74312630764,-4.00873970183,,,,-2.2779777676
RHEU02,"HIST1H3E",ENSG00000196966,8.757334,0.252372577355,-0.469745185799,,1.14992048803,-1.4828257900431654,-1.28156700396,1.00092682282,,2.09965314803,-3.10762615989,-0.224227117253,,,0.541170464445,-0.591029869497,0.21592735085,-0.741895417059,,,0.418203799165,,0.302871756209,,,,-0.218606176379,1.00968985802,,-0.296949703332,-0.541443437263,0.137566511591,0.191437918996,-1.23434141274,,,-3.17786754378,,,,,0.584084935581,,,-0.315187030391,-0.395252391704,,,,-0.56958401368
SCHI01,"HIST1H3E",ENSG00000196966,14.960745,-0.208436866204,-2.02088359758,,-1.62739689995,-1.402924238141909,-0.73146201428,-1.55398337297,,0.27721555286,0.424598407806,-0.693626674519,,,-0.630481215609,-1.50941374098,-0.254102275456,1.20851400346,,,0.925769963623,,-0.800106546301,,,,-0.79007984068,-0.745570554543,,0.755806315316,-0.454479164062,-0.184644488762,0.00564346084426,-0.847041354271,,,0.469379287025,,,,,1.30464932664,,,-0.0105145064451,-0.507486371332,,,,-0.300615975421
SCHI02M,"HIST1H3E",ENSG00000196966,9.716405,0.487495350854,-0.813509980321,,-0.764426219437,-0.7614600381352428,0.499196758023,-0.723356220077,,0.966576934747,0.904619899877,0.0119173512676,,,0.29706185709,-0.346608035508,0.480768314986,1.39719650808,,,1.24552192166,,-0.113603635372,,,,-0.0451015602203,0.0400453018517,,1.27679747865,0.157107563479,0.51166838534,0.554601702459,0.167026240956,,,0.65121631558,,,,,2.03700337096,,,1.13620223757,0.248687847727,,,,0.329365384332
SCHI02,"HIST1H3E",ENSG00000196966,16.370407,-0.0705111866387,-1.95321936226,,-1.50117342069,-1.2288640020519226,-0.578404878065,-1.37643844058,,0.398125262405,0.400044822899,-0.525841821345,,,-0.597667882707,-1.25679408321,-0.202916009399,1.29705630296,,,1.18904828825,,-0.643187675238,,,,-0.622756049423,-0.597632841176,,0.813522582879,-0.394684026052,-0.0213830722597,0.223664983001,-0.783829370784,,,0.550613530802,,,,,1.36857387004,,,0.139976825684,-0.401164774587,,,,-0.124390070122
WAIS01,"HIST1H3E",ENSG00000196966,7.116089,1.64197223155,1.84036612705,,2.8577176351,1.8719557108557656,2.405911527,0.522651239726,,2.85567670559,1.98245848601,2.11418801548,,,1.65776329774,2.36309155452,2.64348233735,1.75215071692,,,1.33073416296,,1.97263214739,,,,2.1019746469,1.769142989,,-0.0794933588076,1.77403008444,2.40171123729,0.0740695421964,1.8879830422,,,3.40373926603,,,,,1.19749303404,,,1.94584580848,1.78671632285,,,,2.45328603961
WAIS02,"HIST1H3E",ENSG00000196966,6.507729,1.55023243413,1.86229489798,,2.75285765821,1.8058372636995672,2.42714343666,0.573808434612,,2.73705336663,1.98615601275,2.05248444506,,,1.56233960358,2.22809186168,2.63719539203,1.72170152158,,,1.1550961535,,1.92137143266,,,,2.05192531717,1.72400521158,,-0.111093402498,1.7454831785,2.34932968485,0.116392491759,1.88923866268,,,3.4586243622,,,,,1.86475356446,,,1.89403736264,1.64948937793,,,,2.37768779532
WAIS03F,"HIST1H3E",ENSG00000196966,5.846063,1.73002554142,1.58063769848,,3.30731660016,1.535970201024741,1.89324192213,1.03305429254,,2.12383611546,2.12091047153,1.83084258723,,,1.55762510921,2.48348135159,2.65343603784,1.91546979017,,,0.755960696096,,1.88342966755,,,,1.88384382194,1.96155952373,,0.649941870151,1.80270946822,1.91087154345,0.229748524555,1.88316073833,,,3.83138233988,,,,,0.133900084443,,,1.876457832,1.51011707259,,,,1.76024796505
WAIS03M,"HIST1H3E",ENSG00000196966,6.914781,0.745734575338,1.0516446393,,2.71144828898,0.9390022047732768,1.39520957084,0.25564909733,,0.990164166934,1.49223326831,1.18973438751,,,1.02294163856,1.90338217313,1.57190461562,1.0749932469,,,-0.128892712755,,1.13593436515,,,,1.22006406962,0.975998959368,,-1.59098909099,0.747446547323,1.34207798303,-1.4029522735,0.896674193641,,,2.57196444927,,,,,0.343247241485,,,1.0145128619,1.25178035843,,,,1.49641620019
WAIS03,"HIST1H3E",ENSG00000196966,12.600967,1.56345995687,1.66395778441,,3.96553791937,1.569853423525398,2.18104967049,0.707671062403,,2.10296379908,2.35944993704,1.96113866955,,,1.60876595215,2.97582137926,2.81171739952,1.92197120777,,,0.27053419651,,1.95274913927,,,,2.02469495207,1.90292060044,,-0.583618123362,1.61453322572,2.12940225662,-0.868473746174,1.81292435328,,,4.33440839648,,,,,-0.235606696097,,,1.9391823503,1.74402024338,,,,2.13132134961
WAIS04F,"HIST1H3E",ENSG00000196966,6.442168,1.70492751402,1.63939076617,,3.23018959061,1.541517491144741,2.0086592709,1.09628687582,,2.16668113723,2.25426974517,1.81350167883,,,1.53415592673,2.49314965966,2.61811040324,1.99983438012,,,0.732224003559,,1.88367186983,,,,1.88968008744,1.9649581087,,0.777973227399,1.78821587777,1.93627777961,0.369043227564,1.96432831141,,,3.83900865648,,,,,0.515698837773,,,1.87933000715,1.4131755229,,,,1.72693266399
WAIS04M,"HIST1H3E",ENSG00000196966,7.077752,0.687632086157,0.952108221157,,2.57072238891,0.9001270432111219,1.39255774385,0.227674073629,,0.955928605976,1.59238891034,1.16978968875,,,0.982312119917,1.83917910357,1.51231661637,1.06249220626,,,-0.275214765719,,1.07815460576,,,,1.20597961821,0.920240745045,,-1.57680531646,0.717883354892,1.28114980428,-1.30505851535,0.871570746014,,,2.60186975594,,,,,-0.646502147814,,,0.978050161044,1.23963244665,,,,1.50058918159
WAIS04,"HIST1H3E",ENSG00000196966,11.746444,1.48049233,1.76422204292,,3.73722228681,1.5192722158249456,2.26953949118,0.69971370206,,2.10299274339,2.56785233968,1.91206437205,,,1.54822924743,2.98346512568,2.75979354079,1.97120047527,,,0.183113851125,,1.88345295111,,,,1.99682135459,1.83928943696,,-0.43268305842,1.58100177102,2.07041264159,-0.727777661344,1.80999893946,,,4.35452579327,,,,,0.131610194845,,,1.892398437,1.71381826464,,,,2.08812867957
WEIG04F,"HIST1H3E",ENSG00000196966,9.551618,1.88224564716,2.0485343264,,3.22508113331,1.5786088885849634,1.76593202409,1.15773214408,,2.11857316554,0.0458803923439,1.97954552648,,,1.73326854844,2.64344755287,2.2091374252,1.57996615147,,,1.52887599173,,1.84278341742,,,,1.81125767345,1.62595258616,,0.42152671916,2.04090469854,1.985628001,-0.142142160094,1.69302105521,,,1.91700111192,,,,,0.890167479989,,,0.900314625923,1.79870162313,,,,2.13797531086
