code,target,ENSEMBL,association,Adipose_Subcutaneous,Adipose_Visceral_Omentum,Breast_Mammary_Tissue,Muscle_Skeletal,DGN_Whole_Blood,Whole_Blood,Artery_Aorta,Artery_Coronary,Artery_Tibial,Heart_Atrial_Appendage,Heart_Left_Ventricle,Spleen,Brain_Amygdala,Brain_Anterior_cingulate_cortex_BA24,Brain_Caudate_basal_ganglia,Brain_Nucleus_accumbens_basal_ganglia,Brain_Putamen_basal_ganglia,Brain_Cerebellar_Hemisphere,Brain_Cerebellum,Brain_Cortex,Brain_Frontal_Cortex_BA9,Brain_Hippocampus,Brain_Hypothalamus,Brain_Spinal_cord_cervical_c-1,Brain_Substantia_nigra,Nerve_Tibial,Cells_Transformed_fibroblasts,Cells_EBV-transformed_lymphocytes,Colon_Sigmoid,Colon_Transverse,Esophagus_Gastroesophageal_Junction,Esophagus_Mucosa,Esophagus_Muscularis,Liver,Minor_Salivary_Gland,Small_Intestine_Terminal_Ileum,Stomach,Adrenal_Gland,Pituitary,Pancreas,Thyroid,Lung,Ovary,Prostate,Testis,Uterus,Vagina,Skin_Not_Sun_Exposed_Suprapubic,Skin_Sun_Exposed_Lower_leg
ASTH01,"ANKRD54",ENSG00000100124,0.917502,0.210423656203,1.85161730803,2.57115207818,1.92090763477,0.0671254415942562,,-0.12140062098,,1.87811103146,,1.59216897384,,,,,,,,,,,,-5.96727514267,,,1.23415982461,1.76055136097,,,,,,1.82902011499,,,,1.88022889852,0.747239309209,,,1.2315606895,,,,,,,,1.3597059262
BFPC04B,"ANKRD54",ENSG00000100124,5.144202,-3.85885295188,-3.69497027542,-2.31341063696,-4.55780084719,-5.365107096930678,,-2.51377836921,,-4.42999192961,,-2.07287607703,,,,,,,,,,,,0.472925982888,,,-5.66026426283,-4.26972493827,,,,,,-4.17435657805,,,,-1.90053990215,-4.74184713633,,,-4.26668857234,,,,,,,,-4.77579386421
BFPC04M,"ANKRD54",ENSG00000100124,4.121484,-3.67825579452,-3.40291181617,-2.59445635619,-4.16365006637,-4.995487963906713,,-2.06086500149,,-3.57356225942,,-2.19614440249,,,,,,,,,,,,-0.26465917865,,,-5.56942310752,-4.32361999894,,,,,,-4.24883394891,,,,-1.30125956284,-4.00873112335,,,-3.59155905044,,,,,,,,-4.16549232537
BFPC04,"ANKRD54",ENSG00000100124,5.068517,-3.6016142234,-3.54165040799,-2.03674387458,-4.29465314044,-5.093772218752666,,-2.42704422031,,-4.35919952302,,-1.91507324838,,,,,,,,,,,,0.664262137758,,,-5.25992503511,-3.96379752578,,,,,,-3.85047445452,,,,-1.85602181994,-4.56588047214,,,-4.14953491053,,,,,,,,-4.55871265998
BLOO03,"ANKRD54",ENSG00000100124,0.540608,-7.09490076996,-0.593405286734,0.126791420322,-0.593859272373,0.4430322533245262,,-1.05807492649,,-7.52696625859,,-3.24520246425,,,,,,,,,,,,-0.415502959015,,,-3.7146313385,-0.37935952703,,,,,,-2.26819349245,,,,-4.49565787689,-4.28771210054,,,-7.61191933326,,,,,,,,-5.53029019497
BLOO17,"ANKRD54",ENSG00000100124,0.181675,-0.123145473249,0.221706878847,-0.00621227604657,-0.346020029422,0.2087830606645989,,-0.238226380327,,1.03284573845,,-0.111060653685,,,,,,,,,,,,-4.73831606267,,,-0.423722763362,0.477366527983,,,,,,0.345867348569,,,,0.596737986938,0.175570444938,,,0.350856844033,,,,,,,,-0.264351979156
BLOO18,"ANKRD54",ENSG00000100124,0.349071,-0.069447852258,0.276066218939,-0.0233720241027,-0.299956146786,0.3719075927015625,,-0.031902979806,,1.17590372981,,-0.418304206919,,,,,,,,,,,,-4.83415339594,,,-0.124441158155,0.347018251268,,,,,,0.512245338349,,,,0.553638739141,0.129213526974,,,0.503135745776,,,,,,,,0.043944473172
BLOO20,"ANKRD54",ENSG00000100124,0.165376,-5.00429081334,-0.503330872689,-0.108074919277,-0.741032889506,0.13655526946199154,,-0.785834788405,,-5.07587839349,,-2.60340764198,,,,,,,,,,,,-0.522538346503,,,-2.4659737238,-0.219259402519,,,,,,-1.40012570364,,,,-3.22441398969,-3.0289409244,,,-5.18143158945,,,,,,,,-3.93024822059
BLOO25,"ANKRD54",ENSG00000100124,0.761703,-6.7969598658,-0.973338021417,0.110071928502,0.0930261736402,0.756603858400224,,-1.11424021024,,-8.03093985171,,-2.47944041332,,,,,,,,,,,,0.447621376203,,,-3.9476517865,-0.816891021294,,,,,,-3.21549388001,,,,-4.09067074266,-4.1363653609,,,-8.03578399522,,,,,,,,-5.28829888772
BLOO26,"ANKRD54",ENSG00000100124,3.598014,-inf,0.630631088492,1.56677821792,-0.314262425586,2.346316940009447,,0.0217337702105,,-9.23110380177,,-5.0510964523,,,,,,,,,,,,-0.914231947231,,,-5.73936043901,1.41056321666,,,,,,-1.83526930978,,,,-inf,-5.1642213535,,,-11.7316838862,,,,,,,,-inf
BLOO27,"ANKRD54",ENSG00000100124,3.927530,-6.54296006817,1.1056278423,1.65483600732,-0.412483234356,2.3203025557275736,,0.356617090325,,-6.54890493965,,-4.5479957023,,,,,,,,,,,,-0.938425094041,,,-4.30180474714,2.00870758879,,,,,,-0.419632285745,,,,-3.81251202587,-3.61058595855,,,-9.24985399884,,,,,,,,-5.68720271993
BLOO34,"ANKRD54",ENSG00000100124,16.809668,-3.07335348528,-3.00715696579,-1.06680112827,-1.63753419557,-2.2200870695433212,,-0.971509154261,,-2.68553557198,,-1.61903686829,,,,,,,,,,,,-1.98621787892,,,-2.48462436781,-2.44729267421,,,,,,-2.37618492979,,,,-3.49193220078,-2.77575651838,,,-2.97895906154,,,,,,,,-2.031184769
BLOO35,"ANKRD54",ENSG00000100124,1.090979,7.70348769124,0.110525196845,-1.02968198399,0.137706130885,-2.2198864226928117,,1.20954239065,,6.70706909539,,4.65108340639,,,,,,,,,,,,2.46717561688,,,4.36292664164,-0.594852364363,,,,,,1.53129104372,,,,6.27466445741,5.32611599894,,,9.36991759637,,,,,,,,4.8801280078
ELEC04,"ANKRD54",ENSG00000100124,0.073318,-4.50192511209,0.206511584762,0.336586788776,-0.521753460583,0.728946447005544,,-0.10167177864,,-3.44078880676,,-1.87884090538,,,,,,,,,,,,-1.75397641103,,,-2.33223414594,-0.420121670364,,,,,,-1.60445292712,,,,-5.56308164729,-3.24802339348,,,-3.99996256486,,,,,,,,-1.27393707636
FATM04B,"ANKRD54",ENSG00000100124,4.090883,-3.70864151261,-3.47883063251,-1.77689187385,-3.56319360016,-4.5288975885672915,,-1.65726176792,,-3.64004101299,,-1.7343402504,,,,,,,,,,,,0.252109292909,,,-5.24898515416,-3.96188004523,,,,,,-3.89975565736,,,,-2.84252797356,-4.82493516446,,,-3.54218295129,,,,,,,,-4.21361223383
FATM04M,"ANKRD54",ENSG00000100124,2.352578,-3.33533188421,-2.94263081155,-2.06952240105,-3.16791620384,-4.226351657661417,,-1.3387071916,,-2.85410833215,,-2.00577715275,,,,,,,,,,,,-0.121024246728,,,-4.84301641414,-4.10980301689,,,,,,-3.83544329639,,,,-1.53522751413,-3.779287999,,,-2.84088904524,,,,,,,,-3.67790859918
FATM04,"ANKRD54",ENSG00000100124,3.739929,-3.49732980469,-3.39170154138,-1.54097998787,-3.34901983887,-4.262643737874776,,-1.56872338762,,-3.56753289811,,-1.55751409849,,,,,,,,,,,,0.351770774535,,,-4.93441439265,-3.60308755882,,,,,,-3.58568301739,,,,-2.92024513098,-4.70883462605,,,-3.47289444946,,,,,,,,-3.97206882363
IRON03,"ANKRD54",ENSG00000100124,0.151928,-3.90020354305,0.646238474155,0.0837138954827,-0.101648211687,0.9578266341702986,,0.00446009421875,,-3.25046173602,,-1.86268766049,,,,,,,,,,,,-1.61130716926,,,-2.07332310853,0.174098666097,,,,,,-1.55230617644,,,,-5.2738392297,-2.97874816941,,,-3.81566952658,,,,,,,,-0.639031801644
OSTE04,"ANKRD54",ENSG00000100124,7.568170,-1.33245858363,-1.41789319139,-2.34540611342,-1.16721242932,-1.1463156843223163,,0.101190035053,,-1.78951932673,,-1.85044240358,,,,,,,,,,,,-0.239623478026,,,-1.98129465447,-0.311601927795,,,,,,-2.42796970754,,,,-0.72451184695,-0.48818747522,,,-3.52857332196,,,,,,,,-1.31924613683
