code,target,ENSEMBL,association,Adipose_Subcutaneous,Adipose_Visceral_Omentum,Breast_Mammary_Tissue,Muscle_Skeletal,DGN_Whole_Blood,Whole_Blood,Artery_Aorta,Artery_Coronary,Artery_Tibial,Heart_Atrial_Appendage,Heart_Left_Ventricle,Spleen,Brain_Amygdala,Brain_Anterior_cingulate_cortex_BA24,Brain_Caudate_basal_ganglia,Brain_Nucleus_accumbens_basal_ganglia,Brain_Putamen_basal_ganglia,Brain_Cerebellar_Hemisphere,Brain_Cerebellum,Brain_Cortex,Brain_Frontal_Cortex_BA9,Brain_Hippocampus,Brain_Hypothalamus,Brain_Spinal_cord_cervical_c-1,Brain_Substantia_nigra,Nerve_Tibial,Cells_Transformed_fibroblasts,Cells_EBV-transformed_lymphocytes,Colon_Sigmoid,Colon_Transverse,Esophagus_Gastroesophageal_Junction,Esophagus_Mucosa,Esophagus_Muscularis,Liver,Minor_Salivary_Gland,Small_Intestine_Terminal_Ileum,Stomach,Adrenal_Gland,Pituitary,Pancreas,Thyroid,Lung,Ovary,Prostate,Testis,Uterus,Vagina,Skin_Not_Sun_Exposed_Suprapubic,Skin_Sun_Exposed_Lower_leg
ANOR02,"GPX1",ENSG00000233276,12.350344,,-0.126538245702,,5.48741126846,-5.177181431266025,,,,,,,,,-3.10982601043,-0.0367838957071,1.02476874641,0.63664596587,,1.24498915135,0.469973481066,-1.27312742121,,,,,6.16954267772,4.6707946765,,,,,4.19158565919,,,,4.46041987071,,,,,2.13943897661,,-0.965432657155,,,,,4.96227775638,4.83548179397
ANOR05,"GPX1",ENSG00000233276,10.092884,,-0.473487577218,,5.41380125198,-5.137200408241739,,,,,,,,,-3.36195927026,-0.352560780517,0.622295826137,0.255709827143,,0.813993326736,0.165409757113,-1.6508267663,,,,,5.90762577969,4.62538003964,,,,,3.80047256173,,,,4.64379579954,,,,,1.77350597935,,-1.46059064141,,,,,4.74147252106,4.64939227921
BFPC02B,"GPX1",ENSG00000233276,8.934794,,0.0522633044949,,-4.2254172604,5.182376670579698,,,,,,,,,3.50588072564,0.00278965393694,-1.54918842911,-0.948040900399,,0.253851064644,-0.40784268503,2.07068216575,,,,,-3.67317200089,-4.48789664427,,,,,-4.38063712321,,,,-4.72398673924,,,,,-1.74621562905,,0.343364717377,,,,,-5.22900048088,-5.35115175689
BFPC02F,"GPX1",ENSG00000233276,5.919626,,-0.189776619525,,-3.5340832773,3.9716262714497437,,,,,,,,,2.78317823858,0.0514798073193,-0.822446133625,-0.778831287421,,0.300492368932,-0.433787413504,1.64999641359,,,,,-2.12715389007,-3.69930461245,,,,,-2.90753391017,,,,-4.08146445652,,,,,-1.24717028176,,-0.156332014654,,,,,-4.01261861441,-4.35497217724
BFPC02,"GPX1",ENSG00000233276,9.659437,,-0.0273856910334,,-4.25492581762,5.202006515450162,,,,,,,,,3.48890343648,-0.0193775994392,-1.53504079398,-1.00198643192,,0.219223136895,-0.471139784613,2.04433218402,,,,,-3.56925251071,-4.51882189413,,,,,-4.31442860651,,,,-4.88478023149,,,,,-1.78550120627,,0.217795610645,,,,,-5.24979611519,-5.40384611829
BFPC03B,"GPX1",ENSG00000233276,11.489200,,-0.0484803160743,,-4.37799499579,5.247169882344079,,,,,,,,,3.6257920745,0.097477320169,-1.5100924608,-0.961583304901,,0.36473898463,-0.291066810419,2.16020596712,,,,,-3.64590490178,-4.54464799414,,,,,-4.31164206472,,,,-4.69943321733,,,,,-1.72045220997,,0.361160645706,,,,,-5.29638762474,-5.45826394791
BFPC03F,"GPX1",ENSG00000233276,6.293521,,-0.341092268103,,-3.71302886437,3.9748679147575507,,,,,,,,,2.8761675484,0.150291578413,-0.82490353849,-0.859185708847,,0.418039569337,-0.305198808326,1.69563388961,,,,,-2.11385999114,-3.73504397594,,,,,-2.80889458915,,,,-4.00963083282,,,,,-1.25897323906,,-0.186235279009,,,,,-4.1044658699,-4.4939049609
BFPC03,"GPX1",ENSG00000233276,11.474851,,-0.141430007848,,-4.42318284457,5.253423510868732,,,,,,,,,3.60973563591,0.0885693900598,-1.49623529389,-1.02774087477,,0.338475700306,-0.342819406652,2.12955450603,,,,,-3.54162166362,-4.57304946834,,,,,-4.2315912961,,,,-4.84438874128,,,,,-1.76162403666,,0.220209234195,,,,,-5.32501051644,-5.52270099831
BFPC04B,"GPX1",ENSG00000233276,15.830561,,-0.671042865415,,-5.86430401068,6.7733523274279746,,,,,,,,,5.08029302898,1.06890470413,-1.49467152974,-1.09523723054,,1.98667540891,0.635693516883,3.58750813939,,,,,-3.83659378997,-5.71750543701,,,,,-4.79363015428,,,,-5.71518304192,,,,,-1.89833310628,,0.0950872291095,,,,,-6.65683954162,-6.97788970541
BFPC04F,"GPX1",ENSG00000233276,9.468100,,0.873076560531,,-5.1651575222,5.6320903559529745,,,,,,,,,4.13021468858,0.814940193391,-1.17486582392,-0.64952723916,,1.48214237456,0.445961077276,2.86956701517,,,,,-3.15212260255,-4.3760838676,,,,,-3.94891791275,,,,-4.56027296694,,,,,-1.24535974808,,0.395981500519,,,,,-5.0875155992,-5.46453959955
BFPC04M,"GPX1",ENSG00000233276,8.366673,,-1.68128584362,,-3.72728549854,4.594963401759833,,,,,,,,,3.52584472937,0.785314837009,-1.07148117992,-0.966642506007,,1.49264907601,0.501994783319,2.53082676089,,,,,-2.63604566384,-4.20192957069,,,,,-3.28362971151,,,,-4.04231312711,,,,,-1.57332275811,,-0.205719441978,,,,,-4.89970675614,-5.02308138652
BFPC04,"GPX1",ENSG00000233276,14.035990,,-0.438522300595,,-6.04926566644,6.877981884308577,,,,,,,,,5.08160088025,0.960955329776,-1.6146140383,-1.14563024614,,1.87798930008,0.533604928828,3.5383181906,,,,,-3.96942001145,-5.75507304276,,,,,-4.9646777857,,,,-5.84377708357,,,,,-1.95359520245,,0.116619760394,,,,,-6.72894719254,-7.06075848049
BLOO04,"GPX1",ENSG00000233276,33.008216,,9.38548658758,,-8.26725594573,8.96505690284149,,,,,,,,,12.0367547939,5.7796323771,5.28110203815,7.32613634928,,0.484708368206,2.3397099576,8.35893909322,,,,,-9.91433994813,-8.80993439308,,,,,-8.09409269316,,,,-5.12215247813,,,,,3.99681916197,,6.30475178014,,,,,-5.97693443554,-5.98431852206
BLOO07,"GPX1",ENSG00000233276,6.613180,,-2.2770211287,,-0.484953390116,0.1798040432476723,,,,,,,,,-3.132903488,-4.8238259807,-4.74650318201,-4.49674803753,,-3.21270779708,-3.95312147401,-3.81113579728,,,,,-2.52766845219,-1.97658343179,,,,,-3.88732548953,,,,-2.82718873843,,,,,-5.09073826548,,-3.45074128394,,,,,-2.92305427028,-2.51408660882
BLOO16,"GPX1",ENSG00000233276,6.056926,,-2.31904377789,,-0.482782754202,-0.6501052716596076,,,,,,,,,-2.67660655163,-4.93342118845,-4.72352073846,-4.19548508529,,-3.40981658983,-3.97974869914,-3.485334888,,,,,-2.66665022482,-2.42262420776,,,,,-4.17289419458,,,,-2.77576027446,,,,,-5.12598972386,,-3.17749025906,,,,,-3.23104127537,-2.74505066077
BLOO17,"GPX1",ENSG00000233276,7.237802,,-2.32769575814,,0.506464029529,-2.0874919025943224,,,,,,,,,-3.60434141629,-5.47736578931,-4.99459385879,-4.90922711454,,-3.77452168252,-4.38113183027,-4.30980603072,,,,,-1.87210729512,-1.82613235208,,,,,-3.82540459589,,,,-2.66118222894,,,,,-5.24995292643,,-3.44894198911,,,,,-2.88322860645,-2.48109222861
BLOO18,"GPX1",ENSG00000233276,5.948770,,-1.75537874892,,0.549052651467,-2.0554105274340455,,,,,,,,,-3.26732473234,-4.91667747317,-4.74780172555,-4.57252119555,,-3.22686149267,-3.85841588151,-3.91787327238,,,,,-1.4111339249,-1.93297558433,,,,,-3.52003003162,,,,-2.23097061676,,,,,-4.71619785949,,-3.36976179629,,,,,-2.69974543697,-2.33828058863
BLOO21,"GPX1",ENSG00000233276,54.734522,,9.69470434922,,-11.3686393358,19.707755601027888,,,,,,,,,12.2303847132,5.47755883982,4.31309694866,7.64086721229,,0.715217108703,2.42976430433,8.52487652549,,,,,-12.1771067695,-8.40867419705,,,,,-7.91901038746,,,,-6.20576784276,,,,,4.16816676397,,7.23771340644,,,,,-5.79076982879,-5.80120201569
BLOO22,"GPX1",ENSG00000233276,39.247652,,9.66884844932,,-11.3465536387,19.76877854101237,,,,,,,,,11.9229161268,5.0511582343,3.84283720966,7.11784983432,,0.412949742837,1.90826174224,8.15771547247,,,,,-12.0883901994,-8.64278244227,,,,,-8.29277713075,,,,-6.30025536492,,,,,3.7589416296,,7.07954607996,,,,,-6.10003891964,-6.12350381565
BLOO23,"GPX1",ENSG00000233276,22.110564,,7.11839336686,,-8.06878754811,15.241051642506653,,,,,,,,,8.42775429802,3.03656901144,2.72440378712,4.64631689794,,-0.0355802258886,0.869015240782,5.7437353552,,,,,-8.38759174012,-6.23105490739,,,,,-6.08473172701,,,,-4.95249577908,,,,,2.33281841777,,6.52501390371,,,,,-4.76082081591,-4.85391877851
BLOO26,"GPX1",ENSG00000233276,12.953232,,2.07560283163,,-3.09650091503,0.6894828012576633,,,,,,,,,6.25426548651,7.37733902328,5.89355587337,6.45888858262,,5.36432764545,6.92001209253,6.31768591917,,,,,-0.484027914639,0.169082762632,,,,,3.69853991186,,,,1.2137613335,,,,,5.64140659018,,2.24183951729,,,,,1.71408376807,1.34031479092
BLOO27,"GPX1",ENSG00000233276,13.319764,,2.51981527187,,-3.28382122325,1.727334221480115,,,,,,,,,6.80763494086,7.35431270778,5.97704583447,6.43341462314,,5.3914071411,6.75348614457,6.73279773232,,,,,-0.58909045542,-0.59021193866,,,,,3.00641044458,,,,0.297412220628,,,,,5.54007192085,,2.77567519267,,,,,0.870552687232,0.558547992174
BLOO31,"GPX1",ENSG00000233276,5.294453,,1.90514614784,,-0.0377076748453,1.193045202548748,,,,,,,,,2.88014293617,4.85902237948,4.60451263709,4.44425339694,,3.47841115059,4.00607810858,3.69373153456,,,,,1.93694034237,2.37404681254,,,,,3.84018268066,,,,2.63189299697,,,,,4.80253494781,,3.36018428093,,,,,3.13927307424,2.69540108444
BLOO35,"GPX1",ENSG00000233276,8.970819,,-2.93724809872,,-3.21559680163,4.497899872571956,,,,,,,,,2.55274443846,-0.833575182238,-1.07371392591,-1.43498544354,,0.571345586597,-0.608643207743,1.95283938083,,,,,-3.67188181257,-4.42281348203,,,,,-3.24623494047,,,,-4.88512663149,,,,,-2.55756935157,,0.691828248738,,,,,-5.41492728626,-5.58140490897
BLOO36,"GPX1",ENSG00000233276,49.752125,,9.52252885602,,-11.5670833139,18.983612445098135,,,,,,,,,12.6754269965,6.23839152743,4.69677340195,8.21037784562,,1.45001440445,3.15211153127,9.03139917092,,,,,-12.0413937333,-8.58927465402,,,,,-7.60196945745,,,,-5.90659968292,,,,,4.69651914453,,6.40794963725,,,,,-5.56479624754,-5.58096061227
BODY06B,"GPX1",ENSG00000233276,9.538667,,1.12186758877,,-4.59311820865,4.34417162930104,,,,,,,,,5.04664073008,2.77305240209,1.01249484337,1.29654171867,,2.73110368442,2.35260962195,3.92894666945,,,,,-1.68295936831,-2.89408702192,,,,,-2.24433051345,,,,-2.63216020363,,,,,1.08808434445,,0.964872096763,,,,,-3.09715045526,-3.66082178056
BODY06,"GPX1",ENSG00000233276,9.107772,,1.15606169562,,-4.46783773116,4.294770303397599,,,,,,,,,5.05851415663,2.82260611089,1.14827211561,1.46455472206,,2.8049493561,2.43566441397,3.99210042607,,,,,-1.4810606904,-2.77132151303,,,,,-1.9947638174,,,,-2.59514173058,,,,,1.23476977305,,1.10538635741,,,,,-2.89073163626,-3.4804639941
BODY07B,"GPX1",ENSG00000233276,10.308353,,1.15025867663,,-4.7229101238,4.441493098399316,,,,,,,,,5.20320974628,2.89833266119,1.09534657283,1.35337826113,,2.91174937265,2.52960760795,4.06989171199,,,,,-1.58419469177,-2.92618062256,,,,,-2.13684111243,,,,-2.60146650252,,,,,1.2191464339,,1.13474970163,,,,,-3.10390873115,-3.70692044337
BODY07,"GPX1",ENSG00000233276,8.872604,,1.18836745359,,-4.6086003502,4.39347347056264,,,,,,,,,5.22302615702,2.96691899799,1.23873966188,1.51488879569,,3.00233549818,2.62588932175,4.13631318379,,,,,-1.37195019867,-2.80734411121,,,,,-1.87630045772,,,,-2.55890283748,,,,,1.37345489076,,1.28497940948,,,,,-2.9052327335,-3.53769089871
BODY08B,"GPX1",ENSG00000233276,17.189156,,0.731737431338,,-6.09652704209,5.388495708705331,,,,,,,,,7.06750410522,4.77344980959,1.78870117534,1.65552511775,,5.34279043687,4.49915314413,6.09839280707,,,,,-1.06079945276,-3.70733178176,,,,,-1.78469715561,,,,-3.02723915008,,,,,1.92586745462,,0.93621930158,,,,,-4.09138134535,-4.98012720736
BODY08F,"GPX1",ENSG00000233276,12.549582,,2.12952392089,,-5.47671747308,5.1957227181473655,,,,,,,,,6.14257843404,3.65026605363,1.3631371051,2.00036877154,,4.02633894514,3.6525963082,5.22130101368,,,,,-1.54832804725,-2.87250792509,,,,,-1.83131955157,,,,-2.83157103265,,,,,1.90991565336,,1.77211229156,,,,,-3.22885738516,-3.94649560552
BODY08M,"GPX1",ENSG00000233276,8.107827,,-0.816784294887,,-3.6933473857,2.963081517250933,,,,,,,,,4.46013179771,3.43695256711,1.29393357616,0.565157327491,,3.90115691953,3.06156828848,3.91750768598,,,,,-0.131663761156,-2.63888671021,,,,,-0.887901936063,,,,-1.74173455246,,,,,1.01417314399,,-0.229486739869,,,,,-2.8632435943,-3.47121521242
BODY08,"GPX1",ENSG00000233276,17.635918,,1.04791299623,,-6.40246883522,5.683816269976688,,,,,,,,,7.28127541708,4.75518654709,1.76316393346,1.83441314471,,5.31475566614,4.55486937786,6.25232420136,,,,,-1.38411753999,-3.75020493651,,,,,-1.95832122492,,,,-3.2292407403,,,,,2.00972685709,,1.19665228675,,,,,-4.15699503161,-5.05022661918
COAD03,"GPX1",ENSG00000233276,7.817728,,0.652479647117,,-4.03240702335,4.619322092071928,,,,,,,,,4.32243033261,2.28171489705,1.20726010171,1.2171208787,,3.2487849942,2.11312786063,4.07599411842,,,,,-0.61596476174,-3.4212994167,,,,,-1.29946346503,,,,-2.08894306753,,,,,0.941622951022,,2.1736070572,,,,,-3.43943267924,-4.12307684532
CROH01,"GPX1",ENSG00000233276,15.394867,,1.52810007402,,6.92841342123,-6.630251863138602,,,,,,,,,-5.15992266919,-1.14625082364,-0.473075011483,0.151438614295,,-0.913127990249,-0.205702872488,-3.41899169264,,,,,4.06193938972,6.62969171704,,,,,4.53676123823,,,,5.22614419039,,,,,1.46496549903,,0.734738868639,,,,,6.53226212256,6.90505613053
DEPR05,"GPX1",ENSG00000233276,5.876671,,1.66364971006,,-3.36941396235,2.9462401369708013,,,,,,,,,4.55705905119,3.47762521198,2.51847130965,2.79168007731,,3.8007431763,2.86911700994,4.29467085749,,,,,-0.834287724727,-2.25353706896,,,,,-0.121771340116,,,,-1.6635641363,,,,,2.15579651747,,0.774307720884,,,,,-1.18084918989,-1.73465171604
EDUC01F,"GPX1",ENSG00000233276,18.761879,,1.49314085786,,6.24940900771,-6.128796403345863,,,,,,,,,-6.91932069718,-4.04461316504,-3.25959362305,-2.3780122784,,-4.78303557893,-3.42666629856,-6.24940455163,,,,,1.76489377915,4.81825975423,,,,,0.743722452521,,,,4.37879802145,,,,,-1.50970366591,,-0.859961723565,,,,,4.40173120896,5.17584687289
EDUC01M,"GPX1",ENSG00000233276,12.673193,,0.192083971361,,5.42517285032,-4.469512831831356,,,,,,,,,-6.35322184203,-4.46880417536,-3.44709196761,-3.46393216307,,-4.88281079086,-4.68155823661,-5.69782063626,,,,,2.68265080354,4.12796924766,,,,,0.430595750446,,,,1.93883330148,,,,,-2.5034834826,,0.603638299415,,,,,2.96357567224,3.39815046383
EDUC01,"GPX1",ENSG00000233276,26.319828,,1.23419959273,,8.20997653642,-7.319574888247122,,,,,,,,,-9.24806858391,-5.94802860869,-4.59325339169,-4.08905931734,,-6.78598321395,-5.64061296548,-8.32940576366,,,,,2.93784537104,6.15883829385,,,,,0.706614916729,,,,4.33439871466,,,,,-2.87443914243,,-0.22260945664,,,,,5.05828169228,5.90297295263
EDUC02,"GPX1",ENSG00000233276,16.860310,,2.03535151144,,5.28458070247,-5.288589451499456,,,,,,,,,-6.53763919374,-3.64507210558,-3.04463715368,-2.69866652173,,-4.41391922356,-3.64225378541,-5.87188568374,,,,,1.53596575098,4.88375367043,,,,,0.2559613796,,,,2.86385088932,,,,,-1.62984420154,,0.425312677328,,,,,3.8921245241,4.62773485835
EDUC03,"GPX1",ENSG00000233276,46.513768,,2.07806452132,,9.31259428384,-11.09977169429752,,,,,,,,,-14.5625528822,-10.2881021878,-7.38108620276,-6.79995331473,,-10.1922696519,-9.58135794207,-13.3841580412,,,,,3.53735654552,7.13149741186,,,,,0.429482696955,,,,4.64592895785,,,,,-5.36312100029,,-0.835607517188,,,,,6.5797263172,7.90867037359
EDUC04,"GPX1",ENSG00000233276,7.384208,,-0.980073043561,,5.39965677582,-5.547404941377881,,,,,,,,,-5.66119874008,-4.62721432911,-3.52862350595,-3.18499517267,,-4.781677808,-3.96881417909,-5.22498434965,,,,,0.0585657688709,2.7965935005,,,,,1.64491012435,,,,1.96611589257,,,,,-2.86665693339,,-1.62897234667,,,,,2.0889736696,2.45034600436
FATM02B,"GPX1",ENSG00000233276,6.795609,,0.49916341406,,-4.45080145086,4.631702526625071,,,,,,,,,3.69656004084,0.511497852383,-1.0264166069,-0.370792647857,,0.731560738516,0.254288116505,2.35988205162,,,,,-3.46950585399,-3.85477982456,,,,,-3.85439876868,,,,-3.83361165738,,,,,-1.14414282553,,0.109026871182,,,,,-4.4740601347,-4.63777747155
FATM02,"GPX1",ENSG00000233276,7.634456,,0.472032480241,,-4.36569444637,4.5809708173766035,,,,,,,,,3.71296863265,0.621048515252,-0.879442642691,-0.260845444917,,0.803115915354,0.339307303094,2.41243013999,,,,,-3.21625556586,-3.75784451486,,,,,-3.61589178981,,,,-3.8217516983,,,,,-1.00100678811,,0.0867436729963,,,,,-4.31001447065,-4.50728822669
FATM03B,"GPX1",ENSG00000233276,7.371141,,0.447564917115,,-4.57238958322,4.698139565694145,,,,,,,,,3.81330012311,0.613297804199,-0.968850123897,-0.376240547256,,0.869162866805,0.388869997664,2.45584395307,,,,,-3.40541786788,-3.88759559129,,,,,-3.77337424934,,,,-3.81260145036,,,,,-1.09503176146,,0.201914772972,,,,,-4.52261250111,-4.72195181357
FATM03,"GPX1",ENSG00000233276,7.706969,,0.410742883851,,-4.49889125994,4.63931095518767,,,,,,,,,3.83041216238,0.734165900629,-0.821452121324,-0.282363108196,,0.94932775787,0.481680088447,2.50324388616,,,,,-3.14995240733,-3.79042235268,,,,,-3.52580586953,,,,-3.79492078893,,,,,-0.9561003461,,0.173365612536,,,,,-4.37104582686,-4.60698284307
FATM04B,"GPX1",ENSG00000233276,11.403513,,-0.296348571431,,-5.55364895624,5.4884534142957575,,,,,,,,,5.07419740786,1.82806748931,-0.896097470038,-0.482390654378,,2.59555101202,1.6371766756,3.80783011838,,,,,-2.87826914489,-4.66455299811,,,,,-3.73750073153,,,,-4.22095039902,,,,,-0.999989206761,,-0.510489231268,,,,,-5.46235389651,-5.88905479814
FATM04F,"GPX1",ENSG00000233276,10.023833,,1.20247238186,,-4.91672301861,4.864412134429867,,,,,,,,,4.55209098947,1.70369542396,-0.407572680217,0.382963072889,,2.2357784128,1.66049561884,3.51273194811,,,,,-2.28392513867,-3.40384508821,,,,,-2.9133093939,,,,-3.44821352016,,,,,0.00362848922925,,0.227962277439,,,,,-3.92160879564,-4.37904185854
FATM04M,"GPX1",ENSG00000233276,5.790565,,-1.43601696065,,-3.47282355829,3.4304435170459353,,,,,,,,,3.12332685325,1.06831773924,-0.8897553794,-0.99261068097,,1.67797396157,0.845315134896,2.26241439811,,,,,-2.02705954304,-3.53815014515,,,,,-2.67693733261,,,,-2.89047976089,,,,,-1.38447023277,,-0.90002306884,,,,,-4.19888896767,-4.39778981507
FATM04,"GPX1",ENSG00000233276,12.093821,,-0.030295659158,,-5.74550630728,5.65056639218105,,,,,,,,,5.18507816533,1.81243860496,-0.932873832604,-0.384748086322,,2.55647055606,1.65366472523,3.87764987626,,,,,-3.00319056962,-4.6556094803,,,,,-3.85101787697,,,,-4.34796470513,,,,,-0.911795414568,,-0.397871006023,,,,,-5.46356152425,-5.9014824353
HEAL01,"GPX1",ENSG00000233276,8.560178,,-0.00205367316689,,3.28024200186,-3.38939829419875,,,,,,,,,-5.45335124538,-4.54477276525,-2.84709608415,-3.33696487113,,-4.48840301362,-4.43629154809,-5.09457666008,,,,,1.25593281905,1.67630142159,,,,,-0.494682460154,,,,1.04361441915,,,,,-2.62630111759,,0.313753951976,,,,,1.36636771675,1.71151828208
INCO01,"GPX1",ENSG00000233276,6.209096,,0.362884817001,,3.37571863412,-3.6196320072922803,,,,,,,,,-4.39088288214,-2.08328111385,-1.84801509213,-1.60896955231,,-3.07958840202,-1.60146294483,-4.01899185377,,,,,0.9742126345,3.32737288265,,,,,1.2044201809,,,,2.99158913743,,,,,-0.561768180834,,-0.122849887072,,,,,2.82344981239,3.26337798938
INCO02,"GPX1",ENSG00000233276,6.091365,,0.392250710708,,2.75606037742,-3.4713326253691745,,,,,,,,,-4.39047612636,-2.09604534999,-2.29549712986,-1.94948210887,,-3.2933813844,-1.83375262546,-4.14658747447,,,,,0.804392762969,3.10791398147,,,,,0.711219091674,,,,2.71235739542,,,,,-0.807161071554,,-0.0165462652459,,,,,2.49445696198,2.85913503635
INFB01,"GPX1",ENSG00000233276,18.224062,,0.91073387396,,8.68509803939,-7.500889199159015,,,,,,,,,-7.80599549539,-3.55302067631,-2.91657336166,-2.39519354209,,-2.45599159528,-2.23515396357,-5.67584006923,,,,,3.75414992224,6.90931179651,,,,,3.087034452,,,,5.16067537222,,,,,-0.673121031976,,-0.497623566633,,,,,5.7983851944,6.53797739965
LONG03,"GPX1",ENSG00000233276,5.792770,,-3.86539002832,,1.98842090283,-3.019557222204294,,,,,,,,,-4.83696992189,-4.44957914048,-4.27653915448,-4.30410390723,,-4.48272276462,-4.05086020083,-5.0484690246,,,,,-0.360911149139,0.613369172312,,,,,-0.790389836338,,,,-0.126649826109,,,,,-3.87859527456,,-4.04866278247,,,,,-0.332875270658,0.153484991219
MENA01F,"GPX1",ENSG00000233276,10.709009,,3.14404885382,,-4.08936047908,4.434824963972663,,,,,,,,,5.93562077492,5.76615710204,4.01962585375,6.28491858351,,4.93609073666,6.30101375634,5.70873692397,,,,,2.42778345397,-1.1361954577,,,,,1.61933765816,,,,0.640574819672,,,,,4.38842625678,,2.07333906833,,,,,1.48994348006,1.20393773828
MENA02F,"GPX1",ENSG00000233276,21.067257,,2.14548195268,,-3.39456601208,2.377132943550477,,,,,,,,,7.63809137345,8.29619601748,6.50358101332,8.32473249507,,7.51639597938,8.19856976239,7.96225127835,,,,,-0.251907238901,0.116309452895,,,,,4.62110819629,,,,2.02418104061,,,,,6.44559651856,,0.0174955378813,,,,,2.94430449142,2.33438955544
OSTE04,"GPX1",ENSG00000233276,8.707257,,-1.22771755931,,-2.10501905146,3.3180746559581333,,,,,,,,,-0.691879742084,-4.17521496765,-4.90648522229,-4.82192358839,,-3.29179469531,-4.03287637929,-2.21582373258,,,,,-3.80544197656,-3.86893276237,,,,,-6.10039514437,,,,-4.86590950183,,,,,-5.1788102861,,-1.85890554245,,,,,-5.76355984858,-5.56239715355
PRSC01,"GPX1",ENSG00000233276,19.821887,,-0.849519670055,,8.39911365271,-5.8995400779465985,,,,,,,,,-8.81576100434,-6.61059579695,-6.70110368036,-5.97788224658,,-4.77308428276,-5.52628049359,-7.82074158572,,,,,2.85647875744,4.51748864258,,,,,-1.3564850699,,,,1.80165917626,,,,,-4.61543893824,,-1.97377162079,,,,,1.66391790342,2.62730386171
REPR01F,"GPX1",ENSG00000233276,4.910660,,-1.84109196626,,3.50167616995,-4.317101957315257,,,,,,,,,-4.75972624705,-5.24045501449,-2.93917863955,-2.93006742423,,-4.82631135983,-4.07747925651,-4.45414490213,,,,,-1.64542245946,1.32515944792,,,,,0.59910944009,,,,0.483910511834,,,,,-2.7773944117,,-0.172037948795,,,,,0.55025451426,1.44877797629
REPR01,"GPX1",ENSG00000233276,6.963251,,-1.58265596731,,4.6846749863,-5.425571176554797,,,,,,,,,-5.67958203142,-5.27810946301,-2.66405938212,-2.85369869614,,-5.16855664008,-4.4128382716,-5.23105528102,,,,,-1.26725203084,2.37203094634,,,,,1.68812481331,,,,1.72379725534,,,,,-2.5755359294,,-0.0272788312401,,,,,1.57600349261,2.59550857385
ULCC01,"GPX1",ENSG00000233276,13.280868,,-0.34502168068,,6.39695776116,-5.25043103137802,,,,,,,,,-6.9282486509,-4.33654613743,-3.38775509738,-3.47918294579,,-2.87308619224,-2.93388186691,-5.27078561531,,,,,2.11800608807,4.21552493979,,,,,0.872577956697,,,,3.06136334033,,,,,-2.0820047889,,-1.46561520174,,,,,2.96765850127,3.64527283219
