code,target,ENSEMBL,association,Adipose_Subcutaneous,Adipose_Visceral_Omentum,Breast_Mammary_Tissue,Muscle_Skeletal,DGN_Whole_Blood,Whole_Blood,Artery_Aorta,Artery_Coronary,Artery_Tibial,Heart_Atrial_Appendage,Heart_Left_Ventricle,Spleen,Brain_Amygdala,Brain_Anterior_cingulate_cortex_BA24,Brain_Caudate_basal_ganglia,Brain_Nucleus_accumbens_basal_ganglia,Brain_Putamen_basal_ganglia,Brain_Cerebellar_Hemisphere,Brain_Cerebellum,Brain_Cortex,Brain_Frontal_Cortex_BA9,Brain_Hippocampus,Brain_Hypothalamus,Brain_Spinal_cord_cervical_c-1,Brain_Substantia_nigra,Nerve_Tibial,Cells_Transformed_fibroblasts,Cells_EBV-transformed_lymphocytes,Colon_Sigmoid,Colon_Transverse,Esophagus_Gastroesophageal_Junction,Esophagus_Mucosa,Esophagus_Muscularis,Liver,Minor_Salivary_Gland,Small_Intestine_Terminal_Ileum,Stomach,Adrenal_Gland,Pituitary,Pancreas,Thyroid,Lung,Ovary,Prostate,Testis,Uterus,Vagina,Skin_Not_Sun_Exposed_Suprapubic,Skin_Sun_Exposed_Lower_leg
BLOO06,"PCDHA7",ENSG00000204963,7.947768,2.94716056516,2.21335056417,2.78556438112,,,,2.99968477978,,,,,,,3.98787310099,,,3.41365599985,1.94183600484,,-0.367114331441,,2.59174022101,1.9073267476,2.07959988354,,3.67457438638,2.46904392878,,,2.97476245417,2.55951357284,,,,,,0.144518212263,,,,1.56031965486,3.42054366753,,,-0.301734891186,,,,-0.36092505557
BLOO09,"PCDHA7",ENSG00000204963,9.624099,2.82326471588,2.07470350409,2.61452447284,,,,2.73269154118,,,,,,,3.88430568845,,,3.30426831034,1.98058849443,,-0.46708744424,,2.43144282548,1.86856718539,2.00740318493,,3.61239008562,2.30789513436,,,2.98221851168,2.56068910307,,,,,,0.188884765367,,,,1.68821452087,3.34367908276,,,-0.351494443866,,,,-0.63599838821
BLOO10,"PCDHA7",ENSG00000204963,8.497587,2.81734984294,2.04337271876,2.59308961569,,,,2.6174544379,,,,,,,3.79613925903,,,3.26537690472,1.84583866138,,-0.534909749065,,2.41227725242,1.78360601082,1.96855294723,,3.44591300647,2.20391226098,,,2.87203061505,2.47184350799,,,,,,0.115307657555,,,,1.56648958163,3.24061078927,,,-0.532583691836,,,,-0.614314782887
BLOO12,"PCDHA7",ENSG00000204963,6.560857,2.61891510981,1.73143916569,2.09374413685,,,,2.67215261493,,,,,,,3.81480614607,,,3.05774729659,1.52989223295,,0.385368732427,,2.56351632182,1.97578198479,2.19255021838,,3.17788235509,2.50791189234,,,2.50167432426,2.19392806668,,,,,,-0.102784376663,,,,1.35014901513,2.96042687642,,,-0.553097346498,,,,-0.689062023464
BLOO13,"PCDHA7",ENSG00000204963,8.170812,2.43457653264,2.62795656283,2.87150649529,,,,3.41416480835,,,,,,,4.17239092663,,,3.37876714714,2.75127726977,,0.876026797533,,3.10709601672,1.69255284014,2.23941959606,,3.93220437641,2.0623114272,,,2.95601119435,2.70582115979,,,,,,0.102320220871,,,,2.28018736756,3.50476184625,,,-0.0364789355552,,,,2.78041316224
BLOO30,"PCDHA7",ENSG00000204963,8.639293,2.39349183587,2.52917111614,2.86461737891,,,,3.36968780696,,,,,,,4.19714632438,,,3.37348249486,2.76199222055,,0.641687014142,,3.12725827108,1.6301162017,2.27406537724,,3.96455408947,1.83513348671,,,3.00183397427,2.75072722911,,,,,,0.225458556208,,,,2.35617803803,3.54147661703,,,-0.0303404190394,,,,2.82627731895
DEPR01,"PCDHA7",ENSG00000204963,6.232644,-1.48034858999,-3.69444928677,-4.11918678462,,,,-2.86948835905,,,,,,,-3.80356932646,,,-3.29652066877,-2.60271064154,,-1.40442212441,,-2.33625678874,-1.92826291098,-2.5074529787,,-3.73125095306,-2.21587193408,,,-4.48115611588,-4.58632886791,,,,,,-2.15114822462,,,,-1.55564628374,-3.95410557541,,,-0.216785747918,,,,-4.55871575598
SCHI01,"PCDHA7",ENSG00000204963,6.859712,3.56291722486,4.78759470279,4.23588071864,,,,4.38350823989,,,,,,,3.76015490407,,,2.91407205502,3.67244524171,,3.35923068603,,4.0300603207,0.708519030334,2.76325417834,,4.23934202788,-0.868945124089,,,4.89239433609,4.73010970921,,,,,,1.28124894204,,,,1.46872468811,4.42549434929,,,3.35627080335,,,,4.39178327745
SCHI02,"PCDHA7",ENSG00000204963,7.714083,3.52788080073,4.69491044484,4.26609340545,,,,4.3245863417,,,,,,,4.12453065532,,,3.17289941914,3.61722649994,,3.47515092824,,4.35327194688,0.831176739505,2.7332984542,,4.15398038977,-0.921811372275,,,4.84860260873,4.72469467526,,,,,,1.28228883657,,,,1.5163498493,4.31332718372,,,3.46830914076,,,,4.36340026573
