code,target,ENSEMBL,association,Adipose_Subcutaneous,Adipose_Visceral_Omentum,Breast_Mammary_Tissue,Muscle_Skeletal,DGN_Whole_Blood,Whole_Blood,Artery_Aorta,Artery_Coronary,Artery_Tibial,Heart_Atrial_Appendage,Heart_Left_Ventricle,Spleen,Brain_Amygdala,Brain_Anterior_cingulate_cortex_BA24,Brain_Caudate_basal_ganglia,Brain_Nucleus_accumbens_basal_ganglia,Brain_Putamen_basal_ganglia,Brain_Cerebellar_Hemisphere,Brain_Cerebellum,Brain_Cortex,Brain_Frontal_Cortex_BA9,Brain_Hippocampus,Brain_Hypothalamus,Brain_Spinal_cord_cervical_c-1,Brain_Substantia_nigra,Nerve_Tibial,Cells_Transformed_fibroblasts,Cells_EBV-transformed_lymphocytes,Colon_Sigmoid,Colon_Transverse,Esophagus_Gastroesophageal_Junction,Esophagus_Mucosa,Esophagus_Muscularis,Liver,Minor_Salivary_Gland,Small_Intestine_Terminal_Ileum,Stomach,Adrenal_Gland,Pituitary,Pancreas,Thyroid,Lung,Ovary,Prostate,Testis,Uterus,Vagina,Skin_Not_Sun_Exposed_Suprapubic,Skin_Sun_Exposed_Lower_leg
BLOO01,"TRIM8",ENSG00000171206,6.130680,,,5.13350751883,,3.688445309372178,3.89909212737,,,,,,,,3.82562375466,,,,2.21663628005,,,,,,,3.98982036353,,,,,,2.6429393629,3.92801028531,-0.756266154849,3.28582477878,,,,,-0.0547771407687,-0.796630451727,,3.92693892045,,,,,,3.96325468616,3.72805417439
BLOO04,"TRIM8",ENSG00000171206,14.552935,,,-0.162861745873,,-6.673082771405846,-2.59528287076,,,,,,,,-0.0351164656316,,,,-0.195436824217,,,,,,,-2.82712314475,,,,,,-4.57946074351,-2.96117748583,-4.38741003405,-5.92874089942,,,,,-1.85675575385,7.38450369909,,-2.40533509005,,,,,,0.182973453225,-3.35216846042
BLOO05,"TRIM8",ENSG00000171206,6.248652,,,3.42252406149,,3.2462190829314297,3.79865587107,,,,,,,,2.57890629472,,,,2.40103128201,,,,,,,3.27003133419,,,,,,3.45599972638,3.24054952687,-1.43360575878,1.83797088853,,,,,-0.244547864226,-2.98758274184,,3.80035480571,,,,,,1.7352521979,2.97798974395
BLOO06,"TRIM8",ENSG00000171206,6.265648,,,3.81409386922,,3.7239939972489227,3.67471086154,,,,,,,,3.13155759584,,,,2.23259674674,,,,,,,2.71662999848,,,,,,2.53786742489,4.63909199471,1.54292537929,2.9677994955,,,,,-0.0364985187725,-2.55777566139,,3.41086032041,,,,,,2.84383521495,3.31691626261
BLOO07,"TRIM8",ENSG00000171206,5.701715,,,3.24082992038,,2.8065208349888695,3.22150268856,,,,,,,,3.32934511501,,,,1.05886178582,,,,,,,2.16722694748,,,,,,2.33577895572,3.33296604144,-0.837291722887,2.78284304802,,,,,2.69311403878,0.179434291453,,3.17470791869,,,,,,2.67473876031,2.85525624992
BLOO08,"TRIM8",ENSG00000171206,8.196837,,,3.63796833217,,3.5060649419300782,4.89777872945,,,,,,,,4.67328161412,,,,1.84310454223,,,,,,,3.20263140012,,,,,,0.294066981668,4.66853541255,0.276927968854,3.85162597454,,,,,-0.855128315109,-0.685421443941,,4.96959749531,,,,,,4.04513820028,4.22680406638
BLOO09,"TRIM8",ENSG00000171206,6.944583,,,4.20526792174,,3.8402448277392196,3.91678346509,,,,,,,,3.44278346715,,,,2.4021140854,,,,,,,2.86186836073,,,,,,2.72776238701,4.81039217698,1.35391472552,3.04834594677,,,,,0.137822511357,-2.42539630932,,3.69899948878,,,,,,3.01067289033,3.44941352836
BLOO10,"TRIM8",ENSG00000171206,7.460874,,,4.37280479954,,3.9862597765631502,4.16930272566,,,,,,,,3.59296425119,,,,2.59274407374,,,,,,,3.16279648283,,,,,,2.83087960869,4.94582764379,1.08778917964,3.10069103644,,,,,0.0226311023806,-2.58588952462,,3.98888167861,,,,,,3.12040830599,3.64205099914
BLOO12,"TRIM8",ENSG00000171206,7.195411,,,4.68648514234,,4.465408863620316,4.61371281483,,,,,,,,3.85789545442,,,,2.68914827958,,,,,,,3.39026429208,,,,,,2.54401622244,5.41995079101,0.722861775672,3.65065308051,,,,,-0.320955733944,-3.1378755931,,4.62538850124,,,,,,3.35520218619,4.05076230761
BLOO13,"TRIM8",ENSG00000171206,5.835647,,,3.88050836214,,3.738319845807201,3.72045203941,,,,,,,,3.15383277487,,,,2.26075001095,,,,,,,2.75361915973,,,,,,2.51022232911,4.62021011295,1.5848960358,2.89906654125,,,,,-0.163352519642,-2.56590707816,,3.48424258318,,,,,,2.84849976687,3.32069746772
BLOO16,"TRIM8",ENSG00000171206,8.294342,,,3.79028366208,,3.079462974411594,4.01718942922,,,,,,,,4.17719004223,,,,1.52563332786,,,,,,,2.69051832775,,,,,,2.28081564317,3.88851312346,-1.09281012398,3.41203963425,,,,,2.50931298294,0.226856184038,,4.02004882817,,,,,,3.23840313414,3.54514010098
BLOO21,"TRIM8",ENSG00000171206,14.197144,,,-0.979251193377,,-7.0927552006284555,-2.92693273208,,,,,,,,-0.573049865407,,,,-0.292507178239,,,,,,,-3.11672886154,,,,,,-4.93144044814,-3.55263337214,-3.25646745134,-5.88260929637,,,,,-2.39449122092,6.99113306026,,-2.55806800426,,,,,,-0.385658938738,-3.30767552408
BLOO22,"TRIM8",ENSG00000171206,12.190730,,,-0.513683682738,,-6.632098092440708,-2.5064103802,,,,,,,,-0.168171305252,,,,-0.30919821265,,,,,,,-2.59514528094,,,,,,-4.31916076694,-3.15495251376,-3.08434743565,-5.48167082831,,,,,-2.15490186867,6.73596368624,,-2.26160830937,,,,,,0.0639724861493,-2.84709446239
BLOO26,"TRIM8",ENSG00000171206,17.071077,,,-5.03867693051,,-7.708882055463919,-6.24160199534,,,,,,,,-4.43830501975,,,,-1.10961263102,,,,,,,-5.938991793,,,,,,-6.42220892112,-6.31401165556,-1.50070485613,-6.76515184238,,,,,-4.505407003,5.16794050965,,-5.44112844051,,,,,,-3.92432151377,-6.0956246842
BLOO27,"TRIM8",ENSG00000171206,13.805902,,,-4.09682348694,,-7.2570150988558515,-5.57968652033,,,,,,,,-4.86283586482,,,,-0.918569317415,,,,,,,-5.51152187165,,,,,,-5.65704268678,-6.01341073678,-1.41594412937,-6.43606451314,,,,,-4.89880758451,4.61116136004,,-4.59157772237,,,,,,-3.85346742351,-5.45453877921
BLOO30,"TRIM8",ENSG00000171206,6.847773,,,4.09605540345,,3.84706250800751,3.82102788209,,,,,,,,3.37353683488,,,,2.39482318288,,,,,,,2.79832234912,,,,,,2.70775081379,4.75670838321,1.28977874386,3.06333631647,,,,,0.181522621999,-2.40811440379,,3.59338235588,,,,,,2.91683256793,3.39847440365
BLOO33,"TRIM8",ENSG00000171206,5.814175,,,5.18927029289,,4.162448538566124,4.04925146071,,,,,,,,4.20173374239,,,,1.33771705109,,,,,,,3.75343864497,,,,,,3.34680761258,4.09651441849,-1.2979370294,3.94549625495,,,,,0.433845738999,-1.34044077544,,3.98823155561,,,,,,3.81747621353,3.96848178224
BLOO36,"TRIM8",ENSG00000171206,15.377454,,,-0.859405656299,,-7.677435450411678,-3.28482889318,,,,,,,,-0.553339564178,,,,-0.102566440117,,,,,,,-3.66658787547,,,,,,-5.56463045656,-3.63184327719,-4.73126295259,-6.54636957418,,,,,-2.18248611886,7.95149903365,,-2.89886812246,,,,,,-0.469606696655,-4.07356574812
BODY03,"TRIM8",ENSG00000171206,8.784072,,,-2.69315700005,,-0.973892775306822,-2.86990323809,,,,,,,,-2.21272507189,,,,-0.588519631452,,,,,,,-1.30083047873,,,,,,-1.14484761613,-2.86461562704,0.811557896554,-1.34863458817,,,,,-3.656142894,-0.967461103487,,-2.96509393389,,,,,,-2.79124544248,-2.20869252792
BODY04F,"TRIM8",ENSG00000171206,6.383262,,,-1.86342422959,,-1.0723235435984504,-2.72687947115,,,,,,,,-1.95110357022,,,,-0.553818178391,,,,,,,-1.37573942547,,,,,,-2.00008368266,-2.95460525407,-0.16699508102,-1.63285256151,,,,,-4.86009560683,0.0375231263268,,-2.6928095518,,,,,,-2.373248512,-1.89174978567
BODY04,"TRIM8",ENSG00000171206,9.732031,,,-2.62053032728,,-1.1315581222983446,-3.13552722168,,,,,,,,-2.28410337553,,,,-0.629024986816,,,,,,,-1.4174907398,,,,,,-1.25137248428,-3.11342840005,0.61190512733,-1.54664501226,,,,,-3.90908465083,-0.840967815203,,-3.24409707835,,,,,,-3.04743783993,-2.4145557287
BODY06B,"TRIM8",ENSG00000171206,8.591421,,,-3.17253746583,,-1.6599353114076134,-2.99702008293,,,,,,,,-2.0147677239,,,,1.49723064214,,,,,,,-1.59059741299,,,,,,-2.55544010797,-2.85893857602,-2.30498479284,-1.14879701875,,,,,-2.575768624,1.26558101547,,-2.61288878345,,,,,,-4.03743820915,-2.23065787983
BODY06M,"TRIM8",ENSG00000171206,11.178716,,,-2.78332424663,,-1.59616825678729,-3.10341489938,,,,,,,,-2.56398714237,,,,0.717210837046,,,,,,,-1.29390129373,,,,,,-1.24658188382,-2.78616522249,-1.18382645037,-0.879459271221,,,,,-2.06947065096,1.48435998871,,-2.80572243143,,,,,,-3.34331190807,-1.92415160339
BODY06,"TRIM8",ENSG00000171206,6.944966,,,-2.91009972965,,-1.5980588431497043,-2.69933751759,,,,,,,,-1.65884041463,,,,1.69821527776,,,,,,,-1.49901073539,,,,,,-2.76050987505,-2.66098632046,-2.39295938351,-1.11088384501,,,,,-2.4257718504,1.19761998751,,-2.30309897115,,,,,,-3.82718950019,-2.118227368
BODY07B,"TRIM8",ENSG00000171206,9.407679,,,-3.11869847523,,-1.4411166499221704,-2.84659561154,,,,,,,,-1.91963448632,,,,1.5501697363,,,,,,,-1.39395656868,,,,,,-2.35774562359,-2.70410121531,-2.19696376494,-0.963999626657,,,,,-2.61659063437,1.14744502276,,-2.49801700947,,,,,,-3.89155241525,-2.03304731259
BODY07M,"TRIM8",ENSG00000171206,11.644606,,,-2.75987249106,,-1.5882802686802628,-3.08758299994,,,,,,,,-2.52958874814,,,,0.736715966923,,,,,,,-1.32308174286,,,,,,-1.23197468256,-2.78861707328,-1.24006933866,-0.880985269503,,,,,-2.13851475308,1.50949877749,,-2.77817524284,,,,,,-3.32425795483,-1.93038994513
BODY07,"TRIM8",ENSG00000171206,7.565559,,,-2.84832821681,,-1.3484583264297376,-2.52918985088,,,,,,,,-1.55601617638,,,,1.75825966951,,,,,,,-1.26470818428,,,,,,-2.52022046661,-2.47859249206,-2.25932890351,-0.895908266934,,,,,-2.45677250612,1.06199264636,,-2.17485789513,,,,,,-3.66059011849,-1.88680300909
BODY08B,"TRIM8",ENSG00000171206,8.351718,,,-3.70265893897,,-1.8988518694973224,-4.11934409712,,,,,,,,-3.18491259294,,,,1.99320545844,,,,,,,-2.37926569782,,,,,,-2.98914767602,-3.52594220803,-2.28793409704,-2.50739904692,,,,,-2.81829649409,0.175441659798,,-3.58643686092,,,,,,-5.01314977585,-3.63548111975
BODY08M,"TRIM8",ENSG00000171206,6.615772,,,-2.49996785775,,-1.100321035163745,-3.12201339069,,,,,,,,-3.30472227063,,,,1.43633615425,,,,,,,-1.55456620781,,,,,,-1.47448832045,-2.75976777228,-0.144947324025,-1.37369459764,,,,,-1.86543201667,0.18514026675,,-2.76714417494,,,,,,-3.79408827657,-2.5503414291
BODY08,"TRIM8",ENSG00000171206,8.201874,,,-3.65577753535,,-1.8836664173823803,-4.00738618555,,,,,,,,-2.86929519035,,,,2.08438450488,,,,,,,-2.30671172221,,,,,,-3.10485934286,-3.4197075964,-2.57251674891,-2.54143842207,,,,,-2.79977935309,0.0986206494919,,-3.47507859862,,,,,,-4.91698702068,-3.56700028204
HEIG02,"TRIM8",ENSG00000171206,4.808353,,,1.98059714134,,4.595742549911287,3.97325101169,,,,,,,,3.71088106661,,,,-1.10687568618,,,,,,,4.35071671802,,,,,,4.00464102469,3.94938645536,5.01505552289,3.0919051594,,,,,-1.92973825988,-3.84241643756,,3.4609907065,,,,,,3.42898870946,4.44155934492
HEIG03,"TRIM8",ENSG00000171206,12.258770,,,3.54675855979,,6.45710405761422,7.02528894032,,,,,,,,4.17567249333,,,,-1.91872029401,,,,,,,5.29638413823,,,,,,4.81598670995,6.4582430044,6.06692795519,6.71717479246,,,,,-1.35868337851,-4.53790738418,,6.33524023826,,,,,,6.1371412047,7.61128984649
LEAN06B,"TRIM8",ENSG00000171206,8.785368,,,1.48602922629,,5.416672286056946,4.89634935957,,,,,,,,2.58481324389,,,,1.74061654095,,,,,,,5.00656491299,,,,,,1.28338237758,4.12806609748,3.00281090664,5.30231915288,,,,,-3.84718171728,-4.63838104958,,4.71367645596,,,,,,2.24048897092,5.55495405592
LEAN06F,"TRIM8",ENSG00000171206,5.808633,,,1.32689287645,,4.246719562205574,4.21253302052,,,,,,,,2.58366132186,,,,1.31601886153,,,,,,,4.20604194615,,,,,,0.435964102007,3.71341884523,2.00246358581,4.15742048248,,,,,-3.70780905265,-4.01135223194,,4.09937730594,,,,,,2.09136587423,4.52349404959
LEAN06,"TRIM8",ENSG00000171206,10.347396,,,1.44211966548,,5.4043346978058056,4.6330679024,,,,,,,,2.23962615134,,,,1.85545179384,,,,,,,4.80413706572,,,,,,1.83150864232,3.73970526705,3.29213541967,5.31254156944,,,,,-3.23958138613,-4.32892165008,,4.43619234448,,,,,,1.98893953543,5.44243888226
SCBP01,"TRIM8",ENSG00000171206,6.372327,,,2.03949540174,,-0.3817919346802348,1.68221019861,,,,,,,,0.570543376518,,,,0.0,,,,,,,-2.229184977,,,,,,0.945276574569,1.79852335694,-1.32197158347,-0.523787501854,,,,,-2.67974488033,-0.0328007969146,,2.03089265438,,,,,,1.86686110759,-0.101892958939
SCHI01,"TRIM8",ENSG00000171206,9.069826,,,1.06256286782,,-0.8679079486910528,0.75208375653,,,,,,,,1.24984371417,,,,0.416608375089,,,,,,,-2.00226440409,,,,,,-0.191127076828,0.509442438947,-2.62833820998,-2.01029581287,,,,,-2.11972601683,0.351418724131,,1.49892328014,,,,,,2.27731095714,-1.06657494613
SCHI02,"TRIM8",ENSG00000171206,8.187047,,,1.02963754171,,-0.7484782615683301,0.765460323677,,,,,,,,1.18164699563,,,,0.677113370712,,,,,,,-1.9826060456,,,,,,-0.16007908922,0.460501137619,-2.6251615053,-1.84688411984,,,,,-1.76819728301,0.305834411191,,1.51108083755,,,,,,2.10700681283,-1.03156951989
WAIS03F,"TRIM8",ENSG00000171206,11.909530,,,3.20523985926,,5.328298562026888,6.58288979287,,,,,,,,5.01279534543,,,,0.535779775175,,,,,,,4.05504374686,,,,,,2.98333686811,6.33631862678,4.21130470606,5.72666753422,,,,,0.663101987195,-3.65583204962,,6.85776310411,,,,,,6.07063478516,5.89517597277
WAIS03,"TRIM8",ENSG00000171206,10.991230,,,4.17631974684,,4.99691310823849,6.20500147697,,,,,,,,4.44271741364,,,,0.950999911655,,,,,,,4.50092367102,,,,,,2.50282713535,6.45837570816,3.23699095689,5.29822713345,,,,,1.55317635295,-2.92401479491,,6.22767643876,,,,,,4.95723516012,5.92139780724
WAIS04F,"TRIM8",ENSG00000171206,11.456466,,,3.332847836,,4.973496631816811,6.54231864827,,,,,,,,4.98102262918,,,,0.528009767416,,,,,,,4.09831805703,,,,,,2.90477549399,6.23665205975,4.01401183733,5.64777731824,,,,,0.654380757122,-3.46209671697,,6.82894725862,,,,,,6.02358697702,5.82226138044
WAIS04,"TRIM8",ENSG00000171206,10.191640,,,4.05997352729,,4.79145350923414,6.08217899303,,,,,,,,4.32573128299,,,,0.928009429756,,,,,,,4.46871505622,,,,,,2.4457415336,6.16367928035,3.05640263814,5.28880217776,,,,,1.52052336196,-2.78201311332,,6.11289547138,,,,,,4.86687801385,5.86449148592
WHIP05F,"TRIM8",ENSG00000171206,7.307074,,,2.49583088584,,4.058478018581756,5.04706705558,,,,,,,,4.26685987727,,,,1.06856131471,,,,,,,3.39710614579,,,,,,1.9069279788,5.12230610835,3.31864590517,4.49074297981,,,,,1.04300342782,-3.14407599322,,5.2506108417,,,,,,4.63529702779,4.39514334991
WHIP06F,"TRIM8",ENSG00000171206,6.777232,,,2.43183764123,,3.8976053359415923,4.95333422099,,,,,,,,4.19734234289,,,,1.05406447693,,,,,,,3.24325041342,,,,,,1.84982619867,4.9972388308,3.14697695023,4.42059826307,,,,,1.02852094299,-3.00072097761,,5.16226292364,,,,,,4.55108165435,4.24689811226
