code,target,ENSEMBL,association,Adipose_Subcutaneous,Adipose_Visceral_Omentum,Breast_Mammary_Tissue,Muscle_Skeletal,DGN_Whole_Blood,Whole_Blood,Artery_Aorta,Artery_Coronary,Artery_Tibial,Heart_Atrial_Appendage,Heart_Left_Ventricle,Spleen,Brain_Amygdala,Brain_Anterior_cingulate_cortex_BA24,Brain_Caudate_basal_ganglia,Brain_Nucleus_accumbens_basal_ganglia,Brain_Putamen_basal_ganglia,Brain_Cerebellar_Hemisphere,Brain_Cerebellum,Brain_Cortex,Brain_Frontal_Cortex_BA9,Brain_Hippocampus,Brain_Hypothalamus,Brain_Spinal_cord_cervical_c-1,Brain_Substantia_nigra,Nerve_Tibial,Cells_Transformed_fibroblasts,Cells_EBV-transformed_lymphocytes,Colon_Sigmoid,Colon_Transverse,Esophagus_Gastroesophageal_Junction,Esophagus_Mucosa,Esophagus_Muscularis,Liver,Minor_Salivary_Gland,Small_Intestine_Terminal_Ileum,Stomach,Adrenal_Gland,Pituitary,Pancreas,Thyroid,Lung,Ovary,Prostate,Testis,Uterus,Vagina,Skin_Not_Sun_Exposed_Suprapubic,Skin_Sun_Exposed_Lower_leg
APOL02,"TXNL4B",ENSG00000140830,6.082957,0.495502667137,,,,-1.2862726784618819,,2.3965854395,,-0.0295233436272,,,,4.12803137784,2.36171537921,4.76495120567,,3.28089235495,,,4.09992226717,,,,,3.36982848898,,,,,,,-1.97258600445,-0.580054312913,,,,,,-1.51776754856,0.0112548744015,,1.12724236563,,,,,,-0.619281751423,
BFPC04M,"TXNL4B",ENSG00000140830,2.743162,-0.377823655776,,,,-0.38403912505871995,,1.23608743652,,-0.963672128099,,,,3.55832532477,2.83047419154,3.52457648646,,2.29926458267,,,2.97163048688,,,,,3.36602789285,,,,,,,-1.44773299452,-0.241055274318,,,,,,0.173645585775,1.18333570432,,1.32967747676,,,,,,-4.91576797486,
BLOO03,"TXNL4B",ENSG00000140830,6.876279,2.31178097971,,,,4.077923102434403,,-0.788389287305,,2.54671547952,,,,2.10096677579,2.79614709434,3.11152245078,,2.33337323366,,,2.18015723428,,,,,1.69926465812,,,,,,,2.7633736933,2.59444808804,,,,,,-1.35067367554,2.71209907604,,2.7494821098,,,,,,1.82448282492,
BLOO20,"TXNL4B",ENSG00000140830,6.380062,2.65788219198,,,,3.8054825062487962,,-0.861213037725,,2.38758533471,,,,1.46506527886,2.52446762472,2.5055110101,,2.29049545868,,,2.17900180445,,,,,1.31136077848,,,,,,,2.34860188967,2.55434551326,,,,,,-1.68613398075,2.85613678997,,3.25175441413,,,,,,1.54338610631,
BODY08M,"TXNL4B",ENSG00000140830,2.947845,0.96954549461,,,,0.6300383895061996,,1.4928820515,,0.0400384993737,,,,3.18792110816,2.34102131783,3.29885112891,,3.14166295706,,,3.24781553487,,,,,3.14033005639,,,,,,,-0.622802188346,1.24597421235,,,,,,1.01908421516,1.05879128474,,2.22688837509,,,,,,-5.08616598861,
CHOL02,"TXNL4B",ENSG00000140830,6.600153,0.0867031241444,,,,-1.4832924194556552,,1.1489290234,,-0.19378872482,,,,4.57443623802,2.87981684386,5.23528405329,,3.64698644392,,,4.2143005242,,,,,3.73992075091,,,,,,,-1.81914924985,-0.584395949025,,,,,,-1.36062884331,-0.243015022384,,1.47382443749,,,,,,-0.231905088486,
CHOL05,"TXNL4B",ENSG00000140830,6.710188,-0.107520774334,,,,-1.51661386611423,,0.991964435693,,-0.380485546373,,,,4.58126617249,2.95241575138,5.16446423724,,3.61684388661,,,4.23556586406,,,,,3.73995601059,,,,,,,-1.88153760208,-0.661539913393,,,,,,-1.34273123741,-0.415893996148,,1.22900962303,,,,,,-0.393153243257,
CHOL13,"TXNL4B",ENSG00000140830,5.385926,0.349408784597,,,,-1.4107884620251263,,1.12523896637,,-0.0422163707083,,,,4.28782326897,2.60615302197,4.93502959873,,3.56115633799,,,3.99316087339,,,,,3.72452513367,,,,,,,-1.69313101331,-0.412537765007,,,,,,-1.28777873516,0.170304008722,,1.52897878685,,,,,,0.337638574488,
CHOL21,"TXNL4B",ENSG00000140830,23.523081,1.90076619794,,,,-0.3026114752554583,,1.61325398764,,0.493690708614,,,,8.07192563462,8.01285022462,10.5315369677,,6.827105744,,,9.42143791912,,,,,7.52935759429,,,,,,,-1.12198131696,0.732712995727,,,,,,-1.09747731686,0.559455609845,,3.01403210576,,,,,,0.11721223723,
CHOL24,"TXNL4B",ENSG00000140830,4.658585,0.648062360548,,,,-1.1279468645522222,,1.67132459833,,0.347799526323,,,,3.89242556726,2.32369883445,4.71683688292,,3.42761718721,,,3.59601947291,,,,,3.11990018289,,,,,,,-1.04358294368,-0.235791079259,,,,,,-1.40820968151,0.52948560843,,1.84199865107,,,,,,0.184685120855,
CHOL25,"TXNL4B",ENSG00000140830,6.442830,0.036205143896,,,,-1.473536885873939,,1.14273490924,,-0.311253813531,,,,4.57022005872,2.82316014141,5.17046424344,,3.4749448731,,,4.27794024413,,,,,4.00816933595,,,,,,,-2.09157578937,-0.352296275327,,,,,,-1.32249307632,-0.224918989216,,1.3622395733,,,,,,-0.100650131853,
CHOL27,"TXNL4B",ENSG00000140830,14.762130,2.00624326165,,,,0.3423623360999462,,0.819636111872,,0.692219143052,,,,7.74079767004,7.63177906558,9.82557147477,,6.0783065236,,,8.57686313989,,,,,6.97746611434,,,,,,,-0.328844804762,1.01386037178,,,,,,-0.637277245522,0.644345815176,,2.98253577062,,,,,,0.759784614409,
CHOL28,"TXNL4B",ENSG00000140830,6.899561,0.00359294654885,,,,-1.4321336201186912,,1.04987511624,,-0.461275485942,,,,4.53854481808,2.75304763732,5.02182296975,,3.40641468906,,,4.13197885208,,,,,3.61718938611,,,,,,,-1.80879354338,-0.595703257409,,,,,,-1.49667441845,-0.302278776267,,1.07542764347,,,,,,-0.185437676556,
CHOL32,"TXNL4B",ENSG00000140830,7.912254,-0.458710999137,,,,-1.6424397227901384,,0.72249999309,,-0.711314530891,,,,5.18629021915,3.4754211745,5.71380967507,,3.97865232143,,,4.58345096426,,,,,4.1152785463,,,,,,,-1.96438266145,-1.21445027729,,,,,,-1.84633898735,-1.03604504815,,1.03573218706,,,,,,0.22382718078,
COAD03,"TXNL4B",ENSG00000140830,5.868702,-0.653141837968,,,,-2.128609812549134,,0.00953988098462,,-1.73237978399,,,,4.16545269321,3.35977681436,5.13107166635,,3.52138012437,,,5.42282600977,,,,,3.74520292755,,,,,,,-2.63441797395,-0.770241985377,,,,,,-0.338784486055,-0.0209749379058,,1.21185847109,,,,,,0.0914362898012,
DEPR01,"TXNL4B",ENSG00000140830,5.790941,2.27168484853,,,,1.0313055757924974,,3.42117770919,,2.20293814506,,,,-0.374688860124,-1.34502046413,0.0342720773642,,1.26234685218,,,1.36568314706,,,,,1.16616995671,,,,,,,-1.59193691765,0.273156787436,,,,,,0.115309260786,-0.958204505894,,3.18956099942,,,,,,-0.231701956057,
EDUC03,"TXNL4B",ENSG00000140830,6.968268,2.23912776328,,,,-0.2769601363399488,,3.55549334799,,2.31093632513,,,,-4.5498298999,-4.21468159592,-3.21124117997,,-0.161605279554,,,-1.24879696115,,,,,-3.27621361028,,,,,,,-0.270950331698,1.01730574375,,,,,,-1.66707241535,-1.6668775011,,2.37084247214,,,,,,-1.25563591152,
FATM04M,"TXNL4B",ENSG00000140830,3.258644,0.22246469034,,,,-0.23892777534451026,,1.42353141543,,-0.61040927311,,,,3.83525841336,2.49737321551,3.53882042129,,2.74633500116,,,3.05211339506,,,,,3.06267079174,,,,,,,-0.700348757687,0.0754413070675,,,,,,0.0315536595881,1.96889407401,,1.48565298553,,,,,,-5.46753439904,
INFL01,"TXNL4B",ENSG00000140830,19.394792,-4.22264274013,,,,-0.9498862265388941,,-0.0928126433864,,-2.15074628127,,,,-5.89214270819,-6.0653356321,-8.06273352227,,-5.83845146818,,,-6.63207152671,,,,,-5.74897901543,,,,,,,0.294224663227,-1.02556288213,,,,,,-3.39792108536,-0.0406282858868,,-3.3990320288,,,,,,-2.49728047616,
KETO03,"TXNL4B",ENSG00000140830,13.052277,-2.94412045174,,,,-3.591407814919023,,-0.544326203101,,-2.41630319455,,,,-0.622789021669,-0.497505670202,-0.459377144153,,-0.500850471076,,,0.888509753076,,,,,-0.594837099159,,,,,,,-4.07642806829,-2.73883158987,,,,,,-1.63878035545,-0.291310442709,,-1.23642260317,,,,,,0.406435578473,
LIPI04,"TXNL4B",ENSG00000140830,5.207804,0.537998240751,,,,-1.2280259087065422,,1.51404670651,,0.203986817637,,,,4.32145204645,2.70321579452,5.06509236325,,3.7856422076,,,4.04173657227,,,,,3.4860148949,,,,,,,-1.30278940485,-0.475875302384,,,,,,-1.33318531513,0.0795718347892,,1.68059553933,,,,,,-0.100453909972,
LIPI07,"TXNL4B",ENSG00000140830,5.632309,0.152436548236,,,,-1.3131738007798217,,1.30407860112,,-0.0943037817676,,,,4.40225992354,2.78272593601,5.03615772899,,3.67541940583,,,4.12235853059,,,,,3.6081963729,,,,,,,-1.63281001162,-0.694100589062,,,,,,-1.39726138115,-0.310539251743,,1.38544562887,,,,,,-0.307984146412,
LIPO03,"TXNL4B",ENSG00000140830,5.463391,0.777976600691,,,,-1.0863811541443043,,1.73277111126,,0.38976594988,,,,4.17790275112,2.61973903657,4.99434594325,,3.83841202275,,,3.98972884456,,,,,3.37986535532,,,,,,,-1.06944011055,-0.376044519872,,,,,,-1.29680871964,0.213924629174,,1.78783062669,,,,,,-0.0659649673414,
LIPO06,"TXNL4B",ENSG00000140830,5.150796,0.333952217937,,,,-1.2258752032867737,,1.51703888668,,0.0325629630033,,,,4.27506114512,2.69626583858,4.95878826358,,3.70726411425,,,4.07614686526,,,,,3.51502769649,,,,,,,-1.46678146052,-0.645539326282,,,,,,-1.37132072449,-0.231687003479,,1.46666331993,,,,,,-0.338277310893,
PHLI04,"TXNL4B",ENSG00000140830,5.645776,1.09823224851,,,,-1.1141445329961461,,2.44756155758,,0.537273528045,,,,3.70856020891,2.32462462255,4.62613845521,,3.88559593151,,,3.74107205146,,,,,3.16705687781,,,,,,,-0.958669310976,-0.164123707824,,,,,,-1.06524515152,0.508562788065,,1.86489557101,,,,,,-0.203602505147,
PHLI06,"TXNL4B",ENSG00000140830,4.929002,0.562948773363,,,,-1.3559221698166062,,1.85946391311,,0.117600831081,,,,3.98920734931,2.29692015159,4.71382242239,,3.40585397435,,,3.96318477067,,,,,3.56458788403,,,,,,,-1.74338621755,-0.227752799147,,,,,,-1.24502646923,0.145244219853,,1.65869432196,,,,,,-0.203489971248,
TRGL05,"TXNL4B",ENSG00000140830,7.446517,2.52695931854,,,,0.26084039325917496,,3.08295036642,,1.62047745317,,,,2.48196689555,1.87157009437,3.74741402156,,3.64538727473,,,3.14226524341,,,,,2.16422676633,,,,,,,0.991970235822,0.990346723957,,,,,,-0.464350014925,1.07409179552,,2.16443452764,,,,,,-0.067640184847,
