code,target,ENSEMBL,association,Adipose_Subcutaneous,Adipose_Visceral_Omentum,Breast_Mammary_Tissue,Muscle_Skeletal,DGN_Whole_Blood,Whole_Blood,Artery_Aorta,Artery_Coronary,Artery_Tibial,Heart_Atrial_Appendage,Heart_Left_Ventricle,Spleen,Brain_Amygdala,Brain_Anterior_cingulate_cortex_BA24,Brain_Caudate_basal_ganglia,Brain_Nucleus_accumbens_basal_ganglia,Brain_Putamen_basal_ganglia,Brain_Cerebellar_Hemisphere,Brain_Cerebellum,Brain_Cortex,Brain_Frontal_Cortex_BA9,Brain_Hippocampus,Brain_Hypothalamus,Brain_Spinal_cord_cervical_c-1,Brain_Substantia_nigra,Nerve_Tibial,Cells_Transformed_fibroblasts,Cells_EBV-transformed_lymphocytes,Colon_Sigmoid,Colon_Transverse,Esophagus_Gastroesophageal_Junction,Esophagus_Mucosa,Esophagus_Muscularis,Liver,Minor_Salivary_Gland,Small_Intestine_Terminal_Ileum,Stomach,Adrenal_Gland,Pituitary,Pancreas,Thyroid,Lung,Ovary,Prostate,Testis,Uterus,Vagina,Skin_Not_Sun_Exposed_Suprapubic,Skin_Sun_Exposed_Lower_leg
BFPC04B,"AP3B1",ENSG00000132842,6.142806,,-4.22957325446,,-3.13324072284,-3.9991964959448496,-1.95053072687,-2.753837989,-3.03552126308,,,,,-2.5035841996,,0.295384721226,-0.99828304121,,,,,,,,,,,,,,-3.00549106614,,,-0.392698181892,,,,-1.99789225266,-3.07794536097,,,-5.29093312571,-4.51666984856,,,0.289722718608,,,,
BFPC04,"AP3B1",ENSG00000132842,5.831385,,-4.2839024371,,-3.0948482063,-4.098855456299751,-2.13986151016,-2.64856902603,-3.14629263031,,,,,-2.8889401317,,0.326545120455,-0.92838502959,,,,,,,,,,,,,,-3.17095255169,,,-0.424661117333,,,,-2.18322346775,-3.25703800305,,,-5.25727818885,-4.52888975462,,,0.00840906790824,,,,
BODY07,"AP3B1",ENSG00000132842,4.474010,,-4.65218932193,,-2.96690197537,-4.804543890110635,-2.50472461781,-3.57182601102,-3.22482584523,,,,,-3.24655111899,,0.56228875873,-0.962390002784,,,,,,,,,,,,,,-3.22602589556,,,-0.224019693001,,,,-2.21831139413,-4.0761813012,,,-4.42854885081,-1.57614509414,,,-1.02258713386,,,,
BODY08B,"AP3B1",ENSG00000132842,6.770625,,-4.93147349428,,-3.55413393191,-4.9752955266069545,-2.61315893088,-3.18408073194,-3.83656249978,,,,,-3.46502445314,,-0.344010153455,-1.34896568615,,,,,,,,,,,,,,-4.07781834764,,,-1.10606983071,,,,-2.12095890886,-4.10386294659,,,-5.72487597665,-3.60001414413,,,-0.402819767865,,,,
BODY08M,"AP3B1",ENSG00000132842,5.605618,,-3.7541887231,,-3.04070227781,-3.352752969860621,-0.786649075188,-2.9923251585,-2.69736962512,,,,,-1.42556585156,,-0.157911389223,-1.4806516348,,,,,,,,,,,,,,-3.00770215261,,,-0.265806121783,,,,-1.26705985157,-2.70444560097,,,-4.92518942119,-2.70395393686,,,1.43787337809,,,,
BODY08,"AP3B1",ENSG00000132842,6.613144,,-4.86652362952,,-3.48928859347,-5.0447357477572154,-2.87665078799,-2.97518586073,-3.83295225048,,,,,-3.80981539039,,-0.323264398566,-1.24555110746,,,,,,,,,,,,,,-4.09141621873,,,-1.26567416237,,,,-2.1378396124,-4.18750917058,,,-5.44812320554,-3.54909156082,,,-0.870792317481,,,,
FATM02B,"AP3B1",ENSG00000132842,5.112642,,-4.42188241455,,-2.26061295587,-4.633189648809866,-3.04872147038,-3.27223023443,-3.32228538108,,,,,-2.94983297027,,1.03733887497,-0.496619960215,,,,,,,,,,,,,,-2.70251807537,,,-0.339508929556,,,,-3.06614243278,-3.96544101369,,,-5.1125790213,-2.63678248097,,,-0.980460837274,,,,
FATM02,"AP3B1",ENSG00000132842,5.964250,,-4.4857507292,,-2.23444373614,-4.641916890998246,-3.110553893,-3.48311765986,-3.42440271229,,,,,-3.25593715524,,0.993697200241,-0.67613430061,,,,,,,,,,,,,,-2.73662819927,,,-0.0208504869878,,,,-3.26034602895,-3.9805166914,,,-5.14438746744,-2.60082268841,,,-0.944782802556,,,,
FATM03B,"AP3B1",ENSG00000132842,6.128748,,-4.57515491086,,-2.34847142357,-4.771903715134258,-3.14668833086,-3.50937497821,-3.41823801228,,,,,-3.01095688263,,1.05304755061,-0.610786311268,,,,,,,,,,,,,,-2.87480519965,,,-0.435836925785,,,,-3.22166385686,-4.11079845186,,,-5.37236005124,-2.79861749074,,,-0.922172956428,,,,
FATM03,"AP3B1",ENSG00000132842,7.210687,,-4.66253445155,,-2.34556306995,-4.802896025789071,-3.23781691273,-3.74555134003,-3.54252680147,,,,,-3.30986044188,,1.0143302141,-0.79610599843,,,,,,,,,,,,,,-2.92828448489,,,-0.141938318693,,,,-3.43457968339,-4.15022565788,,,-5.42656446366,-2.78667675583,,,-0.890800787639,,,,
FATM04B,"AP3B1",ENSG00000132842,13.976377,,-5.88401251642,,-3.41701078746,-5.7623014980233,-3.26339067184,-3.9976981651,-4.8520897284,,,,,-3.61181422226,,0.0409406681801,-1.10153027655,,,,,,,,,,,,,,-4.41549490964,,,-0.860178884993,,,,-3.43796682169,-4.60615622895,,,-7.80619778185,-5.33069633244,,,0.14734268724,,,,
FATM04F,"AP3B1",ENSG00000132842,5.959912,,-4.23629008501,,-2.03830131004,-4.462993743772306,-3.51889003558,-2.41970636258,-3.8452984915,,,,,-4.06518687442,,-0.0244082700333,-0.558312677759,,,,,,,,,,,,,,-3.48464659294,,,-0.859935360445,,,,-2.98927998023,-4.0106020415,,,-5.37211753761,-3.73390939204,,,-1.29796091805,,,,
FATM04M,"AP3B1",ENSG00000132842,8.932371,,-4.51323711741,,-2.98287241978,-4.15288630003538,-1.5086197118,-3.45600113875,-3.42348244148,,,,,-1.52469538067,,0.076135667921,-1.04320647017,,,,,,,,,,,,,,-3.12516878897,,,-0.456709912423,,,,-2.19505307336,-2.942782757,,,-6.19865827249,-4.17771882322,,,1.3065209792,,,,
FATM04,"AP3B1",ENSG00000132842,13.132273,,-5.84875483827,,-3.34025547119,-5.8056776240632635,-3.45334172353,-3.83887278419,-4.88274019513,,,,,-3.96391754314,,0.0232197365163,-1.04972325475,,,,,,,,,,,,,,-4.49277604876,,,-0.945062510425,,,,-3.49589542915,-4.71540125152,,,-7.66874119448,-5.26270411582,,,-0.179316657773,,,,
HEIG03,"AP3B1",ENSG00000132842,6.286425,,-3.11799668476,,-1.42818205777,-2.8073860391864573,-1.03974914012,-0.51758384523,-2.06229374805,,,,,-2.06709284183,,-1.71025860988,0.658921557897,,,,,,,,,,,,,,-2.64424091209,,,0.0185001416651,,,,-2.4174349029,-1.90651993526,,,-4.99559932251,-2.24532384593,,,1.1639496216,,,,
LEAN04B,"AP3B1",ENSG00000132842,9.924307,,-5.02329921026,,-1.17480677104,-5.072049726861414,-3.68474888944,-3.57150311874,-4.17239930172,,,,,-3.4762988165,,0.445884315711,-0.512595063082,,,,,,,,,,,,,,-3.6136422504,,,-0.538841635987,,,,-3.83372726119,-4.30864113721,,,-6.35950339858,-2.71548499669,,,-0.82495609996,,,,
LEAN04M,"AP3B1",ENSG00000132842,7.339761,,-4.35127965642,,-1.24734092098,-4.219945862452362,-2.8197431965,-2.82440421943,-3.94912471471,,,,,-1.9122106096,,1.52688979088,0.797130257957,,,,,,,,,,,,,,-3.66952781897,,,-0.965083993633,,,,-3.90645165863,-3.72907277447,,,-5.65961188458,-1.96668199339,,,-0.12012438455,,,,
LEAN04,"AP3B1",ENSG00000132842,9.745017,,-5.28894953681,,-1.41105704094,-5.246915453161368,-3.68420454255,-3.68221866345,-4.56542321952,,,,,-3.09850019681,,0.984167020785,0.00988548684253,,,,,,,,,,,,,,-4.09091352078,,,-0.756005101703,,,,-4.30191178675,-4.5522104735,,,-6.72513492027,-2.52713438347,,,-0.499746263153,,,,
LEAN05B,"AP3B1",ENSG00000132842,11.618001,,-5.11588760136,,-1.16138198599,-5.147966116486015,-3.68002038164,-3.80346161171,-4.22158649533,,,,,-3.43182198161,,0.426909990175,-0.516805886975,,,,,,,,,,,,,,-3.70089548801,,,-0.513889364331,,,,-3.99421005905,-4.4540594549,,,-6.64828243369,-2.7966606326,,,-0.686281267711,,,,
LEAN05M,"AP3B1",ENSG00000132842,6.770395,,-4.37385580725,,-1.24429306635,-4.246182378006426,-2.79202979379,-2.87827705504,-3.97382265243,,,,,-1.96205584372,,1.54900843081,0.759884219288,,,,,,,,,,,,,,-3.6919574616,,,-0.981652828145,,,,-3.91999192441,-3.75061230185,,,-5.73456744117,-2.00153329243,,,-0.0956711069657,,,,
LEAN05,"AP3B1",ENSG00000132842,12.082106,,-5.35110070426,,-1.3812305494,-5.305038343093667,-3.67009874964,-3.8537422783,-4.61644342346,,,,,-3.09806020921,,0.986775360538,-0.0109389321519,,,,,,,,,,,,,,-4.13949267739,,,-0.746640804319,,,,-4.4149834065,-4.64935151075,,,-6.95058552506,-2.58804046618,,,-0.403271720894,,,,
LEAN06B,"AP3B1",ENSG00000132842,18.382203,,-6.5835784342,,-2.51264009097,-6.662688242526383,-4.4121290674,-3.94219669583,-6.1154766084,,,,,-4.3266170308,,-0.857700604147,-0.662534105331,,,,,,,,,,,,,,-5.80109590414,,,-1.35237997381,,,,-4.36412207868,-5.61276213682,,,-9.1616301776,-4.77947490553,,,-0.295662118939,,,,
LEAN06F,"AP3B1",ENSG00000132842,9.222037,,-4.51590499694,,-1.63843867767,-4.841731461374333,-3.59932835971,-2.71933904397,-4.44158000054,,,,,-3.40561737594,,-1.26252223545,-0.988981307307,,,,,,,,,,,,,,-4.01814852849,,,-1.44451119183,,,,-2.66968493768,-4.0054695596,,,-6.35745125929,-3.42498650634,,,-0.948289492372,,,,
LEAN06M,"AP3B1",ENSG00000132842,16.762783,,-5.75230354816,,-2.3306002989,-5.397389008407875,-2.95919601138,-3.41983818695,-4.95926878318,,,,,-3.09523466679,,0.307318147787,0.254075003793,,,,,,,,,,,,,,-5.00548217553,,,-0.372651300037,,,,-4.32012483328,-4.66210640948,,,-7.89037673758,-3.94663861039,,,0.908299269568,,,,
LEAN06,"AP3B1",ENSG00000132842,20.515302,,-6.87527297345,,-2.72715180008,-6.785914970248291,-4.23998968842,-4.13150160747,-6.22752328064,,,,,-4.25278911336,,-0.334318456342,-0.374328120428,,,,,,,,,,,,,,-6.0456384182,,,-0.997629674022,,,,-4.79407662311,-5.83043842018,,,-9.48892236335,-4.85442342498,,,0.255283314075,,,,
