code,target,ENSEMBL,association,Adipose_Subcutaneous,Adipose_Visceral_Omentum,Breast_Mammary_Tissue,Muscle_Skeletal,DGN_Whole_Blood,Whole_Blood,Artery_Aorta,Artery_Coronary,Artery_Tibial,Heart_Atrial_Appendage,Heart_Left_Ventricle,Spleen,Brain_Amygdala,Brain_Anterior_cingulate_cortex_BA24,Brain_Caudate_basal_ganglia,Brain_Nucleus_accumbens_basal_ganglia,Brain_Putamen_basal_ganglia,Brain_Cerebellar_Hemisphere,Brain_Cerebellum,Brain_Cortex,Brain_Frontal_Cortex_BA9,Brain_Hippocampus,Brain_Hypothalamus,Brain_Spinal_cord_cervical_c-1,Brain_Substantia_nigra,Nerve_Tibial,Cells_Transformed_fibroblasts,Cells_EBV-transformed_lymphocytes,Colon_Sigmoid,Colon_Transverse,Esophagus_Gastroesophageal_Junction,Esophagus_Mucosa,Esophagus_Muscularis,Liver,Minor_Salivary_Gland,Small_Intestine_Terminal_Ileum,Stomach,Adrenal_Gland,Pituitary,Pancreas,Thyroid,Lung,Ovary,Prostate,Testis,Uterus,Vagina,Skin_Not_Sun_Exposed_Suprapubic,Skin_Sun_Exposed_Lower_leg
BALD01,"BCKDHA",ENSG00000248098,6.910095,0.598001106605,1.49204330977,,2.74451339108,3.590021177123559,3.77084481019,1.33705917429,,1.32735589357,1.61780312531,0.208399266947,2.79002502227,,,,,,0.342416198713,,1.96647269215,,,,,,1.00491762195,1.36974180764,-1.19106666771,1.35537475958,,,0.609153265223,1.9403003433,1.07647273246,,,,-0.105659381781,1.51307820201,1.63852741704,1.38800254179,3.91726711987,,,0.432070375249,,,1.57904075441,-0.355505052281
BLOO04,"BCKDHA",ENSG00000248098,5.928155,1.59265263234,1.97363790599,,2.36004770861,3.961022252791284,3.58799828925,1.24125811477,,1.57378587466,1.39088813917,0.973887813139,1.19170405588,,,,,,2.42194809472,,1.48038778462,,,,,,1.12923923296,1.43943341996,-1.62281994494,1.85483178613,,,0.761574968131,2.05919721496,1.58954447933,,,,0.0407853130068,1.34771460102,1.56619666133,1.30024631389,3.99360974286,,,1.04241079884,,,1.35019976386,1.00185074969
BLOO21,"BCKDHA",ENSG00000248098,6.677595,1.62500581762,1.99072754457,,3.45195170584,4.220059751380815,3.74973952052,1.77613265551,,1.55639316036,1.64182702069,1.44757246366,2.12972070844,,,,,,1.57471808159,,2.87446983643,,,,,,1.4906091772,1.61614285152,-1.14272537123,1.80079834716,,,1.08288077468,2.46511213671,2.3056947431,,,,-0.490178289192,1.5882565726,1.55526313622,1.20161278666,4.15423764803,,,1.29055427045,,,1.58550565119,0.558489169245
BLOO22,"BCKDHA",ENSG00000248098,6.462420,1.70693568433,2.06276652741,,3.38826113942,4.15280536325243,3.70570016281,1.62934845422,,1.46466877824,1.5609731855,1.37039923135,2.01869603143,,,,,,1.88432225135,,2.8019330876,,,,,,1.37626640291,1.52676963887,-1.12684687043,1.86427946215,,,0.994952611988,2.23583449811,2.14301580185,,,,-0.268864879967,1.49359450028,1.50519335432,1.06291783511,4.08630143869,,,1.04653061421,,,1.49868509214,0.585392579679
BLOO36,"BCKDHA",ENSG00000248098,5.958449,1.55553751376,2.05660210378,,2.91685912352,4.149596943860545,3.70351940028,1.47710234539,,1.30999126786,1.43112897234,1.04922945841,1.78461698751,,,,,,1.88691987113,,2.54384677803,,,,,,1.22213727583,1.40984688174,-1.82053117652,1.70144652725,,,0.767251649986,2.31814669654,2.06150936022,,,,-0.433424039678,1.40148880618,1.54228632052,1.1787224271,4.14357322196,,,1.29689777141,,,1.39597799944,0.186358066985
COAD01,"BCKDHA",ENSG00000248098,6.340921,-3.21324937179,-4.45832131497,,-2.03452445344,-3.583898446687961,-3.68712637958,-3.52042856258,,-2.89692950173,-2.52863233084,-3.08295561163,-1.72578298213,,,,,,-2.16594595398,,-3.65300136386,,,,,,-2.85939971711,-2.69446160486,0.729418738133,-2.69487931311,,,-2.03662584272,-1.75644232995,-3.10774244105,,,,-0.191611516037,-2.30603632571,-0.976683780224,-2.23624046648,-3.72088797065,,,-2.52389368496,,,-2.52005320182,-0.815165195307
COAD03,"BCKDHA",ENSG00000248098,9.276232,-3.28441498977,-4.09604852426,,-1.99179327029,-3.6683770138177776,-3.52376208558,-3.78033307925,,-3.02015606759,-2.55542415241,-3.20539912921,-2.00749095684,,,,,,-2.00404620226,,-3.62896193228,,,,,,-2.97558440032,-2.71594892143,0.423825426966,-3.25197015322,,,-1.98764664374,-1.4805926517,-2.91016001889,,,,-0.706212588504,-2.31828071135,-0.904106944751,-2.23553862825,-3.80804594516,,,-2.53483171426,,,-2.55882546639,-0.590452052474
HEIG03,"BCKDHA",ENSG00000248098,16.970982,-4.78699316941,-5.32810118938,,-3.44977286183,-7.615986429542532,-6.44622805045,-3.66963348399,,-4.14150542554,-4.6333026886,-1.30598718297,-8.30159861452,,,,,,-0.128585181263,,-6.46300161238,,,,,,-4.50589585129,-4.34162036819,2.38959748545,-3.228190126,,,-4.35321577868,-1.69060576474,-1.55227318276,,,,-0.213594374014,-4.6384889969,-3.60514115545,-4.77150219718,-7.55981947998,,,-3.42132916276,,,-4.62999181439,0.0579985318614
HEIG04F,"BCKDHA",ENSG00000248098,3.955578,-1.35753865491,-1.24747254755,,-1.3063385747,-3.6070574301014355,-2.7594067974,-0.823164326208,,-0.792344575104,-1.06729362795,-0.00720584999737,-4.84388361482,,,,,,-0.1402627202,,-1.52249326869,,,,,,-1.29523701532,-1.10614131706,1.30384587319,-0.37858917617,,,-1.24016460066,-0.417939266314,-0.121944298332,,,,0.39863204933,-1.14276907327,-1.32758584475,-1.6333678924,-3.76135615897,,,-1.64605976352,,,-1.0521588759,-0.24712689445
HEIG04M,"BCKDHA",ENSG00000248098,8.885956,-2.7955801044,-3.44076737687,,-2.55859168588,-5.21285548497837,-4.30396786196,-2.74277582872,,-2.81403123624,-2.79022894497,-1.85442383496,-4.58631482787,,,,,,-0.488012184502,,-3.75613462556,,,,,,-3.36562053401,-2.97324957103,0.397917797105,-2.17037867239,,,-3.08227867623,-1.62250272678,-1.94432064402,,,,-1.18154562798,-2.73105716756,-1.8299183129,-2.49004886168,-5.12876228747,,,-2.92596539288,,,-2.80504828368,-0.507606650732
LEAN04M,"BCKDHA",ENSG00000248098,6.929482,-1.83098506248,-3.36988791765,,-1.97236675526,-4.278582664254402,-3.58488327473,-1.80240686452,,-1.93380239607,-2.24750523961,-1.16003177452,-3.74145683818,,,,,,0.0331182656269,,-3.48408185411,,,,,,-2.11200824577,-2.29252272244,1.79851523153,-1.47313865616,,,-1.95411765477,-1.25733281325,-2.40783044578,,,,1.15461054802,-2.18015130329,-1.31592716793,-2.55327349888,-4.60208726961,,,-2.1781376771,,,-2.27535577775,-0.260846989519
LEAN04,"BCKDHA",ENSG00000248098,7.364034,-1.50387274949,-3.30964934892,,-1.62416088888,-4.399239728871861,-3.83663031321,-1.61209761336,,-1.79548401327,-1.946419088,-0.73940610105,-3.68302942568,,,,,,-0.286067340801,,-3.26968342856,,,,,,-1.84855957377,-1.91274649185,2.1089800324,-0.797702658182,,,-1.45461414713,-1.41989955605,-1.74864549413,,,,1.519849404,-1.94738496711,-1.04015839887,-2.52386535531,-4.80940189045,,,-1.14625673035,,,-1.99656692172,-0.0221122207475
LEAN05B,"BCKDHA",ENSG00000248098,5.606969,-0.980467640134,-2.73162922181,,-0.946050960411,-3.6460495837542033,-3.3092691714,-1.14981507596,,-1.28819774629,-1.31858877213,-0.248500829171,-2.93222981359,,,,,,-0.541238200225,,-2.4915307862,,,,,,-1.25266367461,-1.2099568257,1.95600500758,-0.00708528984323,,,-0.707192331494,-1.19555749234,-0.811168979766,,,,1.72948713985,-1.39575071737,-0.724599100154,-2.04976127274,-4.02747624225,,,-0.0461558177841,,,-1.38125650524,0.17024113367
LEAN05M,"BCKDHA",ENSG00000248098,6.439591,-1.80742594934,-3.38047666483,,-1.96849982799,-4.290207662236096,-3.59850975498,-1.7958220506,,-1.92257081619,-2.24491190234,-1.13360499966,-3.72873685404,,,,,,0.0869349117069,,-3.49679627528,,,,,,-2.11116577139,-2.29073986387,1.80342193505,-1.48044738475,,,-1.95773686168,-1.23233999765,-2.39975577925,,,,1.20887410252,-2.17533953355,-1.34166609032,-2.54832185036,-4.622651766,,,-2.18338268145,,,-2.27271076913,-0.245525840729
LEAN05,"BCKDHA",ENSG00000248098,7.945081,-1.46923922591,-3.2997001479,,-1.58022626547,-4.3766980833157065,-3.8102102912,-1.57119903176,,-1.74016043682,-1.90416487559,-0.683243404754,-3.68598403073,,,,,,-0.205367692904,,-3.23524430496,,,,,,-1.8086090571,-1.86634758096,2.15320573034,-0.752983581394,,,-1.41968329411,-1.31164382554,-1.66680445865,,,,1.61454475082,-1.9130380027,-1.08110229422,-2.49368489153,-4.78772983561,,,-1.08131644389,,,-1.95442328381,0.00849685402136
LEAN06B,"BCKDHA",ENSG00000248098,7.996884,-1.15098983864,-3.14865951668,,-1.05812638529,-4.252787057410332,-4.15512322643,-1.97416837536,,-1.88011376127,-1.9493095603,-0.758962580223,-2.91384087181,,,,,,-0.369373916501,,-3.25221717723,,,,,,-2.2263696997,-1.92093530521,1.76986662108,-0.950809141995,,,-1.57876021822,-1.74625267706,-1.78422559967,,,,0.840690962188,-1.94431261761,-1.55713367797,-2.3417604587,-4.85042309256,,,-0.898588515783,,,-2.01528966812,-0.487982051395
LEAN06M,"BCKDHA",ENSG00000248098,11.588431,-2.04551886924,-4.57083787395,,-3.03425265045,-5.585644396617522,-5.16967271493,-3.12308952572,,-3.14232546878,-3.39853539276,-2.57421538476,-4.26334297734,,,,,,-0.0570066375144,,-4.48523602018,,,,,,-3.36687333848,-3.37831275071,1.32548894318,-2.1047068508,,,-2.92374064342,-2.74285645848,-3.28826618898,,,,0.63180684777,-3.34696745924,-3.03032709627,-3.7089061305,-6.0405491091,,,-3.09577784947,,,-3.41649178198,-1.48612788981
LEAN06,"BCKDHA",ENSG00000248098,12.709364,-1.68879628214,-4.1600654399,,-2.19576564715,-5.407384493269451,-5.18085035639,-2.77244601866,,-2.742397974,-2.90174968323,-1.74426579728,-3.90565734972,,,,,,-0.299903668448,,-4.2162520169,,,,,,-3.04297628469,-2.87022153049,1.7391064377,-1.68812528781,,,-2.43921223451,-2.46412082761,-2.73945728553,,,,0.69663421749,-2.87591725578,-2.42284317089,-3.29358666946,-6.01297210477,,,-2.02950758905,,,-2.95182703552,-1.02648730288
WAIS03,"BCKDHA",ENSG00000248098,5.991570,-2.46112330105,-2.46373712085,,-3.0100068979,-3.964116201374125,-3.0995885224,-2.66652572092,,-2.62243573877,-3.14062213898,-1.7824800622,-4.33723574409,,,,,,0.63487361117,,-4.33111326974,,,,,,-2.28893628985,-2.85949697749,0.733468904439,-0.933643022563,,,-2.70202941768,-1.43642837042,-1.38182296726,,,,0.0980458597396,-3.04177595408,-1.90886544675,-3.74613718007,-3.7560227991,,,-1.74524019314,,,-3.14192930284,0.122093926183
