code,target,ENSEMBL,association,Adipose_Subcutaneous,Adipose_Visceral_Omentum,Breast_Mammary_Tissue,Muscle_Skeletal,DGN_Whole_Blood,Whole_Blood,Artery_Aorta,Artery_Coronary,Artery_Tibial,Heart_Atrial_Appendage,Heart_Left_Ventricle,Spleen,Brain_Amygdala,Brain_Anterior_cingulate_cortex_BA24,Brain_Caudate_basal_ganglia,Brain_Nucleus_accumbens_basal_ganglia,Brain_Putamen_basal_ganglia,Brain_Cerebellar_Hemisphere,Brain_Cerebellum,Brain_Cortex,Brain_Frontal_Cortex_BA9,Brain_Hippocampus,Brain_Hypothalamus,Brain_Spinal_cord_cervical_c-1,Brain_Substantia_nigra,Nerve_Tibial,Cells_Transformed_fibroblasts,Cells_EBV-transformed_lymphocytes,Colon_Sigmoid,Colon_Transverse,Esophagus_Gastroesophageal_Junction,Esophagus_Mucosa,Esophagus_Muscularis,Liver,Minor_Salivary_Gland,Small_Intestine_Terminal_Ileum,Stomach,Adrenal_Gland,Pituitary,Pancreas,Thyroid,Lung,Ovary,Prostate,Testis,Uterus,Vagina,Skin_Not_Sun_Exposed_Suprapubic,Skin_Sun_Exposed_Lower_leg
APOL02,"ZNF682",ENSG00000197124,8.276503,-1.14825576426,,,-3.68730152043,-2.3952866192537536,,-1.85680917296,,-3.15316625776,-4.09600406841,-3.67948126038,-1.73765886413,,-3.87501666222,-3.70564165866,,-3.82882296856,-3.45307488502,-3.91692280688,-4.04903136247,-4.29037101439,1.76836808103,,,,-3.47143125668,-3.06590712604,-3.31909467686,-1.08584971639,-2.40733349045,,-1.12533754316,-5.3125264523,-4.44943116356,,,-3.4631477958,,-3.72786345706,-3.2644577847,-2.6815255388,-1.67977116102,,,-4.01927340407,,-1.52812767495,0.0706031833854,-1.85327521372
CHOL05,"ZNF682",ENSG00000197124,4.439209,-1.07805512861,,,-3.45848915602,-1.7466618254921271,,-1.54786624496,,-2.63845146771,-3.50038244071,-2.51962415377,-1.64827937642,,-3.36753250207,-3.08555772817,,-3.32613687737,-2.9416954393,-2.71867947808,-3.35746549003,-3.52177477218,1.84115622664,,,,-2.27697863645,-2.29862913631,-2.62856979831,-0.550987063843,-2.14142646981,,-0.479987657704,-4.73391508665,-4.02684385964,,,-3.2607311169,,-3.09722561773,-2.95296096282,-2.51940812084,-1.45322702055,,,-3.04992671327,,-0.28896019276,0.112319320656,-1.55812651483
CHOL06,"ZNF682",ENSG00000197124,12.811578,-0.72940159367,,,-4.25250553292,-2.19445745078298,,-2.46400381081,,-4.24580094132,-5.17904347206,-4.23812436602,-1.71293440037,,-4.60553593682,-4.76539661103,,-4.41518165285,-4.39478932098,-4.48135862647,-5.39501881472,-5.42515817637,1.97415578473,,,,-3.58866049789,-3.8241738503,-2.82038446346,-1.22044727694,-3.05226180787,,-0.969472591957,-5.90649894062,-5.78369065352,,,-4.21827219449,,-4.49900780349,-3.70157474737,-3.07844551375,-1.12083489358,,,-4.99429201805,,-2.7817818921,1.15711053466,-1.35582186398
CHOL14,"ZNF682",ENSG00000197124,6.740334,-0.248110335499,,,-2.77180014223,-1.2084386112332766,,-1.8195330638,,-3.04956510248,-3.65706792974,-2.77423806189,-1.26370743851,,-3.13794047236,-3.4083405213,,-3.11974205656,-2.84867156263,-2.98984403812,-3.83564020354,-4.04320467901,1.17185831378,,,,-2.20433273363,-2.42724306497,-0.871471885927,-1.01807384982,-2.25682117267,,-0.770168081781,-4.16288573454,-4.18125283076,,,-2.38392129722,,-2.84921945676,-2.86913958388,-2.19208751865,-0.429842344635,,,-3.60954424086,,-2.72820477631,0.939136096789,-0.533991347883
CHOL16,"ZNF682",ENSG00000197124,9.935954,-0.0648045921726,,,-3.531387168,-1.4693519723389756,,-2.24620882732,,-3.43541433676,-4.49641866601,-3.68234783292,-1.16763699472,,-3.89425067609,-4.19560572463,,-4.03428649078,-3.5694982068,-3.85552207234,-4.71710961537,-4.89474155387,1.62872423663,,,,-2.91312687189,-2.73901959252,-1.97957826929,-1.10799365653,-2.48555487078,,-0.568652614734,-5.22911437721,-4.83134477854,,,-3.1578784245,,-3.57610697411,-3.21550445565,-2.70352594227,-0.572556871086,,,-4.38569007023,,-2.53708378298,1.43593028,-0.663171142316
CHOL17,"ZNF682",ENSG00000197124,9.500121,-0.589149339802,,,-3.38540938362,-1.7125905732859277,,-2.48912907247,,-4.13187263319,-4.26218654948,-3.59760134315,-1.46412963062,,-3.90425590759,-3.95474044161,,-3.82589320098,-3.64387682652,-3.65778133553,-4.40341733029,-4.6503477391,2.73917363222,,,,-3.1237911933,-2.64559656639,-3.37275972495,-1.4729844629,-2.46112928575,,-0.0412204198709,-5.14161907859,-4.99890180279,,,-3.462500167,,-3.75949142532,-3.06188042808,-2.35922868638,-0.733331891428,,,-4.06520057754,,-1.47388653655,1.09931249659,-1.1888248124
CHOL20,"ZNF682",ENSG00000197124,4.952219,-1.32554369802,,,-3.3432691433,-2.125344804803605,,-2.01468012194,,-2.93934166431,-3.57049387497,-2.74655716792,-1.97104474649,,-3.37194006712,-3.24148520112,,-3.52025221018,-2.72580875303,-2.84364928462,-3.49599242212,-3.57530303638,1.76584795592,,,,-2.44647878602,-2.2335036099,-2.80562491981,-0.982209889248,-2.06510603406,,-0.572070130417,-4.74439133468,-4.1911797772,,,-3.11834185687,,-3.15910493326,-2.91768004338,-2.44539666471,-1.73412930038,,,-3.39689418096,,-0.744359184088,-0.0131404820189,-1.51240237206
CHOL21,"ZNF682",ENSG00000197124,2.465974,-0.462805772642,,,-2.0273554605,-0.005772624995867863,,-1.18236470227,,-5.8135937054,-2.68458837003,-2.20901310234,-3.3865740113,,-1.84948777563,-1.75027006924,,-1.15611427858,-0.688726687533,-1.96427889408,-2.52260008378,-2.52537238623,2.36360741883,,,,-1.63508930351,-1.79675193877,-2.50214713469,-2.97796498746,-0.859913088787,,-2.06310071818,-3.52441786316,-2.65801077421,,,-2.92373618823,,-2.49292284432,-2.14811543652,-3.06971292135,-1.06587235512,,,-3.21680852746,,-2.64164136342,-0.159546538866,-1.76007674018
CHOL25,"ZNF682",ENSG00000197124,4.021477,-1.12673008452,,,-3.41624903516,-1.985609950623946,,-1.56480134287,,-2.58056390029,-3.44504307224,-2.65637474465,-1.71802088025,,-3.28735062394,-2.99610616073,,-3.33872337729,-2.72142817367,-2.79487993294,-3.20528866322,-3.45597087517,1.75764302462,,,,-2.42194751759,-2.39010857786,-3.2067578431,-0.475693615164,-1.92698444186,,-0.706244998058,-4.78823952611,-3.88856657396,,,-3.18429442021,,-3.00513587885,-2.93261355002,-2.62986300757,-1.89179212141,,,-3.02992059337,,-0.415084209949,-0.210659200731,-1.82153487726
CHOL26,"ZNF682",ENSG00000197124,6.791451,-0.25422872273,,,-2.9404694048,-1.2027211752904843,,-1.86111238575,,-3.09582148091,-3.83037132792,-2.89286023593,-1.21770768459,,-3.33614997805,-3.60620783341,,-3.2966097197,-2.97835134004,-3.18777038759,-3.9954712679,-4.27292032568,1.18610744631,,,,-2.29384867726,-2.42240955571,-0.692403537223,-1.07441519991,-2.39621496137,,-0.824839976269,-4.22242200364,-4.35239709212,,,-2.60531390704,,-2.77846699532,-2.91354517493,-2.26470026244,-0.290772483661,,,-3.82805671993,,-2.71675835415,1.1127276441,-0.485894266655
CHOL28,"ZNF682",ENSG00000197124,3.827251,-1.18511672243,,,-3.11859247153,-1.9573840257472652,,-1.36971988373,,-2.41136444827,-3.26713375185,-2.60737724692,-1.70854679433,,-3.1514716526,-2.80887788112,,-3.29773551753,-2.75079292588,-2.74570223107,-3.05264533036,-3.39315420373,1.58791955474,,,,-2.43880543953,-2.41344925147,-3.37600339677,-0.693678711712,-1.83755449983,,-0.590293762175,-4.77478366949,-3.65713005949,,,-2.94706691511,,-3.03350351713,-2.75714489897,-2.32712299879,-1.67172342618,,,-2.94990238936,,-0.577829808141,-0.133889648352,-1.6280074515
CHOL30,"ZNF682",ENSG00000197124,3.644989,-0.779868031409,,,-3.30997802261,-1.71489283598948,,-1.14491094799,,-2.24901373529,-3.38372144513,-2.52755063312,-1.37432386249,,-3.15338444303,-2.83703069093,,-3.31369516771,-2.79348550675,-2.73253674112,-3.14169031191,-3.420350546,1.67094762789,,,,-2.19260314669,-2.42447734137,-3.05708374987,-0.29687155665,-1.78359035665,,-0.533135905362,-4.73558890074,-3.82472363173,,,-3.07688692277,,-3.0321000653,-2.70195508722,-2.29457556506,-1.3464230597,,,-2.94311359168,,-0.495525096917,0.206169942758,-1.56412549524
CHOL31,"ZNF682",ENSG00000197124,12.715547,-0.559570287881,,,-4.13759247068,-2.1356652620188474,,-2.6304573829,,-4.04905864222,-5.14465986281,-4.25171378034,-1.56589893547,,-4.55684151848,-4.7923527239,,-4.4627077733,-4.23449337102,-4.44674240788,-5.35969108226,-5.42803643123,1.94235564886,,,,-3.48958575739,-3.54422294124,-2.36611368349,-1.40070911139,-3.06134852433,,-0.953648271873,-5.94318245464,-5.57182846635,,,-3.97674986422,,-4.28584173509,-3.76195109185,-3.20054844999,-1.07267577392,,,-4.87033791557,,-2.79819831874,1.23379632425,-1.23437109367
CHOL32,"ZNF682",ENSG00000197124,4.670358,-1.24689164712,,,-3.42813998712,-2.0365125766171595,,-1.78317768131,,-2.80788263136,-3.6353563712,-2.74745456352,-1.98579975923,,-3.50402654996,-3.23551256178,,-3.61763061302,-3.0280564651,-2.98643100671,-3.4562501675,-3.8166600436,1.75438350021,,,,-2.46373509794,-2.52188969917,-2.76346669783,-0.748468350614,-2.35536879066,,-0.764320608518,-5.02712833171,-4.02817446653,,,-3.20329865822,,-3.22268910725,-3.10849872381,-2.56286370003,-1.57897091501,,,-3.0707653414,,-1.07046289101,-0.0837534871836,-1.59503134782
CHOL33,"ZNF682",ENSG00000197124,7.175939,-0.765405575967,,,-3.48521261455,-1.6801333364393902,,-2.17447034352,,-3.95107419684,-4.25282791561,-3.40373665554,-1.53613334358,,-3.88450662826,-3.84761665207,,-3.76804071346,-3.54816000951,-3.5315241007,-4.30648359896,-4.56507411815,2.49734593732,,,,-2.98544519365,-2.64803031933,-3.60525994628,-1.16582312593,-2.41678613144,,-0.117274446195,-5.0052085232,-5.00139644995,,,-3.58959372928,,-3.63086505019,-3.10628471508,-2.44353500259,-0.7998822558,,,-4.03653735282,,-1.22541734598,0.963995608392,-1.29428137167
FATT24,"ZNF682",ENSG00000197124,5.506068,-0.777066192338,,,-3.27322364437,-2.1297093438471624,,-3.52868964834,,-4.27473051814,-3.33621996773,-3.2481806033,-1.66261666297,,-2.75171047106,-3.11552483826,,-3.23898936718,-2.39012064923,-3.46376921336,-3.36179442056,-3.24614748436,0.310371702428,,,,-2.63808031446,-2.69590497662,-2.14671319484,-1.71787054765,-2.41047176839,,-1.18656192699,-4.73731536317,-3.68864231645,,,-2.53907476211,,-2.58292574899,-2.69960682787,-2.08488855325,-2.27680871238,,,-3.52747882392,,-1.67945741938,-0.488291835922,-1.67582496658
FATT29,"ZNF682",ENSG00000197124,7.783623,-1.08113183743,,,-4.19499860828,-2.941036674510921,,-3.71710326284,,-3.87714513841,-4.10771397039,-4.0388663368,-2.11261995227,,-3.39147260422,-3.9099087849,,-4.11155126504,-3.03028306767,-3.7239412395,-4.20399741968,-3.67076607037,1.11797654297,,,,-3.2672229771,-3.59327187446,-2.73346556264,-1.52775042445,-2.53159818611,,-1.54365780667,-5.17582479287,-4.35745282328,,,-3.65166332894,,-3.96994998956,-3.2110662229,-3.08538959306,-2.83867302269,,,-4.28146350226,,-2.16389256308,-0.650049415967,-2.49105721832
LIPI02,"ZNF682",ENSG00000197124,7.231717,-0.970693478522,,,-3.70825765537,-2.1881640831203115,,-1.9852338836,,-2.99125026827,-3.91778004197,-3.20049215741,-1.80869231626,,-3.64222082752,-3.52135710702,,-3.83559320642,-3.32337937406,-3.42744052562,-3.90585246721,-4.0965939614,1.87067404611,,,,-2.68115039743,-2.77529141558,-3.26423374677,-0.530047610424,-1.9938110424,,-0.561344568481,-4.8795288157,-4.63469825447,,,-3.65413880043,,-3.46554547876,-2.84758239626,-2.44998988378,-1.86680582549,,,-3.64627451906,,-1.09264345762,0.322873153254,-1.63767327943
LIPI04,"ZNF682",ENSG00000197124,4.994991,-1.11115769448,,,-3.59454271649,-2.0076839174213346,,-1.68366083635,,-2.71279781674,-3.61134773502,-2.76887049694,-1.74651484339,,-3.44809338182,-3.19255066013,,-3.50862104302,-3.04878588587,-2.94508278327,-3.51892484829,-3.75035637506,1.75593879491,,,,-2.4343514025,-2.50345125861,-2.9154532929,-0.555428242512,-2.06152933983,,-0.593778200892,-4.85527337725,-4.16335066619,,,-3.41080940883,,-3.25656055091,-2.93715358225,-2.56886622208,-1.78934275991,,,-3.23186814458,,-0.481259328624,0.0188740688865,-1.71495938145
LIPI05,"ZNF682",ENSG00000197124,6.011677,0.135823322097,,,-3.05254723513,-1.1407347623687365,,-1.50578881924,,-2.27653093539,-3.67325608668,-2.96978250743,-0.819730055599,,-2.99881241721,-3.34501214213,,-3.10440844526,-2.84617840129,-3.17303807,-3.86077466082,-4.22591479304,1.15099396627,,,,-2.16183179606,-2.79485591739,-0.8963463792,-0.053474959798,-1.9981404715,,-1.07429081068,-3.53029749992,-4.17442804477,,,-2.1698879508,,-2.84352338851,-2.62382344798,-2.06580225598,-0.391422272156,,,-3.64559530707,,-2.92641119492,1.12013555062,-0.369993038243
LIPI07,"ZNF682",ENSG00000197124,5.128264,-1.14128295315,,,-3.68574919387,-1.965540369095634,,-1.66401290334,,-2.72153201355,-3.68395356534,-2.75037665942,-1.78057653159,,-3.51713112617,-3.27307836226,,-3.54839064698,-3.04550560133,-2.93901095838,-3.55153840045,-3.73998819178,1.68688164671,,,,-2.44699505593,-2.54568557329,-2.61437600863,-0.605301306789,-2.23050555258,,-0.701727049422,-5.04043869398,-4.21703170474,,,-3.41148059313,,-3.29473401082,-3.12725913167,-2.72997884196,-1.7449926122,,,-3.21385187694,,-0.516202684159,-0.046945741651,-1.77386034376
LIPI09,"ZNF682",ENSG00000197124,6.037939,-1.08086282832,,,-3.93627751391,-2.099979834131112,,-1.71661198762,,-2.93039596899,-3.99068605846,-3.00386180316,-1.91286373907,,-3.75644452913,-3.65122269945,,-3.95852390239,-3.26257148275,-3.32180541677,-3.86632605508,-4.12949262142,1.51256738113,,,,-2.57704367211,-2.9416190489,-2.52765356351,-0.639057699068,-2.36727040049,,-0.990354275343,-5.54260984769,-4.55826459215,,,-3.60583034225,,-3.55366933172,-3.33896004938,-2.91226598426,-1.81114342,,,-3.56162838275,,-1.3588061761,-0.0629718352548,-1.86373587037
LIPI10,"ZNF682",ENSG00000197124,8.701474,-0.461824815183,,,-3.76570490571,-1.6950373679250852,,-2.42202984142,,-4.17140393231,-4.54509806949,-3.64744895158,-1.47257247468,,-4.041298016,-4.1985978858,,-4.03496658284,-3.78025249666,-3.77697739223,-4.64006265172,-4.79864793892,2.44318866106,,,,-3.06985150802,-3.01337599156,-2.49889641467,-1.07258366284,-2.55118159155,,-0.444138595425,-5.19924092259,-5.30367524378,,,-3.72861975578,,-3.95327408424,-3.20790122284,-2.51629083938,-0.772763232756,,,-4.27558135876,,-1.83451868674,1.17534083277,-1.26672492814
LIPI12,"ZNF682",ENSG00000197124,6.128059,-0.729092494484,,,-2.53590361727,-1.577372583436284,,-1.58751666463,,-2.84163768756,-3.45604435368,-2.75977624023,-1.70126621116,,-2.98934962138,-3.1300994876,,-2.72488140755,-2.49656875012,-2.84806381811,-3.55366589507,-3.89632996892,0.902621474169,,,,-2.26067488521,-2.75361481354,-0.160356269875,-0.750956155816,-2.20259840365,,-1.37780784487,-3.70386026476,-4.05047772784,,,-2.11514682853,,-2.63224531718,-2.77479217983,-2.0180060319,-0.747952295585,,,-3.32358027154,,-3.26444921319,0.339458473435,-0.831294862056
LIPI13,"ZNF682",ENSG00000197124,12.087077,-0.489246544556,,,-4.02125694295,-2.105729959660926,,-2.52221226667,,-3.88504091268,-4.69549094547,-4.02082596357,-1.72792451741,,-4.18471479922,-4.41822927326,,-4.56342127564,-3.9653852312,-4.26183283338,-4.82756904889,-4.96079351126,2.03104679272,,,,-3.19539979713,-3.14725042234,-3.3309758873,-0.627556337923,-2.13291882093,,-0.239099282719,-5.14844473487,-5.69518286282,,,-3.96091366256,,-3.92756410708,-2.92890116572,-2.33391006122,-1.30738800079,,,-4.52532555593,,-2.17307977838,1.2935437242,-1.28563015194
LIPI14,"ZNF682",ENSG00000197124,9.036992,-0.0643743047259,,,-3.58888169626,-1.4495921823237858,,-2.11151997367,,-3.1920930558,-4.47212253699,-3.63469441966,-1.11075985899,,-3.82498381442,-4.14664386963,,-3.80776969449,-3.58693878525,-3.80244635173,-4.65615780042,-4.66374446315,1.86167701352,,,,-2.91033013474,-2.95444499172,-1.60690192006,-0.833644559735,-2.56704689059,,-0.889724646162,-4.96068659441,-4.80721782735,,,-3.02919769352,,-3.65880761324,-3.19734722536,-2.5846351768,-0.438593137825,,,-4.25862767505,,-2.72357172389,1.49196444047,-0.636934559303
LIPO01,"ZNF682",ENSG00000197124,8.253927,-0.872165751243,,,-3.85669479194,-2.236531053786337,,-2.05945202137,,-3.06394955654,-4.08521080585,-3.36169709882,-1.80749515179,,-3.77338327321,-3.73540261765,,-4.02597811381,-3.51819453682,-3.61604915285,-4.11082622705,-4.25253178733,1.75412111951,,,,-2.76674312021,-2.97018853883,-3.2384927652,-0.517523887539,-2.03510847408,,-0.552756259734,-5.03942235907,-4.87458076995,,,-3.8032642467,,-3.62291171751,-2.8928512295,-2.49128886824,-1.8742784662,,,-3.80265800258,,-1.32692127237,0.435231645628,-1.68572917359
LIPO03,"ZNF682",ENSG00000197124,5.560399,-1.06186737062,,,-3.7319436452,-2.100026519957112,,-1.76350987442,,-2.81463954369,-3.75755258267,-2.93389547624,-1.77748020438,,-3.55934980159,-3.35891534317,,-3.67806506705,-3.18550980195,-3.12486132529,-3.69042064931,-3.90462509395,1.71115913966,,,,-2.53500690441,-2.6767824678,-2.93578459339,-0.570651850802,-2.09792302525,,-0.624551460265,-5.02461652265,-4.36359198761,,,-3.56679608319,,-3.40252697228,-2.99454580802,-2.62397461427,-1.86913855077,,,-3.37139654948,,-0.648748715998,0.0517170535624,-1.80369859702
LIPO04,"ZNF682",ENSG00000197124,6.763286,-0.164235940655,,,-3.40649032221,-1.5937103951779343,,-1.81681282074,,-2.98124988591,-3.98178904556,-3.17011596832,-1.21276581206,,-3.39787977799,-3.64705696297,,-3.380453115,-2.93988549717,-3.62430936213,-4.02597495848,-4.30302826001,1.18943696213,,,,-2.5830191708,-3.13133626174,-0.625697035512,-0.821926829016,-2.52260815267,,-1.3341347279,-4.23224869241,-4.60883234159,,,-2.66995794443,,-3.22189034328,-2.98911490288,-2.22944356163,-0.655615450334,,,-4.14712912819,,-3.42038362735,0.960278669863,-0.786793241404
LIPO06,"ZNF682",ENSG00000197124,5.239841,-1.14234183108,,,-3.8247593323,-2.080424574312829,,-1.75764807119,,-2.84517773673,-3.81783226826,-2.9018520906,-1.84409143219,,-3.62791573512,-3.42115744971,,-3.69699168313,-3.14527537232,-3.07951637023,-3.69324368062,-3.90118914336,1.6265824307,,,,-2.55295448919,-2.68815165163,-2.6094582745,-0.641913059346,-2.28273495153,,-0.767446419009,-5.22904717421,-4.39014859307,,,-3.52053466749,,-3.41837693287,-3.21218033167,-2.8125012789,-1.878894508,,,-3.3315697813,,-0.64008182029,-0.0715848128231,-1.88307568508
LIPO07,"ZNF682",ENSG00000197124,8.371345,-0.379527855884,,,-3.68316036903,-1.8726960692912944,,-2.03569263968,,-3.03265798255,-4.31722531122,-3.57130711151,-1.36080001873,,-3.74436875631,-4.08183623467,,-3.65726850361,-3.53297294953,-3.7130647484,-4.56094167467,-4.31783071242,1.52896914988,,,,-2.89025709201,-3.48373430188,-0.955630691839,-0.55283852624,-2.66576803488,,-1.46092290348,-4.24004771506,-4.81595698662,,,-2.92751549849,,-3.99759200786,-3.34481952094,-2.58381637006,-0.670688374654,,,-4.34927457555,,-3.24881846647,1.28338545366,-0.782521426484
LIPO10,"ZNF682",ENSG00000197124,7.220057,-1.00107605324,,,-4.051046467,-2.143292515756881,,-1.83199374477,,-3.1413064979,-4.12447328756,-3.17165215565,-1.92927872574,,-3.85030915319,-3.82057625403,,-4.10271801181,-3.28676581711,-3.45691525792,-4.01039445667,-4.22666216769,1.52778072155,,,,-2.66339998446,-2.95354857698,-2.47230338939,-0.717185881015,-2.34569866614,,-0.931285757745,-5.8009629172,-4.78831694399,,,-3.61903008652,,-3.60751971009,-3.41518430412,-2.96307266224,-1.91678677084,,,-3.70612319232,,-1.40370408542,0.0874468346735,-1.88250882349
LIPO11,"ZNF682",ENSG00000197124,8.577279,-0.321040180926,,,-3.70494458909,-1.6249189484569193,,-2.39731896954,,-4.05435600366,-4.48452641426,-3.62160685011,-1.35546213244,,-3.96930025888,-4.17561174801,,-4.02304377671,-3.7599760682,-3.76830659581,-4.60981912837,-4.747227242,2.36967923849,,,,-3.02821989099,-2.98557684363,-2.16183360737,-1.05619881024,-2.4870640934,,-0.43125629578,-5.15603381123,-5.20290453291,,,-3.63329184699,,-3.92518795925,-3.13433654292,-2.46174746451,-0.678386745401,,,-4.21813584699,,-1.94561066631,1.26742417576,-1.18271039174
LIPO14,"ZNF682",ENSG00000197124,11.594261,-0.434190594878,,,-4.08005892056,-2.1362337580659427,,-2.51400605963,,-3.86004835437,-4.73981244893,-4.06593361119,-1.70843486985,,-4.22720629364,-4.49817504774,,-4.58771237003,-4.0580653803,-4.27907654285,-4.89219102786,-4.94931804616,1.95315824236,,,,-3.22823726521,-3.25524570439,-3.22344164734,-0.626308344906,-2.17733914899,,-0.254400037048,-5.21036028972,-5.73705744058,,,-4.02787702763,,-4.03363967504,-2.96471172928,-2.37339311787,-1.2856196513,,,-4.54925084907,,-2.23586260049,1.29932621731,-1.35901190305
PHLI04,"ZNF682",ENSG00000197124,5.844330,-1.0976244553,,,-3.4736127547,-2.199635029077195,,-2.03446744903,,-2.57195735371,-3.84504553068,-3.17639143712,-1.82048180143,,-3.67932453161,-3.62468427666,,-3.93692373171,-3.26199271153,-3.4054856975,-3.85378201326,-3.96471801089,1.65823906342,,,,-2.6962946093,-2.51915365494,-3.59767573636,-0.938689645184,-2.15224885489,,-0.475883677901,-5.01348999531,-4.48239382468,,,-3.37050852766,,-3.24152695859,-2.90535972128,-2.51667210085,-1.88968603553,,,-3.53704307397,,-1.22242469191,0.335267265523,-1.43607294889
PHLI06,"ZNF682",ENSG00000197124,5.441495,-1.16653958492,,,-3.83568205705,-2.3276356200209842,,-1.83723179879,,-2.65513844328,-3.88915347516,-3.18902565046,-1.92283120001,,-3.68051586007,-3.494104042,,-3.73012641996,-3.04616766864,-3.25337118901,-3.71582398971,-3.90428518498,1.61411997359,,,,-2.79452767215,-2.80743206769,-3.41892147561,-0.562868242643,-2.17747384523,,-0.961113145632,-5.28327842808,-4.40530793789,,,-3.4059505535,,-3.40200912236,-3.24672431925,-2.97709013631,-2.26859635733,,,-3.50718735541,,-0.976599781915,-0.17545552996,-2.00733407831
PHLI07,"ZNF682",ENSG00000197124,7.394264,-0.00767024028847,,,-3.55570213066,-1.5426703630324483,,-2.0173077495,,-2.44701848954,-4.17779434784,-3.47199402901,-0.998579662082,,-3.48838664325,-3.84790029914,,-3.61433521065,-3.2452889204,-3.63972632995,-4.3952936241,-4.83990777564,1.1993565624,,,,-2.62843237293,-2.95173692555,-1.52306791189,-0.575768084708,-2.51194975729,,-1.28870501675,-4.26659077645,-4.54818191864,,,-2.76145994058,,-3.21101658891,-3.15757176932,-2.74491645947,-0.712791261904,,,-3.99506561565,,-2.970406854,1.0182277051,-0.763738817002
PHLI09,"ZNF682",ENSG00000197124,6.156057,-1.10732304732,,,-3.5975634195,-2.1757626466712816,,-1.58274496031,,-2.57361174972,-3.70043224767,-3.05813948612,-1.82501678109,,-3.44834387645,-3.17851736778,,-3.42712090375,-2.86703709535,-3.01348873787,-3.47072361621,-3.77804060345,1.80308541821,,,,-2.69421770078,-2.73695020603,-3.34407491591,-0.585223500577,-1.91505828978,,-0.918880947347,-5.18617867775,-4.17789889488,,,-3.12336523707,,-3.38522984702,-3.06284447644,-2.65874496033,-1.90803862264,,,-3.42603685226,,-0.835845993121,-0.0763654977041,-1.93537778868
PHLI10,"ZNF682",ENSG00000197124,9.900423,0.0482721035495,,,-3.72296313319,-1.4507331916013018,,-2.34434852426,,-3.33635860191,-4.59654395595,-3.75857194608,-1.04964079501,,-3.96848580424,-4.27824856027,,-4.0631886381,-3.70250654838,-3.94116027731,-4.8193904437,-4.96930200394,1.6470515294,,,,-2.95018452229,-2.8248541417,-1.98919507819,-1.00249428052,-2.56270796465,,-0.628221165519,-5.21472033601,-4.88420895827,,,-3.2811071356,,-3.66265200666,-3.24687513006,-2.77421069607,-0.539088284838,,,-4.46995849569,,-2.4552982663,1.48506417909,-0.716310892097
PHLI11,"ZNF682",ENSG00000197124,9.924344,-0.411497618643,,,-3.81123482898,-1.6729519463139022,,-2.35460241666,,-3.9303872323,-4.64318471761,-3.71723299867,-1.4162814146,,-4.1592085206,-4.34748778927,,-4.18747726294,-3.90790574171,-3.88453296509,-4.81175110978,-4.93297161832,2.25974069947,,,,-3.03689475937,-2.89870925886,-2.52035365073,-1.11895841068,-2.51834063551,,-0.137156608038,-5.27168344311,-5.33773137165,,,-3.77592332737,,-3.89782659242,-3.22873579281,-2.60660451059,-0.689238578288,,,-4.39227471481,,-1.77521002614,1.4308706191,-1.16404846209
PHLI12,"ZNF682",ENSG00000197124,7.483729,-0.763521725087,,,-3.66594844539,-2.0955784296667206,,-2.28074256169,,-3.36652400626,-4.12648140824,-3.50268611214,-1.75183442408,,-3.84635794006,-3.99431139267,,-4.09267504933,-3.61580791889,-3.72710800819,-4.19352631054,-4.21652933456,1.81323128222,,,,-2.88199011154,-2.84370904203,-3.42758093676,-0.652640094355,-2.07916840637,,-0.230343353067,-4.8067527772,-5.04905444675,,,-3.66696622386,,-3.52863441284,-2.69069029965,-2.14467865342,-1.49820877494,,,-3.92264976675,,-1.58947997051,0.917140340043,-1.28885076878
PHLI13,"ZNF682",ENSG00000197124,5.699035,-0.737073245651,,,-2.83128823678,-1.9242925463614284,,-1.78914395097,,-2.90475724516,-3.42076228239,-2.89970820714,-1.66995621954,,-3.06806398415,-3.19600751061,,-2.91153441616,-2.61890710746,-3.00854136203,-3.58238340029,-4.32952455244,1.00730856119,,,,-2.41392645239,-2.81693758781,-0.661205855421,-1.04545275651,-2.42303607929,,-1.47190688859,-3.82706164145,-4.02481395996,,,-2.43665999836,,-2.8931180777,-2.91970306466,-2.26882755442,-0.999931915113,,,-3.54901857279,,-3.26284826262,0.156672390804,-1.1562560613
TRGL01,"ZNF682",ENSG00000197124,8.797839,-0.453882647224,,,-3.70722763576,-2.0332456687258404,,-2.50193460002,,-3.72448679271,-4.45080592109,-3.77426000536,-1.42455986024,,-3.9119370327,-4.23124622537,,-4.20489046116,-3.51362425522,-3.95769193386,-4.63810516073,-4.89800718566,2.12205877704,,,,-3.24845735723,-3.05284590185,-1.58436326611,-1.31518575362,-2.75777530603,,-0.926482004796,-5.38467887577,-5.13595859227,,,-3.51160021059,,-3.879084008,-3.33937980197,-2.6956580548,-1.02491197016,,,-4.12973813591,,-2.42816223278,0.959220363574,-1.33704561627
TRGL05,"ZNF682",ENSG00000197124,7.871310,-0.348152071679,,,-3.95194337228,-2.1428318339104946,,-2.05273452264,,-3.62138600989,-4.19171488393,-3.59223958543,-1.58769451947,,-3.76117028307,-4.1051817034,,-4.34226703006,-3.65888010828,-3.84378055208,-4.3207640042,-4.41806401201,1.42809532634,,,,-2.85534352883,-3.16149242826,-2.57479115014,-0.514734873448,-1.87630633936,,-0.255130606451,-5.16459324597,-5.25019926194,,,-4.09054352006,,-3.69299878865,-2.67633266069,-2.18160424234,-1.62389751744,,,-3.9228680021,,-1.51371394505,0.814964987556,-1.84032093174
TRGL09,"ZNF682",ENSG00000197124,8.150654,-0.00471663308617,,,-2.96582431977,-1.3396390644617127,,-2.10155726777,,-3.44925136704,-3.84711616628,-3.27268899222,-0.938763119645,,-3.370635644,-3.59922957282,,-3.59067772347,-3.21022175232,-3.40992639101,-4.02493868383,-4.30252382508,2.36845753833,,,,-2.77126791379,-2.35493403728,-1.92563134544,-1.20789128919,-2.06393238794,,-0.236624241229,-4.68659783211,-4.36000247948,,,-2.93750613874,,-3.34651156016,-2.67708812755,-2.02573236454,-0.296148356385,,,-3.57340774374,,-1.92632154258,1.37718101912,-0.797726353388
TRGL12,"ZNF682",ENSG00000197124,10.585528,-0.167993722178,,,-3.97331590269,-1.870532910197767,,-2.3411812847,,-3.89908573711,-4.53373779122,-3.80031390227,-1.4528041381,,-4.01901466301,-4.38944822339,,-4.39082356812,-3.90576539773,-3.98859175574,-4.70545691611,-4.75859255141,1.96895374873,,,,-3.06807096638,-3.16028819253,-2.35702538335,-0.698252531511,-2.1757653749,,-0.235488625686,-5.25544107729,-5.49666332398,,,-3.97726854362,,-3.97874865408,-2.91990223585,-2.3007809066,-0.98421851721,,,-4.28997648456,,-1.95330580045,1.2834086599,-1.48373057441
