code,target,ENSEMBL,association,Adipose_Subcutaneous,Adipose_Visceral_Omentum,Breast_Mammary_Tissue,Muscle_Skeletal,DGN_Whole_Blood,Whole_Blood,Artery_Aorta,Artery_Coronary,Artery_Tibial,Heart_Atrial_Appendage,Heart_Left_Ventricle,Spleen,Brain_Amygdala,Brain_Anterior_cingulate_cortex_BA24,Brain_Caudate_basal_ganglia,Brain_Nucleus_accumbens_basal_ganglia,Brain_Putamen_basal_ganglia,Brain_Cerebellar_Hemisphere,Brain_Cerebellum,Brain_Cortex,Brain_Frontal_Cortex_BA9,Brain_Hippocampus,Brain_Hypothalamus,Brain_Spinal_cord_cervical_c-1,Brain_Substantia_nigra,Nerve_Tibial,Cells_Transformed_fibroblasts,Cells_EBV-transformed_lymphocytes,Colon_Sigmoid,Colon_Transverse,Esophagus_Gastroesophageal_Junction,Esophagus_Mucosa,Esophagus_Muscularis,Liver,Minor_Salivary_Gland,Small_Intestine_Terminal_Ileum,Stomach,Adrenal_Gland,Pituitary,Pancreas,Thyroid,Lung,Ovary,Prostate,Testis,Uterus,Vagina,Skin_Not_Sun_Exposed_Suprapubic,Skin_Sun_Exposed_Lower_leg
BFPC02,"ZNF276",ENSG00000158805,4.356054,-3.79322362044,,-1.93652582875,-2.48382253337,-3.096475826805463,,-4.71251082034,-3.89674134733,,-4.04729430364,-3.28372709772,,,,,,,0.268291579276,-1.64030572619,,,,,,,-4.46195438743,,,,,,-2.9273323585,,,,,,,-0.455288201982,,-2.55555180815,-1.32324925154,,,,,,-3.93033452401,-2.78208094355
BFPC04B,"ZNF276",ENSG00000158805,5.689540,-4.22782224297,,-1.71002924182,-3.0103407799,-2.961651766755411,,-5.13568816817,-3.05147463566,,-5.00365738895,-3.77266783023,,,,,,,0.284753408045,-1.78210337691,,,,,,,-4.82828749299,,,,,,-3.13830320719,,,,,,,-1.42258466579,,-1.91581948864,-1.2627206369,,,,,,-5.10790872737,-2.48590337285
BFPC04,"ZNF276",ENSG00000158805,5.842936,-4.12360666054,,-1.91020127787,-3.17128284405,-3.143175410952313,,-5.27413152631,-2.96265803554,,-5.09848749661,-3.78604608382,,,,,,,0.197210988277,-1.87726066405,,,,,,,-4.93924974549,,,,,,-2.77868149956,,,,,,,-1.44851700682,,-1.88336316048,-1.08061988558,,,,,,-5.02940162129,-2.42893086453
BLOO02,"ZNF276",ENSG00000158805,5.547922,-2.39842439166,,-3.73813386854,-3.13377689504,2.4967595876079476,,-0.0152971825329,-0.5860857074,,-2.69172921962,-3.72145961499,,,,,,,1.87905010139,-4.00056382892,,,,,,,-2.03520472195,,,,,,-2.46520710722,,,,,,,-3.55469261482,,-1.19526195045,-0.356435281483,,,,,,-1.74626403394,-5.30549066151
BLOO03,"ZNF276",ENSG00000158805,8.347357,-3.41600360342,,-4.99648569128,-0.739637586079,-0.21977922865380922,,-2.09460555272,-4.43529201901,,-2.55361837811,-1.96244713673,,,,,,,4.93759591036,-0.707417095399,,,,,,,-3.09662224921,,,,,,-5.29367626771,,,,,,,-3.28498346331,,-4.02320991235,-2.21071363172,,,,,,-4.46491550237,-4.80971576289
BLOO04,"ZNF276",ENSG00000158805,11.998180,-4.41853095602,,-7.44482900346,-6.61374173141,1.9069892850907644,,-2.52569193404,-1.92018754313,,-6.5752692785,-6.54316554403,,,,,,,-0.675945714359,-4.90145232562,,,,,,,-3.99599020854,,,,,,-2.16446997171,,,,,,,-5.27828754686,,-4.1167809601,-1.28001529602,,,,,,-3.31704590532,-5.00482897401
BLOO20,"ZNF276",ENSG00000158805,8.184442,-3.95736566374,,-3.54287261726,-1.2520964967,-0.7033667045045743,,-2.73811690076,-4.16827770918,,-2.93105478351,-2.48998871856,,,,,,,4.42373520573,-0.907920622087,,,,,,,-3.75838357811,,,,,,-5.31649826841,,,,,,,-2.67508027603,,-3.67153644838,-1.67623932224,,,,,,-4.80999122141,-5.24761178317
BLOO21,"ZNF276",ENSG00000158805,7.199331,-3.95396583363,,-6.04320690149,-5.60493698648,-0.608511253573923,,-3.65208083362,-2.26764598379,,-5.90180168086,-5.31600205455,,,,,,,-1.02277091016,-3.6506593525,,,,,,,-4.34553419371,,,,,,-1.91438044392,,,,,,,-3.65284884038,,-3.656446315,-1.42862134893,,,,,,-3.4066831352,-3.23452329341
BLOO22,"ZNF276",ENSG00000158805,9.782411,-4.26914731593,,-6.54766384554,-5.99757362339,-0.283135302113975,,-3.61003753085,-2.36555749432,,-6.23585767452,-5.81696755806,,,,,,,-0.716133517489,-4.16336933837,,,,,,,-4.61438384909,,,,,,-2.28994319424,,,,,,,-4.11920462873,,-3.7881056625,-1.53190749063,,,,,,-3.6694802341,-4.03793291765
BLOO26,"ZNF276",ENSG00000158805,12.219143,-0.905106973518,,-1.86853197323,2.6350010951,-3.87786382945058,,-3.12429829362,-4.3457918909,,-0.00377205752487,2.33522628647,,,,,,,2.91275404143,4.29025817987,,,,,,,-1.50713237945,,,,,,-2.83771453773,,,,,,,0.502776033395,,-3.27299935537,-2.45996334913,,,,,,-3.08340546256,1.58942240152
BLOO27,"ZNF276",ENSG00000158805,16.971754,-1.54625220762,,0.692717824879,2.92996042537,-5.266046550066089,,-4.25230006876,-4.75009867691,,-0.075095195608,2.5157843457,,,,,,,2.68762182301,5.23839094936,,,,,,,-2.30688985079,,,,,,-3.25629609671,,,,,,,1.80266362777,,-3.16126927243,-1.67991803061,,,,,,-3.90146027638,1.63797916189
BLOO33,"ZNF276",ENSG00000158805,6.284615,1.02950010533,,-2.30155896436,-3.1631956543,-0.8937008022738164,,1.5478618243,2.39651111261,,-1.30932130658,-1.310073552,,,,,,,-2.33634259936,-3.4888995797,,,,,,,-0.6098780971,,,,,,2.93482684962,,,,,,,-1.5221460816,,-0.528532412229,-0.80107788213,,,,,,1.08188994041,0.920217252343
BLOO34,"ZNF276",ENSG00000158805,5.434081,-1.61987820081,,-2.48149861674,-4.80273979324,0.043579882660874085,,-0.939328439964,-0.813891263464,,-3.50991667759,-3.93364854522,,,,,,,-2.18508763219,-3.8019624642,,,,,,,-2.30020436276,,,,,,1.39113782869,,,,,,,-3.17939697201,,-1.98381297382,-1.24399736684,,,,,,0.474168296898,-2.58546665743
BLOO36,"ZNF276",ENSG00000158805,9.408290,-4.04756066903,,-6.74824468381,-6.10373326338,1.3753407683504268,,-2.64343784438,-1.84867952373,,-6.19067443868,-5.90379438379,,,,,,,-1.11240796805,-4.1252350506,,,,,,,-3.66842728572,,,,,,-1.72049089701,,,,,,,-4.63018955172,,-3.99958948192,-1.2538593955,,,,,,-3.00358122026,-3.9435608394
HEIG03,"ZNF276",ENSG00000158805,4.392631,-2.32561173028,,-4.78756567745,-2.10705831163,-4.533903849181538,,-3.40662627225,2.86371602239,,-3.5327484559,-1.33604382461,,,,,,,-0.549731311366,-0.940685810138,,,,,,,-3.30985766199,,,,,,0.706861892626,,,,,,,-2.38448004962,,-1.78666798906,-2.016953456,,,,,,-2.36699296985,-1.06596358131
SCBP01,"ZNF276",ENSG00000158805,5.983217,-3.66595339492,,-1.45998387459,2.03248530562,-4.000267036734594,,-4.33989922039,-3.74279611304,,-0.782085420138,0.753863019187,,,,,,,-0.185122578137,2.07279078589,,,,,,,-2.54648558148,,,,,,-2.13683098108,,,,,,,0.706376115391,,-1.0055476348,-0.340637860971,,,,,,-2.50502403164,-0.202691251631
