code,target,ENSEMBL,association,Adipose_Subcutaneous,Adipose_Visceral_Omentum,Breast_Mammary_Tissue,Muscle_Skeletal,DGN_Whole_Blood,Whole_Blood,Artery_Aorta,Artery_Coronary,Artery_Tibial,Heart_Atrial_Appendage,Heart_Left_Ventricle,Spleen,Brain_Amygdala,Brain_Anterior_cingulate_cortex_BA24,Brain_Caudate_basal_ganglia,Brain_Nucleus_accumbens_basal_ganglia,Brain_Putamen_basal_ganglia,Brain_Cerebellar_Hemisphere,Brain_Cerebellum,Brain_Cortex,Brain_Frontal_Cortex_BA9,Brain_Hippocampus,Brain_Hypothalamus,Brain_Spinal_cord_cervical_c-1,Brain_Substantia_nigra,Nerve_Tibial,Cells_Transformed_fibroblasts,Cells_EBV-transformed_lymphocytes,Colon_Sigmoid,Colon_Transverse,Esophagus_Gastroesophageal_Junction,Esophagus_Mucosa,Esophagus_Muscularis,Liver,Minor_Salivary_Gland,Small_Intestine_Terminal_Ileum,Stomach,Adrenal_Gland,Pituitary,Pancreas,Thyroid,Lung,Ovary,Prostate,Testis,Uterus,Vagina,Skin_Not_Sun_Exposed_Suprapubic,Skin_Sun_Exposed_Lower_leg
BODY08B,"ASCC3",ENSG00000112249,9.409638,-1.41896766973,,,2.21346132494,-4.060124263868566,-0.297432993751,2.363356257,,4.0125656462,,,,,,,,,,,-1.37470990904,,,,,-2.36217519177,1.2359070034,-3.36316273973,,,0.716002418353,,-1.54833401977,,-0.620692245414,,,-0.724195724051,,,1.00386223159,1.29057555518,-1.70099182343,,,,,,-0.478302456674,0.152494495938
BODY08M,"ASCC3",ENSG00000112249,7.798030,-0.402785097586,,,2.79397591716,-3.9391413693888024,-0.0694176107843,2.00144887577,,3.26943342014,,,,,,,,,,,-0.507045104108,,,,,-1.65642219389,1.70640484277,-3.65111031814,,,0.606177470459,,-1.23087573467,,0.0439766458069,,,0.714710246918,,,1.46754363084,1.54025593646,-1.32250566082,,,,,,0.000434094308066,0.988130751474
BODY08,"ASCC3",ENSG00000112249,8.950239,-1.58729492722,,,1.88704475169,-3.790717340855087,-0.398751932339,2.35073784677,,3.95796908623,,,,,,,,,,,-1.51963935018,,,,,-2.22044299732,0.94969078443,-3.00892940232,,,0.67612177673,,-1.4773960995,,-0.749058423759,,,-1.00213093408,,,0.783965502205,1.07946479801,-1.66080305564,,,,,,-0.582545970347,-0.0951478897067
DEPR01,"ASCC3",ENSG00000112249,6.379947,1.01394688465,,,1.49792815102,-4.655670022272586,0.860136085908,3.30041768229,,5.17005374689,,,,,,,,,,,-1.30540530636,,,,,0.4698296754,1.39204792285,-4.90160335039,,,-1.95879733087,,-3.24619543395,,-1.55373952271,,,1.6356888189,,,0.538269208109,2.04923236127,-0.948617874971,,,,,,-1.08874915955,-0.88272331122
LEAN06B,"ASCC3",ENSG00000112249,6.852169,-2.89416506794,,,0.978356181839,-3.6480784052524147,-0.263144300841,2.2007293344,,3.75847321334,,,,,,,,,,,-2.02891195023,,,,,-1.48619569,0.305085938298,-2.95748639059,,,-0.392549930417,,-1.72740983443,,-1.38018934713,,,-1.83795050749,,,-0.108640208353,0.406863992966,-1.2764333717,,,,,,-1.36730391782,-0.999297195502
LEAN06M,"ASCC3",ENSG00000112249,6.247936,-1.01081664025,,,2.03244790084,-3.4364888140227,0.89966270578,1.96397386158,,3.36906526821,,,,,,,,,,,-1.05604160189,,,,,-1.15079080778,0.879471368532,-3.56559066727,,,0.389316755841,,-1.69731398402,,-0.37909680622,,,0.050684251098,,,0.827853292085,1.22196517612,-0.92026813477,,,,,,-0.653275802098,-0.0494547012394
LEAN06,"ASCC3",ENSG00000112249,8.835647,-2.30666036765,,,1.62871430734,-4.0267297481060265,0.250598664824,2.48400033831,,4.06610419929,,,,,,,,,,,-1.78701550694,,,,,-1.34485029892,0.633432070344,-3.59849320624,,,-0.137041405173,,-1.83815007707,,-1.0359416784,,,-1.09425972781,,,0.360984395208,0.865334810944,-1.1782387002,,,,,,-1.1595136457,-0.673773528248
MENA01F,"ASCC3",ENSG00000112249,9.345862,-0.681195738536,,,-0.796563755206,3.319627080116679,0.885486539185,-4.28345508494,,-4.87785523206,,,,,,,,,,,3.1153581214,,,,,1.62386665298,0.328522673161,3.4974744248,,,-1.82504049676,,2.21032901384,,2.28958051407,,,0.740313666128,,,0.587813094716,0.405666344183,2.2671654852,,,,,,0.947269762983,2.50787729414
MENA02F,"ASCC3",ENSG00000112249,15.077280,0.473663040225,,,-0.824471708052,4.3391815055590275,0.188178815508,-3.66419034478,,-5.357709433,,,,,,,,,,,3.66686583627,,,,,2.6533787716,0.406556785586,3.27729529157,,,-1.4608198298,,2.81067466719,,2.48384440483,,,0.755973915764,,,0.442978031588,-0.0800304475103,3.5371789096,,,,,,1.97446545419,2.22869726251
NEUR02B,"ASCC3",ENSG00000112249,7.264617,-1.5239456188,,,-0.451031706523,-6.206971188100368,-1.48431212567,2.83799451477,,4.2184352019,,,,,,,,,,,-3.37026751624,,,,,-0.787816936408,-0.974472621589,-4.42515523588,,,-2.93452236342,,-4.07577009658,,-3.26047653668,,,-1.1292599556,,,-1.40620637798,-1.79449291577,-1.92348440184,,,,,,-2.75933011334,-2.863181322
NEUR02M,"ASCC3",ENSG00000112249,4.790190,-1.87205306579,,,-1.0257627263,-4.81920273090581,-1.36951416698,2.90587888291,,3.81790934965,,,,,,,,,,,-2.95433689797,,,,,-1.10505704339,-1.25399604399,-4.01600075338,,,-2.31371575293,,-3.76277550928,,-3.4150101083,,,-1.43106532592,,,-1.74351497162,-1.47563327845,-1.83986062384,,,,,,-2.63896206703,-3.00769785081
NEUR03B,"ASCC3",ENSG00000112249,4.971754,-1.13305041379,,,-0.830758522591,-5.231465664057568,-0.748475538119,2.29010567284,,3.42606347259,,,,,,,,,,,-3.32068838922,,,,,-0.505996498163,-1.16426756943,-3.50699139983,,,-2.45609534992,,-3.23724903205,,-2.68472715765,,,-0.133842898187,,,-1.36973078949,-1.20865769217,-1.85614291035,,,,,,-2.69591254921,-2.47685376991
NEUR03M,"ASCC3",ENSG00000112249,6.101692,-1.55967384303,,,-1.12146297028,-5.249373556478577,-0.0905680993408,3.29626937577,,4.52546496137,,,,,,,,,,,-3.24993766263,,,,,-0.602713301289,-1.21270413385,-4.83391129625,,,-2.75663574363,,-4.27046158774,,-3.53999023172,,,-0.196631029379,,,-1.86072436667,-1.07072474235,-2.34731627407,,,,,,-3.04551418222,-3.00044073245
