code,target,ENSEMBL,association,Adipose_Subcutaneous,Adipose_Visceral_Omentum,Breast_Mammary_Tissue,Muscle_Skeletal,DGN_Whole_Blood,Whole_Blood,Artery_Aorta,Artery_Coronary,Artery_Tibial,Heart_Atrial_Appendage,Heart_Left_Ventricle,Spleen,Brain_Amygdala,Brain_Anterior_cingulate_cortex_BA24,Brain_Caudate_basal_ganglia,Brain_Nucleus_accumbens_basal_ganglia,Brain_Putamen_basal_ganglia,Brain_Cerebellar_Hemisphere,Brain_Cerebellum,Brain_Cortex,Brain_Frontal_Cortex_BA9,Brain_Hippocampus,Brain_Hypothalamus,Brain_Spinal_cord_cervical_c-1,Brain_Substantia_nigra,Nerve_Tibial,Cells_Transformed_fibroblasts,Cells_EBV-transformed_lymphocytes,Colon_Sigmoid,Colon_Transverse,Esophagus_Gastroesophageal_Junction,Esophagus_Mucosa,Esophagus_Muscularis,Liver,Minor_Salivary_Gland,Small_Intestine_Terminal_Ileum,Stomach,Adrenal_Gland,Pituitary,Pancreas,Thyroid,Lung,Ovary,Prostate,Testis,Uterus,Vagina,Skin_Not_Sun_Exposed_Suprapubic,Skin_Sun_Exposed_Lower_leg
BFPC01,"PLA2G6",ENSG00000184381,7.668087,1.7379020951,,2.40387897947,,3.6533098068172585,3.11971330296,1.28309861164,,3.45087987072,1.99045959784,,2.67255771189,,,0.978693669951,,,,,,3.85376668119,2.71684153008,,,,3.14687028294,2.83782950502,,1.16293495333,2.8782410832,,3.08173582036,3.58804477417,1.21996401362,,,2.90783086184,,2.73885743133,3.01600258525,3.14838618955,3.42690913705,,,,,,3.72735451322,
BFPC02B,"PLA2G6",ENSG00000184381,14.895923,-1.08823924939,,4.29390195699,,5.712259155677961,5.60672576107,3.94086604483,,6.67823567352,2.12762912301,,4.24483589228,,,2.75071726269,,,,,,3.80128312358,4.75309962414,,,,5.49877457599,5.74382153945,,5.36464295572,4.37540300463,,5.42757394704,6.10858305803,0.0880390866946,,,2.94224611857,,4.06096990572,5.44915273656,5.28479832003,5.14405714385,,,,,,4.9525110175,
BFPC02F,"PLA2G6",ENSG00000184381,5.957543,-0.619283056988,,2.42137617599,,4.039606613328078,3.57193063052,1.50890820432,,4.24145650233,1.06346314034,,2.67139003185,,,1.60815095851,,,,,,2.41574294133,2.83518136607,,,,3.61226859258,3.80018798331,,3.67517152646,2.53225736883,,3.4863412225,4.01155172195,-0.337299622604,,,2.07037731914,,2.03170520343,3.43664818868,3.0878038393,3.06605667297,,,,,,2.99824022567,
BFPC02M,"PLA2G6",ENSG00000184381,9.646853,-0.891029449879,,3.55062894449,,4.11094139723926,4.33003476719,3.79165394633,,5.16722814903,1.85591250394,,3.30251781992,,,2.23157477634,,,,,,2.94166876773,3.81574094177,,,,4.16504711337,4.33026158334,,3.9495390626,3.56956679115,,4.17033052621,4.62808900327,0.359623745849,,,2.12259571594,,3.54944846522,4.23439329465,4.28954807592,4.13000086569,,,,,,3.94118056303,
BFPC02,"PLA2G6",ENSG00000184381,13.357555,-1.15112081289,,4.17812709055,,5.715907110322877,5.57635528171,3.65439315278,,6.60870081981,2.03823913296,,4.1912257152,,,2.65439207485,,,,,,3.66592026061,4.61056644692,,,,5.4929062057,5.6982063125,,5.31204113541,4.19975677376,,5.40883492733,6.03852080231,-0.0379544274241,,,3.00129176838,,3.89494576561,5.41161473733,5.1691650305,5.01528717109,,,,,,4.88903651382,
BFPC03B,"PLA2G6",ENSG00000184381,15.511224,-1.11531857208,,4.2539259617,,5.595210952208664,5.4837571942,3.97706137728,,6.59108005271,2.06485184132,,4.2502550167,,,2.83399192244,,,,,,3.75217000429,4.68588946691,,,,5.39490326306,5.63881775928,,5.32983551805,4.29003119677,,5.30077794581,6.02462240427,0.119871768393,,,2.81787488025,,3.9611024899,5.31333276075,5.21822577944,5.04107200778,,,,,,4.85692141157,
BFPC03F,"PLA2G6",ENSG00000184381,6.486356,-0.611314059665,,2.34910632001,,3.8363174978838095,3.36672153143,1.53090166375,,4.09644057002,0.903942943866,,2.64759322906,,,1.78425982259,,,,,,2.30531403621,2.70563379067,,,,3.4309308814,3.63830378038,,3.60892534854,2.40878206763,,3.27306833853,3.85751047053,-0.29491989913,,,1.87091855035,,1.87466633724,3.20737870722,2.98531123265,2.89223507792,,,,,,2.83017733046,
BFPC03M,"PLA2G6",ENSG00000184381,9.406548,-0.931809907317,,3.55635245451,,4.112447289890492,4.3289422397,3.82664581059,,5.16567317632,1.89944722687,,3.32662330756,,,2.20322412024,,,,,,2.96275149014,3.82923963161,,,,4.16916546526,4.31766204732,,3.95240432774,3.55720583899,,4.17038244285,4.63627910267,0.37080178629,,,2.11451514331,,3.54596160266,4.23551907685,4.2839798515,4.13184541505,,,,,,3.94789727308,
BFPC03,"PLA2G6",ENSG00000184381,13.239555,-1.18493437709,,4.13030692979,,5.5738758597693145,5.42730991278,3.68776289117,,6.50147537344,1.94959120948,,4.18832191459,,,2.77057296995,,,,,,3.60342456653,4.52941965955,,,,5.36496201315,5.57218735342,,5.2739648107,4.09455163002,,5.25444539694,5.93302320522,0.00462564708293,,,2.84662839711,,3.7697234518,5.24517875924,5.0899997396,4.88432517817,,,,,,4.77006916409,
BFPC04B,"PLA2G6",ENSG00000184381,25.416144,-1.15262642226,,6.43914815985,,6.943654917050505,7.23502485989,5.76148150167,,9.4278254405,3.36076248877,,6.80371748973,,,5.41280979626,,,,,,5.17083213627,6.74723158718,,,,7.47814824752,6.79913589627,,7.66855801069,5.6652160081,,7.09710176547,7.79422336201,2.30608827303,,,5.14364313009,,5.39311023478,6.73999453615,8.20384908328,6.36068599613,,,,,,7.26811948106,
BFPC04F,"PLA2G6",ENSG00000184381,10.323252,0.662644172773,,4.29816883535,,5.086551156171957,4.88034864026,4.06480991768,,5.93815855351,2.60029300605,,5.06504708142,,,4.060489883,,,,,,3.27978326787,3.96718286861,,,,5.06673373908,4.55062279728,,4.42802177421,4.29309110313,,4.85096221254,5.2572870405,0.834297806171,,,4.17262173382,,3.64178086965,4.52004593257,5.69856332481,4.2431923957,,,,,,5.06656425648,
BFPC04M,"PLA2G6",ENSG00000184381,20.269161,-2.16149404786,,5.2720848068,,5.296710179813055,5.88023715655,4.52967128497,,8.01952004272,2.44698849799,,5.1236673576,,,4.04877434153,,,,,,4.38063884648,5.98233014854,,,,6.05879199255,5.55527566853,,6.86596426008,4.1973448838,,5.71384687833,6.33366067975,2.48855840448,,,3.57921533655,,4.37968330437,5.5003809619,6.52526296465,5.2100801931,,,,,,5.76703050797,
BFPC04,"PLA2G6",ENSG00000184381,24.722826,-0.830125729958,,6.29508596714,,6.911350814752163,7.11542031326,5.73331830147,,9.12717656536,3.38985111211,,6.7719201498,,,5.41763341215,,,,,,5.00268981559,6.49505227723,,,,7.36145016505,6.66219714436,,7.35111459945,5.63776222875,,6.99800986597,7.65240792612,2.05138963437,,,5.22858399169,,5.33112397964,6.63048157301,8.08159804111,6.20526794136,,,,,,7.15428776586,
FATM02B,"PLA2G6",ENSG00000184381,12.726582,-0.90921036005,,3.77339590413,,4.7044780569692515,4.7562542771,3.33976524842,,5.98413888326,1.97600011725,,3.48438673909,,,2.24276919703,,,,,,3.20055498763,4.44634882531,,,,4.69210296603,4.99503868466,,5.2046657396,3.27308223736,,4.55243307803,5.52385085436,-0.284277495443,,,2.33683929323,,3.45100590151,4.60057745494,4.50570711896,4.77452660583,,,,,,4.26424145729,
FATM02M,"PLA2G6",ENSG00000184381,8.248567,-0.387856249226,,3.10332788377,,3.4776750805572076,3.81703853198,3.4965333383,,4.54377832745,2.07219257158,,2.93761592056,,,1.50681543648,,,,,,2.21762155022,3.56213186757,,,,3.74168582125,3.99122071248,,3.72551421571,2.52844537412,,3.66593290186,4.55657574966,-0.693001248397,,,1.46322750423,,2.99507603913,3.8028409951,3.69050014297,4.19637507247,,,,,,3.28198733688,
FATM02,"PLA2G6",ENSG00000184381,11.755525,-1.07037004323,,3.69541862622,,4.6710169073460746,4.69932674978,3.02475627625,,5.93970034306,1.80453483054,,3.38509653188,,,2.2619608531,,,,,,3.14425061246,4.30294572565,,,,4.64100875392,4.87861970433,,5.15400355835,3.1720398479,,4.50024456939,5.33368374091,-0.176185158596,,,2.46446133723,,3.32791034274,4.51266056372,4.40173434943,4.52439990395,,,,,,4.24753396841,
FATM03B,"PLA2G6",ENSG00000184381,11.895889,-0.963781563669,,3.70782272018,,4.574969133404632,4.61692902972,3.37401524072,,5.87726463112,1.92515991131,,3.50323976901,,,2.30326142527,,,,,,3.15551015406,4.34562223615,,,,4.57602563808,4.87973509726,,5.14501243798,3.19532538653,,4.40990301875,5.43390822662,-0.246643515992,,,2.17769643595,,3.3314700687,4.44933942399,4.43087409139,4.65822038331,,,,,,4.16369976803,
FATM03M,"PLA2G6",ENSG00000184381,9.550059,-0.420235410279,,3.09793736229,,3.4818316611410536,3.80771426102,3.53007198631,,4.5322527574,2.09947873275,,2.95664780501,,,1.4712674424,,,,,,2.23155096552,3.55784626795,,,,3.73529472872,3.96897914189,,3.7236751746,2.5140210842,,3.65724975687,4.55575733016,-0.701937081398,,,1.44811924147,,2.98505117838,3.79835185366,3.67203160886,4.19495204211,,,,,,3.2788814289,
FATM03,"PLA2G6",ENSG00000184381,11.024738,-1.13647441385,,3.61759400126,,4.511756307182879,4.53236199296,3.05506024699,,5.80853978619,1.73551801434,,3.39994746763,,,2.35005072345,,,,,,3.08747927026,4.18667395459,,,,4.50034679371,4.74293985608,,5.08064117054,3.074507774,,4.32892471531,5.22246612244,-0.121109060146,,,2.26853010554,,3.18096132523,4.32919819894,4.31523104136,4.37835520063,,,,,,4.12467708358,
FATM04B,"PLA2G6",ENSG00000184381,20.836123,-0.450999371071,,5.58484621958,,6.177128527845812,6.3454199893,5.1630294805,,8.29370664358,2.95357778433,,5.77488396602,,,4.4320149404,,,,,,4.36999813954,6.41479937894,,,,6.56680915674,6.05940045408,,7.21655967033,4.34476319664,,6.18245757604,7.16881116636,1.3406768333,,,4.68583102318,,4.92233543576,5.92316800377,7.0174479605,5.83067972357,,,,,,6.15128323408,
FATM04F,"PLA2G6",ENSG00000184381,7.911793,1.15786287375,,3.96302459519,,4.865331398582363,4.61920925004,3.83913743178,,5.38278772143,2.06460035362,,4.25727644721,,,3.20652397817,,,,,,2.95230202112,4.08168636198,,,,4.67769066469,4.3978909146,,4.10654826668,3.93849037343,,4.51747550381,5.04150012155,0.131936876016,,,4.40158990931,,3.87131086379,4.29995634728,5.09301845331,4.1482051109,,,,,,4.4516794076,
FATM04M,"PLA2G6",ENSG00000184381,18.133624,-1.60143165331,,4.33262805064,,4.38037894264485,4.82449448044,3.85519713112,,6.85998568635,2.31977978845,,4.34471780635,,,3.3849605152,,,,,,3.51716826961,5.37702909415,,,,5.08003622988,4.61662047502,,6.45955095864,2.63644431177,,4.68622712931,5.59956465327,1.73532982328,,,2.71716622281,,3.49701970445,4.51366906648,5.3460772058,4.51464644307,,,,,,4.69825172861,
FATM04,"PLA2G6",ENSG00000184381,19.333819,-0.124219579539,,5.49754382211,,6.195862870082498,6.29592701499,5.16724360215,,8.04396280652,2.93519385299,,5.71323124184,,,4.3915544501,,,,,,4.25511698,6.22734391999,,,,6.49337134901,5.99251209752,,6.83871187379,4.42370162174,,6.14251871061,7.06274500805,1.0819752192,,,4.89620153538,,4.98963139817,5.88335105913,6.94641912476,5.70542917913,,,,,,6.06084202347,
TRGL03,"PLA2G6",ENSG00000184381,10.020338,-0.41362353979,,-3.44514635794,,-3.801131463552241,-3.34977377778,-2.12613514313,,-4.29235242987,-2.67776703474,,-1.74820011834,,,-1.25646993759,,,,,,-4.05501499994,-1.41237691069,,,,-3.7643513505,-4.3830433099,,-2.96859795186,-3.78494167133,,-3.51883096976,-5.00128769068,0.163571565216,,,-1.91684634014,,-1.75011247487,-3.39786004429,-3.66670731944,-3.73347662089,,,,,,-4.56187297087,
