code,target,ENSEMBL,association,Adipose_Subcutaneous,Adipose_Visceral_Omentum,Breast_Mammary_Tissue,Muscle_Skeletal,DGN_Whole_Blood,Whole_Blood,Artery_Aorta,Artery_Coronary,Artery_Tibial,Heart_Atrial_Appendage,Heart_Left_Ventricle,Spleen,Brain_Amygdala,Brain_Anterior_cingulate_cortex_BA24,Brain_Caudate_basal_ganglia,Brain_Nucleus_accumbens_basal_ganglia,Brain_Putamen_basal_ganglia,Brain_Cerebellar_Hemisphere,Brain_Cerebellum,Brain_Cortex,Brain_Frontal_Cortex_BA9,Brain_Hippocampus,Brain_Hypothalamus,Brain_Spinal_cord_cervical_c-1,Brain_Substantia_nigra,Nerve_Tibial,Cells_Transformed_fibroblasts,Cells_EBV-transformed_lymphocytes,Colon_Sigmoid,Colon_Transverse,Esophagus_Gastroesophageal_Junction,Esophagus_Mucosa,Esophagus_Muscularis,Liver,Minor_Salivary_Gland,Small_Intestine_Terminal_Ileum,Stomach,Adrenal_Gland,Pituitary,Pancreas,Thyroid,Lung,Ovary,Prostate,Testis,Uterus,Vagina,Skin_Not_Sun_Exposed_Suprapubic,Skin_Sun_Exposed_Lower_leg
ANKY01,"ZKSCAN3",ENSG00000189298,39.051230,,-6.60791441377,-5.74891810946,3.30876469756,10.432766926531897,7.25732317545,,,-8.62856197357,-8.62856197357,,,,-1.47696828842,,3.2752314742,,,-6.61299096258,-6.54646727146,-0.728024904954,-6.60709084828,,,,-7.34561651698,,,-0.403856380846,,,,-4.72109222412,,,,,,,,-7.9455235133,,-4.72109222412,,,,,,-1.58770215511
BLOO02,"ZKSCAN3",ENSG00000189298,8.500217,1.42587336344,0.672669385342,-0.949684763323,0.624472737772,-2.5403530860462173,-1.82908046641,,,-1.25930548913,1.33972473252,,,,-0.431254246636,,-3.93852209784,,-2.63137673779,-1.63823762095,-0.612851714054,-0.128008915552,0.732218176586,,,,2.28426532384,,,-1.01207983354,0.0715261738231,,,1.46664773181,,,,,,,2.33427682935,1.38680388099,,1.80122524896,,0.419942567004,,0.493128360293,-1.02073572337,2.04430825127
BLOO03,"ZKSCAN3",ENSG00000189298,23.475617,10.8514231446,8.19593278494,2.56298759557,8.54097366751,-5.054622349134955,-2.25851078054,,,6.90794204993,9.6058274825,,,,1.20594045685,,0.495676789958,,3.12745378653,-2.09989305127,5.8502214967,8.19578596125,9.50033203909,,,,5.18671469331,,,7.25160237979,5.67353070024,,,5.42005279369,,,,,,,9.83467277032,10.8922558144,,9.28893670227,,10.3425405098,,5.31486901366,8.17908383621,9.23861695841
BLOO04,"ZKSCAN3",ENSG00000189298,25.170818,7.92359169294,7.05365398397,0.378631940365,6.00544202225,-3.5136104410138618,-3.73001634307,,,7.39349206746,7.69285654663,,,,-0.369298674166,,0.36793962731,,1.50157546105,-3.57288666995,5.15184264393,6.63116208171,7.63689667691,,,,3.49316889343,,,6.47127333775,4.88440466828,,,3.27034576133,,,,,,,6.742707194,8.4845590908,,7.01812935333,,7.65856987303,,4.97189861272,6.64965153341,6.94803596145
BLOO05,"ZKSCAN3",ENSG00000189298,28.270997,7.06959341926,8.32847438775,2.77143988085,6.90238083454,-8.388543194767095,-5.91798827548,,,3.67359481542,7.57576367992,,,,-1.76444942011,,-2.23931350114,,-3.06932259216,-4.48167596827,3.98345686338,6.38981864322,7.67245120201,,,,5.66144782372,,,1.33262939999,2.86072373718,,,5.21427055438,,,,,,,7.9249158005,7.51917398901,,8.82257775851,,6.62746470234,,6.12403508404,4.84959555533,7.7603242036
BLOO06,"ZKSCAN3",ENSG00000189298,17.263165,4.1464766706,6.14534500605,3.69320502939,4.85733516404,-6.1337151291848935,-2.72820808044,,,2.70188553366,5.2858514534,,,,0.0889460615454,,-1.65881159806,,-1.32879710824,-0.494727042178,2.88263414034,4.67463472848,5.45634196614,,,,5.68392949889,,,-0.6853141746,1.15282718127,,,4.97207681111,,,,,,,5.7027415522,5.29282464223,,6.49825806659,,4.048909593,,3.37504640162,3.53442246398,4.73052379481
BLOO07,"ZKSCAN3",ENSG00000189298,24.505206,5.16023289179,7.31058205267,1.64936580383,4.69402722741,-8.720893428202272,-6.35232502968,,,2.12538827931,5.80083313306,,,,-1.17819044827,,-2.01272449149,,-5.2298267807,-4.5190356483,2.80839948859,3.76031534005,6.19134782986,,,,5.55947275909,,,0.858736833632,1.11428304809,,,3.80755023985,,,,,,,6.24304506647,5.98506881309,,7.18406027937,,4.39302946678,,4.83175291927,3.26888865614,5.3543855812
BLOO08,"ZKSCAN3",ENSG00000189298,10.995034,3.68231262144,5.25760169777,2.11044766311,3.39427767023,-4.67495270025952,-2.08255849672,,,3.46081640679,4.43697066665,,,,0.660954808029,,0.525765869171,,-1.32530195769,-0.503835250022,3.09629855137,4.05945132122,4.62605354984,,,,5.00862154788,,,1.38557989853,1.19345860141,,,3.34827659331,,,,,,,4.84380794276,4.88552901485,,5.11572440098,,3.37061086717,,2.83121276704,3.51426493959,3.27786799469
BLOO09,"ZKSCAN3",ENSG00000189298,18.613983,4.69652015944,6.7983102667,3.71613407654,5.2592061743,-6.807822976600194,-3.28031208643,,,2.94601832604,5.81096737999,,,,0.0191851849285,,-1.91155233577,,-1.80919235586,-0.984768698283,3.07368603224,4.9188357647,6.02951922856,,,,6.17763543565,,,-0.563706033614,1.20460740173,,,5.24088262339,,,,,,,6.3651534768,5.88652901715,,7.14295530663,,4.53793198153,,3.78055952832,3.88328333988,5.24311711945
BLOO10,"ZKSCAN3",ENSG00000189298,27.261410,5.31979752341,7.41446118111,3.74701966152,5.79979765034,-7.37300771050302,-3.70309117015,,,3.25809201488,6.37861289984,,,,-0.256057789802,,-2.05683041743,,-2.02484342177,-1.39524537952,3.38671524087,5.42968375642,6.61277888532,,,,6.48851853446,,,-0.335169680453,1.55173543658,,,5.57355080404,,,,,,,6.92395296812,6.44735054755,,7.7765490348,,5.06775724553,,4.32417349048,4.29345412609,5.85221727174
BLOO11,"ZKSCAN3",ENSG00000189298,36.021509,7.41242625206,10.2297380574,5.83092764571,8.1301120248,-8.617294312118185,-6.37896260736,,,6.06885042485,9.66525160413,,,,0.847152393333,,-0.269901627606,,-1.27285215373,-2.05474759063,7.04380494029,8.68699578083,9.37203363208,,,,7.82408184884,,,2.43705863005,2.17041214361,,,6.63607827186,,,,,,,9.69093148739,9.4996222442,,10.3490929663,,8.12293768492,,6.80802600878,5.97658140023,8.32535707633
BLOO12,"ZKSCAN3",ENSG00000189298,49.392599,7.16855008374,10.219646327,5.12295477923,7.97099988341,-9.925999237719065,-5.81610166872,,,5.03818865103,9.04798982765,,,,-0.0386054408127,,-2.02199181569,,-2.64115271182,-2.18637808542,5.38502058082,7.82060846524,9.12436329857,,,,8.55110788067,,,0.56625702562,2.08964740129,,,7.26105075857,,,,,,,9.43560717638,8.96459726326,,10.5502511565,,7.16073544121,,6.27576861564,5.88687563815,8.09577676388
BLOO13,"ZKSCAN3",ENSG00000189298,18.166572,4.29199737498,6.29928670663,7.23294865263,7.05182168563,-6.265155957693071,-4.37565619964,,,2.79933652194,5.4355163443,,,,-2.43108824159,,-1.41376734025,,-1.34760530995,0.0548424724192,2.16524494422,2.78022065882,5.65383116904,,,,5.417321135,,,2.657997403,1.97105198827,,,5.07190977646,,,,,,,5.93195777169,4.59413032782,,6.68984066759,,7.21428606236,,3.47541102256,4.43188307736,5.57789913459
BLOO16,"ZKSCAN3",ENSG00000189298,26.657202,5.38841625502,7.56794891231,6.72632974551,6.89768670732,-8.94945949185208,-8.0293116913,,,2.56803840391,6.12388927785,,,,-3.14100746333,,-1.28507449595,,-4.95532787347,-3.58756469204,1.91585846811,2.80498822379,6.55508598821,,,,5.25238970726,,,4.15235009485,1.94505375311,,,4.15925514665,,,,,,,6.68968279829,4.69839484489,,7.61920477084,,5.71583038776,,4.98913401535,4.29581783676,5.30364618346
BLOO17,"ZKSCAN3",ENSG00000189298,11.029156,2.88697675836,3.79704805809,2.85671436412,3.07425461999,-5.468779436756804,-5.49400572225,,,0.495366052047,2.86496824509,,,,-1.98878558674,,-1.18364464765,,-4.41655607883,-3.5664097576,0.353622394367,0.56952268628,3.17085180178,,,,2.07945791274,,,2.0931810288,0.896441470378,,,1.35109088788,,,,,,,3.15021902698,1.91579202378,,3.71545822815,,1.74533487061,,2.75253951433,1.73517145652,2.3816473744
BLOO18,"ZKSCAN3",ENSG00000189298,11.792150,3.15249235323,4.04872261484,3.11064789137,3.33746159285,-5.52927898649279,-5.81650711632,,,0.847447674019,3.32788430939,,,,-2.07152634618,,-1.0915531985,,-4.34204423442,-3.83324013365,0.701308236925,0.953889116093,3.46089844393,,,,2.09350029031,,,2.61566148287,1.0169321906,,,1.37723932436,,,,,,,3.54448767289,2.27560474587,,4.00005457592,,2.07066544312,,3.06254851026,1.9867275032,2.65466901483
BLOO20,"ZKSCAN3",ENSG00000189298,16.094895,7.9947853179,6.07402497876,7.31335482891,7.54084105601,-4.2428982956219174,-2.5276549085,,,4.51912483222,7.31585217653,,,,0.500162491035,,1.13633919117,,1.9795586571,-0.553035094985,4.66900850327,5.76166686243,6.98208883677,,,,4.82027178951,,,6.75689455543,3.79047715773,,,4.58194272263,,,,,,,7.79727637355,7.82802984945,,7.10455130231,,6.58236665809,,3.79065374083,6.72218757255,8.06454483682
BLOO21,"ZKSCAN3",ENSG00000189298,20.078673,5.52479243311,5.0219084579,3.20018597947,4.33138374233,-1.0780039605575842,-2.79989943632,,,6.4249049885,5.3887388645,,,,-0.733291824048,,3.49010685805,,2.81341343123,-1.82821905247,4.09553356649,4.62932205854,5.41501647216,,,,2.04710469272,,,6.65087205972,3.87906367676,,,1.96833709425,,,,,,,4.37182386773,5.55576871347,,4.33298438096,,2.92140930583,,3.68777128584,5.05783387264,4.76253303462
BLOO22,"ZKSCAN3",ENSG00000189298,14.912538,5.73806969623,5.12287045697,3.53957659461,4.61726890852,-1.5220926913163177,-3.0165462989,,,6.16875845753,5.5753467465,,,,-0.855862345853,,2.89368981497,,2.37569959442,-2.15821171544,3.93336372828,4.58256608676,5.52160893322,,,,2.31488593175,,,6.670639298,3.93445793723,,,2.20742793265,,,,,,,4.71617314247,5.58947769367,,4.63588314573,,3.15364029849,,3.78092841126,5.00856461305,5.10618200024
BLOO25,"ZKSCAN3",ENSG00000189298,38.156773,9.08369365358,6.97513010545,5.16200984448,7.03125479988,-2.4852052547208885,-5.03741148804,,,7.63794592548,7.35222997997,,,,-1.6849011929,,2.68081825512,,3.96347196941,-0.788409397454,5.80817566335,6.00609742436,8.15940628525,,,,2.53960528597,,,9.3725932372,4.00948370356,,,2.88840759101,,,,,,,6.72186657175,9.39516647591,,6.97898471169,,6.00259581799,,4.64868994967,8.58303328542,7.2704886653
BLOO26,"ZKSCAN3",ENSG00000189298,42.210208,12.5287180887,9.91200424064,7.9654527388,10.237155039,-2.5738453326151243,-3.506667776,,,11.0376487413,10.7964044555,,,,0.989437965322,,8.3193234627,,8.83265509514,1.64149974747,9.7501169242,10.6533620948,11.5970185422,,,,4.41181671132,,,12.5212083177,6.68480654517,,,5.19224130052,,,,,,,9.85803676773,13.6067282974,,9.60007819712,,8.7490408336,,6.25167492292,12.8584335161,10.5257812859
BLOO27,"ZKSCAN3",ENSG00000189298,43.256475,9.86614574095,8.06328314235,6.82328761923,8.3469171926,-2.003452470108707,-1.45452470776,,,8.86966088781,8.86714586151,,,,1.99505728638,,8.08164715237,,8.05903628153,2.42368811741,8.51292307325,9.4512918521,9.39447699707,,,,4.10522980919,,,9.68662601825,5.57903418646,,,4.75355657434,,,,,,,8.16313898006,11.1135645139,,7.73259470978,,7.43904080133,,5.03372691899,10.5785969101,8.51548487409
BLOO30,"ZKSCAN3",ENSG00000189298,17.064019,4.56183582301,6.63728213401,7.45694473735,7.36929303321,-6.650386408164708,-4.87388260707,,,2.88751572406,5.67325985436,,,,-2.73841965549,,-1.62923785428,,-1.79512065643,-0.340961021488,2.10874557729,2.65350640173,5.94055560663,,,,5.54105604259,,,2.84346829729,2.03408947049,,,5.12898540481,,,,,,,6.19038128087,4.75985653656,,6.98823584991,,7.40097305275,,3.71238147972,4.61652564329,5.82992185104
BLOO31,"ZKSCAN3",ENSG00000189298,10.779369,-3.06425723839,-4.03884187505,-2.95032012571,-3.13473298351,5.325500893668519,5.37152208026,,,-1.19611905934,-3.23698601424,,,,1.70082474594,,0.667776216261,,3.96209758766,3.41171462383,-0.863727133088,-1.39179596688,-3.45602784427,,,,-2.31457664848,,,-2.73542564684,-1.01062095912,,,-1.46626926332,,,,,,,-3.48929296604,-2.3553625017,,-3.93942320692,,-1.93908301242,,-3.02855871644,-1.98567802357,-2.42473889895
BLOO32,"ZKSCAN3",ENSG00000189298,5.709654,-2.95072288733,-3.32130792775,-2.99659606435,-2.96216318326,2.562712201384175,4.2058201972,,,-2.44570462162,-3.58858190445,,,,0.469722772922,,-0.515427855154,,1.10977753883,1.85359018668,-2.62641015449,-2.53203255778,-3.21284594706,,,,-1.40398714573,,,-3.74648693446,-1.11908553721,,,-1.05528328661,,,,,,,-3.19025982147,-2.86754813555,,-3.21178869443,,-2.81469388038,,-3.1000391299,-2.15299430487,-2.61842028154
BLOO35,"ZKSCAN3",ENSG00000189298,38.262370,-8.85022831252,-6.94832022735,-5.43655036124,-7.2620438915,3.4502010012329465,5.61091505816,,,-5.33943278157,-7.32036918671,,,,1.99290010925,,-3.88103037411,,-2.85171784106,2.00582891414,-5.44785531074,-5.89836243708,-7.98360791406,,,,-3.24891223713,,,-9.42980756635,-2.67154338557,,,-3.28131953746,,,,,,,-7.04315713367,-9.25422345581,,-7.51924381587,,-5.73961565041,,-3.77186932797,-8.171655945,-7.01019646617
BLOO36,"ZKSCAN3",ENSG00000189298,23.162456,7.71880472596,7.07844489551,5.6063137455,6.82267337308,-3.0048959755913756,-5.0165587756,,,7.83622827491,7.51943168235,,,,-1.66625530435,,2.80471578096,,2.08886578052,-2.40773819998,5.12542304118,5.73002190718,7.57470556827,,,,3.33607236018,,,8.60591577792,4.32472013539,,,2.96395362275,,,,,,,6.35628873794,8.23944251432,,6.70184575767,,5.18896156151,,4.99515862828,7.66811686451,7.40917679113
BODY08B,"ZKSCAN3",ENSG00000189298,5.982007,-2.54365555343,-3.93100964775,-3.20889974775,-3.772852839,3.660219516896227,2.29510847239,,,-3.14602562652,-2.88826533944,,,,1.71271175476,,0.7344253011,,2.4354030412,0.82068200867,-1.74564380283,-1.49305972118,-3.3959564625,,,,-2.83513824732,,,-3.1241322836,-0.924759083234,,,-1.81819904408,,,,,,,-2.06921697937,-2.90413719309,,-3.23050844547,,-2.9000242053,,-2.70613252363,-3.3067055774,-3.02694401927
BODY08,"ZKSCAN3",ENSG00000189298,6.405541,-2.27140280486,-3.60569804139,-3.12352501922,-3.63492458424,4.031897390663037,2.10551155103,,,-2.67303795909,-2.60620585993,,,,1.29243475716,,0.657310885736,,2.44183400593,0.743301018673,-1.63186961729,-1.37342183751,-3.09830493148,,,,-2.76210403746,,,-2.69626414913,-0.843593843479,,,-1.94658007786,,,,,,,-2.10027034489,-2.60880959433,,-3.15687227073,,-2.74436725071,,-2.49193816309,-3.03013625883,-2.91105265726
DEPR01,"ZKSCAN3",ENSG00000189298,9.563758,5.38428101084,4.82458737725,1.145194964,4.07217509854,0.0820874445894128,-0.508350319572,,,3.28559335413,4.50554412221,,,,2.3559366133,,1.39326586974,,1.3878836614,2.49716069549,3.88993305272,2.56572349806,5.05344085937,,,,5.53233165779,,,4.42961110554,1.90489725904,,,3.34935580007,,,,,,,4.08931278252,6.15552659681,,4.75370219975,,5.23537931894,,3.26306241067,4.54207764357,4.646828426
ELEC04,"ZKSCAN3",ENSG00000189298,3.475137,4.61781676523,3.50210145436,3.74998058881,3.62179469491,-2.4633539455786315,-4.03239883645,,,2.85328414351,3.13740831093,,,,-0.731207054102,,1.07016299168,,0.744916233404,-1.26802520895,2.65188548865,3.46560092202,4.10814883714,,,,1.6623849293,,,5.98360455012,-0.054224577479,,,0.994202780694,,,,,,,2.85119520879,4.01854488851,,3.64958480397,,2.24005568105,,2.13677110782,4.95207227127,3.45860543333
FATM04B,"ZKSCAN3",ENSG00000189298,8.853314,-1.46277200747,-3.86905511834,-3.13399835192,-2.85525059868,4.261788074538442,2.89859579225,,,-2.35965920436,-2.00666512662,,,,1.95194693468,,1.01733936234,,4.20384278953,1.22092055987,-0.689646222053,0.0596601477412,-2.8704780348,,,,-3.23661915777,,,-2.795016858,0.803625313325,,,-1.16914051552,,,,,,,-1.44798677668,-2.29981833011,,-2.8226645832,,-1.86349952255,,-1.61636438448,-2.21743206493,-1.72625697482
FATM04M,"ZKSCAN3",ENSG00000189298,6.147862,-1.78070355676,-3.84281625601,-2.81577562581,-2.3620283633,2.4988785746121374,2.73069827844,,,-3.35953554476,-2.22587225067,,,,2.4559852647,,0.983731699243,,3.43302084252,1.32240628512,-0.838109306683,-0.402138981043,-2.95242183204,,,,-2.65909690496,,,-2.85881374784,0.626689209364,,,-0.378282490542,,,,,,,-1.04424142492,-2.53497652766,,-2.31409435533,,-1.50912212312,,-1.46681807601,-2.36529347307,-1.50557540045
FATM04,"ZKSCAN3",ENSG00000189298,9.498133,-1.20218561634,-3.61122001938,-3.03163036731,-2.76221236394,4.574538787767246,2.83243519702,,,-1.91338616809,-1.76419772182,,,,1.59281049229,,0.913410680497,,4.18876603574,1.1450243115,-0.632192848031,0.179391191264,-2.63360891227,,,,-3.16220259018,,,-2.51208858177,0.919298740123,,,-1.26861295105,,,,,,,-1.46657330235,-2.03406383526,,-2.76289327276,,-1.78815445368,,-1.43877684148,-1.94981208911,-1.61051518247
IRON02,"ZKSCAN3",ENSG00000189298,5.523270,-5.04010962726,-3.91632026264,-3.1560009977,-4.56194446332,4.518495422627412,8.42738054838,,,-3.84079384412,-4.50803504067,,,,4.63282462804,,0.299709433553,,0.246271180773,5.31600090776,-3.40163890309,-5.44944420816,-4.51092233599,,,,-0.116668348291,,,-5.5364867747,-1.32016305275,,,-1.29207776128,,,,,,,-4.23800509396,-4.21018590211,,-4.62462065178,,-4.06860834063,,-3.49097183386,-5.32325940088,-4.6133405199
IRON03,"ZKSCAN3",ENSG00000189298,9.023778,6.14243260919,4.78994808164,4.91240318289,5.25850234831,-4.00726087968567,-7.13250038868,,,4.18248981767,4.64021697841,,,,-2.87146951671,,0.955331038507,,0.7261848591,-3.36687378756,3.94755094491,5.26144202564,5.55826257692,,,,1.47003850008,,,7.8314470103,0.687115775212,,,1.37793919146,,,,,,,4.25775193773,5.460948136,,5.15645802941,,3.7855580158,,3.25989397173,6.77159184251,4.96246150956
LEAN04B,"ZKSCAN3",ENSG00000189298,6.486782,0.766057020964,-1.82900666935,-0.567664081456,-0.213396206854,2.0886659495882163,2.17898084736,,,-1.20023242962,0.394341924163,,,,1.48237080095,,-0.0320813623048,,4.26449374607,1.82224766071,0.705285941572,1.94556015835,-0.647481433168,,,,-1.06611786321,,,-1.04697750093,2.22390489078,,,1.0873877011,,,,,,,0.805189012249,0.0936752931014,,-0.16381302799,,0.735498232153,,0.586644272734,0.308893478959,1.17669733601
LEAN04,"ZKSCAN3",ENSG00000189298,5.924855,0.584404305335,-2.30017042784,-0.698656848737,-0.237672029593,1.197842480683649,1.86649148064,,,-2.00138436997,0.0285407201329,,,,1.02392917563,,-0.504360932832,,3.7706124695,1.16323348813,0.233550429558,1.63849138166,-1.04840273098,,,,-1.51154980616,,,-1.64793550406,2.25628519831,,,1.22064011189,,,,,,,0.816057396748,-0.34528451467,,-0.20756458042,,0.824882300842,,0.636390433246,-0.0866323400396,1.31650107512
LEAN05B,"ZKSCAN3",ENSG00000189298,6.581235,0.716864219469,-1.77601167138,-0.635828589027,-0.14430069236,2.043281265811184,1.98959322596,,,-1.27403586133,0.35030949898,,,,1.45479688453,,-0.0132428010291,,4.33567500638,1.8966709183,0.697575412471,1.85207628515,-0.619107446365,,,,-1.02758730929,,,-0.859351640705,2.19803768671,,,1.16012269103,,,,,,,0.740908998272,0.0649265135781,,-0.120244556575,,0.768902403862,,0.647020961604,0.347208829651,1.22380843123
LEAN05,"ZKSCAN3",ENSG00000189298,7.348402,0.575617835898,-2.24637840613,-0.705824351159,-0.167944332399,1.1415751500658187,1.76556738787,,,-2.02834304185,0.0136321551457,,,,1.04211900443,,-0.475489351427,,3.82935172336,1.2269452617,0.230633845023,1.58614278881,-1.00949151785,,,,-1.46254482597,,,-1.50739956843,2.24843499243,,,1.29170507195,,,,,,,0.794014397763,-0.351840836365,,-0.154912470509,,0.849844782454,,0.687960129923,-0.0444199442459,1.36894734608
LEAN06B,"ZKSCAN3",ENSG00000189298,8.883392,0.595202115179,-2.71684053102,-1.02564815575,-1.39067733189,2.8481878674255774,2.12974807362,,,-0.938247422624,-0.111990244687,,,,2.87564260209,,0.232156587552,,4.96204137898,2.3568731668,1.39251819255,2.11258177156,-1.18871279969,,,,-1.77020562798,,,-2.10282845009,2.49882827802,,,0.598905282112,,,,,,,0.310616676287,-0.0532230970258,,-1.05954196012,,0.491285335083,,0.598484460202,-0.381888103079,0.722258496548
LEAN06,"ZKSCAN3",ENSG00000189298,8.828625,0.32085918139,-2.9944796554,-0.894678280058,-1.15195180659,1.7777889282043007,2.11429356575,,,-1.92128587289,-0.376071538232,,,,2.87885589238,,0.115171185567,,4.7957102235,2.10044271622,0.875977443846,2.03539956466,-1.46720142039,,,,-1.8170806736,,,-2.48047740002,2.67040299262,,,1.17849217034,,,,,,,0.434597232764,-0.4452418008,,-0.858955818791,,0.653005395511,,0.777776872167,-0.523708838361,0.96844517014
LUNG02,"ZKSCAN3",ENSG00000189298,6.974612,-4.43495542092,-3.42986982838,-3.47918704112,-3.63944434172,2.4711157416727367,2.67147018634,,,-2.24356359746,-3.89442565867,,,,0.894572449667,,1.60006939653,,0.936530850755,0.796637035481,-1.39934409049,-0.600964471982,-3.51429289138,,,,-3.3765963727,,,-3.01634312169,-1.98647785082,,,-2.6417707135,,,,,,,-3.99953822132,-3.79710363711,,-4.07985849584,,-3.02803831287,,-2.79705752447,-3.03634806825,-3.75588932667
LUNG05,"ZKSCAN3",ENSG00000189298,5.782121,-3.5132722095,-4.314114223,-4.78791770785,-4.73734786846,3.289341477144592,2.03799828255,,,-3.93229583469,-4.20379988461,,,,-0.350013553209,,-0.134365900399,,-0.503034610587,-0.788480841855,-2.76635209106,-2.68486810515,-4.10282153504,,,,-3.74420181639,,,-2.78418489198,-2.69338134868,,,-3.86744304777,,,,,,,-4.20941640139,-3.51131212426,,-4.5051287676,,-4.225755673,,-3.76201725128,-3.72089250838,-4.28040856599
LUPU01,"ZKSCAN3",ENSG00000189298,28.559217,-7.10858902013,-8.00058112071,-3.8677631969,-6.67249525267,5.382513605145558,3.08623398097,,,-4.4155733734,-7.85694505433,,,,-2.41434944304,,-0.695674573704,,-0.463400916696,-0.850698014574,-5.80528009207,-5.7190550516,-7.84935051027,,,,-7.12359623109,,,-4.21953929429,-2.25285023003,,,-5.60588763228,,,,,,,-8.10298213651,-8.06535224972,,-8.24937878798,,-7.50721374524,,-5.58787849535,-5.61012461778,-7.19745170128
MENA02F,"ZKSCAN3",ENSG00000189298,6.332781,-4.39406749786,-3.71366498257,-2.54961890703,-3.84851304473,-0.11876852716836668,-4.36117263253,,,-4.2238462137,-4.32607357088,,,,-2.38880930231,,-3.01060553565,,-5.89973956465,-3.61109446138,-3.22266582497,-3.12108894656,-3.90302890502,,,,-4.95316055296,,,-4.38656336713,-5.15226130933,,,-5.71392740001,,,,,,,-4.82341475414,-3.7039557488,,-4.44583611853,,-2.85411219927,,-4.33270172164,-4.26540948052,-4.14124894274
PRSC01,"ZKSCAN3",ENSG00000189298,57.150802,-12.4521087192,-11.7681645237,-15.5815812674,-13.4496458406,10.37244644683383,5.67620593782,,,-9.50842391219,-13.5889186822,,,,0.0613692126892,,-0.239227158825,,2.36145004807,1.85861262742,-6.7355846636,-7.9898298645,-12.3464867723,,,,-11.8233187755,,,-12.1972825044,-2.39989884311,,,-8.44578091004,,,,,,,-12.684866339,-11.5712516653,,-14.08018357,,-13.1066766962,,-7.51885180449,-11.9828627718,-11.6269576752
RHEU01,"ZKSCAN3",ENSG00000189298,15.876998,0.283617346682,1.88880684127,-1.5705565431,1.7832702534,-5.568065212870949,-0.93293040108,,,0.182547542444,1.30720862929,,,,1.49855349365,,0.723985154246,,-3.52474721949,-0.831447861943,1.87459717762,1.53321987445,1.17515366531,,,,2.05369772429,,,-1.00202367728,4.09586591922,,,2.5871244464,,,,,,,0.768504607055,-0.55177916015,,1.56834530979,,0.796721538646,,3.85750752773,1.24805439878,1.48138678269
RHEU02,"ZKSCAN3",ENSG00000189298,14.342638,0.283617346682,1.88880684127,-1.5705565431,1.74624633978,-5.568065212870949,-0.93293040108,,,0.540972240643,1.30720862929,,,,2.23949737995,,0.626045406318,,-3.52474721949,-0.831447861943,2.17177264563,1.22342116669,1.17515366531,,,,2.05369772429,,,-0.946612168338,4.09586591922,,,2.5871244464,,,,,,,0.768504607055,-0.55177916015,,1.56834530979,,0.796721538646,,3.85750752773,1.25557920465,1.68184729433
SCBP01,"ZKSCAN3",ENSG00000189298,8.528782,4.14826725369,3.97922687992,4.8843551041,3.12601741957,-4.125668770686849,-2.20777256687,,,2.61958989181,3.41819775936,,,,-0.489705322871,,-1.29978296269,,-1.05029653203,-0.182681300503,1.52848249477,2.2266516519,3.86780208092,,,,5.07081207231,,,3.5911639925,3.21999075553,,,2.61768601318,,,,,,,4.66665256116,5.12497186273,,5.42002193862,,2.73904663038,,2.9459214579,3.6369877907,3.49532620271
SCHI01,"ZKSCAN3",ENSG00000189298,29.695423,5.99033256805,7.18730698943,2.95023374514,6.39606400162,-6.740681723282878,-2.7816272554,,,3.4447196381,6.40482102487,,,,-0.616680670015,,-1.88130125584,,-0.179669958607,-1.19312076497,3.3089971869,5.16981349847,6.56949631039,,,,6.97889858363,,,2.14946605583,3.13583404699,,,6.74880295908,,,,,,,7.69799734571,6.25899530961,,8.29523277946,,5.45581197532,,6.12012873585,4.46409946821,7.51984606066
SCHI02F,"ZKSCAN3",ENSG00000189298,7.675553,2.40978504728,3.30688772482,1.46411907683,3.23193622153,-4.1854394224881055,-2.21757774507,,,1.76224302857,2.58872922869,,,,-0.361453745866,,-1.08348233826,,-0.677497516662,-1.07160923604,1.38049917513,2.65368417502,2.8470774865,,,,3.36764764931,,,0.671657352723,0.816431547875,,,3.4007347537,,,,,,,3.20399699019,2.62838989375,,3.94394342085,,2.31535656788,,2.70174413201,1.99493869632,3.68102630361
SCHI02M,"ZKSCAN3",ENSG00000189298,17.115533,5.58416811374,6.2288528573,2.57664770074,5.68014070412,-4.913873452884307,-1.5071866991,,,2.89354526329,6.07338684472,,,,-0.670480680156,,-1.67548130821,,0.720397644849,-0.615283947494,2.94200383134,4.60076916695,5.958317428,,,,5.92644664152,,,1.92648297374,3.23332012271,,,5.81906106545,,,,,,,7.12879477915,5.73873186775,,7.19147788449,,5.29563480412,,5.59213491587,4.06486306004,6.68379418907
SCHI02,"ZKSCAN3",ENSG00000189298,30.307118,6.42965560178,7.58682487316,3.27404928334,6.93549730878,-6.79752080894271,-2.74031836834,,,4.04065632894,6.88558282681,,,,-0.129290471324,,-1.7233234673,,0.0589815422925,-1.0073576394,3.8459203748,5.88145404236,7.11283323352,,,,7.28986183563,,,2.59933281447,3.32673142347,,,7.12077235278,,,,,,,8.14698274625,6.78828783,,8.73483228556,,6.07349060399,,6.49262863286,4.86535761531,7.99590390622
URAT01,"ZKSCAN3",ENSG00000189298,5.085366,-3.86272541583,-4.27396611786,-2.29663424564,-3.46564984831,1.5790108932963078,-0.266752108897,,,-3.44721782716,-4.70249038745,,,,-2.95957228586,,-1.5568563973,,-0.914286964123,-2.02325897317,-2.48815340777,-1.26275431924,-4.0164539261,,,,-4.79491590775,,,-3.57874525476,-1.86659965767,,,-2.96778820014,,,,,,,-4.34394668773,-3.50284471634,,-3.88105613158,,-0.575826258104,,-3.35085226294,-3.62365103098,-3.57440110918
