code,target,ENSEMBL,association,Adipose_Subcutaneous,Adipose_Visceral_Omentum,Breast_Mammary_Tissue,Muscle_Skeletal,DGN_Whole_Blood,Whole_Blood,Artery_Aorta,Artery_Coronary,Artery_Tibial,Heart_Atrial_Appendage,Heart_Left_Ventricle,Spleen,Brain_Amygdala,Brain_Anterior_cingulate_cortex_BA24,Brain_Caudate_basal_ganglia,Brain_Nucleus_accumbens_basal_ganglia,Brain_Putamen_basal_ganglia,Brain_Cerebellar_Hemisphere,Brain_Cerebellum,Brain_Cortex,Brain_Frontal_Cortex_BA9,Brain_Hippocampus,Brain_Hypothalamus,Brain_Spinal_cord_cervical_c-1,Brain_Substantia_nigra,Nerve_Tibial,Cells_Transformed_fibroblasts,Cells_EBV-transformed_lymphocytes,Colon_Sigmoid,Colon_Transverse,Esophagus_Gastroesophageal_Junction,Esophagus_Mucosa,Esophagus_Muscularis,Liver,Minor_Salivary_Gland,Small_Intestine_Terminal_Ileum,Stomach,Adrenal_Gland,Pituitary,Pancreas,Thyroid,Lung,Ovary,Prostate,Testis,Uterus,Vagina,Skin_Not_Sun_Exposed_Suprapubic,Skin_Sun_Exposed_Lower_leg
AGRA01,"HIGD1A",ENSG00000181061,5.982257,1.22702064275,,,,,,3.55911600997,,3.10780513418,,1.01171319074,,1.02646935061,2.82362767396,2.77332201663,3.18340925709,2.82363739178,2.89334027712,3.41300982971,2.88082156968,2.9163867469,,2.88266589016,,,2.97666259765,,0.328201195,2.78063188595,,,2.42709705479,3.90154617177,1.22218570366,,,,,,1.71984915476,2.90861539966,3.06808287925,,,,,,,
BLOO05,"HIGD1A",ENSG00000181061,49.959358,-6.37870324222,,,,,,-5.10054488835,,-3.45286123437,,-1.62276851883,,-4.63725902489,-4.11116584205,-4.25148977441,-8.06361002295,-6.49551645899,-1.35563246231,-3.64084589519,-11.1713562069,-3.58369345113,,-2.99432027005,,,-3.58265118024,,1.04848268356,-4.41770795299,,,-4.59679606125,-7.61321772342,-3.71890291378,,,,,,-8.13216455152,-3.72389484776,-2.50588876539,,,,,,,
BLOO06,"HIGD1A",ENSG00000181061,11.029509,-0.180381343033,,,,,,-1.66394868939,,-0.539951480156,,0.693579727835,,-0.423182804129,-0.582911607159,-0.485034919633,-1.90609599331,-0.959989542773,0.521727352644,-0.298524724649,-2.11075378327,-0.24884938021,,-0.0242147581627,,,-0.263976858087,,1.0423060677,-1.03229211218,,,-0.181109609585,-2.37356101383,0.373648912405,,,,,,-2.73436747476,-0.62522959616,-0.0606802218861,,,,,,,
BLOO07,"HIGD1A",ENSG00000181061,15.260167,-3.07189363877,,,,,,-3.2027749229,,-2.45454493939,,-1.77704791893,,-2.259582276,-2.49084316502,-2.3608790608,-4.38107534755,-3.88028669101,-1.09609428935,-2.71650931238,-5.06992969146,-2.96551556612,,-2.60135863444,,,-2.4687695941,,-0.113594006969,-3.84944945905,,,-2.53329252946,-3.75233447467,-2.50591473674,,,,,,-4.19251316833,-2.5090860891,-1.72728850732,,,,,,,
BLOO09,"HIGD1A",ENSG00000181061,14.382308,-0.542044438089,,,,,,-1.70967609839,,-0.553616779155,,0.650688564922,,-0.517486890338,-0.571555203496,-0.507027764178,-2.04946928266,-1.1000243473,0.71463187983,-0.258859429364,-2.25013625643,-0.265238141678,,0.0228589049163,,,-0.27128560806,,1.07893078433,-1.20870718039,,,-0.188468850007,-2.47127488731,0.148719476612,,,,,,-3.01353973911,-0.632114876142,0.0337715691639,,,,,,,
BLOO10,"HIGD1A",ENSG00000181061,20.560241,-1.23386928731,,,,,,-2.17616403513,,-0.905369617947,,0.360318412202,,-1.11813586814,-1.02605094264,-0.924059535258,-2.90855213398,-1.81716578095,0.496479662369,-0.648978077861,-3.43749769517,-0.664040377563,,-0.320849800288,,,-0.665591334227,,1.292772136,-1.62471320664,,,-0.71848941263,-3.22312901371,-0.323651412324,,,,,,-3.83397758246,-1.02471678942,-0.289183193017,,,,,,,
BLOO12,"HIGD1A",ENSG00000181061,16.770958,-0.988081052018,,,,,,-2.06960126382,,-0.917207955741,,0.259444088932,,-1.218005018,-0.955003170647,-1.20654780775,-2.58149943116,-1.77867103157,0.372265951508,-0.624300639331,-3.05113328047,-0.661319769664,,-0.31988102903,,,-0.608723647414,,1.27469882215,-1.37455769149,,,-0.755667288521,-2.89323696411,-0.247195583881,,,,,,-3.51381718826,-1.0078623086,-0.448246915632,,,,,,,
BLOO13,"HIGD1A",ENSG00000181061,11.465657,-0.303081396737,,,,,,-1.63017546795,,-0.423020392453,,0.764697754676,,-0.345132529987,-0.475397289982,-0.422503087302,-1.85904570492,-0.88687313863,0.660370720296,-0.15731578369,-1.97860253244,-0.107179106135,,0.143140322255,,,-0.174631432838,,1.06919538911,-0.98391713794,,,-0.108671082512,-2.37074062648,0.346425475511,,,,,,-2.80282212546,-0.523789349137,0.0876812191744,,,,,,,
BLOO16,"HIGD1A",ENSG00000181061,14.705071,-3.29518116542,,,,,,-2.75310892174,,-1.88502851471,,-1.4785762997,,-1.95483167814,-1.86285961255,-1.90871420252,-3.83825995777,-3.36910871959,-0.552124720406,-2.04266766719,-4.49632837034,-2.30617843529,,-1.90089953353,,,-1.86434431005,,0.100705295857,-3.6357482162,,,-1.81234149274,-3.30797373366,-2.25338920968,,,,,,-3.95011724053,-1.9139948464,-1.11009899492,,,,,,,
BLOO17,"HIGD1A",ENSG00000181061,6.831561,-2.83968206368,,,,,,-2.66392000532,,-2.33592312715,,-2.12380462525,,-2.05274373668,-2.30536050146,-2.19595899117,-3.70583526323,-3.5388311482,-1.35228006449,-2.68518277369,-4.30483757014,-2.9790951258,,-2.69521551482,,,-2.44177391746,,-0.600810362492,-3.73175304542,,,-2.46888447761,-2.96017784074,-2.64521988629,,,,,,-3.23543900462,-2.3469766965,-1.65016552733,,,,,,,
BLOO19,"HIGD1A",ENSG00000181061,28.261838,5.1639415902,,,,,,3.00411458778,,2.51786412506,,1.96892390519,,3.6151202193,3.04676129494,3.28194276546,5.34850982071,4.75464582827,1.61670982163,2.92562756518,7.96087553444,2.87369656248,,2.57664012476,,,2.82550138588,,-0.136382197377,2.79353758387,,,3.84685008764,4.532873044,3.29859179951,,,,,,4.64188236115,2.68553083146,2.12591044022,,,,,,,
BLOO24,"HIGD1A",ENSG00000181061,9.708298,0.80901643341,,,,,,1.31239133682,,0.491697569485,,-0.515597981582,,0.110708043973,0.526194251158,0.275268126364,1.90951823912,0.669504363937,-0.625905586488,0.212330918458,2.20746703584,0.17158646368,,-0.06353411109,,,0.444800149517,,-0.459152454441,1.10686752072,,,0.0668907079301,2.0427908803,0.478454202113,,,,,,2.34279818822,0.549551994277,-0.224222834428,,,,,,,
BLOO28,"HIGD1A",ENSG00000181061,51.630951,-6.19995535881,,,,,,-3.90513472401,,-3.05188041772,,-1.99780002686,,-4.18064618284,-3.66661314668,-3.77098242296,-6.80368024339,-5.73475393301,-1.56072789125,-3.52780374807,-9.82419912313,-3.40942621383,,-3.00495324345,,,-3.39395424001,,0.263357795563,-3.7099025757,,,-4.28525021971,-5.96091586599,-3.79120428321,,,,,,-6.1962533262,-3.26369272932,-2.3598175424,,,,,,,
BLOO30,"HIGD1A",ENSG00000181061,11.815479,-0.413796290402,,,,,,-1.69901214814,,-0.638977263827,,0.562292417478,,-0.559726804593,-0.652132503943,-0.542382553265,-2.06219547874,-1.14639611173,0.590357554868,-0.357010094384,-2.34268722729,-0.377307955324,,-0.109830301219,,,-0.331832168866,,1.03975245352,-1.18734678567,,,-0.245027650733,-2.43192573979,0.166455822486,,,,,,-2.96702860044,-0.707364624414,-0.0784097313379,,,,,,,
