code,target,ENSEMBL,association,Adipose_Subcutaneous,Adipose_Visceral_Omentum,Breast_Mammary_Tissue,Muscle_Skeletal,DGN_Whole_Blood,Whole_Blood,Artery_Aorta,Artery_Coronary,Artery_Tibial,Heart_Atrial_Appendage,Heart_Left_Ventricle,Spleen,Brain_Amygdala,Brain_Anterior_cingulate_cortex_BA24,Brain_Caudate_basal_ganglia,Brain_Nucleus_accumbens_basal_ganglia,Brain_Putamen_basal_ganglia,Brain_Cerebellar_Hemisphere,Brain_Cerebellum,Brain_Cortex,Brain_Frontal_Cortex_BA9,Brain_Hippocampus,Brain_Hypothalamus,Brain_Spinal_cord_cervical_c-1,Brain_Substantia_nigra,Nerve_Tibial,Cells_Transformed_fibroblasts,Cells_EBV-transformed_lymphocytes,Colon_Sigmoid,Colon_Transverse,Esophagus_Gastroesophageal_Junction,Esophagus_Mucosa,Esophagus_Muscularis,Liver,Minor_Salivary_Gland,Small_Intestine_Terminal_Ileum,Stomach,Adrenal_Gland,Pituitary,Pancreas,Thyroid,Lung,Ovary,Prostate,Testis,Uterus,Vagina,Skin_Not_Sun_Exposed_Suprapubic,Skin_Sun_Exposed_Lower_leg
BLOO06,"FES",ENSG00000182511,6.013085,-3.99078414492,-4.08430476668,,,-4.610079676656928,-4.63115735925,-4.20205615832,,-4.41261267238,-1.86307725618,,,,,,,,,,,,,,,,-3.25925463521,-4.76958721463,,,-2.49884246673,,,,,-1.73402638952,,,,-1.30920167505,-4.66123288743,-4.17787059527,-4.36725657409,,,,,,-4.60647766522,-4.185933438
BLOO09,"FES",ENSG00000182511,5.827397,-3.7500221231,-3.94086175681,,,-4.594585875023282,-4.6113183577,-4.0442472788,,-4.25051800665,-1.66713877392,,,,,,,,,,,,,,,,-3.17762399434,-4.53897095289,,,-2.28097526598,,,,,-1.72411033203,,,,-1.30046514282,-4.52329182769,-4.09374660417,-4.35508007701,,,,,,-4.36160913858,-4.03130919564
BLOO10,"FES",ENSG00000182511,6.086552,-3.81846687615,-4.10529111178,,,-4.596388200405521,-4.59734102781,-4.20911146835,,-4.31682631945,-1.52808259847,,,,,,,,,,,,,,,,-3.27063424744,-4.61088000796,,,-2.17820289746,,,,,-1.64769470549,,,,-1.2727591891,-4.65265810173,-4.22920622449,-4.41750394861,,,,,,-4.40433590801,-4.00621906582
BLOO12,"FES",ENSG00000182511,7.810734,-4.29874369693,-4.53112093666,,,-4.852696488342224,-5.08630207141,-4.21173373595,,-4.62835020891,-2.32026731217,,,,,,,,,,,,,,,,-3.67417551842,-4.84067368011,,,-2.39505901106,,,,,-1.57040974012,,,,-1.43381806376,-4.99051728405,-4.766913292,-5.15416564735,,,,,,-4.87514611506,-4.4026412991
BLOO13,"FES",ENSG00000182511,6.244880,-3.92836110833,-4.04679675435,,,-4.794139701487542,-4.69213995592,-4.14776776099,,-4.37546501231,-1.92074101515,,,,,,,,,,,,,,,,-3.19834798539,-4.67757775648,,,-2.48699286719,,,,,-1.72363985071,,,,-1.33680597796,-4.58634673233,-4.10767114798,-4.30739266975,,,,,,-4.53606902322,-4.12628741533
BLOO29,"FES",ENSG00000182511,8.027793,-3.16967625728,-3.9151260335,,,-2.9908007722670753,-2.09523033104,-2.14471716201,,-2.50139653785,-1.47107237087,,,,,,,,,,,,,,,,-3.51209863988,-2.81360728036,,,0.722015950601,,,,,-2.68943390268,,,,-0.799970394834,-3.27716169976,-3.18774747251,-2.83197320744,,,,,,-2.77616250611,-3.00589555625
BLOO30,"FES",ENSG00000182511,6.237667,-3.82350246271,-3.98777700043,,,-4.809169554925773,-4.59258248282,-4.13194762144,,-4.29436913695,-1.63448019654,,,,,,,,,,,,,,,,-3.23664732702,-4.64355503792,,,-2.29380930601,,,,,-1.74748975261,,,,-1.27111202707,-4.61195379534,-4.16338200723,-4.42484798406,,,,,,-4.4502226795,-4.10266360159
BLOO35,"FES",ENSG00000182511,26.241891,1.7161624306,1.46966708924,,,0.6089105838637888,1.63132637721,-0.484603132563,,2.02775929328,2.99410091726,,,,,,,,,,,,,,,,0.315264090091,1.10471711865,,,4.92905569748,,,,,-6.73052152954,,,,0.365429126567,-0.269381076808,-0.0801281324972,0.106712631925,,,,,,1.7677940233,1.04419316074
COAD01,"FES",ENSG00000182511,9.406459,-5.55800610247,-4.92957334599,,,-5.503934205479982,-4.47911866893,-4.53126205452,,-5.21944778828,-2.85327546824,,,,,,,,,,,,,,,,-5.36489088561,-5.84241542259,,,-4.16882615053,,,,,-1.52673840137,,,,-2.06704579266,-5.66026902396,-5.24916037936,-4.70196087336,,,,,,-5.95845432557,-4.98056113893
COAD03,"FES",ENSG00000182511,17.869216,-7.76542476858,-6.67415091868,,,-7.634129062055923,-6.75552288226,-6.0961098439,,-7.4528682844,-3.7231316287,,,,,,,,,,,,,,,,-7.45544314167,-8.1780777186,,,-5.2663910721,,,,,-2.4373472246,,,,-3.08525651894,-7.82255802609,-7.20319050136,-6.12436053992,,,,,,-8.35819769901,-6.67613267338
LONG01,"FES",ENSG00000182511,7.011165,-4.91606857625,-4.96579562882,,,-5.7797742448348695,-4.08937014667,-4.07327762693,,-5.10741829568,-3.09079737357,,,,,,,,,,,,,,,,-5.71099539987,-6.16211136421,,,-3.60231949933,,,,,-0.266073311039,,,,-1.89198210696,-5.72284101222,-5.31297583977,-5.63083075733,,,,,,-6.23298737118,-4.9888637388
LONG03,"FES",ENSG00000182511,5.616759,3.94204055068,3.74682658735,,,3.6291785553340405,2.33831688076,3.78633777813,,3.52329577901,1.98652925105,,,,,,,,,,,,,,,,3.48061071926,4.46531264788,,,2.06352766354,,,,,0.127310822398,,,,-0.0620914180422,4.07726806462,3.8522041577,3.70549955847,,,,,,4.54880343493,3.24411395489
LONG04,"FES",ENSG00000182511,10.089376,-4.91606857625,-4.96579562882,,,-5.7797742448348695,-4.08937014667,-4.07327762693,,-5.10741829568,-3.09079737357,,,,,,,,,,,,,,,,-5.71099539987,-6.16211136421,,,-3.60231949933,,,,,-0.266073311039,,,,-1.89198210696,-5.72284101222,-5.31297583977,-5.63083075733,,,,,,-6.23298737118,-4.9888637388
LONG06,"FES",ENSG00000182511,10.538111,-5.32635957538,-5.04672672398,,,-5.998264653360636,-4.75297772524,-4.28300514392,,-4.76370842699,-3.56446846988,,,,,,,,,,,,,,,,-5.33001477821,-5.96885257563,,,-3.3599395127,,,,,-1.01709389012,,,,-1.27383073853,-5.64842415345,-5.50167915436,-5.37927133288,,,,,,-6.32511485531,-5.21406628325
SCHI01,"FES",ENSG00000182511,12.591065,5.09427274482,3.8749016126,,,4.7523591253509965,3.48265990409,5.55321053581,,4.84064460459,2.19514146599,,,,,,,,,,,,,,,,4.60192599579,5.79409616961,,,3.95256580251,,,,,3.45853148189,,,,0.662192362599,6.72390678542,5.77565765804,4.9601467704,,,,,,6.03308297404,3.64067244432
SCHI02F,"FES",ENSG00000182511,7.145506,3.43896549114,2.84996948744,,,3.8954812907176493,2.33948826467,3.37719904578,,3.94119324663,1.63743975978,,,,,,,,,,,,,,,,3.17911579024,4.24571050763,,,3.54452642152,,,,,3.52256909655,,,,-0.396067769058,4.85987397206,4.12411943685,4.05449572144,,,,,,4.3405763406,3.1583958999
SCHI02M,"FES",ENSG00000182511,6.616221,4.02739121521,2.72284858739,,,3.0255270184372414,2.65495782038,4.49372102262,,3.30067123253,1.48921967428,,,,,,,,,,,,,,,,3.42235696446,4.19078308471,,,2.62217255988,,,,,1.52192405623,,,,1.08048366889,4.88767531043,4.28938133351,3.29065892822,,,,,,4.4775681162,2.25103555459
SCHI02,"FES",ENSG00000182511,12.986783,5.22358354444,3.86167415449,,,4.763696165480723,3.5708298586,5.60388673858,,4.99501227142,2.25282407086,,,,,,,,,,,,,,,,4.72090812789,5.97432626003,,,3.74456900352,,,,,3.38549910456,,,,0.592556024631,6.77169882144,5.80462888779,5.14314983769,,,,,,6.05721686494,3.8035079278
WEIG02,"FES",ENSG00000182511,9.449490,5.50532676365,4.99348951722,,,6.009944719105784,5.32194830197,4.6673907074,,5.49750610256,3.52495690596,,,,,,,,,,,,,,,,4.55138437087,5.62020600725,,,3.86929585453,,,,,1.65769456706,,,,2.19399107256,5.90039408753,5.24316780682,5.83276189788,,,,,,6.17047111441,5.09758954261
WEIG03,"FES",ENSG00000182511,9.601626,5.27691784359,5.13818693668,,,5.775974038799726,4.92442083101,4.42108201316,,5.11770494283,3.29950400086,,,,,,,,,,,,,,,,4.43774121874,5.457095038,,,3.8457086546,,,,,1.84359376548,,,,2.62706007278,5.82240360022,5.2225272099,5.77141811415,,,,,,5.92678944322,4.92506944011
WEIG05F,"FES",ENSG00000182511,7.708964,3.67001680075,4.09008488889,,,4.727983541312289,3.71521701064,4.45463550472,,4.5531861452,1.16329590708,,,,,,,,,,,,,,,,3.68670453144,4.72669677231,,,3.21253820856,,,,,1.21994416511,,,,2.32048627123,5.29815356803,4.7890000787,4.1036567117,,,,,,5.1143666174,4.46600429384
