code,target,ENSEMBL,association,Adipose_Subcutaneous,Adipose_Visceral_Omentum,Breast_Mammary_Tissue,Muscle_Skeletal,DGN_Whole_Blood,Whole_Blood,Artery_Aorta,Artery_Coronary,Artery_Tibial,Heart_Atrial_Appendage,Heart_Left_Ventricle,Spleen,Brain_Amygdala,Brain_Anterior_cingulate_cortex_BA24,Brain_Caudate_basal_ganglia,Brain_Nucleus_accumbens_basal_ganglia,Brain_Putamen_basal_ganglia,Brain_Cerebellar_Hemisphere,Brain_Cerebellum,Brain_Cortex,Brain_Frontal_Cortex_BA9,Brain_Hippocampus,Brain_Hypothalamus,Brain_Spinal_cord_cervical_c-1,Brain_Substantia_nigra,Nerve_Tibial,Cells_Transformed_fibroblasts,Cells_EBV-transformed_lymphocytes,Colon_Sigmoid,Colon_Transverse,Esophagus_Gastroesophageal_Junction,Esophagus_Mucosa,Esophagus_Muscularis,Liver,Minor_Salivary_Gland,Small_Intestine_Terminal_Ileum,Stomach,Adrenal_Gland,Pituitary,Pancreas,Thyroid,Lung,Ovary,Prostate,Testis,Uterus,Vagina,Skin_Not_Sun_Exposed_Suprapubic,Skin_Sun_Exposed_Lower_leg
BFPC04B,"SERPINC1",ENSG00000117601,5.845515,3.54882621227,1.60065316288,,3.20874963605,3.1459999325598775,2.76663425785,3.42819219003,2.22537237574,3.08500911249,1.77690425727,3.33254151174,3.3807392388,,2.43376093243,3.29348013967,1.14429344434,-0.323749745885,2.29466457429,,2.64451687964,,3.13728705152,3.33594776297,,,3.41157110561,1.42219407004,,2.69935392641,,2.59847933579,3.37607343902,3.08915745239,,,,0.811663348814,1.5785030385,3.24385568904,,3.37170533094,2.64518497722,,3.11602928796,,,,3.20178082034,2.7927185215
BFPC04M,"SERPINC1",ENSG00000117601,5.953466,2.88026434891,1.33899472457,,2.5714710784,2.46528229354297,2.33926151599,2.78510762182,2.10508424304,2.59441138456,1.30281460287,3.04350193927,2.82442713984,,1.69288414499,2.60514818724,0.903698782992,-0.359659879095,1.81383388332,,2.45348361326,,2.47314493901,2.71456588266,,,2.77347783442,0.88302508723,,2.08241087878,,2.02573800395,3.05957208617,2.46605203343,,,,0.535245123455,1.00571745027,2.69731430637,,2.71543248911,2.02757131298,,2.56030836963,,,,2.62593715381,2.27110060432
BFPC04,"SERPINC1",ENSG00000117601,5.611863,3.46428771132,1.52078941987,,3.1509336421,3.0971825161367077,2.70050314848,3.35403270338,2.1301145701,3.00383633301,1.79210304756,3.10591766647,3.29508805546,,2.52026551239,3.22648227619,1.14640256053,-0.255711493073,2.28106102007,,2.51044080976,,3.09504192715,3.26344929628,,,3.33810000446,1.45385375888,,2.67591177809,,2.57162482784,3.17242003779,3.02813295968,,,,0.805556469008,1.55521879461,3.14725934351,,3.30631516247,2.63239132482,,3.04235811595,,,,3.1287658228,2.71338429162
BODY08B,"SERPINC1",ENSG00000117601,10.067785,5.82074255615,3.86258391217,,5.79940327165,5.594917059215073,5.04787778202,6.03428635007,4.71386543417,5.09644228842,4.19432830815,5.71458721356,5.87462247115,,3.87948730223,5.87999026723,3.46115450187,0.630255446793,4.56627012643,,5.22114414298,,5.72508306094,5.91565726372,,,5.99442586626,3.65292189915,,5.16867729817,,5.22065674639,5.54555348515,5.71573698055,,,,1.42454746794,2.45685241471,5.7307438703,,5.98476704763,5.23083232346,,5.71249611334,,,,5.81949735604,5.63467292672
BODY08F,"SERPINC1",ENSG00000117601,5.687505,4.67321937075,3.11321702352,,4.43639757915,4.499620945226184,3.96240698064,4.57245386514,3.4277167802,3.15026488442,3.51462812172,4.11404338929,4.44190801037,,3.25138835228,4.58145936487,3.10732086638,1.70620230147,3.74203911595,,3.61482763915,,4.41423864013,4.49644745908,,,4.5382593036,3.30389330835,,4.160042243,,4.15741715356,4.04159514589,4.47174461069,,,,1.51337506956,2.39656490168,4.45338080775,,4.56333213503,4.14845606043,,4.36736690927,,,,4.42758321956,4.17728004378
BODY08M,"SERPINC1",ENSG00000117601,6.580474,4.00585731075,2.64823998835,,4.1791530227,3.8448403901676707,3.55148582381,4.38566250141,3.54894863995,4.30860839144,2.76072759239,4.33727547238,4.27732628852,,2.55312745434,4.16660057783,2.10158761183,-0.589333948273,3.07714986886,,4.08559526584,,4.09590403486,4.2876536699,,,4.36004521391,2.19719421588,,3.54885729044,,3.62232612189,4.16684218685,4.03418903762,,,,0.664664426637,1.3273876536,4.07146376043,,4.32544091817,3.64388927892,,4.11864604055,,,,4.21436850722,4.17448691163
BODY08,"SERPINC1",ENSG00000117601,11.551356,5.85206446006,3.87675848861,,5.79689635062,5.629348876315833,5.0791310165,6.00741451304,4.70794797154,4.9278162065,4.28977749628,5.59272666749,5.85131847662,,3.98293224701,5.87094321998,3.57640598183,0.943650444743,4.62379812671,,5.14766900613,,5.73559410195,5.89676845301,,,5.96835036037,3.73663175471,,5.21450153944,,5.25671589715,5.45560903464,5.72472015796,,,,1.4625369488,2.5329151958,5.72262526353,,5.97185761355,5.27327437054,,5.70796097468,,,,5.81173167046,5.59308258199
FATM04B,"SERPINC1",ENSG00000117601,7.856829,4.45165088245,2.40020945464,,4.20971567947,4.112735445777692,3.55302979953,4.43204298241,3.31946729215,4.24931683341,2.92267709216,4.13758040069,4.31691289395,,3.33558533174,4.29548658154,2.11489362684,-0.083038026295,3.24730685312,,3.70018184193,,4.178191967,4.34616636037,,,4.40456626971,2.09541215332,,3.73049146503,,3.57175916388,4.11653548289,4.05682056085,,,,0.80536369487,2.31755734046,4.25418289853,,4.36772046131,3.63081758858,,4.1458032123,,,,4.22353517689,3.90305706632
FATM04M,"SERPINC1",ENSG00000117601,6.613894,3.37209145324,1.75647341336,,3.22483468261,3.0947350950771524,2.75345481378,3.42732975281,2.78158453336,3.5815185265,2.06386306733,3.47369711297,3.40142538802,,2.24048368041,3.24219740235,1.41706885437,-0.618314587765,2.27476712582,,3.13229631607,,3.16989033564,3.35960078812,,,3.40883129448,1.28407910077,,2.73770675124,,2.62418193614,3.63689287169,3.09928546057,,,,0.391498405137,1.67992605733,3.36723576946,,3.36622718399,2.67905122393,,3.18495983606,,,,3.26650734448,3.0209070149
FATM04,"SERPINC1",ENSG00000117601,6.916068,4.392651151,2.3627348818,,4.15837789142,4.067931920106201,3.51251969582,4.36673710907,3.24242644407,4.11457974376,2.94353277513,3.93386416835,4.23938534701,,3.43503726633,4.23789846666,2.14911033978,0.0881862201308,3.2684911795,,3.57643458486,,4.138958888,4.28459295699,,,4.33961169367,2.12561288392,,3.71768303931,,3.55673869513,3.89575425892,4.00119675648,,,,0.819330298786,2.25988375664,4.15666031984,,4.30848208893,3.6187940254,,4.08899975487,,,,4.1623642004,3.8267424233
LUPU01,"SERPINC1",ENSG00000117601,0.700427,1.32264611931,0.571622811844,,0.793215415796,1.0695465694986304,1.03083611402,1.45611221189,0.0894045702569,0.500031686103,0.916258761049,1.45160421986,1.32161512296,,-0.0535660261668,0.973822013094,0.16227127151,4.96433348302,0.333164048523,,-0.180475583918,,0.927412145996,1.35672630169,,,1.42849806496,0.368967002309,,0.83305131401,,1.26110170945,1.62912274702,0.942159519074,,,,1.54593629883,0.343554088419,0.812212998213,,1.1450754223,0.994980511997,,1.53586196281,,,,1.38034525308,1.45910271425
MENA02F,"SERPINC1",ENSG00000117601,7.435168,4.09351845253,4.32838811057,,4.40961638399,4.496400309387079,3.55264707696,4.26651918888,3.83626172056,2.55783485819,3.85674910213,4.54821827333,3.81928501098,,1.98844657223,4.27220446145,4.62293237185,2.40775855484,3.77450805637,,3.83272313393,,4.14746611582,4.22049688838,,,4.24130321344,4.47250327489,,4.6848830516,,4.35917609192,3.79311683964,4.5818206123,,,,1.40336248874,3.25153489244,4.54457710621,,4.33141605648,4.24826651984,,3.98834441469,,,,4.19199580936,4.24713441128
