code,target,ENSEMBL,association,Adipose_Subcutaneous,Adipose_Visceral_Omentum,Breast_Mammary_Tissue,Muscle_Skeletal,DGN_Whole_Blood,Whole_Blood,Artery_Aorta,Artery_Coronary,Artery_Tibial,Heart_Atrial_Appendage,Heart_Left_Ventricle,Spleen,Brain_Amygdala,Brain_Anterior_cingulate_cortex_BA24,Brain_Caudate_basal_ganglia,Brain_Nucleus_accumbens_basal_ganglia,Brain_Putamen_basal_ganglia,Brain_Cerebellar_Hemisphere,Brain_Cerebellum,Brain_Cortex,Brain_Frontal_Cortex_BA9,Brain_Hippocampus,Brain_Hypothalamus,Brain_Spinal_cord_cervical_c-1,Brain_Substantia_nigra,Nerve_Tibial,Cells_Transformed_fibroblasts,Cells_EBV-transformed_lymphocytes,Colon_Sigmoid,Colon_Transverse,Esophagus_Gastroesophageal_Junction,Esophagus_Mucosa,Esophagus_Muscularis,Liver,Minor_Salivary_Gland,Small_Intestine_Terminal_Ileum,Stomach,Adrenal_Gland,Pituitary,Pancreas,Thyroid,Lung,Ovary,Prostate,Testis,Uterus,Vagina,Skin_Not_Sun_Exposed_Suprapubic,Skin_Sun_Exposed_Lower_leg
BLOO01,"MPI",ENSG00000178802,6.419406,2.52013137564,3.84535325411,3.86632245143,,3.458366867844353,3.26618031488,4.55979566293,,3.37286499454,,-1.31087905943,1.80592481423,,4.18877193615,3.25124886217,3.7355128983,4.49614564821,,4.30565895612,3.2846228796,3.2983687207,3.35551305796,,,4.11671349386,4.63962186218,2.90109722685,4.52071431353,,,4.93699674925,4.27838848527,4.48821970522,,,,,,,,4.53320295463,4.08801916796,,,4.69652017059,,,5.03433094604,2.35016193569
BLOO02,"MPI",ENSG00000178802,9.960388,-3.84444120732,-5.8833455328,-3.21134978314,,-6.002579853431281,-5.45136660789,-6.21820603432,,-4.96092537017,,1.36990856637,-6.2771875971,,-5.62825370125,-5.19666146834,-5.74352033458,-6.20104340302,,-5.48947240414,-6.12798875222,-6.112957431,-5.63514714747,,,-5.96458402558,-5.67124569725,-6.01042392299,-5.84070018562,,,-4.56487289985,-5.62286913323,-6.13379418176,,,,,,,,-5.50569254829,-5.47191966681,,,-5.28985582204,,,-4.96878332507,-5.65453776514
BLOO03,"MPI",ENSG00000178802,5.075374,-3.84043910365,-4.34070152912,-1.55751236968,,-4.378342760336562,-4.04388129993,-4.08992098435,,-2.78262460615,,-0.550803533151,-5.26419910664,,-3.90979458734,-4.23932761684,-4.1154681303,-4.64470522283,,-3.30412162694,-5.00407077021,-4.67118229906,-4.17533159803,,,-3.727044772,-3.18855175846,-4.96647853815,-3.38329439629,,,-2.65690727839,-3.38011806145,-3.83775646499,,,,,,,,-3.02078556771,-3.69336995913,,,-4.77504569184,,,-3.16728919524,-4.29045890601
BLOO05,"MPI",ENSG00000178802,6.445596,-4.21064551147,-5.1493526921,-2.20338363953,,-4.866803307638616,-4.83504926203,-4.34003892365,,-3.67072187383,,-1.57105312205,-3.33349087567,,-4.60416075058,-4.66260428011,-4.99842342756,-4.91734183232,,-3.6021716593,-5.07310243845,-4.78069264736,-4.54820636418,,,-3.49686445976,-3.96165662346,-4.57741835649,-4.17953961752,,,-2.7929002957,-4.32667585723,-4.14465795303,,,,,,,,-4.10488916785,-4.35251731271,,,-2.13485421783,,,-3.47812027974,-4.38179545938
BLOO19,"MPI",ENSG00000178802,14.027728,5.80515041352,7.18440759351,4.538888377,,6.826875684285928,6.76116427458,7.01698545057,,5.55226779642,,1.24220536136,5.37238951432,,6.91070044514,6.88015050255,7.24805907199,7.21255866652,,6.06962905285,6.78270820312,6.45741145781,6.66556395878,,,5.7470414878,7.05993790897,6.16540621157,7.01944381936,,,5.13268150642,7.00778736437,6.70919767512,,,,,,,,6.94913853263,7.18947038702,,,4.16782139121,,,6.34005178961,5.72780834183
BLOO20,"MPI",ENSG00000178802,6.119947,-4.14250771678,-4.62178315491,-1.6951584133,,-4.623003091487251,-4.23061380957,-3.91253555986,,-2.81329101377,,-0.920683421381,-5.19089627719,,-4.13047323057,-4.44502186684,-4.42591923325,-4.65146781048,,-3.27225423252,-5.18735154328,-5.06952194932,-4.5215677968,,,-3.67440197026,-3.03005617043,-5.45254753164,-3.31426124165,,,-2.35580032293,-3.45893548908,-3.47746159955,,,,,,,,-2.97716104584,-3.65798962274,,,-4.27206696625,,,-3.03733162431,-4.99382035764
BLOO24,"MPI",ENSG00000178802,6.805902,-3.18989052636,-4.49749562124,-2.85379481267,,-4.226544199636035,-4.2386149401,-4.84849038291,,-3.372344478,,-1.06110641843,-3.13919011663,,-4.87328026764,-4.16600503567,-4.80693029788,-4.59030485372,,-4.57330825008,-4.3311561112,-4.2791615394,-4.35785244883,,,-4.15969009409,-4.91202814811,-4.37986555754,-4.69919986621,,,-4.13345786071,-4.62171060381,-4.70162294411,,,,,,,,-4.60971214619,-4.83356079484,,,-3.83721801965,,,-3.77645736594,-3.68438932808
BLOO26,"MPI",ENSG00000178802,5.803962,1.17540998814,3.27379769749,3.18106566665,,3.621747780759012,3.14056294928,4.00629740935,,3.90282689107,,-3.00157306075,2.36473368085,,3.21737455139,2.57499113948,3.26921903564,3.44450850875,,3.88696557167,2.77740629099,3.3564305839,3.29584713563,,,3.96736461017,4.36890775889,2.8734654138,4.42669004702,,,3.51256680874,4.22370453741,4.18873844668,,,,,,,,4.46906878284,3.56194435327,,,1.69125909216,,,3.6584440152,3.0283544811
BLOO27,"MPI",ENSG00000178802,10.013089,0.581100576498,3.29568794998,3.27444771866,,3.4471233627881297,3.08077849213,4.92508207541,,4.38752929646,,-4.05334764338,3.17649040057,,3.49093712031,2.40401174467,3.32239531262,3.78131397035,,4.4556258504,2.91154456479,3.20561883656,3.02529973182,,,4.65353966783,5.32050935056,2.40781071204,5.16291554678,,,4.45155588912,4.5863083713,5.44097062694,,,,,,,,5.09398907898,4.01228309954,,,2.91218397509,,,4.2977079629,2.32382821802
BLOO28,"MPI",ENSG00000178802,11.811015,-5.15788389044,-6.28339619136,-3.8136348095,,-6.025123407589111,-5.92185186451,-6.00525072543,,-4.80958251358,,-0.996978467209,-4.99565512057,,-5.89560632716,-6.0947854704,-6.27753692355,-6.30683309719,,-5.08263579961,-5.96515086104,-5.56999721651,-5.75321402562,,,-4.86577464773,-5.99052064392,-5.29610647335,-6.02132993725,,,-4.1377859781,-6.01727455673,-5.73799390996,,,,,,,,-5.95008256103,-6.18481835684,,,-3.13217980802,,,-5.67491607071,-4.99631648684
BLOO32,"MPI",ENSG00000178802,9.578692,3.74382693807,5.10121868988,3.00074534396,,4.8949706731732725,4.99707817703,5.50369116771,,3.83359384831,,1.44093628268,3.64073106742,,5.47198324082,5.06682357525,5.51757772657,5.22663941991,,5.038049288,5.01993258175,4.77185348984,4.99661200844,,,4.67472168357,5.52170539779,4.98919275391,5.33633176468,,,4.45029500069,5.2487334602,5.34482010142,,,,,,,,5.21713653331,5.40409605181,,,3.79751403389,,,4.30330023695,4.25166972619
BLOO33,"MPI",ENSG00000178802,6.607250,2.57418220469,4.09414049087,3.92002693875,,3.6520542488356034,3.51381657535,4.30489438866,,3.60152018554,,-1.12407784989,2.27441392849,,4.40129723958,3.39986129099,3.82482155686,4.57681184375,,4.07654402827,3.24313155772,3.53135834364,3.36861809213,,,3.38685663827,4.58421591617,2.36127568337,4.44700498512,,,4.81279610357,4.31314262521,4.11455852482,,,,,,,,4.56100544547,4.32599440993,,,4.00618829645,,,4.15212473928,2.26439307765
BLOO34,"MPI",ENSG00000178802,7.944240,-2.23749685369,-4.13716529426,-2.52065701165,,-4.356530135709984,-3.6996560929,-5.06654559823,,-3.906159288,,2.09927701167,-2.64291947715,,-4.32241670705,-3.06568441209,-4.25769128632,-4.3516608896,,-4.71655941898,-3.83887923337,-3.56460913271,-3.97293569983,,,-5.45484865487,-5.02565896461,-4.31050939899,-4.91631240721,,,-5.05281548551,-4.57408523751,-5.24277276741,,,,,,,,-4.72252645328,-4.19666025573,,,-4.63186833473,,,-5.53335383586,-3.47779456975
BODY08B,"MPI",ENSG00000178802,5.925074,2.25696448319,3.42975342897,2.25360434082,,3.1383402045036837,3.19212945963,4.72868968615,,3.12074045668,,1.41921745978,2.2970540782,,4.18900590067,3.26363725277,4.31459745155,3.91136896948,,4.14682576039,3.7596059396,2.29787941208,2.94925150807,,,4.46032317789,3.92890766902,3.56790359226,3.68599936258,,,2.5340174856,3.283450935,4.71714090259,,,,,,,,3.36929397475,4.4446107672,,,3.9882468465,,,2.28542351248,2.94421034633
BODY08,"MPI",ENSG00000178802,6.069265,2.3319905196,3.52959733456,2.26838807808,,3.179809210137679,3.2737038718,4.89335810647,,3.19487352045,,1.46779649815,2.34841990001,,4.3084488856,3.39342644592,4.39987257273,4.01342007909,,4.18410680029,3.92293688,2.324351484,2.99680263613,,,4.53206941614,4.02017246452,3.64344366676,3.77992557959,,,2.6027302371,3.33915502799,4.88303707986,,,,,,,,3.43352272364,4.55568690507,,,4.12911166544,,,2.2668640971,3.03544187459
EDUC03,"MPI",ENSG00000178802,5.976377,4.52243708003,4.20815306078,2.25905131637,,4.285373449590346,4.21674795966,2.69050668678,,2.36944687503,,1.52947756043,2.51592431469,,3.43831835785,4.17937839274,3.99957270662,3.83174901675,,2.40846266825,4.48214003376,4.73565206739,4.41746190955,,,2.4252159268,2.43003572689,4.39149923363,2.71674603827,,,2.6749454012,3.19854589594,2.19874150413,,,,,,,,2.65250883159,2.67019965176,,,1.62677168872,,,2.50756465171,5.03160075711
ELEC03,"MPI",ENSG00000178802,6.165331,0.740828657305,3.89833041048,1.89914128165,,3.5246024804436145,3.81745310732,5.79418897697,,4.892714346,,-3.88161531832,2.48570274002,,4.46360920898,3.79021935132,3.56789698886,4.85833033625,,4.55734254237,3.88959949233,2.69991669077,3.14558976763,,,4.44307855036,5.08824613161,2.09325649735,4.74085049815,,,4.02524178202,4.35756075989,7.34346648371,,,,,,,,4.70263505893,4.08447071153,,,5.07846473395,,,5.54305524277,2.21820124406
HEIG03,"MPI",ENSG00000178802,1.399953,2.80398363162,2.13579711971,2.99718532097,,1.441899418299503,2.26813238922,1.38985313076,,1.81499238763,,-6.22221269683,0.0786733308695,,1.33400161137,0.546958514309,0.75608832356,2.05592808512,,1.97913713068,1.169756822,2.1306007254,1.84920544612,,,2.10802228702,1.62972862018,2.18432198544,1.94667387458,,,0.903676100545,1.90997405914,0.829372194061,,,,,,,,1.96033586745,0.497363097011,,,0.664942478914,,,4.16692597835,2.14813517205
WAIS01F,"MPI",ENSG00000178802,5.773581,3.40574229557,4.46212258747,5.01082837979,,4.556827914490185,4.65580885857,4.71559122341,,4.29979231256,,0.303901501891,3.38251197688,,4.51504060577,3.73688209148,3.8033161309,4.9765942234,,4.68367797074,4.3101900887,4.36303499707,4.50874132361,,,3.69101749128,4.71020576102,3.89650126861,4.62639050016,,,4.00750639689,4.67552882321,4.15825414963,,,,,,,,4.63323178401,5.18832856146,,,3.12979080302,,,3.10815789896,4.4070983799
WAIS02F,"MPI",ENSG00000178802,5.306730,3.21988758699,4.29270490858,4.86787434645,,4.294829521050036,4.44916664585,4.56400927151,,4.19668073182,,0.128419968455,3.13429645132,,4.44513745662,3.56312914582,3.64874666863,4.68829339015,,4.47180166424,4.08378958513,4.14385177858,4.26367030353,,,3.48704481521,4.56835711976,3.79838515449,4.47860196851,,,3.73140159057,4.49718242881,3.99827375332,,,,,,,,4.49841801201,5.09428242492,,,2.94990106238,,,2.98790544796,4.23227304546
WAIS03M,"MPI",ENSG00000178802,0.571428,0.616316729275,0.99516731315,0.598878936081,,0.9349344414646865,1.17594788714,1.2168931443,,0.62208185662,,-5.71806661111,-0.312182551221,,0.687854244299,1.60345047868,-0.700737191254,0.822902676327,,0.733375711574,1.11164758348,0.610693535179,1.0219898276,,,0.528641602616,0.921009714366,0.996889536106,0.885366996123,,,1.27035547164,0.912954927608,1.21969338392,,,,,,,,0.793912211916,0.550358590301,,,-0.672538844539,,,4.0850094194,1.17096375356
WAIS03,"MPI",ENSG00000178802,3.871924,2.70709792014,3.05300998741,2.06728454131,,3.625788489872673,3.82635599886,3.76100244103,,2.61018796708,,-5.00867927517,2.26537626996,,2.83266858663,3.7000721851,1.85604482723,3.27804744057,,3.24176321079,3.61970503945,3.23290020472,3.60173628685,,,2.84304657194,3.29373788698,3.64578289353,3.44302768915,,,2.60457746749,3.44268635009,3.8633656979,,,,,,,,3.24751609068,3.24211058112,,,1.36843183494,,,5.24953559828,3.88509815937
WAIS04M,"MPI",ENSG00000178802,0.891063,0.673706537454,0.994932990278,0.390626027455,,1.0378373033554142,1.23752301791,1.15994146293,,0.485416508089,,-5.46087998517,-0.0976412262883,,0.510085959687,1.6947762693,-0.629595603778,0.753257525329,,0.725209830256,1.36029026879,0.729135659052,1.16282968791,,,0.728268718062,0.801951974305,1.1556797051,0.913546298607,,,1.05534678676,0.813026657302,1.16569687755,,,,,,,,0.623975390467,0.446649575393,,,-0.889833009131,,,3.74066389909,1.29629086693
WAIS04,"MPI",ENSG00000178802,4.126650,2.53895319558,2.84068108577,1.9273315989,,3.457531761310758,3.75467987744,3.51726726676,,2.47927537918,,-4.75859639591,1.99689661398,,2.67643648819,3.57587031487,1.79868454618,3.121406678,,3.17923285746,3.30299301285,2.99503215209,3.50848875037,,,2.47897885901,3.03875344098,3.5442408638,3.08821704728,,,2.31180156352,3.27285664485,3.55841748894,,,,,,,,3.07635803841,3.07855640758,,,1.19514152962,,,5.06496941185,3.80799746326
WEIG05F,"MPI",ENSG00000178802,4.444906,3.21820669849,4.12120384991,2.09826480623,,3.7202588181234506,3.83037482081,3.92344059606,,4.08350041145,,-0.8267763276,2.1800247388,,4.33872545629,3.72678544206,3.7558780834,4.31881954277,,3.50694625131,3.85181468627,4.33506120001,3.74118317359,,,3.51455499233,3.92905702645,3.06549977063,3.91402944283,,,3.15826043539,3.94416585044,3.51162484597,,,,,,,,3.9334608878,3.87510166825,,,3.86960124894,,,4.78148850885,3.53107653189
