code,target,ENSEMBL,association,Adipose_Subcutaneous,Adipose_Visceral_Omentum,Breast_Mammary_Tissue,Muscle_Skeletal,DGN_Whole_Blood,Whole_Blood,Artery_Aorta,Artery_Coronary,Artery_Tibial,Heart_Atrial_Appendage,Heart_Left_Ventricle,Spleen,Brain_Amygdala,Brain_Anterior_cingulate_cortex_BA24,Brain_Caudate_basal_ganglia,Brain_Nucleus_accumbens_basal_ganglia,Brain_Putamen_basal_ganglia,Brain_Cerebellar_Hemisphere,Brain_Cerebellum,Brain_Cortex,Brain_Frontal_Cortex_BA9,Brain_Hippocampus,Brain_Hypothalamus,Brain_Spinal_cord_cervical_c-1,Brain_Substantia_nigra,Nerve_Tibial,Cells_Transformed_fibroblasts,Cells_EBV-transformed_lymphocytes,Colon_Sigmoid,Colon_Transverse,Esophagus_Gastroesophageal_Junction,Esophagus_Mucosa,Esophagus_Muscularis,Liver,Minor_Salivary_Gland,Small_Intestine_Terminal_Ileum,Stomach,Adrenal_Gland,Pituitary,Pancreas,Thyroid,Lung,Ovary,Prostate,Testis,Uterus,Vagina,Skin_Not_Sun_Exposed_Suprapubic,Skin_Sun_Exposed_Lower_leg
BFPC02B,"PLCE1",ENSG00000138193,14.543528,0.133809009565,-0.325427638301,-0.356397479773,,0.6027114694689376,-4.04687927475,,,0.63666632871,-0.910698593274,0.171071580557,,,1.14818054744,,,,,,,,,,,,-1.7520707482,-0.875798365872,-2.94526921331,-0.36332111857,,-0.441274227129,-0.997518125812,0.202824537247,,,,,,,0.330684855811,,-1.10020986101,,,-1.58784443635,,,-1.91893190438,-3.23453105762
BFPC02M,"PLCE1",ENSG00000138193,10.462521,-2.02749349301,-2.24469107869,-1.94486626754,,0.9358788438025896,-3.24503737343,,,1.66833256391,-1.93808541457,-2.08451681428,,,0.949172327689,,,,,,,,,,,,-3.48964972611,-1.69862576577,-1.86855864979,-2.39258528021,,-1.1062808891,-2.19447406345,0.809411919022,,,,,,,-0.624871792152,,-0.115886630205,,,-2.98490723167,,,-3.33939880755,-2.84916551442
BFPC02,"PLCE1",ENSG00000138193,13.027830,0.894157557659,0.331805675068,0.305771432541,,0.32772742763350216,-3.98404591345,,,0.256621031051,-0.451347137815,0.918362693373,,,1.04287426945,,,,,,,,,,,,-0.998629191258,-0.588621999638,-2.99382965401,0.348563096506,,-0.160640867272,-0.416585185266,-0.0327936598822,,,,,,,0.611382938587,,-1.31803160559,,,-0.980742930659,,,-1.27142103318,-3.00913078109
BFPC03B,"PLCE1",ENSG00000138193,15.163530,-0.0359466775303,-0.503081685503,-0.524828338387,,0.7259401669484197,-3.93362675247,,,0.578633728253,-0.90517067073,0.0125800830392,,,1.28534732228,,,,,,,,,,,,-1.88803227769,-0.924453575973,-2.93303341275,-0.563673597865,,-0.526249248572,-1.18628086287,0.179091319333,,,,,,,0.240837487831,,-1.08139682622,,,-1.68692306432,,,-1.99445034008,-3.2693205917
BFPC03M,"PLCE1",ENSG00000138193,10.011512,-2.07236873561,-2.27820293635,-2.01687442998,,0.9822296171161575,-3.22538028301,,,1.64487394612,-1.95791275688,-2.13109128188,,,0.935118036404,,,,,,,,,,,,-3.52604341594,-1.65530747709,-1.89723739722,-2.44719601251,,-1.16802379238,-2.29159023817,0.818725045968,,,,,,,-0.659463384524,,-0.121659377975,,,-3.00761097957,,,-3.37309157375,-2.90302798556
BFPC03,"PLCE1",ENSG00000138193,13.816474,0.685937773572,0.113036211439,0.110878852728,,0.4620212276174662,-3.85387107751,,,0.195621149644,-0.441981016158,0.72838131133,,,1.2151135648,,,,,,,,,,,,-1.16385654225,-0.669537524082,-2.96009799411,0.10964766757,,-0.249183542221,-0.625189631634,-0.0685920490874,,,,,,,0.503772401391,,-1.29308584784,,,-1.10398173034,,,-1.36434553455,-3.03597559595
BFPC04B,"PLCE1",ENSG00000138193,20.098286,-0.918170614766,-1.17235901763,-0.964397444053,,2.0142384613462108,-4.61689143791,,,-0.249172930373,-0.358907447212,-0.398921492,,,1.53621954688,,,,,,,,,,,,-2.75640517466,-1.25828937389,-3.79860896215,-0.735614668787,,-1.39721810805,-2.00016920096,0.00898442330504,,,,,,,-0.874887217398,,-2.06389424821,,,-2.48059513872,,,-3.11636002828,-4.29073995047
BFPC04F,"PLCE1",ENSG00000138193,5.933450,0.514041814514,1.1994303217,-0.0856297239415,,1.8935746587179556,-2.49012691602,,,-2.02833557808,0.916907666473,1.36738698934,,,1.19195021138,,,,,,,,,,,,-0.174239883333,0.254444015445,-3.59044501654,1.00495661625,,-1.38427758034,-1.03699202743,-0.715991540233,,,,,,,-0.625638741395,,-1.77305198118,,,-0.867849126416,,,-1.12097708034,-2.87714606105
BFPC04M,"PLCE1",ENSG00000138193,17.302300,-1.71414317544,-2.6530382738,-1.26539840889,,1.1796834050509848,-4.28652371391,,,1.38633655684,-1.28127321132,-1.72258899694,,,1.11314264153,,,,,,,,,,,,-3.67962896394,-1.96490471051,-2.21130638234,-1.88120410917,,-0.756581984991,-1.89025402312,0.62491332835,,,,,,,-0.680162278596,,-1.35247174425,,,-2.70308393083,,,-3.370203447,-3.50072683924
BFPC04,"PLCE1",ENSG00000138193,15.472770,-0.628708632183,-0.694981274183,-0.752270347769,,2.0013419040851503,-4.48028799714,,,-0.623884488018,-0.0496501289891,-0.00785176450666,,,1.47823869468,,,,,,,,,,,,-2.30213110254,-0.996390418233,-3.91519295433,-0.342632419977,,-1.38229064246,-1.83658365927,-0.168749573474,,,,,,,-0.877857909122,,-2.09243830605,,,-2.23379219103,,,-2.81983199128,-4.19812082521
BLOO12,"PLCE1",ENSG00000138193,7.146460,-1.00055594558,0.50170035607,-0.772687278226,,1.4111470648688813,-2.78563207121,,,-2.7995736556,-1.63516369341,-0.598718149513,,,-0.198413894998,,,,,,,,,,,,-2.00168119138,-0.137495650067,-1.31357246279,-0.620865937219,,-0.0148833684053,-1.35080357867,-1.43263785363,,,,,,,0.028225166386,,-3.42675840577,,,-1.73300428737,,,-0.239880319554,-3.24159690271
BLOO33,"PLCE1",ENSG00000138193,9.981175,-0.697999082439,-0.711398600626,0.24546828599,,0.6404630764480652,-0.370680368131,,,-1.73562911725,-0.765439094642,-0.573507227381,,,-0.337506614776,,,,,,,,,,,,-2.38535017478,-2.16177760596,-0.355177531002,-0.090686193263,,-1.59206364339,0.666351863587,-1.32117443778,,,,,,,1.20249558904,,-3.26717608803,,,-1.16212328801,,,-1.76841733557,-2.01473614318
LEAN04B,"PLCE1",ENSG00000138193,7.495679,1.86268273888,1.22172876413,2.58718217849,,-0.19021392039957605,2.00040082881,,,1.17522718286,0.787143043481,1.2360493894,,,0.732467866155,,,,,,,,,,,,2.91793144321,1.7427464948,1.18315124196,1.33006709731,,1.96969964033,1.64747594782,1.64020744505,,,,,,,1.32973399145,,2.97741336524,,,2.47059637875,,,3.00660006267,2.04334190277
LEAN04,"PLCE1",ENSG00000138193,7.669140,1.36227060262,0.65958159056,2.02588247053,,-0.15756342524068323,2.01861585474,,,1.70403253471,0.434185178997,0.676387633256,,,0.955569058211,,,,,,,,,,,,2.46920621128,1.6555850398,1.14478891296,0.810026730244,,1.79690609604,1.32447208989,2.24842382587,,,,,,,0.816689065013,,3.31339936426,,,2.27016976233,,,2.04639491103,1.82286850546
LEAN05B,"PLCE1",ENSG00000138193,8.648552,1.83809499909,1.10920919406,2.57796835109,,-0.07569163319985316,2.0397160817,,,1.26425543334,0.89770830971,1.09663006976,,,0.778247628464,,,,,,,,,,,,2.95549228444,1.75517290234,1.200043744,1.11669445646,,1.93268128197,1.62835867391,1.74561486973,,,,,,,1.36754290639,,3.18821056923,,,2.46093961532,,,2.99565448283,2.19952165808
LEAN05,"PLCE1",ENSG00000138193,7.779630,1.33796159281,0.59686647397,1.9980654661,,-0.06543303569086016,2.04367612819,,,1.70863110842,0.486552252164,0.58168918928,,,1.00622871571,,,,,,,,,,,,2.4779184039,1.68636584731,1.14966283773,0.664001344275,,1.74587505364,1.27270138791,2.29663472805,,,,,,,0.843889098191,,3.42450104717,,,2.25671943898,,,2.04722799969,1.88417847479
LEAN06B,"PLCE1",ENSG00000138193,21.189082,2.08875118596,1.48708889842,2.81855755772,,0.33362666685156067,3.05067424338,,,1.40863810061,2.37410994843,1.3287616469,,,0.855753364692,,,,,,,,,,,,3.68205304987,1.57360481784,1.31858302143,1.69678206941,,2.19033201628,2.6059876608,1.8636226469,,,,,,,0.72729456976,,3.96883727186,,,2.60667363028,,,3.09731397285,3.33093162983
LEAN06F,"PLCE1",ENSG00000138193,12.549982,1.94113537531,1.80334301408,2.46931092878,,0.5615056252382886,2.31587236212,,,0.50477241184,2.54395340731,1.70823174898,,,0.793256983171,,,,,,,,,,,,3.20823346645,1.00566340471,0.963005345433,2.01378877358,,1.79526396708,2.30896131185,0.849339649287,,,,,,,1.05445329634,,2.69342972122,,,1.87591459642,,,3.08408301512,3.11830906803
LEAN06M,"PLCE1",ENSG00000138193,9.783280,1.02929871179,0.072765771564,1.62458119846,,-0.23045291945345137,2.31643837106,,,1.95233469066,0.642290582517,-0.086957662963,,,0.424284595655,,,,,,,,,,,,2.14935601174,1.49122320005,1.05963473213,0.150826185483,,1.45605219095,1.46281435782,2.30056568403,,,,,,,-0.232491475153,,3.51591587156,,,2.1418112664,,,1.20471802994,1.60711875804
LEAN06,"PLCE1",ENSG00000138193,18.434979,1.96842853353,1.03917686832,2.73436128858,,0.08866022040000061,3.2464031676,,,1.72287658649,1.83956586424,0.901119953921,,,0.739904751842,,,,,,,,,,,,3.50435908928,1.78815186514,1.4621102207,1.24603126531,,2.15438599982,2.35896544075,2.20723726872,,,,,,,0.414864361541,,4.12763179632,,,2.81384046787,,,2.71634384546,2.98154599933
WEIG02,"PLCE1",ENSG00000138193,5.860184,1.22007512895,0.787516848943,1.02448811032,,-2.1637593493536302,2.67737158,,,3.06312878237,2.50064558203,-0.15800064169,,,-2.20302249344,,,,,,,,,,,,2.12584567884,2.90355397879,1.67512192461,0.0492351861019,,0.412286287582,0.996712975641,2.74460835115,,,,,,,-0.0223789807866,,3.60655274158,,,2.76905689364,,,-0.0128490256645,1.85089431252
WEIG05F,"PLCE1",ENSG00000138193,6.777102,-0.750711128775,-0.65536475727,-1.17799035977,,-3.1155007538189174,2.58430121254,,,0.929724689089,-0.3101658775,-1.31638933263,,,-1.22189908544,,,,,,,,,,,,-0.95693795611,0.0238867687287,3.1253197755,-1.25382834145,,0.27774877052,0.319595235207,0.825301650314,,,,,,,0.30951113739,,0.700859270149,,,0.476323910271,,,-0.786197519927,-0.270124251323
