code,target,ENSEMBL,association,Adipose_Subcutaneous,Adipose_Visceral_Omentum,Breast_Mammary_Tissue,Muscle_Skeletal,DGN_Whole_Blood,Whole_Blood,Artery_Aorta,Artery_Coronary,Artery_Tibial,Heart_Atrial_Appendage,Heart_Left_Ventricle,Spleen,Brain_Amygdala,Brain_Anterior_cingulate_cortex_BA24,Brain_Caudate_basal_ganglia,Brain_Nucleus_accumbens_basal_ganglia,Brain_Putamen_basal_ganglia,Brain_Cerebellar_Hemisphere,Brain_Cerebellum,Brain_Cortex,Brain_Frontal_Cortex_BA9,Brain_Hippocampus,Brain_Hypothalamus,Brain_Spinal_cord_cervical_c-1,Brain_Substantia_nigra,Nerve_Tibial,Cells_Transformed_fibroblasts,Cells_EBV-transformed_lymphocytes,Colon_Sigmoid,Colon_Transverse,Esophagus_Gastroesophageal_Junction,Esophagus_Mucosa,Esophagus_Muscularis,Liver,Minor_Salivary_Gland,Small_Intestine_Terminal_Ileum,Stomach,Adrenal_Gland,Pituitary,Pancreas,Thyroid,Lung,Ovary,Prostate,Testis,Uterus,Vagina,Skin_Not_Sun_Exposed_Suprapubic,Skin_Sun_Exposed_Lower_leg
BFPC04B,"MEI1",ENSG00000167077,9.826755,6.09860734751,5.59730343594,,5.52940962965,4.91867915130843,5.19056134832,5.46841145214,3.45684827477,5.08184481489,5.43619619261,5.04762381808,5.46764790455,,,,,,,,3.43762158568,5.32189756052,,,,,,5.62422142335,4.29323882731,5.17208026969,5.25732678566,4.55243577153,5.49837249165,5.03304562351,5.06592196333,2.50219313735,5.38460796163,1.94657000378,4.04627162878,,,6.18565782823,5.44743950657,,,4.99236156987,,,,5.38693296515
BFPC04,"MEI1",ENSG00000167077,9.975022,6.04569778636,5.50825790762,,5.51144973961,4.903791319589468,5.17115302777,5.46597905066,3.33850649575,4.99676825989,5.35123679356,5.09762437075,5.42546169298,,,,,,,,3.44364965703,5.36825262795,,,,,,5.63852907147,4.16050609347,5.17597752018,5.26158650304,4.46385588518,5.47578692886,5.0506107543,5.01670912468,2.25391598895,5.30401819939,1.9684065006,3.99169416875,,,6.14772364745,5.4384741321,,,5.03295776184,,,,5.40500739945
BLOO07,"MEI1",ENSG00000167077,6.081147,3.97802543627,4.86723947295,,4.44358658348,4.891053164365102,4.07701775724,4.63957465208,2.48083091227,3.6193457,3.82220521749,4.39870642002,3.52207126069,,,,,,,,4.64591428702,4.56818477665,,,,,,4.45693269588,1.93876010879,4.47674472006,4.37732951187,4.10758724522,5.34981073214,4.8345424794,4.85097137912,3.58338342496,4.21695561482,0.658408599034,4.10322659011,,,5.34261159428,4.60009095144,,,2.79999537474,,,,5.10305393483
BLOO11,"MEI1",ENSG00000167077,8.779866,3.76892787446,3.56862748421,,4.60737215513,3.3747827101783203,4.09409834641,4.63515658464,3.93919537103,4.28424309676,4.11806788623,3.70865076282,3.97697099132,,,,,,,,2.94287417869,4.25359797937,,,,,,4.52310923085,3.3978311696,4.1300566517,4.17865714788,5.37251716545,4.88048861159,4.31450813642,4.57758959847,5.14755028382,4.40400909443,0.737911499021,4.76470523603,,,4.77738790411,4.52553454966,,,5.08710962374,,,,4.6238995601
BLOO16,"MEI1",ENSG00000167077,7.293897,4.19436198883,4.98787635548,,4.54249692388,4.628392347061784,4.20732529764,4.75635903583,2.46138043556,3.84448654872,3.74938511003,4.29164685489,3.79130777538,,,,,,,,4.88728069216,4.72951023494,,,,,,4.69022317886,2.08001143291,4.59267371797,4.48487856902,4.44239160575,5.64131049253,4.91213834768,4.73922257037,3.61071583491,4.44678990404,0.731344593704,4.23068008295,,,5.40324035793,4.7491929495,,,3.05817466524,,,,5.25275685715
BLOO17,"MEI1",ENSG00000167077,7.382643,4.40274485517,4.93125447704,,4.70602220987,5.386423967113948,4.54241700182,4.86844321021,2.78346079976,3.82445346612,4.07504839953,4.56749076011,3.99041417384,,,,,,,,5.13932928487,4.78060456372,,,,,,4.7181022813,2.01281031767,4.82551234727,4.74323635068,4.12643451239,5.67317458886,5.12480490229,5.04858039005,3.85690631601,4.46040241422,1.42479555541,4.19686525871,,,5.56016335998,4.86678219015,,,2.86050085587,,,,5.25539957249
BLOO18,"MEI1",ENSG00000167077,9.760776,4.93297745245,5.32573413352,,5.30304353569,5.778793261601151,5.08908287515,5.4451332538,3.29753619447,4.42457386781,4.60076969185,5.01589292931,4.60715471096,,,,,,,,5.37137731283,5.30791598994,,,,,,5.29917786688,2.40711680296,5.339469602,5.29589113307,4.81055966437,6.22038944484,5.63423091042,5.55699586145,4.43122427066,5.03320324508,1.78728193803,4.64814119785,,,6.05275067194,5.43435269266,,,3.60369529327,,,,5.72999429738
BLOO24,"MEI1",ENSG00000167077,9.773606,4.85895124454,3.71309227659,,5.23898568332,4.505285907299284,5.22754635514,5.18071238419,4.76020838874,4.93936884796,4.70087906676,4.57042880212,5.07834149494,,,,,,,,3.52004153833,4.74039470954,,,,,,5.10247478353,3.58136385794,4.94749158007,5.04116609318,5.61505714923,5.50649484725,4.96744370718,4.95154136408,5.21381667725,5.03613590247,2.64443734079,4.95976578189,,,5.12900238145,5.1560492371,,,5.52375812533,,,,4.79960197459
BLOO31,"MEI1",ENSG00000167077,10.761327,-5.17397293259,-5.56705563649,,-5.35949638776,-5.571998515209457,-5.24328988901,-5.52679031711,-3.28318248893,-4.48357143584,-4.50018272273,-4.98572066791,-4.85880036955,,,,,,,,-5.59835782735,-5.39632604269,,,,,,-5.45321003652,-2.51200546852,-5.42815403037,-5.397576628,-5.09513569968,-6.49331830458,-5.66571347871,-5.45696285059,-4.35285052904,-5.25459339189,-2.03709462218,-4.76592620028,,,-6.05461050564,-5.54606989194,,,-3.78761228089,,,,-5.80189601939
BLOO32,"MEI1",ENSG00000167077,7.867356,-4.51446350068,-3.70719846424,,-4.75965264766,-4.230854610235226,-4.72788243607,-4.69992815657,-4.04505060476,-4.34475475737,-4.23285931867,-4.2137511015,-4.63931831289,,,,,,,,-3.58841882997,-4.2625977178,,,,,,-4.61897253753,-2.710601075,-4.4660900635,-4.59331969119,-5.02746273704,-5.16755010104,-4.60829249706,-4.72748375096,-5.06749280555,-4.57270729127,-2.54637063936,-4.41961854003,,,-4.66404505014,-4.69301320489,,,-4.49022602487,,,,-4.41937928221
BLOO33,"MEI1",ENSG00000167077,7.506472,-4.48625819746,-2.64019146801,,-4.60755883108,-4.301456090620747,-4.91394845694,-4.61001803462,-4.53960188273,-4.60518006186,-4.61300724305,-4.29516103444,-4.6452159661,,,,,,,,-2.23600708762,-4.48279120256,,,,,,-4.73656626837,-5.04668436722,-4.79338869709,-4.8086156258,-3.6795224621,-4.36848357082,-4.53487381923,-3.89505260062,-1.64524272974,-4.83081162466,-4.31952948753,-3.84540555108,,,-3.84281712488,-4.61223271303,,,-5.30726621586,,,,-4.17197994419
BLOO34,"MEI1",ENSG00000167077,1.463467,-0.987214567205,-2.16678481641,,-0.721312983962,-0.5848826318000551,-0.803387010058,-0.445320345604,-0.297072777798,-1.33434044188,-0.625034559015,-0.300498647795,-1.83813611487,,,,,,,,-2.24883400469,-0.332332106858,,,,,,-0.510708495706,-0.874394230845,-0.475551815993,-0.756480627376,0.599289438918,-0.401566081953,-0.413409870735,-1.85670064455,-1.13730218464,-0.433171961258,-5.38626219062,0.946905415994,,,0.0385883620259,-0.54437850554,,,-0.60092834304,,,,-0.32868059921
FATM04B,"MEI1",ENSG00000167077,4.660807,4.86952929051,4.64824112823,,4.08540898803,3.3028923491239275,3.71646411795,3.96745932134,2.08322891721,3.97729293154,4.17135148077,3.56578270623,4.09521584996,,,,,,,,2.6116674345,3.97602510656,,,,,,4.14796664398,3.20869645188,3.60397388521,3.73387750184,2.97019291176,3.99874847885,3.50350385302,3.74272622459,1.31317566799,4.03581274435,1.23750446373,2.50884528045,,,4.68850038968,3.96914730692,,,3.37822985804,,,,3.93723167839
FATM04,"MEI1",ENSG00000167077,5.044707,4.82970363317,4.65072260722,,4.1153528026,3.2880033226713525,3.72794906121,4.01540162591,2.02987691308,3.94411253894,4.11902699466,3.66354795161,4.07556632356,,,,,,,,2.65591570949,4.04440529369,,,,,,4.2164841117,3.06999493161,3.64759988425,3.77565477259,3.02519194264,4.04813936312,3.57945187884,3.71059157192,1.22387577109,3.99970023698,1.25265877522,2.52082113728,,,4.73280165183,4.01169550216,,,3.47263576169,,,,4.02331047662
LEAN04B,"MEI1",ENSG00000167077,6.085625,-0.415149808127,-0.256613068761,,-1.51243335448,-2.1381258215966845,-1.60099025815,-1.47066439093,-2.4869321029,-1.16636729345,-1.51563675688,-1.65466527225,-1.40174032907,,,,,,,,-0.801027597146,-1.15098649601,,,,,,-1.3318194337,-2.59271443293,-1.91036650307,-1.93266327741,-2.37987918158,-1.12608169994,-1.72463866304,-1.59507790479,-1.77701002103,-1.16644727898,-0.742929622665,-1.87215556414,,,-1.0096414735,-1.46964556586,,,-2.3400921969,,,,-1.29096644245
LEAN05B,"MEI1",ENSG00000167077,5.681811,-0.507921404288,-0.292353808924,,-1.61904228334,-2.2264971085373566,-1.69157704496,-1.58664786589,-2.56793921819,-1.30758054858,-1.6152287736,-1.73641251222,-1.48483556959,,,,,,,,-0.994546847753,-1.24774019657,,,,,,-1.44387482093,-2.72835775521,-2.00493438093,-2.03803047414,-2.49310096579,-1.24663902228,-1.82303581891,-1.70005272139,-1.75931130126,-1.27627141653,-0.82430957108,-1.92288945006,,,-1.11285916496,-1.58419302208,,,-2.45212394937,,,,-1.41929291252
LEAN05,"MEI1",ENSG00000167077,5.824865,-0.400511730338,-0.663095365041,,-1.45301290374,-2.1239214154385158,-1.68265000695,-1.48051516902,-2.268223351,-1.02962154983,-1.38480949275,-1.66831346152,-1.30837691828,,,,,,,,-1.19991278264,-1.2116900012,,,,,,-1.41334185418,-2.41965425812,-1.95905638854,-1.92222456483,-2.48835840568,-1.38317030459,-1.83631246512,-1.37821589741,-1.6702020047,-1.16832363017,-0.885750412789,-2.06757417521,,,-1.39350509584,-1.49304118918,,,-2.55101341074,,,,-1.45887918433
LEAN06B,"MEI1",ENSG00000167077,11.869216,0.0234806338415,-0.297252134229,,-1.21763527852,-2.0242110141434235,-1.63309833947,-1.30611227381,-2.71706443497,-0.951818798288,-0.876611455602,-1.4598398969,-1.26353863289,,,,,,,,-0.595873519721,-0.813450521044,,,,,,-1.06839049254,-1.88800889548,-1.74738890733,-1.65060509754,-2.65971920804,-1.26735081902,-1.75980209099,-1.19376388805,-3.22147962847,-1.11018780984,-1.32325417015,-1.95871438309,,,-0.859452708434,-1.28800482471,,,-1.56169516881,,,,-1.276434138
LEAN06F,"MEI1",ENSG00000167077,5.619463,0.228967519827,0.265287024429,,-0.687676222164,-1.5912703599606162,-1.1309580002,-0.723138075084,-2.15660989888,-0.556227199321,-0.571972432912,-0.773477838217,-0.907357717448,,,,,,,,-0.173280940171,-0.374504421896,,,,,,-0.437189368724,-1.57909000089,-1.11543965295,-1.08426146976,-1.51601420874,-0.550236935726,-1.04972423827,-0.945734186371,-2.46547177462,-0.71276326575,-1.01077619678,-1.14048647664,,,-0.173960744515,-0.707699291455,,,-0.696131172702,,,,-0.572440997522
LEAN06M,"MEI1",ENSG00000167077,7.360922,-0.313168855451,-0.994505932619,,-1.29593496256,-1.4528339186724992,-1.41127455072,-1.41262797754,-1.91724902006,-0.982799537501,-0.810872343524,-1.63205919904,-1.04154851189,,,,,,,,-0.888390947398,-0.998961040951,,,,,,-1.39704412879,-1.20525380422,-1.65777754886,-1.51822919697,-2.80533899003,-1.60851055778,-1.7840591871,-0.845271515866,-2.41471934303,-1.04725286328,-0.996830796513,-2.030670217,,,-1.40216427152,-1.40151761353,,,-1.95547425111,,,,-1.59057030545
LEAN06,"MEI1",ENSG00000167077,11.487422,-0.162417176461,-0.61442606148,,-1.40041864657,-2.0015459736886037,-1.72013015301,-1.5184585764,-2.6454372245,-1.01626299152,-0.947853005099,-1.6942517248,-1.30285942643,,,,,,,,-0.816337299545,-1.00833538938,,,,,,-1.36374972923,-1.77494925139,-1.92125473312,-1.78106669656,-2.93489067996,-1.58236838122,-1.95958693349,-1.19014907298,-3.14147806235,-1.22076998548,-1.28322037433,-2.24608528925,,,-1.22069795121,-1.5031325057,,,-1.88048396597,,,,-1.58250310716
WEIG02,"MEI1",ENSG00000167077,7.126035,2.87396530803,1.81616569399,,1.75071109378,1.710928152063453,2.08767810598,1.8237872715,1.03287858427,2.54415006756,2.17479713451,2.30876752143,2.25831413101,,,,,,,,0.92802108515,2.27635981578,,,,,,1.93157633111,1.91949393456,1.6313175592,1.74885356182,2.00742360157,1.52846691173,1.9697713424,1.74321165172,-1.49289207312,2.00342718516,1.38361024578,1.33319204496,,,1.75063429803,1.73227920311,,,2.3981135612,,,,1.74260908147
