code,target,ENSEMBL,association,Adipose_Subcutaneous,Adipose_Visceral_Omentum,Breast_Mammary_Tissue,Muscle_Skeletal,DGN_Whole_Blood,Whole_Blood,Artery_Aorta,Artery_Coronary,Artery_Tibial,Heart_Atrial_Appendage,Heart_Left_Ventricle,Spleen,Brain_Amygdala,Brain_Anterior_cingulate_cortex_BA24,Brain_Caudate_basal_ganglia,Brain_Nucleus_accumbens_basal_ganglia,Brain_Putamen_basal_ganglia,Brain_Cerebellar_Hemisphere,Brain_Cerebellum,Brain_Cortex,Brain_Frontal_Cortex_BA9,Brain_Hippocampus,Brain_Hypothalamus,Brain_Spinal_cord_cervical_c-1,Brain_Substantia_nigra,Nerve_Tibial,Cells_Transformed_fibroblasts,Cells_EBV-transformed_lymphocytes,Colon_Sigmoid,Colon_Transverse,Esophagus_Gastroesophageal_Junction,Esophagus_Mucosa,Esophagus_Muscularis,Liver,Minor_Salivary_Gland,Small_Intestine_Terminal_Ileum,Stomach,Adrenal_Gland,Pituitary,Pancreas,Thyroid,Lung,Ovary,Prostate,Testis,Uterus,Vagina,Skin_Not_Sun_Exposed_Suprapubic,Skin_Sun_Exposed_Lower_leg
BLOO07,"H6PD",ENSG00000049239,9.094911,2.96167683669,,,1.89703662581,1.524319040039242,1.49427855727,2.19887854692,,1.21357893948,2.62000817668,0.20369964292,,,,2.54420959451,,,1.08114891339,1.16300281106,1.22269983571,,2.71248517909,,1.83477699533,2.45038815297,1.65545957407,1.69058836981,1.05083603396,1.80723747253,0.171951412086,1.59300845228,0.886379546498,2.66557892998,,,,0.831816062593,3.25547219334,,1.2234304748,1.52980892168,3.03528536076,,3.49084229021,3.75816927875,,,,1.84927466653
BLOO16,"H6PD",ENSG00000049239,7.460949,3.15938150023,,,2.06945442346,1.7016307196446083,1.59446456181,2.47799062765,,1.29184664678,2.71642084726,0.481897855986,,,,2.5032702609,,,1.11622423488,1.20445487413,1.27586935134,,2.75094076038,,1.86910810809,2.87731165301,1.96667453189,1.76884132641,1.10150608891,2.02044130323,0.40597101375,1.6050215869,1.10795339793,2.85154778902,,,,1.18261385188,3.01407886266,,1.20981471913,1.74579632588,3.15284167373,,3.91728876891,4.25570932151,,,,1.68552558707
BLOO17,"H6PD",ENSG00000049239,9.929371,3.13850966591,,,2.01456169398,1.500162557513197,1.47137736209,2.46722296138,,1.18945965148,2.70925124105,-0.172201160343,,,,3.7531494922,,,1.11616316432,1.19510879429,1.39436183572,,3.22437853708,,1.98613315215,2.68026467301,2.04121039362,1.76207245194,0.901179501907,2.1094196153,-0.0428435439039,1.71196372142,0.917962450322,2.72332863533,,,,0.491833087774,4.08029600869,,1.37822100071,1.90692009686,3.492828267,,3.85876442849,4.03603913773,,,,1.70333115792
BLOO18,"H6PD",ENSG00000049239,9.278915,3.315337053,,,2.19569283789,1.7468347323868132,1.70123681726,2.68099558077,,1.23259796071,2.97584709069,0.14301768981,,,,3.69032722488,,,1.3199689776,1.40588392016,1.56704112164,,3.42162861825,,2.31871355287,2.65865173123,2.21064143794,1.98023089526,1.22176002203,2.33280552552,0.258718438632,1.87842099503,0.781958750866,2.85108041626,,,,0.846172365186,3.8166932838,,1.55425740818,1.90173971564,3.76912335923,,3.95953268535,4.11305398026,,,,1.75711472406
BLOO31,"H6PD",ENSG00000049239,9.056179,-3.48368728404,,,-2.52034711978,-2.10002588521646,-1.94483362924,-3.00802752934,,-1.38689832784,-3.21900874276,-0.375572245484,,,,-3.78837822439,,,-1.54595942256,-1.65799068453,-1.81050426797,,-3.63849403829,,-2.47465478945,-2.95576510205,-2.49296465382,-2.23986395776,-1.42148419842,-2.65803460208,-0.647389124111,-2.08019531309,-0.96978026548,-3.14015959559,,,,-1.20296098104,-3.58252305771,,-1.73648930231,-1.96302210928,-4.00349767555,,-4.38629442406,-4.51351431724,,,,-1.43226058503
HEIG02,"H6PD",ENSG00000049239,6.164988,0.808486637305,,,-0.646730757333,-1.6939955068949388,-0.66067237472,-0.055463911347,,-1.53199210979,-0.24387653195,-1.69398218613,,,,0.136226508384,,,-1.68705419678,-1.69267919821,-1.34853095222,,-0.402171205173,,-0.519204214369,1.74693479769,0.0774250956157,-1.06012899885,-0.582864256593,-0.0442166056517,-0.985431170179,-1.53073923832,0.377889551109,0.0342516305821,,,,1.46261863289,4.13539787365,,-1.7163593445,0.480784928684,0.0630568182301,,2.46469828378,2.33889497341,,,,-0.31414793498
HEIG03,"H6PD",ENSG00000049239,11.010986,1.44291404207,,,-2.24968839626,-4.357697477242414,-2.55821221958,-0.682700603594,,-3.06336508423,-2.14680367112,-3.33458538283,,,,1.19900545458,,,-4.10322892511,-4.18867011771,-2.82210277629,,-1.36331422744,,-2.50422946931,1.27231819245,0.167349453858,-3.32731362622,-2.28585867676,-1.23458406036,-3.2988027036,-3.63220988103,-0.738834845523,-1.17011187343,,,,0.665270569941,4.20177371341,,-4.23833518492,1.43018094617,-0.737072064597,,3.50793212783,3.79295152063,,,,0.806893579908
WAIS03,"H6PD",ENSG00000049239,6.043495,-0.949761597632,,,-3.28834216759,-3.9540406032813173,-3.78858255966,-2.47246288838,,-3.9934595416,-2.83855158302,-3.60509374639,,,,1.05722447054,,,-4.36592947953,-4.36015905003,-3.8582106992,,-1.81220898015,,-2.71498865154,0.255769724304,-2.28210357084,-3.37735142021,-2.54501666376,-2.99528814304,-2.44750265304,-4.3601306396,-2.29572111899,-2.46091594954,,,,-0.999113102987,2.98330561698,,-4.30940475388,0.0371877797935,-2.24603173953,,1.23378655912,1.18912339203,,,,0.150790590381
WAIS04,"H6PD",ENSG00000049239,6.279510,-0.855761596047,,,-3.04900354464,-3.7174219472102292,-3.53718934282,-2.30921413241,,-3.77449572462,-2.64713372388,-3.35935165699,,,,1.03166605112,,,-4.07706009491,-4.07635996503,-3.62955274766,,-1.68048541652,,-2.58383395093,0.43258561208,-2.1492067401,-3.14946000293,-2.38036540659,-2.80102391944,-2.30224713594,-4.10970667797,-2.14360914473,-2.31775447304,,,,-0.975117940835,2.91118421051,,-4.03401714019,0.0362887308723,-2.09922764334,,1.20395973012,1.16037626176,,,,0.147145212948
