code,target,ENSEMBL,association,Adipose_Subcutaneous,Adipose_Visceral_Omentum,Breast_Mammary_Tissue,Muscle_Skeletal,DGN_Whole_Blood,Whole_Blood,Artery_Aorta,Artery_Coronary,Artery_Tibial,Heart_Atrial_Appendage,Heart_Left_Ventricle,Spleen,Brain_Amygdala,Brain_Anterior_cingulate_cortex_BA24,Brain_Caudate_basal_ganglia,Brain_Nucleus_accumbens_basal_ganglia,Brain_Putamen_basal_ganglia,Brain_Cerebellar_Hemisphere,Brain_Cerebellum,Brain_Cortex,Brain_Frontal_Cortex_BA9,Brain_Hippocampus,Brain_Hypothalamus,Brain_Spinal_cord_cervical_c-1,Brain_Substantia_nigra,Nerve_Tibial,Cells_Transformed_fibroblasts,Cells_EBV-transformed_lymphocytes,Colon_Sigmoid,Colon_Transverse,Esophagus_Gastroesophageal_Junction,Esophagus_Mucosa,Esophagus_Muscularis,Liver,Minor_Salivary_Gland,Small_Intestine_Terminal_Ileum,Stomach,Adrenal_Gland,Pituitary,Pancreas,Thyroid,Lung,Ovary,Prostate,Testis,Uterus,Vagina,Skin_Not_Sun_Exposed_Suprapubic,Skin_Sun_Exposed_Lower_leg
BFPC04B,"MAP6D1",ENSG00000180834,5.656808,4.69725974785,1.4733142469,,0.824059422409,0.6854314043669736,,,,2.41315062797,,1.44471927387,,,,0.0178469087251,,-2.38448802265,2.81322999527,-0.658164917726,,,,,-1.78677771642,0.446502686005,,-2.96201087405,,2.42473149803,,2.76540636232,-1.83147090306,4.99708639707,,-3.28892270311,,1.67595951459,,,-0.492980173529,,,,,,,,-2.3818626833,-1.70617074432
BFPC04,"MAP6D1",ENSG00000180834,5.164183,4.63692239736,1.49354117403,,0.768905877501,0.6070625376886557,,,,2.27129983836,,1.33011333531,,,,-0.101609824103,,-2.41138766561,2.85115132055,-0.715590311295,,,,,-1.79542116064,0.360618639654,,-2.69943965307,,2.25330130066,,2.92409364487,-1.7068426984,4.87992553232,,-3.25846919539,,1.60456574704,,,-0.463174073309,,,,,,,,-2.26981005953,-1.63985356468
BLOO01,"MAP6D1",ENSG00000180834,19.793822,-5.21914581669,-0.210733810969,,-5.54482190709,-4.880904711289272,,,,-7.53332307937,,-3.31616069509,,,,-0.778813033204,,-0.20636116641,-6.11827870873,-4.41208265712,,,,,-4.34177334596,-3.65834388977,,8.57294491237,,-3.2816603575,,-3.34673934412,5.75234456532,-8.38645372595,,3.14858207041,,-3.84309435698,,,2.10577793536,,,,,,,,4.94945212772,4.84336251736
BLOO33,"MAP6D1",ENSG00000180834,18.381398,-3.95532489622,0.133427285614,,-5.7063166998,-4.994925437258562,,,,-7.37887440818,,-3.18980273279,,,,-0.970897077806,,-0.84794008846,-5.28394473852,-4.37934188495,,,,,-4.62105016604,-4.12868571247,,8.36304126221,,-2.16620157068,,-2.60512460259,5.56323542826,-7.02692893288,,2.25117858835,,-4.09989368048,,,2.08513517124,,,,,,,,4.83205770629,4.96020351086
BLOO34,"MAP6D1",ENSG00000180834,6.806875,2.94984441502,0.243934187402,,2.17375559713,2.1359785134596856,,,,3.98635846452,,3.69517293221,,,,1.37181451347,,0.0779726357348,4.30682706861,2.45040101414,,,,,2.41160521728,0.841482673978,,-4.37588229576,,3.09340135783,,3.67106501314,-3.4172471875,5.19145102763,,-2.2459000342,,2.22672995647,,,-1.14084180446,,,,,,,,-3.32639171632,-2.95562315521
BODY08B,"MAP6D1",ENSG00000180834,5.990379,4.80915649653,1.68025537394,,1.20470999992,1.3979614863800287,,,,2.91170913661,,1.1322564813,,,,-0.047854638427,,-3.02144644514,1.86506654309,-0.707980178477,,,,,-1.71394828663,0.826025809221,,-2.60926410389,,3.53195213927,,2.0944156931,-2.12119433287,4.897142311,,-2.00842634232,,1.57574996086,,,0.185614368365,,,,,,,,-2.22018709877,-1.78472486435
BODY08M,"MAP6D1",ENSG00000180834,6.290340,4.69309707661,0.638740240621,,1.45984550136,2.017638624638052,,,,3.29490566873,,1.15281044251,,,,-0.364063472138,,-2.88863718805,1.03902607833,-0.394837294794,,,,,-1.14415251373,0.728628336198,,-3.20024649565,,3.67670834577,,1.10293532719,-2.45855173621,4.71601731394,,-1.78770388119,,1.73226403661,,,-0.0372381861763,,,,,,,,-2.44136033728,-1.86179264958
FATM04B,"MAP6D1",ENSG00000180834,5.863184,4.51174685222,1.28525049163,,0.304242938075,0.37751812741071733,,,,1.94958239367,,1.54249318108,,,,-0.314401937638,,-3.61165663502,1.7005469305,-1.70344062014,,,,,-2.78873539534,0.0468117716473,,-2.05104142326,,2.62954751615,,2.11417031507,-1.13788657316,4.56819527293,,-2.45231892577,,1.74313147377,,,-0.491345275328,,,,,,,,-1.65139278394,-0.935167014212
FATM04,"MAP6D1",ENSG00000180834,6.003663,4.19066078554,1.35113273447,,0.122181314152,0.15095554437554437,,,,1.58516487991,,1.37197138634,,,,-0.376890013045,,-3.57657536115,1.63285888488,-1.8178645334,,,,,-2.89863900413,-0.0705470730897,,-1.66253858026,,2.29924091225,,2.12763030658,-0.854669615862,4.19117193553,,-2.32546784399,,1.59334171244,,,-0.375838837836,,,,,,,,-1.38612657851,-0.724031048294
HEIG03,"MAP6D1",ENSG00000180834,7.012633,-0.5715919713,-0.108952276108,,-3.82987105497,-3.0716453086821973,,,,-2.5082622933,,-1.94204464569,,,,-2.6708325467,,-4.88298788699,-3.17234768543,-5.20515364408,,,,,-5.10044324694,-2.06169593476,,4.23822032291,,-2.69732895542,,-2.5981537851,4.1028275792,-1.8680393783,,2.79451427174,,-0.549787588373,,,0.498131938666,,,,,,,,3.50663141716,4.20476964509
MENO01F,"MAP6D1",ENSG00000180834,5.604918,-1.10531220995,-0.121388167891,,1.43186162628,-1.1798720520264048,,,,0.455549670785,,-0.487770649761,,,,2.63871558518,,3.48559013361,2.41641765821,2.5392078982,,,,,0.696062223421,2.15461475848,,-1.75802796139,,2.13939852933,,3.01113220041,-0.706818799325,0.752363250434,,-1.31352599597,,0.957888138788,,,-0.131992853172,,,,,,,,-0.618826049987,-0.855815369549
