code,target,ENSEMBL,association,Adipose_Subcutaneous,Adipose_Visceral_Omentum,Breast_Mammary_Tissue,Muscle_Skeletal,DGN_Whole_Blood,Whole_Blood,Artery_Aorta,Artery_Coronary,Artery_Tibial,Heart_Atrial_Appendage,Heart_Left_Ventricle,Spleen,Brain_Amygdala,Brain_Anterior_cingulate_cortex_BA24,Brain_Caudate_basal_ganglia,Brain_Nucleus_accumbens_basal_ganglia,Brain_Putamen_basal_ganglia,Brain_Cerebellar_Hemisphere,Brain_Cerebellum,Brain_Cortex,Brain_Frontal_Cortex_BA9,Brain_Hippocampus,Brain_Hypothalamus,Brain_Spinal_cord_cervical_c-1,Brain_Substantia_nigra,Nerve_Tibial,Cells_Transformed_fibroblasts,Cells_EBV-transformed_lymphocytes,Colon_Sigmoid,Colon_Transverse,Esophagus_Gastroesophageal_Junction,Esophagus_Mucosa,Esophagus_Muscularis,Liver,Minor_Salivary_Gland,Small_Intestine_Terminal_Ileum,Stomach,Adrenal_Gland,Pituitary,Pancreas,Thyroid,Lung,Ovary,Prostate,Testis,Uterus,Vagina,Skin_Not_Sun_Exposed_Suprapubic,Skin_Sun_Exposed_Lower_leg
BFPC02B,"KLHL5",ENSG00000109790,0.437327,-0.839340986519,1.17920162109,0.346961139099,-1.33932085508,2.143899365918533,1.63093524557,-0.361015228424,-0.209360282889,1.00213694559,,,-0.0756992432151,,,,,,-2.12941085278,,,,,,,,0.191508664453,0.238006302421,,1.30185409012,1.81618321727,0.326397051267,1.07591341534,0.665660116592,,,,,,,-5.10772554815,0.137056830941,0.771223499351,,1.44709142444,,,,1.68678179532,0.900140883896
BFPC02,"KLHL5",ENSG00000109790,0.260356,-1.07948151893,1.08358248044,0.279200077927,-1.46062817747,2.3053662861963704,1.74048368638,-0.346285743812,-0.230338261042,0.778471583681,,,0.00138582458509,,,,,,-2.13091229983,,,,,,,,0.0556061573869,0.0888220882937,,0.927847750775,1.56803854838,0.123755324811,0.837127031243,0.438345506065,,,,,,,-4.97816000166,0.0152703554395,0.57463323176,,1.29667971168,,,,1.39043635744,0.663816625172
BFPC03B,"KLHL5",ENSG00000109790,0.424558,-0.863817065038,1.20647326088,0.272494516928,-1.4025927979,2.205554853672053,1.70679292805,-0.379392833151,-0.26250179185,0.966494166695,,,-0.083415315591,,,,,,-1.96754803573,,,,,,,,0.170898438384,0.262931371273,,1.25869965053,1.74409264925,0.280002124775,1.04474423663,0.631624174414,,,,,,,-5.06424885374,0.0764745117628,0.731788976777,,1.42926729085,,,,1.69514381147,0.908624920379
BFPC03,"KLHL5",ENSG00000109790,0.278701,-1.1104232741,1.11156864492,0.181976327667,-1.53741245728,2.392766304585014,1.83371358374,-0.37459638818,-0.300492808393,0.733557648487,,,-0.0045941377608,,,,,,-1.92969457968,,,,,,,,0.0275107570686,0.121675833711,,0.884231655012,1.48306339084,0.0668361109831,0.799278202615,0.392371186731,,,,,,,-4.93263239013,-0.0635670166718,0.525204748213,,1.27253148251,,,,1.41282313152,0.668327766526
BFPC04B,"KLHL5",ENSG00000109790,0.691905,0.012602198341,2.33886421891,1.15776223229,-0.993726368429,2.099702723169328,1.57821154991,0.534655808134,0.824908218712,1.71996510134,,,0.500284365428,,,,,,-2.6069638288,,,,,,,,1.41036744534,0.0439002580899,,1.45733677468,2.39954182144,1.34854811823,2.01824325912,1.77212309821,,,,,,,-5.21652346049,1.11942243278,1.84989429564,,2.52845169328,,,,2.48359302235,1.94557937192
BFPC04,"KLHL5",ENSG00000109790,0.562075,-0.211257105943,2.24920270702,0.981520523222,-1.06243598634,2.3257603492584273,1.68815237689,0.493197371018,0.740028962089,1.56616866788,,,0.497797009973,,,,,,-2.6526989214,,,,,,,,1.27352117424,-0.108032591307,,1.18916030016,2.11085603677,1.15981232228,1.83065152229,1.60221032507,,,,,,,-5.08987118106,0.959167414409,1.68171957787,,2.37517558595,,,,2.21764517165,1.78491672361
BLOO11,"KLHL5",ENSG00000109790,0.269815,2.56558778318,-0.860296332238,0.647119050523,4.11653832524,-3.7353670221357222,-3.20573103676,0.526658045064,0.465224934983,-0.214033491148,,,2.05713799539,,,,,,-1.03354065407,,,,,,,,0.890405812626,3.40084470639,,0.850703173807,-3.86599289487,0.425853606284,0.960615015142,0.855248686167,,,,,,,12.3958301767,0.965953217238,0.895528183828,,-1.91097185713,,,,1.0104865656,1.94925840175
BLOO12,"KLHL5",ENSG00000109790,0.804682,1.70453667012,1.39966717035,0.828558684385,2.38135459012,-2.367564681758965,-2.09974556277,0.854675523635,0.989979748984,1.41366163891,,,0.645355402766,,,,,,-0.0602897538218,,,,,,,,1.63408751335,0.586058324805,,0.745388430035,-1.66356108151,1.66391631943,1.96470116294,1.87879584587,,,,,,,6.36369963817,1.34617343441,1.80840635305,,0.434780323284,,,,2.07591384837,1.97585322559
BLOO17,"KLHL5",ENSG00000109790,1.719513,-3.68984514652,0.2770970951,0.629046577029,-3.10306128816,2.5091124437232417,0.340901166169,-0.768784405573,-0.399579287379,1.59938744012,,,-0.741506450974,,,,,,-4.32930236107,,,,,,,,-0.193719941398,-0.72057342135,,1.39081251389,3.44385474676,1.33362810135,1.72340531471,1.31280699737,,,,,,,-6.83331244476,0.376396379592,1.16740900897,,3.43909573512,,,,2.63257230216,1.60857952032
BLOO18,"KLHL5",ENSG00000109790,1.714961,-3.39806369388,-0.376622137004,0.476503722723,-2.87715866716,2.184516821068868,0.00596036023858,-0.843728393677,-0.487901341832,1.13605048079,,,-0.365811869942,,,,,,-4.44441288047,,,,,,,,-0.359648522623,-0.193428868181,,1.26927043367,2.82545447444,1.03154954574,1.40684501374,1.06183246237,,,,,,,-5.28296790819,0.261115388875,0.907243743395,,2.85401733045,,,,2.35448261128,1.49342963888
BLOO21,"KLHL5",ENSG00000109790,1.287771,-0.225388646757,-2.26426763693,-1.5094563911,0.267748344491,-0.2642394633201027,0.465043195377,-0.805398890422,-0.994969100023,-2.12673380675,,,0.118714307786,,,,,,1.73852642896,,,,,,,,-1.18444492294,-0.790823013163,,-1.83293275193,-3.17210492133,-1.73403072458,-1.57487169642,-1.23989270911,,,,,,,6.06390004925,-1.34785092281,-1.4655292879,,-2.06846253604,,,,-1.41277600861,-1.07907210918
BLOO22,"KLHL5",ENSG00000109790,1.237652,-0.702915681248,-2.36044583239,-1.80247867439,-0.325404086346,0.365247262419123,0.884053735143,-1.23045229844,-1.4244121196,-2.22096773733,,,-0.092821359521,,,,,,1.50913574687,,,,,,,,-1.57786225262,-0.867124510984,,-2.19158851073,-3.31123750093,-2.05851344324,-1.81972624538,-1.53000979847,,,,,,,5.63170718463,-1.74126593238,-1.77037714192,,-2.02506281398,,,,-1.61653043984,-1.20510236308
BLOO23,"KLHL5",ENSG00000109790,0.486489,0.525283594533,-1.36178945995,-1.14398842914,0.795852388377,-0.8068231091528352,0.441481543376,-0.502407925842,-0.394608602509,-0.933057539965,,,0.610786216965,,,,,,1.65571649459,,,,,,,,-0.50374286553,-0.712955378624,,-1.83570107769,-2.76292897424,-1.35390860599,-1.20628114664,-0.801807652916,,,,,,,4.9086381623,-0.88167019698,-0.984576742862,,-1.49660540937,,,,-1.25590704245,-0.645693196748
BLOO24,"KLHL5",ENSG00000109790,0.273134,1.30276232247,-2.48909534169,-0.114841682207,2.4026431304,-1.7611527392196407,-1.77804006815,-0.164190195441,-0.349280891205,-1.62494534312,,,1.9172333261,,,,,,-1.17800530452,,,,,,,,-0.571725438588,3.47011381617,,0.189250502343,-2.73398439554,-1.14358379405,-0.765471210542,-0.831180024408,,,,,,,8.26931304536,-0.185810247411,-0.689867370067,,-2.65561358323,,,,-0.686718709246,0.295318108353
BLOO26,"KLHL5",ENSG00000109790,6.114791,4.90930879363,3.53496591121,3.60357208582,6.83989180938,-5.286600326827803,-2.59831038726,4.69533069993,4.81661411212,1.66602865249,,,2.87435844701,,,,,,1.41494866343,,,,,,,,5.05222137194,2.47220196005,,4.55289524478,2.09670685611,3.90368868466,3.18503533738,3.81007483752,,,,,,,3.08104819991,4.61466704292,3.84993839445,,0.504483830667,,,,2.78818513006,2.73880357763
BLOO27,"KLHL5",ENSG00000109790,6.178749,4.86882570582,3.54655432854,4.04035653932,7.78456633485,-6.010616019451365,-2.91927882909,4.46560054627,4.80884479063,2.39757684705,,,2.23183975296,,,,,,1.90369425725,,,,,,,,5.28627651327,2.3617898277,,5.23442320038,2.26210579906,4.29485669226,3.86586187716,4.28144803372,,,,,,,3.00592566441,4.79905259936,4.3434147512,,1.35378276012,,,,3.58087782489,3.45452346731
BLOO31,"KLHL5",ENSG00000109790,1.784310,2.61114961943,0.234225814103,-1.13924762438,2.35445364941,-1.6960160231854828,0.219060170418,0.159875094359,-0.122455986647,-1.5996116634,,,-0.275532754455,,,,,,4.99136597242,,,,,,,,-0.276635731075,-0.606196802873,,-1.60231324976,-3.16934822418,-1.63400060653,-1.87219845764,-1.62504752863,,,,,,,4.8451334601,-0.928084833294,-1.48012871036,,-3.08223352198,,,,-2.50810698194,-1.96927555221
BLOO32,"KLHL5",ENSG00000109790,0.465466,-0.500528281846,2.10424350522,-0.245540088283,-0.728280062017,0.8123691551100429,1.79171009129,0.286498500186,0.382965516063,0.569062858831,,,-1.6194986124,,,,,,2.80125202846,,,,,,,,0.464207421127,-2.78946556282,,-1.25770944769,1.50581529345,0.456376300028,-0.0714866653229,0.179353845841,,,,,,,-4.90672772904,-0.128946138369,0.0569608288333,,1.57896177395,,,,-0.326801685431,-0.878448830419
BODY06B,"KLHL5",ENSG00000109790,1.492454,-1.41576085741,0.716300233515,0.338209543662,-1.88075108613,1.9081899042889903,1.49871868608,-0.822782112155,-0.657547417715,0.74663140846,,,-0.732423221682,,,,,,-2.00716928677,,,,,,,,-0.123857655562,0.742840899639,,1.46199916366,1.47139000924,-0.0346628362328,1.01239797013,0.595738834328,,,,,,,-4.87686947809,-0.167567646728,0.635498881465,,1.63576396998,,,,1.86472592767,0.817389823346
BODY06M,"KLHL5",ENSG00000109790,1.375966,0.167874633973,1.37327432352,1.38212921693,-1.13009460114,0.34044854490100357,0.677900036182,0.207812684665,0.340948062869,1.73173717885,,,-0.0273011614539,,,,,,-2.26898929689,,,,,,,,1.07807600233,1.21616067119,,2.43801765117,2.87587927849,1.26910447486,2.12970070103,1.85706239682,,,,,,,-4.88205114238,1.01747317176,1.80392915736,,3.19485733906,,,,2.62940358077,1.98011597305
BODY07B,"KLHL5",ENSG00000109790,1.644395,-1.49775932761,0.68051915582,0.220161191691,-1.93445025964,1.985743469119478,1.60096942111,-0.893438320158,-0.753912360563,0.656477888732,,,-0.735061243399,,,,,,-1.85129654599,,,,,,,,-0.204905600885,0.76199771628,,1.39495346319,1.38936730094,-0.131393166452,0.918025748047,0.502914035819,,,,,,,-4.81766171056,-0.278258721914,0.531545417036,,1.56882075029,,,,1.85320128602,0.774445980899
BODY07M,"KLHL5",ENSG00000109790,1.412188,0.185016384243,1.40456592295,1.39315442189,-1.10654632664,0.31349879686424326,0.676684615608,0.217534911998,0.34412854162,1.78181306268,,,-0.0356109106266,,,,,,-2.24350646314,,,,,,,,1.09155758852,1.19170417173,,2.46118253037,2.85412694479,1.28123528994,2.14154022786,1.87187875485,,,,,,,-4.84860719528,1.02728018581,1.8115721457,,3.1910451934,,,,2.63107784117,2.00015288446
BODY08B,"KLHL5",ENSG00000109790,1.546804,-0.910193767382,1.56827517092,0.768062916238,-1.49971283315,1.8519087379741033,0.811881499981,-0.509663417704,-0.345092724771,1.00304148536,,,-0.902461848775,,,,,,-2.5381872079,,,,,,,,0.499299947033,-0.104610802649,,1.71378652233,1.66842314173,0.706614996668,1.79444251593,1.27478035927,,,,,,,-5.61083022507,0.305843942506,1.35474122478,,2.28788651623,,,,2.94475700349,1.54969437824
BODY08M,"KLHL5",ENSG00000109790,2.239653,-0.1020362086,1.64955939903,1.52721553982,-1.21667697524,0.4767926276534232,0.0896584744534,-0.116055190168,0.00177861071588,1.54501368882,,,-0.467084075977,,,,,,-2.57932147417,,,,,,,,0.967404315639,0.454544269571,,2.22917959828,2.63165351242,1.43908269688,2.37902204843,1.89625117525,,,,,,,-5.40481508778,0.948148812512,1.90075919868,,3.1988606851,,,,3.62051615315,2.14976090347
BODY08,"KLHL5",ENSG00000109790,1.154995,-1.03702261965,1.52999293209,0.537775878154,-1.4733324329,2.1006608642762936,0.950353073506,-0.554825431389,-0.406166117285,0.769018170428,,,-0.914571602622,,,,,,-2.45296791165,,,,,,,,0.360005741386,-0.320155490794,,1.50038673832,1.3238426592,0.476238064644,1.54169079541,1.05352150924,,,,,,,-5.31746964421,0.123731623253,1.13810298862,,1.89770582268,,,,2.5533938901,1.34332842805
EDUC03,"KLHL5",ENSG00000109790,1.421762,-1.29912160648,-2.10508761404,-2.18175051672,-1.42374675567,1.727369149549168,0.162207081389,-2.34227710716,-2.17782715287,-2.17196275066,,,0.0840559290599,,,,,,1.32048348715,,,,,,,,-2.18635340706,-0.625743121548,,-0.64520765124,-5.17113060938,-2.77727816735,-2.1170547552,-2.33480949953,,,,,,,5.24464457367,-2.41924993594,-2.23033279952,,-5.38789854648,,,,-0.846333036627,-1.12331522261
FATM02B,"KLHL5",ENSG00000109790,0.963531,-1.72793344531,0.446408509929,0.055824256613,-1.99313268836,2.5717499526957206,1.9578566705,-1.00493895862,-0.822937377775,0.55568926282,,,-0.578704798109,,,,,,-2.06651512988,,,,,,,,-0.37166120419,0.318143686321,,0.864364903478,1.21942016095,-0.3195799009,0.677682398784,0.335216514878,,,,,,,-5.09689614296,-0.454439080847,0.318682083165,,1.23021432237,,,,1.81096688891,0.630561289709
FATM02M,"KLHL5",ENSG00000109790,1.265184,0.0921423499672,1.07731370336,1.07996593708,-0.886505524919,0.9683074830401597,1.09622004889,0.0542647085119,0.181785728987,1.44288391467,,,0.173639148373,,,,,,-2.05436109541,,,,,,,,0.780234164053,0.947227270678,,2.18038287112,2.53398809111,0.989222932642,1.72641024782,1.5110428567,,,,,,,-4.75988640237,0.716050064844,1.43202965351,,2.23473637685,,,,2.43879052203,1.64568163229
FATM02,"KLHL5",ENSG00000109790,0.828976,-2.06035136485,0.313427610979,-0.163629874204,-2.16695172892,2.831725988163978,2.0530721359,-1.12394855928,-0.951861662452,0.239372663479,,,-0.635607443569,,,,,,-2.00166193659,,,,,,,,-0.627634127818,0.0780255788669,,0.393541338342,0.855132639576,-0.644714372869,0.320537232779,-0.0191833166564,,,,,,,-4.87846987075,-0.698668670237,-0.004918812851,,0.863476907444,,,,1.38589322685,0.277655776096
FATM03B,"KLHL5",ENSG00000109790,1.084532,-1.7892590882,0.413987371059,-0.0338943527271,-2.05135276466,2.614069995513012,2.02827997906,-1.05174004934,-0.905457031042,0.48164238793,,,-0.60926607281,,,,,,-1.86729844477,,,,,,,,-0.427715368282,0.345665720257,,0.811406351857,1.13356328908,-0.392542342004,0.619494617255,0.26709930939,,,,,,,-5.00277846435,-0.538550288549,0.248721370382,,1.17901324432,,,,1.8090476774,0.612951866851
FATM03M,"KLHL5",ENSG00000109790,1.344295,0.115695711427,1.12245077803,1.09056767001,-0.862594622871,0.9400967886717209,1.08793692074,0.0652208875893,0.190561864292,1.49790336613,,,0.168315009395,,,,,,-2.04550766277,,,,,,,,0.800280713027,0.936806657038,,2.21264268469,2.5227617225,1.001659005,1.74275449285,1.53276225275,,,,,,,-4.72019577407,0.73123587525,1.4460800925,,2.24545298047,,,,2.44638332517,1.67849584794
FATM03,"KLHL5",ENSG00000109790,0.852231,-2.13423584423,0.270024973853,-0.273960564587,-2.23872723264,2.8879182352237103,2.1356510211,-1.18331999505,-1.05258863981,0.146695858864,,,-0.668718831776,,,,,,-1.7637585686,,,,,,,,-0.69375402218,0.119899919336,,0.336726543568,0.761321416913,-0.728332353443,0.255026960262,-0.100688512545,,,,,,,-4.77403656104,-0.800275826531,-0.0855207530479,,0.808634382736,,,,1.39915365958,0.256907876415
FATM04B,"KLHL5",ENSG00000109790,0.665466,-1.6605218982,0.831855866458,0.466551919123,-2.07747841606,2.66930920527226,1.78564033038,-0.797279123041,-0.502016622319,0.461910835554,,,-0.51804076315,,,,,,-2.60100402087,,,,,,,,0.000457197937165,-0.280984706245,,0.447640063619,1.27036632499,0.140343925187,1.12230947919,0.713258073784,,,,,,,-5.52374015849,-0.113078730799,0.764607024755,,1.81750364771,,,,2.46505758101,0.970915625776
FATM04M,"KLHL5",ENSG00000109790,0.848722,-0.767045163288,0.899636295156,0.983933429541,-1.45618388727,1.4289100965244321,1.17241972334,-0.571355529162,-0.343488189264,0.762173458458,,,-0.28479633009,,,,,,-2.24942652814,,,,,,,,0.310622810765,0.230622789793,,1.32374596748,2.08201082498,0.75021053122,1.55541676602,1.11882558991,,,,,,,-4.9548856078,0.342905975569,1.14133021706,,2.07865859256,,,,3.11920092299,1.32312951747
FATM04,"KLHL5",ENSG00000109790,0.532821,-1.77863648139,0.817968406561,0.308144387483,-2.11076265756,2.844621060808425,1.81820456072,-0.78588145911,-0.508765402686,0.336182475549,,,-0.508581578558,,,,,,-2.62471120387,,,,,,,,-0.0733414750117,-0.445442377105,,0.236636195443,0.993909014756,-0.0201263151068,0.957347855679,0.575641782999,,,,,,,-5.36075642723,-0.21519093908,0.632294788426,,1.62548000713,,,,2.13353820611,0.84416670534
HEIG03,"KLHL5",ENSG00000109790,5.352891,-4.93812269714,-5.15767350832,-3.97603645671,-3.60890288268,3.8013793998304126,2.0726772551,-3.94310315399,-4.14872247332,-3.83590817972,,,-1.47887634563,,,,,,0.788548600442,,,,,,,,-4.80499708019,-1.78247328169,,-4.86680665483,-4.77176978513,-4.82502728162,-4.50802034701,-4.4754609562,,,,,,,1.94707560138,-4.83703139821,-4.6583309718,,-3.50646807625,,,,-3.38226828482,-4.09849787918
