code,target,ENSEMBL,association,Adipose_Subcutaneous,Adipose_Visceral_Omentum,Breast_Mammary_Tissue,Muscle_Skeletal,DGN_Whole_Blood,Whole_Blood,Artery_Aorta,Artery_Coronary,Artery_Tibial,Heart_Atrial_Appendage,Heart_Left_Ventricle,Spleen,Brain_Amygdala,Brain_Anterior_cingulate_cortex_BA24,Brain_Caudate_basal_ganglia,Brain_Nucleus_accumbens_basal_ganglia,Brain_Putamen_basal_ganglia,Brain_Cerebellar_Hemisphere,Brain_Cerebellum,Brain_Cortex,Brain_Frontal_Cortex_BA9,Brain_Hippocampus,Brain_Hypothalamus,Brain_Spinal_cord_cervical_c-1,Brain_Substantia_nigra,Nerve_Tibial,Cells_Transformed_fibroblasts,Cells_EBV-transformed_lymphocytes,Colon_Sigmoid,Colon_Transverse,Esophagus_Gastroesophageal_Junction,Esophagus_Mucosa,Esophagus_Muscularis,Liver,Minor_Salivary_Gland,Small_Intestine_Terminal_Ileum,Stomach,Adrenal_Gland,Pituitary,Pancreas,Thyroid,Lung,Ovary,Prostate,Testis,Uterus,Vagina,Skin_Not_Sun_Exposed_Suprapubic,Skin_Sun_Exposed_Lower_leg
EDUC03,"TACC3",ENSG00000013810,6.731165,-2.34582303535,-3.48190926001,-3.49454271924,-4.40140922268,-1.251025620671076,-1.55346347065,,,-4.43260049074,-3.66097901372,-3.63993220943,-0.629293088396,,-4.44398105377,-0.627872923694,,,-2.17354951505,-3.94119032201,-2.75248703305,-3.6523896454,,,,-4.41122516976,-2.82224819409,,,-4.80077798142,-2.75308101528,-4.47509376402,,-3.25078239394,,,,,-4.30186524212,-2.69876331529,-3.40672970499,-1.57279980053,-1.84787500794,,,1.39737395515,,,,
HEIG03,"TACC3",ENSG00000013810,12.221277,-0.70045762383,1.30866689652,5.18408072292,2.909236212,5.746578985159794,4.42757756314,,,3.49255790965,1.98870282864,3.37570199632,2.19113157865,,4.33433444965,3.17360334124,,,0.880583206778,3.05267115401,3.0707027801,3.93535367659,,,,2.99042534316,3.37414180453,,,3.98936552555,1.88766281867,4.31745288204,,3.28653348978,,,,,3.30503054511,3.50518230483,2.28330398954,1.576011025,0.546238078076,,,-0.259435948702,,,,
HIPC01,"TACC3",ENSG00000013810,6.101999,-2.11463774558,-1.72848578731,1.18422697044,-0.766904560385,2.150122171076227,2.16084845708,,,2.56874128713,-1.49937817844,-0.865649417846,0.95937398035,,-0.0509275502328,1.06000939021,,,-1.55596136027,-0.938247763415,-0.231273982712,-0.708243798803,,,,-0.778861454018,0.00646586205207,,,0.0512408125111,-1.70682685011,-0.52096947279,,-0.801258823886,,,,,-0.715705468387,-1.0258433384,0.791353182912,-1.81580677391,-1.74521264479,,,1.70704815913,,,,
HIPC03,"TACC3",ENSG00000013810,7.855613,-2.04678819006,-1.99058346849,1.46623252655,-0.640034650305,2.8592082818239657,2.77332499256,,,1.7774929842,-1.61840226221,-0.892225542974,1.69273708981,,0.554867591571,0.359106554681,,,-1.8658105136,-1.07506436221,-0.471466029046,-0.403161083609,,,,-0.939759134424,0.132404522005,,,-0.113145810169,-1.65220339044,-0.446256495194,,-0.784103705935,,,,,-0.835553723225,-0.202223521066,0.638764224646,-2.33369956389,-1.82540422614,,,1.78788253751,,,,
HIPC04,"TACC3",ENSG00000013810,7.514264,-1.99574391989,-1.94094086693,1.42966657645,-0.627800302084,2.78665243912548,2.70416190178,,,1.67300625212,-1.57804140317,-0.939702615489,1.65052246371,,0.541029903102,0.326575470094,,,-1.81927959408,-1.0459282677,-0.463773065563,-0.391077854851,,,,-0.91632276166,0.129102536926,,,-0.110324108029,-1.61099957909,-0.435127448035,,-0.765710751673,,,,,-0.817863459232,-0.197180332823,0.660843407644,-2.22412310324,-1.77988097787,,,1.7432950347,,,,
LEAN04B,"TACC3",ENSG00000013810,8.086218,1.34124924429,3.08477874536,3.388395031,4.4191574356,5.295296431944441,3.10245596182,,,2.34563549911,3.41620066495,2.92512546253,2.03161161615,,4.66878324036,3.01950529074,,,1.75415485499,4.14809645737,4.08053055525,4.09930863359,,,,3.7274592916,4.55947686751,,,4.43356167647,1.55286369274,4.25446179761,,3.31951716581,,,,,3.63191442251,3.82676033388,2.31370584632,2.73451659927,2.86876863987,,,-2.20930815294,,,,
LEAN04M,"TACC3",ENSG00000013810,9.583226,0.228878554548,1.92570407484,3.73989973754,3.50233433416,5.626698099335649,4.07229718758,,,2.9402680617,2.21191570665,2.12122923971,1.9115261023,,3.92123714542,2.21882627283,,,0.90605720916,3.23897248626,3.48874015159,3.71653775484,,,,2.82269463932,4.01764827369,,,3.72351638119,0.912034019511,3.53668264491,,2.32099205696,,,,,2.69969600436,3.6393554092,1.85932634919,1.78559125968,1.88591282032,,,-2.03563339168,,,,
LEAN04,"TACC3",ENSG00000013810,10.910448,0.958417406438,2.85339341524,3.94362623601,4.36145889949,6.048034999008949,3.8934028879,,,2.85519916371,3.1566414683,2.84279743632,2.27594378541,,4.73831398722,3.0208781454,,,1.51214160879,4.09700819547,4.15560959734,4.29688072035,,,,3.61999041655,4.79008320529,,,4.45204094923,1.39274923565,4.31268313985,,3.10833923033,,,,,3.52395824442,4.11496671527,2.38232160323,2.51277982098,2.75601419849,,,-2.37809189332,,,,
LEAN05B,"TACC3",ENSG00000013810,8.045622,1.30669750496,3.08259504338,3.33763917279,4.40991528157,5.265995581553997,3.07778477164,,,2.40704212898,3.39937827212,2.89388501203,2.02876210377,,4.64833437213,3.20038173904,,,1.69776473731,4.14772210662,4.01897172654,4.09705523403,,,,3.74825503676,4.52686132979,,,4.47184466415,1.56848726347,4.25850882953,,3.27052962564,,,,,3.64085314157,3.73774219347,2.33130921303,2.73548868553,2.8143981626,,,-2.18328602336,,,,
LEAN05M,"TACC3",ENSG00000013810,9.100497,0.219467335772,1.94192652641,3.77812542244,3.52885617118,5.678279542093579,4.13690144635,,,2.92501120706,2.22294994377,2.12841573277,1.93435027406,,3.92867252443,2.18608914446,,,0.905929040005,3.26334342876,3.51570333339,3.7354416715,,,,2.84233837953,4.05291184586,,,3.74080352141,0.91935672442,3.56033385597,,2.32911197495,,,,,2.71424832649,3.678492903,1.87273513354,1.79316918232,1.89165089116,,,-2.02338916735,,,,
LEAN05,"TACC3",ENSG00000013810,10.887261,0.941129487744,2.86976635231,3.92807488389,4.36141702244,6.0493249502007265,3.90424329149,,,2.8923230159,3.15742959168,2.82368849971,2.2835644994,,4.72575332328,3.11894952287,,,1.48069645012,4.10966183754,4.13046289471,4.30316325024,,,,3.64151971736,4.78857349055,,,4.47609312708,1.40602170736,4.3273836045,,3.08038196571,,,,,3.53564734808,4.07411972855,2.40014650719,2.52810695601,2.73955968327,,,-2.36985211311,,,,
LEAN06B,"TACC3",ENSG00000013810,13.152693,0.234421755518,1.92948253824,3.91088508921,3.65266390354,6.456479497717896,4.80812375571,,,2.20015360974,2.30821841138,2.01762164189,2.3842594726,,4.05442685659,2.07936258123,,,0.382544189365,3.30175912237,3.54353691378,3.48940979169,,,,2.94766575115,4.61876495005,,,3.56094421474,0.879675158669,3.54672665296,,2.5056105955,,,,,2.63182598185,3.4303164566,1.96359975791,1.94662868299,2.19425780011,,,-0.903021945291,,,,
LEAN06M,"TACC3",ENSG00000013810,12.091145,0.0951811330656,1.6752651273,4.14012105614,3.79620855877,6.472908286142806,4.87774857727,,,3.16402863862,2.22093758997,2.24314605323,1.95142512335,,4.40051042368,1.95579762171,,,0.200349448028,3.1441572673,3.39651014932,3.69602766652,,,,2.91733519276,4.32261869583,,,3.51416958449,0.999960381852,3.49646293324,,2.50596371548,,,,,2.54912648261,3.90212817531,2.03656368507,1.69879546738,1.97395796565,,,-0.803917060794,,,,
LEAN06,"TACC3",ENSG00000013810,15.398570,0.188750979737,2.00085598335,4.50039189609,4.10543766605,7.1951409447415,5.4074622539,,,2.90726612852,2.51460930791,2.32415831352,2.45068875451,,4.65530729856,2.27535539655,,,0.323633280236,3.56558542369,3.82673682347,3.97135222552,,,,3.24595742944,4.99011814256,,,3.91275871279,0.963845991602,3.91322636613,,2.76779209139,,,,,2.8813945352,4.04013549198,2.25016140747,2.00159941583,2.31929329924,,,-0.935000878834,,,,
