code,target,ENSEMBL,association,Adipose_Subcutaneous,Adipose_Visceral_Omentum,Breast_Mammary_Tissue,Muscle_Skeletal,DGN_Whole_Blood,Whole_Blood,Artery_Aorta,Artery_Coronary,Artery_Tibial,Heart_Atrial_Appendage,Heart_Left_Ventricle,Spleen,Brain_Amygdala,Brain_Anterior_cingulate_cortex_BA24,Brain_Caudate_basal_ganglia,Brain_Nucleus_accumbens_basal_ganglia,Brain_Putamen_basal_ganglia,Brain_Cerebellar_Hemisphere,Brain_Cerebellum,Brain_Cortex,Brain_Frontal_Cortex_BA9,Brain_Hippocampus,Brain_Hypothalamus,Brain_Spinal_cord_cervical_c-1,Brain_Substantia_nigra,Nerve_Tibial,Cells_Transformed_fibroblasts,Cells_EBV-transformed_lymphocytes,Colon_Sigmoid,Colon_Transverse,Esophagus_Gastroesophageal_Junction,Esophagus_Mucosa,Esophagus_Muscularis,Liver,Minor_Salivary_Gland,Small_Intestine_Terminal_Ileum,Stomach,Adrenal_Gland,Pituitary,Pancreas,Thyroid,Lung,Ovary,Prostate,Testis,Uterus,Vagina,Skin_Not_Sun_Exposed_Suprapubic,Skin_Sun_Exposed_Lower_leg
BLOO05,"RCBTB1",ENSG00000136144,11.304799,3.08399540138,2.50911134346,3.82976581046,3.22397761186,3.36835450769205,4.36397390997,3.31180813072,,4.78426312297,3.39186095869,,1.84527645384,,,0.617987079666,,4.18750934551,3.24198555946,0.451072600984,1.45475331001,2.18700545803,2.02566787281,,3.21368520311,,0.965028644231,0.461263836763,,,-1.70128949707,,3.88256803635,,,,3.65345454298,,,,4.52774833592,-1.05615622989,1.75032159077,2.0036015758,,,,,3.75581263408,4.2699483846
BLOO06,"RCBTB1",ENSG00000136144,8.823967,2.8370065834,0.865701310254,2.49457189032,0.919094156301,1.6577249617642464,3.34490337534,2.24339765562,,3.30485832678,1.00031813984,,1.20285539734,,,-0.21955895986,,3.04032963602,3.08654093742,0.612661831845,1.69367669285,1.17237973037,1.42822596343,,1.6468981887,,0.446128417444,0.653934286609,,,-0.736370648529,,3.78978239645,,,,2.56219534939,,,,2.61263484415,-0.459113300242,1.14006912403,1.21043207417,,,,,4.43003418088,4.29675293889
BLOO09,"RCBTB1",ENSG00000136144,9.562868,2.8512492508,0.801032662426,2.42654226992,0.851397568848,1.5589690743467663,3.29039415638,2.18899341874,,3.3980940208,0.864044346164,,1.1482627464,,,-0.269945511121,,3.12965124461,3.22312545776,0.706801791054,1.87345294929,1.26691287263,1.44372136349,,1.60989086513,,0.429135328308,0.630582551563,,,-0.711970365942,,3.88046017641,,,,2.53262709281,,,,2.51285628782,-0.585044460066,1.03561238297,1.22315661021,,,,,4.43355290938,4.31964808924
BLOO10,"RCBTB1",ENSG00000136144,12.053607,2.88243673964,0.926942607133,2.64390755323,1.12070330032,1.7842829139840908,3.55376080677,2.36708774822,,3.64150343002,1.13626724344,,1.19901899413,,,-0.285155320189,,3.32300562066,3.38234424591,0.629462010258,1.85901354426,1.32001118714,1.51308186068,,1.74005202526,,0.388221571109,0.54402135485,,,-1.03829266416,,4.04266331375,,,,2.74803453211,,,,2.81403298466,-0.782113139449,1.05345988844,1.29713110879,,,,,4.53953153435,4.4956327052
BLOO12,"RCBTB1",ENSG00000136144,8.305992,3.58923269623,1.03528209298,2.58751049696,1.76767787494,2.0306928133923696,3.49959231513,2.01322072505,,3.28689453605,1.64631885982,,0.825246058793,,,0.140504558905,,3.63985581931,3.06495881081,0.589632925097,1.31189603525,0.999705340883,1.3490780437,,1.82623952147,,0.286552260382,0.367381327595,,,-1.07158507838,,3.49900805044,,,,2.59659959917,,,,2.95393964939,-1.10024214722,0.779702395202,1.09690822087,,,,,3.93341591734,3.99692000766
BLOO13,"RCBTB1",ENSG00000136144,9.230268,2.84394107285,0.775718988242,2.362686745,0.862845520521,1.6030687101909635,3.26680631086,2.13781230346,,3.23149429754,0.912881177243,,1.1112779718,,,-0.233258707063,,3.01842618891,3.10218167305,0.574894654699,1.62687635219,1.12679145092,1.36609235407,,1.56217225524,,0.380939331327,0.60707181032,,,-0.741664124809,,3.70088110702,,,,2.49207405931,,,,2.51931021151,-0.538082319061,1.01927242252,1.16480892776,,,,,4.35338887613,4.20757472617
BLOO24,"RCBTB1",ENSG00000136144,5.706218,0.329559476979,-0.0440265411837,-1.45606142213,0.552994385674,-0.25588729195104654,-1.69027792241,-1.79995148503,,-2.44439037171,0.615724516441,,-1.60215700222,,,1.23900199046,,-1.10198340224,-1.91690504551,-0.0118267249935,-2.34965883219,-1.11093697676,-1.12727310042,,-0.420959319198,,-0.133789620689,-0.393867748508,,,0.181628516471,,-3.03543658492,,,,-1.58093820789,,,,-1.16403845316,-0.252930438221,-1.22340586476,-1.00775968394,,,,,-3.40490907951,-3.22648227426
BLOO30,"RCBTB1",ENSG00000136144,10.699818,2.83284962062,0.863244155633,2.5179398382,0.851545068167,1.5966740022465107,3.3441185555,2.26215778256,,3.4393964696,0.850759356183,,1.22607300472,,,-0.270117099785,,3.16027486917,3.21686410904,0.748344649382,1.90316063002,1.28868044658,1.48279171547,,1.66562343768,,0.511215296166,0.699212948311,,,-0.687364790451,,3.97399355565,,,,2.57757427516,,,,2.53262323156,-0.505091775715,1.13607558772,1.27213583317,,,,,4.50368679461,4.40291000143
HEIG03,"RCBTB1",ENSG00000136144,1.186746,-6.21406015562,1.84418593496,-0.311350515937,-1.09750792442,-0.773651147326373,1.41559774673,1.58862674333,,1.20712231159,-0.416379815388,,2.47158779865,,,3.71217433924,,0.385486338464,2.50693893433,1.69700086053,-2.36263082204,2.70095712376,4.51103576778,,2.99869952405,,1.87033857372,2.0710559516,,,0.330532263324,,2.24762824673,,,,0.0628084314373,,,,-0.0738498709529,1.18831922939,2.0748758072,0.759803571798,,,,,2.19302843589,2.31630388089
HIPC03,"RCBTB1",ENSG00000136144,0.136832,-4.99853471404,0.764442926994,-0.708643687023,-0.62769114441,-0.35115904847949736,0.452200965098,0.782953629614,,-0.653237928292,0.81491377217,,0.496843381158,,,0.933774110998,,-0.826091080868,0.672649621964,0.515684756555,0.111289716077,0.34626262041,1.92816392777,,0.805158653751,,0.418368358625,1.2289056215,,,0.938829371797,,0.319593887203,,,,-0.329082089901,,,,-0.151324173326,0.760062531813,1.17279033349,0.488488719302,,,,,-0.180138945121,0.073458327542
HIPC04,"RCBTB1",ENSG00000136144,0.087374,-4.75308564515,0.745378739132,-0.690971064303,-0.615471920024,-0.3353582470935866,0.440923677747,0.763427777267,,-0.636951412062,0.794590881878,,0.484452718141,,,0.899572316969,,-0.805489425075,0.655874669552,0.502824287881,0.123912656778,0.357692239728,1.88007804743,,0.785079057871,,0.431534525944,1.2007259495,,,0.913539727257,,0.311623647746,,,,-0.320875228567,,,,-0.147550356954,0.743148067741,1.14354248935,0.476306473839,,,,,-0.175646513003,0.0716263816569
LEAN06B,"RCBTB1",ENSG00000136144,3.311972,-5.99958818012,0.0840468816298,-0.815394685677,-3.86814537505,-0.7433638039408388,0.490298367426,0.932538623881,,-0.451317276794,-2.47969916118,,1.87452193264,,,2.46154382691,,0.878081801751,1.86192214489,0.636272759251,0.529402369524,1.29318826873,4.32394349626,,0.628765513871,,1.00084722467,1.35421946876,,,0.0403852362875,,1.46910465595,,,,0.0578473198619,,,,-2.10209311287,0.709038677498,0.679876692487,-1.09357235904,,,,,1.33207953834,1.3494867696
LEAN06F,"RCBTB1",ENSG00000136144,2.206748,-4.96894258069,-0.0544863054893,-0.902560444967,-3.41211430301,-0.47137449033833567,0.414575483668,0.812082482107,,-0.649509002158,-2.43753379478,,1.80258303218,,,1.64887698135,,0.312951081798,1.20057952404,0.493240144615,0.343310579929,0.990164882273,2.9297437028,,0.299604394595,,0.734153928241,1.06284067563,,,0.529947715934,,1.24046747385,,,,-0.0841539741825,,,,-1.92292894815,0.789392148193,0.643077718616,-0.647810266344,,,,,1.06179497772,0.905169266965
LEAN06,"RCBTB1",ENSG00000136144,3.015572,-5.82782675748,0.0876444778783,-0.682757623416,-3.52695556099,-0.8785716030198091,0.38939887615,0.768589131328,,-0.283367917203,-2.03378065795,,1.52848062943,,,2.5813744915,,1.17045681291,2.00056624413,0.578004290493,0.583568930025,1.18950856955,4.5629714539,,0.702980400367,,0.908843362298,1.26874782855,,,-0.400774664833,,1.37412003077,,,,0.0743909668303,,,,-1.91029085794,0.395792150789,0.512303611923,-1.22916974932,,,,,1.27780449313,1.41818536381
