code,target,ENSEMBL,association,Adipose_Subcutaneous,Adipose_Visceral_Omentum,Breast_Mammary_Tissue,Muscle_Skeletal,DGN_Whole_Blood,Whole_Blood,Artery_Aorta,Artery_Coronary,Artery_Tibial,Heart_Atrial_Appendage,Heart_Left_Ventricle,Spleen,Brain_Amygdala,Brain_Anterior_cingulate_cortex_BA24,Brain_Caudate_basal_ganglia,Brain_Nucleus_accumbens_basal_ganglia,Brain_Putamen_basal_ganglia,Brain_Cerebellar_Hemisphere,Brain_Cerebellum,Brain_Cortex,Brain_Frontal_Cortex_BA9,Brain_Hippocampus,Brain_Hypothalamus,Brain_Spinal_cord_cervical_c-1,Brain_Substantia_nigra,Nerve_Tibial,Cells_Transformed_fibroblasts,Cells_EBV-transformed_lymphocytes,Colon_Sigmoid,Colon_Transverse,Esophagus_Gastroesophageal_Junction,Esophagus_Mucosa,Esophagus_Muscularis,Liver,Minor_Salivary_Gland,Small_Intestine_Terminal_Ileum,Stomach,Adrenal_Gland,Pituitary,Pancreas,Thyroid,Lung,Ovary,Prostate,Testis,Uterus,Vagina,Skin_Not_Sun_Exposed_Suprapubic,Skin_Sun_Exposed_Lower_leg
BLOO01,"PLCD4",ENSG00000115556,5.478143,-3.62676060025,,,,,,-3.33314091279,,-3.10501815914,-2.94225520808,,,,-4.07211818845,,,-1.30165788983,-4.92662000381,-4.411090629,-3.45028399134,,,,,,3.10730743408,-1.7042787891,,,,,,,1.87295444139,,,,,4.00731449355,,3.69162541375,,,,,,,,
BLOO02,"PLCD4",ENSG00000115556,20.526542,7.08402960427,,,,,,6.08117703219,,6.72201032391,3.84012859365,,,,6.77193289645,,,1.75459406819,9.0493102514,8.21748598888,5.50633855651,,,,,,0.858529746532,2.74638182999,,,,,,,-6.58059845651,,,,,-3.64658487625,,-6.73368351307,,,,,,,,
BLOO03,"PLCD4",ENSG00000115556,11.368100,5.36648366827,,,,,,4.84129222199,,4.77893369509,3.02885643194,,,,4.96467118035,,,0.443683662709,6.27759425028,6.11867319356,3.76125975731,,,,,,0.97895950079,2.73989105256,,,,,,,-4.83717369381,,,,,-2.57358102683,,-5.14784515433,,,,,,,,
BLOO04,"PLCD4",ENSG00000115556,10.825620,5.69104749118,,,,,,5.18310555126,,3.55871094542,2.85903035875,,,,4.95263993755,,,-0.946143643889,5.96223394105,6.06294863865,4.96544971656,,,,,,2.88013887405,3.05725699354,,,,,,,-4.92567627038,,,,,-0.755437014916,,-5.28220779978,,,,,,,,
BLOO20,"PLCD4",ENSG00000115556,19.310176,7.12611063076,,,,,,6.44618129665,,6.60425767081,4.2898049021,,,,6.70224285085,,,1.10022325538,8.43096777404,8.04025660415,4.79121601586,,,,,,1.1618411541,3.63235104706,,,,,,,-6.24649485528,,,,,-3.39437454749,,-6.69339411413,,,,,,,,
BLOO21,"PLCD4",ENSG00000115556,6.616131,4.40810855264,,,,,,4.0258444225,,2.32102274257,2.19372450819,,,,3.74602095526,,,-0.826343632938,4.63211014234,4.67522018897,5.13919330099,,,,,,2.92731714249,2.37889697044,,,,,,,-3.83299590017,,,,,0.769616840443,,-4.17460776832,,,,,,,,
BLOO22,"PLCD4",ENSG00000115556,11.734899,5.48006944137,,,,,,4.95012937575,,3.34782977037,2.79536318372,,,,4.76058177816,,,-0.551205112013,5.99608319565,5.90739291338,5.9271406772,,,,,,3.0375623703,2.81276997777,,,,,,,-4.81123043196,,,,,0.21486557774,,-5.20963856196,,,,,,,,
BLOO23,"PLCD4",ENSG00000115556,5.175497,3.76834901813,,,,,,3.37852525237,,2.24491584314,2.37628888982,,,,3.40246809602,,,0.486585129299,4.28331544292,4.11469299379,5.40540658737,,,,,,2.23863005638,1.8827825344,,,,,,,-3.31583259253,,,,,0.962909903534,,-3.45931221784,,,,,,,,
BLOO25,"PLCD4",ENSG00000115556,10.386296,-5.18120790548,,,,,,-4.84808425624,,-5.14301237436,-4.0532232877,,,,-5.27219124209,,,-1.60861875863,-6.16075321419,-5.6778336488,-3.10167568859,,,,,,-0.00589061062783,-2.9227338562,,,,,,,4.06508212257,,,,,1.87896543985,,4.53444371929,,,,,,,,
BLOO26,"PLCD4",ENSG00000115556,6.964010,-3.44592087141,,,,,,-2.71186527902,,-3.76166311519,-1.64078146947,,,,-3.49345982089,,,-2.06118992849,-5.01814810515,-4.20727804264,-3.49110146011,,,,,,0.374677926302,-0.664912294407,,,,,,,3.20777776416,,,,,1.96756484157,,3.34795473312,,,,,,,,
BLOO29,"PLCD4",ENSG00000115556,11.190508,4.76437577981,,,,,,4.34012084445,,3.75304843258,3.64917092973,,,,5.16485517151,,,1.49519741026,5.76470639872,5.70674406417,4.88179962408,,,,,,-1.84326720238,1.94685357749,,,,,,,-2.4009124417,,,,,-3.49638419459,,-5.00341601853,,,,,,,,
BODY03,"PLCD4",ENSG00000115556,6.408924,-4.43472499006,,,,,,-3.92234965365,,-3.7261835632,-4.33612984827,,,,-4.20527725244,,,-0.184415895866,-5.25407784985,-4.71362216415,-2.79311927369,,,,,,-0.94067388773,-2.36995212626,,,,,,,3.64329998459,,,,,3.8770271532,,3.6935949923,,,,,,,,
BODY04M,"PLCD4",ENSG00000115556,5.665828,-5.17514452498,,,,,,-4.68666738228,,-4.14338210666,-4.74100400524,,,,-4.94511974109,,,0.568313261315,-5.2511099299,-5.17888820036,-3.80988641823,,,,,,-1.23691356182,-2.94889708168,,,,,,,4.53504788583,,,,,3.86357506777,,3.74481938073,,,,,,,,
BODY04,"PLCD4",ENSG00000115556,5.858049,-4.69593780731,,,,,,-4.14719484998,,-3.92745606745,-4.4231855078,,,,-4.40242168968,,,-0.221005887503,-5.6129304913,-4.9773799099,-3.02247028068,,,,,,-1.04130744934,-2.45942996327,,,,,,,3.86127574245,,,,,4.04063781047,,3.77357541911,,,,,,,,
EDUC03,"PLCD4",ENSG00000115556,6.365452,4.57909639631,,,,,,4.48345767626,,4.47562720102,3.52845840469,,,,4.32395991156,,,2.68358651631,4.91516727553,4.50515733647,4.21837412369,,,,,,0.725737035275,3.2004208384,,,,,,,-3.80578004824,,,,,-3.62402042153,,-3.10384517837,,,,,,,,
HEIG02,"PLCD4",ENSG00000115556,5.024757,4.18200056247,,,,,,3.9818604328,,4.51933101575,5.00294492476,,,,3.96563839359,,,-1.14806267834,4.41905033257,4.55492129063,4.23448815266,,,,,,-2.38253450394,4.18577348207,,,,,,,-3.60540438062,,,,,-2.24720755211,,-4.01133943074,,,,,,,,
HEIG03,"PLCD4",ENSG00000115556,13.608218,7.24346559513,,,,,,6.30846883209,,8.20750067476,5.51936081122,,,,6.41068210202,,,2.93993134144,8.2811338289,7.87883397943,6.17380415492,,,,,,-2.67160534859,3.54285225581,,,,,,,-5.56321780505,,,,,-5.26584806781,,-6.9110336193,,,,,,,,
HEIG04F,"PLCD4",ENSG00000115556,8.810369,5.19652592309,,,,,,4.54737867427,,6.21399015548,4.12080051509,,,,4.85727270356,,,0.87039898643,4.53118113291,5.68756837655,4.09441737018,,,,,,-2.71649003029,2.71198202485,,,,,,,-4.62439188628,,,,,-3.61992392226,,-4.23658782217,,,,,,,,
OBES01,"PLCD4",ENSG00000115556,5.629894,-4.40775641435,,,,,,-3.9073722269,,-4.12596937498,-3.00973244582,,,,-4.43606926648,,,-1.1933262453,-5.2414703314,-4.64515990936,-2.97634111708,,,,,,0.0,-2.09379433308,,,,,,,3.64490565005,,,,,2.65165189384,,4.08016387117,,,,,,,,
