code,target,ENSEMBL,association,Adipose_Subcutaneous,Adipose_Visceral_Omentum,Breast_Mammary_Tissue,Muscle_Skeletal,DGN_Whole_Blood,Whole_Blood,Artery_Aorta,Artery_Coronary,Artery_Tibial,Heart_Atrial_Appendage,Heart_Left_Ventricle,Spleen,Brain_Amygdala,Brain_Anterior_cingulate_cortex_BA24,Brain_Caudate_basal_ganglia,Brain_Nucleus_accumbens_basal_ganglia,Brain_Putamen_basal_ganglia,Brain_Cerebellar_Hemisphere,Brain_Cerebellum,Brain_Cortex,Brain_Frontal_Cortex_BA9,Brain_Hippocampus,Brain_Hypothalamus,Brain_Spinal_cord_cervical_c-1,Brain_Substantia_nigra,Nerve_Tibial,Cells_Transformed_fibroblasts,Cells_EBV-transformed_lymphocytes,Colon_Sigmoid,Colon_Transverse,Esophagus_Gastroesophageal_Junction,Esophagus_Mucosa,Esophagus_Muscularis,Liver,Minor_Salivary_Gland,Small_Intestine_Terminal_Ileum,Stomach,Adrenal_Gland,Pituitary,Pancreas,Thyroid,Lung,Ovary,Prostate,Testis,Uterus,Vagina,Skin_Not_Sun_Exposed_Suprapubic,Skin_Sun_Exposed_Lower_leg
BFPC02,"PRSS53",ENSG00000151006,5.707677,-2.4366208825,,-2.94895405169,,-2.9659979022062735,-3.55495432271,-2.46532458651,,-2.76423689807,-1.59436386869,-3.32570417173,,,,,,,,,,,,-2.38207316546,,,-1.90258669458,-3.34489354125,,,,,-2.79412852511,,3.95211259477,-0.643322138405,4.01841566866,,-2.23903495497,,0.364253340673,,,,,,,,,2.84250398426
BFPC04B,"PRSS53",ENSG00000151006,17.232711,-4.47945896429,,-4.12205226,,-3.932007367662157,-6.29537606226,-5.77989636495,,-4.98208235048,-4.03596318839,-5.9539962897,,,,,,,,,,,,-3.48291733562,,,-3.00655926013,-5.89861093096,,,,,-5.13765470909,,7.55705104083,-1.49080794278,7.24891294139,,-5.23169191389,,0.451669338178,,,,,,,,,4.83235614359
BFPC04F,"PRSS53",ENSG00000151006,16.698840,-4.22926042287,,-4.10345809936,,-3.801651347703339,-6.22987486145,-5.08536540811,,-4.9269219604,-4.92283160366,-6.35409898715,,,,,,,,,,,,-4.17336770769,,,-2.47194056841,-6.44809763716,,,,,-4.82251732363,,7.89381640165,0.0597883122684,7.48205576086,,-5.93050508632,,1.12939665278,,,,,,,,,5.00882865769
BFPC04,"PRSS53",ENSG00000151006,18.941726,-4.66923155959,,-4.36511550222,,-4.212181749885667,-6.68680969512,-5.96129722529,,-5.27070957684,-4.4444417427,-6.32810954086,,,,,,,,,,,,-3.82362088296,,,-3.18635315828,-6.30696014034,,,,,-5.42509563611,,8.04387907788,-1.34453448284,7.71412793124,,-5.61010843486,,0.570373685612,,,,,,,,,5.19411300569
BLOO02,"PRSS53",ENSG00000151006,8.298095,4.15179998365,,3.67165098518,,5.011916008855426,5.67970540161,4.88783616318,,3.03096231777,2.31876256376,2.3827795467,,,,,,,,,,,,1.11327916995,,,6.12459138183,2.26347465601,,,,,5.79985427419,,-3.87965424982,3.45958331276,-4.6922615112,,2.03436225514,,2.42431986607,,,,,,,,,-3.73909017985
BLOO11,"PRSS53",ENSG00000151006,15.798985,2.7575338955,,8.33158484411,,1.2068099772952725,4.78430956543,3.8128731746,,-0.390619302932,4.84439361748,4.74123063765,,,,,,,,,,,,4.09432734586,,,-1.00943483863,4.85545281374,,,,,4.21354688563,,-7.49632221322,-0.423381805604,-8.06663802817,,4.91793659908,,-6.12873076415,,,,,,,,,-3.19206934404
BLOO12,"PRSS53",ENSG00000151006,4.759700,1.50535187667,,5.62569260852,,0.4324360908900593,3.08664534254,2.35553595703,,-0.741815025537,3.05325931444,2.64393965149,,,,,,,,,,,,2.00984452483,,,-0.329581203285,2.65173747354,,,,,3.21393886566,,-4.47423451733,0.0228929280343,-5.26430768129,,2.70599822996,,-4.52882281983,,,,,,,,,-1.55384014385
BLOO26,"PRSS53",ENSG00000151006,12.105634,-4.76642175659,,-3.20906268018,,-5.43471196919074,-6.56815055373,-5.75622187861,,-5.25022393697,-3.5013624737,-3.79317438554,,,,,,,,,,,,-2.47599730785,,,-7.24845253629,-3.66221013097,,,,,-6.85071757883,,5.25853648843,-4.86365718716,6.05436151724,,-3.32985264458,,-2.57633929627,,,,,,,,,4.22190826194
BLOO27,"PRSS53",ENSG00000151006,10.132262,-4.67645861469,,-2.73407863511,,-4.815234802424581,-5.88711598122,-5.24912923583,,-4.58430073277,-3.42244844829,-3.78409100653,,,,,,,,,,,,-2.42827464897,,,-6.83972501908,-3.63768492436,,,,,-6.1356779746,,4.73862317262,-3.41571786397,5.34606845527,,-3.21216563344,,-2.43172685687,,,,,,,,,3.58750404281
BODY03,"PRSS53",ENSG00000151006,10.465187,-1.83796233903,,-1.28015561089,,-2.888913969986605,-3.97896517282,-2.42623956711,,-1.98218343221,0.750899438402,-3.36335406862,,,,,,,,,,,,-1.78888825131,,,-2.50398416486,-3.17276603493,,,,,-3.51654101938,,5.92636353106,-0.249771468013,5.78747656339,,2.63331731177,,0.263123940537,,,,,,,,,2.96455925307
BODY04F,"PRSS53",ENSG00000151006,7.294367,-1.01145422746,,-1.85694890157,,-2.4617668083135107,-3.78189159804,-1.588153451,,-2.34565529361,-0.119567978091,-2.13351217726,,,,,,,,,,,,-1.01848726587,,,-2.39446109745,-1.96686066483,,,,,-3.65500259085,,5.04803247822,-0.462888534333,5.10300447594,,1.63844692494,,0.329381237249,,,,,,,,,2.50419306122
BODY04,"PRSS53",ENSG00000151006,12.010283,-1.9231670344,,-1.28220304579,,-3.140450170967828,-4.33566193429,-2.64269429083,,-2.24980314442,0.68614181178,-3.40385120156,,,,,,,,,,,,-1.70456321593,,,-2.75168536779,-3.23174179989,,,,,-3.81523911828,,6.12138150274,-0.420824984528,6.05043078781,,2.59069989515,,0.202786594247,,,,,,,,,3.19296170995
BODY06B,"PRSS53",ENSG00000151006,5.608289,-2.30920997002,,-3.16218252987,,-2.1691208406113045,-2.93325480248,-2.72353633518,,-1.39118579815,-2.55852595606,-3.61558653297,,,,,,,,,,,,-2.6335136816,,,-2.22155929084,-3.58406420618,,,,,-2.31313388266,,4.39943372272,-0.0158540968493,4.23948798307,,-2.26193809815,,1.63977744247,,,,,,,,,1.7402071399
BODY06F,"PRSS53",ENSG00000151006,5.840042,-1.75025991425,,-2.07214156161,,-1.6033421387289835,-2.78504069287,-2.41348945647,,-1.69806254339,-2.70384822954,-3.19912592995,,,,,,,,,,,,-2.91900124053,,,-0.865552979562,-3.33331039592,,,,,-1.82317838672,,4.37988924935,1.29993135175,4.14418795154,,-2.73559580327,,1.01783985459,,,,,,,,,2.25332326747
BODY06,"PRSS53",ENSG00000151006,6.849489,-2.31345455018,,-3.23590349447,,-2.2530751483453693,-3.12277190432,-2.81959786042,,-1.58486013142,-2.74430209709,-3.75908874255,,,,,,,,,,,,-2.88957310961,,,-2.22320289995,-3.75339719354,,,,,-2.4044549059,,4.65102767103,0.0675464374366,4.51102300353,,-2.46181567859,,1.62020137949,,,,,,,,,1.99036317041
BODY07,"PRSS53",ENSG00000151006,6.585093,-2.3225159083,,-3.23201128264,,-2.0717889160820557,-2.99497986349,-2.688684523,,-1.44842370379,-2.6750240879,-3.76801976072,,,,,,,,,,,,-2.9222907168,,,-1.925290912,-3.74581513438,,,,,-2.30448420726,,4.64300638542,0.132880471211,4.48582465799,,-2.48183609888,,1.5825445719,,,,,,,,,1.84415768476
BODY08B,"PRSS53",ENSG00000151006,23.384513,-4.97734375224,,-4.85482092648,,-3.126779761829017,-6.20561448359,-7.06479599324,,-4.07749721325,-5.6847568971,-7.27151150085,,,,,,,,,,,,-5.05766054453,,,-3.05952889121,-7.16530252163,,,,,-5.25398074637,,9.56040239433,-0.143814917709,9.07829907628,,-6.17121348934,,0.98202093766,,,,,,,,,3.91262127305
BODY08F,"PRSS53",ENSG00000151006,16.838602,-4.48113409654,,-5.03633160232,,-3.5526535409704345,-6.29329763306,-5.86211584846,,-4.04913091069,-5.54707683533,-6.58667053637,,,,,,,,,,,,-4.97160607359,,,-2.44712640675,-6.69949687505,,,,,-5.26595213351,,8.89477867887,0.484505475314,8.62738886594,,-5.93623247067,,1.16945854743,,,,,,,,,4.63065202115
BODY08M,"PRSS53",ENSG00000151006,8.187468,-3.01132019222,,-2.36726933619,,-1.2632968354568161,-3.15164222184,-4.707312951,,-2.14775654862,-3.07857023064,-4.36667931483,,,,,,,,,,,,-2.69361288751,,,-2.11863623231,-4.12478275866,,,,,-2.72107814901,,5.53654490221,-0.614341070221,5.1037412333,,-3.41131160401,,0.352356106023,,,,,,,,,1.4231054183
BODY08,"PRSS53",ENSG00000151006,25.559264,-5.14392851573,,-5.16852763559,,-3.508542900137354,-6.63650351949,-7.20053217877,,-4.29535805641,-5.94254943601,-7.4739310279,,,,,,,,,,,,-5.27685823967,,,-3.24141723607,-7.41594491513,,,,,-5.63216356381,,9.92498734448,-0.121106372172,9.47506546584,,-6.37990659887,,1.0235378051,,,,,,,,,4.35377156362
CHOL17,"PRSS53",ENSG00000151006,6.017661,-0.953323443192,,-1.67500081748,,-2.7935422676931916,-3.73987132548,-2.6195805107,,-2.7194580959,-2.64550828433,-1.64450897707,,,,,,,,,,,,-1.68614121117,,,-2.34017989544,-1.83877857485,,,,,-3.27103578126,,4.16034264061,-1.44758287553,3.7085734061,,-2.14985417111,,-1.22826894898,,,,,,,,,3.84954833316
FATM02B,"PRSS53",ENSG00000151006,5.947883,-3.04493445072,,-3.53771372992,,-3.271594112434167,-3.75343739749,-3.15313970001,,-2.89284536943,-2.64547923437,-4.06822688796,,,,,,,,,,,,-2.56625738393,,,-2.65735480562,-4.09083033148,,,,,-3.01854080627,,4.31544194255,-0.792373474725,4.40321635788,,-2.95447504199,,0.501453531093,,,,,,,,,2.82616084627
FATM02,"PRSS53",ENSG00000151006,7.204044,-3.02844753167,,-3.5515353333,,-3.432780975018015,-4.01628853927,-3.2748238524,,-3.07203662933,-2.79416209226,-4.17789246249,,,,,,,,,,,,-2.9297366414,,,-2.68813075266,-4.22812641351,,,,,-3.15912144245,,4.57232146788,-0.687364542417,4.66903203296,,-3.08911262777,,0.451506924646,,,,,,,,,3.13105912396
FATM03B,"PRSS53",ENSG00000151006,5.896025,-3.03877234601,,-3.5572658295,,-3.133235840734105,-3.64515584236,-3.04042816765,,-2.79262995151,-2.61251913061,-4.06283375675,,,,,,,,,,,,-2.60624629157,,,-2.41972559959,-4.07380449646,,,,,-2.93146495815,,4.28697994701,-0.734485577952,4.35389665689,,-2.96531256568,,0.484544229218,,,,,,,,,2.70253746479
FATM03F,"PRSS53",ENSG00000151006,5.606653,-2.13007608678,,-1.95682996678,,-2.2812687627990105,-3.20629327617,-2.55000675702,,-2.41580329577,-2.52405766455,-3.39551088462,,,,,,,,,,,,-3.35154382267,,,-0.866288219875,-3.53364683532,,,,,-2.07379393689,,4.1552194266,0.915688925266,4.02521491346,,-2.95512460736,,0.130913479916,,,,,,,,,2.78037762578
FATM03,"PRSS53",ENSG00000151006,6.517455,-3.03700698157,,-3.578832083,,-3.2848794108607864,-3.91263260126,-3.17178218829,,-2.97011131863,-2.77950785521,-4.18791387928,,,,,,,,,,,,-3.0064546282,,,-2.41589853214,-4.22652414385,,,,,-3.07227854132,,4.56212489965,-0.630448770743,4.62997951086,,-3.12702290751,,0.422490249516,,,,,,,,,3.00495373974
FATM04B,"PRSS53",ENSG00000151006,18.029928,-5.39240439714,,-5.21941431759,,-4.206788786689706,-7.01687610757,-7.07576163134,,-5.50164616712,-5.50293652999,-7.31051846741,,,,,,,,,,,,-4.29186234596,,,-3.70437055634,-7.25011714044,,,,,-5.84904381107,,8.95429211227,-1.46580913555,8.75087475084,,-6.57987174891,,0.252332809528,,,,,,,,,5.06308382004
FATM04F,"PRSS53",ENSG00000151006,19.477725,-4.79076202425,,-4.88475396211,,-3.9337308235290878,-6.66079623174,-5.93646669876,,-4.90764887068,-5.66512071951,-6.8966852014,,,,,,,,,,,,-4.81507061209,,,-2.79860272485,-7.0067483409,,,,,-5.39660843692,,8.61257397168,0.0189732326391,8.34207200203,,-6.45819450815,,0.864947195429,,,,,,,,,5.09721069584
FATM04M,"PRSS53",ENSG00000151006,7.789494,-3.36159427092,,-3.04126567703,,-2.4571103927072415,-4.01210899059,-4.71648699001,,-3.41657287872,-2.77749734352,-4.21778112558,,,,,,,,,,,,-1.80884824476,,,-2.73526712348,-4.04116389767,,,,,-3.47652919168,,5.0217597274,-2.04164110746,4.97192859948,,-3.58424007982,,-0.387201096955,,,,,,,,,2.64907358267
FATM04,"PRSS53",ENSG00000151006,23.179168,-5.58439255365,,-5.45916652103,,-4.489558269566292,-7.40361639802,-7.24925656076,,-5.7087501915,-5.8384203094,-7.6030268238,,,,,,,,,,,,-4.64739822456,,,-3.85410158838,-7.5812302214,,,,,-6.16327997773,,9.38610588573,-1.3299673941,9.17269904947,,-6.87186370389,,0.351403800933,,,,,,,,,5.41943169471
HEAR01,"PRSS53",ENSG00000151006,1.581997,-0.641427954741,,-5.35861780575,,-2.077890371618193,-2.81899783562,-1.60636575464,,-1.78043085574,-0.387834952035,-1.32953237001,,,,,,,,,,,,-0.541250568678,,,-1.28575502086,-1.2582416287,,,,,-2.83302216516,,1.62486042813,-2.09161991406,1.95102396214,,-0.753795752667,,-0.100607996976,,,,,,,,,2.81185202047
HIPC01M,"PRSS53",ENSG00000151006,5.855301,-3.46192483603,,-2.67723944044,,-3.5149928187733757,-3.92119411181,-3.38198458177,,-1.66890312963,1.00805045886,-3.38272320618,,,,,,,,,,,,-2.53051841443,,,-2.72287785264,-3.32112598391,,,,,-3.89450474752,,4.49811100994,-0.814427542546,4.90577240602,,2.13871398859,,-0.567415513011,,,,,,,,,3.26146424583
HIPC01,"PRSS53",ENSG00000151006,10.231599,-2.44624030888,,-4.02340924659,,-2.8311912692849055,-4.51847379696,-2.57395313339,,-1.38119736708,0.235020872378,-4.012770346,,,,,,,,,,,,-1.03897881961,,,-2.62115010845,-3.64319462145,,,,,-4.43050346384,,6.02612451832,-1.34187321855,6.25185517997,,0.962943752109,,-0.0864395796747,,,,,,,,,3.29438888517
HIPC02M,"PRSS53",ENSG00000151006,5.259614,-3.40029107141,,-2.7298407636,,-3.4862513337016354,-3.8782462372,-3.45681455533,,-1.59289168424,1.04183417775,-3.34217408641,,,,,,,,,,,,-2.53119679921,,,-2.69023835827,-3.28212878821,,,,,-3.84782090146,,4.42849858528,-0.750874305103,4.81476011699,,2.23179973252,,-0.667317312022,,,,,,,,,3.22236866513
HIPC02,"PRSS53",ENSG00000151006,9.169719,-2.37515754573,,-3.93819887008,,-2.790373978012422,-4.39784551776,-2.5855357865,,-1.35395609218,0.218952363218,-3.90289899889,,,,,,,,,,,,-1.00392689457,,,-2.54938206085,-3.54406171927,,,,,-4.30919427229,,5.92878660466,-1.29289866215,6.15271876575,,0.945821982956,,-0.206487266236,,,,,,,,,3.20418701917
LEAN04B,"PRSS53",ENSG00000151006,5.867644,-2.28705332093,,-3.45609463612,,-2.4542751988576335,-3.12351037285,-3.1198235816,,-2.13568702971,-3.04990534028,-3.68035411869,,,,,,,,,,,,-2.73554523844,,,-2.53393434108,-3.77688480173,,,,,-2.44314845213,,4.37268368549,-0.26695016034,4.55724035435,,-2.98990631461,,0.65157779278,,,,,,,,,2.03926197391
LEAN04F,"PRSS53",ENSG00000151006,5.992338,-2.04378716855,,-2.2229951254,,-2.2610555183159295,-3.24621990367,-3.29983435422,,-2.11560225344,-2.70782910781,-3.19510105642,,,,,,,,,,,,-3.57585025132,,,-1.50870321016,-3.3672822984,,,,,-2.25367678548,,4.45372103772,0.745176432006,4.39641262955,,-2.86196110469,,-0.066517166099,,,,,,,,,2.57377589136
LEAN05B,"PRSS53",ENSG00000151006,5.952336,-2.2718743911,,-3.47478671942,,-2.2532693769860535,-2.9351408078,-2.92234454462,,-2.01670538724,-2.92651857464,-3.67746372063,,,,,,,,,,,,-2.65322617536,,,-2.30111182172,-3.75375905543,,,,,-2.29931007697,,4.29444770715,-0.284997749232,4.50092263565,,-2.97209409444,,0.634542116639,,,,,,,,,1.8203194695
LEAN06B,"PRSS53",ENSG00000151006,14.942676,-4.31633637509,,-4.93810048256,,-2.4312537708588193,-4.43705455671,-5.78228439599,,-3.32547346642,-5.02366251824,-6.30408862317,,,,,,,,,,,,-4.09812859197,,,-3.29172108584,-6.32908206193,,,,,-3.87522379918,,7.31175375023,0.0919623986557,7.43010476101,,-5.68336353071,,0.529093443288,,,,,,,,,2.2727790415
LEAN06F,"PRSS53",ENSG00000151006,13.532244,-3.92955097479,,-4.32662915682,,-2.497561941129597,-4.33864878529,-4.99074537135,,-3.0064923131,-4.5793693958,-5.51658300378,,,,,,,,,,,,-4.23949796739,,,-2.61236091091,-5.63186688113,,,,,-3.72422159397,,6.78556443293,0.431934645662,6.77894728363,,-4.97731731513,,0.398428520646,,,,,,,,,2.65361698581
LEAN06,"PRSS53",ENSG00000151006,11.780835,-3.85540238488,,-4.50168185977,,-1.9986586763795147,-3.75916032075,-5.35488399803,,-2.92224675267,-4.47289040519,-5.77187236265,,,,,,,,,,,,-3.22181411509,,,-3.28463322102,-5.72707263897,,,,,-3.34271506277,,6.40299424104,-0.207019247769,6.57895184275,,-5.16959672628,,0.53859567467,,,,,,,,,1.61251067547
NEUR02B,"PRSS53",ENSG00000151006,8.711192,1.94654577064,,1.25350628969,,4.299183561221047,5.33469188005,3.22168051907,,2.61856044788,0.988993549247,1.23061172177,,,,,,,,,,,,0.756603619483,,,3.68477429464,1.34960529425,,,,,5.53820538147,,-3.44932918581,1.96146420279,-3.70586392379,,0.901293907071,,2.21063638558,,,,,,,,,-5.1324440627
OBES01,"PRSS53",ENSG00000151006,5.657775,-1.75535331562,,-2.07952432926,,-3.839370858910475,-4.38449523902,-3.08992179364,,-2.7350681141,-1.71241642401,-1.89156266542,,,,,,,,,,,,-2.85607578603,,,-3.4130639174,-2.16825972573,,,,,-3.81005117947,,4.67272727213,-0.440675610408,4.68805304497,,2.02607352776,,-0.274536699739,,,,,,,,,3.53873811719
TRGL03,"PRSS53",ENSG00000151006,8.372000,-0.829573750531,,-2.19729836791,,-2.8327005138925374,-4.24151777606,-1.11092991365,,-2.28016511836,0.766519081736,-2.01047289714,,,,,,,,,,,,0.586291439608,,,-1.70942987407,-2.01061175083,,,,,-4.52529533478,,5.12515514223,-0.752113378985,4.70860938383,,1.71265434608,,-1.6700631548,,,,,,,,,3.74497300541
WAIS01F,"PRSS53",ENSG00000151006,5.949736,-1.76067140364,,-3.13741902001,,-2.1747526847249605,-3.80988895067,-2.04214967144,,-1.06741656969,-0.278166293912,-1.57494075569,,,,,,,,,,,,0.463941677521,,,-2.22173334067,-1.31021989774,,,,,-3.98930827358,,4.4183453033,-1.49991684653,4.5490104091,,-1.31180697518,,0.412997878168,,,,,,,,,2.77162678181
WAIS01,"PRSS53",ENSG00000151006,10.053140,-2.09799487072,,-3.88862819806,,-3.1526989322470222,-4.93322898423,-2.67591417253,,-1.46996382299,-0.678900183345,-2.57137498963,,,,,,,,,,,,-0.44972192352,,,-3.00527428777,-2.40802328092,,,,,-5.27121015146,,5.94840072487,-1.90207207467,6.0341671336,,0.658480194017,,0.0338619477588,,,,,,,,,3.60335646889
WAIS02F,"PRSS53",ENSG00000151006,5.641780,-1.72227878144,,-3.0551213153,,-2.154593855008883,-3.72276975006,-1.98853290909,,-1.17740024747,-0.287923773398,-1.53362845544,,,,,,,,,,,,0.388234747609,,,-2.16345503614,-1.27842091453,,,,,-3.88466444161,,4.39902628037,-1.50748801628,4.52720394216,,-1.18900217153,,0.355137724295,,,,,,,,,2.6989241635
WAIS02,"PRSS53",ENSG00000151006,9.690881,-2.01419277937,,-3.81709336801,,-3.095955344504092,-4.79320900589,-2.74012149574,,-1.4752434884,-0.615560055084,-2.48955964737,,,,,,,,,,,,-0.462557156651,,,-2.90965327245,-2.33480190203,,,,,-5.10349240434,,5.92002604026,-1.86094980396,6.00398974926,,0.715845581159,,0.0350902324508,,,,,,,,,3.48870584084
