code,target,ENSEMBL,association,Adipose_Subcutaneous,Adipose_Visceral_Omentum,Breast_Mammary_Tissue,Muscle_Skeletal,DGN_Whole_Blood,Whole_Blood,Artery_Aorta,Artery_Coronary,Artery_Tibial,Heart_Atrial_Appendage,Heart_Left_Ventricle,Spleen,Brain_Amygdala,Brain_Anterior_cingulate_cortex_BA24,Brain_Caudate_basal_ganglia,Brain_Nucleus_accumbens_basal_ganglia,Brain_Putamen_basal_ganglia,Brain_Cerebellar_Hemisphere,Brain_Cerebellum,Brain_Cortex,Brain_Frontal_Cortex_BA9,Brain_Hippocampus,Brain_Hypothalamus,Brain_Spinal_cord_cervical_c-1,Brain_Substantia_nigra,Nerve_Tibial,Cells_Transformed_fibroblasts,Cells_EBV-transformed_lymphocytes,Colon_Sigmoid,Colon_Transverse,Esophagus_Gastroesophageal_Junction,Esophagus_Mucosa,Esophagus_Muscularis,Liver,Minor_Salivary_Gland,Small_Intestine_Terminal_Ileum,Stomach,Adrenal_Gland,Pituitary,Pancreas,Thyroid,Lung,Ovary,Prostate,Testis,Uterus,Vagina,Skin_Not_Sun_Exposed_Suprapubic,Skin_Sun_Exposed_Lower_leg
ALZH01,"C1QTNF4",ENSG00000172247,5.991613,4.34117337277,4.24702807533,4.18755678813,4.6855821588,4.552083018994949,4.31304361544,3.59199591185,3.56235386055,4.46812269895,2.93052920694,3.52712171158,4.60040361427,,,,,,3.69176884434,4.04170344431,,,,-0.16976408029,,,4.07369023395,3.78929515223,3.4980560362,3.57205186256,4.16401293664,,4.28071270439,4.0904331238,4.4459214926,,4.80918405625,4.02176491104,,,,4.64043673164,4.38327024059,,,,,,4.35698104298,4.29336310211
BFPC02B,"C1QTNF4",ENSG00000172247,18.599790,-7.89292987076,-7.84340458905,-7.96638209107,-7.72696485603,-7.124722894183199,-6.67779316126,-7.11057446602,-4.98394599898,-7.44144625363,-6.04328776988,-7.59444263153,-7.21525144576,,,,,,-6.61984183909,-8.24353895451,,,,0.480206056928,,,-8.28138329394,-7.14243024259,-6.16887519065,-7.9256139759,-7.16048493382,,-7.71710899626,-8.04293724954,-7.01744916723,,-7.51005319432,-7.84942479467,,,,-7.74924177804,-7.47511142693,,,,,,-7.79204232673,-7.32576849147
BFPC02F,"C1QTNF4",ENSG00000172247,7.063552,-4.58745132687,-4.40928028704,-5.11408162057,-4.3631441846,-3.7615676378423073,-3.58278010912,-4.01972280691,-2.34733778553,-4.1058192428,-2.5416559378,-4.90738516768,-3.96277605965,,,,,,-3.57793940837,-4.97592365539,,,,0.691699891841,,,-4.97833103317,-4.0560131483,-3.37784318108,-4.66615491178,-4.03471249365,,-4.48643226237,-4.84835450453,-3.80688254991,,-4.34592404916,-4.61561919695,,,,-4.82530109827,-4.30983558269,,,,,,-4.4782631366,-4.53505369079
BFPC02M,"C1QTNF4",ENSG00000172247,12.422554,-6.42383211326,-6.49506901274,-6.12293254137,-6.38638785672,-6.081987779866033,-5.65780299824,-5.87138386352,-4.46506441234,-6.22055415707,-5.64045880232,-5.81223989667,-6.04497430437,,,,,,-5.58996008373,-6.57103027773,,,,0.0843867705451,,,-6.61695008891,-5.88439927072,-5.1755754078,-6.40711185012,-5.92250165156,,-6.27992762064,-6.41607471733,-5.91440022403,,-6.12622227381,-6.34813123852,,,,-6.0655897769,-6.110390652,,,,,,-6.37945980986,-5.75388647199
BFPC02,"C1QTNF4",ENSG00000172247,19.528298,-7.7529923375,-7.66211141051,-7.94605391041,-7.56533607564,-6.903724579156673,-6.47960951797,-6.96376461969,-4.72237426605,-7.26628905572,-5.6745236255,-7.57534284349,-7.02947244863,,,,,,-6.43808419642,-8.14489917737,,,,0.637255445812,,,-8.17681016923,-6.98794085608,-6.0152352689,-7.79942757837,-7.00055119956,,-7.58070875349,-7.94908625914,-6.82484365785,,-7.37050876016,-7.72263115897,,,,-7.682378117,-7.31460613659,,,,,,-7.64278101863,-7.2694294902
BFPC03B,"C1QTNF4",ENSG00000172247,19.378668,-7.98368747996,-7.92154325305,-8.06009103899,-7.79836840898,-7.217618792816014,-6.77856712654,-7.20904373367,-5.04832860691,-7.52478444759,-6.07276389356,-7.63541855511,-7.34198487773,,,,,,-6.74587818782,-8.31541901678,,,,0.493596362046,,,-8.35167049652,-7.20699051581,-6.2820629109,-7.99805695067,-7.26125042417,,-7.80737990489,-8.12604960121,-7.11392061319,,-7.60524465097,-7.91285844524,,,,-7.80748745435,-7.56550183111,,,,,,-7.87956134573,-7.4292512169
BFPC03F,"C1QTNF4",ENSG00000172247,7.891773,-4.74006940512,-4.54517270777,-5.24645291355,-4.49722846739,-3.925615605442521,-3.75581120414,-4.18494042884,-2.43793215016,-4.26377753803,-2.58493533696,-4.97636910669,-4.17828305495,,,,,,-3.79241482934,-5.09781558623,,,,0.751935882212,,,-5.09517881568,-4.17976726021,-3.55667923896,-4.77048672505,-4.2045050409,,-4.63814327212,-4.98672241497,-3.96887175623,,-4.50118686041,-4.72131290862,,,,-4.92586505069,-4.45819473006,,,,,,-4.62537482497,-4.69750446853
BFPC03M,"C1QTNF4",ENSG00000172247,13.695790,-6.4234863053,-6.49279058837,-6.13781575341,-6.37661859176,-6.078410834698778,-5.6566433626,-5.87205070235,-4.48248279185,-6.20878174277,-5.65341286684,-5.80885299189,-6.04402629879,,,,,,-5.58898763004,-6.56892646,,,,0.0518926012757,,,-6.61679830169,-5.87355758276,-5.18499507609,-6.41999379277,-5.9226092663,,-6.2796386915,-6.41564477491,-5.91603428071,,-6.12951278053,-6.34873559186,,,,-6.06144115984,-6.11292778018,,,,,,-6.37962631123,-5.75976383396
BFPC03,"C1QTNF4",ENSG00000172247,17.698471,-7.83973438895,-7.73366218173,-8.03067649376,-7.6319660913,-6.996107285381993,-6.58309271458,-7.06188501991,-4.7799251574,-7.34721062691,-5.69189513381,-7.60077717664,-7.16326361729,,,,,,-6.57222422945,-8.20730275007,,,,0.660465507745,,,-8.23648633889,-7.04872864265,-6.12940641855,-7.85776990364,-7.10159178306,,-7.66616609306,-8.0259887825,-6.92063246814,,-7.46296301223,-7.77470067458,,,,-7.73181513093,-7.40105225549,,,,,,-7.72534152778,-7.37259405092
BFPC04B,"C1QTNF4",ENSG00000172247,32.472615,-11.917072575,-11.7040699007,-12.2787375551,-11.7283784425,-10.748047444730782,-10.0718015203,-10.79874393,-8.3655423473,-11.3530647985,-8.70825579444,-11.583309688,-11.2500869635,,,,,,-10.1294586715,-12.3919206892,,,,1.50542321066,,,-12.4538316977,-10.7742870596,-9.7292876232,-11.8420641806,-11.0604600913,,-11.7243528712,-12.2747747908,-10.5227699809,,-11.6214184733,-11.6799158062,,,,-11.9961537,-11.4480709932,,,,,,-11.6792407748,-11.3855560109
BFPC04F,"C1QTNF4",ENSG00000172247,17.640221,-7.91759788681,-7.51194868563,-8.12111328589,-7.53378947041,-6.78240178694899,-6.49522822346,-7.01839919963,-4.62017796253,-6.83058672787,-4.18267399952,-7.71175278208,-7.39301226123,,,,,,-6.76710403461,-8.34734399161,,,,2.14865809092,,,-8.32799305844,-6.86301976795,-6.31066200209,-7.69541108567,-7.34662317133,,-7.62821963882,-8.34780522003,-6.76497124633,,-7.48625484421,-7.4994968405,,,,-7.34741933803,-7.21603782577,,,,,,-7.69059116059,-7.30622994278
BFPC04M,"C1QTNF4",ENSG00000172247,24.118079,-9.78842856864,-9.83950591234,-10.1153874838,-9.8554229763,-9.134516991629118,-8.44070218583,-9.00320595169,-7.6742751887,-9.93268892957,-8.52381964696,-9.50081826566,-9.30965340272,,,,,,-8.28955346731,-10.0807907176,,,,0.259447477226,,,-10.1830480715,-9.10230032002,-8.12271765804,-9.87568457467,-9.08644360547,,-9.76790604528,-9.91785228801,-8.83662000803,,-9.74668984988,-9.81612883789,,,,-10.3843182399,-9.73605141324,,,,,,-9.65206107716,-9.57083139457
BFPC04,"C1QTNF4",ENSG00000172247,33.350451,-11.6022523378,-11.3236583796,-11.9559347806,-11.3437765097,-10.362719116153539,-9.73268997746,-10.4654907183,-7.89134015843,-10.8693179451,-8.08691257702,-11.3053247861,-10.9176712235,,,,,,-9.85778517411,-12.1037124676,,,,1.77274499227,,,-12.1488874648,-10.4088334599,-9.40505117297,-11.5041468921,-10.7544918593,,-11.3781341806,-12.0062778176,-10.1734154918,,-11.2500271415,-11.3055156121,,,,-11.5206446519,-11.0306816652,,,,,,-11.3491252293,-11.0206205331
BLOO01,"C1QTNF4",ENSG00000172247,16.644280,6.85956860664,6.69903762981,7.31582166761,6.92238411681,6.130918897427709,5.96878012093,6.56468734451,5.68075015488,5.76977862459,3.31972441259,6.51099092674,6.49194124079,,,,,,7.00214676264,7.15513245753,,,,-1.82880943195,,,7.15415205929,6.21014057814,5.61900300216,7.26893360812,6.52770713611,,6.39872963694,7.22609391036,5.97818651439,,6.2554255595,6.67732661464,,,,6.36151190157,6.603689507,,,,,,6.68567471819,7.28090767797
BLOO06,"C1QTNF4",ENSG00000172247,7.557316,-4.30672085478,-4.29529337304,-3.87585098921,-4.14048064252,-4.882726727409233,-5.12284280387,-4.96214023203,-3.02246841276,-4.78343948002,-3.91809363459,-2.70892594804,-4.81646068899,,,,,,-4.22185671585,-3.54101252447,,,,0.812277246235,,,-3.70640125032,-4.21038988029,-5.25662347567,-3.09856617077,-4.65454486153,,-4.29542820134,-3.68537485158,-4.98617222079,,-4.59152461295,-4.25224400575,,,,-3.20140806313,-4.31334349904,,,,,,-4.54614992183,-4.42326236312
BLOO09,"C1QTNF4",ENSG00000172247,7.515544,-4.14191200652,-4.14609957506,-3.66659987002,-3.93951838032,-4.767413060493411,-4.99832438556,-4.8433657844,-2.94179996928,-4.67128666848,-3.88109910649,-2.54385351439,-4.66048541717,,,,,,-4.06606848758,-3.36172005739,,,,0.838930969362,,,-3.52142419464,-4.04651914412,-5.19297828422,-2.90390359462,-4.50423782526,,-4.15367515001,-3.48846143021,-4.85695779797,,-4.43691828221,-4.11239421876,,,,-2.95953946265,-4.15443693363,,,,,,-4.39198723479,-4.27463509764
BLOO10,"C1QTNF4",ENSG00000172247,5.562392,-3.64041073777,-3.62018227957,-3.27873593621,-3.42670327871,-4.260283030962465,-4.51717975726,-4.38035896448,-2.45349217746,-4.17969799236,-3.41154761902,-2.08402143526,-4.20546906075,,,,,,-3.67555977484,-2.8671751793,,,,0.81741051893,,,-3.01953648518,-3.49490790233,-4.72363020739,-2.38003056467,-4.03638444246,,-3.64397810609,-2.99760833804,-4.36867122915,,-3.95154496191,-3.59910310517,,,,-2.44662971654,-3.6959263626,,,,,,-3.88868836778,-3.8539473723
BLOO11,"C1QTNF4",ENSG00000172247,15.576918,-2.79890002128,-3.18875726525,-1.16360779625,-2.59013677014,-3.9018612101262455,-3.83674899503,-3.7249227534,-2.08529978564,-4.61752016405,-6.32145550468,-2.43506441348,-2.51163734057,,,,,,-1.03826914493,-1.96336888634,,,,-2.72593699693,,,-2.29241320991,-4.19251841201,-4.10023772914,-2.50665785868,-2.94539453666,,-3.539645478,-1.5370280972,-3.86112638349,,-3.20441866416,-3.66258034473,,,,-2.08603523149,-3.01497904279,,,,,,-3.13491271312,-1.99981604282
BLOO12,"C1QTNF4",ENSG00000172247,9.865919,-4.16902113416,-4.31281660523,-3.22835397225,-3.91049748205,-5.129492396627619,-5.36388120968,-5.11580665987,-3.05412761638,-5.23534388582,-5.3972351261,-2.69190606727,-4.5502709669,,,,,,-3.48486346445,-3.16865767824,,,,-0.692208819634,,,-3.41272886561,-4.55332219358,-5.60778589048,-2.89808642223,-4.58658837589,,-4.48712442381,-3.14415126563,-5.2221537544,,-4.60772669592,-4.45546797097,,,,-2.96097966331,-4.32183127464,,,,,,-4.51390641301,-4.06977435703
BLOO13,"C1QTNF4",ENSG00000172247,7.638877,-4.33367495801,-4.32151266445,-3.87953520141,-4.15590699099,-4.892081261942314,-5.1319574189,-4.95322151482,-2.98432497315,-4.79825549719,-3.87492619441,-2.73817102646,-4.8517739938,,,,,,-4.24039273782,-3.57260559304,,,,0.903429545021,,,-3.73720145796,-4.19954134058,-5.24341372448,-3.09834441236,-4.66803349768,,-4.3088010563,-3.71060513971,-5.00288051843,,-4.5985899343,-4.27147950324,,,,-3.20484408541,-4.32007828829,,,,,,-4.57045349628,-4.44760036572
BLOO19,"C1QTNF4",ENSG00000172247,9.645911,-5.31829864757,-5.52643929319,-4.65802436229,-5.42021436115,-5.657092294853574,-5.60991989771,-5.62162820506,-4.05810181082,-5.94492875035,-5.34263234098,-4.39065561436,-5.2057019918,,,,,,-4.092976801,-4.91214571556,,,,-0.476205213518,,,-5.17354476957,-5.86710787172,-5.61787242358,-4.849916901,-5.17733316823,,-5.50418298113,-4.70555114107,-5.64044350221,,-5.26725463259,-5.67777716557,,,,-5.05385034458,-5.3654011039,,,,,,-5.51117884047,-4.85590047415
BLOO20,"C1QTNF4",ENSG00000172247,5.663580,-3.4491589361,-3.69683826878,-3.2412593974,-3.47817318989,-4.124944486746695,-4.1481494721,-3.90252167658,-2.86248142511,-4.5383032838,-4.5429392055,-2.68172355085,-3.7845106654,,,,,,-2.62415042364,-2.78086122363,,,,-1.46879391943,,,-2.9840184737,-3.82319346274,-3.91569953999,-2.44461323418,-3.59233174287,,-3.68849572463,-2.651823641,-4.08544196913,,-4.03646018603,-3.85500868593,,,,-3.7550848644,-3.9811572924,,,,,,-3.68426206597,-3.4715746056
BLOO21,"C1QTNF4",ENSG00000172247,6.079997,2.56697026785,2.38330526829,1.95267128263,2.421099802,3.5766565190363337,3.49448747519,2.55728428176,1.48403864226,2.93415857726,3.53470204493,0.922919816245,3.03673975971,,,,,,1.23252242277,1.6295721977,,,,-0.231825382885,,,2.08309001731,3.009113234,2.32669459168,1.27119519944,2.66354117664,,2.54058004775,1.66917065094,3.58731390513,,2.91936688378,2.26034773171,,,,2.49635291569,2.86031365199,,,,,,2.79056257665,2.56403875443
BLOO23,"C1QTNF4",ENSG00000172247,8.664943,4.07595964995,3.81689683589,3.31097687134,3.92765972779,4.820046264730222,4.59127190128,3.71843748318,2.5910671039,4.18658613607,4.44507873878,2.30053209323,4.06506851648,,,,,,3.32018019562,3.30349026798,,,,-0.778242083094,,,3.57988178976,3.9537951931,3.16459848175,3.33855638381,3.79059354929,,3.8087150996,3.28142687167,4.89596690088,,4.56139350376,3.83168664794,,,,4.01859176001,3.70801551285,,,,,,4.31547048736,4.12079632876
BLOO24,"C1QTNF4",ENSG00000172247,6.559926,0.692954666404,0.362076188152,1.79960455405,0.688401816473,0.18270210391302444,0.461246565403,0.512127675271,0.301740815818,-0.377253153462,-2.40755590538,-0.145509065684,1.29950967883,,,,,,2.10858506546,0.80714323966,,,,-2.99035210223,,,0.66987737948,-0.523779294679,0.389745811315,0.00280657765138,0.848689559344,,0.0935268347089,1.2366699452,0.334205178922,,0.553737665563,-0.070948708944,,,,0.422618386348,0.575242964643,,,,,,0.589214919077,1.49506355963
BLOO26,"C1QTNF4",ENSG00000172247,5.940853,-3.85967123269,-4.14094315087,-3.65287661015,-3.80258069834,-3.830070657662063,-3.61436653075,-4.45155672272,-2.87830649504,-4.10699588689,-3.95689777222,-4.11076804292,-3.4646609893,,,,,,-2.50614158778,-4.00367555501,,,,0.314064164079,,,-4.12195871051,-4.13343868967,-4.18369408595,-3.94596662355,-3.68825914042,,-4.18540637351,-3.7085628205,-3.63583734298,,-3.38774620115,-4.44119997567,,,,-3.03463527403,-3.91515104062,,,,,,-3.96906507512,-3.60224012064
BLOO27,"C1QTNF4",ENSG00000172247,7.337072,-4.30378945336,-4.67483366482,-3.88246650734,-4.28468870421,-4.553612864675057,-4.32573584223,-4.8988735203,-3.23813165189,-4.96592737318,-4.96688418264,-4.29654302855,-4.05038519955,,,,,,-2.57954491449,-4.24139531965,,,,-0.532912569406,,,-4.42265933156,-4.53802242796,-4.92359190879,-3.93390996745,-4.21026964551,,-4.80872700149,-3.93338808005,-4.32826331192,,-3.95543739793,-4.97359444393,,,,-3.53139089494,-4.46704503528,,,,,,-4.49860792449,-4.08064834586
BLOO28,"C1QTNF4",ENSG00000172247,12.905249,5.52254302145,5.88580476997,4.41333367814,5.62335074258,6.094927298076763,5.9660692107,5.97072641577,4.53025757321,6.62706321859,6.89137547423,4.78677769839,5.1997319986,,,,,,3.70291048193,5.01475782211,,,,1.6287792979,,,5.35905702515,6.62760227875,6.0027873671,5.30713539179,5.33907728547,,5.92117139404,4.64738202178,6.02625640417,,5.52448544027,6.20837197342,,,,5.46193267794,5.63919210492,,,,,,5.77503134355,4.74138353749
BLOO30,"C1QTNF4",ENSG00000172247,7.248875,-4.15291623792,-4.16185321883,-3.68409265278,-3.9536604929,-4.763288991081698,-5.02917912645,-4.88765293304,-3.00115621945,-4.69192609914,-3.93762471286,-2.54614098599,-4.66065454681,,,,,,-4.08283049006,-3.36622499991,,,,0.729711751473,,,-3.52631628447,-4.09074203142,-5.23890683433,-2.93505311738,-4.52491906783,,-4.17987875538,-3.49644051814,-4.8795201587,,-4.46083159844,-4.1343359129,,,,-2.99188089417,-4.18238417234,,,,,,-4.40686562661,-4.27753352853
BLOO33,"C1QTNF4",ENSG00000172247,14.681978,5.98400362739,5.9254963981,6.22324246084,6.02856644631,5.164111838034334,5.03021333251,5.57864526933,5.08288915364,5.12922709371,3.45053979066,5.66222166671,5.4291362564,,,,,,6.1469620662,6.3483662609,,,,-1.31718283828,,,6.32796635346,5.19523651226,4.84578975132,6.89796614357,5.47320054329,,5.6176095505,6.39593285585,5.18424113752,,5.53908096049,5.95144098579,,,,5.43837627995,5.39685269397,,,,,,5.87312015025,6.17286318673
BLOO35,"C1QTNF4",ENSG00000172247,6.133772,3.69348422748,3.81863006669,3.70532470734,3.87446997698,3.413222920635254,3.12927398825,3.91484801079,3.40990150195,4.17338946215,3.67111776442,3.5567477855,3.42311171614,,,,,,3.80732039458,3.91663597362,,,,-1.26548777105,,,3.86980292511,3.35078162275,3.49455245749,4.64607519201,3.37018809902,,3.56237244297,3.83200421923,3.29818789109,,3.79092456312,3.95189984146,,,,3.25597452296,3.32601271111,,,,,,3.72442652078,3.49822253119
BODY02,"C1QTNF4",ENSG00000172247,5.360563,-4.65134108098,-4.68746081621,-4.88260631547,-4.73092767741,-4.0604393962570295,-3.77651456237,-3.89075992407,-3.60348075145,-4.45203526053,-2.68093067644,-4.52172105452,-4.25192322355,,,,,,-3.8358108356,-4.89340931155,,,,-1.81265098898,,,-4.86375950148,-4.31242407108,-2.89272692832,-4.63315291163,-4.06543711478,,-4.58691032144,-4.74252645561,-4.02983035937,,-4.42173036027,-4.66967401092,,,,-4.44094401619,-4.55915834626,,,,,,-4.58037277188,-4.21850947936
BODY03,"C1QTNF4",ENSG00000172247,17.796342,-9.02874487252,-8.42849454357,-7.72811747966,-8.70081944926,-8.146131425901299,-7.774218393,-7.91283321148,-7.2212119036,-7.853383816,-5.08603943428,-8.20093232458,-8.37314789128,,,,,,-8.37731723428,-9.06210348196,,,,-0.681985824192,,,-8.47384828874,-8.49140271292,-6.71206369488,-8.46444912445,-8.17734324872,,-7.78041215338,-8.91932880977,-7.92963623479,,-8.35665648946,-7.67441678033,,,,-7.6932453551,-8.22409938997,,,,,,-8.7987220966,-7.57710012336
BODY04F,"C1QTNF4",ENSG00000172247,12.699318,-7.07928045062,-6.65415484347,-6.37326848486,-6.88680780277,-6.038179190933761,-5.9547977874,-6.35973747864,-5.77566518789,-6.20130696511,-3.99399806372,-6.64780603895,-6.35489627724,,,,,,-6.93106210658,-7.19272040765,,,,-0.724654442846,,,-6.80123325842,-6.35672239084,-5.38193964283,-7.15916474798,-6.37679656165,,-6.16512942074,-7.252122689,-5.9992150996,,-6.40934556117,-6.61453732091,,,,-5.94622433838,-6.28752084027,,,,,,-6.95243082908,-6.1139691251
BODY04M,"C1QTNF4",ENSG00000172247,11.274407,-6.75179893385,-6.57248543779,-5.63634864399,-6.73159785246,-6.403991856447598,-6.01903043053,-5.87917296539,-5.06249352421,-6.16254767972,-3.99059799536,-5.96498111828,-6.62107075337,,,,,,-5.78262854865,-6.67803777693,,,,-0.238596655773,,,-6.2942931501,-6.70930944381,-5.23664565987,-5.99244022569,-6.27192316088,,-6.01982267971,-6.53725834873,-6.11195881609,,-6.38857245371,-6.21354340938,,,,-6.14841098691,-6.49510013775,,,,,,-6.64862765443,-5.63646929666
BODY04,"C1QTNF4",ENSG00000172247,16.932223,-9.44516806704,-8.85577234204,-8.2110426195,-9.13061988593,-8.474152503900571,-8.07675034705,-8.30357096701,-7.50246109783,-8.29827169825,-5.41706252793,-8.67352153017,-8.80915828879,,,,,,-8.74473010902,-9.53873275121,,,,-0.705679120195,,,-8.95692480512,-8.82210992139,-7.1731481711,-9.05326741867,-8.63091680725,,-8.24795200534,-9.39948755435,-8.1690394023,,-8.7241044725,-8.04273787111,,,,-8.13762263395,-8.67768869025,,,,,,-9.16898731144,-7.83861226413
BODY06B,"C1QTNF4",ENSG00000172247,13.159286,-6.51037345948,-6.48118548351,-6.70425786086,-6.35611922404,-5.842002772465652,-5.53299885823,-5.68150085547,-5.02787466366,-5.95572772559,-4.96867635371,-6.07329102211,-6.08166865351,,,,,,-5.42547649232,-6.78055242681,,,,0.101873758641,,,-6.78507614505,-5.95380386218,-4.71180841661,-6.60499690757,-5.86842695856,,-6.13590329627,-6.63043085439,-5.7446420632,,-6.25358531706,-6.38581328251,,,,-7.2308741135,-6.3140524204,,,,,,-6.38481851186,-6.13551195432
BODY06F,"C1QTNF4",ENSG00000172247,6.842302,-4.28024653195,-4.13799835956,-4.80645346805,-4.11262524019,-3.6302991419182575,-3.43379567802,-3.6478833838,-2.56950919441,-4.08641589018,-2.88540697782,-4.50163961927,-3.72322316163,,,,,,-3.15712865575,-4.58796916102,,,,0.0990027851385,,,-4.64319210285,-3.97415652844,-3.03047126114,-4.28645808769,-3.77444046011,,-4.10191258579,-4.48757612772,-3.6204208093,,-4.06696247221,-4.35411360863,,,,-5.16585080999,-4.14907766022,,,,,,-4.1844974017,-4.41735465533
BODY06M,"C1QTNF4",ENSG00000172247,7.384344,-4.92343658876,-4.99487154701,-4.76817334376,-4.85888096118,-4.578520391729304,-4.33967407395,-4.36308334617,-4.36044052515,-4.37597148289,-4.04508579739,-4.20644062323,-4.80900657065,,,,,,-4.41532848752,-5.02856213719,,,,0.0503954208045,,,-4.99244570189,-4.45756066706,-3.61481475996,-5.03757489968,-4.5016523926,,-4.58890110529,-4.91643746837,-4.46369469457,,-4.76338615499,-4.71104171769,,,,-5.15476155909,-4.77720315102,,,,,,-4.83868902462,-4.34673522563
BODY06,"C1QTNF4",ENSG00000172247,13.683401,-6.58777615908,-6.5260573229,-6.8493914629,-6.4192207684,-5.869428817926603,-5.56268934964,-5.75095545975,-4.85640286007,-6.07737093509,-4.90329277951,-6.2234446545,-6.09971704593,,,,,,-5.45209922541,-6.88272098285,,,,0.185319828753,,,-6.89973140239,-6.03109657336,-4.79078547688,-6.68957450973,-5.92820645683,,-6.22658049597,-6.74046554609,-5.7911983819,,-6.31105317689,-6.49830902901,,,,-7.32669434064,-6.34587125598,,,,,,-6.46386671154,-6.30290523937
BODY07B,"C1QTNF4",ENSG00000172247,13.263611,-6.54696002693,-6.51108128279,-6.74240532542,-6.37489360338,-5.8823353064624655,-5.57880168329,-5.72589577673,-5.04552517108,-6.00179698175,-4.98039645896,-6.08030081866,-6.14452370877,,,,,,-5.47762037028,-6.80221082843,,,,0.104654098538,,,-6.81293909313,-5.99319323785,-4.76678665545,-6.63433533915,-5.91035536985,,-6.17958931809,-6.6604194718,-5.79042409811,,-6.28630485757,-6.40751037854,,,,-7.25828401263,-6.3499323275,,,,,,-6.42059662102,-6.18972173886
BODY07F,"C1QTNF4",ENSG00000172247,7.235689,-4.3467878918,-4.20093910265,-4.84364088229,-4.15128096255,-3.712399341582202,-3.51487796423,-3.73379149428,-2.599737566,-4.18215946791,-2.92236928758,-4.53442813707,-3.83242710228,,,,,,-3.22906183257,-4.63260948479,,,,0.15384861469,,,-4.69065919619,-4.04822670807,-3.12238049932,-4.32028442067,-3.84908227272,,-4.19303090582,-4.53823560048,-3.69878360403,,-4.13061765965,-4.39894462516,,,,-5.21808397135,-4.20648568192,,,,,,-4.24935361178,-4.49347328249
BODY07M,"C1QTNF4",ENSG00000172247,7.143658,-4.91562802988,-4.98249744212,-4.78097608957,-4.85050889252,-4.5655866186953284,-4.33458349573,-4.35144480555,-4.36410531013,-4.35638074603,-4.03295153354,-4.1829926383,-4.80413031266,,,,,,-4.42715511481,-5.01747316722,,,,0.0114488121516,,,-4.98650160757,-4.44709057678,-3.61221481717,-5.04626797187,-4.49536681966,,-4.5707072655,-4.91128973776,-4.46012051587,,-4.7534067151,-4.69986078384,,,,-5.14239965275,-4.77539130912,,,,,,-4.83134495675,-4.3503818793
BODY07,"C1QTNF4",ENSG00000172247,13.887127,-6.62007331658,-6.55049307268,-6.8750233757,-6.42885171558,-5.9105883316648855,-5.60845017051,-5.79599499513,-4.86448633987,-6.12370583945,-4.91268860024,-6.22145945411,-6.16433102028,,,,,,-5.50107195169,-6.89600225933,,,,0.212579598522,,,-6.91866569093,-6.0691689471,-4.84527134095,-6.70773438408,-5.96772507808,,-6.26942149015,-6.76279229459,-5.83679805769,,-6.34237660699,-6.5117477357,,,,-7.348023445,-6.37315320488,,,,,,-6.49551731067,-6.35695035593
BODY08B,"C1QTNF4",ENSG00000172247,29.350120,-9.71424150311,-9.54219454615,-10.0024712127,-9.63179986099,-8.75705629826687,-8.18878639435,-8.57177839208,-7.66158609693,-9.34216152476,-7.23766425229,-9.51415239224,-9.08554037056,,,,,,-8.06251172091,-10.1041672614,,,,0.0127420532381,,,-10.1409307784,-8.90889825287,-7.63001307521,-9.77640001866,-8.94813033742,,-9.41268152485,-9.99389997039,-8.52321846146,,-9.53667413902,-9.52812257426,,,,-10.8646197719,-9.40382324265,,,,,,-9.49279433802,-9.18566713421
BODY08F,"C1QTNF4",ENSG00000172247,12.895820,-6.1834685467,-5.81067021718,-6.52440135524,-6.10194119314,-5.38308418060558,-5.11970284225,-5.34969421668,-3.87676588195,-5.72575254345,-3.58154240382,-6.19381208715,-5.58444536388,,,,,,-4.86837838805,-6.47920283631,,,,0.860196231848,,,-6.57462989924,-5.60354646909,-4.72987807002,-5.93508796939,-5.70157996993,,-5.83410267099,-6.44500327055,-5.30285518627,,-5.84393209421,-5.93884741306,,,,-6.74214365092,-5.8291763878,,,,,,-6.00088833166,-5.74904711351
BODY08M,"C1QTNF4",ENSG00000172247,18.182640,-8.06484571158,-8.14706776055,-8.17005068703,-8.02260399298,-7.433543472633696,-6.87804400239,-7.20723154352,-7.21645288555,-7.94360562677,-6.88550532561,-7.78098093174,-7.71265202293,,,,,,-6.92034326752,-8.34762667571,,,,-0.71410137765,,,-8.31675137789,-7.45406097606,-6.44262043885,-8.36319578886,-7.42395900543,,-7.94860629475,-8.22550106997,-7.18103168653,,-8.11137821585,-8.01793674814,,,,-9.16930951422,-7.94217333381,,,,,,-7.91661699019,-7.70861677247
BODY08,"C1QTNF4",ENSG00000172247,25.554116,-9.46263328204,-9.21870183469,-9.77165325743,-9.35111468773,-8.478563970481263,-7.95089759963,-8.32643555138,-7.15478232408,-9.03463438091,-6.80554663922,-9.29871997302,-8.78982274727,,,,,,-7.7947942535,-9.85234200751,,,,0.22175644951,,,-9.91322691091,-8.66169773087,-7.4088661597,-9.4775775231,-8.71487415895,,-9.14186365947,-9.75438812664,-8.27625913758,,-9.21945677604,-9.24921753496,,,,-10.4700074133,-9.08618584039,,,,,,-9.23832671626,-8.92276514409
CHOL03,"C1QTNF4",ENSG00000172247,5.621620,-1.79302387706,-2.03089730311,-2.49885461245,-2.40895005137,-1.262442755100391,-1.13096448852,-1.58285429931,-1.57356586801,-1.64974633967,-0.779547938563,-2.83329316513,-1.30665121675,,,,,,-0.980587716056,-2.33950529696,,,,-1.83878349976,,,-2.20095456911,-2.25684193225,-1.14962130743,-1.93423156698,-1.4563666188,,-1.77965273338,-2.1090886988,-1.11354846363,,-1.46399765675,-2.22431931203,,,,-2.81545502039,-2.29510934646,,,,,,-1.69739287121,-2.21004144612
CHOL22,"C1QTNF4",ENSG00000172247,13.053327,6.80614566449,7.14351581777,6.10681923266,6.88027056068,6.700764327343643,6.78433105468,7.33935431375,4.89543599836,7.33129814231,6.43137219812,7.05099391088,5.97570279428,,,,,,4.4702267097,6.70937149997,,,,2.8754141698,,,7.09428654483,8.44923070223,6.61851022835,6.74217398241,6.53661000818,,6.93427562936,6.66562725178,6.59828300408,,5.70775024702,7.19731373358,,,,6.90127590669,7.17919092633,,,,,,6.91369263377,6.48934747609
FATM02B,"C1QTNF4",ENSG00000172247,12.284448,-5.85392040659,-5.8490336406,-6.20466427211,-5.84941872072,-4.9440374331097505,-4.51786192772,-4.89886466528,-3.9952829168,-5.30624516617,-4.20022387324,-5.88192624664,-5.20437509875,,,,,,-4.7148187964,-6.38708876359,,,,0.352885314479,,,-6.33897167386,-5.19449864682,-3.76344335592,-6.14869380402,-5.07285870476,,-5.45679480548,-6.16933594284,-4.81085126134,,-5.44897130725,-5.80744156784,,,,-6.65585068117,-5.56798861683,,,,,,-5.67882831849,-5.34937140196
FATM02F,"C1QTNF4",ENSG00000172247,6.677595,-3.15072432199,-2.97621160952,-3.87702961616,-3.05575207642,-2.2466632402806055,-2.02122103055,-2.35162424024,-1.55399537494,-2.74060487105,-1.35247003436,-3.75903207581,-2.52409261544,,,,,,-2.16966704148,-3.67990401061,,,,0.599838295804,,,-3.64304464919,-2.66029764022,-1.6689932739,-3.36170671163,-2.5501622512,,-2.92025969836,-3.55915387024,-2.24545823201,,-2.90863385902,-3.1626705453,,,,-4.28569478367,-2.92209015101,,,,,,-2.98655866653,-3.26735032288
FATM02M,"C1QTNF4",ENSG00000172247,8.765103,-4.95269244717,-5.07676766054,-4.8490228605,-5.01993573607,-4.491766183528173,-4.12849465183,-4.3569242306,-3.82362375113,-4.57557223878,-4.22898387365,-4.53323595722,-4.61015111787,,,,,,-4.26428843755,-5.22289320335,,,,-0.00785674837027,,,-5.19058789553,-4.49604874288,-3.44949155934,-5.16413724905,-4.42604745749,,-4.62909116699,-5.04131109933,-4.32682761071,,-4.62782888029,-4.88525797663,,,,-5.10355293229,-4.76686255437,,,,,,-4.85667945763,-4.2334149469
FATM02,"C1QTNF4",ENSG00000172247,12.667339,-5.70959151825,-5.65816694402,-6.17675219236,-5.68477683416,-4.71806951384459,-4.30498437239,-4.72565038998,-3.72433768279,-5.15859346408,-3.84260358997,-5.8698260828,-5.01222881754,,,,,,-4.53567872832,-6.2893708025,,,,0.519251742165,,,-6.23767709568,-5.02742825009,-3.61534491888,-6.01812762995,-4.90958452072,,-5.32164564657,-6.08552985866,-4.60823560151,,-5.30811491176,-5.67314293119,,,,-6.62558750121,-5.38360195333,,,,,,-5.52398186862,-5.3165530856
FATM03B,"C1QTNF4",ENSG00000172247,13.817956,-5.88721049493,-5.86960012188,-6.24362423097,-5.85859267901,-4.9844086941371,-4.5598727474,-4.93330168728,-4.02801963611,-5.33753990281,-4.17369867629,-5.87632377448,-5.26959206036,,,,,,-4.78435718962,-6.40358596907,,,,0.427672992472,,,-6.35464551264,-5.20199577344,-3.81454918486,-6.17144138002,-5.11498989901,,-5.48916107805,-6.19926754058,-4.85397633323,,-5.49697095662,-5.81463769989,,,,-6.67726256803,-5.59532511624,,,,,,-5.71050860777,-5.39416800243
FATM03F,"C1QTNF4",ENSG00000172247,6.655962,-3.23411085366,-3.04204370164,-3.93437959358,-3.1058901105,-2.3501583868365414,-2.11805204209,-2.4354511288,-1.59925040413,-2.83108858247,-1.32766528405,-3.78122596904,-2.65709637555,,,,,,-2.29709232108,-3.73634964623,,,,0.782246244764,,,-3.69445942115,-2.70914051208,-1.76416073044,-3.40944485533,-2.64456478588,,-3.00628310177,-3.63314514078,-2.34318905667,,-3.01423442831,-3.20242370572,,,,-4.33976284091,-2.98157008289,,,,,,-3.06711862984,-3.3584351055
FATM03M,"C1QTNF4",ENSG00000172247,8.406913,-4.93455253244,-5.05749937313,-4.85307225102,-4.99741517019,-4.4701178566062305,-4.11370499684,-4.34180258917,-3.83783182006,-4.55009268618,-4.22457039959,-4.50774567863,-4.59645147002,,,,,,-4.26076278236,-5.20243867307,,,,-0.0553201847323,,,-5.17287417377,-4.47235873197,-3.44661518641,-5.15951437583,-4.41174259599,,-4.6076711291,-5.02429592765,-4.3123251118,,-4.6111592444,-4.86706002689,,,,-5.08709511379,-4.75973259082,,,,,,-4.83911504488,-4.22010376779
FATM03,"C1QTNF4",ENSG00000172247,14.072106,-5.73632014811,-5.66964848096,-6.20098503339,-5.6836573216,-4.757668628559676,-4.34618426882,-4.75578648579,-3.74671973502,-5.18500232037,-3.80266849665,-5.84840033649,-5.07940118143,,,,,,-4.60582240347,-6.29392729238,,,,0.625836401625,,,-6.24027393048,-5.02741945287,-3.66259293347,-6.0250607204,-4.9481276278,,-5.34799191534,-6.10634023771,-4.64948902155,,-5.35418273145,-5.66698255212,,,,-6.63555192745,-5.4001264467,,,,,,-5.54885755777,-5.35818536552
FATM04B,"C1QTNF4",ENSG00000172247,25.101023,-8.82177586721,-8.57328210846,-9.45343215033,-8.7848324083,-7.516812301176004,-6.83766921186,-7.47360463365,-6.56233163547,-8.32695471527,-5.88083923007,-9.09224428188,-8.13247087083,,,,,,-7.43734739549,-9.5365224052,,,,1.18653975124,,,-9.46218082025,-7.7217930041,-6.37111116638,-9.09099197387,-7.95445907784,,-8.44691361409,-9.41414963612,-7.25945801547,,-8.60103357939,-8.54193192484,,,,-10.1533548721,-8.3731862144,,,,,,-8.50065967602,-8.30070283608
FATM04F,"C1QTNF4",ENSG00000172247,12.996841,-5.10696558403,-4.63268204014,-5.64282822522,-4.93257895669,-3.945411730408937,-3.62569166718,-3.97653189604,-2.83188876994,-4.19963565604,-1.95458285485,-5.4577739123,-4.4903533624,,,,,,-4.22047890948,-5.70572343693,,,,1.93753489028,,,-5.63914565233,-4.09184715511,-3.27033942651,-5.10375458246,-4.53253069721,,-4.6659104659,-5.70538650278,-3.89048520302,,-4.73235879317,-4.66309730015,,,,-5.67410090485,-4.46930143802,,,,,,-4.82395075437,-4.62045297354
FATM04M,"C1QTNF4",ENSG00000172247,20.669749,-7.8250496434,-7.88619063492,-8.23927237471,-7.92363722165,-7.0129616063117375,-6.34842667474,-6.92669995997,-6.64575108442,-7.91312798791,-6.45172614297,-7.89973652481,-7.39847043975,,,,,,-6.67054863203,-8.30150110813,,,,-0.00867158250069,,,-8.25540005749,-7.17147323174,-6.00640193654,-8.20058174162,-7.11739866011,,-7.68310187008,-8.1330235014,-6.70501544848,,-7.83976268009,-7.8164278515,,,,-9.1786247623,-7.74901389142,,,,,,-7.62284015189,-7.51851616269
FATM04,"C1QTNF4",ENSG00000172247,26.078969,-8.43249599634,-8.10403073708,-9.08290652972,-8.34210801841,-7.06983017075767,-6.43341655821,-7.05168406198,-6.00538844213,-7.78865332865,-5.24946379619,-8.75824859862,-7.70484902444,,,,,,-7.07903352844,-9.17001759448,,,,1.45845555545,,,-9.09411627416,-7.28200880513,-5.97267323663,-8.66902071178,-7.57609130996,,-8.02392345614,-9.06943406516,-6.8485239883,,-8.14909837435,-8.09284219745,,,,-9.62817364355,-7.88534755315,,,,,,-8.09776899025,-7.88457434577
GLYC03,"C1QTNF4",ENSG00000172247,10.593170,-6.78092433606,-6.51596351802,-6.40798891109,-6.48894575891,-7.280797868659463,-6.10888606062,-4.29124156858,-5.36893305005,-6.64374877967,-5.3397591772,-5.33796784534,-6.69167933083,,,,,,-5.72943449132,-6.58743350426,,,,-0.197095318081,,,-6.46562742938,-4.94863955353,-4.10239925337,-5.71489469563,-6.10031067051,,-6.76548806083,-6.24451049487,-6.72509337005,,-7.1524590765,-6.0627325682,,,,-7.64862078986,-6.08163685747,,,,,,-6.72466745988,-5.52599811784
HEIG02,"C1QTNF4",ENSG00000172247,4.682334,4.09278808385,4.40870386609,3.45055360629,3.94971622845,4.514198182953209,5.00379349969,5.11489505572,4.22199430317,4.30987740976,4.72946065919,3.05779625736,4.3439405356,,,,,,3.43650043009,3.53785071851,,,,2.74975212776,,,3.82533648319,4.49933454425,5.41298566132,3.60278711256,4.56966482734,,4.416254145,3.85031447346,4.57139702373,,3.61823154002,4.15479702332,,,,3.66930762138,4.64014566539,,,,,,4.19192438056,4.49837147664
HEIG03,"C1QTNF4",ENSG00000172247,13.380594,6.87517039548,6.95722229252,6.0549246036,6.40433769287,7.526184637649324,7.76551798047,7.9660668609,5.53377482177,7.61399869891,7.62496019319,5.88360879279,7.20753497399,,,,,,5.36806916376,6.13693735968,,,,0.667064133521,,,6.52641751791,7.14004299702,8.28533450349,5.95625277903,7.24333902156,,7.33651431704,6.37509992386,7.55145097943,,6.63655156552,6.77290006874,,,,5.57892402769,7.12492303306,,,,,,7.02286837798,6.81496021656
HEIG04F,"C1QTNF4",ENSG00000172247,5.677967,3.34862031153,3.22981632331,2.94290859218,2.62234862981,3.17925391035201,3.53962743278,4.14850396884,4.17326010287,3.55992506226,5.27671957251,3.33595300142,3.43080337809,,,,,,2.34839267593,3.09474371683,,,,1.01398817912,,,3.26499469417,2.90373383256,5.00260830013,3.05017857967,4.01882162174,,3.8969468909,3.12674607144,3.13609640133,,2.86333702921,2.73770051153,,,,2.85589911444,3.49286012032,,,,,,3.08431237103,2.72002992622
HIPC01,"C1QTNF4",ENSG00000172247,7.189109,-5.25391045205,-4.82880445497,-4.72973111322,-5.11706446332,-4.356033486903386,-4.44836629305,-4.18826431184,-3.9582983109,-4.40250133254,-2.5140925556,-4.6401828657,-4.94177457616,,,,,,-4.68436703247,-5.35712850538,,,,-1.39216633615,,,-5.13255688367,-4.72825862891,-3.64261627453,-4.80766793321,-4.88204255378,,-4.61075846997,-5.27842979329,-4.29854291506,,-4.42655789522,-4.30361971693,,,,-4.95418408117,-4.80669796233,,,,,,-4.9226247431,-4.36832128944
HIPC02,"C1QTNF4",ENSG00000172247,6.529957,-5.10555755556,-4.69937017934,-4.58824005136,-4.9885938686,-4.307080350283692,-4.3802102126,-4.09647292413,-3.88198460487,-4.31431603684,-2.37029991956,-4.44209491465,-4.80719306957,,,,,,-4.7620873876,-5.19383164753,,,,-1.37870779442,,,-4.94400089912,-4.70105331617,-3.44926856471,-4.59751142539,-4.72501148764,,-4.44369721585,-5.12371019696,-4.26439509569,,-4.38090182661,-4.21888637877,,,,-4.81922414413,-4.6410517965,,,,,,-4.83591739413,-4.34019438831
LEAN04B,"C1QTNF4",ENSG00000172247,7.415657,2.27821850072,2.38446937076,1.55285660842,2.14880481652,2.9984638905489134,3.22429001145,3.37371204569,0.876233584794,2.73426377307,2.81680824602,1.2608408247,2.61905904247,,,,,,2.46620917729,1.63182002997,,,,0.173706536524,,,1.89514252856,2.72381109882,4.13210524896,1.62617718248,2.73342954741,,2.8332574503,1.70232544393,3.13466731229,,2.23986717428,2.49437860044,,,,-0.713481009424,2.3837474038,,,,,,2.55477475399,2.18042797652
LEAN04F,"C1QTNF4",ENSG00000172247,5.842422,2.05111673012,2.32336260206,1.34231379764,2.06696708986,2.7210927734054295,2.97830630607,3.18828364514,1.40389055607,2.36858640395,2.843839629,0.962627071212,2.52810547213,,,,,,2.39807840066,1.45997761912,,,,0.447932259987,,,1.66507277645,2.5623941151,3.72078576068,1.63159539806,2.51979763283,,2.46389982209,1.48784817825,2.81309353665,,1.97973792839,2.29958086831,,,,-0.807555467847,2.36825685252,,,,,,2.29518922823,1.53894769383
LEAN05B,"C1QTNF4",ENSG00000172247,7.179818,2.4126631535,2.53736591806,1.67897550046,2.30143399328,3.1108935565769342,3.35375369973,3.53361162362,1.02946453846,2.87111718439,3.04710066508,1.4068674323,2.73387144796,,,,,,2.59379765302,1.77946470158,,,,0.476227667415,,,2.03841280732,2.86458159602,4.30632719165,1.77776321162,2.87170748676,,2.97846546302,1.83174733693,3.24828859273,,2.34273097835,2.66015473294,,,,-0.632906861891,2.54378001172,,,,,,2.68835737759,2.28828478883
LEAN05F,"C1QTNF4",ENSG00000172247,5.971754,2.1949959935,2.4889436988,1.49723587834,2.23949208541,2.8329511132335474,3.11743043792,3.36413082411,1.59317403854,2.51931332893,3.11110085687,1.11346577097,2.65140366525,,,,,,2.56017536958,1.62075703189,,,,0.848796210091,,,1.82303860459,2.71203155441,3.92205971948,1.80758693373,2.67129011212,,2.61300322823,1.63030107711,2.93266950126,,2.08151654427,2.48147143257,,,,-0.720610353131,2.55185655727,,,,,,2.438608389,1.65247159371
LEAN06B,"C1QTNF4",ENSG00000172247,10.433480,2.79460916795,3.19437153146,1.75120716978,2.52828809793,3.8291476720922306,4.29457990781,4.25287812899,1.38580126639,3.29067634555,4.13554608611,1.12790630698,3.36851449641,,,,,,2.63848347536,1.83414773463,,,,0.921607195974,,,2.22691000369,3.66651733266,4.99360843826,1.85411951678,3.31419713958,,3.43072344949,1.889230979,4.04780075932,,2.63063055256,3.26204250831,,,,-0.824741821089,3.19803001452,,,,,,3.19515945232,2.94715097966
LEAN06F,"C1QTNF4",ENSG00000172247,8.579945,3.14150656051,3.63713644482,2.12460651347,2.91453827323,3.9226606411959817,4.26529837673,4.46023894068,2.48957363964,3.65108775998,4.31210389664,1.70412797688,3.78778737738,,,,,,3.23023145769,2.39448494599,,,,0.963702075853,,,2.62932348351,3.88683672563,5.08755703431,2.65863176997,3.58707678178,,3.73058047942,2.41884643315,4.03549331829,,3.09450042951,3.5964827026,,,,0.174741143623,3.52074878637,,,,,,3.44563389322,2.99770665232
LEAN06,"C1QTNF4",ENSG00000172247,8.533310,1.92881604075,2.20379311744,1.07544992606,1.69337607878,2.9519430917357874,3.41754137915,3.22435069129,0.350490316533,2.30886836647,3.15172250495,0.421282929295,2.36136803475,,,,,,1.65646093405,1.00376416394,,,,0.690525070795,,,1.41990766947,2.71832770747,3.89052935529,0.829596115214,2.40475499247,,2.47103998795,1.07147291906,3.19785218255,,1.72358471025,2.31949421425,,,,-1.45039398839,2.30116712491,,,,,,2.31991501053,2.26947098932
LIPO16,"C1QTNF4",ENSG00000172247,6.485147,-1.53572957096,-1.65828590469,-2.16645864202,-2.00067694232,-0.9369094911342817,-0.728719186935,-1.12958703769,-0.505789141857,-1.53666491144,-0.187303935461,-2.45010080868,-1.09097291367,,,,,,-0.879233645183,-2.12541382245,,,,-1.38119977362,,,-2.01527886683,-1.91665650907,-0.631830980466,-1.91576796493,-1.11040997562,,-1.37788295626,-1.89602964097,-0.798689821381,,-1.11202444488,-1.95574222138,,,,-2.56444373509,-1.8086365493,,,,,,-1.40358047071,-1.67594913403
MENA02F,"C1QTNF4",ENSG00000172247,6.877227,4.28025014332,4.59407107162,4.34067370728,4.03192058745,4.173240630832313,3.67044467653,3.68923734393,3.63833284517,5.08126127978,5.9993005015,4.46974445726,3.9157630227,,,,,,1.98870863431,4.40020148458,,,,2.15729975618,,,4.66001072247,3.75316255731,3.09785454515,4.05780390452,3.86323621159,,4.78574121448,4.08246380305,3.95434765115,,4.25900768475,4.58905979864,,,,5.67363487498,4.59597309311,,,,,,4.26942760831,3.74518895514
NEUR01,"C1QTNF4",ENSG00000172247,7.149918,4.38587583976,4.42619628697,3.24736352929,4.24228356103,4.56636379173448,4.4880621559,3.69984287352,3.60652733357,4.31907396552,4.35644311208,2.45118189546,4.66716998187,,,,,,4.52838898258,3.89559705412,,,,0.443333456002,,,3.83863836652,3.60669835386,3.71249505915,4.07563677258,4.21295814163,,4.19955214043,3.9911713238,4.74053215793,,4.74777015588,3.84675537342,,,,3.5265027196,3.82561599635,,,,,,4.45878048618,3.75618817756
NEUR02B,"C1QTNF4",ENSG00000172247,11.858331,5.05979402724,5.15495641284,4.26610892037,4.85791717698,5.796944869696017,5.60338559573,4.36209706529,4.5440809152,4.97390123098,5.73308113664,2.98628763319,5.24097662727,,,,,,5.35096618299,4.34910727999,,,,-0.00459446112411,,,4.53321656243,4.27470889351,4.68278365992,4.45055407872,4.9249838827,,4.96475601723,4.32615425777,5.85511123039,,5.42669783564,4.76417230958,,,,4.80728777608,4.77205366537,,,,,,5.3148463228,4.76333336799
NEUR02M,"C1QTNF4",ENSG00000172247,7.496918,4.27682191627,4.32347531433,3.03705177215,3.81230866359,4.881662579880091,4.70106740726,3.84638473871,3.25153049944,4.24661609093,5.0076199913,2.95621418763,4.24244926676,,,,,,4.38052101752,3.72730139797,,,,-0.0873786849962,,,3.86610248596,3.67940723668,4.15890152212,3.78524401356,4.13867457397,,4.51721021187,3.61038986301,4.95198679093,,4.36329608567,4.16718413763,,,,3.37444278822,3.61647820363,,,,,,4.51224646151,3.78407784276
OBES01,"C1QTNF4",ENSG00000172247,4.930480,-4.63010613572,-4.67070009892,-4.33975393224,-4.8476932339,-4.167244373478716,-3.96341542885,-4.11262735706,-3.95152151519,-4.71243956193,-3.27536499823,-4.47238317499,-4.26552931115,,,,,,-4.05904531471,-4.8488055982,,,,-0.676647016661,,,-4.6847104832,-4.32287621945,-3.53787457527,-4.37753423622,-4.34992124179,,-4.54271481791,-4.78500583497,-4.04869948558,,-4.72393501923,-4.69595962856,,,,-4.67248860118,-4.41628054326,,,,,,-4.56957486994,-4.49194326501
OVER01,"C1QTNF4",ENSG00000172247,5.704521,-4.89443605467,-4.72615871258,-4.60652683636,-5.03801602828,-4.414020311326335,-4.2808608923,-4.48682545332,-3.61314859359,-4.16010557543,-2.8533368486,-4.69450999072,-4.47664384544,,,,,,-4.24913196009,-4.96760844427,,,,0.119821455677,,,-4.96850665643,-4.79315809834,-4.14381811663,-4.71040291025,-4.63320873397,,-4.83688408453,-4.96758551598,-4.40096700905,,-4.59446772858,-4.78824125518,,,,-3.96668280886,-4.59493384865,,,,,,-4.82147597985,-4.78544575372
WAIS01M,"C1QTNF4",ENSG00000172247,5.580391,-4.65338019414,-4.28288440172,-4.07994006496,-4.33141094071,-4.1548620288980525,-3.93921651834,-3.80064846828,-3.21700969297,-3.90054206483,-1.86793915993,-4.29011555879,-4.49746938127,,,,,,-3.79234080247,-4.70661309172,,,,-0.886032086948,,,-4.39418819137,-4.65635758861,-3.21447003423,-3.84209430587,-4.23421902637,,-4.05227348646,-4.73508668081,-3.92163209913,,-4.31721199807,-4.20043042233,,,,-4.02643910609,-4.26986041084,,,,,,-4.51570701001,-4.22399696731
WAIS01,"C1QTNF4",ENSG00000172247,9.185839,-6.06490955705,-5.60947974379,-5.43837539799,-5.72355314938,-5.044433178679442,-4.81629178487,-4.87620119366,-4.76323213854,-5.08030034776,-3.00504375393,-5.64969314345,-5.65434657361,,,,,,-5.46740063726,-6.2963007843,,,,-1.31890722587,,,-5.81575341712,-5.40469841981,-4.0036706937,-5.68948645568,-5.32782600659,,-5.17189380397,-6.16008540347,-4.88169666314,,-5.56239418529,-5.1240189755,,,,-5.42164740499,-5.42991556081,,,,,,-5.80874427945,-5.11626912136
WAIS02M,"C1QTNF4",ENSG00000172247,5.605251,-4.63774131123,-4.29361888286,-4.09079572089,-4.34695940369,-3.9826050811996265,-3.84814692856,-3.71285851108,-3.29291321558,-3.89178431585,-1.69987684416,-4.2955124858,-4.46137466426,,,,,,-3.94662787378,-4.73326452128,,,,-0.930600343076,,,-4.37344582058,-4.62148954336,-3.11149746885,-3.8984137445,-4.19718467561,,-4.03417703697,-4.62439722802,-3.81692180073,,-4.31963922251,-4.22442427404,,,,-4.28349593791,-4.18703671541,,,,,,-4.46886613221,-4.2531756501
WAIS02,"C1QTNF4",ENSG00000172247,8.525565,-5.92064049736,-5.48588717173,-5.30432415865,-5.60890881608,-4.956867510452447,-4.70165000716,-4.80519740874,-4.66738000312,-5.04418818906,-2.77113314366,-5.48301685817,-5.53384345687,,,,,,-5.52011780325,-6.15260358657,,,,-1.44626338466,,,-5.64481948067,-5.48342756481,-3.78113010452,-5.53481596242,-5.15404626046,,-5.01631022545,-6.0195770046,-4.79413327588,,-5.48116469932,-5.04481954898,,,,-5.2677614061,-5.25302484407,,,,,,-5.69668484036,-5.10704362486
