code,target,ENSEMBL,association,Adipose_Subcutaneous,Adipose_Visceral_Omentum,Breast_Mammary_Tissue,Muscle_Skeletal,DGN_Whole_Blood,Whole_Blood,Artery_Aorta,Artery_Coronary,Artery_Tibial,Heart_Atrial_Appendage,Heart_Left_Ventricle,Spleen,Brain_Amygdala,Brain_Anterior_cingulate_cortex_BA24,Brain_Caudate_basal_ganglia,Brain_Nucleus_accumbens_basal_ganglia,Brain_Putamen_basal_ganglia,Brain_Cerebellar_Hemisphere,Brain_Cerebellum,Brain_Cortex,Brain_Frontal_Cortex_BA9,Brain_Hippocampus,Brain_Hypothalamus,Brain_Spinal_cord_cervical_c-1,Brain_Substantia_nigra,Nerve_Tibial,Cells_Transformed_fibroblasts,Cells_EBV-transformed_lymphocytes,Colon_Sigmoid,Colon_Transverse,Esophagus_Gastroesophageal_Junction,Esophagus_Mucosa,Esophagus_Muscularis,Liver,Minor_Salivary_Gland,Small_Intestine_Terminal_Ileum,Stomach,Adrenal_Gland,Pituitary,Pancreas,Thyroid,Lung,Ovary,Prostate,Testis,Uterus,Vagina,Skin_Not_Sun_Exposed_Suprapubic,Skin_Sun_Exposed_Lower_leg
BFPC04B,"ABHD16B",ENSG00000183260,8.317205,,,,,,,0.0381407929144,,-0.489347906794,-0.919573707293,-0.876770832119,,,,,,0.106690942616,,,3.6182803779,,,1.11743548845,,,0.636740774228,-0.542034804347,,,,,-0.888874278356,1.67122804004,0.320334559209,,,,,-1.19610867971,0.142573118903,1.55631891912,-0.471417711102,,,-1.80291097147,,,-0.0791072856645,-0.704173855731
BFPC04M,"ABHD16B",ENSG00000183260,5.956756,,,,,,,0.197920822649,,-0.886516535336,-1.0959412761,-1.22211913541,,,,,,0.39013082109,,,3.56473803446,,,2.66575895817,,,0.151425297548,-0.91574968544,,,,,-1.19472885095,1.45504442246,0.421082319168,,,,,-0.349158123082,-0.306869723681,0.803057524496,-0.802294413539,,,-1.78840295177,,,0.107284576829,-1.33043316987
BFPC04,"ABHD16B",ENSG00000183260,6.677347,,,,,,,0.0231755482248,,-0.288548461165,-0.749241112684,-0.667575494684,,,,,,0.0998536525111,,,3.38391317953,,,0.609926863913,,,0.727464758877,-0.349640990342,,,,,-0.703955958648,1.63900378858,0.323843724104,,,,,-1.26764885857,0.304890218884,1.6761460149,-0.286551411218,,,-1.64779975072,,,-0.0737232858845,-0.444022897579
BLOO23,"ABHD16B",ENSG00000183260,3.714848,,,,,,,-3.79231846383,,-4.4345400471,-4.67186631486,-4.32616930963,,,,,,-3.11145318636,,,-2.25966435931,,,-0.422137308238,,,-3.02667218205,-4.45953649856,,,,,-4.76553602893,-2.7947644097,-3.24371085122,,,,,-3.02672141784,-3.72186894866,-3.25535985085,-4.37800242007,,,-0.378397751668,,,-3.66608780614,-4.64979162018
BODY08B,"ABHD16B",ENSG00000183260,8.987880,,,,,,,0.245827275015,,-0.432445031477,-0.675753720712,-0.900586823696,,,,,,0.31704678223,,,2.67383095169,,,0.611531503398,,,0.0302233088093,-0.290287423534,,,,,-0.916931402756,0.470577369446,-0.191910597834,,,,,-1.17507853042,0.88188346079,1.56813822839,-0.358827333179,,,-1.64869376283,,,-0.357454516767,-0.413110695009
BODY08M,"ABHD16B",ENSG00000183260,5.699339,,,,,,,0.182165767322,,-0.42241824374,-0.363823476065,-0.857125362129,,,,,,0.934251065626,,,2.55568430379,,,2.43092398798,,,-0.14136546301,-0.309665512593,,,,,-0.867527743354,0.653138666817,0.250388282737,,,,,-0.140706211977,0.394141287838,0.635316483521,-0.257356423342,,,-0.557794446528,,,0.191160678589,-0.700282795149
BODY08,"ABHD16B",ENSG00000183260,9.069810,,,,,,,0.253498119619,,-0.336169034282,-0.639630699714,-0.785222688313,,,,,,0.258623248431,,,2.52655989191,,,0.101562238798,,,0.0712078146463,-0.201458638235,,,,,-0.808268194803,0.461536529987,-0.247610160869,,,,,-1.29036086298,1.01438821118,1.77634678125,-0.286776888581,,,-1.76375282775,,,-0.414949201896,-0.253477896045
FATM04B,"ABHD16B",ENSG00000183260,7.055690,,,,,,,0.0549231775439,,-0.060059588216,-0.312309162982,-0.443533422189,,,,,,0.567284813914,,,3.17968325724,,,0.54385855634,,,0.586840545467,-0.0435925352781,,,,,-0.397477717186,1.52565627003,0.180013707419,,,,,-0.904989313086,0.603275255956,1.69367194459,0.00970522544677,,,-1.31030786633,,,0.0371238521315,-0.256482165173
FATM04,"ABHD16B",ENSG00000183260,7.282579,,,,,,,0.101377487146,,0.14981387172,-0.152455780789,-0.213263148202,,,,,,0.552965527475,,,3.03258096162,,,0.00634266327543,,,0.718989350641,0.161228426781,,,,,-0.266537323195,1.54874366796,0.213677169476,,,,,-0.956770753651,0.854882177829,1.91667984781,0.197900767137,,,-1.30149252063,,,0.0855413753672,0.00982492976966
INFB01,"ABHD16B",ENSG00000183260,8.338197,,,,,,,3.19379916543,,3.55886274122,2.88654454113,3.29341958581,,,,,,2.84202781617,,,5.25743972237,,,1.29497495627,,,3.09077625231,3.32155176613,,,,,2.079133784,4.20463861765,2.63630535109,,,,,3.1050839368,4.12476014603,3.86924403368,3.54593413454,,,-1.75101941387,,,2.91546394119,3.28430249408
MENA02F,"ABHD16B",ENSG00000183260,7.330098,,,,,,,-0.612440233522,,0.100642093517,0.0131218234814,0.109815684367,,,,,,-1.24617902808,,,-2.93265123698,,,-2.84866626573,,,0.184192706325,0.0502072418933,,,,,1.69474008366,-0.486646262439,-2.09752342364,,,,,-0.930432909376,-0.873888494583,-2.24260845641,0.0382749836149,,,1.60580864821,,,-0.703723852801,-0.000796014874318
ULCC01,"ABHD16B",ENSG00000183260,6.756169,,,,,,,2.63053577728,,3.2362917454,2.74983536841,3.04154342636,,,,,,1.85765754242,,,3.78529385432,,,0.846902034094,,,2.62543030698,3.03481168684,,,,,1.69483199972,3.18516974726,2.67272510573,,,,,2.89242964127,3.54594295938,3.72270083938,3.21361272671,,,-1.86476541639,,,3.03963592196,3.02854326127
