code,target,ENSEMBL,association,Adipose_Subcutaneous,Adipose_Visceral_Omentum,Breast_Mammary_Tissue,Muscle_Skeletal,DGN_Whole_Blood,Whole_Blood,Artery_Aorta,Artery_Coronary,Artery_Tibial,Heart_Atrial_Appendage,Heart_Left_Ventricle,Spleen,Brain_Amygdala,Brain_Anterior_cingulate_cortex_BA24,Brain_Caudate_basal_ganglia,Brain_Nucleus_accumbens_basal_ganglia,Brain_Putamen_basal_ganglia,Brain_Cerebellar_Hemisphere,Brain_Cerebellum,Brain_Cortex,Brain_Frontal_Cortex_BA9,Brain_Hippocampus,Brain_Hypothalamus,Brain_Spinal_cord_cervical_c-1,Brain_Substantia_nigra,Nerve_Tibial,Cells_Transformed_fibroblasts,Cells_EBV-transformed_lymphocytes,Colon_Sigmoid,Colon_Transverse,Esophagus_Gastroesophageal_Junction,Esophagus_Mucosa,Esophagus_Muscularis,Liver,Minor_Salivary_Gland,Small_Intestine_Terminal_Ileum,Stomach,Adrenal_Gland,Pituitary,Pancreas,Thyroid,Lung,Ovary,Prostate,Testis,Uterus,Vagina,Skin_Not_Sun_Exposed_Suprapubic,Skin_Sun_Exposed_Lower_leg
BFPC02B,"ULK3",ENSG00000140474,2.901114,0.387076285571,-1.53796390736,-1.49748331365,-1.88443739295,-1.9388901977721007,-1.40855272956,-0.2908103576,,-1.05788316631,,-2.04052547002,-2.508512577,,,,,,,,,,,,,,,-3.03645572221,-1.87158774098,,,,0.949905694184,,-1.3933759139,,,-1.30453306148,,,-1.39516392777,-0.348897176295,-2.57351357461,,,-0.919232899398,,,-4.83087745748,
BFPC02,"ULK3",ENSG00000140474,3.182137,0.362507885871,-1.61731666213,-1.60794645825,-1.96182643659,-2.0722696965776244,-1.54165906252,-0.529232233957,,-1.27872088868,,-2.06046368473,-2.57990529751,,,,,,,,,,,,,,,-3.1284483243,-1.97104933312,,,,1.34539080072,,-1.49001018844,,,-1.51827437681,,,-1.48259342525,-0.44109871363,-2.60704319666,,,-1.14245807106,,,-4.7617081193,
BFPC03B,"ULK3",ENSG00000140474,2.855800,0.385404371444,-1.54388471303,-1.52507754274,-1.90369596021,-1.9705192461476355,-1.43689582302,-0.277109051067,,-1.03781727921,,-2.12537885846,-2.57263026204,,,,,,,,,,,,,,,-3.05746401049,-1.91921017659,,,,0.90303093786,,-1.39896990885,,,-1.33424242458,,,-1.37908357859,-0.35710112041,-2.60721999317,,,-0.905912793044,,,-4.89683205919,
BFPC03,"ULK3",ENSG00000140474,3.197445,0.354078614173,-1.6268293978,-1.64454082825,-1.99248334197,-2.109158598137113,-1.57399629425,-0.512503097591,,-1.25441209823,,-2.16570621818,-2.65651264794,,,,,,,,,,,,,,,-3.15377237944,-2.0288199101,,,,1.29596896923,,-1.50324201953,,,-1.55633481377,,,-1.46682733095,-0.454159005306,-2.652721424,,,-1.13163710231,,,-4.85379657075,
BFPC04B,"ULK3",ENSG00000140474,4.409950,0.898578000702,-1.55810061037,-1.60268068741,-1.79728645595,-1.799112233690217,-1.19022364935,0.280456436195,,-0.927614639565,,-2.20846710318,-2.67967417518,,,,,,,,,,,,,,,-3.26155532945,-2.38449356536,,,,0.865673712464,,-1.58850050037,,,0.16879584988,,,-1.70927482017,-0.0727166759752,-2.78728701183,,,-1.53347301703,,,-4.91983920597,
BFPC04,"ULK3",ENSG00000140474,4.795717,0.758663723764,-1.81098280342,-1.80868180875,-1.9783297098,-2.042249451280823,-1.41593346767,0.0298172271955,,-1.2319705134,,-2.4143526372,-2.91456502637,,,,,,,,,,,,,,,-3.47565972054,-2.64507248433,,,,1.11325917174,,-1.74592817151,,,-0.0167474284383,,,-1.94538160769,-0.279028356175,-2.92943314107,,,-1.84135094614,,,-4.81309135615,
BLOO01,"ULK3",ENSG00000140474,6.193644,-1.5431288978,-3.06850821758,-2.1953634266,-3.47371832016,-2.5945524175242527,-2.04779616647,-2.12708132768,,-1.86089816261,,-2.59579006272,-3.15964295508,,,,,,,,,,,,,,,-3.56748016265,-2.75411647554,,,,1.19591587852,,-2.28956289269,,,-1.4344939479,,,-2.29673455239,-1.1227265252,-3.82101796065,,,-0.151052831123,,,-3.34469738846,
BLOO02,"ULK3",ENSG00000140474,11.918401,4.52337589909,5.75905164193,4.87087169628,5.93779062074,4.660638471988172,4.66295221663,4.37026514566,,4.62923027766,,4.98312366296,4.9303406799,,,,,,,,,,,,,,,5.9624523418,5.06872654709,,,,-2.62721676994,,5.10736114017,,,4.72501315613,,,4.42944264308,3.26483349999,5.97536185448,,,5.12244998437,,,3.20948706801,
BLOO03,"ULK3",ENSG00000140474,6.611650,4.11248630333,4.88699279475,4.34851082433,4.53549418369,4.189476504278897,4.23677206838,4.4643521134,,4.2721145414,,4.04880160877,4.41490888564,,,,,,,,,,,,,,,4.70111915137,4.30584599493,,,,-2.92843616881,,4.49926287288,,,4.82794638336,,,3.95427129785,3.25833018868,4.30623903443,,,5.17793543078,,,1.8964999328,
BLOO05,"ULK3",ENSG00000140474,7.897052,3.56441600533,5.20946347893,5.02235448736,5.33321581406,5.01135395533623,4.98121737158,3.92180690972,,4.47041341433,,4.89731285817,4.64309088292,,,,,,,,,,,,,,,4.93271884937,5.18267755213,,,,-2.93619070848,,4.74282641267,,,4.30961784806,,,4.30265349079,3.58069467764,4.68810563058,,,5.3451334171,,,1.71184000992,
BLOO19,"ULK3",ENSG00000140474,15.326767,-3.35689583619,-6.24715348012,-6.10278498431,-6.64809980657,-6.26954461585715,-5.67306223857,-3.98411830404,,-4.83448953426,,-5.92327422371,-6.33545771561,,,,,,,,,,,,,,,-7.19243372436,-6.37828476732,,,,2.22063743768,,-6.13959241446,,,-5.38602066674,,,-5.11686002999,-3.43438193936,-6.71189589003,,,-4.34672617999,,,-4.25568550403,
BLOO20,"ULK3",ENSG00000140474,7.547171,5.01610640481,5.38407299122,5.04323885443,5.04650517632,4.76060065128519,4.92592816431,4.89108905378,,5.02884494008,,4.87250894397,4.53893701894,,,,,,,,,,,,,,,4.87407932006,4.98702639311,,,,-2.83726990298,,5.11554128095,,,5.06976668222,,,4.68105711807,4.25903798747,4.62000235534,,,6.04711992091,,,1.0505931371,
BLOO24,"ULK3",ENSG00000140474,8.645546,1.73301183201,3.51366709833,3.64465911161,3.59767421027,3.73548754811843,3.10523184888,1.9677473544,,2.68881624635,,3.89387089273,3.74535550494,,,,,,,,,,,,,,,4.6085268734,4.04359750606,,,,0.414717949769,,3.86063808275,,,2.57781546405,,,2.82894968656,1.68271522267,4.48595157216,,,2.16530830628,,,3.34606555624,
BLOO27,"ULK3",ENSG00000140474,7.715682,-0.356220495436,-1.93905821649,-0.903943191137,-2.67307050518,-0.9744231902021911,-0.784377105887,-0.259418851825,,-0.385483998622,,-1.08027380323,-1.83640158579,,,,,,,,,,,,,,,-2.9483145827,-1.33580350023,,,,0.474503920253,,-1.27544276346,,,-0.541167609551,,,-0.714755169939,0.919698962958,-3.28788550802,,,0.237432583278,,,-4.01797889658,
BLOO28,"ULK3",ENSG00000140474,13.398788,3.09976837998,5.64300474346,5.46160464529,6.07186681162,5.580380338653429,5.18334943136,3.67883618973,,4.45524764267,,5.28469338268,5.76840573163,,,,,,,,,,,,,,,6.35607235532,5.60911335677,,,,-2.52764867524,,5.38348006656,,,4.90079816146,,,4.69960084196,3.21450482869,5.93593373513,,,4.10017827948,,,3.62825605461,
BLOO32,"ULK3",ENSG00000140474,10.103816,-1.93088011791,-4.11702271463,-4.30004202855,-4.29310249909,-4.352611948702341,-3.71295823838,-2.38962414855,,-3.2716245628,,-4.50527962732,-4.45279751509,,,,,,,,,,,,,,,-5.27796568427,-4.68404114428,,,,0.0226081739019,,-4.45521599321,,,-3.25552289948,,,-3.38448936606,-2.01794667737,-5.01478132617,,,-2.99838336372,,,-3.49644023866,
BLOO33,"ULK3",ENSG00000140474,6.825940,-1.91125734126,-3.47953413557,-2.41816169698,-3.85834669413,-3.03743640549482,-2.28920243786,-2.56259548915,,-2.12959935549,,-2.76961521088,-3.17466400796,,,,,,,,,,,,,,,-3.50911418193,-3.0183647885,,,,2.115294075,,-2.45803409359,,,-1.98672988545,,,-2.43616104569,-1.31040923628,-3.63062268437,,,-0.122154089304,,,-3.47276195511,
BLOO34,"ULK3",ENSG00000140474,7.758080,2.19993692029,3.56959200585,2.81462111657,4.19296973326,2.669845815508431,2.31960042572,2.03194013042,,2.32196659386,,3.1631015255,3.47386837965,,,,,,,,,,,,,,,4.46728344366,3.01221354193,,,,-0.793496821306,,2.8697858825,,,1.98950081656,,,2.64834787292,1.46134317686,4.84502847702,,,1.5014542555,,,2.99069329266,
BODY08B,"ULK3",ENSG00000140474,7.040544,-0.616803121658,-2.91341474749,-2.56647706722,-2.75175264736,-2.821156986763205,-1.82752691504,-0.753157746658,,-2.13701650573,,-3.2365233259,-3.58332185052,,,,,,,,,,,,,,,-4.79388992784,-3.47673304953,,,,0.629178511589,,-2.43518514962,,,-0.69558786153,,,-2.94600595811,-1.06747232328,-4.02650688766,,,-1.6771455528,,,-4.13292057512,
BODY08,"ULK3",ENSG00000140474,7.540125,-0.563610634901,-3.00516385287,-2.62576960615,-2.78899757237,-2.9419009945061574,-1.89001509403,-0.855991315973,,-2.23254787294,,-3.30897307147,-3.67778032828,,,,,,,,,,,,,,,-4.93024360011,-3.60583896293,,,,0.755066339787,,-2.45656848033,,,-0.737030499535,,,-3.03336157197,-1.11318760419,-4.06174385344,,,-1.8067667365,,,-4.25481920828,
CHOL21,"ULK3",ENSG00000140474,3.494484,-2.51063790868,-2.75806108964,-2.8744490456,-3.73385839106,-2.8871203339717524,-1.90679424448,-2.43383082424,,-3.10213629052,,-2.81247326841,-3.19866987698,,,,,,,,,,,,,,,-2.50573701343,-3.11882498759,,,,1.35368858359,,-2.95246397176,,,-3.18124099515,,,-2.54602438405,-2.15953273655,-4.78733104649,,,-2.36232643429,,,-3.12692588847,
EDUC03,"ULK3",ENSG00000140474,6.496672,-4.78827866359,-4.89113940363,-5.25916715501,-4.73575819303,-4.885422854586975,-5.1940729458,-4.44967997196,,-4.17365514098,,-3.52684935731,-4.1255245264,,,,,,,,,,,,,,,-4.14365746244,-4.78571211379,,,,2.63530298958,,-5.19275442528,,,-4.47515821368,,,-4.67740598179,-4.66661389658,-3.8858000671,,,-5.3574468069,,,1.39677381767,
ELEC03,"ULK3",ENSG00000140474,6.458022,1.27214030733,-1.87895573995,-1.16269903422,-1.96052143454,-1.4687075743560212,-1.39990760648,-0.0985893752979,,-1.65036076666,,-2.33890134823,-4.93104656831,,,,,,,,,,,,,,,-2.98920874296,-1.69996214131,,,,0.692641504529,,-1.78374902012,,,-0.225332389302,,,-1.33496941459,2.13877464205,-4.63860816794,,,-0.28707274332,,,-7.76899210139,
FATM04B,"ULK3",ENSG00000140474,5.896915,-0.0442801857249,-2.37552937754,-2.30596888212,-2.40969466081,-2.3825288830504876,-1.99039844706,-0.342586108611,,-1.8072732018,,-2.62633409534,-3.12111536345,,,,,,,,,,,,,,,-3.85424400416,-3.04881032293,,,,1.37404170325,,-2.24132515343,,,-0.54975114628,,,-2.4648115068,-0.495717057811,-3.34834808914,,,-2.38559001656,,,-3.68688368714,
FATM04,"ULK3",ENSG00000140474,6.477412,-0.106322439465,-2.5598857338,-2.42229311718,-2.52455188864,-2.5439190049157907,-2.10109728965,-0.526574765432,,-1.97304713708,,-2.74449383811,-3.24702853996,,,,,,,,,,,,,,,-4.03215858873,-3.24118325718,,,,1.54175461233,,-2.32546698294,,,-0.665723414566,,,-2.59410448752,-0.612204474513,-3.44090977227,,,-2.59184964038,,,-3.62005623589,
WAIS01F,"ULK3",ENSG00000140474,5.648011,-2.25759282569,-4.24375132623,-3.58447182561,-3.88240432082,-3.4486471869759496,-3.18588700731,-1.85975545886,,-2.9582360793,,-2.52270715637,-3.48498622459,,,,,,,,,,,,,,,-3.69504511093,-3.86971791097,,,,3.1853639824,,-3.90308228709,,,-3.21132074324,,,-3.10987633901,-1.29392947322,-3.82342991268,,,-3.22382997393,,,-2.64815303786,
WAIS01,"ULK3",ENSG00000140474,5.772293,-3.11723949944,-4.33416080296,-4.14673447211,-4.32850502014,-3.9988468036661113,-3.96146964213,-2.39079024024,,-3.69070087243,,-3.40851588415,-3.95409654235,,,,,,,,,,,,,,,-4.15479193898,-3.9085688398,,,,1.91514914888,,-4.32180483258,,,-3.66228380236,,,-3.9927377092,-2.96255662176,-4.63184714064,,,-3.91250514741,,,-2.85430100876,
WAIS02F,"ULK3",ENSG00000140474,6.179070,-2.0637596296,-4.08138591482,-3.37497782092,-3.66629729128,-3.2564336268330907,-3.01022034285,-1.71887268217,,-2.73232322377,,-2.43961044666,-3.30740182449,,,,,,,,,,,,,,,-3.6239431021,-3.74346649437,,,,3.05717240817,,-3.65302110839,,,-3.04896088904,,,-2.8965225927,-1.0559513708,-3.89461962928,,,-2.99741250789,,,-2.61096349913,
WAIS02,"ULK3",ENSG00000140474,5.627235,-2.86047070709,-4.03971589401,-3.81708743085,-4.01087478555,-3.6208507058632002,-3.69968266287,-2.20286783661,,-3.41985904949,,-3.27355257381,-3.66892347007,,,,,,,,,,,,,,,-3.78130186832,-3.75641741385,,,,1.7849467341,,-4.11615379343,,,-3.46495863949,,,-3.70033099311,-2.65414121306,-4.34065001155,,,-3.53251526546,,,-2.78643096669,
