code,target,ENSEMBL,association,Adipose_Subcutaneous,Adipose_Visceral_Omentum,Breast_Mammary_Tissue,Muscle_Skeletal,DGN_Whole_Blood,Whole_Blood,Artery_Aorta,Artery_Coronary,Artery_Tibial,Heart_Atrial_Appendage,Heart_Left_Ventricle,Spleen,Brain_Amygdala,Brain_Anterior_cingulate_cortex_BA24,Brain_Caudate_basal_ganglia,Brain_Nucleus_accumbens_basal_ganglia,Brain_Putamen_basal_ganglia,Brain_Cerebellar_Hemisphere,Brain_Cerebellum,Brain_Cortex,Brain_Frontal_Cortex_BA9,Brain_Hippocampus,Brain_Hypothalamus,Brain_Spinal_cord_cervical_c-1,Brain_Substantia_nigra,Nerve_Tibial,Cells_Transformed_fibroblasts,Cells_EBV-transformed_lymphocytes,Colon_Sigmoid,Colon_Transverse,Esophagus_Gastroesophageal_Junction,Esophagus_Mucosa,Esophagus_Muscularis,Liver,Minor_Salivary_Gland,Small_Intestine_Terminal_Ileum,Stomach,Adrenal_Gland,Pituitary,Pancreas,Thyroid,Lung,Ovary,Prostate,Testis,Uterus,Vagina,Skin_Not_Sun_Exposed_Suprapubic,Skin_Sun_Exposed_Lower_leg
BLOO06,"C6orf164",ENSG00000203871,12.446639,-7.34951383368,-7.55956786732,-6.37663155865,-7.71393971398,-7.692432037533167,-4.93203822066,-4.85490033677,-7.28473281393,-7.38216899263,-5.22435772018,,-6.37470663059,,,0.969481094931,,,,,,,,,,,-7.22375074081,-5.04632044816,-7.34029302883,-5.83977140994,-7.13879554696,-7.89877233992,-6.58045846585,-7.05830202329,,,-5.99458063594,-7.74488515948,-6.99921912246,,-7.81446568038,-7.60433268378,-7.83702419393,-6.78561254615,-6.00479569252,-4.97647303993,,-5.96467882736,-7.66233399602,-7.77492082662
BLOO09,"C6orf164",ENSG00000203871,9.224324,-6.82706649625,-7.05456819658,-5.83276082267,-7.14442357428,-7.147871320236274,-4.48238290393,-4.51906144843,-6.72604978191,-6.91196235007,-4.71110190648,,-5.87397370028,,,1.15940925403,,,,,,,,,,,-6.73256400106,-4.5434367827,-6.83299434669,-5.51979782996,-6.60655137196,-7.44456251054,-6.14919538252,-6.55151603921,,,-5.60976929414,-7.23922280269,-6.51759001913,,-7.26092691281,-7.08064185503,-7.30560884048,-6.39932136728,-5.54292874169,-4.51693177482,,-5.51233386965,-7.10522229659,-7.22069267538
BLOO10,"C6orf164",ENSG00000203871,7.191667,-6.49995052249,-6.75219219126,-5.61151890654,-6.81794498376,-6.82858390134553,-4.08629455086,-4.30431858591,-6.27452752783,-6.64017531622,-4.34946948679,,-5.47844817172,,,1.32670839622,,,,,,,,,,,-6.46358127337,-4.29902213914,-6.4739174449,-5.2586496828,-6.32344878191,-7.16747201263,-6.01892258487,-6.23385712319,,,-5.37483283663,-6.94513874671,-6.16024874819,,-6.92523337978,-6.81297875476,-6.98547410336,-6.11818345808,-5.31532562126,-4.20932019156,,-5.33329206908,-6.80169602785,-6.87991760475
BLOO12,"C6orf164",ENSG00000203871,4.740096,-5.59059531797,-5.998317328,-4.78955447899,-5.87337883214,-5.789173374746585,-2.8496019292,-3.74357827859,-5.30461695681,-5.64695955333,-3.66712126212,,-4.5483854483,,,1.0360139031,,,,,,,,,,,-5.52825751306,-3.84965638535,-5.58578248579,-4.65822487976,-5.34989363039,-6.06530640371,-5.41370828037,-5.50589514271,,,-4.73481543459,-5.86833234097,-4.96295925259,,-5.9995909209,-6.01564787421,-6.03660818666,-5.51479703268,-4.80308062663,-3.53412992487,,-4.32454087288,-5.8062409604,-5.93325609815
BLOO13,"C6orf164",ENSG00000203871,9.706814,-7.20550810627,-7.42241381977,-6.23604503899,-7.58087925169,-7.555507387223397,-4.84380903525,-4.88132252714,-7.1562951957,-7.28386777803,-5.06697826339,,-6.22326673527,,,0.983019467212,,,,,,,,,,,-7.0874891688,-4.95810373241,-7.16112656934,-5.72068188268,-7.03537365469,-7.70784310678,-6.40868654654,-6.9637105936,,,-5.89135225324,-7.59458368089,-6.82612248417,,-7.68361451463,-7.44139410721,-7.70497380677,-6.65591664975,-5.92280471391,-4.90075478923,,-5.91312841243,-7.5232143241,-7.63428349934
BLOO17,"C6orf164",ENSG00000203871,7.776868,5.85124789328,6.44031402391,5.56430296404,6.35999157074,6.185630758924282,3.82782878977,5.58630972494,6.37838808824,6.09364831801,4.99876015851,,5.77498576372,,,0.132764001804,,,,,,,,,,,6.24160457944,5.38883917129,6.01439026742,4.69116247647,5.99782749702,6.23243302898,5.47488740467,5.97395920666,,,4.6647336216,6.42989317768,5.56890356707,,6.30114402827,6.42108342316,6.3707529296,5.92090662122,5.10585727599,4.6392032987,,5.33970068511,6.29345610746,6.36203777326
BLOO18,"C6orf164",ENSG00000203871,11.648958,6.7067565875,7.24687859893,6.32093457315,7.23828010581,7.1313789623619295,4.71486437009,5.98474847278,7.30780080126,6.88841246981,5.61503835164,,6.66362220338,,,0.10688579935,,,,,,,,,,,7.07577409016,5.85230552037,6.88752751789,5.46233843049,6.86918748673,7.15106539932,6.03781394779,6.87165180868,,,5.35320789807,7.35693491268,6.43062247277,,7.18374288357,7.24076963133,7.29106936404,6.62591461693,5.73043899624,5.23785681423,,6.09914105826,7.23794831934,7.25479010965
BLOO19,"C6orf164",ENSG00000203871,10.728019,-6.74223098153,-6.89139913672,-5.55131451013,-6.84213312913,-6.811871088363593,-5.78752695215,-3.63457640405,-7.29994975068,-6.37774190093,-5.75429439792,,-6.36659566607,,,-0.0157679517649,,,,,,,,,,,-6.52883718647,-4.94578656295,-6.89979874703,-5.2197390249,-6.26743071028,-6.96187847898,-5.38173947867,-6.54209984554,,,-5.63019765009,-6.93458969404,-6.4424812352,,-6.9586202102,-6.62537729527,-7.12024169751,-6.31066897771,-5.54255804399,-4.80859824239,,-5.04839999365,-6.7878580089,-6.93267132218
BLOO24,"C6orf164",ENSG00000203871,6.509395,5.03608984765,4.82195706006,4.77863142727,5.69394292204,5.828969469122423,4.4191688415,2.99960334318,5.62956110925,5.12786245543,4.02711567409,,5.15760444611,,,-0.760827116842,,,,,,,,,,,4.97368715072,3.26620834534,5.29887069963,4.08814784776,5.33217353211,5.58064121906,4.36400812362,5.52226258611,,,4.13621673804,5.54421987681,5.64743899157,,5.71254445598,5.17792641167,5.51480927092,4.24225087277,4.18487224569,3.86478439716,,4.49447720664,5.69886673031,5.76305848969
BLOO28,"C6orf164",ENSG00000203871,6.242718,5.77916854974,5.86276845914,4.45507821756,5.55451787199,5.484958856836051,4.74269801214,2.88922211944,6.06328287314,5.27646922382,4.91798409697,,5.16022119872,,,0.543467579556,,,,,,,,,,,5.52514902744,4.52986478404,5.77777731529,4.14582832087,5.06496673196,5.60846002594,4.56543179901,5.37704191704,,,4.92518864247,5.68914816017,4.99325451253,,5.67189726144,5.54568974838,5.93191141396,5.43378082182,4.78841516189,3.89001844494,,3.99303931374,5.5047540046,5.67632893477
BLOO30,"C6orf164",ENSG00000203871,9.363753,-6.93264196483,-7.17583036238,-5.93732767484,-7.23775625633,-7.237219317121694,-4.52211786631,-4.4904531648,-6.80321957017,-6.97010232024,-4.84256497401,,-6.00606473079,,,1.13838985176,,,,,,,,,,,-6.83597010215,-4.60414181632,-6.97078875156,-5.59964178204,-6.66324105355,-7.60161460138,-6.25688021596,-6.61877167599,,,-5.68311419732,-7.35118793933,-6.64147531926,,-7.35272138279,-7.19446631616,-7.40012665583,-6.49787214739,-5.59136741097,-4.55702454909,,-5.51866367112,-7.1995741724,-7.31179050046
BLOO31,"C6orf164",ENSG00000203871,12.161850,-7.17730887983,-7.57072602498,-6.87811727738,-7.86249127441,-7.84241392681276,-5.27345496897,-6.27322879487,-7.83257496754,-7.01548011805,-5.95574696761,,-7.40683525954,,,-0.00504957472007,,,,,,,,,,,-7.35919940083,-6.02936577117,-7.46551703914,-5.80198151871,-7.59141085734,-7.72669852728,-6.45668299793,-7.37229455225,,,-5.95553744565,-7.82996499275,-7.02779812657,,-7.85158825074,-7.76143969127,-7.81549304484,-6.97011402615,-5.96162056567,-5.82037478489,,-6.77622107648,-7.87793164955,-7.94742336398
BLOO32,"C6orf164",ENSG00000203871,13.833037,-7.10350427316,-6.90845872777,-6.46190541739,-7.67002924897,-7.792970929240633,-5.97164413069,-4.5530190644,-7.72291070461,-6.95257244816,-5.71085514043,,-6.99591901346,,,0.373783773781,,,,,,,,,,,-6.9719309917,-5.13246687589,-7.23189735205,-5.63832563183,-7.18571953246,-7.54186325161,-5.98162068768,-7.26991999944,,,-5.76658331203,-7.55663826825,-7.32074689612,,-7.70893482789,-7.19724366263,-7.59772799676,-6.12611282951,-5.74890140595,-5.39553768806,,-6.05536037598,-7.65097710367,-7.74998250939
EDUC03,"C6orf164",ENSG00000203871,11.194649,-0.779710716634,0.984251435019,-2.37470942052,-2.67294771864,-2.721341693538555,-3.2392292329,0.355571350395,-2.62457373499,0.149897921405,-0.367621950286,,-0.496546646862,,,-1.86113419151,,,,,,,,,,,0.492366938347,-0.501859802591,-1.21820402093,-1.2403231394,-2.42823379803,0.452210368778,-0.344820048504,-2.60382619162,,,-0.303408979019,-0.0269050089936,-0.0652641920321,,-2.72603231257,-0.736825545802,-1.12699235287,0.732346251829,-1.66326589427,-4.04553930689,,-1.54353039714,-1.97473296254,-2.71896109078
