code,target,ENSEMBL,association,Adipose_Subcutaneous,Adipose_Visceral_Omentum,Breast_Mammary_Tissue,Muscle_Skeletal,DGN_Whole_Blood,Whole_Blood,Artery_Aorta,Artery_Coronary,Artery_Tibial,Heart_Atrial_Appendage,Heart_Left_Ventricle,Spleen,Brain_Amygdala,Brain_Anterior_cingulate_cortex_BA24,Brain_Caudate_basal_ganglia,Brain_Nucleus_accumbens_basal_ganglia,Brain_Putamen_basal_ganglia,Brain_Cerebellar_Hemisphere,Brain_Cerebellum,Brain_Cortex,Brain_Frontal_Cortex_BA9,Brain_Hippocampus,Brain_Hypothalamus,Brain_Spinal_cord_cervical_c-1,Brain_Substantia_nigra,Nerve_Tibial,Cells_Transformed_fibroblasts,Cells_EBV-transformed_lymphocytes,Colon_Sigmoid,Colon_Transverse,Esophagus_Gastroesophageal_Junction,Esophagus_Mucosa,Esophagus_Muscularis,Liver,Minor_Salivary_Gland,Small_Intestine_Terminal_Ileum,Stomach,Adrenal_Gland,Pituitary,Pancreas,Thyroid,Lung,Ovary,Prostate,Testis,Uterus,Vagina,Skin_Not_Sun_Exposed_Suprapubic,Skin_Sun_Exposed_Lower_leg
BLOO26,"RGS19",ENSG00000171700,6.456143,3.86155962587,3.92350344174,4.5849878252,4.31968722635,1.753313228137486,,4.54156807446,3.13700034397,3.15578435587,4.14152684912,3.93760663717,,,,,,,4.39757024447,4.02083909491,,,,,,,3.29184900139,4.32154026598,,4.31781232331,4.03407795261,3.94569627327,4.40355057655,4.23213530929,4.2757715423,4.31933075706,,4.30311390331,3.83218183012,4.33637102136,3.42289796926,3.7490997527,,,,,,3.22186296002,4.31718961917,4.46974544089
BLOO27,"RGS19",ENSG00000171700,9.858143,4.81567568289,5.10572790597,5.21208156316,5.38626239304,2.4250210402099506,,5.44087083674,3.87396304125,4.38624843297,4.74017540188,5.11412372239,,,,,,,5.53852164042,5.25032804458,,,,,,,4.09035218067,5.32965588067,,5.14494809616,5.2905636945,4.87398455359,5.40961716046,5.26053897297,4.85161089626,5.2134747758,,5.21661506504,4.92004446434,5.07342915287,4.3453136751,4.97562958134,,,,,,4.17222620631,5.60300847947,5.45178869334
BODY03,"RGS19",ENSG00000171700,5.861098,2.50973204477,2.697354634,2.96805068522,3.60985100569,-0.1186367503052571,,2.16404927696,2.78743569333,2.64108266613,2.57088952378,2.92693920515,,,,,,,3.66869381567,3.30302908066,,,,,,,3.42613066194,3.34258336505,,2.73154942897,4.11766078504,4.24878417473,3.29454490972,3.25618579842,2.44126283763,3.04847931862,,3.14253955169,0.751451912024,2.57873926402,2.26522348064,3.21349320989,,,,,,2.87343826996,3.68128311925,3.67680338217
BODY04,"RGS19",ENSG00000171700,6.129432,2.70557827858,2.96386312994,3.15066222225,3.88878883603,-0.1094510052556145,,2.30936602332,2.97369229383,2.85002585069,2.77552840219,3.14440565449,,,,,,,3.9047929715,3.54576416651,,,,,,,3.61646885942,3.56069693773,,2.89322480031,4.35370487059,4.42455332744,3.51717859718,3.49319297976,2.53703527516,3.28616476059,,3.37882504983,0.754008056521,2.77814043631,2.40252093347,3.44874642932,,,,,,3.06804846132,3.95589565612,3.96498635226
BODY08B,"RGS19",ENSG00000171700,5.707412,2.38400969455,2.29955734565,2.88004403734,3.80955154117,1.7462622366402094,,3.0048860413,3.06228371745,4.47123467255,2.0411936809,2.98934476368,,,,,,,3.50661935147,3.7122362105,,,,,,,2.26402150644,3.66119651805,,2.74517565713,4.34880936971,3.99157491346,3.7789810126,3.49668178997,1.73370377942,3.49639898087,,3.6448497206,3.08012492647,2.15606623129,2.76611016912,3.62310503068,,,,,,2.74938347506,3.78580332623,3.72255178011
BODY08,"RGS19",ENSG00000171700,5.970860,2.45311383411,2.34740476288,2.86102358048,3.87552561467,1.7759242684845027,,2.9857275323,3.11604874074,4.60180298793,2.08329971277,3.05612922432,,,,,,,3.54766491777,3.79697730998,,,,,,,2.40851847629,3.7061672828,,2.95996388808,4.32934825276,4.03714464691,3.83194931474,3.56686701575,1.7578984188,3.52243297673,,3.67595904779,3.05728574249,2.2016679956,2.80793159681,3.78520930925,,,,,,2.84244014317,3.85490535257,3.81685288062
HEAR01,"RGS19",ENSG00000171700,6.115120,-0.382673248619,-0.420236898694,1.23567255414,-1.35442167382,-0.6329324689865768,,0.64745051042,-0.648968940756,0.382957867059,-2.28845484521,-0.33989378943,,,,,,,-0.169120910605,-0.374741886893,,,,,,,-0.408068056123,0.254133142908,,1.51547928657,-0.410190418489,-0.169652818885,-1.02182388439,-1.1035400426,-1.18495818893,,,,1.42280274923,-1.38036318625,-1.32674249989,0.487930428672,,,,,,-0.558732216523,0.587871388152,-1.56745464255
INFB01,"RGS19",ENSG00000171700,1.569683,2.64831840547,2.16779493038,1.08166900839,2.99463186647,1.5633656012877393,,1.89082750851,-0.352667021041,5.01538976085,1.82631346594,1.82269553372,,,,,,,2.19592894104,2.63466687201,,,,,,,1.69551761091,2.04387539562,,2.08035934994,1.63889075298,2.27783123014,2.69494990488,2.12691115634,0.274994129489,2.7139786674,,2.70422837778,2.19247671289,2.76854602543,1.99055854874,1.82405837255,,,,,,3.47285652704,2.60738734961,2.76204721086
MENA02F,"RGS19",ENSG00000171700,5.912538,-2.17856481923,-3.02107261899,-1.65183379266,-2.55251990283,1.3093187145905707,,-2.23487144862,-1.31632491565,-2.14320727938,-1.14270217265,-2.57378346652,,,,,,,-2.60848413485,-3.02976351278,,,,,,,-0.373531776298,-2.70112733677,,-1.09174484252,-3.61091111586,-1.95042680534,-2.55535607183,-2.22293239882,-2.18946584063,-2.12813701456,,-2.22096838853,-2.08752900398,-2.28348207737,-1.95513070395,-0.843602859332,,,,,,-2.29647717376,-3.58505557923,-2.38161786665
