code,target,ENSEMBL,association,Adipose_Subcutaneous,Adipose_Visceral_Omentum,Breast_Mammary_Tissue,Muscle_Skeletal,DGN_Whole_Blood,Whole_Blood,Artery_Aorta,Artery_Coronary,Artery_Tibial,Heart_Atrial_Appendage,Heart_Left_Ventricle,Spleen,Brain_Amygdala,Brain_Anterior_cingulate_cortex_BA24,Brain_Caudate_basal_ganglia,Brain_Nucleus_accumbens_basal_ganglia,Brain_Putamen_basal_ganglia,Brain_Cerebellar_Hemisphere,Brain_Cerebellum,Brain_Cortex,Brain_Frontal_Cortex_BA9,Brain_Hippocampus,Brain_Hypothalamus,Brain_Spinal_cord_cervical_c-1,Brain_Substantia_nigra,Nerve_Tibial,Cells_Transformed_fibroblasts,Cells_EBV-transformed_lymphocytes,Colon_Sigmoid,Colon_Transverse,Esophagus_Gastroesophageal_Junction,Esophagus_Mucosa,Esophagus_Muscularis,Liver,Minor_Salivary_Gland,Small_Intestine_Terminal_Ileum,Stomach,Adrenal_Gland,Pituitary,Pancreas,Thyroid,Lung,Ovary,Prostate,Testis,Uterus,Vagina,Skin_Not_Sun_Exposed_Suprapubic,Skin_Sun_Exposed_Lower_leg
BFPC04B,"PPIA",ENSG00000196262,6.345833,-1.65479960737,1.52410633384,1.88709895638,-3.11904360157,-3.861661377469399,,,,,,,,,,,,,-1.19674672162,-3.19716569568,,,,,,,-1.70150504318,-0.79675153906,,,,,0.274658219898,2.73650889475,,,,,0.0420912400102,,-0.342187048407,-0.969088881335,-1.22289784238,,,,1.65523949306,,1.68776078945,2.85130520504
BFPC04M,"PPIA",ENSG00000196262,8.030850,-1.62470940914,2.00960190643,2.32292203253,-2.90436686418,-3.8299699166222556,,,,,,,,,,,,,-0.971953639229,-3.14933298591,,,,,,,-1.75383585828,-0.761153935788,,,,,0.476859402123,2.79018374282,,,,,-0.552827994662,,0.0462954637815,-0.782841224347,-0.659794894836,,,,1.58940006097,,1.62666768315,2.25330184952
BFPC04,"PPIA",ENSG00000196262,5.847467,-1.62158113515,1.31495626517,1.64208202939,-3.05612493008,-3.687495218825885,,,,,,,,,,,,,-1.2651790309,-3.09709770829,,,,,,,-1.65835658171,-0.814230869604,,,,,0.149768372294,2.4562540015,,,,,0.130504207513,,-0.471716674967,-1.02335730235,-1.3268153033,,,,1.56849717715,,1.61376197031,2.80759155696
BLOO01,"PPIA",ENSG00000196262,16.880118,2.69542625717,1.8258364711,0.367328427931,0.750150112022,-2.850831618661358,,,,,,,,,,,,,-0.562270535629,-0.0561708690784,,,,,,,2.10724386055,0.564595671568,,,,,4.01789824531,1.32656538955,,,,,0.560740789296,,0.69451845449,3.33865851309,2.52130697865,,,,-1.02094408729,,4.54660923513,1.45466623188
BLOO02,"PPIA",ENSG00000196262,20.231340,1.63646781972,1.41569126302,-1.10953706186,0.356709210028,-1.9860975752606156,,,,,,,,,,,,,0.46238413217,-0.210494504688,,,,,,,0.907336551806,-0.061651302322,,,,,2.40026144361,-0.0769535719142,,,,,0.739498718317,,0.986838273201,1.91409164078,1.77364523564,,,,-0.703823692314,,4.90556590738,0.975423423085
BLOO06,"PPIA",ENSG00000196262,6.997661,2.85031157135,1.89331302747,-0.462807593115,1.92541278258,0.010762863342942592,,,,,,,,,,,,,1.41567930504,2.02391570222,,,,,,,2.52502892505,0.797838009255,,,,,2.31108993285,0.579694218725,,,,,1.59263712607,,1.22302469468,3.94767028291,1.81660722992,,,,-0.735857683454,,3.24011988565,0.442566055849
BLOO09,"PPIA",ENSG00000196262,7.718217,2.62784091902,1.98854405252,-0.602679824494,1.70256810306,-0.24663064695889905,,,,,,,,,,,,,1.58452157497,1.88482805081,,,,,,,2.32897577621,0.745392699188,,,,,2.2398007031,0.407363941704,,,,,1.48290285945,,1.19696795818,3.68559718129,1.69379901346,,,,-0.638220377203,,3.11325705322,0.377894085061
BLOO10,"PPIA",ENSG00000196262,6.990039,2.3662346019,2.01073301039,-0.38364805309,1.42662277111,-0.5782213880880327,,,,,,,,,,,,,1.54334788611,1.49544041607,,,,,,,2.09599561885,0.665786072105,,,,,2.15660533324,0.508973735161,,,,,1.17868792565,,1.0719446513,3.39456591909,1.58478087052,,,,-0.592050526242,,3.10098399179,0.450751406062
BLOO12,"PPIA",ENSG00000196262,7.171495,1.76437950835,1.18897155481,-0.599765257433,1.07954063473,-0.748652315095663,,,,,,,,,,,,,1.84241334423,0.914483295601,,,,,,,1.30291966677,-0.287701003991,,,,,1.61179131965,0.0327570777618,,,,,1.03429030702,,1.15189385656,2.89410843011,1.02654838072,,,,-0.287340251278,,2.67017141924,-0.0691569050345
BLOO13,"PPIA",ENSG00000196262,6.497041,2.86947908597,1.99628493911,-0.556267869841,1.9152096158,-0.04646241758684037,,,,,,,,,,,,,1.50298663818,2.07268460643,,,,,,,2.55783504444,0.91273600655,,,,,2.39634451795,0.512178248805,,,,,1.69095396296,,1.27119109159,3.96620688149,1.90827673067,,,,-0.685579550078,,3.24607926672,0.496996629846
BLOO25,"PPIA",ENSG00000196262,8.676253,0.510189896443,-1.18498700273,-1.16516558953,2.29195230127,3.866011218617944,,,,,,,,,,,,,-0.86428268114,2.66636883131,,,,,,,0.779283683355,0.362925340982,,,,,-1.74434975941,-2.13220777892,,,,,1.41889256199,,1.93550207687,-0.548559766269,-0.144506698992,,,,0.40432855565,,-3.41634473405,-0.326068819061
BLOO26,"PPIA",ENSG00000196262,27.046680,-1.11112912926,-0.00677708478206,0.753134778644,1.47589853378,4.002121792261911,,,,,,,,,,,,,0.281134229606,0.881035430454,,,,,,,0.0434032535878,0.882573540185,,,,,-2.50589149086,0.0140937127836,,,,,-0.806711991343,,0.688253757219,-2.34470236232,0.202516511852,,,,1.19826359044,,-6.25412285684,-1.77394266313
BLOO27,"PPIA",ENSG00000196262,21.091708,-1.59378050508,0.155982862823,1.53421445386,0.42771779984,2.7193142716284795,,,,,,,,,,,,,0.846789110262,-0.197660959846,,,,,,,-0.484793384102,0.788552496308,,,,,-2.18609648228,0.686690911622,,,,,-1.89129468181,,-0.239714361884,-2.50761570572,0.341921713435,,,,1.10621532996,,-5.23817241997,-2.05514365597
BLOO29,"PPIA",ENSG00000196262,11.433775,-0.665080522014,0.241086949163,-1.06385249769,-3.19361291594,-4.364354445209043,,,,,,,,,,,,,-0.962163976262,-3.15559549111,,,,,,,-1.87392414398,-1.19694719249,,,,,0.514564974104,0.301203266139,,,,,0.785166459432,,-1.57255242478,-0.000682764806773,-2.25767663951,,,,0.572665318539,,3.21732286527,1.07423983355
BLOO30,"PPIA",ENSG00000196262,6.089322,2.57954566242,1.93415731834,-0.501254325597,1.6465181511,-0.26788779069639324,,,,,,,,,,,,,1.48911125495,1.78209321639,,,,,,,2.26813210868,0.603746994709,,,,,2.16547903847,0.511623273749,,,,,1.37253542576,,1.17002735172,3.66191046442,1.58368243393,,,,-0.713277789217,,3.10196370594,0.354245768023
BLOO33,"PPIA",ENSG00000196262,31.834044,2.99635932102,2.24491455592,-0.00253855409984,-0.693156077578,-5.397359245550682,,,,,,,,,,,,,-0.784502586858,-1.4210305785,,,,,,,1.62725784297,0.114471631113,,,,,5.06239386765,1.86869152995,,,,,1.24676463596,,-0.00444100788467,4.07233319899,1.98596557569,,,,-0.913595322842,,7.29505746607,2.46812172675
BODY08B,"PPIA",ENSG00000196262,8.785395,-2.06093483761,0.878712071429,2.42750175927,-3.24002500351,-3.846381680011784,,,,,,,,,,,,,-1.46739902857,-3.22605401307,,,,,,,-1.96786735103,-0.504628604653,,,,,-0.64142008661,1.91047698279,,,,,-0.565308965221,,-0.798058386319,-1.04867931544,-0.551646805966,,,,1.67784742933,,1.83966397966,1.37920817823
BODY08M,"PPIA",ENSG00000196262,9.746420,-1.95765144522,1.45596524264,2.74123837463,-2.89765253307,-3.879407832494389,,,,,,,,,,,,,-0.986099807886,-3.1247731537,,,,,,,-1.90445979657,-0.364465097555,,,,,-0.102865029114,2.25591178702,,,,,-1.01507440352,,-0.381770748685,-0.834704181021,-0.0599062051633,,,,1.72880971564,,1.84186067113,1.06328305402
BODY08,"PPIA",ENSG00000196262,7.556909,-2.05956513019,0.654166770141,2.21443946759,-3.21882166101,-3.6823520336571205,,,,,,,,,,,,,-1.51825130115,-3.11523275475,,,,,,,-1.95257050304,-0.568386879061,,,,,-0.818364562204,1.62965906006,,,,,-0.486514366755,,-1.03248692753,-1.15896710513,-0.687206595455,,,,1.51734839938,,1.74471622449,1.3535629431
EDUC01,"PPIA",ENSG00000196262,6.573310,-0.591641458408,-1.63906907164,-0.804971416216,-0.045283880826,2.911828728966551,,,,,,,,,,,,,2.58198811191,0.00861536429514,,,,,,,-0.929668623984,-0.640539800741,,,,,-2.19490894594,-2.07901515012,,,,,-1.69179059736,,-0.640589012608,-1.27482188547,-0.542830637797,,,,-1.00339349766,,-2.69333307705,-1.04036677125
EDUC02,"PPIA",ENSG00000196262,5.836868,-0.0643829319843,-0.955416772582,-1.02784350434,0.487307644702,2.2499894072173396,,,,,,,,,,,,,-0.380593142952,0.378357639612,,,,,,,-0.0124425112074,-0.0488452452978,,,,,-0.799299415998,0.213227069742,,,,,-0.667895187354,,0.108947290367,0.174578259028,0.0606668391239,,,,-0.231520863385,,-2.28876793315,0.99946403674
FATM04B,"PPIA",ENSG00000196262,8.689795,-2.2844784332,1.18138650024,1.82517995687,-3.86793548716,-4.435434281768067,,,,,,,,,,,,,-1.56429315725,-3.61344717467,,,,,,,-2.49990282062,-0.917195325336,,,,,-0.38805341988,2.88632179957,,,,,-0.0957527514,,-0.631569657697,-1.35680549874,-1.60209871158,,,,1.86755011017,,1.84292934688,2.17894168541
FATM04M,"PPIA",ENSG00000196262,8.627456,-2.19716052281,1.83580554319,1.87671576415,-3.34355098746,-4.226970093497827,,,,,,,,,,,,,-0.996076916984,-3.38248493065,,,,,,,-2.39820399402,-0.8988533106,,,,,-0.145633866304,2.82276139969,,,,,-0.453853970393,,-0.294994744082,-1.24001947127,-1.08121463146,,,,1.77838491712,,1.63919561338,1.60429689932
FATM04,"PPIA",ENSG00000196262,7.228640,-2.22499074372,0.953072179506,1.70146087042,-3.84088002453,-4.272816101063834,,,,,,,,,,,,,-1.67467575887,-3.52275950982,,,,,,,-2.43642095904,-0.91014778084,,,,,-0.469898416402,2.65088435341,,,,,-0.0629283178339,,-0.771172379745,-1.37352470207,-1.65803164606,,,,1.74162450551,,1.78705210965,2.190986613
GLYC19M,"PPIA",ENSG00000196262,0.900492,-1.01980650536,-1.01219586083,-0.104831382877,-0.59362212239,0.45218436644818366,,,,,,,,,,,,,1.15422905101,0.588782229239,,,,,,,-1.50320977099,-1.93521093232,,,,,-1.89708616586,-6.12369547419,,,,,-2.54796745599,,-0.297668732739,-1.30735262758,-0.48278680987,,,,-1.46042773867,,-1.38409198986,-2.56681056768
GLYC19,"PPIA",ENSG00000196262,0.786296,-1.4570677774,-1.26740574626,0.343212770794,-1.91194093893,-1.2359216829645288,,,,,,,,,,,,,-0.921780151512,-0.849962746472,,,,,,,-2.17841896176,-1.87522908175,,,,,-2.39927053736,-6.16705774542,,,,,-2.84210048694,,-1.30718517944,-2.17327665461,-1.65225756118,,,,-1.45328834071,,-0.824079290778,-2.67612005891
GLYC35,"PPIA",ENSG00000196262,0.468853,-1.10341031882,-0.771053896448,1.32222814367,-1.51128389786,-1.8499332306968677,,,,,,,,,,,,,-0.0422114326257,-0.637828704241,,,,,,,-1.32254821517,-1.66685352001,,,,,-1.06294295604,-5.34751471359,,,,,-2.04849733897,,-1.62636801527,-1.06960176162,-2.25115586268,,,,-1.90481148111,,-0.122951022317,-1.58388626268
LEAN06,"PPIA",ENSG00000196262,5.677698,-2.99067327018,0.198647377205,1.04283352537,-4.54764025126,-4.553409225550688,,,,,,,,,,,,,-0.926203344008,-3.62958733166,,,,,,,-3.36778630154,-1.01464007187,,,,,-1.41766329287,2.23004025843,,,,,-1.20239266365,,-1.59203846424,-2.05166265317,-1.47757987623,,,,1.36347550912,,1.37319805879,0.526977815369
