code,target,ENSEMBL,association,Adipose_Subcutaneous,Adipose_Visceral_Omentum,Breast_Mammary_Tissue,Muscle_Skeletal,DGN_Whole_Blood,Whole_Blood,Artery_Aorta,Artery_Coronary,Artery_Tibial,Heart_Atrial_Appendage,Heart_Left_Ventricle,Spleen,Brain_Amygdala,Brain_Anterior_cingulate_cortex_BA24,Brain_Caudate_basal_ganglia,Brain_Nucleus_accumbens_basal_ganglia,Brain_Putamen_basal_ganglia,Brain_Cerebellar_Hemisphere,Brain_Cerebellum,Brain_Cortex,Brain_Frontal_Cortex_BA9,Brain_Hippocampus,Brain_Hypothalamus,Brain_Spinal_cord_cervical_c-1,Brain_Substantia_nigra,Nerve_Tibial,Cells_Transformed_fibroblasts,Cells_EBV-transformed_lymphocytes,Colon_Sigmoid,Colon_Transverse,Esophagus_Gastroesophageal_Junction,Esophagus_Mucosa,Esophagus_Muscularis,Liver,Minor_Salivary_Gland,Small_Intestine_Terminal_Ileum,Stomach,Adrenal_Gland,Pituitary,Pancreas,Thyroid,Lung,Ovary,Prostate,Testis,Uterus,Vagina,Skin_Not_Sun_Exposed_Suprapubic,Skin_Sun_Exposed_Lower_leg
BLOO01,"SIDT2",ENSG00000149577,6.927530,,,,,4.180006294825511,4.37006975647,,,,,,3.7949955994,,,,2.25380262272,,,,,,,0.0840658936096,,,2.61982851823,,1.83020046761,,3.85357040898,,-2.16275081772,4.50799665111,,5.81310919618,4.50213939335,4.46735083962,2.87860516391,,4.56691484818,4.78402052639,4.05686165122,,,,,,,
BLOO07,"SIDT2",ENSG00000149577,8.788746,,,,,2.0729498049771373,2.03220812681,,,,,,3.71647953683,,,,1.1865615689,,,,,,,0.495885324423,,,2.40435833075,,-0.845223491767,,1.50750857409,,3.86283485847,2.27620064257,,0.618749962661,-0.921261332629,-0.596134666408,1.65003252518,,1.79185452038,0.68335090545,1.15914843385,,,,,,,
BLOO16,"SIDT2",ENSG00000149577,6.983844,,,,,2.7488079945621475,2.72125375091,,,,,,4.16606371119,,,,1.43000093057,,,,,,,1.04205630343,,,2.77924726253,,-0.63031545475,,2.35243733771,,3.21582949728,2.91868799493,,1.48427447563,0.0947965965471,0.424093293555,2.22436781994,,2.5056878246,1.76916151827,1.91108088317,,,,,,,
BLOO17,"SIDT2",ENSG00000149577,6.828303,,,,,1.3050165422606552,1.26429656183,,,,,,3.07888634605,,,,0.421339749997,,,,,,,-0.22505234986,,,2.03552410604,,-1.21852304694,,1.49429958327,,3.90083312932,1.65692702341,,-0.0621497299354,-1.12166565183,-1.02708163976,0.839924594563,,1.05516137501,-0.0928412086399,0.569622286387,,,,,,,
BLOO18,"SIDT2",ENSG00000149577,5.983928,,,,,1.056917534093256,1.00675247663,,,,,,2.78701918795,,,,0.0119924544892,,,,,,,-0.362124362454,,,1.87630852266,,-1.09977457882,,1.56757962806,,3.66076821615,1.38211359384,,-0.0651973531903,-1.12275518278,-1.0944282008,0.547676915965,,0.786518949399,-0.212653889884,0.366623747676,,,,,,,
BLOO29,"SIDT2",ENSG00000149577,9.551201,,,,,-3.64930438504504,-3.71478611917,,,,,,-3.10051217924,,,,-0.103493076771,,,,,,,-0.764346083306,,,-2.0019783145,,-1.63339182051,,-3.51499580479,,1.02996052544,-3.99199515472,,-3.73695318758,-5.19758751973,-3.88710810544,-2.9746090342,,-3.92513356572,-4.32471799722,-3.92546190932,,,,,,,
BLOO33,"SIDT2",ENSG00000149577,3.377662,,,,,3.119770114741164,3.33068177326,,,,,,2.84746424324,,,,2.57848412183,,,,,,,-0.291635417465,,,2.24534428838,,1.32797719473,,2.61566254867,,-1.70644252934,3.26907705208,,4.73240494502,2.46171665928,3.20114156542,1.76869168259,,3.37908349885,3.33971235448,2.79987717926,,,,,,,
BLOO34,"SIDT2",ENSG00000149577,7.366299,,,,,-3.0083371747589545,-3.09808293308,,,,,,-3.34210570592,,,,-2.1462851379,,,,,,,-3.19346058114,,,-4.22461372197,,-2.16667043915,,-0.724882330285,,-0.117935035424,-3.05863121656,,-3.41759439902,-1.63339219415,-1.18187730098,-1.41720563065,,-2.93610326142,-3.21706558493,-2.39203139252,,,,,,,
BODY08,"SIDT2",ENSG00000149577,6.808912,,,,,1.0375740153654276,0.999083572842,,,,,,2.4077052139,,,,-0.238583013499,,,,,,,2.3041153439,,,2.527495609,,-2.31127151823,,1.49424778538,,4.24716423906,0.935045095697,,-0.148434731612,-1.60259886687,-1.48834561203,-0.370135619456,,0.712011136417,0.321864559019,0.573837822346,,,,,,,
CHOL06,"SIDT2",ENSG00000149577,5.982216,,,,,-0.8694940677894459,-1.00642513984,,,,,,-1.22274248025,,,,-1.82405460573,,,,,,,-3.72230250841,,,-3.85513488172,,-1.05352298623,,0.946920654426,,-1.93109209546,-0.850641895109,,-4.57409401226,-0.865164314321,-0.158486558211,1.32013739464,,-1.24606609313,-1.53056974988,-0.70927353024,,,,,,,
CHOL14,"SIDT2",ENSG00000149577,7.285679,,,,,-0.02590427360192657,-0.167162381159,,,,,,-0.728411411681,,,,-1.6579180274,,,,,,,-2.27585377662,,,-2.82098442389,,-1.37911187283,,0.723259021506,,-1.18556027441,-0.262954597315,,-3.88794438693,-0.649479057984,0.453087533996,0.986716359024,,-0.428559315618,-0.270664572068,-0.0298142868649,,,,,,,
CHOL16,"SIDT2",ENSG00000149577,6.480290,,,,,-0.8835725226529593,-1.03857165416,,,,,,-1.49989921361,,,,-2.30770776232,,,,,,,-3.22455661429,,,-3.73981170961,,-1.15354467575,,0.72437980711,,-1.52450571356,-0.957867926934,,-4.41813227737,-0.585266337689,0.295441462308,0.900561276213,,-1.26135726856,-1.12959061579,-0.604809611428,,,,,,,
CHOL17,"SIDT2",ENSG00000149577,6.700449,,,,,-1.6366637430618485,-1.78421753349,,,,,,-2.00433965171,,,,-2.00219957039,,,,,,,-4.01771147218,,,-4.17744236028,,-1.86508843742,,0.301378280577,,-1.42272872277,-1.60196105447,,-5.05372455079,-0.946532304511,-0.721569064171,0.522225596248,,-2.00406359931,-1.90972461202,-1.33376829046,,,,,,,
CHOL21,"SIDT2",ENSG00000149577,16.824430,,,,,-7.762277660524704,-8.35569736312,,,,,,-8.2729276066,,,,-1.87072506033,,,,,,,-3.78960866545,,,-7.18587473678,,-0.919581891395,,-2.07971536236,,-5.76292668212,-8.99272847112,,-3.69077952902,-5.78381396502,-2.23316117923,-2.67296309923,,-7.05038389849,-7.48158220772,-5.21520946528,,,,,,,
CHOL22,"SIDT2",ENSG00000149577,9.570959,,,,,-4.613313153551696,-4.4024897422,,,,,,-6.46395539843,,,,0.420609685277,,,,,,,1.34191188119,,,-2.32079834892,,-0.304644695802,,-6.2907638571,,-3.87471672549,-8.73775578979,,-3.25667508225,-3.15247753358,-2.1094073552,-4.4920644525,,-4.71563244674,-0.831279730858,-4.58819737163,,,,,,,
CHOL23,"SIDT2",ENSG00000149577,6.532895,,,,,-2.909315491860798,-2.74338729448,,,,,,-3.21391746496,,,,0.493385313206,,,,,,,1.45866615671,,,0.793681648899,,-0.903431988846,,-3.93039858074,,-0.16480350078,-3.43289424836,,-0.418730904544,-2.17094183124,-2.64666532731,-5.06524006853,,-2.73796825052,-1.66382492134,-2.93937596546,,,,,,,
CHOL26,"SIDT2",ENSG00000149577,6.161655,,,,,0.057215291460464654,-0.102436536635,,,,,,-0.719095434363,,,,-1.91305823582,,,,,,,-2.24388801303,,,-3.03055538213,,-1.21503316402,,0.890952740986,,-1.31384341277,-0.113794604498,,-3.717730202,-0.382387433095,0.756463794355,1.46659301374,,-0.340752187561,-0.217146008749,0.148426858774,,,,,,,
CHOL27,"SIDT2",ENSG00000149577,8.743860,,,,,-4.0905178202082295,-4.5170132131,,,,,,-4.12451520349,,,,-1.27355672294,,,,,,,-2.32441681225,,,-3.79142865276,,-0.106508628729,,-0.354672571007,,-3.25415099251,-3.79845494512,,-1.08537171278,-2.68445947807,-1.21613514707,-0.986620607437,,-3.25830586468,-4.63452359314,-2.47695836548,,,,,,,
CHOL31,"SIDT2",ENSG00000149577,6.996281,,,,,-1.0252536171250617,-1.16605391153,,,,,,-1.58273221593,,,,-2.02550706505,,,,,,,-3.62477166094,,,-4.12939059573,,-1.07580305841,,0.709477385205,,-1.89990932564,-1.04173042431,,-4.42463375446,-0.705340153569,0.147079139834,1.0942869259,,-1.38514306025,-1.46176130556,-0.739786035467,,,,,,,
EDUC03,"SIDT2",ENSG00000149577,5.742082,,,,,-4.252193378280346,-4.26723808791,,,,,,-4.1573179694,,,,-1.72685761726,,,,,,,-1.9986925432,,,-4.46725775341,,-1.05027030957,,-1.84459534347,,-1.44942695766,-3.83073042608,,-1.515783666,-2.33845311408,-1.85500108738,-3.48763855055,,-4.21209594719,-2.84328926073,-3.50432719937,,,,,,,
FATM04,"SIDT2",ENSG00000149577,5.606987,,,,,1.4937337174167962,1.46216400255,,,,,,2.86360504813,,,,-0.17991173809,,,,,,,2.56234765477,,,2.7021246187,,-1.88664835385,,1.58178160736,,4.04453713171,1.5188811321,,0.441825077699,-0.747973460076,-0.902936470446,0.300664879287,,1.18689568815,0.618136927775,0.939055924963,,,,,,,
LIPI10,"SIDT2",ENSG00000149577,6.159856,,,,,-1.438900208566805,-1.56677138531,,,,,,-1.77213580462,,,,-2.01704976693,,,,,,,-3.80551440392,,,-3.92527754356,,-1.75360066424,,0.501248372512,,-1.79691322068,-1.40512564619,,-5.219090445,-0.91966904575,-0.549600006495,0.65842430171,,-1.80630821193,-1.85585806639,-1.13980846608,,,,,,,
LIPI14,"SIDT2",ENSG00000149577,6.268645,,,,,-0.7487541111231941,-0.875400098927,,,,,,-1.37430054798,,,,-2.32007067872,,,,,,,-3.31343596933,,,-3.38928152628,,-1.02318567193,,0.786740548057,,-1.79381964235,-0.804077576583,,-4.19754035423,-0.672825186945,0.289666313736,0.994820918406,,-1.12261500982,-1.17788468893,-0.494569679301,,,,,,,
LIPO04,"SIDT2",ENSG00000149577,6.036066,,,,,-0.7515730182581727,-0.858084775441,,,,,,-1.29439379769,,,,-2.35703929775,,,,,,,-2.59892256197,,,-3.1367232873,,-1.45973507612,,0.292517807268,,-1.19930219933,-1.00252245755,,-4.56171233578,-1.36350102629,-0.328088623418,0.69420778531,,-1.18003959231,-1.00467099789,-0.803162471744,,,,,,,
LIPO07,"SIDT2",ENSG00000149577,10.089829,,,,,-1.5005679351888372,-1.64115115361,,,,,,-2.08964171665,,,,-2.2748914197,,,,,,,-3.44355576074,,,-3.88371833345,,-1.56280819759,,-0.179248235027,,-2.09190282597,-1.69180883749,,-5.20776999082,-1.84357637967,-0.541440031178,0.18122894386,,-1.95377338109,-1.49505080056,-1.22847670196,,,,,,,
LIPO11,"SIDT2",ENSG00000149577,8.287014,,,,,-1.3791276960687924,-1.5054136173,,,,,,-1.76811519933,,,,-2.10859891703,,,,,,,-3.76431573037,,,-3.89892840404,,-1.73185862281,,0.551620726182,,-1.82800551139,-1.3522997416,,-5.24111764096,-0.899721743628,-0.436138587482,0.684297333325,,-1.75611957223,-1.75208388898,-1.07185803165,,,,,,,
LIPO16,"SIDT2",ENSG00000149577,7.087172,,,,,0.009129076228424975,-0.111851479123,,,,,,-0.715110501523,,,,-1.72050211213,,,,,,,-2.83384542834,,,-2.48365105944,,-1.32757048784,,-0.0445109545843,,-1.61480484628,-0.140950368282,,-3.05929110825,-0.465674798065,0.642856161797,0.758889296942,,-0.406466244127,-0.643082260091,0.173090985993,,,,,,,
PHLI07,"SIDT2",ENSG00000149577,6.814968,,,,,-0.9384301262904061,-1.08544555725,,,,,,-1.56382893801,,,,-2.29092257638,,,,,,,-2.39107164873,,,-3.22610874569,,-1.03782448268,,-0.0139504373621,,-0.94259319409,-1.08138951986,,-3.63248010985,-1.24904001522,-0.100358390782,0.504454129308,,-1.30451104046,-0.846455675101,-0.911870242015,,,,,,,
PHLI10,"SIDT2",ENSG00000149577,7.290628,,,,,-1.0871856245799492,-1.25353007624,,,,,,-1.77824922799,,,,-2.49326454418,,,,,,,-3.20391532855,,,-3.8369021758,,-0.904962387879,,0.643983944284,,-1.57626953692,-1.16902494498,,-4.1961946519,-0.717922891881,0.235340653416,0.952670589911,,-1.45444048398,-1.14937160069,-0.77458124572,,,,,,,
PHLI11,"SIDT2",ENSG00000149577,7.956559,,,,,-1.8329739909966165,-1.97793693692,,,,,,-2.22664366635,,,,-1.88593114109,,,,,,,-3.91228008665,,,-4.35653398857,,-1.6778706844,,0.229925227465,,-1.89519790875,-1.80163392976,,-5.02532090472,-0.836193696558,-0.487335755984,0.449014242229,,-2.15779157598,-2.04479876406,-1.39520863532,,,,,,,
TRGL01,"SIDT2",ENSG00000149577,8.733839,,,,,-1.4837784124429805,-1.60139736508,,,,,,-1.95532162413,,,,-2.15909723423,,,,,,,-3.28471077679,,,-3.84686039035,,-1.34653492606,,0.000495485096995,,-1.46169651018,-1.51008497041,,-5.03602237358,-1.26850158642,-0.484273401209,0.396960709652,,-1.85389433275,-1.59971866153,-1.27476627792,,,,,,,
TRGL03,"SIDT2",ENSG00000149577,28.828127,,,,,-8.889657527234856,-9.90084341269,,,,,,-6.25122335224,,,,-3.06897475083,,,,,,,-7.16035960837,,,-9.69506251036,,-2.81134682061,,0.507264921884,,-2.06775412245,-6.36667407806,,-4.5319941835,-7.59774127655,-3.88170885241,-0.632322769551,,-8.19775151539,-10.7191641159,-5.51560896697,,,,,,,
TRGL06,"SIDT2",ENSG00000149577,6.562519,,,,,-0.6206454644509848,-0.751812244799,,,,,,-1.26194908206,,,,-2.44110870376,,,,,,,-2.12788025269,,,-2.90477613992,,-1.25425002736,,0.269572624843,,-0.761597644283,-0.749480122963,,-3.48992304618,-0.942842771915,0.189200177371,0.558735540967,,-0.974515956688,-0.613677948073,-0.624114001804,,,,,,,
TRGL07,"SIDT2",ENSG00000149577,7.467959,,,,,-1.132373004543147,-1.27727063935,,,,,,-1.79095839976,,,,-2.65566322766,,,,,,,-3.02763819527,,,-3.45399419718,,-1.10542645432,,0.511709502292,,-1.37140399393,-1.2497549192,,-3.84685937252,-0.956887459022,0.18007779544,0.587770134049,,-1.47234857813,-1.09821299999,-0.821740837972,,,,,,,
TRGL08,"SIDT2",ENSG00000149577,8.935804,,,,,-1.6298816255086657,-1.83311296358,,,,,,-2.30639399879,,,,-2.11211369523,,,,,,,-3.32294386691,,,-3.96773470361,,-0.142829061775,,0.423300655212,,-1.24653072657,-1.58088433252,,-3.86855259443,-1.47026604901,-0.344695308585,0.848101186201,,-1.939325305,-1.46192684111,-1.18073110679,,,,,,,
TRGL09,"SIDT2",ENSG00000149577,9.339542,,,,,-1.3529629767072175,-1.50024230399,,,,,,-1.88864936974,,,,-2.35887866801,,,,,,,-3.82636136653,,,-4.03813168128,,-1.62091989877,,0.333837507451,,-1.48620999775,-1.33625018374,,-5.04425268369,-1.16148423389,-0.300363862695,0.660270077739,,-1.75706529144,-1.65837982922,-1.0485797651,,,,,,,
TRGL10,"SIDT2",ENSG00000149577,6.472344,,,,,-3.3156613249963236,-3.27222608872,,,,,,-3.47847029504,,,,-1.48238357528,,,,,,,-2.20083990528,,,-3.07133052218,,-0.737471488718,,-0.892627068974,,-1.58904836317,-3.22188174435,,-3.76001928972,-2.34787591753,-2.28224419466,-1.34065639363,,-3.41340796005,-2.67186554801,-3.11589496644,,,,,,,
TRGL12,"SIDT2",ENSG00000149577,7.972202,,,,,-1.9699617570899965,-2.074437794,,,,,,-2.19380521306,,,,-2.06695369117,,,,,,,-3.33018362715,,,-4.06138915793,,-1.24182646895,,0.555725320291,,-1.82436743628,-1.80518052901,,-4.92429749305,-1.01937255894,-0.826885852842,0.20894960434,,-2.23786007825,-1.58974586285,-1.60086120868,,,,,,,
