code,target,ENSEMBL,association,Adipose_Subcutaneous,Adipose_Visceral_Omentum,Breast_Mammary_Tissue,Muscle_Skeletal,DGN_Whole_Blood,Whole_Blood,Artery_Aorta,Artery_Coronary,Artery_Tibial,Heart_Atrial_Appendage,Heart_Left_Ventricle,Spleen,Brain_Amygdala,Brain_Anterior_cingulate_cortex_BA24,Brain_Caudate_basal_ganglia,Brain_Nucleus_accumbens_basal_ganglia,Brain_Putamen_basal_ganglia,Brain_Cerebellar_Hemisphere,Brain_Cerebellum,Brain_Cortex,Brain_Frontal_Cortex_BA9,Brain_Hippocampus,Brain_Hypothalamus,Brain_Spinal_cord_cervical_c-1,Brain_Substantia_nigra,Nerve_Tibial,Cells_Transformed_fibroblasts,Cells_EBV-transformed_lymphocytes,Colon_Sigmoid,Colon_Transverse,Esophagus_Gastroesophageal_Junction,Esophagus_Mucosa,Esophagus_Muscularis,Liver,Minor_Salivary_Gland,Small_Intestine_Terminal_Ileum,Stomach,Adrenal_Gland,Pituitary,Pancreas,Thyroid,Lung,Ovary,Prostate,Testis,Uterus,Vagina,Skin_Not_Sun_Exposed_Suprapubic,Skin_Sun_Exposed_Lower_leg
BLOO05,"EVI5",ENSG00000067208,53.861950,,12.8641861675,11.170846094,4.26349856923,14.80883109346937,13.4404540299,,10.3567482389,13.6265368461,,,,7.53406203519,,12.0212031325,,-1.77614986005,,,7.70181723859,,,,,,12.0734877506,10.6645801859,,9.34255258765,10.0272988177,9.59989409455,10.7282083763,10.8369127575,,9.42059315331,,11.8928929106,6.1597793416,,,-3.76599513406,14.456449565,,3.05653748267,,,,7.64679616943,
BLOO06,"EVI5",ENSG00000067208,6.671784,,2.27804387332,2.81762443226,2.16128020952,4.201756742807289,3.98527613322,,4.21158197995,3.51860948034,,,,2.67129249334,,4.00991869841,,-2.60730993875,,,1.32130315662,,,,,,3.75614756693,3.83385926358,,2.48116347017,3.6164139076,2.93243252461,4.63024551532,4.67464805986,,0.691186538999,,4.30092598494,2.62130429349,,,-3.35394676377,3.83645243147,,0.6920203179,,,,2.62401827589,
BLOO10,"EVI5",ENSG00000067208,12.286804,,3.50261106142,3.88507042119,2.7503315968,5.4754897473393465,5.10676769614,,4.90429505725,4.76703633714,,,,3.07544570779,,4.98741479552,,-2.87188505847,,,2.34339249787,,,,,,4.57439898199,4.71520865187,,3.50060861476,4.26208268612,3.65045511608,5.36856879772,5.3912581501,,1.5011801878,,5.18242449646,3.15460008094,,,-3.39435677832,5.15177148057,,0.920103950974,,,,3.19692336419,
BLOO12,"EVI5",ENSG00000067208,5.997014,,2.39053617841,2.45116682906,2.16411572902,3.7148290582461008,3.58253758209,,3.55422062799,3.32191076953,,,,2.03816847614,,3.64793416776,,-2.28588256854,,,1.67708495322,,,,,,3.29818709847,3.42349215428,,2.09099253948,3.06055680576,2.17568486713,3.89901240743,3.89789741303,,0.9097129786,,3.82642891947,2.33160482667,,,-2.7162114284,3.53665316861,,0.797974128477,,,,2.59312038864,
BLOO13,"EVI5",ENSG00000067208,6.813383,,2.39597143824,2.84243795387,2.30780903188,4.20388440965996,3.98602206474,,4.25459355897,3.55617116576,,,,2.47727016123,,4.01230435532,,-2.68830704815,,,1.34254148302,,,,,,3.73230377648,3.90344894661,,2.53791945332,3.67231836121,2.90442302786,4.66345859173,4.71518235853,,0.750407144078,,4.31963979204,2.74602503422,,,-3.44602709343,3.84649260924,,0.606571886,,,,2.56892324121,
BLOO19,"EVI5",ENSG00000067208,21.654489,,-9.57859379876,-7.57470591186,-2.0805762022,-9.625478466480585,-8.53228489663,,-5.78113408483,-9.10420738345,,,,-4.57137695138,,-7.10392146287,,-1.08091410945,,,-5.28784604192,,,,,,-7.82987810196,-6.32909170187,,-6.15634998138,-6.22691777564,-6.31536243371,-5.86859179857,-5.89470864775,,-7.96639165867,,-7.07364474409,-3.22656883871,,,0.84750540448,-9.61412845924,,-2.01414559369,,,,-4.43030918387,
BLOO24,"EVI5",ENSG00000067208,14.085202,,-3.79174007075,-4.7323802458,-1.99148521406,-6.334683006668131,-5.7849035493,,-5.07965069434,-5.28531097365,,,,-4.09980730238,,-5.45761290503,,2.38038439745,,,-1.87900236296,,,,,,-4.89018974985,-4.99412847882,,-4.27764333307,-4.32584602768,-4.81645711407,-5.67137657608,-5.61410124264,,-1.79728945452,,-4.96326917669,-2.78542164129,,,2.96245617068,-5.80663164335,,-0.432049746305,,,,-2.60048135037,
BLOO25,"EVI5",ENSG00000067208,7.101489,,-3.67994248625,-3.05954963764,-3.18358014035,-4.549057554330447,-3.81939443532,,-2.60952240974,-4.85482280933,,,,-1.39396485163,,-4.04889298097,,-1.24203810145,,,-2.87112761039,,,,,,-4.64371659704,-4.02053957108,,-3.68011337161,-3.43803887497,-3.49154450684,-3.61387606573,-3.72574655828,,-2.6422449777,,-3.26809029799,-2.45808018429,,,2.03911989276,-4.37214723593,,-1.74182543813,,,,-2.85000896886,
BLOO28,"EVI5",ENSG00000067208,62.879953,,12.1548234233,10.6044771533,3.01600892843,13.453463834514576,11.9710714893,,8.39995128844,12.5220847502,,,,6.9188007921,,10.1728837178,,0.194181176099,,,7.02949464324,,,,,,10.812808648,8.92201503629,,8.7553710668,8.51354998222,9.00314767483,8.63315659908,8.67860672385,,9.62983564577,,9.92697844813,4.62287434693,,,-1.68071054787,13.2553855132,,2.67375219085,,,,6.14118891766,
BLOO30,"EVI5",ENSG00000067208,6.037815,,2.03354821615,2.7693283438,2.05446015279,3.975156247209601,3.72562369552,,3.85890452205,3.35893837998,,,,2.60997565525,,3.78101486806,,-2.57683518126,,,1.45064280145,,,,,,3.4228610854,3.59480559403,,2.38438067159,3.16877810542,2.71877056631,4.29326273434,4.2913843506,,0.345139188911,,3.96704791949,2.4156092979,,,-2.93474243601,3.67810169981,,0.691228081001,,,,2.53474042346,
BLOO32,"EVI5",ENSG00000067208,7.101319,,0.46785557963,1.79218219889,1.09499588875,2.636967158118327,2.51652240823,,2.84891634935,1.93635671448,,,,2.15771937032,,2.47939814923,,-2.03221267314,,,-0.174245964249,,,,,,2.38396969837,2.48469813065,,1.60970970297,2.31250746241,2.58290511375,3.39566593758,3.34580453736,,-0.477004235307,,2.50860417517,1.43552751829,,,-2.62663722505,2.14816618625,,-0.230949140069,,,,0.989383926642,
BLOO34,"EVI5",ENSG00000067208,7.658942,,-4.41044664738,-2.2663736713,-3.32522507884,-4.7409878028849155,-3.90758326236,,-3.60922136078,-3.90137710037,,,,-0.0123605288063,,-4.81505098325,,-0.576286891371,,,-3.18942004087,,,,,,-3.97633019755,-4.17606638023,,-3.19151231666,-3.58227235759,-2.47822036413,-3.38611272436,-3.94755061322,,-2.42818622568,,-3.75253528699,-3.05604981933,,,2.2128143769,-3.416653083,,0.179426465727,,,,-3.44327536063,
BLOO35,"EVI5",ENSG00000067208,6.589375,,2.57401115048,2.69404760831,1.76806335602,3.7911592033265933,2.83912109766,,1.85937848141,3.94627559405,,,,2.46375656572,,3.68925329131,,-0.111855689448,,,2.76068129058,,,,,,3.64894219795,2.69413352177,,3.03292635493,2.40756328988,3.84754407504,2.3042738301,2.32062677669,,2.07372263774,,2.24340980978,1.48228953563,,,-0.325021331349,3.86575544868,,0.261977383272,,,,3.06026805677,
BODY08B,"EVI5",ENSG00000067208,7.748094,,4.55029916646,3.90752853196,2.67207964898,5.149346479854707,4.48226421756,,3.57313996747,4.25583504803,,,,0.653447833505,,5.06819397875,,-2.702922172,,,2.30503074377,,,,,,3.92938170527,4.05099250338,,3.29784923791,3.41808219242,3.534703752,4.01588549253,4.2099991615,,2.64888987547,,4.40416679547,2.85002987488,,,-1.57198452074,4.82353160225,,1.91661814991,,,,1.99064341403,
BODY08F,"EVI5",ENSG00000067208,5.963691,,3.22145103418,2.55393020764,1.59400472659,4.107310447235686,3.59079959583,,2.31472188252,3.75701523419,,,,0.224771156836,,4.36900674442,,-1.10964008875,,,1.93740030604,,,,,,2.69850152076,2.60402676761,,2.76419899104,2.35531781399,1.98302400544,2.60402833594,2.82460009953,,1.43366657275,,3.12451237728,1.26723479047,,,-0.731216959216,3.40033722764,,1.24669633493,,,,1.47659636974,
BODY08,"EVI5",ENSG00000067208,8.119118,,4.46986618784,3.67512438812,2.59742613257,5.1371103226830614,4.4836586984,,3.36338563112,4.29524432784,,,,0.484254771211,,5.19570307603,,-2.39042329876,,,2.31540970113,,,,,,3.80408729728,3.90598204187,,3.30520663552,3.31472027889,3.33098451584,3.85566911511,4.07468194171,,2.62567031603,,4.30646814335,2.61074035137,,,-1.4934141876,4.67871690036,,1.84963663962,,,,1.89681522104,
CHOL21,"EVI5",ENSG00000067208,10.142185,,-3.85217543575,-4.79294298105,-2.67372150275,-5.986725599511888,-5.00570295947,,-3.03131340177,-4.91843229838,,,,-1.04292352964,,-4.4574393463,,1.34785672353,,,-2.49248539282,,,,,,-4.23825026653,-4.62759974347,,-5.1259138488,-3.45246059049,-3.15116374536,-4.20005358924,-3.58643112257,,-2.16866743628,,-3.68617467038,-3.31606618077,,,1.69425016315,-5.0695566245,,-0.674271453757,,,,-2.427159386,
CHOL27,"EVI5",ENSG00000067208,8.440680,,-3.52524315648,-4.18502496653,-2.04156831053,-5.721591770809173,-5.25218319432,,-3.12560101277,-4.26007710544,,,,-0.873582000279,,-4.5243009407,,1.72116765464,,,-2.7238362938,,,,,,-3.55827337806,-4.43401898633,,-5.00785167888,-3.41689167014,-2.38907956722,-4.4656494719,-3.68178383965,,-2.1168491793,,-3.61117331275,-3.3184616027,,,2.34052716967,-4.94510751713,,-1.072021514,,,,-2.04534896468,
HEIG03,"EVI5",ENSG00000067208,9.390032,,-5.01433636298,-4.33068352051,-3.65643313599,-6.294507789199258,-4.98562315094,,-5.13753922252,-4.24798733143,,,,-1.12486761039,,-5.44935552294,,0.978710551663,,,-2.93858707216,,,,,,-5.33605306918,-5.84916127464,,-5.71920857749,-5.59902497233,-5.67482011914,-5.07201036148,-5.89574296876,,-4.47206653403,,-6.45117626297,-4.39566872209,,,3.8884909164,-5.63820607176,,-1.23623892133,,,,-1.582237735,
SCLE02,"EVI5",ENSG00000067208,9.415737,,0.69589255903,2.761105299,-0.354744526783,-0.752765775395247,1.83910466504,,1.91636271073,1.53837168217,,,,,,-1.42668437958,,,,,0.987399381087,,,,,,2.77069352277,0.878152052584,,-0.0634327578668,5.57572572086,1.03114680884,1.79913041468,5.55537172523,,2.7870201301,,5.42152643913,0.940954803945,,,-1.12852776051,,,2.09581904422,,,,-1.00887324685,
