code,target,ENSEMBL,association,Adipose_Subcutaneous,Adipose_Visceral_Omentum,Breast_Mammary_Tissue,Muscle_Skeletal,DGN_Whole_Blood,Whole_Blood,Artery_Aorta,Artery_Coronary,Artery_Tibial,Heart_Atrial_Appendage,Heart_Left_Ventricle,Spleen,Brain_Amygdala,Brain_Anterior_cingulate_cortex_BA24,Brain_Caudate_basal_ganglia,Brain_Nucleus_accumbens_basal_ganglia,Brain_Putamen_basal_ganglia,Brain_Cerebellar_Hemisphere,Brain_Cerebellum,Brain_Cortex,Brain_Frontal_Cortex_BA9,Brain_Hippocampus,Brain_Hypothalamus,Brain_Spinal_cord_cervical_c-1,Brain_Substantia_nigra,Nerve_Tibial,Cells_Transformed_fibroblasts,Cells_EBV-transformed_lymphocytes,Colon_Sigmoid,Colon_Transverse,Esophagus_Gastroesophageal_Junction,Esophagus_Mucosa,Esophagus_Muscularis,Liver,Minor_Salivary_Gland,Small_Intestine_Terminal_Ileum,Stomach,Adrenal_Gland,Pituitary,Pancreas,Thyroid,Lung,Ovary,Prostate,Testis,Uterus,Vagina,Skin_Not_Sun_Exposed_Suprapubic,Skin_Sun_Exposed_Lower_leg
BFPC04B,"LUZP1",ENSG00000169641,7.412053,-2.4774344276,-3.43157332405,,-1.42982272944,-5.205463986984897,,,-2.23001738808,-3.71873544633,-2.94622882057,,,,,-0.429590831581,,,,,,,,,,,-4.47110338978,-0.310062864396,0.975423717064,,-0.950351824078,-2.40758854173,,-3.15608575166,,,,,,,,-4.25626731939,,,-1.37214103301,-0.302239532953,-0.474983826038,,-3.82353477244,-2.88405066135
BFPC04,"LUZP1",ENSG00000169641,5.900699,-2.36936378179,-3.47119266984,,-1.57541318702,-5.235708107267093,,,-2.15770663249,-3.62556433625,-2.92326908149,,,,,-0.487300179515,,,,,,,,,,,-4.62417079997,-0.268791210059,0.947446118048,,-0.811092780182,-2.31879624689,,-3.11131421395,,,,,,,,-4.2785745144,,,-1.52858127836,-0.292616106882,-0.275545660958,,-3.81771130338,-3.01485674848
BLOO07,"LUZP1",ENSG00000169641,5.446578,-4.4260679663,-4.95652199488,,-4.39201083229,-2.0364687632251126,,,-3.57609207104,-3.89384470299,-4.77478384411,,,,,-1.86423564756,,,,,,,,,,,-2.81843979166,-3.45924762446,0.0727227882106,,0.232660570926,-4.86434405262,,-4.6679656003,,,,,,,,-2.94187745025,,,-1.21140530953,3.24573621717,-0.188623840182,,-5.09504084273,-5.76528310289
BLOO11,"LUZP1",ENSG00000169641,7.201771,-2.4622417704,-3.82035396077,,-3.28404065766,-4.972637359944976,,,0.604363971086,-3.36980926991,-2.67614637832,,,,,-1.35366536752,,,,,,,,,,,-4.13536156192,-1.79821946166,0.747864451097,,0.728084450126,-3.08540481769,,-3.85657965881,,,,,,,,-2.54227630671,,,-0.394891096593,-1.22968024732,-0.519055197751,,-3.90369992587,-2.86826466298
BLOO16,"LUZP1",ENSG00000169641,6.302256,-4.73583585061,-5.27474892863,,-5.16342865014,-2.7483990748853095,,,-3.75460139662,-4.25013485741,-5.09816525541,,,,,-1.78915077107,,,,,,,,,,,-3.03927910767,-3.77553922912,0.328872876682,,0.712398544598,-4.95508726552,,-5.14354620408,,,,,,,,-2.99347178448,,,-1.03114561034,3.3480381935,-0.844892623521,,-5.79708959839,-6.24846918287
BLOO17,"LUZP1",ENSG00000169641,4.022409,-3.90565907342,-4.24100126951,,-3.40626155826,-1.149183295691041,,,-3.68043355655,-3.24563577194,-4.12787604418,,,,,-2.12101417366,,,,,,,,,,,-1.90178971427,-3.03821915799,-0.147891888135,,0.190468378207,-4.44110073593,,-3.80894670642,,,,,,,,-2.67264459924,,,-1.2462577761,2.96483586915,0.419580457353,,-4.04759892282,-4.97390654817
BLOO27,"LUZP1",ENSG00000169641,5.884623,-3.28834113355,-4.50211504359,,-3.3863213497,-4.546464440595991,,,-2.70814763507,-3.74214926625,-4.63641575419,,,,,-2.45599147995,,,,,,,,,,,-3.46961110774,-3.06336187597,-0.3399643631,,0.970018487485,-4.29630684862,,-4.86384131206,,,,,,,,-2.44160793927,,,0.869438968613,0.17454131361,2.29574462443,,-5.00204254073,-3.16179040167
BLOO35,"LUZP1",ENSG00000169641,4.769500,-2.61709667639,-4.03329947961,,-3.79240091197,-3.739027825488866,,,-4.38901658749,-3.45144210935,-4.96652835066,,,,,-0.33073282345,,,,,,,,,,,-3.28227912095,-2.69513961354,-0.924531492433,,-1.19151782484,-2.80830706049,,-4.05494004162,,,,,,,,-2.3300051399,,,-1.14128890279,3.85662558005,-1.03279869431,,-5.63875468068,-5.33187175584
BODY08B,"LUZP1",ENSG00000169641,6.089813,-0.340598623466,-1.67828617851,,0.659092747388,-3.9842074965157703,,,-0.377293615232,-1.96358269538,-1.85769709781,,,,,0.584774426245,,,,,,,,,,,-2.66752626168,1.29047662662,1.06406852155,,-0.976647760344,-1.05596091623,,-1.09955846729,,,,,,,,-2.80837056514,,,-0.578498529454,-1.42592356373,-1.49843782491,,-1.83499685428,-0.138780231866
BODY08,"LUZP1",ENSG00000169641,5.625765,-0.468611323149,-1.88875137697,,0.269907277278,-4.14859049578174,,,-0.488889672097,-2.1954127642,-2.00736846141,,,,,0.423975404741,,,,,,,,,,,-3.00179398568,1.04362527137,1.05914980588,,-0.824063317854,-1.08391957403,,-1.25311772134,,,,,,,,-2.8804366539,,,-0.738914369971,-1.28685280459,-1.25452769121,,-2.06603829904,-0.576698459716
FATM04B,"LUZP1",ENSG00000169641,6.931221,-0.616037964972,-1.31708538083,,0.795370178632,-3.946352410150935,,,-0.640932040224,-1.65489722548,-1.48843911699,,,,,0.904355608173,,,,,,,,,,,-3.19080773826,2.04568690178,0.30028282672,,-0.76147666955,-0.557694840217,,-0.906385351216,,,,,,,,-3.1158481932,,,-0.828140151518,-2.09949805914,-1.19917791798,,-1.66746340397,-0.130019143743
FATM04,"LUZP1",ENSG00000169641,6.771497,-0.636042440865,-1.44616235916,,0.554762651156,-4.064143454420136,,,-0.665887640824,-1.70570296116,-1.56576870019,,,,,0.851861255274,,,,,,,,,,,-3.43299000341,2.02439118131,0.335530505714,,-0.600134435002,-0.518934764993,,-0.948793099415,,,,,,,,-3.13202784729,,,-0.973129293533,-2.07612199243,-1.01134482918,,-1.77459288878,-0.411227950574
HEIG02,"LUZP1",ENSG00000169641,5.858519,3.82232072388,4.66933391363,,4.10539280421,2.4101189720721763,,,1.06803364328,5.1368305548,2.64297442232,,,,,2.77755004973,,,,,,,,,,,3.0731836638,4.80410867157,-2.9519325885,,4.80835213206,4.73598621601,,5.23165234354,,,,,,,,2.41711313272,,,0.0104670876812,-2.34907623149,0.812133535075,,4.00733643015,3.73278191801
HEIG03,"LUZP1",ENSG00000169641,14.682626,6.15064848588,7.58189797768,,6.02588024063,4.793067328808807,,,3.36109444677,6.73302627906,4.88054575178,,,,,1.9805366173,,,,,,,,,,,4.01765147066,7.34583847323,-3.63589124196,,-0.774956581262,7.79309438171,,8.00424383719,,,,,,,,3.34055800943,,,0.850448440612,-4.44940479248,0.0971402298843,,6.06443907567,5.82935578042
HEIG04F,"LUZP1",ENSG00000169641,5.838422,3.88391397615,3.56029745403,,2.76550447307,1.7649966167347297,,,1.10264309034,3.58345721686,2.26848916589,,,,,1.28806112974,,,,,,,,,,,2.35896727851,4.33231967848,-2.81151853113,,0.597320199071,3.8523081046,,3.96584270405,,,,,,,,1.53296467244,,,0.426485742613,-2.05862565974,0.376830002384,,3.16874045517,2.91399232836
LEAN04B,"LUZP1",ENSG00000169641,6.075685,2.61878990124,2.21232950207,,3.1523124075,0.19831709324506097,,,1.46868566047,2.2414427979,2.03830776795,,,,,3.25163059932,,,,,,,,,,,1.37150476246,3.97873504124,-2.50086415577,,-0.935142033691,2.20431343833,,2.48586407972,,,,,,,,0.853203851801,,,-1.34567164664,-3.35705498778,-1.99103457974,,2.86716156374,4.17863644095
LEAN04M,"LUZP1",ENSG00000169641,6.360683,3.58527129865,3.0151048427,,4.0666745651,1.1487757738040287,,,2.43132665665,3.3752642618,2.67210860749,,,,,2.71682073914,,,,,,,,,,,1.8216868591,4.52939343603,-2.57654408265,,-2.31673947194,2.70680912285,,3.68444195083,,,,,,,,0.538020144372,,,-0.575895060205,-3.25038127064,-2.2379398906,,3.99265915207,5.2687995642
LEAN04,"LUZP1",ENSG00000169641,7.953895,3.45493091678,2.8915071983,,4.00504486717,0.7508808404130511,,,2.17313679075,3.0949234286,2.6315371419,,,,,3.28629920875,,,,,,,,,,,1.75157395826,4.73047615455,-2.76221005957,,-1.89276157976,2.72981042219,,3.43867734689,,,,,,,,0.727419110512,,,-1.19557634519,-3.6041549553,-2.21698975173,,3.7948839929,5.19438278608
LEAN05B,"LUZP1",ENSG00000169641,6.675553,2.61028302713,2.32560799241,,3.21946123361,0.27500400669007014,,,1.52864496522,2.36886482145,2.07603047889,,,,,3.37574077313,,,,,,,,,,,1.33490992082,4.17510574992,-2.68946380252,,-0.845013655212,2.32334514579,,2.64095126596,,,,,,,,1.06837009243,,,-1.46591414972,-3.62682918111,-1.95610723369,,2.87242635294,4.18269747569
LEAN05M,"LUZP1",ENSG00000169641,6.751242,3.62536812302,3.05042293043,,4.11442505278,1.1797184031806742,,,2.42574931398,3.42391258007,2.66697102582,,,,,2.73426733214,,,,,,,,,,,1.87307271636,4.56629740528,-2.51161204616,,-2.33825290396,2.72893987921,,3.724087157,,,,,,,,0.593611629033,,,-0.591843369215,-3.25707668186,-2.21559883874,,4.02874544514,5.3035769069
LEAN05,"LUZP1",ENSG00000169641,8.116378,3.48579556616,2.99189594217,,4.0728313306,0.8285088475298346,,,2.22425925007,3.20690163239,2.66187228862,,,,,3.36190412503,,,,,,,,,,,1.76482069666,4.8745028055,-2.86550347883,,-1.84714099466,2.82406179893,,3.56311871135,,,,,,,,0.89061815995,,,-1.26812268413,-3.7790853529,-2.2017559996,,3.82836936302,5.23012424377
LEAN06B,"LUZP1",ENSG00000169641,13.325938,3.40311611824,3.71159364941,,4.99378929267,0.4896096532682912,,,2.42088388492,3.60764461394,1.99846037192,,,,,3.72976353916,,,,,,,,,,,0.554627021551,6.22405137665,-1.93561577964,,-0.105049417349,3.96574239923,,4.45522592745,,,,,,,,0.639481991968,,,0.38065946945,-4.66576624899,-1.63204789406,,3.5741851561,5.34376217556
LEAN06M,"LUZP1",ENSG00000169641,10.983886,4.51297314369,4.04417426818,,5.6681958622,1.6025613448856513,,,2.88673333507,4.43384598103,2.86115952424,,,,,3.02295111026,,,,,,,,,,,2.07879668637,5.88821009878,-1.78362182759,,-1.41941063603,3.60272243128,,4.78918339874,,,,,,,,0.804603545046,,,0.571689532547,-4.03714936695,-2.10910783156,,4.57617957831,6.23469099609
LEAN06,"LUZP1",ENSG00000169641,15.047774,4.27146122916,4.29014507314,,5.79673094921,1.0883376437068415,,,2.86534424472,4.3698423175,2.61900079972,,,,,3.68342545437,,,,,,,,,,,1.20733821853,6.72576176092,-2.05309958596,,-0.822216837716,4.25781534474,,5.14037369624,,,,,,,,0.725539243775,,,0.447390227244,-4.80002130195,-1.96936105784,,4.41931350432,6.30244919732
SLEE01,"LUZP1",ENSG00000169641,6.912680,-2.43036533775,-3.84685585061,,-2.67388539023,-2.563903703861383,,,-2.72025590072,-4.10884648154,-3.55447956966,,,,,-2.61108147554,,,,,,,,,,,-3.3333818809,-4.88924196164,0.378398604644,,-0.702877620962,-4.12915866506,,-4.78050321629,,,,,,,,-1.61719213284,,,0.0415389404683,3.66971584159,0.591085330431,,-4.12561789624,-3.12462861463
SLEE02,"LUZP1",ENSG00000169641,7.207531,-2.57563208396,-3.74022973704,,-2.40317649103,-2.4013012487787235,,,-2.53118623547,-3.87193428169,-3.51861870264,,,,,-2.51354974604,,,,,,,,,,,-3.14708682629,-4.74789903383,0.261276059812,,-0.593271118657,-4.09115949897,,-4.61661610981,,,,,,,,-1.146703472,,,-0.019480885492,3.56709263864,0.297088359873,,-3.92069805695,-2.84799361228
WEIG02,"LUZP1",ENSG00000169641,3.409392,2.1503043962,2.61680788235,,2.44103597064,0.4291255696658145,,,1.51609710047,2.41714137818,1.78502984836,,,,,1.87781038581,,,,,,,,,,,0.767667558843,3.33070203631,-3.58398496086,,1.57489259598,2.71355277042,,2.50109508057,,,,,,,,1.44141164216,,,-0.0861272044131,-5.21229480477,-0.340873016631,,2.35256016158,2.80771758686
WEIG03,"LUZP1",ENSG00000169641,2.918473,2.31971345335,2.49361706102,,2.54262328379,0.5656322073375316,,,1.76024249267,2.42549529986,2.00656257307,,,,,1.67312952152,,,,,,,,,,,0.784555813086,3.21158783629,-3.23665715361,,1.18603220566,2.45488086923,,2.38710196582,,,,,,,,1.46133384346,,,-0.254337219329,-4.91684702052,-0.452225875301,,2.40398522035,2.90860808415
