code,target,ENSEMBL,association,Adipose_Subcutaneous,Adipose_Visceral_Omentum,Breast_Mammary_Tissue,Muscle_Skeletal,DGN_Whole_Blood,Whole_Blood,Artery_Aorta,Artery_Coronary,Artery_Tibial,Heart_Atrial_Appendage,Heart_Left_Ventricle,Spleen,Brain_Amygdala,Brain_Anterior_cingulate_cortex_BA24,Brain_Caudate_basal_ganglia,Brain_Nucleus_accumbens_basal_ganglia,Brain_Putamen_basal_ganglia,Brain_Cerebellar_Hemisphere,Brain_Cerebellum,Brain_Cortex,Brain_Frontal_Cortex_BA9,Brain_Hippocampus,Brain_Hypothalamus,Brain_Spinal_cord_cervical_c-1,Brain_Substantia_nigra,Nerve_Tibial,Cells_Transformed_fibroblasts,Cells_EBV-transformed_lymphocytes,Colon_Sigmoid,Colon_Transverse,Esophagus_Gastroesophageal_Junction,Esophagus_Mucosa,Esophagus_Muscularis,Liver,Minor_Salivary_Gland,Small_Intestine_Terminal_Ileum,Stomach,Adrenal_Gland,Pituitary,Pancreas,Thyroid,Lung,Ovary,Prostate,Testis,Uterus,Vagina,Skin_Not_Sun_Exposed_Suprapubic,Skin_Sun_Exposed_Lower_leg
BFPC04B,"RABGAP1L",ENSG00000152061,7.014789,0.941347853903,,0.183487032902,0.8564277379,1.7027349478622054,1.6816419264,,,,1.22122553188,,,,,0.761925930761,0.0441151927653,,,0.216996560832,,,,,,,,1.06119657297,,,,-2.15333161648,-0.552237102952,-1.98683534055,,,0.000235101512991,,,,0.360427251387,-0.27323563155,-0.516468298846,,-0.696478437556,0.651834950797,,,-0.115479671046,-0.214011935923
BFPC04M,"RABGAP1L",ENSG00000152061,6.394253,1.03957681911,,-0.386045299599,0.608346505811,1.1367996257873203,1.3253930413,,,,0.531326873951,,,,,1.20067816486,-0.294738980164,,,-0.541822971301,,,,,,,,0.649981092298,,,,-2.13315644397,-1.16566790497,-2.01420006606,,,-0.607267413029,,,,-0.448325333857,-0.92558270671,-0.776971487673,,-0.569628121824,0.105957424438,,,-0.799887732952,-0.372806542309
BFPC04,"RABGAP1L",ENSG00000152061,5.679189,0.76832893272,,0.393002386098,0.807943234289,1.6809200884737252,1.61362452487,,,,1.46606684293,,,,,0.623970073808,0.191043696619,,,0.365220608788,,,,,,,,1.04961594656,,,,-1.82509051082,-0.345590469507,-1.65016388837,,,0.293852580016,,,,0.697391825344,0.0897089038139,-0.30514569444,,-0.687749447339,0.87551123241,,,0.215758144597,0.00704056909102
BODY06B,"RABGAP1L",ENSG00000152061,5.735442,0.387933877167,,-0.00684843030829,1.07307033844,1.4760318356955695,1.80134786324,,,,0.861621181296,,,,,-1.11274134172,-1.13415978421,,,-0.653445334147,,,,,,,,0.62501433333,,,,-3.40224275889,-0.272470930565,-2.76001972448,,,-1.38993404341,,,,-0.837040259398,-2.15480902125,-1.14540886849,,-0.672817809295,0.85113720255,,,-2.15666578935,-1.77581918513
BODY08B,"RABGAP1L",ENSG00000152061,10.511393,1.1209938914,,1.10930038346,2.73738018283,2.9483954283607785,2.95850336282,,,,2.42024140267,,,,,-2.07895386335,-0.0709845573705,,,-1.09256851382,,,,,,,,1.85295800953,,,,-3.79292957976,-0.220083802525,-3.34009320542,,,-0.47057691605,,,,0.428373273544,-1.53739933216,-0.443041185294,,0.165554460609,2.13109948762,,,-1.35936031217,-0.788150569541
BODY08M,"RABGAP1L",ENSG00000152061,6.685269,0.561533780661,,-0.118073781315,1.60974566749,1.4660063287752645,1.60160175646,,,,1.35283509718,,,,,-1.15626606014,-0.755707999592,,,-1.19469436713,,,,,,,,0.55282785483,,,,-3.10451473651,-0.982989706755,-2.64332948694,,,-1.23324831776,,,,-0.687632299745,-1.9615051473,-1.14545338844,,0.563579985008,0.977298409768,,,-2.07896722464,-1.25994270727
BODY08,"RABGAP1L",ENSG00000152061,9.062186,1.09148470347,,1.41316291473,2.79834200016,3.065316562239317,3.05555624517,,,,2.63800954926,,,,,-2.15996840748,0.233811567394,,,-0.988194134947,,,,,,,,2.00157584903,,,,-3.53647148773,-0.0188328914075,-3.12066129284,,,-0.122461949393,,,,0.796510489028,-1.175278263,-0.13107616987,,0.0286366738303,2.37879222666,,,-0.947596687763,-0.484388553388
EDUC03,"RABGAP1L",ENSG00000152061,6.338462,3.94637140058,,3.2656779687,2.00137368081,1.5852050778538591,1.68570218195,,,,3.55937458782,,,,,-1.23206622247,1.21608277609,,,0.37754148652,,,,,,,,1.3469058207,,,,3.21538414114,3.40330111269,2.90751242979,,,3.63684959367,,,,4.43516483203,4.23831381887,3.98850917332,,0.370054855878,4.14698963332,,,3.78382721109,4.22125066717
FATM04B,"RABGAP1L",ENSG00000152061,8.806430,0.929867323709,,0.90319658745,1.5131339746,2.469475345916664,2.4585007655,,,,1.6620813897,,,,,-0.793293077315,0.330696906056,,,-0.287118940298,,,,,,,,1.58022338044,,,,-2.6450187932,-0.6065540014,-2.37098176437,,,0.0980873784931,,,,0.787818301326,-0.286135452883,-0.110199008318,,-0.363978018427,1.46184368636,,,-0.0319527785106,0.098377686524
FATM04M,"RABGAP1L",ENSG00000152061,6.948616,0.813425508145,,-0.0409094112106,0.963553514585,1.6073193289110728,1.75467340641,,,,0.914981998685,,,,,-0.00962595540661,-0.10904526914,,,-0.649998092804,,,,,,,,0.857274123646,,,,-2.4631857627,-1.04883089669,-2.22413886561,,,-0.479428445027,,,,-0.115667673058,-0.850810703412,-0.638587802619,,-0.20431054382,0.697633841715,,,-0.701569027244,-0.255355617952
FATM04,"RABGAP1L",ENSG00000152061,7.050703,0.796948911144,,1.15949360527,1.50371741457,2.4529930443064925,2.409247909,,,,1.87170859569,,,,,-0.930859910186,0.514259692683,,,-0.205267738309,,,,,,,,1.5898763178,,,,-2.30623804111,-0.467968560607,-2.04050868329,,,0.366240670683,,,,1.11080500297,0.0516916786836,0.129163988713,,-0.41366798164,1.67495768476,,,0.281165874606,0.335015484149
MENA02F,"RABGAP1L",ENSG00000152061,6.034939,3.1337865841,,2.66000155139,3.49786633494,5.254933696107919,5.37040541765,,,,1.53070922102,,,,,0.683654849012,1.98199482026,,,1.52029426668,,,,,,,,4.51238979094,,,,-3.93587571781,4.13597390504,-4.06442818471,,,2.34905407143,,,,1.63679061137,0.428014631205,3.91809917129,,-2.74598757136,2.32807345992,,,1.26264873029,1.44599674662
NEUR02B,"RABGAP1L",ENSG00000152061,8.544090,-1.63799062447,,-2.61281162087,-0.0201943176328,-0.516658372034735,-0.16491159549,,,,-2.23090049117,,,,,-0.580458824059,-0.0393851772649,,,-0.952561366458,,,,,,,,0.106878637754,,,,-3.76813459571,-2.44448320755,-3.48633777385,,,-2.98337885003,,,,-3.91557980742,-3.63628172835,-3.46799636032,,-1.79360917908,-3.45939240292,,,-3.14205270369,-3.79451962168
NEUR02F,"RABGAP1L",ENSG00000152061,5.691116,-1.25651335006,,-3.23832051217,-0.0899377243148,-1.0891218314097977,-0.912180691362,,,,-2.53399029783,,,,,-0.571099115919,-0.111050132249,,,-0.788550375452,,,,,,,,-0.434869435916,,,,-3.01091351763,-2.01906016475,-2.82566690395,,,-2.78969672375,,,,-3.8123183558,-3.23669996733,-3.11451958655,,-0.788386172149,-3.61588896352,,,-2.74644865141,-3.35486893134
