code,target,ENSEMBL,association,Adipose_Subcutaneous,Adipose_Visceral_Omentum,Breast_Mammary_Tissue,Muscle_Skeletal,DGN_Whole_Blood,Whole_Blood,Artery_Aorta,Artery_Coronary,Artery_Tibial,Heart_Atrial_Appendage,Heart_Left_Ventricle,Spleen,Brain_Amygdala,Brain_Anterior_cingulate_cortex_BA24,Brain_Caudate_basal_ganglia,Brain_Nucleus_accumbens_basal_ganglia,Brain_Putamen_basal_ganglia,Brain_Cerebellar_Hemisphere,Brain_Cerebellum,Brain_Cortex,Brain_Frontal_Cortex_BA9,Brain_Hippocampus,Brain_Hypothalamus,Brain_Spinal_cord_cervical_c-1,Brain_Substantia_nigra,Nerve_Tibial,Cells_Transformed_fibroblasts,Cells_EBV-transformed_lymphocytes,Colon_Sigmoid,Colon_Transverse,Esophagus_Gastroesophageal_Junction,Esophagus_Mucosa,Esophagus_Muscularis,Liver,Minor_Salivary_Gland,Small_Intestine_Terminal_Ileum,Stomach,Adrenal_Gland,Pituitary,Pancreas,Thyroid,Lung,Ovary,Prostate,Testis,Uterus,Vagina,Skin_Not_Sun_Exposed_Suprapubic,Skin_Sun_Exposed_Lower_leg
BFPC04B,"GMEB2",ENSG00000101216,6.743667,-2.80800833452,-4.8327822222,-4.54977826413,-2.14266456347,-2.1260138172555183,,-3.23836892077,-1.63233531423,-4.46144063911,-3.90956173456,,-4.42506390465,,,,,,-3.27700285773,-4.19849110607,,,,,,,-4.33236795799,,,-4.139536563,,,,-4.04534574586,,,,,,-2.94591016596,,,-3.84869243096,,,,,,,-2.83223558002
BFPC04,"GMEB2",ENSG00000101216,6.804377,-2.79205884457,-4.74650522394,-4.62662299977,-2.07915060454,-1.9777428653870988,,-3.14595743245,-1.77423092408,-4.5488017706,-3.59835029679,,-4.24258989265,,,,,,-3.17348736239,-4.07559370924,,,,,,,-4.22356998671,,,-3.98684528306,,,,-3.93528390413,,,,,,-2.85383253109,,,-3.63292558165,,,,,,,-2.76277687282
BLOO01,"GMEB2",ENSG00000101216,8.612646,-1.67962142658,-3.48486195511,-5.18178870635,-0.582438749879,-3.2895269549253756,,-2.20362754779,-0.642555299676,-3.00043478407,-2.20421290547,,-2.8540126928,,,,,,-4.61533970073,-3.99314407898,,,,,,,-4.38124965446,,,-3.77697048403,,,,-4.31881016808,,,,,,-4.70713661177,,,-3.92879559509,,,,,,,-3.50474067854
BLOO06,"GMEB2",ENSG00000101216,8.125797,-0.295487557218,-3.28540388917,-4.41315320654,0.445273431276,-0.8296237060549158,,-1.84624545551,0.0732896362201,-2.72537647799,-1.30996647899,,-2.30767020246,,,,,,-3.96997016701,-4.10103094268,,,,,,,-3.2096374583,,,-2.67464568097,,,,-2.61528049903,,,,,,-2.4691815556,,,-2.79287302953,,,,,,,-1.84559839595
BLOO09,"GMEB2",ENSG00000101216,8.985186,-0.0749144041819,-3.34287132632,-4.60427899917,0.308714017778,-0.7957731374954242,,-2.03567942942,-0.0111150585849,-2.92291396436,-1.28243878,,-2.41378014975,,,,,,-4.12930520456,-4.25685084502,,,,,,,-3.29202659169,,,-2.73465720896,,,,-2.65997005273,,,,,,-2.48635739751,,,-2.84673928455,,,,,,,-1.85675423538
BLOO10,"GMEB2",ENSG00000101216,8.423947,-0.0275390304837,-3.19823086652,-4.58875919825,0.352270414042,-0.7685254168417159,,-1.99099716958,0.258623720332,-2.84569407677,-1.15038125163,,-2.2845578251,,,,,,-4.01626658074,-4.21963080717,,,,,,,-3.20304527175,,,-2.68134608327,,,,-2.62868488097,,,,,,-2.57269922288,,,-2.7432514435,,,,,,,-1.76331590567
BLOO13,"GMEB2",ENSG00000101216,8.361651,-0.271294572975,-3.39110546798,-4.56514833356,0.38009483376,-0.59138796874051,,-1.90838788138,0.0178053332765,-2.84570439861,-1.31133786094,,-2.34163937327,,,,,,-4.08577828617,-4.16692954993,,,,,,,-3.25580842856,,,-2.70481674712,,,,-2.66295583043,,,,,,-2.55828953735,,,-2.82652557148,,,,,,,-1.86562096589
BLOO24,"GMEB2",ENSG00000101216,11.384660,1.67942835355,5.70723470201,5.22986607647,2.17006268033,3.014546248169058,,3.10622629488,1.05917893268,4.44299449256,3.40993917777,,3.93931785343,,,,,,4.34944734522,5.38764617145,,,,,,,5.09991452784,,,5.15266554799,,,,4.30097450907,,,,,,4.14928930682,,,4.80435013661,,,,,,,3.70239080582
BLOO26,"GMEB2",ENSG00000101216,6.336064,0.80646485703,2.20246989836,2.06178867067,0.00428122569965,1.9863866284894474,,1.20886953366,2.71231869254,1.91027796197,1.14775984623,,0.609214851749,,,,,,2.53191320779,1.40438022515,,,,,,,2.30660506859,,,1.77936081762,,,,2.37337392875,,,,,,0.945703538717,,,2.24610148912,,,,,,,1.29906172904
BLOO27,"GMEB2",ENSG00000101216,5.975966,1.45600709523,1.81474120267,2.08990401441,-0.100820083532,1.9169406042622992,,1.00801765791,2.20156160743,0.916142415101,0.778433056361,,0.24258751369,,,,,,2.07067939118,0.958137305681,,,,,,,1.93222034836,,,1.55217048499,,,,1.86723358764,,,,,,0.711871023072,,,1.79061353781,,,,,,,1.03234894698
BLOO30,"GMEB2",ENSG00000101216,8.282421,-0.128346081596,-3.22540981609,-4.43368084769,0.37176151917,-0.5991688331605324,,-2.00360959876,0.0571765605907,-2.79032401336,-1.29630509415,,-2.40521670996,,,,,,-4.00979134184,-4.19790075702,,,,,,,-3.26272991809,,,-2.71758814732,,,,-2.62120237904,,,,,,-2.36804821365,,,-2.82505758525,,,,,,,-1.80201738215
BLOO32,"GMEB2",ENSG00000101216,8.392341,-1.79512719228,-5.09056977652,-4.45941237879,-1.62696104747,-2.4634970974830988,,-2.44821855617,-0.920371620937,-3.6749893013,-2.95217150434,,-3.45677785427,,,,,,-4.04826891115,-4.58684624964,,,,,,,-4.39692863059,,,-4.38247888304,,,,-3.57662195494,,,,,,-3.35854920893,,,-4.11785206178,,,,,,,-3.24799707854
BLOO33,"GMEB2",ENSG00000101216,10.618488,-0.777169057675,-3.13875699991,-5.00645995217,0.110732329035,-1.9356876983944575,,-1.59557742,-1.37817706514,-2.22595536383,-1.2513834074,,-1.71370853748,,,,,,-4.85656296766,-3.92396413687,,,,,,,-3.89668299101,,,-2.9771159697,,,,-3.79969916211,,,,,,-4.25621592875,,,-3.16184006899,,,,,,,-2.17108446736
CROH01,"GMEB2",ENSG00000101216,8.819244,-2.1175334762,-5.02787713154,-5.27566276983,-0.616482936626,-1.3350220565382593,,-4.55749347878,-0.694082200969,-4.50782837573,-3.37498920998,,-3.35808471041,,,,,,-4.69285112328,-4.45465519047,,,,,,,-3.83744395912,,,-3.04765283107,,,,-3.84699527949,,,,,,-4.09925971743,,,-3.35924123167,,,,,,,-2.80323714913
INFB01,"GMEB2",ENSG00000101216,14.565607,-2.24504583123,-6.76541388975,-5.45302682398,-0.777328354785,-2.45879191811624,,-4.70844244497,-1.91279545363,-5.42515442979,-4.12940889244,,-4.75665792027,,,,,,-6.32416316422,-6.17605057622,,,,,,,-5.55501914116,,,-4.50423259789,,,,-4.94128506713,,,,,,-3.85894407249,,,-4.64587058133,,,,,,,-4.35939268964
ULCC01,"GMEB2",ENSG00000101216,7.683568,-1.34849222693,-4.8664289591,-3.03754835795,-0.344928436553,-1.9180579773165984,,-2.6451893709,-1.89036917784,-3.40950532202,-2.92181213192,,-3.58016171303,,,,,,-4.5853210268,-4.5794489886,,,,,,,-4.07736632689,,,-3.31190095558,,,,-3.30801080961,,,,,,-1.75853692411,,,-3.16026156364,,,,,,,-3.29571939747
