code,target,ENSEMBL,association,Adipose_Subcutaneous,Adipose_Visceral_Omentum,Breast_Mammary_Tissue,Muscle_Skeletal,DGN_Whole_Blood,Whole_Blood,Artery_Aorta,Artery_Coronary,Artery_Tibial,Heart_Atrial_Appendage,Heart_Left_Ventricle,Spleen,Brain_Amygdala,Brain_Anterior_cingulate_cortex_BA24,Brain_Caudate_basal_ganglia,Brain_Nucleus_accumbens_basal_ganglia,Brain_Putamen_basal_ganglia,Brain_Cerebellar_Hemisphere,Brain_Cerebellum,Brain_Cortex,Brain_Frontal_Cortex_BA9,Brain_Hippocampus,Brain_Hypothalamus,Brain_Spinal_cord_cervical_c-1,Brain_Substantia_nigra,Nerve_Tibial,Cells_Transformed_fibroblasts,Cells_EBV-transformed_lymphocytes,Colon_Sigmoid,Colon_Transverse,Esophagus_Gastroesophageal_Junction,Esophagus_Mucosa,Esophagus_Muscularis,Liver,Minor_Salivary_Gland,Small_Intestine_Terminal_Ileum,Stomach,Adrenal_Gland,Pituitary,Pancreas,Thyroid,Lung,Ovary,Prostate,Testis,Uterus,Vagina,Skin_Not_Sun_Exposed_Suprapubic,Skin_Sun_Exposed_Lower_leg
BLOO02,"C20orf112",ENSG00000197183,12.675121,,,2.43216939479,,-0.0472864570139679,-0.046196726081,1.24242370973,,,,,-0.238941993227,,,,,,,,-1.98969230901,,,,,,1.27795065707,,,0.948601744644,0.662874860356,,,,,,,0.254474711392,-0.82914413446,,3.02436542881,1.13051728387,0.505810598127,,,,,,,
BLOO05,"C20orf112",ENSG00000197183,40.297182,,,-7.6240519575,,-5.183608375750483,-6.84445713149,-6.1166086471,,,,,-6.023256021,,,,,,,,-7.07517447652,,,,,,-8.86730221277,,,-0.380152808242,-4.99997708668,,,,,,,-7.41177730479,-6.15300917572,,-8.54873097431,-9.53142288677,-5.14933179712,,,,,,,
BLOO08,"C20orf112",ENSG00000197183,13.475137,,,-4.61154805367,,-5.552842330276804,-4.400282278,-4.2918285143,,,,,-4.35994852598,,,,,,,,-3.61708243764,,,,,,-4.14706268286,,,-1.23879683286,-4.79667866278,,,,,,,-4.81255585753,-2.18623495604,,-3.39332048724,-5.26491674978,-6.06852399565,,,,,,,
BLOO14,"C20orf112",ENSG00000197183,18.805791,,,-5.31309230629,,-6.161298137860333,-4.74424051371,-4.26043660135,,,,,-4.8577734998,,,,,,,,-3.15694473102,,,,,,-4.48753497381,,,-0.9397030668,-5.30258986289,,,,,,,-5.23951656271,-2.52434821209,,-4.01980875209,-5.43058058006,-6.40120592043,,,,,,,
BLOO15,"C20orf112",ENSG00000197183,18.002312,,,-4.81438255585,,-5.42866721320624,-4.41629168909,-4.19643817814,,,,,-4.54490139348,,,,,,,,-3.23435151938,,,,,,-4.25560793997,,,-1.0475541199,-4.64082073028,,,,,,,-4.89462070849,-2.17601544654,,-3.70394487145,-5.1231541397,-5.71183221423,,,,,,,
BLOO16,"C20orf112",ENSG00000197183,6.156861,,,-1.95363366251,,-2.676110052820761,-3.31791735448,-0.830968662396,,,,,-2.3334262122,,,,,,,,-2.12587685138,,,,,,-2.2119359376,,,-0.629659193154,-1.81459719751,,,,,,,-2.94495114176,-2.27562674808,,-2.02504807488,-2.99145720549,-3.94578339516,,,,,,,
BLOO19,"C20orf112",ENSG00000197183,38.868702,,,6.96466961761,,4.661557569244155,6.17105109,5.37308110558,,,,,5.4622514852,,,,,,,,5.89312501198,,,,,,8.14834460948,,,0.110387255688,4.69975476466,,,,,,,6.56823172528,5.43291737306,,7.99049946884,8.38234938091,4.04214917689,,,,,,,
BLOO21,"C20orf112",ENSG00000197183,15.596742,,,-3.65907158383,,-3.0434416616832105,-3.01615897781,-3.98271648126,,,,,-2.32464771264,,,,,,,,-2.72805935229,,,,,,-4.09363771098,,,-1.54388504315,-2.27819356826,,,,,,,-3.19710822103,-2.61867209583,,-3.70638167454,-4.41259829878,-3.33659700446,,,,,,,
BLOO22,"C20orf112",ENSG00000197183,10.561869,,,-3.25406123175,,-3.00760137948165,-2.99835665677,-3.72917171597,,,,,-2.27339368274,,,,,,,,-2.96473313555,,,,,,-3.84443648948,,,-1.42459980227,-2.17030597151,,,,,,,-3.07881822933,-2.6882832575,,-3.22499551204,-4.20812701079,-3.25338549176,,,,,,,
BLOO23,"C20orf112",ENSG00000197183,13.677843,,,-4.77541867555,,-3.734597514385527,-2.9157558111,-3.7055837366,,,,,-2.54301176261,,,,,,,,-2.11048773843,,,,,,-4.34537045869,,,-1.35295609309,-2.98169027482,,,,,,,-3.19924603918,-3.09277385501,,-4.07385247512,-3.89996493283,-3.39898514137,,,,,,,
BLOO26,"C20orf112",ENSG00000197183,25.497382,,,-4.6129609153,,-2.8064644699323082,-1.08434974628,-2.92203513304,,,,,-2.10563664836,,,,,,,,0.189230014505,,,,,,-3.35274124048,,,-1.13724602226,-2.90635046829,,,,,,,-2.49874706099,0.151567322607,,-5.66614845217,-3.46823615146,-2.43668806809,,,,,,,
BLOO27,"C20orf112",ENSG00000197183,29.234101,,,-4.89137516503,,-2.581921318055764,-0.813117723129,-2.12869398413,,,,,-2.36865718766,,,,,,,,0.972245824149,,,,,,-3.41869355137,,,-0.528236158508,-3.07778318562,,,,,,,-2.92340533776,-0.0884127929364,,-5.7807406312,-3.43522258742,-2.02835265694,,,,,,,
BLOO28,"C20orf112",ENSG00000197183,47.151238,,,-8.74178485479,,-6.079111574745166,-7.53858911801,-6.36054207197,,,,,-6.6121548183,,,,,,,,-6.69752968419,,,,,,-9.80606973755,,,0.362612703629,-6.25560477823,,,,,,,-7.92715552558,-6.91328490039,,-9.85204337599,-10.2545015775,-5.48407690296,,,,,,,
BLOO31,"C20orf112",ENSG00000197183,7.467475,,,2.12022697525,,2.5747510796898028,3.35369032204,0.727279652924,,,,,2.25482229717,,,,,,,,1.73693483127,,,,,,2.25011535285,,,0.537886850701,1.74096246136,,,,,,,2.7664105487,2.22788665707,,2.31795270916,2.81992578442,3.62046993242,,,,,,,
BLOO33,"C20orf112",ENSG00000197183,7.344103,,,-3.69832207493,,-2.1715890793018784,-4.18353830169,-0.529887893826,,,,,-0.925768995279,,,,,,,,-0.247796386125,,,,,,-2.64811365282,,,2.58600765677,-0.799431157184,,,,,,,-1.10257342567,-4.31453997072,,-3.33195190947,-2.24457604468,-2.27353990342,,,,,,,
BLOO35,"C20orf112",ENSG00000197183,35.732101,,,8.7114961154,,7.975525145317322,5.99537779446,3.97092181666,,,,,8.1701581866,,,,,,,,2.14278488488,,,,,,7.58667146137,,,1.76113768692,4.50798069357,,,,,,,8.2875901844,4.66938933843,,9.0808099149,8.07270229258,5.88797731643,,,,,,,
BLOO36,"C20orf112",ENSG00000197183,5.839381,,,-2.05144734304,,-1.8396232846505582,-2.29083484993,-3.19481591632,,,,,-1.72670859134,,,,,,,,-2.46120039547,,,,,,-2.9389575555,,,-1.11246557123,-1.39215135591,,,,,,,-2.46032394553,-1.6341289049,,-2.60287469794,-3.55891082564,-2.27582540404,,,,,,,
HEAL01,"C20orf112",ENSG00000197183,8.056812,,,-4.68589826535,,-3.5988759860163686,-3.20953025667,-3.31002508989,,,,,-2.88697486088,,,,,,,,-1.22691754418,,,,,,-4.44481736066,,,-0.594203292652,-3.56966311772,,,,,,,-3.32479678915,-3.71800477212,,-3.20859648937,-3.3482529895,-3.43123170487,,,,,,,
MENA02F,"C20orf112",ENSG00000197183,5.833777,,,-4.068576018,,-2.290036522416706,-2.86619547176,-0.648422782462,,,,,-2.58281610789,,,,,,,,-0.706759146454,,,,,,-3.08396588112,,,0.72235865542,-1.72896242588,,,,,,,-2.81335935886,-2.99346929809,,-3.38932435187,-1.74698911068,-1.46910427543,,,,,,,
REPR01,"C20orf112",ENSG00000197183,7.132385,,,-4.21174093883,,-2.559954585129003,-2.95879262046,-1.07526399284,,,,,-2.18719163404,,,,,,,,0.615412701482,,,,,,-3.32347113444,,,-0.0282555400648,-2.9580226849,,,,,,,-2.84207127338,-2.31195048656,,-2.62436883814,-3.91497603219,-2.33334716359,,,,,,,
SMOK05,"C20orf112",ENSG00000197183,10.541256,,,3.81952839599,,3.558728056778658,2.94137392469,3.11093296603,,,,,2.14377073437,,,,,,,,2.29964945819,,,,,,3.74775263704,,,-0.977318550777,4.08832644027,,,,,,,2.84478613224,3.83215603732,,4.03709717804,3.19048312967,4.29404897924,,,,,,,
