code,target,ENSEMBL,association,Adipose_Subcutaneous,Adipose_Visceral_Omentum,Breast_Mammary_Tissue,Muscle_Skeletal,DGN_Whole_Blood,Whole_Blood,Artery_Aorta,Artery_Coronary,Artery_Tibial,Heart_Atrial_Appendage,Heart_Left_Ventricle,Spleen,Brain_Amygdala,Brain_Anterior_cingulate_cortex_BA24,Brain_Caudate_basal_ganglia,Brain_Nucleus_accumbens_basal_ganglia,Brain_Putamen_basal_ganglia,Brain_Cerebellar_Hemisphere,Brain_Cerebellum,Brain_Cortex,Brain_Frontal_Cortex_BA9,Brain_Hippocampus,Brain_Hypothalamus,Brain_Spinal_cord_cervical_c-1,Brain_Substantia_nigra,Nerve_Tibial,Cells_Transformed_fibroblasts,Cells_EBV-transformed_lymphocytes,Colon_Sigmoid,Colon_Transverse,Esophagus_Gastroesophageal_Junction,Esophagus_Mucosa,Esophagus_Muscularis,Liver,Minor_Salivary_Gland,Small_Intestine_Terminal_Ileum,Stomach,Adrenal_Gland,Pituitary,Pancreas,Thyroid,Lung,Ovary,Prostate,Testis,Uterus,Vagina,Skin_Not_Sun_Exposed_Suprapubic,Skin_Sun_Exposed_Lower_leg
ADHD04,"HYI",ENSG00000178922,8.222580,3.5019095753,3.64164014655,2.53311929658,3.30765001465,-0.6176376924618622,1.43819606316,,4.16703655766,3.5532213916,3.24684682761,3.58380925409,,,3.3075493046,,,,3.15665851952,,2.3623875615,,,,3.67961016452,,3.26966875963,3.66995119554,,3.3177658223,4.04921151621,3.21171463581,4.6611915495,3.33160008509,4.81631460204,,2.69525739837,4.32283270713,3.10903460449,2.79724327694,3.99267456096,3.95058399061,4.46040705093,,,,,,5.80551585945,3.89932845672
ADHD05M,"HYI",ENSG00000178922,7.838452,3.42036403106,3.34457636989,2.57479924745,3.27388975983,0.7688658870327241,1.76726248459,,3.1403772295,3.59091402356,3.11460348105,3.89900827485,,,3.61903702818,,,,3.07326373397,,3.04187537386,,,,3.55502603909,,3.06779047964,3.70614925889,,3.1071970029,3.92619020359,3.00488597746,4.47094488312,2.9140516679,4.44043502826,,2.62061483348,4.12015518541,3.10745826948,3.02419257652,3.38810713934,3.81978407217,4.04932354241,,,,,,5.0329171631,3.69866609087
ADHD05,"HYI",ENSG00000178922,9.761101,3.8775953331,4.02593257867,2.76481529734,3.63699727367,-0.668480830686017,1.50311741394,,4.37969340228,3.89452526331,3.60021424636,3.94591019098,,,3.63170430336,,,,3.45037741207,,2.53556618795,,,,4.03020305129,,3.54855768589,3.995095399,,3.63030228818,4.46129224708,3.49697622612,4.96817020996,3.62977084173,5.2380146661,,2.99239765867,4.72525512386,3.39194700209,3.14092041627,4.31364273645,4.26946734502,4.81443864636,,,,,,6.04588970544,4.23274288481
BLOO03,"HYI",ENSG00000178922,9.302300,-2.68271444845,-1.83501497189,-1.51070188154,-2.30149569356,-0.2906342040452125,-2.1417638644,,-1.7809283906,-2.29992958142,-2.32726947646,-2.39413980347,,,-2.71730701317,,,,-2.24038414223,,-3.37432116428,,,,-2.60096874678,,-2.28492400912,-3.00289546092,,-2.49369040892,-3.2628904797,-2.46982867318,-4.82433524812,-2.53645291393,-2.36953119831,,-1.47148519308,-3.30763272719,-1.93759833205,-2.56318398173,-2.63537675603,-2.71330657072,-2.38263444384,,,,,,-3.9865886331,-3.60176525684
BLOO20,"HYI",ENSG00000178922,6.695057,-1.14449433329,-0.701768569803,-1.2620662081,-0.99422772335,0.20495205943623224,-1.02071654569,,-0.965917645414,-1.02509616525,-0.984107739274,-1.02124570172,,,-1.53050031996,,,,-1.14056817529,,-2.17247389113,,,,-1.2812830185,,-0.968213601136,-1.55823115751,,-1.29244129594,-2.02930416999,-1.18684849458,-3.69018460544,-1.19526568061,-1.18360102476,,-0.294234419121,-2.13826774311,-0.685591012206,-1.38785938869,-1.51050040007,-1.40999223005,-1.21781457634,,,,,,-3.09907072213,-2.278165424
BLOO26,"HYI",ENSG00000178922,4.741818,-4.74546149082,-4.02422252831,-1.98146157854,-3.80088612735,-1.981792566005429,-2.22289891525,,-1.11967296188,-3.98872672276,-3.75666999026,-4.17577833233,,,-3.37577875085,,,,-3.47320607577,,-4.29763385824,,,,-3.86105844297,,-4.12105594653,-4.07749242611,,-3.69452838583,-3.51236001468,-3.95606049985,-2.70155641114,-3.6175880811,-3.90061026196,,-3.56397395708,-2.84705882602,-3.87310543625,-3.61888829167,-3.10573872751,-4.24280091856,-4.17612277549,,,,,,-2.31045785417,-2.89007220822
BLOO33,"HYI",ENSG00000178922,7.033337,0.608595080918,-0.268647634126,-0.280905649289,-0.528651717379,1.7033713284263887,-0.802547770252,,-0.0386454659498,0.107396471536,-0.324411824337,1.00452118054,,,-0.605722606626,,,,-0.558008820375,,0.6552575025,,,,-0.275531296196,,0.967248104097,-0.888742968108,,-0.490460155529,-0.72353676846,1.07216596336,-0.883624776905,0.189018681077,0.959930470794,,0.298488394432,0.0912939887937,-0.474063600676,0.00202019322425,-1.20402992759,0.901636644605,-0.51638492911,,,,,,0.333055251501,-0.681770059391
EDUC01F,"HYI",ENSG00000178922,5.502352,-3.19813168375,-4.04473239749,-3.62076243185,-3.3590747274,-0.8528434419921728,-1.88437711043,,-3.42706336699,-3.66269501237,-3.94941175907,-2.98590986868,,,-3.85365299121,,,,-3.16679338101,,-0.961264202459,,,,-3.22298396457,,-3.16645019153,-3.68544952406,,-3.15352525672,-4.17318560112,-2.91868831681,-3.78450571108,-3.79669616502,-3.78511456112,,-2.78738017084,-4.44947636352,-3.2345086695,-2.70312938307,-3.79657894877,-3.79887701149,-3.89562625115,,,,,,-5.0958282647,-3.8242855426
EDUC01,"HYI",ENSG00000178922,9.634044,-4.26049580497,-5.59941374477,-4.29202355021,-4.59910892402,-0.8557707168066923,-2.87584686357,,-4.68817319687,-4.76995497019,-5.18120161343,-3.90961894198,,,-4.74731196214,,,,-4.18498232469,,-0.843262909219,,,,-4.66719172217,,-4.53710783942,-4.87812474548,,-4.09138724519,-4.9888546342,-4.30702272495,-4.25389455869,-4.23637062,-5.64600342021,,-4.24055063168,-6.00527688677,-4.09151718582,-3.53422687732,-5.2917447099,-4.95652880148,-5.29249136324,,,,,,-6.61256684867,-4.93876007206
EDUC03,"HYI",ENSG00000178922,22.921398,-6.77733894004,-8.63498036745,-5.69269280805,-7.58042798138,-0.42555372050302553,-4.19810443573,,-7.01052748012,-7.57550132372,-7.61479782936,-7.2982888077,,,-7.20092438917,,,,-7.22458314721,,-3.90639505663,,,,-8.05998478224,,-7.04596785247,-7.93303550516,,-6.96261466625,-8.22353895072,-6.89468449943,-6.6229802072,-6.26759561692,-9.38810301981,,-7.19992415639,-9.05382133328,-6.96606507828,-6.30448497687,-8.82282867215,-7.53736290564,-8.29595308679,,,,,,-10.1646842717,-8.26780210543
MENA02F,"HYI",ENSG00000178922,8.852695,4.85195005163,4.92632845914,2.88884719307,4.79129788604,1.2346851033498427,3.20609226361,,3.94837640817,4.73337984444,4.43747837829,4.87442714867,,,4.4883421477,,,,4.70864335943,,2.67956039173,,,,5.29354964089,,5.24338179634,5.25885827474,,4.22750862713,4.72428141235,5.33459931395,4.41680734456,4.96587942429,6.39624624658,,4.31862969875,5.77396363666,4.37262760564,4.85024537817,4.55756774861,4.96573198851,5.07200825286,,,,,,6.3185282982,4.93088013942
SCHI01,"HYI",ENSG00000178922,5.513513,3.74168539445,4.39306112268,3.35090409057,4.06129400236,1.4328331912157388,2.42544752644,,2.55301277257,4.34969890928,3.93418493963,4.36623961437,,,3.67791756978,,,,3.9619184123,,2.46963493428,,,,4.20953452443,,3.88226496737,4.18853073398,,4.2656234153,4.80000745127,3.91083696468,3.0319195445,3.96184496146,4.93502698078,,4.17279761942,3.90191459925,3.39984456227,2.91638878316,4.70982283125,4.64317618719,3.78646007699,,,,,,3.81078634023,3.5989786749
