code,target,ENSEMBL,association,Adipose_Subcutaneous,Adipose_Visceral_Omentum,Breast_Mammary_Tissue,Muscle_Skeletal,DGN_Whole_Blood,Whole_Blood,Artery_Aorta,Artery_Coronary,Artery_Tibial,Heart_Atrial_Appendage,Heart_Left_Ventricle,Spleen,Brain_Amygdala,Brain_Anterior_cingulate_cortex_BA24,Brain_Caudate_basal_ganglia,Brain_Nucleus_accumbens_basal_ganglia,Brain_Putamen_basal_ganglia,Brain_Cerebellar_Hemisphere,Brain_Cerebellum,Brain_Cortex,Brain_Frontal_Cortex_BA9,Brain_Hippocampus,Brain_Hypothalamus,Brain_Spinal_cord_cervical_c-1,Brain_Substantia_nigra,Nerve_Tibial,Cells_Transformed_fibroblasts,Cells_EBV-transformed_lymphocytes,Colon_Sigmoid,Colon_Transverse,Esophagus_Gastroesophageal_Junction,Esophagus_Mucosa,Esophagus_Muscularis,Liver,Minor_Salivary_Gland,Small_Intestine_Terminal_Ileum,Stomach,Adrenal_Gland,Pituitary,Pancreas,Thyroid,Lung,Ovary,Prostate,Testis,Uterus,Vagina,Skin_Not_Sun_Exposed_Suprapubic,Skin_Sun_Exposed_Lower_leg
BFPC02F,"ARSB",ENSG00000113273,5.868927,-3.82885145642,-5.40849110561,-1.87807583914,-1.93314700151,-3.9546757795636713,-2.77919947677,-4.40763240955,-1.44562216395,-3.03306905352,,-0.248272252,0.277273893288,,0.737102516732,0.0150110817607,-1.14114178263,0.126626589752,0.358173676508,1.39976346975,1.09921865758,0.510759465494,,,,,-3.64336601415,-2.87292185453,,-0.561648430835,,,-1.00081102726,,4.41474014324,,,-2.11991238417,,,,,-3.37173033081,,,-0.165425214279,,,-4.0964772154,-4.22994161563
BFPC03F,"ARSB",ENSG00000113273,5.966094,-4.02342616844,-5.59346528955,-1.90041786629,-1.75947134772,-3.9561920825522834,-2.90855602711,-4.52183032107,-1.46688080215,-3.07223898257,,-0.30914669574,0.259251137457,,0.670043095473,-0.0764837440386,-1.05669086396,0.115290047776,0.379277409699,1.34995276941,1.02967063442,0.513557544909,,,,,-3.66005096695,-2.9505146082,,-0.325800812229,,,-1.07170182518,,4.43409505058,,,-2.16770685821,,,,,-3.44442243176,,,-0.212533338093,,,-4.18042218191,-4.33780808699
BFPC04F,"ARSB",ENSG00000113273,4.938548,-4.37658003203,-5.37990699811,-1.37059243401,-1.22433080635,-2.718742769542399,-1.01144175677,-3.06108253334,-0.276121315851,-1.51522218688,,-0.252868639348,0.129681806044,,-0.119934878901,-0.326771880428,-0.752989376662,-0.257112529352,-0.327723596511,0.624349682386,0.327609660235,-0.406498440867,,,,,-2.33976194113,-2.14239205499,,0.47779603586,,,-1.53606804383,,2.94826509952,,,-2.35660375349,,,,,-2.54008399116,,,-0.440862826121,,,-2.79617135924,-3.18903102969
BFPC04,"ARSB",ENSG00000113273,4.122157,-3.38121840918,-4.93796907527,-0.250111210205,0.0894848360249,-2.299102020195112,-0.247082883686,-2.53537364752,0.265944310635,-0.655729639754,,0.566033865383,0.297566873289,,-0.344150926067,-0.588283424569,-0.759833720963,-0.380459263098,-0.931852487781,0.325005446555,0.100337911438,-0.137627050128,,,,,-1.27877222896,-1.19833134409,,0.493906025783,,,-1.18248664367,,1.88616785594,,,-1.83855093377,,,,,-2.04117310856,,,-0.549857780032,,,-1.80898827866,-2.31003801687
BODY07F,"ARSB",ENSG00000113273,3.070229,-2.94445372281,-4.71636429472,-1.50911398794,-0.833649339016,-2.881956137992711,-1.88154460595,-3.52724969907,-0.910599820533,-1.97122290041,,-0.584256086711,0.145443981924,,-0.401219125652,-1.21523691349,-1.50678186468,-0.850722600738,-0.399565900576,0.0406663468759,-0.118405247828,-0.447058187427,,,,,-2.5968774815,-1.64896334815,,-0.667240889847,,,-0.733688537689,,3.41547400344,,,-1.42508518317,,,,,-2.47026667086,,,0.772466727564,,,-3.13754216479,-3.1732072868
FATM02F,"ARSB",ENSG00000113273,4.586918,-3.69983984676,-5.18407904169,-2.06687111448,-1.84386122349,-3.6034102834387673,-2.32219734525,-4.03874458185,-1.27071778527,-2.75222662467,,-0.386206406926,0.0698115287918,,0.299785430676,-0.40686718373,-1.52290716875,-0.319315801392,0.120586019859,0.931062694375,0.671242339751,0.132072339754,,,,,-3.4366333312,-2.18687238083,,-0.42412623739,,,-0.831843320768,,3.90749345029,,,-1.87557102388,,,,,-2.87120363968,,,0.379654962529,,,-3.88643257019,-3.99983014412
FATM03F,"ARSB",ENSG00000113273,5.129274,-3.8531318918,-5.38968050895,-2.0707531315,-1.7352611579,-3.5904984910371573,-2.44633319481,-4.13850261735,-1.31916859177,-2.75371963412,,-0.394190327564,0.0730188050364,,0.318359157466,-0.45585068186,-1.36943492979,-0.282344429098,0.230817244028,0.947729476311,0.662349126902,0.175215368082,,,,,-3.47833484853,-2.25183075137,,-0.115247357085,,,-0.897177459824,,4.00628979702,,,-1.89009825827,,,,,-2.94265284956,,,0.384142918133,,,-3.99032779817,-4.11192565689
FATM04F,"ARSB",ENSG00000113273,3.860089,-4.43472050849,-5.47255360841,-2.27953004146,-1.19791554033,-2.5875651134091107,-0.292406415911,-3.05317687594,0.0334773888214,-1.62504047266,,-0.683323481811,-0.0265080518993,,-0.684603416755,-0.709943656439,-1.4870950679,-0.62565285802,-0.666878791344,0.171218185105,-0.126280454228,-0.783467974958,,,,,-2.63946838192,-1.43172477326,,0.455502132107,,,-1.45726839411,,2.5106023213,,,-2.48048723951,,,,,-2.33672569298,,,0.26765351794,,,-2.95977827479,-3.32674006199
FATM04,"ARSB",ENSG00000113273,3.073369,-3.50024843229,-5.10025899072,-1.49468300596,-0.404878305588,-2.433911294802283,-0.0639444174921,-2.8866518491,0.357047536758,-1.44077423495,,0.516922584474,0.24023725439,,-0.645898127884,-0.717270536406,-1.48260002125,-0.683340427862,-1.30310518532,0.174952066627,-0.0351496881397,-0.350587400995,,,,,-2.19135078841,-0.649545250702,,0.0281498668381,,,-1.56879721667,,1.97257172099,,,-2.09130693139,,,,,-1.91445292562,,,0.269670769608,,,-2.45237991082,-2.85125282395
