code,target,ENSEMBL,association,Adipose_Subcutaneous,Adipose_Visceral_Omentum,Breast_Mammary_Tissue,Muscle_Skeletal,DGN_Whole_Blood,Whole_Blood,Artery_Aorta,Artery_Coronary,Artery_Tibial,Heart_Atrial_Appendage,Heart_Left_Ventricle,Spleen,Brain_Amygdala,Brain_Anterior_cingulate_cortex_BA24,Brain_Caudate_basal_ganglia,Brain_Nucleus_accumbens_basal_ganglia,Brain_Putamen_basal_ganglia,Brain_Cerebellar_Hemisphere,Brain_Cerebellum,Brain_Cortex,Brain_Frontal_Cortex_BA9,Brain_Hippocampus,Brain_Hypothalamus,Brain_Spinal_cord_cervical_c-1,Brain_Substantia_nigra,Nerve_Tibial,Cells_Transformed_fibroblasts,Cells_EBV-transformed_lymphocytes,Colon_Sigmoid,Colon_Transverse,Esophagus_Gastroesophageal_Junction,Esophagus_Mucosa,Esophagus_Muscularis,Liver,Minor_Salivary_Gland,Small_Intestine_Terminal_Ileum,Stomach,Adrenal_Gland,Pituitary,Pancreas,Thyroid,Lung,Ovary,Prostate,Testis,Uterus,Vagina,Skin_Not_Sun_Exposed_Suprapubic,Skin_Sun_Exposed_Lower_leg
BFPC02B,"GGNBP2",ENSG00000005955,5.903229,-4.37939376673,-3.69413077135,-3.8524494479,-4.57341390451,-4.188489034456445,-3.80968803541,-3.16913631386,,-4.51301387992,,,-3.23712400233,,-1.89769913377,-3.87589891755,,,,,,,-4.28469260917,,,,-4.36519948169,-4.12764630691,-4.26331018868,-3.15094205395,-4.41056940067,-4.58390550048,-4.34617749047,-3.7040856882,,-4.56214997976,,-4.24545535504,-3.5387234741,,-3.75909006572,-4.7285754912,-4.02268257956,,,-4.42783452813,-2.98373857045,,-4.65954341762,-4.47835168526
BFPC02,"GGNBP2",ENSG00000005955,5.998137,-4.36880484974,-3.73207694763,-3.85891943699,-4.61154333023,-4.171101095885775,-3.69701225681,-3.18458394456,,-4.55487293882,,,-3.3446006905,,-1.92384030077,-4.03437595591,,,,,,,-4.02905327431,,,,-4.33002867807,-4.124387057,-4.23377219514,-2.87321057082,-4.30125189007,-4.62400925163,-4.39735588286,-3.66321579654,,-4.59195969745,,-4.25705436834,-3.67537649724,,-3.74992123616,-4.77669915192,-4.04027403815,,,-4.4758190079,-2.602172826,,-4.73886471437,-4.48955007415
BFPC03B,"GGNBP2",ENSG00000005955,6.255308,-4.48563654282,-3.81366718296,-3.99192607327,-4.68144101047,-4.295598235221575,-3.89812342071,-3.23779484054,,-4.62673605905,,,-3.31242254274,,-1.93416996422,-3.92143607811,,,,,,,-4.30417496681,,,,-4.50880855134,-4.24446439941,-4.38952205459,-3.15281271298,-4.48675079083,-4.66899193673,-4.47179897904,-3.8666475988,,-4.66967761306,,-4.36789982785,-3.62453436678,,-3.8828275999,-4.8279997297,-4.03318245476,,,-4.53511000863,-3.03657718494,,-4.7449645779,-4.59253707851
BFPC03,"GGNBP2",ENSG00000005955,6.294453,-4.50516948851,-3.88192072486,-4.04492707079,-4.74962890835,-4.310430731780906,-3.81736695937,-3.27594452641,,-4.6987508017,,,-3.44294071567,,-1.96406506544,-4.09215970215,,,,,,,-4.05151706993,,,,-4.51121226652,-4.26726412901,-4.39308633158,-2.8885638202,-4.40260156188,-4.73236848795,-4.55479371442,-3.87477025869,,-4.73096549579,,-4.41416678828,-3.79000967863,,-3.90942900294,-4.90267575676,-4.05608712971,,,-4.61028863378,-2.66109903239,,-4.85579455798,-4.63801606475
BFPC04B,"GGNBP2",ENSG00000005955,14.879722,-6.63693653977,-5.67827156195,-5.80956772239,-6.69009055211,-6.382659031169909,-5.33144445847,-4.9707277702,,-6.70948720154,,,-4.25103175442,,-2.83894499538,-4.82753148342,,,,,,,-5.38705826845,,,,-6.40572487283,-6.31036975406,-6.49442292194,-4.85096346203,-5.47172990102,-6.55218531364,-6.73106282694,-5.93517105532,,-6.75131926159,,-5.95709377438,-4.93300477918,,-5.64207209535,-6.93724746382,-5.22997898303,,,-6.55735467144,-4.37386799503,,-6.23181523939,-6.6304108711
BFPC04F,"GGNBP2",ENSG00000005955,5.268645,-4.46292865191,-4.3274750176,-4.25606391837,-4.54274323033,-4.41217370142562,-3.78872241069,-3.19664900701,,-4.60261210792,,,-2.98162606606,,-2.39856701042,-3.22656524992,,,,,,,-2.75663020148,,,,-4.44444409212,-4.45803888655,-4.38331685201,-2.61181020233,-3.10837431858,-4.36703739437,-4.61239745087,-4.10060414463,,-4.67466550891,,-4.08733010516,-3.23949581289,,-3.97081317972,-4.75492598713,-3.47202773785,,,-4.47828084887,-1.88215151571,,-4.4133004773,-4.48404102645
BFPC04M,"GGNBP2",ENSG00000005955,8.115658,-5.40624618375,-4.19047203294,-4.43397590693,-5.41220984181,-5.096667372772031,-4.16956797276,-4.17421438839,,-5.38792981768,,,-3.35764608623,,-1.89316028753,-3.95033781162,,,,,,,-5.12714636046,,,,-5.1001637052,-4.95639852783,-5.27670903697,-4.50853667436,-4.94693096458,-5.37092682166,-5.40937494402,-4.74144920163,,-5.38434667799,,-4.78342742796,-4.08528195782,,-4.44476348363,-5.57409996246,-4.29635511031,,,-5.28281258004,-4.46523511894,,-4.88618807456,-5.37950929772
BFPC04,"GGNBP2",ENSG00000005955,12.239751,-6.52247755552,-5.6737907539,-5.78347899845,-6.57241770675,-6.2957911742844495,-5.30014834822,-4.83550198106,,-6.60895955931,,,-4.25218940004,,-2.86669536914,-4.71465220877,,,,,,,-5.05585934516,,,,-6.32228671189,-6.22392416438,-6.36928338268,-4.62087589148,-5.18958759043,-6.41671702774,-6.63049040715,-5.87800723974,,-6.64344503073,,-5.8719997825,-4.8553452954,,-5.54706592344,-6.81817986882,-5.04093990759,,,-6.45368030505,-4.04672306127,,-6.13598549225,-6.51237456756
BLOO23,"GGNBP2",ENSG00000005955,6.237321,-4.75033471633,-4.43683999864,-4.16516519006,-4.58999045664,-4.339165684159691,-4.12992622232,-4.75988899513,,-4.72375033071,,,-1.67433064549,,-1.80118466313,-3.12322932893,,,,,,,-2.14068188452,,,,-5.03411171778,-4.21290422593,-4.67811005141,-1.92237286529,-3.78701748081,-4.34884988002,-4.81817190103,-3.20460031072,,-4.49333689503,,-4.3546134787,-2.7096175414,,-4.64574624951,-4.53859721444,-3.11876993239,,,-4.56838876059,-2.12668904995,,-4.35079603677,-4.58174760793
BLOO34,"GGNBP2",ENSG00000005955,4.812141,-4.1457075809,-4.07166811355,-3.23638136744,-3.48518361154,-4.337672165010226,-4.37352903884,-3.71802206721,,-3.38127022582,,,-4.47278392562,,0.762297951392,-1.66691333253,,,,,,,-3.43096681329,,,,-4.004521852,-3.60616158788,-4.07927222805,-2.17668981485,-3.16255067697,-2.98178176716,-3.71880743556,-6.69865684182,,-3.91156810856,,-4.31895711939,-2.97872780811,,-4.04455277274,-3.19331611289,-5.45712477003,,,-3.02259155336,-2.85144472659,,-3.49379037997,-4.31822954614
BLOO35,"GGNBP2",ENSG00000005955,13.122525,-6.21227193,-5.5645798248,-4.53118988893,-4.76554635226,-6.543623413528331,-5.41138623788,-4.75368274165,,-4.74541976948,,,-3.5862704278,,-3.79545986899,-2.72939325271,,,,,,,-2.35256976925,,,,-5.26718226487,-5.04266912187,-5.65748822766,-4.0460904611,-3.30829630101,-4.10102365167,-5.76926915456,-5.45651574825,,-6.12615936338,,-5.65495300094,-4.07493431233,,-5.78577690714,-4.63392531011,-4.651185028,,,-4.15586281653,-0.986992525804,,-5.76628392439,-6.51619577871
BODY03,"GGNBP2",ENSG00000005955,9.275020,-5.34453986768,-5.04021851012,-4.06600887963,-5.57448831355,-4.976710256252073,-4.35563635079,-3.89358015283,,-5.65990453449,,,-2.75081671577,,-2.36206542502,-4.41481151799,,,,,,,-2.4415249268,,,,-5.4227488356,-5.34470675756,-5.60498862536,-2.33687045667,-3.30068937503,-5.37389960574,-5.70348923344,-5.01340880344,,-5.21220298053,,-4.91700273789,-2.86912844209,,-5.10907633304,-5.48368814335,-4.36779947486,,,-5.43792400986,-1.63342424156,,-4.76268842705,-5.4440836305
BODY04M,"GGNBP2",ENSG00000005955,5.694219,-3.74226735919,-4.1492161048,-3.92230742537,-4.07655245211,-3.619654327670004,-3.86118325948,-3.41482357888,,-4.37781458663,,,-2.16812374518,,-2.10794304262,-2.60951973264,,,,,,,-2.83480733389,,,,-3.96411457877,-4.11887995232,-4.27980177901,-1.58310331376,-2.69452445014,-4.29467818945,-4.46039315212,-4.11334680422,,-3.66354227762,,-3.85372893111,-2.71235606732,,-4.32635629486,-4.08216486397,-3.15467325209,,,-4.15588845896,-0.931666637341,,-3.69351813085,-3.93093983733
BODY04,"GGNBP2",ENSG00000005955,10.423417,-5.57721685486,-5.32261356867,-4.28708707332,-5.77827072577,-5.171708207814627,-4.589896082,-4.19840433349,,-5.87027593355,,,-2.73767006529,,-2.53808210501,-4.69682493002,,,,,,,-2.70699090065,,,,-5.6275834393,-5.61370450751,-5.86058933571,-2.43543855019,-3.4310653078,-5.64591261689,-5.99514932373,-5.29595551324,,-5.47667011548,,-5.11877263274,-3.01592886549,,-5.22466052724,-5.71679468105,-4.61449935344,,,-5.67130298028,-1.73137686431,,-5.04835840561,-5.65017001143
BODY06B,"GGNBP2",ENSG00000005955,8.281083,-5.07909826214,-4.5049834057,-4.78095722888,-5.52596905652,-4.93800094505474,-4.78793523486,-3.89236836311,,-5.53605289031,,,-3.07206621352,,-2.5262519008,-4.27419294938,,,,,,,-4.92209522632,,,,-5.2539087719,-5.22258770895,-5.2058186992,-3.45112702254,-5.14077169582,-5.60540493376,-5.32067498066,-4.78356895501,,-5.39385389343,,-4.82831509601,-4.80420171937,,-4.53112897854,-5.7811485597,-4.80288779642,,,-5.49404738449,-3.49152541082,,-5.17461177096,-5.15302510646
BODY06,"GGNBP2",ENSG00000005955,8.190454,-5.01804382214,-4.49156178625,-4.77766232601,-5.47401774878,-4.899432090343626,-4.70420782924,-3.85716947895,,-5.46757231036,,,-3.16227520016,,-2.66692632524,-4.33119907281,,,,,,,-4.66978380294,,,,-5.15297367728,-5.17888756607,-5.12822228066,-3.2574251758,-5.09179903958,-5.56378915616,-5.28871621903,-4.68838028444,,-5.401535817,,-4.80279185287,-4.87409426019,,-4.45147209137,-5.74811205672,-4.83153583062,,,-5.42329696658,-3.17804494612,,-5.20287585474,-5.11508105848
BODY07B,"GGNBP2",ENSG00000005955,8.633652,-5.05480429115,-4.51270787541,-4.80756407703,-5.5125399391,-4.900871568243344,-4.72896602319,-3.85258992274,,-5.53734839928,,,-3.04363836287,,-2.48210326992,-4.18543231105,,,,,,,-4.90263539172,,,,-5.2633364543,-5.21349107292,-5.1927799084,-3.35492841626,-5.11396363573,-5.58894653042,-5.31994298919,-4.82733678794,,-5.3635073124,,-4.828112281,-4.76899280493,,-4.54530791865,-5.76938681242,-4.71865379297,,,-5.5013587165,-3.44090827821,,-5.13335721665,-5.11782730282
BODY07,"GGNBP2",ENSG00000005955,9.926025,-5.00993731277,-4.51303077617,-4.83420744691,-5.47683599791,-4.875908716034082,-4.65865660748,-3.82351716519,,-5.48701239791,,,-3.14595126214,,-2.6282140421,-4.23609331331,,,,,,,-4.65635727637,,,,-5.18544736299,-5.18283467509,-5.13180031523,-3.15964368017,-5.06920035637,-5.56011902136,-5.30557170407,-4.76547064647,,-5.38537119826,,-4.82153248611,-4.85843402687,,-4.48861258562,-5.75126835615,-4.74130683787,,,-5.44785232595,-3.12795348372,,-5.17428901723,-5.09546212543
BODY08B,"GGNBP2",ENSG00000005955,17.485200,-7.67033258505,-6.51356523933,-6.45654330051,-7.66864724679,-7.472644802487613,-6.45144874843,-5.8616575586,,-7.61685545685,,,-4.88742825538,,-3.33152848491,-5.45109794297,,,,,,,-6.35949324544,,,,-7.37206295119,-7.44589187982,-7.67090089327,-4.9603200526,-6.16545716089,-7.50641072831,-7.82934404588,-7.35422806134,,-7.88224732278,,-7.02677284767,-6.28664165366,,-6.46214736609,-7.92408886032,-6.29063871866,,,-7.40896720765,-4.83158142124,,-6.73368320005,-7.65744057714
BODY08F,"GGNBP2",ENSG00000005955,7.747414,-4.8775568014,-4.57319491032,-4.50802944909,-4.79888840435,-4.971679631329355,-4.39481314146,-3.50741856387,,-4.8081916418,,,-3.25506310985,,-3.00872749066,-3.13012353393,,,,,,,-2.967059326,,,,-4.7003342189,-4.85547104395,-4.71793859839,-3.04089030306,-3.27301241657,-4.64321556302,-5.04013095441,-4.92073717173,,-5.13230689333,,-4.54032202202,-4.25129561113,,-4.3173836828,-5.0445048759,-4.63260564019,,,-4.63968219533,-2.22314301378,,-4.52646271639,-4.83824603138
BODY08M,"GGNBP2",ENSG00000005955,11.205519,-6.3731874218,-5.04416014441,-5.0218248317,-6.43873139433,-6.021316967073033,-5.11149162829,-5.05967045331,,-6.35967672709,,,-3.93477900881,,-2.00656630725,-4.8171961664,,,,,,,-6.20248336921,,,,-6.1140179396,-6.08348786801,-6.51087028662,-4.220483193,-5.67748113713,-6.34901013292,-6.45294495943,-5.9028943952,,-6.44671260278,,-5.77748997023,-5.00738888537,,-5.19218077678,-6.57974720299,-4.68592720068,,,-6.2180436807,-4.73609295066,,-5.38643089349,-6.3893636613
BODY08,"GGNBP2",ENSG00000005955,17.050508,-7.49013212679,-6.45574237114,-6.40502327569,-7.44751935807,-7.350371216953599,-6.37304090358,-5.70182461567,,-7.40722065118,,,-4.91311751955,,-3.4205921911,-5.30758701581,,,,,,,-5.93580070302,,,,-7.19564868009,-7.26790103936,-7.44714575998,-4.8080837385,-5.84511188136,-7.27076208764,-7.64552091342,-7.25306133008,,-7.71389943477,,-6.88074642263,-6.21452161228,,-6.31774780691,-7.70999343671,-6.1446655609,,,-7.19466518414,-4.55491557189,,-6.60403845489,-7.46678474738
FATM02B,"GGNBP2",ENSG00000005955,6.099185,-4.35389871036,-3.63224897965,-3.78109035553,-4.61319496978,-4.191754485316838,-3.79827452552,-3.32355307432,,-4.59160684147,,,-3.17182634662,,-1.99117903573,-3.88921101261,,,,,,,-4.36715665789,,,,-4.31960864631,-4.21347511992,-4.24644829845,-3.05301746473,-4.50209359576,-4.65650211581,-4.45356540083,-3.86931864937,,-4.61033164108,,-4.14448120448,-4.06357706717,,-3.72221698443,-4.84432755991,-4.06246852439,,,-4.54486764361,-3.25020903125,,-4.49134910746,-4.42087774879
FATM02,"GGNBP2",ENSG00000005955,6.505664,-4.39775545908,-3.70422542882,-3.83547997522,-4.67803811472,-4.248246631409429,-3.76579927018,-3.35028315475,,-4.65120674428,,,-3.31086924049,,-2.0702533355,-4.04035963759,,,,,,,-4.09404062396,,,,-4.3161642769,-4.26018752627,-4.25852726649,-2.87237630993,-4.47312568409,-4.7249874564,-4.53800789438,-3.89268201157,,-4.71467223733,,-4.20346275996,-4.24828793663,,-3.73429737259,-4.92807775285,-4.15738701862,,,-4.60092974021,-2.88229828692,,-4.62379080596,-4.48655947816
FATM03B,"GGNBP2",ENSG00000005955,5.857204,-4.40393137186,-3.69987639756,-3.87147176128,-4.67229063694,-4.228800375696819,-3.82407158881,-3.32261438905,,-4.66065664491,,,-3.21111673688,,-1.99157362252,-3.87998062618,,,,,,,-4.37134372116,,,,-4.41251331877,-4.27647179658,-4.3161511634,-2.99901364232,-4.52635106118,-4.70130213056,-4.51662507717,-3.96177429681,,-4.64962052363,,-4.20993861346,-4.08327269737,,-3.79461733948,-4.89375424103,-4.02395362139,,,-4.61292891798,-3.25431439775,,-4.52224028084,-4.46810200039
FATM03,"GGNBP2",ENSG00000005955,6.801838,-4.472131183,-3.79530127911,-3.96770338667,-4.76383834405,-4.306637733565182,-3.81859320377,-3.36071613235,,-4.74774243036,,,-3.3715714606,,-2.07616287209,-4.03636845075,,,,,,,-4.10495064555,,,,-4.44387023262,-4.34427473337,-4.3562664386,-2.82363541717,-4.51700004056,-4.79175745298,-4.62584311845,-4.0231655699,,-4.77561010795,,-4.29760196993,-4.28885596444,,-3.83747132634,-5.00004467501,-4.11785214775,,,-4.69483444769,-2.89172356028,,-4.67818324957,-4.55909285544
FATM04B,"GGNBP2",ENSG00000005955,13.648397,-6.92209766081,-5.78049273742,-5.70912768693,-6.92638435828,-6.75016958168443,-5.57051450271,-5.24721100699,,-6.9123872108,,,-4.41470223534,,-2.88637534074,-5.1062635787,,,,,,,-5.97860213076,,,,-6.57164284137,-6.6133978949,-6.8119278222,-4.66591706605,-5.84425893261,-6.78411051319,-7.01656743007,-6.50150224352,,-7.11084737186,,-6.18403288754,-5.50583923126,,-5.7718827488,-7.21072340004,-5.65284981009,,,-6.7477347433,-4.46796763715,,-6.23341075237,-6.91463745623
FATM04F,"GGNBP2",ENSG00000005955,7.627880,-4.85677618554,-4.50278970682,-4.27032137188,-4.71234422255,-4.893515345695961,-4.12965029884,-3.55628860643,,-4.74675554547,,,-3.25763348061,,-2.66258581424,-3.31570019928,,,,,,,-2.82658496454,,,,-4.69909225466,-4.74272030964,-4.71233700182,-2.9620323779,-3.43224344634,-4.50691407562,-4.95228857247,-4.80905458826,,-5.08195723136,,-4.39270156208,-3.93522481103,,-4.18314740296,-4.96520681525,-4.07188361242,,,-4.56986008386,-2.12838478059,,-4.49299163978,-4.82996761012
FATM04M,"GGNBP2",ENSG00000005955,9.928155,-5.416644305,-4.14313749113,-4.24289012209,-5.54608511417,-5.148188921594003,-4.17145600488,-4.21380402112,,-5.49746810021,,,-3.31798289146,,-1.71465845289,-4.22374877979,,,,,,,-5.84191404348,,,,-5.06656691694,-5.08751194222,-5.38805426791,-3.91852011646,-5.14405293988,-5.52488621778,-5.46577035235,-4.8775323931,,-5.48540107719,,-4.79410020635,-4.2476884416,,-4.40347026058,-5.7230469221,-4.33160709024,,,-5.42096223253,-4.35029249614,,-4.77643073176,-5.42956647693
FATM04,"GGNBP2",ENSG00000005955,14.665526,-6.82495456162,-5.78390231942,-5.68093866713,-6.78162049761,-6.693153525719161,-5.55165409805,-5.14192463925,,-6.78157590631,,,-4.46221687402,,-2.95185066243,-4.99618266236,,,,,,,-5.55837891759,,,,-6.49516153164,-6.5219556446,-6.69025981691,-4.52450769878,-5.5640173552,-6.61473893126,-6.92078589051,-6.48197712684,,-7.02093918433,,-6.10930951539,-5.4656910491,,-5.68099629826,-7.07019870315,-5.49019943458,,,-6.60398175544,-4.16993552241,,-6.14297854451,-6.80709449519
INTE02,"GGNBP2",ENSG00000005955,4.708187,4.165518095,4.28915817044,3.63937702066,4.15694086553,3.792678724122139,3.43236768752,4.83343567944,,4.65873036119,,,2.13923111469,,0.872740998859,2.82177324234,,,,,,,1.97872630527,,,,4.31482122189,4.43160043855,4.38121951074,3.80162447986,3.89513792915,4.31325667834,4.31152105447,4.05049876104,,4.08607297913,,4.32459045272,4.06247951096,,4.57951046147,4.45600399156,4.53859404283,,,4.57785778001,3.65564573171,,3.91119727697,4.00288549093
WAIS01,"GGNBP2",ENSG00000005955,6.392245,-4.90653213446,-4.37960344227,-3.00089807599,-4.6425467599,-4.564808428218516,-3.93482868048,-3.82228469414,,-4.6442620742,,,-2.32855490251,,-1.76031025973,-3.5952709847,,,,,,,-1.97116582657,,,,-4.37011509985,-4.44450102514,-4.64989053335,-2.04789588652,-1.96608460372,-4.26427956281,-4.82200398303,-4.40292207197,,-4.67772569079,,-4.22649592358,-2.53473419302,,-4.63161373603,-4.53645989284,-3.73278357253,,,-4.42812224217,-1.13480321497,,-4.37497546601,-4.90675494992
WAIS02,"GGNBP2",ENSG00000005955,5.980136,-4.77291434981,-4.25189261373,-2.88974657722,-4.49483151073,-4.4403103252034315,-3.82968431884,-3.69359079395,,-4.52804950292,,,-2.38103202389,,-1.66041574084,-3.50579447946,,,,,,,-1.9299637401,,,,-4.28741589052,-4.30837813762,-4.53028790974,-1.94535119163,-1.91784379993,-4.1286000378,-4.66890969345,-4.27323714373,,-4.52781183281,,-4.15120005849,-2.47121001586,,-4.58423639772,-4.40334502521,-3.56590041756,,,-4.28722954233,-1.15649719909,,-4.21867306201,-4.79560096494
WHIP03,"GGNBP2",ENSG00000005955,7.716744,-4.67634357151,-4.46189737515,-3.82719003476,-4.60402150485,-4.776906477540595,-4.08273790221,-3.32751401297,,-4.71951204747,,,-2.49453127642,,-1.23956592814,-2.91231455318,,,,,,,-2.75669315741,,,,-4.42050550498,-4.34251037565,-4.61441570575,-2.62769496632,-2.14682664182,-4.17687588113,-4.89635220537,-4.35211532961,,-4.85951965462,,-4.28082264315,-3.0752733056,,-4.85167021037,-4.80411190151,-3.26633418442,,,-4.32815692317,-2.17813502598,,-4.13666131761,-4.90325580662
WHIP04,"GGNBP2",ENSG00000005955,7.706483,-4.61823660047,-4.44031646878,-3.84755780486,-4.50439866336,-4.728850096334058,-4.13447902183,-3.30301975953,,-4.683735665,,,-2.32859928845,,-1.29464247309,-2.90022587359,,,,,,,-2.73459234893,,,,-4.42501137022,-4.29884179399,-4.65547263565,-2.79542697967,-2.14785637088,-4.08649585015,-4.91318996935,-4.28770151286,,-4.79849872053,,-4.2552790485,-2.99358181812,,-4.83448949846,-4.75367982422,-3.18625206197,,,-4.23450343198,-2.15134702967,,-4.04168398162,-4.86883172872
