code,target,ENSEMBL,association,Adipose_Subcutaneous,Adipose_Visceral_Omentum,Breast_Mammary_Tissue,Muscle_Skeletal,DGN_Whole_Blood,Whole_Blood,Artery_Aorta,Artery_Coronary,Artery_Tibial,Heart_Atrial_Appendage,Heart_Left_Ventricle,Spleen,Brain_Amygdala,Brain_Anterior_cingulate_cortex_BA24,Brain_Caudate_basal_ganglia,Brain_Nucleus_accumbens_basal_ganglia,Brain_Putamen_basal_ganglia,Brain_Cerebellar_Hemisphere,Brain_Cerebellum,Brain_Cortex,Brain_Frontal_Cortex_BA9,Brain_Hippocampus,Brain_Hypothalamus,Brain_Spinal_cord_cervical_c-1,Brain_Substantia_nigra,Nerve_Tibial,Cells_Transformed_fibroblasts,Cells_EBV-transformed_lymphocytes,Colon_Sigmoid,Colon_Transverse,Esophagus_Gastroesophageal_Junction,Esophagus_Mucosa,Esophagus_Muscularis,Liver,Minor_Salivary_Gland,Small_Intestine_Terminal_Ileum,Stomach,Adrenal_Gland,Pituitary,Pancreas,Thyroid,Lung,Ovary,Prostate,Testis,Uterus,Vagina,Skin_Not_Sun_Exposed_Suprapubic,Skin_Sun_Exposed_Lower_leg
ANKY01,"NPIPB7",ENSG00000233232,6.089840,2.67409420013,4.69935593303,0.767622232437,,,-0.0878725099763,4.09246587753,3.68804196847,4.71607806578,,,3.4769384861,-1.03860117148,2.53049621041,3.76266528033,0.625643014908,,3.90593799943,2.35802078247,3.89767382474,3.68207412351,3.97034438125,4.09627443014,,,,,,0.934150795389,3.71749591827,,,,,,,,4.66355867302,,,,4.09246587753,,,,,,2.67409420013,4.09246587753
BFPC01,"NPIPB7",ENSG00000233232,6.377165,-3.26619140887,-3.30416404483,-4.87450372927,,,-2.6617784232,-4.60323317651,-3.73901268616,-4.29878789297,,,-3.58324284481,-2.52774459098,-3.72190324185,-4.70052319637,-3.428503992,-4.74196400223,-3.98986072354,-4.52940240283,-4.54370122975,-4.41252822668,-4.55415581429,-3.47280378797,,,-3.58596152204,,,-0.449723592185,-2.9655827912,,,,,,,,-3.00878139574,,,-4.52439913941,-4.51978661251,,,-4.06259588369,,,-4.43221456952,-3.6819275799
BFPC02B,"NPIPB7",ENSG00000233232,22.432738,-6.81045965495,-7.38852301551,-5.16028961677,,,-7.28748870076,-8.46769034482,-6.29056676621,-8.54766986763,,,-6.24806540501,-8.25340382326,-8.2343838087,-8.43499027042,-6.59278371933,-7.29073421678,-8.09717797128,-8.61695700305,-8.60612405844,-7.80011974863,-6.93201136393,-7.73652429515,,,-7.85682757674,,,-1.02278307852,-7.67884024829,,,,,,,,-6.34621738721,,,-7.98809998767,-8.23166357629,,,-8.26890061165,,,-8.0481279171,-7.66178710763
BFPC02M,"NPIPB7",ENSG00000233232,18.531919,-5.8547107213,-6.79903770009,-4.38569183669,,,-6.77125320281,-7.47508128311,-5.77173289439,-7.92047481397,,,-6.18325144293,-7.40287820362,-7.67421848921,-7.66732535922,-6.70323243372,-7.23619563784,-7.29465596505,-7.99062252749,-7.58619159269,-7.16432543371,-6.64703767999,-6.71963999883,,,-6.91801840763,,,-0.330319633586,-7.3441097752,,,,,,,,-5.36019371789,,,-7.0780147806,-7.32270413499,,,-7.57699087319,,,-7.43103434969,-6.91011919513
BFPC02,"NPIPB7",ENSG00000233232,18.609949,-6.54901064431,-6.92604799482,-4.93592487796,,,-6.842561818,-8.0718218173,-5.93034791153,-8.01487683589,,,-5.73428379891,-7.84893810347,-7.74666319737,-7.97921644806,-5.92997043062,-6.70568104074,-7.63985631118,-8.07163777133,-8.21821072498,-7.36115710796,-6.49597285201,-7.4099051289,,,-7.49392523134,,,-1.21883125467,-7.15176753564,,,,,,,,-6.09882506269,,,-7.61096163488,-7.83947837478,,,-7.76755166612,,,-7.52193817125,-7.22392656123
BFPC03B,"NPIPB7",ENSG00000233232,20.881768,-6.82327515661,-7.35867702163,-5.12185403301,,,-7.32545477026,-8.42185830446,-6.22522356469,-8.49533236875,,,-6.14711543818,-8.09502885927,-8.22324725058,-8.39531169587,-6.49186926846,-7.28976881504,-8.13753067183,-8.62292114025,-8.55364204006,-7.727976601,-6.83340589722,-7.75841582921,,,-7.82012057364,,,-0.994132343327,-7.64652076553,,,,,,,,-6.35985608249,,,-7.9730220929,-8.18475409106,,,-8.26859055249,,,-8.05747493532,-7.64856804296
BFPC03M,"NPIPB7",ENSG00000233232,17.267309,-5.81028401435,-6.75090041812,-4.35455959527,,,-6.74844217799,-7.44275867478,-5.73554424265,-7.87062185947,,,-6.13175318214,-7.39472536117,-7.61038503456,-7.63154279989,-6.65664421759,-7.20981573083,-7.27148851574,-7.95903173634,-7.54705600341,-7.10999504934,-6.58133687327,-6.6810308536,,,-6.87877357576,,,-0.300273681787,-7.29408908539,,,,,,,,-5.33651960556,,,-7.0402513497,-7.28283843867,,,-7.54648702853,,,-7.40766777349,-6.89195800703
BFPC03,"NPIPB7",ENSG00000233232,18.262299,-6.56120295139,-6.89165978362,-4.89155020695,,,-6.89025365412,-8.01557095917,-5.8611340922,-7.95537295493,,,-5.62127226641,-7.65369586518,-7.74079887292,-7.9295602357,-5.81762209973,-6.70054650777,-7.68227068522,-8.0750706168,-8.15402069744,-7.27862098285,-6.38960424891,-7.44017703631,,,-7.44626754158,,,-1.19217638622,-7.11614988849,,,,,,,,-6.10731373969,,,-7.58983579992,-7.78037170081,,,-7.76081632712,,,-7.52691884397,-7.19938562452
BFPC04B,"NPIPB7",ENSG00000233232,28.049402,-9.83683476419,-10.5073266742,-7.47018369489,,,-9.80432699188,-11.9507994491,-9.15363544843,-11.2904860135,,,-6.86951999591,-10.5476611847,-10.9260586561,-11.4964554089,-8.56134945734,-10.1286959872,-11.0336758563,-11.7175642907,-11.7496580776,-10.6632071829,-8.37182353012,-11.2515144176,,,-10.6754222309,,,-0.2987355939,-10.5996385127,,,,,,,,-8.576601731,,,-10.7156333088,-11.3499134044,,,-11.5796611377,,,-11.3843690441,-10.9565433194
BFPC04F,"NPIPB7",ENSG00000233232,14.616651,-6.97117723452,-6.39854223134,-4.51617547577,,,-6.21429607763,-7.92343842255,-6.22489921313,-7.12956955033,,,-3.66089955901,-6.61878937883,-6.94994136468,-7.74682724537,-4.34012604285,-6.16728050472,-7.21880271095,-7.55498731137,-8.08033863443,-7.18920379352,-5.11998450538,-7.42605179159,,,-7.25607527689,,,-0.640478926559,-6.49518003423,,,,,,,,-5.41349141496,,,-7.30759583518,-7.76290215122,,,-7.34845633353,,,-7.2948578048,-7.16712078821
BFPC04M,"NPIPB7",ENSG00000233232,25.495176,-7.70939341016,-9.12793782739,-6.51848941282,,,-8.30738620409,-9.83007668987,-7.39486620908,-9.59023095794,,,-6.41426615416,-8.99796143701,-9.23799759894,-9.34987336976,-8.18115420814,-8.7984383359,-9.15779736079,-9.82041423009,-9.41684724546,-8.66854404832,-7.25504746219,-9.28443216001,,,-8.62868683346,,,0.133879580299,-9.17317023114,,,,,,,,-7.28784297952,,,-8.64033628946,-9.13277061443,,,-9.80536960548,,,-9.58000846081,-9.0944525161
BFPC04,"NPIPB7",ENSG00000233232,35.300414,-9.7531546523,-10.1519848584,-7.23879763785,,,-9.54885111913,-11.7013249561,-8.98454515794,-10.9698520441,,,-6.52726057365,-10.2520897022,-10.6632284662,-11.3032474121,-8.10831363216,-9.81492794086,-10.7844801254,-11.4208716278,-11.5825795276,-10.4777087807,-8.18924508394,-11.0058374212,,,-10.5010097755,,,-0.410431054157,-10.272357895,,,,,,,,-8.29780216694,,,-10.5608018858,-11.1872931465,,,-11.2469155875,,,-11.0759748294,-10.7028520464
BLOO01,"NPIPB7",ENSG00000233232,26.327680,-0.676941759345,-1.39521459014,-0.831898700085,,,-0.308369421013,-1.39397486171,-1.66308385996,-0.539382509671,,,1.38771830792,-1.05524899926,1.24608833466,-0.680497286443,0.392027255514,0.308981274761,-0.0742107908914,0.0690800336958,-0.64024384318,0.303140345685,4.7033843305,0.0760598843272,,,-0.529733289953,,,5.85935346124,0.0943692017226,,,,,,,,-3.30743805435,,,-0.728178696501,-0.832098602153,,,-1.54968181385,,,-2.56356960149,-2.94302541933
BLOO02,"NPIPB7",ENSG00000233232,12.999392,6.1090281249,5.1046967557,3.857160159,,,5.23097403677,5.90205425008,4.82333129781,5.43177814751,,,3.21279897431,5.15959858703,4.77212437751,5.45848448052,4.41683036322,5.32847657628,5.12492595943,5.69141331811,5.53202306624,5.01283232077,3.81242666959,5.7403032774,,,6.28584737335,,,0.737338028083,5.69551185548,,,,,,,,4.63497257129,,,5.78256075565,5.92863891944,,,5.84478539465,,,5.38777450028,5.67693808572
BLOO26,"NPIPB7",ENSG00000233232,7.275896,-4.07452998479,-3.54715602321,-3.08996251882,,,-3.82849326,-4.21051757949,-3.03642236884,-4.09072968413,,,-3.47044412932,-4.37239180741,-4.13164743918,-4.19707307765,-3.57754486156,-4.39648253144,-3.73871014862,-4.18202131541,-4.33378909185,-3.76912957528,-3.95331955758,-4.10899152485,,,-4.66940903515,,,-1.54727067877,-4.31697920691,,,,,,,,-2.8004539967,,,-4.28578568998,-4.56871054978,,,-4.02393773568,,,-3.45444755352,-3.88764348307
BLOO27,"NPIPB7",ENSG00000233232,14.961499,-6.08353542293,-5.13679385052,-4.03939599065,,,-5.3864035255,-6.0535013922,-4.89787639069,-5.77114286902,,,-4.41527570133,-6.29469114998,-5.7007810952,-6.04807852542,-5.12807225332,-5.86011173933,-5.52744934103,-6.07327221594,-6.28379462374,-5.70096725888,-5.50807227027,-6.0087401593,,,-6.71842521269,,,-2.46254203109,-6.05809878343,,,,,,,,-3.93711025602,,,-6.25284683882,-6.60314913878,,,-5.82343109363,,,-5.23332657235,-5.69425265851
BLOO29,"NPIPB7",ENSG00000233232,19.642199,-2.36530317519,-1.11461509739,-1.58767123523,,,-1.59339132134,-1.25139871872,-0.823889262524,-2.07377379902,,,-2.10344730932,-2.33091907295,-3.24909575528,-2.30616861877,-1.84799627542,-2.24317844802,-2.38725747864,-2.4529773887,-2.44593810833,-2.36776429342,-6.66557365085,-2.5462772886,,,-2.43578333056,,,-5.03540805599,-1.97319540437,,,,,,,,0.903173640445,,,-2.5952902008,-2.52218529775,,,-1.25663756553,,,0.0390503958617,0.0722069269329
BLOO33,"NPIPB7",ENSG00000233232,9.112287,-2.01330625453,-2.33720498919,-2.09353346638,,,-1.25992288583,-2.46436765647,-2.48922488415,-1.86976227211,,,0.32259641185,-2.45950651042,-0.351766422542,-2.12741023835,-0.709033549454,-1.02493650047,-1.4841532491,-1.38355555807,-2.18989972158,-1.06367901809,1.91260555713,-1.47789714848,,,-1.94761966379,,,4.07434714394,-1.06643326464,,,,,,,,-3.57945877609,,,-2.19341354285,-2.33329655167,,,-2.56294585963,,,-3.07633859447,-3.46556046896
BLOO34,"NPIPB7",ENSG00000233232,7.791236,-0.307338834443,0.0400120415253,0.0683088204831,,,-0.848325941955,-0.158026157512,-0.490444572074,-0.758489043583,,,-0.510207897695,-0.72066946615,-1.38652391644,-0.592977130946,-0.736090747108,-0.43428242021,-0.735056395543,-1.08934003694,-0.69907569455,-0.442261365722,-2.9308884671,-0.947405008852,,,-0.284103861675,,,-2.05850606722,-0.524718971248,,,,,,,,0.59677999638,,,-0.530304875363,-0.250987695895,,,-0.177744792359,,,0.273995438674,0.60974980137
BODY03,"NPIPB7",ENSG00000233232,18.899492,-6.6951275536,-6.93180065203,-7.73848998298,,,-5.08458989538,-9.31400172808,-6.92208397814,-9.70244836276,,,-6.72060952675,-6.18076725779,-7.83795644402,-9.25342520886,-6.27143913637,-9.43659822897,-9.06091911034,-9.48334251438,-8.87133490381,-8.56137457022,-8.15872028489,-7.57682430434,,,-7.06655246125,,,-0.900279658259,-7.8098599399,,,,,,,,-5.39376169537,,,-8.49072193119,-8.71803233758,,,-8.54661344828,,,-8.96107407587,-7.97975251105
BODY04F,"NPIPB7",ENSG00000233232,11.755129,-3.07046372339,-4.80200182743,-5.29392584191,,,-2.19776947798,-6.794071814,-5.25714310336,-7.67636683381,,,-5.32994654371,-3.80224152586,-5.92633020157,-6.9077340191,-5.3371912094,-6.87522774279,-6.55684925521,-7.17598917179,-6.97400402487,-6.71708124798,-6.51033802421,-5.85020094334,,,-5.29756134091,,,-1.8050726752,-5.82213780428,,,,,,,,-0.649485210598,,,-6.82438261035,-6.91802455047,,,-6.91868733626,,,-6.16637183967,-5.60826980304
BODY04M,"NPIPB7",ENSG00000233232,10.041522,-6.3074763318,-5.44847468356,-6.45610621885,,,-4.50652079553,-7.26528337505,-5.5181804853,-7.23318330117,,,-5.00786415016,-3.8313571787,-6.0462514254,-6.77433726219,-5.69419672768,-7.38221952552,-8.13510123862,-7.24557984266,-6.67748110534,-6.60956467193,-5.87680204715,-5.97787183801,,,-5.31481787016,,,-0.697894095206,-6.09707623145,,,,,,,,-3.95733244464,,,-6.49711538513,-6.61196992751,,,-6.81478878519,,,-7.21276480171,-6.41909955589
BODY04,"NPIPB7",ENSG00000233232,16.012785,-6.97488805445,-7.27886988867,-8.17888470317,,,-5.50406975841,-9.75828186877,-7.46267996579,-10.2898558943,,,-7.17707661815,-6.31349678189,-8.29308538212,-9.59971777263,-6.5504263889,-9.84091958864,-9.48321525389,-9.97470350436,-9.25716678887,-8.92246278685,-8.6957632044,-7.9883939607,,,-7.44908948517,,,-1.21011813352,-8.30240637566,,,,,,,,-5.55136711244,,,-8.89675204563,-9.23802998665,,,-9.01090202319,,,-9.32109385706,-8.34223532182
BODY06B,"NPIPB7",ENSG00000233232,19.016225,-6.04670815388,-6.63445178841,-5.79015360255,,,-6.78451286917,-7.80417894888,-5.84579296004,-7.9271531562,,,-6.047997566,-7.79696020422,-7.21116643487,-7.94911970591,-6.22705238702,-7.00587231975,-7.57772754486,-7.94440165251,-8.06398522951,-7.54065001979,-6.43402104398,-7.23155326433,,,-7.49578819199,,,-1.05674718394,-6.94570446888,,,,,,,,-6.10954579867,,,-7.39401737456,-7.63174193123,,,-7.68806947907,,,-7.57626027012,-7.30564091754
BODY06M,"NPIPB7",ENSG00000233232,16.815536,-5.45780691128,-6.36593239729,-5.18301771954,,,-6.6719526898,-7.20836322784,-5.67961566367,-7.60931338475,,,-6.13492716617,-7.01693403393,-6.97704519072,-7.58065472977,-6.73811489653,-7.03357183745,-7.17149501362,-7.68084150404,-7.44955106374,-7.28862871554,-6.49616132641,-6.30124644285,,,-6.90367051954,,,-0.527369117615,-6.88757228408,,,,,,,,-5.61792105787,,,-6.84141101232,-7.05215302946,,,-7.26702914157,,,-7.3295654064,-6.96079824137
BODY06,"NPIPB7",ENSG00000233232,16.917789,-5.71347929295,-6.15674676956,-5.44028325071,,,-6.28835446615,-7.34861890484,-5.41869932467,-7.37100239739,,,-5.50918493785,-7.40619859986,-6.70214496038,-7.3987655672,-5.49154053974,-6.43343515164,-7.05971296852,-7.35538183291,-7.57758453554,-6.9856224475,-5.903799537,-6.90913844908,,,-7.03773283664,,,-1.17848723415,-6.41042015369,,,,,,,,-5.73209618092,,,-6.94255351926,-7.17032260127,,,-7.16910514984,,,-7.00036860156,-6.79580118186
BODY07B,"NPIPB7",ENSG00000233232,18.411314,-6.00996164268,-6.56283152904,-5.77889207193,,,-6.75151667903,-7.68233989974,-5.75518752214,-7.83004614096,,,-5.88239551418,-7.61679732551,-7.18323076194,-7.84279492009,-6.06929177784,-6.94969912648,-7.53874565954,-7.89658913913,-7.94211674448,-7.4051267955,-6.29420582437,-7.19277708594,,,-7.40831282196,,,-1.04681691432,-6.85231186933,,,,,,,,-6.10232929713,,,-7.32313436303,-7.53064272047,,,-7.64221175846,,,-7.52055944002,-7.2365450967
BODY07M,"NPIPB7",ENSG00000233232,15.150697,-5.37123490118,-6.28622910369,-5.14863956766,,,-6.62073784544,-7.14419932198,-5.61762261213,-7.53487680414,,,-6.08620367357,-6.99194588069,-6.89295650717,-7.52131313063,-6.68293222226,-6.97250019519,-7.11853943059,-7.61944444855,-7.38564051979,-7.21712352353,-6.4327387893,-6.2320932507,,,-6.82806798913,,,-0.51101391751,-6.80388235089,,,,,,,,-5.5601978716,,,-6.76644480059,-6.98271592729,,,-7.2006261038,,,-7.27484565941,-6.90913887315
BODY07,"NPIPB7",ENSG00000233232,18.097644,-5.6747574105,-6.08178265291,-5.42925060719,,,-6.25583289694,-7.21407864646,-5.32513532815,-7.26557743468,,,-5.3213660198,-7.1943445823,-6.67946623931,-7.28205407688,-5.31738500813,-6.36878843686,-7.01600322287,-7.3026367773,-7.44355304384,-6.83738423001,-5.74952905305,-6.87054681236,,,-6.93969063809,,,-1.16458235097,-6.30829084068,,,,,,,,-5.72789819027,,,-6.86340624679,-7.05835375117,,,-7.1181372369,,,-6.93782464199,-6.71614034975
BODY08B,"NPIPB7",ENSG00000233232,22.099169,-8.13688007308,-8.85593541958,-7.47520376808,,,-8.24675382345,-10.2196129958,-7.69665212978,-9.61665110158,,,-5.96053353476,-9.1500467325,-9.16371418965,-10.1375750041,-7.85671812618,-9.15857094117,-9.61638801655,-10.1017524645,-10.2754606994,-9.55097465827,-7.55524681956,-9.83889367092,,,-9.23262730522,,,-0.612612800387,-8.92290583434,,,,,,,,-7.5964477282,,,-9.05840345152,-9.75365153268,,,-9.90321928538,,,-9.91611111404,-9.5212294097
BODY08F,"NPIPB7",ENSG00000233232,11.344545,-5.43196155568,-4.74687724747,-4.6109245273,,,-4.64629998148,-6.2177829603,-4.61910968274,-5.59075735018,,,-2.68456207542,-5.24139403549,-5.38191642063,-6.42272520482,-3.16639545299,-5.16870098797,-5.77748252556,-5.969737808,-6.70385589784,-5.96502335609,-4.47422601653,-6.33745156688,,,-5.88969921264,,,-0.782941745649,-4.91471109141,,,,,,,,-4.07362941281,,,-5.77853261498,-6.38397699635,,,-5.78667821781,,,-5.71369330226,-5.59164125083
BODY08M,"NPIPB7",ENSG00000233232,18.920457,-6.54066318084,-8.11190814029,-6.33218732148,,,-7.35930013587,-8.7293776274,-6.6281066176,-8.43521962294,,,-5.89544166301,-8.09650321852,-7.99182689649,-8.44154188957,-8.08734371771,-8.16627544952,-8.27579758972,-8.77819144521,-8.39127055022,-8.02654019378,-6.55957559587,-8.10417523223,,,-7.65394222705,,,-0.172949117972,-8.06006687945,,,,,,,,-6.95690938638,,,-7.50916986189,-7.94763690384,,,-8.6618810244,,,-8.74178000131,-8.30360753709
BODY08,"NPIPB7",ENSG00000233232,26.775027,-7.94894255613,-8.34500248651,-7.19669793011,,,-7.8583648819,-9.82948431735,-7.35944734565,-9.18549896432,,,-5.49877278929,-8.76502993141,-8.79083509783,-9.81563016053,-7.1904277091,-8.74460654285,-9.22313596457,-9.66828991619,-9.9904962298,-9.21944925576,-7.31705499697,-9.55559123722,,,-8.93340578257,,,-0.689407920458,-8.47401502113,,,,,,,,-7.12490147392,,,-8.77890760879,-9.48416621539,,,-9.45530688596,,,-9.44224527728,-9.10568147766
CROH01,"NPIPB7",ENSG00000233232,9.419600,-5.47259510528,-5.94263887855,-4.28868818545,,,-5.6896534867,-5.98388209666,-5.31945249181,-6.03746038204,,,-4.16307099059,-5.5237502575,-5.55196075857,-5.79159116918,-5.2234352738,-5.37870679739,-5.81659398062,-6.03219087764,-5.73107620116,-4.75672294909,-4.69021893479,-5.43064690393,,,-5.69891650913,,,-0.574080401256,-5.98623745583,,,,,,,,-5.29661139336,,,-5.66556495127,-5.943228757,,,-6.17786933344,,,-5.97865619048,-6.16083388369
EDUC01,"NPIPB7",ENSG00000233232,6.495026,3.61463209123,4.00762198017,3.73645949441,,,4.08500920308,4.64804688636,4.6661498268,4.16439480219,,,3.623246022,6.0248067671,4.30855440024,5.08722887601,3.76002148154,5.30547338593,4.52418681956,4.99147103784,4.7844884807,3.72488565362,3.95031229322,4.19477752737,,,3.50964246189,,,0.466530937782,3.86565470101,,,,,,,,3.73144683867,,,3.82306614344,3.88931571873,,,4.5492403542,,,5.29249894024,4.82016409475
EDUC02,"NPIPB7",ENSG00000233232,7.064568,3.94474382711,3.84424864145,2.87761033369,,,4.70481070435,4.19573854714,4.91692829226,4.22119517652,,,2.73045797176,4.15969098017,3.63555831,4.24510413368,3.64178216609,4.79447544482,4.15317970423,4.51606273388,4.14892715023,2.72556787445,3.13656924235,4.46748157973,,,4.20237561122,,,0.99662892914,3.97687379078,,,,,,,,3.84935376221,,,4.183817111,4.21381244217,,,4.38622496753,,,4.45684220115,4.36465146769
EDUC03,"NPIPB7",ENSG00000233232,25.455176,7.60563640373,8.57067726555,6.53504485959,,,8.09931770261,9.32343277473,8.90195601176,9.07071431705,,,7.21924309986,9.26618857773,9.10074679486,9.67135024393,7.3240757187,8.74395948678,8.67839232144,9.50392660431,9.55052904968,8.62655927185,7.52651016551,8.08171304265,,,8.53098297761,,,0.0305217714741,8.35501961112,,,,,,,,7.72476752365,,,8.52075514526,9.03262874651,,,9.26713448382,,,9.3833696585,8.9017580159
FATM02B,"NPIPB7",ENSG00000233232,24.319039,-7.20258026835,-7.85478857568,-6.10747633754,,,-7.81599894347,-8.97322564441,-6.79879053243,-9.18718078277,,,-6.89478125002,-8.73209605366,-8.52716556763,-8.87270163595,-7.31533864952,-7.88576365829,-8.5765170541,-9.1266849276,-9.05447563703,-8.39556810618,-7.18469399033,-8.22178407061,,,-8.49089183349,,,-1.33553647604,-8.1493978318,,,,,,,,-7.0292930534,,,-8.46152065326,-8.74651968547,,,-8.79860132254,,,-8.68102823673,-8.33136717946
FATM02M,"NPIPB7",ENSG00000233232,19.112929,-6.40088599797,-7.38134078298,-5.25288634138,,,-7.30320637348,-8.11789358034,-6.33914782872,-8.59952520715,,,-6.9222021568,-7.90314240169,-8.09434636108,-8.28862986428,-7.65302386167,-7.76950349796,-7.93558444515,-8.6424943866,-8.20207956372,-7.93042731239,-7.16366994488,-7.18613951013,,,-7.68073024509,,,-0.852876974733,-7.9471299181,,,,,,,,-6.04636854338,,,-7.70472764037,-7.98237716185,,,-8.15434705165,,,-8.18194005158,-7.68381531133
FATM02,"NPIPB7",ENSG00000233232,22.046811,-6.85938123729,-7.32689666769,-5.81514016272,,,-7.3249554193,-8.50102034159,-6.37499398943,-8.59166167177,,,-6.28721828723,-8.290195303,-7.97280173931,-8.31780219747,-6.52441417071,-7.26562546708,-8.03579359277,-8.49517907408,-8.57383251212,-7.84710351504,-6.64068970947,-7.86521894733,,,-8.02731892073,,,-1.44832142313,-7.54678262727,,,,,,,,-6.72773328947,,,-7.98948350902,-8.26098109234,,,-8.24169567437,,,-8.07183131216,-7.81628613582
FATM03B,"NPIPB7",ENSG00000233232,19.363171,-7.19670248108,-7.8170938055,-6.07432412845,,,-7.82846690127,-8.9015613612,-6.71932192579,-9.12358537657,,,-6.75742806783,-8.57422327411,-8.52154711595,-8.80691269692,-7.20167973035,-7.85569874363,-8.59556538532,-9.11717193231,-8.97497036154,-8.29359905028,-7.08245436147,-8.23060346219,,,-8.4346649456,,,-1.30397744064,-8.09863022578,,,,,,,,-7.03272094496,,,-8.42025014716,-8.67446409807,,,-8.79025812813,,,-8.66175262059,-8.29818530136
FATM03M,"NPIPB7",ENSG00000233232,18.050522,-6.33328103094,-7.31808432692,-5.23391015379,,,-7.26994332569,-8.06536129425,-6.28445813808,-8.53428682989,,,-6.85364538085,-7.88155988735,-8.01809471142,-8.2331658846,-7.59268392537,-7.72362440287,-7.89346043533,-8.59239616201,-8.14321093355,-7.85551826634,-7.09081272002,-7.13064730234,,,-7.61869642022,,,-0.823748981678,-7.87518795577,,,,,,,,-6.01870402812,,,-7.64262687318,-7.92024301322,,,-8.1069611681,,,-8.13800776595,-7.64610712268
FATM03,"NPIPB7",ENSG00000233232,21.027025,-6.85706432357,-7.28925001867,-5.77333322351,,,-7.34460857572,-8.42120588997,-6.2920386048,-8.52368242364,,,-6.13783785078,-8.10211720923,-7.97787489702,-8.24458940502,-6.40379391522,-7.23156054414,-8.05983921008,-8.48670135207,-8.48488350805,-7.73611532842,-6.53451356755,-7.88380924442,,,-7.96310923441,,,-1.41726206752,-7.49619780801,,,,,,,,-6.72606368393,,,-7.94426654673,-8.17985611497,,,-8.23112396215,,,-8.04981547578,-7.77435579393
FATM04B,"NPIPB7",ENSG00000233232,44.041527,-10.1629290531,-11.0989888119,-8.48557230363,,,-10.3464070984,-12.5623976744,-9.61815666471,-11.9272548281,,,-7.27696689887,-10.8942290582,-11.2265020032,-12.1200004115,-9.47585634734,-10.9098387276,-11.6114969829,-12.3480169167,-12.3658435374,-11.3476800856,-8.76461867618,-11.9518436616,,,-11.3162846174,,,-0.623700166907,-11.1643252754,,,,,,,,-9.45125879321,,,-11.1853239967,-11.9288591162,,,-12.1344123727,,,-12.0599553955,-11.6832600942
FATM04F,"NPIPB7",ENSG00000233232,18.302779,-7.17467270689,-6.77508033917,-5.38848529172,,,-6.74816025286,-8.31051824229,-6.55145029743,-7.64445997783,,,-4.02868414785,-6.70497542728,-7.22224374618,-8.26669397933,-4.73098469659,-6.79801620263,-7.64770613974,-7.99594670766,-8.59781797152,-7.64046433098,-5.52112379631,-7.98260817967,,,-7.74827237618,,,-0.826592683788,-6.90576683505,,,,,,,,-6.06611740075,,,-7.634846008,-8.24499219641,,,-7.76453073113,,,-7.70191271195,-7.62382667864
FATM04M,"NPIPB7",ENSG00000233232,28.148925,-7.91679504778,-9.54626811017,-7.1226163647,,,-8.52967791235,-10.2587211883,-7.69285429471,-9.94869629975,,,-6.61106056174,-9.3258747712,-9.3413410661,-9.6855495566,-9.04533971894,-9.26524050571,-9.51048174677,-10.2298901152,-9.74324885115,-9.15336148306,-7.39456549108,-9.69615346756,,,-9.01843236349,,,-0.157516711203,-9.5250754704,,,,,,,,-7.87592573935,,,-8.93404285427,-9.44086658167,,,-10.1323348342,,,-10.0827621238,-9.62939416581
FATM04,"NPIPB7",ENSG00000233232,38.546452,-10.0681878554,-10.7104221996,-8.26061982133,,,-10.0955018812,-12.2813554939,-9.42964645867,-11.6014880571,,,-6.92647523662,-10.5590137356,-10.9606000556,-11.9256147993,-8.93912653001,-10.601018248,-11.3491342091,-12.0317881144,-12.1990793055,-11.1344952418,-8.59540347259,-11.7039250387,,,-11.1324939548,,,-0.714837269185,-10.8162162912,,,,,,,,-9.15682561466,,,-11.0155944548,-11.7637253775,,,-11.7902798627,,,-11.7162628834,-11.405244767
HIPC01F,"NPIPB7",ENSG00000233232,12.082910,-4.11004558353,-5.0255155836,-4.33655489674,,,-3.42606024212,-7.52594698944,-5.50166344044,-7.66053124706,,,-4.46038799939,-2.73993616232,-5.68586753867,-7.50652941448,-5.01893788276,-6.90873565011,-6.79948720628,-7.65280306613,-7.52961270396,-7.12590689646,-6.64669364518,-5.90773777492,,,-5.38995991507,,,-0.320182668837,-6.41107492399,,,,,,,,-4.99191238835,,,-7.6061765611,-7.47130503078,,,-7.30581595736,,,-6.83789617566,-6.18300441083
HIPC01M,"NPIPB7",ENSG00000233232,7.229538,-4.83299356934,-3.63408493996,-5.25903682145,,,-3.11904910084,-5.5215609928,-5.12522993326,-5.92807909165,,,-4.41396774528,-3.79334470016,-5.72711359167,-5.38835042451,-4.30053358077,-6.1156857478,-5.78580659001,-5.86921280518,-5.27697921751,-5.2407787608,-4.5408630102,-5.58153194714,,,-5.85711860657,,,-1.99719706014,-4.53782459973,,,,,,,,-3.72524327737,,,-5.93427212336,-5.19830271988,,,-5.75035387253,,,-5.65540545452,-4.96064108012
HIPC01,"NPIPB7",ENSG00000233232,16.059658,-6.81412949066,-6.54022433917,-6.76580718204,,,-5.29990673467,-9.14425152708,-7.27461077833,-8.78584292061,,,-5.89907024228,-5.19942639856,-7.42147667728,-8.94121184837,-6.61331462889,-8.88284834763,-8.45659220725,-8.53339921293,-8.67401544428,-8.54170864932,-7.93653745389,-7.39311979365,,,-6.10932215003,,,-0.307503779501,-7.73102772131,,,,,,,,-5.23436664625,,,-8.15886364781,-7.40325086203,,,-7.87636788523,,,-8.39231999405,-7.52305159932
HIPC02F,"NPIPB7",ENSG00000233232,12.303120,-3.99404789536,-4.77923177353,-4.24997609258,,,-3.1390098665,-7.33730077481,-5.25095064284,-7.37128721156,,,-4.29834899507,-2.68922485022,-5.4496192524,-7.35432994496,-4.91553930706,-6.71144873403,-6.66653409142,-7.4334290892,-7.36012022294,-6.9706665268,-6.20263463239,-5.6876078023,,,-5.14421292098,,,-0.203445468194,-6.11715326057,,,,,,,,-4.63165828015,,,-7.29969317952,-7.25665580521,,,-7.06778779427,,,-6.70698604388,-6.06557896243
HIPC02M,"NPIPB7",ENSG00000233232,7.940437,-4.82392976826,-4.13570772068,-5.43933354477,,,-2.79152692747,-5.4842654952,-4.99204922347,-5.75246343958,,,-4.23785823402,-3.82835779835,-5.51575556939,-5.33742221179,-4.66872196921,-5.99021191694,-5.70890956506,-5.59705675324,-5.25215559077,-5.20202207359,-4.50212757139,-5.55073598609,,,-5.76281404495,,,-1.947912146,-4.21941842723,,,,,,,,-4.9785768696,,,-5.84786400425,-5.15190389955,,,-5.33728566231,,,-5.50952532713,-4.9985652401
HIPC02,"NPIPB7",ENSG00000233232,14.967462,-6.61029022712,-6.3148921182,-6.60702761261,,,-4.86260511798,-8.91721764034,-6.9856142368,-8.57145397007,,,-5.72366498621,-5.21110784156,-7.05052601906,-8.74838676058,-6.38609186643,-8.58876447932,-8.23458605996,-8.23111065906,-8.51003903909,-8.37669097161,-7.55261755117,-7.23337432764,,,-5.87660426113,,,-0.201699314623,-7.2767708799,,,,,,,,-5.18674719141,,,-7.85935865574,-7.13481571979,,,-7.58651038192,,,-8.12734880749,-7.27424792289
HIPC03F,"NPIPB7",ENSG00000233232,5.065517,-3.12501457411,-2.78443785084,-2.23869367661,,,-3.10731838286,-4.56117642735,-3.58670581226,-4.49900075643,,,-2.88364082244,-1.30573430139,-3.2743212079,-4.35077368949,-2.24692038985,-4.22387993163,-3.9534085238,-4.81284693267,-4.40415357771,-4.08423130809,-2.97890684064,-3.39446388466,,,-4.10301151336,,,0.719833267425,-3.82905317934,,,,,,,,0.928048020884,,,-4.67533729611,-4.52293010444,,,-4.58740898411,,,-4.42238583272,-4.07420341018
INFB01,"NPIPB7",ENSG00000233232,9.370835,-5.56426174192,-6.09992734882,-4.82082653454,,,-6.19025692389,-5.79938275384,-5.41079823707,-5.8608492698,,,-4.28115006742,-4.38492960559,-5.6388926923,-5.74174466925,-5.65196274274,-5.09379626631,-5.67352007557,-5.93722501435,-5.58796119148,-4.89477672152,-4.45085168565,-4.91549496191,,,-5.55279428364,,,-1.06711428776,-5.87853197717,,,,,,,,-5.39088519362,,,-5.56088041377,-5.72162637304,,,-6.07880515739,,,-5.99222912141,-6.08893677422
INTE02,"NPIPB7",ENSG00000233232,5.968632,4.39211203571,4.28971976946,4.21730000936,,,5.20268024735,5.11531533726,5.11312949787,4.38155698183,,,3.06979751016,3.78841529248,3.69189053426,4.81009213267,3.35389458987,4.57564657933,4.1420332564,4.40948048235,4.63407784505,3.80645552143,3.25837101954,3.92791541533,,,4.41971573103,,,-0.773024816107,4.41718938675,,,,,,,,4.66743687169,,,4.47366308493,4.6669866463,,,4.6676700684,,,4.7731619795,4.66957316184
LEAN04B,"NPIPB7",ENSG00000233232,7.490851,-3.56730709295,-4.18395516917,-4.28353855726,,,-4.42946537817,-4.80293982265,-3.78265147492,-5.18767838901,,,-3.99623192969,-5.30837433625,-4.17243487647,-4.61606607399,-4.09106413669,-4.66377307708,-4.72876769002,-4.9047119588,-4.74599321422,-4.56754808667,-3.39163840554,-4.60244849613,,,-4.61191055508,,,-1.28181247057,-4.28521274097,,,,,,,,-4.32087935072,,,-4.43817875288,-4.63165530338,,,-4.8622794598,,,-4.9167556359,-4.68425942251
LEAN04M,"NPIPB7",ENSG00000233232,9.896094,-4.07182785818,-4.76915451577,-4.69016718485,,,-4.88139355702,-5.43261556052,-4.51188725303,-5.67304394648,,,-5.17208967078,-5.48701654458,-4.85741239738,-5.46833954689,-5.8585491868,-5.48205280248,-5.56010441309,-5.80556754021,-5.40386814182,-5.54262933761,-4.76305336229,-4.85791219323,,,-5.31046061269,,,-1.63958067396,-5.24131706979,,,,,,,,-4.25966782695,,,-5.17806563902,-5.32375354419,,,-5.39736361051,,,-5.75631747678,-5.47422900939
LEAN04,"NPIPB7",ENSG00000233232,10.079204,-4.19103016616,-4.94284688366,-4.93728945314,,,-5.16664797517,-5.65251133931,-4.56375854623,-6.01356181851,,,-5.00270941702,-5.95706778777,-4.96179119076,-5.53115624781,-5.41427172954,-5.61221967501,-5.68526743902,-5.89691984462,-5.57358948913,-5.52242507617,-4.42989163058,-5.23977356483,,,-5.4548439145,,,-1.63571336632,-5.24813030702,,,,,,,,-4.74527798673,,,-5.28538401661,-5.47524036093,,,-5.67533795506,,,-5.88541829661,-5.61513263166
LEAN05B,"NPIPB7",ENSG00000233232,7.581516,-3.53411451886,-4.18703354678,-4.19547656691,,,-4.39730977983,-4.71849827631,-3.75448772162,-5.15723923542,,,-3.80042766317,-5.18353215157,-4.20250500281,-4.52860031789,-4.01949637188,-4.55993644524,-4.72476700601,-4.88668926909,-4.64220514355,-4.44603871713,-3.31258232654,-4.60469591393,,,-4.52502684329,,,-1.21961022069,-4.24255786258,,,,,,,,-4.33192583639,,,-4.35403622259,-4.52800384299,,,-4.86292559232,,,-4.87279608139,-4.64706248807
LEAN05M,"NPIPB7",ENSG00000233232,9.205177,-4.00224959452,-4.71906467765,-4.70483227963,,,-4.84344970826,-5.37290992802,-4.45957977927,-5.6177938475,,,-5.12118371483,-5.46412860527,-4.80610801505,-5.41117530498,-5.81413557903,-5.43111100898,-5.51127719219,-5.75183681004,-5.34517572644,-5.47432630993,-4.7245881392,-4.80044708007,,,-5.24493821117,,,-1.6218543387,-5.17011137471,,,,,,,,-4.24306268456,,,-5.11216882954,-5.25862015884,,,-5.34699965038,,,-5.70379879955,-5.42799934585
LEAN05,"NPIPB7",ENSG00000233232,9.952297,-4.12339513924,-4.91248011093,-4.89061222481,,,-5.11961079596,-5.57092139523,-4.51241902184,-5.96056684387,,,-4.85983718127,-5.87683207906,-4.94290031665,-5.44886354946,-5.34362373069,-5.5127570058,-5.65094319827,-5.85065516569,-5.48229908365,-5.41293944269,-4.35925534277,-5.20421790957,,,-5.36105208457,,,-1.58686428726,-5.174741122,,,,,,,,-4.7432216843,,,-5.19040699746,-5.37580103094,,,-5.64190952556,,,-5.82556397051,-5.56318218356
LEAN06B,"NPIPB7",ENSG00000233232,16.321992,-5.27578120106,-6.24804795977,-5.28346001684,,,-6.21313224944,-7.04041694876,-5.24919846652,-7.15752860679,,,-4.35437351737,-6.36043478094,-6.32911688715,-7.19809214506,-6.09166058178,-6.67387788419,-6.8932625704,-7.24380226659,-7.2742698577,-6.80595293659,-5.44514694349,-6.8568495449,,,-6.69570232416,,,-1.47243504343,-6.51049944217,,,,,,,,-5.92216541617,,,-6.43355309687,-7.00757658847,,,-6.92499859698,,,-6.96497975445,-6.75829025391
LEAN06F,"NPIPB7",ENSG00000233232,8.145688,-3.84917609161,-4.25193048053,-3.52780696063,,,-4.47251117835,-4.89656878886,-3.58277322099,-5.08837683075,,,-2.58786788923,-4.17543415566,-4.51786179907,-5.24904056556,-3.26876037297,-4.47447008079,-4.77034569038,-4.95403391276,-5.36075467521,-4.75314480966,-3.65024714698,-4.73629200857,,,-4.77123267866,,,-1.04405548612,-4.38301783402,,,,,,,,-4.18432265644,,,-4.52101102264,-5.12754756603,,,-4.74559004447,,,-4.67626875242,-4.5851718627
LEAN06M,"NPIPB7",ENSG00000233232,11.132928,-4.24972166202,-5.51310390663,-4.77012452433,,,-5.09564763846,-6.04776980287,-4.61441364867,-5.97288684562,,,-4.43262628149,-5.85611410475,-5.2524196917,-5.80165285481,-6.75019652944,-5.9925391427,-5.95776762937,-6.35125101268,-5.77555727654,-5.81690819313,-4.89237894721,-5.93979216227,,,-5.57019317528,,,-1.24004789747,-5.81737351543,,,,,,,,-4.98369664319,,,-5.45091947089,-5.62054014553,,,-6.05702103863,,,-6.2433766198,-5.98354865517
LEAN06,"NPIPB7",ENSG00000233232,16.600638,-5.31588499544,-6.48672935935,-5.55859141752,,,-6.30916505876,-7.27756884856,-5.42285382135,-7.32363844996,,,-4.77836978019,-6.76278427198,-6.44514425116,-7.26636511242,-6.97763566249,-7.05481378486,-7.14041320773,-7.54682256921,-7.30581164417,-7.02352314434,-5.74999511759,-7.13423185737,,,-6.82302648824,,,-1.51342006424,-6.82324086289,,,,,,,,-6.03433348551,,,-6.60137323304,-7.04779079669,,,-7.21133633727,,,-7.30462690462,-7.06630340015
OBES01,"NPIPB7",ENSG00000233232,6.580788,-3.40747958586,-2.64684267207,-4.31744364276,,,-1.5771855743,-5.46789963099,-3.70639526,-5.70129953609,,,-3.46104046876,-3.89930042974,-4.4579292595,-5.6253582244,-3.94904276352,-5.37941110295,-5.44137180787,-5.69366861332,-5.72768028766,-5.54648241996,-4.99739713747,-4.53783648425,,,-5.61781549454,,,-0.177366168139,-3.78986253119,,,,,,,,-4.99908978177,,,-5.48701546496,-5.74336801047,,,-5.40301582426,,,-5.12785896443,-4.69282136067
OVER01,"NPIPB7",ENSG00000233232,6.167715,-2.74040894838,-2.51017813048,-4.19132158365,,,-1.39799063527,-5.13631325588,-3.83806279963,-5.34633987995,,,-3.60971265045,-3.48128156334,-4.64315107564,-5.43564730416,-3.39015371768,-4.95758644714,-4.68776544085,-5.32274601838,-5.55570997845,-5.43524747849,-5.20891705765,-4.42670243475,,,-3.47497558953,,,-0.598052754801,-3.64166415588,,,,,,,,-0.69696255188,,,-4.93351086604,-5.40403689282,,,-4.97953026059,,,-4.45076677296,-3.96243467899
WAIS01F,"NPIPB7",ENSG00000233232,9.618145,-2.99943493437,-4.55930471468,-4.72875955969,,,-2.78568979335,-6.16739325069,-4.81001830123,-6.84626533687,,,-4.51463969513,-2.28308846687,-5.26637860949,-6.31251833816,-4.24281337186,-6.35723679877,-5.83920898395,-6.47102303622,-6.27076003506,-6.04004536941,-6.16157864019,-5.24483510975,,,-4.55372530144,,,-1.78975727078,-5.66743878513,,,,,,,,0.100680822462,,,-6.78053160166,-6.11727892811,,,-6.23070028824,,,-5.50958398818,-4.82116406273
WAIS01M,"NPIPB7",ENSG00000233232,10.454656,-5.89843106463,-5.0096373558,-7.0749336152,,,-4.14905932623,-7.16645991424,-6.29338554615,-7.32833503731,,,-5.73253067411,-2.53718231227,-7.08826447527,-6.84379293691,-6.14419702741,-7.31166539723,-7.96853180571,-7.34925756775,-6.78535750953,-6.70678530348,-5.49510972463,-6.56128992777,,,-7.35786485672,,,-1.95027432191,-6.00736911246,,,,,,,,-4.73702376288,,,-7.55709768102,-6.79780658619,,,-7.15767875674,,,-7.14209197612,-6.47229498135
WAIS01,"NPIPB7",ENSG00000233232,16.824198,-6.39976582135,-6.808599281,-8.0292475076,,,-5.93400709245,-9.15538322411,-7.43348796723,-9.67661534675,,,-6.76061095561,-4.58052341402,-7.79501653578,-9.11309475914,-6.83947620974,-9.38135620442,-9.49237402306,-9.36672550592,-8.83203280662,-8.30600671516,-8.11741736763,-7.62682340849,,,-6.64358021665,,,-1.20177321958,-8.13526068491,,,,,,,,-4.45583141354,,,-8.75883869064,-8.51931225182,,,-8.08119469464,,,-8.72243892831,-7.71684893356
WAIS02F,"NPIPB7",ENSG00000233232,10.562281,-3.0384989311,-4.53818671183,-4.65610236364,,,-2.67226680957,-6.08591416203,-4.48295627288,-6.64399830451,,,-4.38181471063,-2.28316205973,-5.17375361906,-6.29373063388,-4.2588816794,-6.27713360552,-5.7521999392,-6.34524204107,-6.20866101515,-6.01571956713,-5.79922670536,-5.14336946538,,,-4.48606543256,,,-1.63823952763,-5.61956429555,,,,,,,,0.119564529909,,,-6.73597434067,-5.91840539795,,,-5.4220554827,,,-5.52282775689,-4.85551462925
WAIS02M,"NPIPB7",ENSG00000233232,12.478967,-6.09675556876,-5.23602959228,-6.97129032947,,,-5.03003274897,-7.05809752364,-6.26481747102,-7.16537139965,,,-5.53314227862,-3.36516562679,-6.80478061817,-6.79252399806,-6.02675409712,-7.27258222792,-7.92121465007,-7.145826298,-6.67357108499,-6.66128558423,-5.4679406763,-6.58164714038,,,-6.91013655045,,,-2.0103556785,-5.7676307617,,,,,,,,-5.27415868709,,,-6.8867587454,-6.5039886408,,,-6.81865445019,,,-7.04211148832,-6.31366958788
WAIS02,"NPIPB7",ENSG00000233232,18.707567,-6.71491247959,-6.79389212587,-7.94795105526,,,-5.68756989614,-9.08786045573,-7.34722807042,-9.65155894687,,,-6.65571446688,-4.85937694432,-7.6876772938,-9.07952911727,-6.78908455599,-9.34950479865,-9.43582996365,-9.30485804314,-8.81142309971,-8.26255493851,-7.81084924627,-7.65156749408,,,-6.67477572949,,,-1.06427774674,-8.02249912905,,,,,,,,-4.59742970596,,,-8.80986718724,-8.40139022842,,,-8.07789891697,,,-8.68285648714,-7.65764476976
WEIG04M,"NPIPB7",ENSG00000233232,4.009457,-2.32084986192,-2.2242108666,-2.97396452031,,,-2.02374773614,-4.88237540566,-3.61152509601,-3.9383370803,,,-2.88733741111,-2.60870213045,-3.06621842211,-4.71544267322,-2.32692182143,-3.36875809094,-3.54477069877,-3.600115802,-4.49860835267,-3.90111502195,-4.00595716686,-3.6256786278,,,-2.10543534591,,,1.54309280808,-2.63717951268,,,,,,,,-1.92380088332,,,-3.32006172455,-3.4527518061,,,-3.18965900288,,,-3.87306350856,-3.18618757843
WHIP03M,"NPIPB7",ENSG00000233232,5.018943,-3.5858459075,-3.29720115662,-5.32539163829,,,-4.02374284644,-4.78392466715,-3.97526213332,-4.73837978679,,,-3.94400641776,-1.23582909034,-4.96438817859,-4.87008656564,-4.80623338723,-4.60772616398,-5.70185047799,-4.6918696053,-4.7881454315,-4.74347483732,-4.17148730881,-4.06520870575,,,-4.92678451538,,,-2.24062718307,-4.03034187235,,,,,,,,-2.69156457437,,,-4.94292577609,-4.55107309701,,,-4.77731550927,,,-4.59662767861,-4.19136435972
WHIP03,"NPIPB7",ENSG00000233232,4.968794,-3.41581221151,-3.76935580912,-5.39330870408,,,-2.91596323387,-4.59633780955,-4.00156586018,-4.89564645077,,,-4.17237779971,-2.3984812709,-4.44828628988,-4.90296278844,-4.24649031862,-5.01148373265,-5.1146737476,-4.53708277416,-4.61056517627,-4.29930950867,-4.82572863506,-4.01023921822,,,-3.5878376085,,,-1.80999530105,-4.44875774065,,,,,,,,-2.7215065457,,,-4.77756687197,-3.91900399732,,,-4.08438193162,,,-4.26374827681,-3.78372971672
WHIP04M,"NPIPB7",ENSG00000233232,6.019338,-4.0000218895,-3.29923772812,-5.27236618658,,,-3.93108344502,-4.71046999923,-3.99252984841,-4.76432771013,,,-3.82517326191,-1.26173148345,-5.08375738031,-4.8368871061,-4.73088899095,-4.65527114543,-5.6784569023,-4.72450807692,-4.75485283379,-4.71160408163,-4.17761136643,-4.12631474943,,,-5.1138010025,,,-2.44410801489,-4.07341882317,,,,,,,,-2.6977249502,,,-5.24163811002,-4.50353267307,,,-4.76512789837,,,-4.51055097603,-4.07402969042
WHIP04,"NPIPB7",ENSG00000233232,6.684051,-3.9030904027,-3.72497381941,-5.33468400456,,,-3.00866328144,-4.58237288063,-4.00446334571,-4.84343883153,,,-4.0014917162,-2.58479623649,-4.57460891458,-4.97568923597,-4.25908656432,-5.09010580772,-5.05953034674,-4.54357552169,-4.64214052483,-4.37765143971,-4.74149444481,-4.06929401648,,,-3.81066081988,,,-1.83339564841,-4.66083010432,,,,,,,,-2.47377264136,,,-5.08736331024,-3.94350429337,,,-4.17627374573,,,-4.28329095735,-3.81961567
