code,target,ENSEMBL,association,Adipose_Subcutaneous,Adipose_Visceral_Omentum,Breast_Mammary_Tissue,Muscle_Skeletal,DGN_Whole_Blood,Whole_Blood,Artery_Aorta,Artery_Coronary,Artery_Tibial,Heart_Atrial_Appendage,Heart_Left_Ventricle,Spleen,Brain_Amygdala,Brain_Anterior_cingulate_cortex_BA24,Brain_Caudate_basal_ganglia,Brain_Nucleus_accumbens_basal_ganglia,Brain_Putamen_basal_ganglia,Brain_Cerebellar_Hemisphere,Brain_Cerebellum,Brain_Cortex,Brain_Frontal_Cortex_BA9,Brain_Hippocampus,Brain_Hypothalamus,Brain_Spinal_cord_cervical_c-1,Brain_Substantia_nigra,Nerve_Tibial,Cells_Transformed_fibroblasts,Cells_EBV-transformed_lymphocytes,Colon_Sigmoid,Colon_Transverse,Esophagus_Gastroesophageal_Junction,Esophagus_Mucosa,Esophagus_Muscularis,Liver,Minor_Salivary_Gland,Small_Intestine_Terminal_Ileum,Stomach,Adrenal_Gland,Pituitary,Pancreas,Thyroid,Lung,Ovary,Prostate,Testis,Uterus,Vagina,Skin_Not_Sun_Exposed_Suprapubic,Skin_Sun_Exposed_Lower_leg
BFPC04B,"MUC1",ENSG00000185499,8.021217,0.947676257742,,,,4.922872068043726,2.08696165756,1.47984293796,,2.09551021966,,,2.92492452111,,,,,,,,,,,,,,2.03279487338,,,,-1.76174955618,0.0334934095501,1.68625037406,-0.37799345635,,,,,,,1.96009345023,2.47866848931,,,,1.61553556267,,,,
BFPC04M,"MUC1",ENSG00000185499,6.205854,1.76972186735,,,,4.122221277679119,3.02416906142,0.537047005352,,1.84784215783,,,2.7456204096,,,,,,,,,,,,,,1.52361467267,,,,-1.11289471924,0.764748956762,2.67393159902,0.326117373448,,,,,,,2.876785513,0.416890597416,,,,1.93800956034,,,,
BFPC04,"MUC1",ENSG00000185499,7.219531,0.566344450236,,,,4.870548727469846,1.59569296494,1.58563029634,,2.04208484584,,,2.71415956031,,,,,,,,,,,,,,2.10030777546,,,,-1.94711738445,-0.281143194779,1.1694276063,-0.651627613003,,,,,,,1.45572435327,3.00865242089,,,,1.31421355469,,,,
BLOO01,"MUC1",ENSG00000185499,4.080488,3.1111671172,,,,-0.4236867169088316,3.45488114297,1.38255486083,,1.13266440914,,,4.98794663931,,,,,,,,,,,,,,1.14669916458,,,,1.67384050018,3.29552000337,3.79509232202,2.36172451306,,,,,,,3.21127679917,-3.40307743419,,,,1.66441535656,,,,
BLOO02,"MUC1",ENSG00000185499,11.476592,5.41688138249,,,,1.3584974657526898,4.50160942718,2.03759008737,,3.30233789659,,,2.21999449182,,,,,,,,,,,,,,-1.37187017516,,,,1.54730673713,3.62984004369,3.80525603993,3.85527228908,,,,,,,3.48591796675,-3.98321517991,,,,2.03906284663,,,,
BLOO03,"MUC1",ENSG00000185499,17.348615,7.5374989366,,,,1.9127836688151316,7.08284185465,3.25978818962,,4.69293017294,,,2.77723580899,,,,,,,,,,,,,,0.599441683143,,,,2.96694922925,6.30327119356,5.68877303882,6.55498551262,,,,,,,4.83740704014,-5.99467771668,,,,2.76923216219,,,,
BLOO20,"MUC1",ENSG00000185499,20.596502,7.6326072099,,,,1.268906918940605,7.31697875998,3.61631956273,,4.58758378773,,,3.46063134984,,,,,,,,,,,,,,-1.60388392319,,,,3.91840882736,6.86198273229,6.28726764222,6.72122509961,,,,,,,5.34475844657,-7.01220300123,,,,3.77425913458,,,,
BLOO35,"MUC1",ENSG00000185499,3.644740,2.00654528604,,,,0.6274715484938386,2.06052013865,1.31979073514,,2.07227669826,,,3.09028374702,,,,,,,,,,,,,,-1.03226624377,,,,5.06908059539,2.70928864571,3.48147360967,1.14962197068,,,,,,,3.49922451637,-1.34562504298,,,,2.96725118126,,,,
BLOO36,"MUC1",ENSG00000185499,6.571476,2.62057653909,,,,1.564134975036788,2.92977473925,3.28448520172,,3.28427740762,,,0.487989787801,,,,,,,,,,,,,,0.907408191838,,,,0.318293005396,2.14853621957,2.17353643539,2.28354285676,,,,,,,2.41547960808,-1.2416446198,,,,2.1650888858,,,,
CROH01,"MUC1",ENSG00000185499,5.189687,1.7980366003,,,,-1.0700918722123522,3.56286043802,3.15046006759,,1.62362768357,,,1.2818662639,,,,,,,,,,,,,,-1.12135021324,,,,4.18706132855,4.90176043552,3.18697788586,2.0467324221,,,,,,,3.24194899889,-3.33262942015,,,,2.78677869464,,,,
INFB01,"MUC1",ENSG00000185499,7.457424,1.65378921223,,,,-1.5018594970878378,3.54225270535,2.92468981838,,1.34567000318,,,2.19040721356,,,,,,,,,,,,,,-2.26056267067,,,,3.08623073733,4.07770166362,3.62635581961,2.45404449919,,,,,,,3.65493607227,-4.32638362442,,,,2.59142437432,,,,
LEAN04B,"MUC1",ENSG00000185499,11.379593,-4.42349080213,,,,-5.020659228948279,-6.7225044364,0.0273979228719,,-4.83505066194,,,-5.87190610177,,,,,,,,,,,,,,-0.485213028025,,,,-0.844994130092,-3.91629732844,-6.22568120282,-4.57262190515,,,,,,,-5.85801069605,3.00819803697,,,,-2.31701020967,,,,
LEAN04F,"MUC1",ENSG00000185499,6.471443,-3.48278563635,,,,-3.5672816050254568,-5.56855128734,0.392037425068,,-3.97046489735,,,-4.54440429718,,,,,,,,,,,,,,0.46305676207,,,,-0.690589176253,-3.78516210612,-4.86152211866,-3.81772266481,,,,,,,-4.36448619623,2.65591822656,,,,-1.48224059584,,,,
LEAN04,"MUC1",ENSG00000185499,9.345795,-4.12732808667,,,,-5.043242885125177,-6.0725130734,-0.199374102557,,-4.4369396688,,,-5.63979367159,,,,,,,,,,,,,,-1.04879760901,,,,-0.76046390433,-3.14746756811,-5.89825860763,-4.14148698063,,,,,,,-5.69236691664,2.54609966248,,,,-2.39767525528,,,,
LEAN05B,"MUC1",ENSG00000185499,10.881603,-4.40858838335,,,,-5.082612462004823,-6.81246739275,0.187803320798,,-4.97462644357,,,-6.00086188388,,,,,,,,,,,,,,-0.326811983591,,,,-0.748424732061,-3.94334319232,-6.27720611558,-4.67995615291,,,,,,,-5.92257796409,2.98230248769,,,,-2.29771131215,,,,
LEAN05F,"MUC1",ENSG00000185499,7.221747,-3.50590976193,,,,-3.632587443379352,-5.72560872668,0.568888274554,,-4.13636826558,,,-4.73339468249,,,,,,,,,,,,,,0.642577497669,,,,-0.604998835643,-3.85822753261,-4.97781268412,-3.9800864234,,,,,,,-4.49140535637,2.66745912342,,,,-1.50826180192,,,,
LEAN05M,"MUC1",ENSG00000185499,5.609294,-2.96763518002,,,,-3.9913199803656143,-4.14538949065,-0.467766697008,,-3.09117473674,,,-4.08468904367,,,,,,,,,,,,,,-1.48952982579,,,,-0.486171038419,-1.61911962509,-4.23630505623,-2.77961360187,,,,,,,-4.28276393487,1.58620685626,,,,-1.99090341777,,,,
LEAN05,"MUC1",ENSG00000185499,10.450445,-4.09546274712,,,,-5.101564426207452,-6.11834207116,-0.0783745382609,,-4.54076047032,,,-5.72417952829,,,,,,,,,,,,,,-0.932379277204,,,,-0.6869288537,-3.14797600586,-5.9155533463,-4.19826629539,,,,,,,-5.72936838534,2.51523723629,,,,-2.36095732385,,,,
LEAN06B,"MUC1",ENSG00000185499,13.884024,-4.64662029198,,,,-5.708831320685246,-7.2408994825,1.83027402488,,-5.39096397592,,,-6.68502419748,,,,,,,,,,,,,,-0.182601068232,,,,-1.16023039386,-3.20740236204,-6.50576305085,-5.1397687965,,,,,,,-6.44447315635,2.77785731691,,,,-0.895493471309,,,,
LEAN06F,"MUC1",ENSG00000185499,7.031578,-3.80419601828,,,,-3.787785720959187,-5.9917812649,1.11159691884,,-3.81733972369,,,-4.93668592044,,,,,,,,,,,,,,0.456170786301,,,,-1.18642005466,-2.99782628199,-4.88564804143,-4.43291228003,,,,,,,-4.76883466156,2.34512736536,,,,-0.866548149874,,,,
LEAN06M,"MUC1",ENSG00000185499,7.314393,-3.09632995509,,,,-5.192337896898772,-4.72864433298,1.82533304349,,-4.52124113433,,,-5.29410281293,,,,,,,,,,,,,,-1.07555019868,,,,-0.39826441649,-1.55135442662,-5.02520029812,-3.0656853813,,,,,,,-5.08844781042,1.7382967059,,,,-0.387346571796,,,,
LEAN06,"MUC1",ENSG00000185499,12.200033,-4.42966992079,,,,-6.124775758085805,-6.83547311898,2.01863549529,,-5.56574703901,,,-6.82217252622,,,,,,,,,,,,,,-0.581720738571,,,,-1.03532836906,-2.78038066426,-6.59947302907,-4.70686191904,,,,,,,-6.59948699895,2.59445704047,,,,-0.794280040927,,,,
OSTE04,"MUC1",ENSG00000185499,5.874844,-1.47320955037,,,,0.10324603115406708,-3.70202819066,-0.744565964422,,-0.63029051516,,,-1.76197067913,,,,,,,,,,,,,,0.386749437859,,,,-0.275322532192,-2.29253994381,-4.55613472056,-0.841887247227,,,,,,,-4.29441047274,3.48464920256,,,,-1.6618692017,,,,
URAT01,"MUC1",ENSG00000185499,13.993192,-5.82778055842,,,,-3.114616164045454,-7.75176194175,-0.753053611211,,-5.62583914366,,,-0.164923162465,,,,,,,,,,,,,,2.51762645782,,,,-1.88306015735,-5.64865605617,-7.7629161678,-6.306799116,,,,,,,-7.62951831583,4.50368677216,,,,-4.78142219675,,,,
