code,target,ENSEMBL,association,Adipose_Subcutaneous,Adipose_Visceral_Omentum,Breast_Mammary_Tissue,Muscle_Skeletal,DGN_Whole_Blood,Whole_Blood,Artery_Aorta,Artery_Coronary,Artery_Tibial,Heart_Atrial_Appendage,Heart_Left_Ventricle,Spleen,Brain_Amygdala,Brain_Anterior_cingulate_cortex_BA24,Brain_Caudate_basal_ganglia,Brain_Nucleus_accumbens_basal_ganglia,Brain_Putamen_basal_ganglia,Brain_Cerebellar_Hemisphere,Brain_Cerebellum,Brain_Cortex,Brain_Frontal_Cortex_BA9,Brain_Hippocampus,Brain_Hypothalamus,Brain_Spinal_cord_cervical_c-1,Brain_Substantia_nigra,Nerve_Tibial,Cells_Transformed_fibroblasts,Cells_EBV-transformed_lymphocytes,Colon_Sigmoid,Colon_Transverse,Esophagus_Gastroesophageal_Junction,Esophagus_Mucosa,Esophagus_Muscularis,Liver,Minor_Salivary_Gland,Small_Intestine_Terminal_Ileum,Stomach,Adrenal_Gland,Pituitary,Pancreas,Thyroid,Lung,Ovary,Prostate,Testis,Uterus,Vagina,Skin_Not_Sun_Exposed_Suprapubic,Skin_Sun_Exposed_Lower_leg
ANKY01,"WDR46",ENSG00000227057,8.814345,,,,3.65526192332,,,,,3.10299445741,-15.9562373435,,,,,,,,-2.34802409976,,,,,,,,,4.90330222206,,,,,0.54334872961,,,,,,,10.6682851125,6.91403896588,,4.21078678262,,,1.97287134974,,,6.19142866135,
BFPC04B,"WDR46",ENSG00000227057,9.541060,,,0.348901957273,0.419157795395,6.048184684501455,,,,1.5563990951,-3.5762300453,,,,,,,,0.981681577436,0.809068655955,,,,,,,,2.36654250821,,,,,0.488395787305,,,,,,,-1.24174479619,2.40222482655,,1.43260163674,,,-4.4128782039,,,0.525815727801,
BFPC04M,"WDR46",ENSG00000227057,5.677305,,,-0.470396161079,0.513459606843,4.434009326153698,,,,1.47488384373,-2.84009280383,,,,,,,,1.33003503232,0.62868968933,,,,,,,,2.02689811412,,,,,0.251028922652,,,,,,,-1.1468810965,2.14369216044,,1.01778211126,,,-3.93067753744,,,-0.172899728333,
BFPC04,"WDR46",ENSG00000227057,9.436543,,,0.486471921206,0.371040383554,6.083638017337435,,,,1.49536925882,-3.506244838,,,,,,,,0.81472522079,0.803458179932,,,,,,,,2.28096679405,,,,,0.433738311569,,,,,,,-1.15384949167,2.30047983765,,1.41879117381,,,-4.31027834273,,,0.627206423934,
BLOO01,"WDR46",ENSG00000227057,29.526484,,,0.481304645538,-4.02906549746,7.503563287139037,,,,3.97750380531,11.1045755837,,,,,,,,1.25411760576,-7.68993821873,,,,,,,,-2.34100941711,,,,,-5.96424613744,,,,,,,-4.84709352888,-7.11921896441,,0.278444738507,,,-9.23038895681,,,1.6478567679,
BLOO06,"WDR46",ENSG00000227057,6.249669,,,-1.07919681072,-0.717040239332,-1.045749009676368,,,,2.38323222682,-0.400579440889,,,,,,,,-0.769297977087,-2.08042585985,,,,,,,,1.21110540342,,,,,-0.503839494681,,,,,,,-2.83734104507,0.227918172465,,2.58821697443,,,-4.72024425794,,,-2.53971413318,
BLOO07,"WDR46",ENSG00000227057,13.344794,,,0.306531488895,0.488892989283,3.079468376102799,,,,4.84918829681,4.98080405605,,,,,,,,1.07703015479,-4.65752296345,,,,,,,,1.50249331102,,,,,-1.86880278144,,,,,,,-1.92782959866,-0.173832471091,,2.8894913531,,,-5.92408416006,,,1.40178322713,
BLOO09,"WDR46",ENSG00000227057,7.666593,,,-1.1373308897,-0.626764484681,-0.7125620058256701,,,,2.79981125369,0.0762502951899,,,,,,,,-0.654205901354,-2.54020442038,,,,,,,,1.2827210555,,,,,-0.793187461001,,,,,,,-2.91618983698,0.17908603076,,2.7277848154,,,-5.14525641653,,,-2.47261164614,
BLOO10,"WDR46",ENSG00000227057,7.891164,,,-1.04786670208,-0.673863746368,-0.549740910612239,,,,2.91538995486,-0.0354051533227,,,,,,,,-0.656857634633,-2.43956061401,,,,,,,,1.32145400083,,,,,-1.04636470503,,,,,,,-3.0635066041,0.0149999953557,,2.82270494256,,,-5.37241174608,,,-2.69696651668,
BLOO12,"WDR46",ENSG00000227057,7.671396,,,-0.534638285637,0.381166185288,-0.9845776858907901,,,,3.75344243508,0.891255557671,,,,,,,,-1.59334644813,-2.87368101288,,,,,,,,2.16594953888,,,,,-1.3684414714,,,,,,,-2.75953532478,-0.222044829338,,3.39470390099,,,-5.24198997396,,,-1.07371108801,
BLOO13,"WDR46",ENSG00000227057,6.451205,,,-1.20449066162,-0.599814906068,4.649832347903171,,,,2.39832925713,-1.01180253496,,,,,,,,2.80826365591,-0.188726860478,,,,,,,,0.870713354921,,,,,-1.73901125174,,,,,,,-3.22849360113,0.71609804179,,3.30907388709,,,-4.73807653484,,,1.02305925356,
BLOO16,"WDR46",ENSG00000227057,15.588784,,,0.15071567893,1.73195656335,6.555723924228077,,,,5.29069841662,2.66283140931,,,,,,,,4.52352114888,0.0593303396447,,,,,,,,1.41580387525,,,,,-3.01106009634,,,,,,,-3.20289930969,1.70219836463,,5.68012972831,,,-5.82750958086,,,1.92229117361,
BLOO17,"WDR46",ENSG00000227057,10.013273,,,0.613720536232,1.20687074248,4.811381645766317,,,,3.81891449302,2.64215930128,,,,,,,,3.5730500565,-0.0941223463446,,,,,,,,0.364848360573,,,,,-2.06830449806,,,,,,,-2.02209252468,1.29360372762,,4.18585506756,,,-4.33572915338,,,1.52336790469,
BLOO18,"WDR46",ENSG00000227057,8.266963,,,0.724758803844,1.40250565583,4.217183260705549,,,,3.61036403114,2.87521771252,,,,,,,,2.83607302214,-0.261232213032,,,,,,,,0.490654687937,,,,,-1.99706637107,,,,,,,-1.6915867797,1.01102840632,,3.80683254894,,,-3.61260119391,,,1.45581871488,
BLOO25,"WDR46",ENSG00000227057,6.206755,,,1.15083527565,-2.87634421426,-4.380955653409657,,,,-3.06809144304,-0.823806734333,,,,,,,,-1.12240155646,-2.74404662309,,,,,,,,-3.24849525186,,,,,-1.18945985069,,,,,,,-2.1024539949,-2.66184576019,,-2.3578014507,,,3.15527567039,,,-1.03886510815,
BLOO30,"WDR46",ENSG00000227057,8.202878,,,-0.986067473888,-0.496673719463,5.071779461971196,,,,2.80273849653,-0.668963040554,,,,,,,,2.99230206678,-0.380941574691,,,,,,,,0.909405309352,,,,,-1.93079843735,,,,,,,-3.46282521234,0.690357939662,,3.74187820643,,,-5.12212958516,,,1.41997500525,
BLOO31,"WDR46",ENSG00000227057,8.333201,,,-0.407010883093,-1.74324698501,-3.7882551154696094,,,,-3.55193882861,-2.87407820653,,,,,,,,-2.91103283287,0.0932712485227,,,,,,,,-0.773924810113,,,,,1.91128392702,,,,,,,1.47726526943,-1.19638305236,,-3.60202898157,,,2.95009109146,,,-0.965307588656,
BLOO33,"WDR46",ENSG00000227057,32.363703,,,0.386535644531,-1.15616318565,6.23142958807819,,,,5.09734399572,2.26346746244,,,,,,,,2.22631787751,-1.67239506634,,,,,,,,-1.73165812599,,,,,-9.93964751553,,,,,,,-4.07599236939,-5.03129890484,,5.12916203276,,,-9.35429711959,,,-1.06013523522,
BODY08B,"WDR46",ENSG00000227057,9.779421,,,0.165766850114,1.75457549403,6.203894855850145,,,,1.55103575929,-2.96401600842,,,,,,,,1.8361372256,0.901457315216,,,,,,,,3.5079779867,,,,,2.91521881742,,,,,,,0.812174010106,3.94321711462,,2.0810963742,,,-2.60130984407,,,1.37864189078,
BODY08M,"WDR46",ENSG00000227057,8.310345,,,-0.495469152927,1.99699794572,5.361592005250618,,,,1.67976165275,-2.49276561431,,,,,,,,1.56688265097,1.12819441131,,,,,,,,3.42649838188,,,,,3.10313567879,,,,,,,0.652674826773,3.4878032193,,1.76460945236,,,-2.53427862053,,,0.46636316977,
BODY08,"WDR46",ENSG00000227057,10.080190,,,0.321278572083,1.65959687369,6.042270677327966,,,,1.51093023752,-2.78702485492,,,,,,,,1.81686653498,0.816109249541,,,,,,,,3.36111093158,,,,,2.63589652983,,,,,,,0.866588003052,3.93559773086,,2.09896945815,,,-2.43166289336,,,1.54612554559,
CIRR01,"WDR46",ENSG00000227057,4.904691,,,-2.3026099205,-2.4698168618,0.07481634226175203,,,,0.441035812758,0.144147637452,,,,,,,,3.86002115704,-4.71264588215,,,,,,,,-2.37639075372,,,,,-4.10498132425,,,,,,,-2.37505983498,0.647426574305,,2.79834648271,,,-3.21881767333,,,-1.5875279118,
EDUC03,"WDR46",ENSG00000227057,10.569409,,,0.339809477329,-2.6721199391,-6.398509832340674,,,,-0.924594871664,0.427409109207,,,,,,,,-1.29796694862,-2.51143214497,,,,,,,,-3.32029626519,,,,,0.349914681219,,,,,,,-1.56130388149,-3.55087548681,,,,,0.162263340462,,,0.104406536621,
FATM04B,"WDR46",ENSG00000227057,10.424166,,,0.0258862432092,1.98146853519,6.516665551004384,,,,2.26953824031,-3.52817088293,,,,,,,,0.890565484026,2.07891388485,,,,,,,,4.04563875033,,,,,2.13216795096,,,,,,,0.99415704278,4.07124869984,,2.30156562645,,,-3.50921321253,,,1.582352224,
FATM04M,"WDR46",ENSG00000227057,7.568781,,,-0.805127680302,1.81364542516,5.2090231348929175,,,,2.19757470394,-2.78400167537,,,,,,,,1.04343898232,1.9050598711,,,,,,,,3.50104558585,,,,,1.7858478155,,,,,,,0.526601750214,3.29801872448,,1.71645743541,,,-3.37063640274,,,0.550529362489,
FATM04,"WDR46",ENSG00000227057,11.174925,,,0.20646508038,1.93693877518,6.456736542230645,,,,2.1841449911,-3.44427400542,,,,,,,,0.796014603982,2.00107868548,,,,,,,,3.93956562042,,,,,2.01335980844,,,,,,,1.10029785805,4.04393118934,,2.31387730464,,,-3.34388038632,,,1.72009415306,
LEAN06B,"WDR46",ENSG00000227057,6.509143,,,-0.142533123493,4.54169218892,4.544829521263955,,,,2.84150643727,-1.73638947357,,,,,,,,-0.659346183357,3.69523267605,,,,,,,,5.63488163171,,,,,4.81824814978,,,,,,,5.24414678739,5.267256332,,3.44672945085,,,-0.178106974757,,,3.34576257146,
LEAN06M,"WDR46",ENSG00000227057,5.625233,,,-1.21089684963,3.93047288074,4.901980598711973,,,,2.9951895394,-1.70865724859,,,,,,,,-0.512869184036,3.5300382716,,,,,,,,5.28822441195,,,,,3.88938598928,,,,,,,3.6810061767,4.21624063994,,2.62265222003,,,-1.2375735138,,,1.90769890998,
LEAN06,"WDR46",ENSG00000227057,8.772756,,,-0.58975070715,4.91751580044,5.343575014481372,,,,3.38055325368,-1.80379104541,,,,,,,,-0.584138763754,4.07761542774,,,,,,,,6.27124644945,,,,,5.01534174647,,,,,,,5.18149318359,5.64575481179,,3.64968816182,,,-0.616761594783,,,3.14947928956,
LUPU01,"WDR46",ENSG00000227057,8.709298,,,1.2172524929,2.52996944225,-2.0559565726527858,,,,-1.72086212629,0.447506867809,,,,,,,,-1.51200836106,1.73956300694,,,,,,,,-1.52045088094,,,,,-0.149052109196,,,,,,,4.05240417627,1.28613588523,,,,,1.2141518424,,,0.380557048446,
PRSC01,"WDR46",ENSG00000227057,13.556393,,,0.493436932564,-1.00440395181,-2.9593149871134092,,,,-2.10994944994,4.43906638681,,,,,,,,-4.37528517183,1.89787933508,,,,,,,,-0.268899080024,,,,,1.57844519551,,,,,,,3.60570946684,-1.52548776857,,-3.83039640368,,,1.79736102724,,,-1.29338770674,
RHEU01,"WDR46",ENSG00000227057,41.116214,,,-0.823893606663,7.22471230999,9.69449459154063,,,,9.33313951627,6.17701516852,,,,,,,,7.68053354792,7.56376879037,,,,,,,,3.2714209479,,,,,-6.25706347533,,,,,,,-1.53341024494,4.40509263112,,5.92695418173,,,-10.451018816,,,-1.59071186961,
RHEU02,"WDR46",ENSG00000227057,36.441519,,,-0.823893606663,7.22937059809,9.694494591540632,,,,9.35193585542,6.17701516852,,,,,,,,7.68053354792,7.56376879037,,,,,,,,3.2714209479,,,,,-6.25706347533,,,,,,,-1.53341024494,4.2122191616,,5.92695418173,,,-10.451018816,,,-1.59071186961,
SCHI01,"WDR46",ENSG00000227057,7.302387,,,1.22759246826,0.127833405183,3.9562798214324473,,,,1.99739004786,3.95447595196,,,,,,,,-0.194939457073,-1.93260763783,,,,,,,,1.25857795684,,,,,-0.715349578478,,,,,,,-1.32352508825,-2.32653353538,,,,,0.554401035929,,,0.878501756161,
SCHI02,"WDR46",ENSG00000227057,6.720447,,,1.37188255787,0.184298362849,3.855755856100267,,,,2.11190969296,4.00427664119,,,,,,,,-0.269161073967,-2.14289730715,,,,,,,,1.27541688542,,,,,-0.501833458974,,,,,,,-1.44995227874,-2.20034810854,,,,,0.769832968222,,,0.694275897375,
ULCC01,"WDR46",ENSG00000227057,0.890084,,,0.326032191515,-1.02302246291,-0.9856442381164859,,,,-2.38996546337,0.0921793089637,,,,,,,,-1.62074067132,-1.05821061548,,,,,,,,-3.06684418623,,,,,-1.13382187124,,,,,,,-2.87043803839,-4.77713789874,,,,,1.21976657104,,,-1.4746854942,
