code,target,ENSEMBL,association,Adipose_Subcutaneous,Adipose_Visceral_Omentum,Breast_Mammary_Tissue,Muscle_Skeletal,DGN_Whole_Blood,Whole_Blood,Artery_Aorta,Artery_Coronary,Artery_Tibial,Heart_Atrial_Appendage,Heart_Left_Ventricle,Spleen,Brain_Amygdala,Brain_Anterior_cingulate_cortex_BA24,Brain_Caudate_basal_ganglia,Brain_Nucleus_accumbens_basal_ganglia,Brain_Putamen_basal_ganglia,Brain_Cerebellar_Hemisphere,Brain_Cerebellum,Brain_Cortex,Brain_Frontal_Cortex_BA9,Brain_Hippocampus,Brain_Hypothalamus,Brain_Spinal_cord_cervical_c-1,Brain_Substantia_nigra,Nerve_Tibial,Cells_Transformed_fibroblasts,Cells_EBV-transformed_lymphocytes,Colon_Sigmoid,Colon_Transverse,Esophagus_Gastroesophageal_Junction,Esophagus_Mucosa,Esophagus_Muscularis,Liver,Minor_Salivary_Gland,Small_Intestine_Terminal_Ileum,Stomach,Adrenal_Gland,Pituitary,Pancreas,Thyroid,Lung,Ovary,Prostate,Testis,Uterus,Vagina,Skin_Not_Sun_Exposed_Suprapubic,Skin_Sun_Exposed_Lower_leg
AMIN01,"CAD",ENSG00000084774,6.245018,,2.92406033001,,-0.857158337814,0.4922445599619771,2.13083049556,,,,2.33734550751,,,,,,,,-1.968805214,2.34341786745,,,,,,,,,,,-1.32973380614,0.253249453108,2.21726342428,,,-3.04798308043,,4.24105524872,2.34369352208,3.12862038612,-2.54970170987,1.68267078686,,,,,,0.248757840198,,1.87227029328
BLOO01,"CAD",ENSG00000084774,5.943743,,3.31258391322,,1.41550108607,2.3659561145832266,3.73579838636,,,,3.54804415398,,,,,,,,-2.25754162668,3.60534638365,,,,,,,,,,,0.900798622156,1.52629942749,3.11741160506,,,0.556637977023,,3.2900403836,4.37452939103,4.55194581297,-4.08391796362,3.82180513875,,,,,,-0.585522644741,,3.78709638893
BLOO12,"CAD",ENSG00000084774,6.171070,,2.66596081912,,-0.652781244761,0.9568626974680329,2.01782741366,,,,2.10904807773,,,,,,,,-1.71404272386,2.44698924097,,,,,,,,,,,-0.274834942842,-0.192379402869,1.90212021781,,,-1.08547739768,,1.9455680183,2.9403226264,3.49079416445,-2.67500132971,2.15108722599,,,,,,-1.8360722925,,1.88202814843
BLOO30,"CAD",ENSG00000084774,6.002937,,2.99700543402,,-0.692749328958,1.0638139927908634,2.49850233125,,,,2.7202266042,,,,,,,,-0.736713132277,2.41063746232,,,,,,,,,,,0.0409180558355,0.183970723221,1.9783407996,,,-1.15240202422,,2.09197723303,2.97450874728,3.54810063707,-2.75022398526,2.53366210358,,,,,,-2.12176987521,,1.39421828065
BLOO33,"CAD",ENSG00000084774,6.337129,,3.86533000289,,2.0013542386,2.966197010166402,4.13091978771,,,,3.38433820867,,,,,,,,-1.68669085334,4.1149501661,,,,,,,,,,,1.26562917126,2.06873739973,3.98054084568,,,0.95210441475,,3.57743459813,4.78878046757,4.6045042815,-4.48717324355,4.17179491379,,,,,,-0.829268244134,,3.97142652692
GLYC19F,"CAD",ENSG00000084774,8.475279,,-3.90859938682,,-3.03104730437,-2.779047576268048,0.0201387276255,,,,-0.775447656465,,,,,,,,2.29740925166,-4.53110818807,,,,,,,,,,,0.704008135841,-0.811194828405,-3.18544558366,,,1.80145542077,,-2.85072827953,-4.00640949873,-4.37588866748,4.5103592618,-3.40221329432,,,,,,-0.669880550544,,-5.00893715776
GLYC19,"CAD",ENSG00000084774,10.913783,,-3.92036680881,,-2.99208279569,-2.4982294855635594,-0.649728998075,,,,-1.0747227166,,,,,,,,4.00112509972,-4.61578193282,,,,,,,,,,,1.15046853637,-0.797777555654,-2.91026393665,,,2.29143037102,,-4.73686575459,-4.50491951551,-4.39918674483,4.65041194273,-3.37876320627,,,,,,-0.803581322258,,-5.44251142612
GLYC35,"CAD",ENSG00000084774,6.344333,,-2.49400649841,,-2.49183871301,-1.9603509205218503,-0.758460582604,,,,-0.425055882423,,,,,,,,3.76204208139,-3.57172263278,,,,,,,,,,,0.875264080334,-1.08756510401,-2.79060400309,,,2.22109210808,,-4.42657989688,-3.37281456015,-3.31509584656,3.60957876917,-2.83677746008,,,,,,-0.198114733491,,-4.43978434274
LEAN06B,"CAD",ENSG00000084774,7.390416,,-3.86633666293,,-0.325248249383,-1.1769817698912348,-3.67766448868,,,,-1.13638977078,,,,,,,,3.03201029516,-4.06080399641,,,,,,,,,,,4.24755430838,0.814293891351,-2.92099383497,,,1.0995430681,,-5.49937828597,-4.43591821407,-5.85316955811,4.40172174793,-1.67306651953,,,,,,2.12866916319,,-2.69049585971
LEAN06F,"CAD",ENSG00000084774,5.932223,,-2.64383602397,,0.744658351628,0.09510306968386717,-1.71291840634,,,,-0.601757432783,,,,,,,,2.48889139458,-2.54405590755,,,,,,,,,,,3.3345832219,1.86956568344,-1.69593440435,,,1.72990686091,,-4.24065519976,-2.83849395418,-4.05509347408,2.73889850984,-0.782934790179,,,,,,1.57825766027,,-1.27730746085
LEAN06M,"CAD",ENSG00000084774,4.013613,,-3.3917215054,,-1.8006542345,-2.4458515446518954,-4.48179300571,,,,-1.27278566533,,,,,,,,2.01486062671,-3.92843811115,,,,,,,,,,,3.05318403924,-1.34347764222,-3.03683206302,,,-0.566080466988,,-4.07564954105,-4.19579196657,-5.05577006632,4.28854441234,-2.03571478818,,,,,,1.67600306325,,-3.24522184776
LEAN06,"CAD",ENSG00000084774,7.040477,,-4.0194074493,,-1.05846052931,-1.817791564755795,-4.43768889821,,,,-1.13806384634,,,,,,,,2.87241490999,-4.3708395074,,,,,,,,,,,4.15994390337,-0.0519231837086,-3.2103219894,,,0.471734056064,,-5.42385123157,-4.78369323342,-6.01975225509,4.73773729355,-1.90240412264,,,,,,1.96059517008,,-3.12440642425
MENO01F,"CAD",ENSG00000084774,8.016649,,4.9109297875,,4.00892647154,4.569813825002583,2.45718568182,,,,4.64352291887,,,,,,,,-0.333755060634,5.5314921803,,,,,,,,,,,1.62835579781,3.29536394209,5.17683352195,,,-0.610611621142,,4.00131837658,4.75963388795,4.98725058261,-5.93956784674,5.75177999793,,,,,,-2.60555539709,,4.84591215751
PHLI07,"CAD",ENSG00000084774,6.966777,,3.93357527707,,0.268468199669,2.0430452652630207,2.29096855142,,,,3.16764607382,,,,,,,,-1.1367775405,3.7168849757,,,,,,,,,,,0.903862479204,-0.247974005405,3.16870893891,,,-1.34300294208,,3.20225387742,3.68456393487,4.12709933304,-3.9457360092,2.71453802523,,,,,,-1.75539967776,,3.76030803069
PHLI10,"CAD",ENSG00000084774,6.024412,,4.01429838461,,0.433597268069,2.1493072604996115,2.91442422483,,,,3.00159100834,,,,,,,,-0.827581769033,3.70850571393,,,,,,,,,,,0.948085392259,0.374493703278,3.50128810911,,,-0.961630763173,,3.62576359885,3.84559166115,3.91309294899,-4.03289485329,2.6411453287,,,,,,-1.50400418109,,3.77937015486
TRGL01,"CAD",ENSG00000084774,6.536630,,4.02733600802,,0.148771854267,1.5528412355391255,2.57356408549,,,,3.00437507187,,,,,,,,-1.30228114502,3.62294078066,,,,,,,,,,,0.431309049936,-0.146678587511,3.04349721779,,,-1.19426272584,,4.23204083398,3.98127198011,4.10283569578,-3.96239724383,2.5707125928,,,,,,-2.00555481187,,3.48283882213
TRGL03,"CAD",ENSG00000084774,19.063371,,6.62472576502,,-0.354114359237,1.12954121954826,-1.57586941913,,,,4.98234734489,,,,,,,,-5.29690485762,5.69666862645,,,,,,,,,,,-2.32236461863,-1.56931330157,3.28616280192,,,-4.62782609497,,11.0052083585,6.07870683499,6.93262834876,-6.45448684262,3.75103254247,,,,,,-2.51017588306,,4.21687945659
TRGL06,"CAD",ENSG00000084774,6.048196,,3.50923378499,,0.081579230535,1.8461344669876945,2.02550588712,,,,2.68650278479,,,,,,,,-1.35834673524,3.40618826473,,,,,,,,,,,0.661420769095,-0.394899393394,3.04317882139,,,-1.03583932552,,3.28783034944,3.37802019659,3.64565292922,-3.62950100618,2.2770662963,,,,,,-1.26223816303,,3.47205748117
TRGL09,"CAD",ENSG00000084774,5.797512,,3.98211892507,,-0.046258993497,1.7818903261221952,2.21146888719,,,,2.66575821062,,,,,,,,-1.17405089046,3.47316175482,,,,,,,,,,,0.45472494187,0.02050664876,3.31743919625,,,-1.11467402668,,3.77126597217,3.93138390052,3.8252263776,-3.87568421567,2.14783055658,,,,,,-1.77469747798,,3.66892422275
URAT01,"CAD",ENSG00000084774,7.603923,,4.67175401294,,0.970193222938,2.14727230498409,1.05067551036,,,,2.49486459125,,,,,,,,-1.84276488495,3.94464864238,,,,,,,,,,,-1.33822159477,0.542632589983,3.06562579624,,,-1.28666333698,,5.43110677721,4.23367311079,4.86842127067,-4.30968832801,3.77360297551,,,,,,-2.28689387834,,2.95415120032
