code,target,ENSEMBL,association,Adipose_Subcutaneous,Adipose_Visceral_Omentum,Breast_Mammary_Tissue,Muscle_Skeletal,DGN_Whole_Blood,Whole_Blood,Artery_Aorta,Artery_Coronary,Artery_Tibial,Heart_Atrial_Appendage,Heart_Left_Ventricle,Spleen,Brain_Amygdala,Brain_Anterior_cingulate_cortex_BA24,Brain_Caudate_basal_ganglia,Brain_Nucleus_accumbens_basal_ganglia,Brain_Putamen_basal_ganglia,Brain_Cerebellar_Hemisphere,Brain_Cerebellum,Brain_Cortex,Brain_Frontal_Cortex_BA9,Brain_Hippocampus,Brain_Hypothalamus,Brain_Spinal_cord_cervical_c-1,Brain_Substantia_nigra,Nerve_Tibial,Cells_Transformed_fibroblasts,Cells_EBV-transformed_lymphocytes,Colon_Sigmoid,Colon_Transverse,Esophagus_Gastroesophageal_Junction,Esophagus_Mucosa,Esophagus_Muscularis,Liver,Minor_Salivary_Gland,Small_Intestine_Terminal_Ileum,Stomach,Adrenal_Gland,Pituitary,Pancreas,Thyroid,Lung,Ovary,Prostate,Testis,Uterus,Vagina,Skin_Not_Sun_Exposed_Suprapubic,Skin_Sun_Exposed_Lower_leg
CHOL06,"ZNF253",ENSG00000256771,6.559280,5.38786976263,,,4.51036915145,3.669579460027531,4.40226653575,,,4.01046228409,,2.37851839092,,,,,3.2383781265,,4.29517507809,4.23913568195,,2.63506057552,,,,,4.65425096761,4.40147338914,2.42432336513,3.73814403185,,3.03527812081,3.78491002368,4.57756109991,,,,,,3.74504715876,,6.0840647702,4.55348119006,3.91355616795,4.4742122924,4.94629340397,,,4.25036842142,4.40018219095
CHOL16,"ZNF253",ENSG00000256771,3.877162,4.87628454071,,,3.65147973268,3.237575577187542,3.69599433611,,,3.21116065979,,1.61242736469,,,,,2.37146708247,,3.39960074448,3.3755298024,,2.26268178468,,,,,3.72626259833,3.89734112066,2.36977994338,2.67531840073,,2.60669038767,2.7896583798,3.61988962378,,,,,,3.37292124753,,5.13127136271,3.77381831379,3.906324631,4.23665996841,4.0160682075,,,3.74725952606,3.73746108879
CHOL17,"ZNF253",ENSG00000256771,4.136957,4.78391975118,,,3.66850965103,3.487380661543587,3.9668267305,,,3.24755787849,,2.61733510433,,,,,2.26531849111,,3.41631239346,3.2394459885,,1.75274313462,,,,,3.61851001048,4.12665911521,2.48049083806,2.98399911407,,2.3960841311,3.0082354044,3.61816257162,,,,,,3.65719921241,,4.91703472393,3.76871049534,3.53172802928,3.55409401232,3.95174399722,,,3.06756474009,3.46643896719
CHOL21,"ZNF253",ENSG00000256771,2.136106,3.4324348665,,,2.89873139093,1.8551388358778786,2.54927774966,,,2.95618891716,,1.08649387055,,,,,1.08012821765,,2.05941898326,2.27053078181,,0.737123121798,,,,,2.60702631376,2.53619109595,0.955774700865,1.26317535436,,2.27465699152,1.0185550581,2.40373348089,,,,,,1.32402621102,,1.89816019164,1.7156500687,4.76713183334,2.49733535069,2.35004347392,,,1.2665480063,2.56214200712
CHOL31,"ZNF253",ENSG00000256771,5.934644,5.19518595607,,,4.39425623256,3.552745237936713,4.30281073618,,,3.8208360672,,2.26239531486,,,,,3.05905961582,,4.10921961176,4.05762123491,,2.72924445709,,,,,4.45155564882,4.37428563259,2.6937084239,3.44243110316,,2.80621313211,3.56352167349,4.26949257521,,,,,,3.60813206334,,5.8791750807,4.32114761992,3.91952365568,4.56982174184,4.73539484851,,,4.00820032847,4.29333712219
FATT29,"ZNF253",ENSG00000256771,4.661125,3.78489836481,,,3.72181428679,2.9378912651419555,3.74207577793,,,2.77773046494,,2.73105643685,,,,,1.85346059704,,3.44942463799,3.55738925609,,2.15621016647,,,,,3.78440407723,3.4944586539,1.69200375823,2.59273524997,,2.60361925563,2.6881705563,3.83531065499,,,,,,3.25323887458,,4.87245190232,3.56643860422,3.00298303014,3.23916864512,4.1839566811,,,2.83394806354,2.87557021534
LIPI10,"ZNF253",ENSG00000256771,5.283162,5.10462144044,,,3.86243540741,3.571085961429694,4.01710584926,,,3.43251991272,,2.59399844137,,,,,2.43393601928,,3.6035075963,3.44307495034,,2.2829521785,,,,,3.86425787954,4.0013609677,2.46414632865,3.25295216857,,2.53997114463,3.10111014544,3.95022912696,,,,,,3.62168423579,,5.1807764318,4.06891859843,3.84543324193,3.87058667916,4.241253845,,,3.71425555314,3.41769416011
LIPI13,"ZNF253",ENSG00000256771,5.179812,5.24100499707,,,4.17540928576,3.568002112615173,4.46054575296,,,3.4343392849,,2.68938092022,,,,,2.43148901898,,3.92190809258,3.8281266608,,1.72857658155,,,,,4.18422444059,4.0621779593,2.03380353648,3.79712596464,,2.51449993091,3.54262133004,3.92752934963,,,,,,3.93884318447,,5.43747014499,4.34059401019,3.78684079211,3.81039497268,4.39721423868,,,4.00113529011,3.65033622706
LIPI14,"ZNF253",ENSG00000256771,4.724067,4.70162251182,,,3.8077763007,3.2228324205581242,3.66894136275,,,3.03117990494,,1.78398398097,,,,,2.44782182927,,3.44274489211,3.53774528978,,2.51444305108,,,,,3.90172928471,3.67729023635,2.17569304304,2.8445640778,,2.54482570769,2.78031369775,3.83912136287,,,,,,3.0671958973,,5.23144015056,3.66894908159,3.76354874506,4.28698116987,4.1361541999,,,3.90378364854,3.45150449387
LIPO07,"ZNF253",ENSG00000256771,5.434684,4.58467683957,,,3.89068985709,2.741432524936104,3.26339245024,,,2.85801506042,,1.67045306967,,,,,2.92502343402,,3.47204202883,3.56179259852,,3.01113723332,,,,,4.06772334179,3.3587218287,1.98071322607,2.46784120437,,2.71356201399,2.54217121028,4.08054797222,,,,,,2.9084867234,,5.45276408172,3.31887641836,4.09207596545,4.35444780845,4.37156152199,,,3.69465290493,3.30770604516
LIPO11,"ZNF253",ENSG00000256771,5.060466,5.08525454018,,,3.86972827139,3.5345297970817753,3.98402572897,,,3.3717212677,,2.51896993573,,,,,2.40601872323,,3.5792472161,3.4222442017,,2.38828606478,,,,,3.85710174834,3.95396488538,2.53111197914,3.1941710141,,2.54440389609,2.98745459376,3.950238404,,,,,,3.66335273098,,5.19830275193,4.00695135049,3.88249347995,3.95398039646,4.2306854709,,,3.76222666,3.31955601912
LIPO14,"ZNF253",ENSG00000256771,5.462723,5.34834008589,,,4.26659749712,3.6058789161013958,4.4912363478,,,3.51910829544,,2.70710448388,,,,,2.46403114418,,3.99358866392,3.89177326438,,1.84610953988,,,,,4.26554841639,4.08914702116,2.109458341,3.88054918686,,2.59145060108,3.58680165256,4.02398246887,,,,,,4.01178840843,,5.542096509,4.37667879997,3.87971630669,3.86774901564,4.49921774782,,,4.04316717598,3.65743355365
PHLI07,"ZNF253",ENSG00000256771,2.947421,4.37070114839,,,3.28845782098,2.343487868484122,3.09244526589,,,2.8362967968,,1.42627221028,,,,,2.4374383715,,3.11681408493,3.37480669741,,2.2443349927,,,,,3.53476894876,2.98952488305,1.69006006337,2.51256532763,,2.39640794256,2.24636471951,3.38846162608,,,,,,2.41801815679,,4.7931677031,3.2871515648,3.30592094636,3.7400850912,3.71826260826,,,3.33718045795,3.27450582128
PHLI10,"ZNF253",ENSG00000256771,4.321919,4.94604690052,,,3.7921555051,3.2776252148411458,3.72458390416,,,3.35210371017,,1.77344666105,,,,,2.32790304398,,3.50688345698,3.53556051709,,2.31581951656,,,,,3.81808374524,4.00058466361,2.26161274385,2.88270883819,,2.66533643178,2.89148277908,3.71964606975,,,,,,3.36167924899,,5.20013462727,3.89048552089,3.87363582598,4.30513012789,4.11638404549,,,3.68180554618,3.79061411928
PHLI11,"ZNF253",ENSG00000256771,4.484762,5.04166797931,,,4.08622608523,3.8142641447290844,4.26307939452,,,3.57969164848,,2.56251236088,,,,,2.38334356684,,3.78007723607,3.62493096496,,2.23889385964,,,,,3.99751222935,4.19893838635,2.68452408153,3.3525154908,,2.53592169531,3.41461711189,3.85319248886,,,,,,3.75366869796,,5.27468930446,4.20113443595,3.88750819292,4.04105233062,4.31616798825,,,3.85838187774,3.70518552641
PHLI12,"ZNF253",ENSG00000256771,3.826901,4.27313218798,,,3.63723451856,3.135185930383602,3.85549826468,,,3.04613995552,,2.32529025852,,,,,2.00714620775,,3.43470228608,3.29553796624,,1.34432929491,,,,,3.65435082715,3.52888423272,1.4194547358,3.56863089637,,1.96282906672,3.48111212908,3.36580990815,,,,,,3.16413682517,,4.7478457034,3.69026254821,2.98306098339,3.12480018902,3.84483854869,,,3.3169511058,3.50587367532
TRGL01,"ZNF253",ENSG00000256771,4.900181,4.73985735019,,,3.69073077768,2.8448960066020024,3.59203662546,,,3.19382739067,,2.14664565342,,,,,2.47582464688,,3.45554211455,3.32921829284,,2.76977158253,,,,,3.74759569278,3.64796035628,2.32333895622,2.9392971868,,2.41664940947,2.70027281556,3.69884403395,,,,,,3.29278804836,,5.24471305208,3.45619773221,3.54978446998,3.88041802499,4.08089403854,,,3.28057361049,3.31533064605
TRGL05,"ZNF253",ENSG00000256771,4.638423,4.52895024228,,,3.74148635175,3.032654516650558,3.85861076868,,,3.30170226097,,2.70648979508,,,,,2.17139560088,,3.63378509349,3.38365830564,,1.84112555484,,,,,3.73175928847,3.61366894473,1.94662061685,3.56673755049,,2.25463038885,3.07948407483,3.56533537951,,,,,,3.98323132862,,4.91042447597,3.95879159618,3.56389043101,3.02226362015,4.02442197154,,,3.38589586989,2.75370007868
TRGL12,"ZNF253",ENSG00000256771,5.435855,5.32491881178,,,4.09408299751,3.5057578397696827,4.22770853697,,,3.45221710205,,2.71206974554,,,,,2.32015440105,,3.82064700183,3.63759693658,,2.22831825194,,,,,4.02649661606,4.01030678762,2.51818376722,3.61051417222,,2.61185932472,3.14780441259,3.98630384523,,,,,,4.17570035399,,5.37072315934,4.25386946184,4.00333231086,3.76331508528,4.36203993724,,,3.85402834678,3.14935327552
