code,target,ENSEMBL,association,Adipose_Subcutaneous,Adipose_Visceral_Omentum,Breast_Mammary_Tissue,Muscle_Skeletal,DGN_Whole_Blood,Whole_Blood,Artery_Aorta,Artery_Coronary,Artery_Tibial,Heart_Atrial_Appendage,Heart_Left_Ventricle,Spleen,Brain_Amygdala,Brain_Anterior_cingulate_cortex_BA24,Brain_Caudate_basal_ganglia,Brain_Nucleus_accumbens_basal_ganglia,Brain_Putamen_basal_ganglia,Brain_Cerebellar_Hemisphere,Brain_Cerebellum,Brain_Cortex,Brain_Frontal_Cortex_BA9,Brain_Hippocampus,Brain_Hypothalamus,Brain_Spinal_cord_cervical_c-1,Brain_Substantia_nigra,Nerve_Tibial,Cells_Transformed_fibroblasts,Cells_EBV-transformed_lymphocytes,Colon_Sigmoid,Colon_Transverse,Esophagus_Gastroesophageal_Junction,Esophagus_Mucosa,Esophagus_Muscularis,Liver,Minor_Salivary_Gland,Small_Intestine_Terminal_Ileum,Stomach,Adrenal_Gland,Pituitary,Pancreas,Thyroid,Lung,Ovary,Prostate,Testis,Uterus,Vagina,Skin_Not_Sun_Exposed_Suprapubic,Skin_Sun_Exposed_Lower_leg
ANOR02,"SEMA3F",ENSG00000001617,8.275446,4.26068356544,3.784938646,,,,,-3.66951753628,,,2.17508893728,3.52760850251,4.53707148495,,3.81774812878,,,5.94302636542,,,,,,,5.87609313801,3.40733642885,4.93619697248,,,,,,,,,,,,,,,,4.21471441442,,5.78461312536,,2.86154912353,,,
ANOR05,"SEMA3F",ENSG00000001617,8.008420,4.4061680873,3.78252410437,,,,,-3.52985403535,,,2.28578286404,3.80516063367,4.49058727461,,3.87379501362,,,5.73189164562,,,,,,,5.90535505948,3.53294293298,4.916650026,,,,,,,,,,,,,,,,4.04575163984,,5.5973654119,,2.79489703071,,,
BFPC02B,"SEMA3F",ENSG00000001617,8.192871,-5.16937567297,-4.20212179916,,,,,3.96416189458,,,-3.451922408,-4.56011406351,-4.28803864323,,-4.4587732607,,,-4.3781950469,,,,,,,-2.51872470282,-3.89813132958,-3.26707642678,,,,,,,,,,,,,,,,-4.47192718373,,-4.35085073927,,-4.60195932503,,,
BFPC02,"SEMA3F",ENSG00000001617,7.504220,-5.14291832225,-4.04260049059,,,,,3.70656722644,,,-3.29778773526,-4.51543275134,-4.08048280472,,-4.2117821442,,,-4.2680212203,,,,,,,-2.41306516249,-3.74637802933,-3.22752117538,,,,,,,,,,,,,,,,-4.16618306136,,-4.25148508248,,-4.27535966151,,,
BFPC03B,"SEMA3F",ENSG00000001617,7.212348,-5.2569865503,-4.2875142095,,,,,4.05290835946,,,-3.49240603074,-4.59688603922,-4.33207167558,,-4.55183872064,,,-4.40186785823,,,,,,,-2.554673812,-3.91477688912,-3.33720176257,,,,,,,,,,,,,,,,-4.49767800546,,-4.36631475023,,-4.61374463905,,,
BFPC03,"SEMA3F",ENSG00000001617,7.117885,-5.23837628805,-4.13843472255,,,,,3.80673465334,,,-3.3430258052,-4.56296956701,-4.13315520812,,-4.3204078463,,,-4.28824790638,,,,,,,-2.46254868897,-3.76100899541,-3.30841708567,,,,,,,,,,,,,,,,-4.1926254994,,-4.26199730384,,-4.28844436122,,,
BFPC04B,"SEMA3F",ENSG00000001617,19.863882,-8.56065321633,-7.31279178829,,,,,6.30200736254,,,-5.2639499343,-6.27368734526,-5.24579580551,,-7.9352940666,,,-5.31999628562,,,,,,,-3.07378852972,-5.63293792656,-4.40087346646,,,,,,,,,,,,,,,,-7.01049987898,,-5.03332105429,,-7.78419073143,,,
BFPC04F,"SEMA3F",ENSG00000001617,10.339495,-6.35365967852,-5.41982890813,,,,,3.89310580862,,,-3.41152618443,-4.4190804734,-3.47215443426,,-5.44434239606,,,-3.48284026632,,,,,,,-2.12313556645,-3.69413213831,-2.96010769957,,,,,,,,,,,,,,,,-4.23068507908,,-3.39933243856,,-4.90269650681,,,
BFPC04M,"SEMA3F",ENSG00000001617,12.579846,-6.46583831461,-5.52788293326,,,,,5.42676286427,,,-4.39793365985,-4.94096815466,-4.31931555786,,-6.371632987,,,-4.41566590002,,,,,,,-2.45518744702,-4.66825110511,-3.58896392292,,,,,,,,,,,,,,,,-6.12289471782,,-4.08816884279,,-6.62308041328,,,
BFPC04,"SEMA3F",ENSG00000001617,16.750142,-8.54763783861,-7.29457927866,,,,,6.05041835869,,,-5.18872382058,-6.24740564349,-5.11657174565,,-7.81817165414,,,-5.23095595815,,,,,,,-3.06239853653,-5.51006433246,-4.39108388991,,,,,,,,,,,,,,,,-6.73616350748,,-4.96228257568,,-7.56589196388,,,
BLOO04,"SEMA3F",ENSG00000001617,47.657183,-2.29441745474,2.00099438504,,,,,-4.74874418851,,,4.17991019065,3.57426812374,4.4422038846,,3.60781712204,,,-9.26494224792,,,,,,,-9.26561878201,3.15175933432,-5.11706081728,,,,,,,,,,,,,,,,-2.16107018761,,-9.03557065814,,3.93121439186,,,
BLOO07,"SEMA3F",ENSG00000001617,4.851953,-2.61478959791,-3.82240418746,,,,,2.23877283981,,,-4.77273725346,-4.00354971612,-2.42990743825,,-3.84047589,,,-1.05453893042,,,,,,,-0.843468617817,-1.69947062672,-1.49854889376,,,,,,,,,,,,,,,,-2.14938486366,,-1.10560770368,,-3.20904800195,,,
BLOO21,"SEMA3F",ENSG00000001617,54.758678,-1.29165899185,2.40886184043,,,,,-4.70922183768,,,5.26096206952,5.43780532133,-6.7725369662,,3.70856533282,,,-10.7249827275,,,,,,,-10.1403757796,0.799074814776,-3.52679271966,,,,,,,,,,,,,,,,-2.94454339778,,-10.3973800194,,4.27864092442,,,
BLOO22,"SEMA3F",ENSG00000001617,52.531372,-1.00601722565,2.63035629833,,,,,-5.0564491408,,,5.32966506685,5.47002878052,-6.35752449319,,3.93718987148,,,-10.2952862694,,,,,,,-9.69815157501,1.17394260157,-3.3517741225,,,,,,,,,,,,,,,,-2.4511225898,,-9.99641518575,,4.53643008833,,,
BLOO23,"SEMA3F",ENSG00000001617,31.876312,-0.453527330489,2.85186241903,,,,,-4.09024947745,,,5.42792130112,5.37507664801,-4.78152912765,,3.25064616992,,,-8.22491008642,,,,,,,-7.11114111168,2.0849509139,-1.45099033353,,,,,,,,,,,,,,,,-1.98891600307,,-7.89034828198,,4.10055040585,,,
BLOO26,"SEMA3F",ENSG00000001617,10.562297,-4.09798269299,-4.91924228512,,,,,5.65463674339,,,-3.16818338018,-2.88551550841,-2.9382380666,,-4.81957947821,,,-1.66164074662,,,,,,,-4.0660052434,-5.0940273129,-3.05885418097,,,,,,,,,,,,,,,,-4.60901678325,,-1.39658787628,,-4.89552321418,,,
BLOO27,"SEMA3F",ENSG00000001617,9.787786,-4.82551441429,-4.9733871869,,,,,5.41227719117,,,-3.23406894529,-2.98082233647,-2.52745534879,,-5.02003259481,,,-1.74508060498,,,,,,,-4.0479389292,-5.24074143788,-3.1654503296,,,,,,,,,,,,,,,,-4.64816608287,,-1.42758067525,,-5.06357639342,,,
BLOO36,"SEMA3F",ENSG00000001617,47.997877,-1.47238126325,1.66713315978,,,,,-4.19811138377,,,4.11200213624,4.32219364905,-6.59593729319,,3.27341712622,,,-9.96235178104,,,,,,,-9.95986071705,-0.283542432401,-4.0346897081,,,,,,,,,,,,,,,,-2.91115060225,,-9.71940235551,,3.55826263458,,,
BODY03,"SEMA3F",ENSG00000001617,6.605198,-3.88496142477,-3.38947039898,,,,,3.58317861468,,,-0.876046228336,-1.79957041754,-0.591541412307,,-3.82519437841,,,-0.285256481112,,,,,,,0.929729833459,-1.7946726197,0.0810186431293,,,,,,,,,,,,,,,,-3.70861262365,,-0.330609843611,,-2.91015998909,,,
BODY04M,"SEMA3F",ENSG00000001617,6.706969,-3.25262313648,-3.47155893374,,,,,3.74497287556,,,-0.495173371429,-1.35898060211,-0.131438674211,,-3.49463318122,,,0.407115832817,,,,,,,0.959849171147,-0.648920972115,1.41228930638,,,,,,,,,,,,,,,,-3.5172576973,,0.344303218723,,-1.71175407277,,,
BODY04,"SEMA3F",ENSG00000001617,6.400150,-4.09205216712,-3.50005218983,,,,,3.72185930972,,,-0.988501461976,-1.88513170393,-0.61200179957,,-4.01569824252,,,-0.312671090764,,,,,,,0.966368846856,-1.9384853231,0.0075228727946,,,,,,,,,,,,,,,,-3.98412216935,,-0.367558071065,,-3.09133616384,,,
BODY06B,"SEMA3F",ENSG00000001617,15.494592,-6.81906587325,-5.86126865216,,,,,5.79719020995,,,-3.4348361356,-3.69420784902,-3.90822301976,,-6.43222275648,,,-3.19415490208,,,,,,,-1.902430698,-4.23068969247,-2.52287160362,,,,,,,,,,,,,,,,-6.27520340556,,-3.06668014995,,-6.36534934009,,,
BODY06M,"SEMA3F",ENSG00000001617,12.144881,-5.67900168038,-5.25918773429,,,,,5.40301934829,,,-3.27089731958,-3.02731198803,-3.10902885614,,-5.83163592951,,,-2.7066426591,,,,,,,-1.97246717885,-3.85516944337,-1.88258301344,,,,,,,,,,,,,,,,-6.03726318287,,-2.57730358568,,-6.29566832178,,,
BODY06,"SEMA3F",ENSG00000001617,11.966415,-6.60690235573,-5.51286844806,,,,,5.31489647688,,,-3.20481650365,-3.57228295609,-3.7361440392,,-5.98827066412,,,-3.08422387387,,,,,,,-1.69849336805,-3.99758509593,-2.56727436993,,,,,,,,,,,,,,,,-5.77129817044,,-2.95640680407,,-5.83763925648,,,
BODY07B,"SEMA3F",ENSG00000001617,15.126058,-6.88659348497,-5.89425171761,,,,,5.86838422304,,,-3.43087573226,-3.64518609913,-3.9344969654,,-6.49399145193,,,-3.17080634015,,,,,,,-1.88642605,-4.20631626527,-2.52247363469,,,,,,,,,,,,,,,,-6.29441803431,,-3.04630419933,,-6.35121044602,,,
BODY07M,"SEMA3F",ENSG00000001617,11.514080,-5.70679728318,-5.28053033627,,,,,5.41295395574,,,-3.29239125254,-3.02469748466,-3.11633355094,,-5.83986345334,,,-2.73041515828,,,,,,,-1.95558126818,-3.86499356647,-1.92813425739,,,,,,,,,,,,,,,,-6.03595768786,,-2.59900449374,,-6.30045078194,,,
BODY07,"SEMA3F",ENSG00000001617,14.579483,-6.67740072848,-5.54591635109,,,,,5.39263292366,,,-3.19383216872,-3.51782935501,-3.76075822934,,-6.05995585747,,,-3.0427718247,,,,,,,-1.68662049467,-3.96292802776,-2.55482577625,,,,,,,,,,,,,,,,-5.79176996376,,-2.91804095597,,-5.82292416703,,,
BODY08B,"SEMA3F",ENSG00000001617,24.978769,-10.7300348137,-9.54857283606,,,,,9.6166419418,,,-5.08127558865,-4.7137064844,-4.6149256173,,-10.8937324534,,,-3.4192143429,,,,,,,-2.28998292012,-5.894739546,-2.00435225378,,,,,,,,,,,,,,,,-10.1909402639,,-2.9827486458,,-10.4487622369,,,
BODY08F,"SEMA3F",ENSG00000001617,15.723308,-8.01272250731,-6.95322425388,,,,,5.97785362715,,,-3.15309797107,-3.5324284459,-3.49661811325,,-7.51011908631,,,-2.8123679603,,,,,,,-1.83534984716,-3.84235545874,-1.9819868064,,,,,,,,,,,,,,,,-6.21198443526,,-2.65157242582,,-6.35444185401,,,
BODY08M,"SEMA3F",ENSG00000001617,19.589476,-7.89909152083,-7.18075743469,,,,,8.10377960501,,,-4.28870706612,-3.45935513611,-3.35071094526,,-8.55247090084,,,-2.29237925247,,,,,,,-1.5745363504,-4.81575465894,-1.06180789635,,,,,,,,,,,,,,,,-8.69051154752,,-1.82973545953,,-8.92650372371,,,
BODY08,"SEMA3F",ENSG00000001617,37.672743,-10.728310679,-9.47296165095,,,,,9.26015415811,,,-4.94340294257,-4.73134617757,-4.65684309863,,-10.7038981086,,,-3.58276043793,,,,,,,-2.40688410953,-5.76739503552,-2.22798800832,,,,,,,,,,,,,,,,-9.83119993654,,-3.17215154061,,-10.0750410728,,,
CROH01,"SEMA3F",ENSG00000001617,7.086886,4.97515467772,5.24062496698,,,,,-3.57334352726,,,3.11472545076,3.7194764322,3.37655081341,,5.12126026008,,,3.51365394713,,,,,,,3.85952826637,3.95889931497,2.78953659479,,,,,,,,,,,,,,,,3.87758954084,,3.26237857412,,3.74797060226,,,
EDUC01F,"SEMA3F",ENSG00000001617,13.936967,6.50566403287,6.78694855024,,,,,-7.92034358361,,,4.21030689205,5.80495036668,5.29188744604,,7.20935261819,,,3.42330818351,,,,,,,5.11988701279,5.80126851276,2.16703724981,,,,,,,,,,,,,,,,6.46298937185,,3.27423331003,,5.36645641985,,,
EDUC01M,"SEMA3F",ENSG00000001617,13.549828,6.65815059088,7.90471410948,,,,,-7.35360318161,,,5.55290524642,5.84243776356,5.47765365601,,6.7942618258,,,4.13026051729,,,,,,,4.86130678119,6.5727796932,4.31927891566,,,,,,,,,,,,,,,,6.83231244577,,3.81449339886,,6.93644469182,,,
EDUC01,"SEMA3F",ENSG00000001617,26.367027,8.83683746147,9.8924741073,,,,,-10.3560496001,,,6.51794068497,7.90373104901,7.43270770231,,9.47332576062,,,5.13587476589,,,,,,,6.78532469065,8.31842223722,4.26222055228,,,,,,,,,,,,,,,,9.04385154728,,4.85388227231,,8.24869982083,,,
EDUC02,"SEMA3F",ENSG00000001617,12.943705,5.41901881448,6.96461533139,,,,,-7.2674713891,,,4.77468012671,6.41363309941,5.32867216215,,6.71217976866,,,3.95903315948,,,,,,,5.05033560895,5.43611681015,2.10162087305,,,,,,,,,,,,,,,,6.09575151018,,3.68690431205,,5.06703670053,,,
EDUC03,"SEMA3F",ENSG00000001617,36.889646,12.4483372625,12.8714120544,,,,,-14.007732736,,,8.02855388414,11.2698303349,10.0050073843,,12.8409890299,,,7.33770155196,,,,,,,9.02712329213,11.5152249859,4.88923661733,,,,,,,,,,,,,,,,12.2595942734,,6.93227413217,,10.3828280609,,,
FATM02B,"SEMA3F",ENSG00000001617,10.009905,-6.12215483432,-4.84229819998,,,,,4.70268788253,,,-3.8442219608,-4.76426044506,-4.2522015773,,-5.06116191469,,,-4.39870951176,,,,,,,-2.24310044769,-3.78279699765,-3.40069246901,,,,,,,,,,,,,,,,-5.21535931391,,-4.32939322886,,-4.88698190248,,,
FATM02M,"SEMA3F",ENSG00000001617,6.034544,-4.60648783509,-4.11136356034,,,,,4.08897896035,,,-3.40312656166,-3.85211310757,-3.52933927639,,-4.27047842217,,,-3.88055988315,,,,,,,-2.11659664065,-3.20636038625,-2.75308130172,,,,,,,,,,,,,,,,-4.78745966039,,-3.81001670739,,-4.61440879504,,,
FATM02,"SEMA3F",ENSG00000001617,8.367077,-6.04761990267,-4.61033632416,,,,,4.36525680939,,,-3.67607749987,-4.65910350353,-3.98558392403,,-4.78385174291,,,-4.17304672172,,,,,,,-2.05789961263,-3.60714015499,-3.37372971818,,,,,,,,,,,,,,,,-4.82101845172,,-4.09862100936,,-4.51361735111,,,
FATM03B,"SEMA3F",ENSG00000001617,9.540321,-6.19668467223,-4.88607600847,,,,,4.76234067163,,,-3.84361604093,-4.75743698537,-4.25237690416,,-5.13052917998,,,-4.37465779091,,,,,,,-2.23668567426,-3.74882153254,-3.42503892295,,,,,,,,,,,,,,,,-5.19666212465,,-4.30222642882,,-4.87171541978,,,
FATM03M,"SEMA3F",ENSG00000001617,5.907244,-4.6370566838,-4.13703157238,,,,,4.09830859032,,,-3.42652730222,-3.84799417721,-3.5336787393,,-4.28174572441,,,-3.90591358222,,,,,,,-2.08753726012,-3.2235291138,-2.79241472511,,,,,,,,,,,,,,,,-4.79329425712,,-3.83135471968,,-4.62468273477,,,
FATM03,"SEMA3F",ENSG00000001617,10.329420,-6.12245261631,-4.65589344841,,,,,4.43399946836,,,-3.66805729537,-4.65225650756,-3.98396958812,,-4.86539945099,,,-4.13054395951,,,,,,,-2.06290757216,-3.56066399114,-3.38956218789,,,,,,,,,,,,,,,,-4.79705922904,,-4.05296842751,,-4.4935438612,,,
FATM04B,"SEMA3F",ENSG00000001617,25.549520,-9.68304457982,-8.25869318823,,,,,7.62319851325,,,-5.84434940881,-6.22496578386,-4.61575008468,,-8.91312416695,,,-4.52271193558,,,,,,,-2.32549913088,-5.3351090488,-3.69811495535,,,,,,,,,,,,,,,,-8.17844820072,,-4.18297296705,,-8.38893088858,,,
FATM04F,"SEMA3F",ENSG00000001617,14.757036,-7.46134247752,-6.19840025586,,,,,5.02842307133,,,-3.82996151038,-4.50546333612,-3.12755418603,,-6.55252988332,,,-2.82312778012,,,,,,,-1.68508646375,-3.59627185806,-2.55867081499,,,,,,,,,,,,,,,,-5.16901669723,,-2.71327620306,,-5.43514473482,,,
FATM04M,"SEMA3F",ENSG00000001617,16.514193,-7.01038976049,-6.1193354074,,,,,6.23816501715,,,-4.80452380703,-4.75585322496,-3.70624967666,,-6.72111509781,,,-3.83962152528,,,,,,,-1.77284333064,-4.30029430081,-2.92766268955,,,,,,,,,,,,,,,,-6.88494148526,,-3.46356981732,,-6.94729557827,,,
FATM04,"SEMA3F",ENSG00000001617,20.114102,-9.72471461943,-8.23822026587,,,,,7.39853164865,,,-5.74501005756,-6.21584306876,-4.50498183452,,-8.86280325009,,,-4.42191181509,,,,,,,-2.36070675727,-5.22007166827,-3.71960370268,,,,,,,,,,,,,,,,-7.90477562099,,-4.10333428283,,-8.16020524458,,,
HEAL01,"SEMA3F",ENSG00000001617,7.160151,5.11803494553,4.8272495652,,,,,-4.75184021281,,,4.09497706488,4.35313777026,1.78078732403,,4.83842797306,,,1.2753706194,,,,,,,2.56587479295,4.27048544495,2.70251005606,,,,,,,,,,,,,,,,3.1919753118,,1.2467930361,,4.58662008457,,,
INFB01,"SEMA3F",ENSG00000001617,9.932000,5.97912112404,6.43807611449,,,,,-5.63545560966,,,4.20350728949,4.82715589976,4.7213544472,,6.28598399006,,,4.10832269722,,,,,,,6.0699420138,5.64014604191,3.54536619935,,,,,,,,,,,,,,,,4.82303397372,,3.8415266822,,4.56692446916,,,
LEAN04B,"SEMA3F",ENSG00000001617,8.321281,-5.41712112538,-4.32243873801,,,,,5.04683800994,,,-3.96610702965,-3.16331662895,-2.6861256719,,-4.37793322133,,,-2.41012253561,,,,,,,-0.937864145834,-2.56763873939,-2.58310409605,,,,,,,,,,,,,,,,-4.74502928535,,-2.2193845007,,-3.39108313429,,,
LEAN04M,"SEMA3F",ENSG00000001617,6.787014,-4.43467529859,-4.39116895584,,,,,5.10339113936,,,-3.46116923309,-2.9534156962,-2.5127374298,,-4.17764713172,,,-2.54779998692,,,,,,,-1.63541113967,-2.50701460097,-1.56529747177,,,,,,,,,,,,,,,,-4.92090183732,,-2.39728249911,,-3.89062753194,,,
LEAN04,"SEMA3F",ENSG00000001617,10.120354,-5.51637896792,-4.77890453752,,,,,5.56027635752,,,-4.10961569072,-3.33485595749,-2.87800417126,,-4.67780051258,,,-2.75162166493,,,,,,,-1.36583356974,-2.83318271329,-2.38270048161,,,,,,,,,,,,,,,,-5.32389438208,,-2.55101127972,,-3.99096579466,,,
LEAN05B,"SEMA3F",ENSG00000001617,7.836153,-5.41930531565,-4.21998670004,,,,,4.97395783945,,,-3.89074935337,-3.09606873459,-2.61538572351,,-4.32216676405,,,-2.34551339457,,,,,,,-0.897480375102,-2.46165522652,-2.53341050047,,,,,,,,,,,,,,,,-4.60989858691,,-2.15528743333,,-3.26292102782,,,
LEAN05M,"SEMA3F",ENSG00000001617,7.061145,-4.46834435843,-4.41280956769,,,,,5.1169177569,,,-3.48864120578,-2.96671790009,-2.52498789845,,-4.18824094653,,,-2.57273548529,,,,,,,-1.60185888012,-2.52446033914,-1.60878805357,,,,,,,,,,,,,,,,-4.91573165869,,-2.42279936767,,-3.90668185775,,,
LEAN05,"SEMA3F",ENSG00000001617,8.898253,-5.5394097518,-4.72991192473,,,,,5.52154001646,,,-4.07698664246,-3.30614326809,-2.83518850883,,-4.65480282793,,,-2.71607096124,,,,,,,-1.3208329743,-2.77296643511,-2.37484808502,,,,,,,,,,,,,,,,-5.2359491828,,-2.51544269932,,-3.92391895685,,,
LEAN06B,"SEMA3F",ENSG00000001617,20.935542,-8.71825810047,-7.42070846862,,,,,7.99721135315,,,-5.71741101184,-4.24427079586,-2.49556239185,,-7.81169226939,,,-1.65497164845,,,,,,,-0.869615975796,-3.36495976224,-1.83290938832,,,,,,,,,,,,,,,,-7.48899474518,,-1.35008013836,,-6.31109468806,,,
LEAN06F,"SEMA3F",ENSG00000001617,14.842936,-7.4492010993,-5.80019493972,,,,,5.98961345628,,,-4.40631999213,-3.54815420619,-2.0440481403,,-6.44436194465,,,-1.41928451435,,,,,,,-1.10576525763,-2.64948993967,-2.27590238983,,,,,,,,,,,,,,,,-5.51266256636,,-1.24444508616,,-4.62091769025,,,
LEAN06M,"SEMA3F",ENSG00000001617,15.583892,-5.31663314557,-5.37343113689,,,,,6.194593832,,,-4.24035000751,-2.71129007435,-1.65772365647,,-5.12641627535,,,-1.00289027994,,,,,,,0.0425279459469,-2.40481960358,-0.00441094773263,,,,,,,,,,,,,,,,-5.9516915784,,-0.681483110194,,-5.05937433747,,,
LEAN06,"SEMA3F",ENSG00000001617,20.414923,-8.09433611871,-7.24133737163,,,,,8.00046576641,,,-5.60081901942,-3.94569525457,-2.44168874099,,-7.36149351086,,,-1.6369810523,,,,,,,-0.599774768162,-3.2812372185,-1.27333635918,,,,,,,,,,,,,,,,-7.58974669247,,-1.28852298928,,-6.37097373463,,,
MENA01F,"SEMA3F",ENSG00000001617,5.176258,-4.38956977914,-4.98493713276,,,,,4.23720720252,,,-5.32668213746,-5.15724612339,-3.28108876702,,-3.73765728742,,,-2.28008427844,,,,,,,-3.06583226712,-3.01696347395,-4.03493171959,,,,,,,,,,,,,,,,-2.26741282357,,-2.26236260835,,-0.751696186724,,,
MENA02F,"SEMA3F",ENSG00000001617,18.834637,-6.44359550242,-6.38498044481,,,,,7.30385852421,,,-7.88154286392,-8.02459035299,-5.36710322234,,-6.72088689392,,,-2.88322565268,,,,,,,-5.49386313487,-5.94277701681,-4.18512912335,,,,,,,,,,,,,,,,-4.83821060873,,-2.68372633896,,-4.52269725096,,,
NEUR02F,"SEMA3F",ENSG00000001617,7.055774,-2.95464020225,-1.82140663671,,,,,0.68274121911,,,-3.2928724821,-3.84576076666,-0.803963282666,,-2.07225987738,,,-1.47988148781,,,,,,,0.145736950884,-2.16173842647,-3.42589270549,,,,,,,,,,,,,,,,0.180591526802,,-1.47436255964,,-2.3096292383,,,
OSTE04,"SEMA3F",ENSG00000001617,9.196632,-4.02636184113,-3.17858186414,,,,,0.676983975493,,,-2.90683535109,-2.31790170685,-0.693852729774,,-2.65653757721,,,-1.16117564937,,,,,,,-0.438779643396,-2.20477202034,-2.46995468918,,,,,,,,,,,,,,,,-2.57787347074,,-0.908459589712,,-4.06708603861,,,
PRSC01,"SEMA3F",ENSG00000001617,4.723102,3.70033820651,4.2392314855,,,,,-2.77627912257,,,2.75324559864,2.12110969259,2.40299451733,,2.42723590486,,,1.39298542038,,,,,,,5.49889461925,3.01393802411,0.552896517436,,,,,,,,,,,,,,,,3.50643937161,,1.25955762424,,3.08211314483,,,
REPR01F,"SEMA3F",ENSG00000001617,9.698037,5.92466459223,5.49009200497,,,,,-5.20332036894,,,2.34764145862,3.10534791044,-0.550050186023,,6.24011370251,,,-0.554059809876,,,,,,,0.226536678176,3.45075389563,0.0134643152028,,,,,,,,,,,,,,,,4.13673319002,,-0.732228322723,,2.67299631681,,,
REPR01,"SEMA3F",ENSG00000001617,13.596416,7.41823731412,6.49098986373,,,,,-6.08885182321,,,2.70215903426,4.52570270831,0.991407746177,,7.31566958566,,,0.834262421322,,,,,,,0.686887845853,4.52023343896,1.63004511113,,,,,,,,,,,,,,,,5.59060498529,,0.665722871797,,3.06239739428,,,
ULCC01,"SEMA3F",ENSG00000001617,6.914103,4.81368885822,5.13045796583,,,,,-5.34440033913,,,3.93297552366,4.57570197357,4.36743825422,,5.06620912606,,,3.40296807978,,,,,,,5.60747597046,4.88528171718,3.16715233177,,,,,,,,,,,,,,,,3.88415976739,,3.21228220659,,3.63909686237,,,
