code,target,ENSEMBL,association,Adipose_Subcutaneous,Adipose_Visceral_Omentum,Breast_Mammary_Tissue,Muscle_Skeletal,DGN_Whole_Blood,Whole_Blood,Artery_Aorta,Artery_Coronary,Artery_Tibial,Heart_Atrial_Appendage,Heart_Left_Ventricle,Spleen,Brain_Amygdala,Brain_Anterior_cingulate_cortex_BA24,Brain_Caudate_basal_ganglia,Brain_Nucleus_accumbens_basal_ganglia,Brain_Putamen_basal_ganglia,Brain_Cerebellar_Hemisphere,Brain_Cerebellum,Brain_Cortex,Brain_Frontal_Cortex_BA9,Brain_Hippocampus,Brain_Hypothalamus,Brain_Spinal_cord_cervical_c-1,Brain_Substantia_nigra,Nerve_Tibial,Cells_Transformed_fibroblasts,Cells_EBV-transformed_lymphocytes,Colon_Sigmoid,Colon_Transverse,Esophagus_Gastroesophageal_Junction,Esophagus_Mucosa,Esophagus_Muscularis,Liver,Minor_Salivary_Gland,Small_Intestine_Terminal_Ileum,Stomach,Adrenal_Gland,Pituitary,Pancreas,Thyroid,Lung,Ovary,Prostate,Testis,Uterus,Vagina,Skin_Not_Sun_Exposed_Suprapubic,Skin_Sun_Exposed_Lower_leg
BFPC04B,"CCDC17",ENSG00000159588,6.838692,2.49365858207,,,,3.7219111792288717,,2.67980488835,,,2.32985854728,,,,,-1.25612513733,,,,,,,1.23775831157,,,,,,2.90062787487,,2.36404609721,1.44035376963,,3.04211616922,,,,,,,,3.50141509301,,,,,,,2.6597646446,3.02502672042
BFPC04,"CCDC17",ENSG00000159588,6.110665,2.51400274054,,,,3.701672200789983,,2.61025025167,,,2.41893480166,,,,,-1.39827835056,,,,,,,1.25856805063,,,,,,2.89502527723,,2.19441609904,1.26586143268,,2.95337641641,,,,,,,,3.44208972176,,,,,,,2.66604694886,3.10882407029
BLOO01,"CCDC17",ENSG00000159588,12.071282,0.882300907681,,,,4.626178059179842,,2.50303067811,,,5.24584432315,,,,,0.541576467029,,,,,,,2.70123097509,,,,,,3.88489867198,,4.79835416609,-1.0838482146,,5.8497145007,,,,,,,,5.71927543859,,,,,,,5.17553330385,4.70429019184
BLOO02,"CCDC17",ENSG00000159588,21.549874,-4.07209610713,,,,-9.60574951691059,,-5.59609609069,,,-7.37599441732,,,,,2.152556872,,,,,,,-6.7655805726,,,,,,-4.26756702615,,-4.63505288613,-4.65258731952,,-7.05503429579,,,,,,,,-8.71925638122,,,,,,,-8.10015325183,-6.11538177232
BLOO03,"CCDC17",ENSG00000159588,15.226126,-1.9178360883,,,,-7.9132777938929895,,-5.12296534918,,,-6.46946507554,,,,,2.16052241641,,,,,,,-4.70902197199,,,,,,-2.87797144638,,-3.71446546926,-2.59479622895,,-6.37540229644,,,,,,,,-7.40112717646,,,,,,,-6.85703068282,-5.23455095139
BLOO04,"CCDC17",ENSG00000159588,6.269323,-0.1108919294,,,,-4.840189407072895,,-3.91787876178,,,-1.91856514633,,,,,0.413527126497,,,,,,,-3.94459752611,,,,,,0.102206530767,,-1.73470110895,-1.1505775077,,-2.67494669166,,,,,,,,-3.17287429012,,,,,,,-2.64932911431,-1.93881774231
BLOO09,"CCDC17",ENSG00000159588,7.231776,0.44554230626,,,,-4.133674957552772,,-3.59294260538,,,-0.0115496941365,,,,,2.77142539263,,,,,,,-4.32166634773,,,,,,1.01939660183,,0.497547902348,0.120117915513,,-1.02647191746,,,,,,,,-0.958440598921,,,,,,,-1.34266742731,0.520777187381
BLOO10,"CCDC17",ENSG00000159588,5.885389,0.227712653325,,,,-4.427565749708019,,-3.69268386377,,,-0.259969185219,,,,,2.91482314377,,,,,,,-4.54354074384,,,,,,0.921296603394,,0.169360656034,-0.0941576842093,,-1.20934890824,,,,,,,,-1.26532847563,,,,,,,-1.54915658325,0.467982374704
BLOO12,"CCDC17",ENSG00000159588,8.082395,-0.716637318475,,,,-4.772418565877238,,-3.58512144166,,,-0.627241167185,,,,,2.65460405652,,,,,,,-4.72262351853,,,,,,0.587943262312,,-0.197566928101,-0.909465304792,,-1.42742290736,,,,,,,,-1.72071966608,,,,,,,-1.858931116,0.427562897062
BLOO13,"CCDC17",ENSG00000159588,5.856829,0.514073135612,,,,-4.0976451193679155,,-3.60603588593,,,-0.126907739212,,,,,2.77446833524,,,,,,,-4.18289515553,,,,,,0.959130439738,,0.353059039448,0.12969150996,,-1.19640922271,,,,,,,,-1.0402987259,,,,,,,-1.46106038719,0.478541558773
BLOO20,"CCDC17",ENSG00000159588,15.232770,-2.45712672474,,,,-8.012788100691816,,-4.83053223669,,,-6.08616099424,,,,,1.92101552351,,,,,,,-4.95483417519,,,,,,-2.59079508401,,-3.01417886954,-2.82458155166,,-5.9719542609,,,,,,,,-6.88816261315,,,,,,,-6.81504731644,-4.8152732017
BLOO27,"CCDC17",ENSG00000159588,8.935542,3.86946231588,,,,4.922998605909933,,2.33655937654,,,3.95518459218,,,,,-0.664781053629,,,,,,,4.3117888201,,,,,,3.87880686234,,4.09706913257,4.29675041522,,3.56026510479,,,,,,,,5.11130388274,,,,,,,4.15185553009,3.38302663137
BLOO29,"CCDC17",ENSG00000159588,3.933004,2.8481908284,,,,0.6971316937826265,,2.47586284438,,,-0.907533108091,,,,,0.0746468406022,,,,,,,1.63926369003,,,,,,-0.152844726711,,0.901146044256,4.8279063909,,-0.155631638447,,,,,,,,0.382259544399,,,,,,,-0.569224737432,-1.59235228779
BLOO33,"CCDC17",ENSG00000159588,12.283997,2.50703228664,,,,5.494934563532892,,3.98227922714,,,5.70496891633,,,,,0.477493688655,,,,,,,3.63119807655,,,,,,4.51798806542,,5.99326737218,1.31976131642,,6.56822615703,,,,,,,,6.78970945979,,,,,,,5.58922587802,4.77918746486
BLOO34,"CCDC17",ENSG00000159588,6.522416,-0.93044601249,,,,-4.1325155008659955,,-1.288546437,,,-4.00455846892,,,,,1.4397321644,,,,,,,-2.03195645387,,,,,,-3.04812708459,,-3.27254590655,0.571121859923,,-4.86633220385,,,,,,,,-4.63226050462,,,,,,,-4.47212238265,-3.99164205725
BODY07,"CCDC17",ENSG00000159588,5.873739,2.40044213727,,,,4.21063446758995,,3.5647957702,,,2.29873357989,,,,,0.421157297415,,,,,,,1.88257383213,,,,,,3.35693311946,,2.53360281701,2.83641503039,,3.47300127514,,,,,,,,3.77237218272,,,,,,,4.01215386555,3.60328930665
BODY08B,"CCDC17",ENSG00000159588,6.628433,2.82400169345,,,,4.592708094740403,,4.04705815587,,,2.6974837057,,,,,-0.834530861262,,,,,,,2.71581253533,,,,,,2.5656230828,,2.3736174438,2.69604615448,,3.12425634452,,,,,,,,3.98950925673,,,,,,,3.09772710311,2.80571564556
BODY08,"CCDC17",ENSG00000159588,7.312462,2.88206243738,,,,4.56114005538605,,3.87001180907,,,2.80580837041,,,,,-0.81141535255,,,,,,,2.70732371907,,,,,,2.60753127386,,2.29931528803,2.52981846052,,3.04836053303,,,,,,,,4.00071569844,,,,,,,3.13619343987,2.9319394143
HEIG03,"CCDC17",ENSG00000159588,7.967140,-1.97565388647,,,,-5.604759577283486,,-5.55450719399,,,-1.7099722422,,,,,-0.102083672198,,,,,,,1.16459774971,,,,,,-3.16669431724,,-2.70608467642,-3.31712019973,,-4.71700659,,,,,,,,-4.28198212023,,,,,,,-4.20610136102,-2.91296268594
