code,target,ENSEMBL,association,Adipose_Subcutaneous,Adipose_Visceral_Omentum,Breast_Mammary_Tissue,Muscle_Skeletal,DGN_Whole_Blood,Whole_Blood,Artery_Aorta,Artery_Coronary,Artery_Tibial,Heart_Atrial_Appendage,Heart_Left_Ventricle,Spleen,Brain_Amygdala,Brain_Anterior_cingulate_cortex_BA24,Brain_Caudate_basal_ganglia,Brain_Nucleus_accumbens_basal_ganglia,Brain_Putamen_basal_ganglia,Brain_Cerebellar_Hemisphere,Brain_Cerebellum,Brain_Cortex,Brain_Frontal_Cortex_BA9,Brain_Hippocampus,Brain_Hypothalamus,Brain_Spinal_cord_cervical_c-1,Brain_Substantia_nigra,Nerve_Tibial,Cells_Transformed_fibroblasts,Cells_EBV-transformed_lymphocytes,Colon_Sigmoid,Colon_Transverse,Esophagus_Gastroesophageal_Junction,Esophagus_Mucosa,Esophagus_Muscularis,Liver,Minor_Salivary_Gland,Small_Intestine_Terminal_Ileum,Stomach,Adrenal_Gland,Pituitary,Pancreas,Thyroid,Lung,Ovary,Prostate,Testis,Uterus,Vagina,Skin_Not_Sun_Exposed_Suprapubic,Skin_Sun_Exposed_Lower_leg
BLOO06,"FCER1G",ENSG00000158869,5.287014,4.13696195831,,,3.97760385509,3.8140112661046524,4.34753292155,,,,,,3.14403340491,,,,,,,,,,,2.36553995139,2.08538522493,,4.16793673474,3.10647052493,,0.312632554052,,,,3.09804118001,,,,2.23843398203,,,,,4.74594912135,,,0.0227277585928,,,,4.72797238037
BLOO09,"FCER1G",ENSG00000158869,5.999740,4.33779437212,,,4.27603701692,4.127551499025603,4.66321167029,,,,,,3.18889708298,,,,,,,,,,,2.48264489036,2.05571764845,,4.27846912398,3.18199952435,,0.343077264658,,,,2.98710324939,,,,2.18861003947,,,,,4.98876750809,,,0.21663735526,,,,5.01439274222
BLOO10,"FCER1G",ENSG00000158869,4.790485,3.98584581015,,,4.0472388013,3.915075559177558,4.43902881994,,,,,,2.79199233191,,,,,,,,,,,2.45572520647,1.81128340645,,4.06542834387,3.05692790075,,0.336874849064,,,,2.67451440005,,,,2.13063932584,,,,,4.72746606839,,,0.399487615294,,,,4.75182521408
BLOO13,"FCER1G",ENSG00000158869,5.351689,4.12154021381,,,4.07435978222,3.889351160756893,4.42173313111,,,,,,3.16996494655,,,,,,,,,,,2.23780312447,2.10817856975,,4.18555501521,2.98218611317,,0.264504417715,,,,3.05595414998,,,,2.17685007652,,,,,4.72497503737,,,0.0440687905847,,,,4.79465574791
BLOO19,"FCER1G",ENSG00000158869,12.219229,5.44686696624,,,4.19561061159,4.274248179119238,4.77232239646,,,,,,4.99469982172,,,,,,,,,,,1.26939787666,1.99085294399,,4.98614193404,2.6689218521,,0.15560771727,,,,4.55874762988,,,,1.89411639154,,,,,5.27966698472,,,-0.874164958968,,,,5.10571742076
BLOO28,"FCER1G",ENSG00000158869,12.112433,-5.27008512293,,,-3.54009654242,-3.4718122338839827,-4.02545786349,,,,,,-4.38163238602,,,,,,,,,,,-0.851773527172,-1.88529803949,,-4.69181910144,-1.79847407582,,0.172802089438,,,,-4.60171774624,,,,-2.2778814868,,,,,-4.54430139394,,,1.23972959397,,,,-4.2047082737
BLOO29,"FCER1G",ENSG00000158869,15.633577,6.899231624,,,4.81919723398,4.373609760190501,5.21749871699,,,,,,4.38166411639,,,,,,,,,,,0.884047576838,2.50260789064,,6.23774340748,2.55329414784,,-1.86945780014,,,,6.3043535623,,,,1.83873359642,,,,,6.99061718281,,,2.81016493674,,,,5.31086301853
BLOO30,"FCER1G",ENSG00000158869,5.812085,4.35301816297,,,4.15211519596,4.020326788682664,4.56281075331,,,,,,3.12457607272,,,,,,,,,,,2.40902454126,2.07199341765,,4.271721688,3.18892996511,,0.38192602389,,,,3.01981794721,,,,2.22493101865,,,,,4.96304171239,,,0.246832319169,,,,4.91644522389
BLOO34,"FCER1G",ENSG00000158869,18.082783,8.27819425477,,,5.28478915219,4.905881926318632,5.54178332632,,,,,,4.45687633993,,,,,,,,,,,0.801242605233,2.41612194323,,7.78129795202,3.05350666166,,0.288600736687,,,,6.01402944536,,,,1.58929244667,,,,,7.19524515691,,,3.39054767178,,,,6.14671724681
CHOL09,"FCER1G",ENSG00000158869,6.336657,-0.851235831284,,,-3.67018196171,-3.441594745095235,-3.02564428115,,,,,,-0.647584031632,,,,,,,,,,,0.146784932034,0.444376481375,,-0.569719742475,-2.89821847387,,-1.41602006816,,,,0.244858260938,,,,-1.3925329537,,,,,-2.33611134974,,,-0.856053848618,,,,-3.20080799386
CHOL18,"FCER1G",ENSG00000158869,9.072440,-0.463505048029,,,-4.41303058682,-4.0698995633071275,-3.41352650192,,,,,,-1.61963429347,,,,,,,,,,,0.495024959984,0.171493444296,,-0.762746789811,-3.91286542355,,-0.450010104045,,,,0.422846283842,,,,-0.822382888185,,,,,-2.10516692255,,,-0.987155900638,,,,-3.59709991283
CHOL34,"FCER1G",ENSG00000158869,6.123021,-0.0768551510876,,,-3.78136061752,-3.459569963459877,-2.7934822847,,,,,,-1.29417869002,,,,,,,,,,,1.06064545125,-0.665975488776,,-0.672077618101,-3.97748796967,,0.00994536235365,,,,0.321691701894,,,,-0.439853381991,,,,,-1.84075739717,,,-0.938366975783,,,,-2.85096209635
FATM04,"FCER1G",ENSG00000158869,5.683967,0.889387463524,,,-1.26751418115,-1.8056167467902546,-1.36097986672,,,,,,-0.735036912359,,,,,,,,,,,0.257613646315,0.910547998998,,0.758381176193,-1.57056815231,,-1.8109222034,,,,1.61229314056,,,,-1.20766671565,,,,,-1.29291407994,,,-1.15444456962,,,,-1.29905821966
LIPI11,"FCER1G",ENSG00000158869,9.990719,-0.0585679289176,,,-3.84023644859,-3.6356136207495786,-2.96890810571,,,,,,-0.912927333946,,,,,,,,,,,0.523460247904,0.195177483402,,-0.255986740925,-3.70572510629,,-0.621246721453,,,,0.787130578804,,,,-0.861975518172,,,,,-1.85264538294,,,-1.13449314178,,,,-3.03936436299
LIPO12,"FCER1G",ENSG00000158869,9.190003,-0.369354483846,,,-3.76103266526,-3.8894043402914384,-3.06060257281,,,,,,-1.36032476547,,,,,,,,,,,0.22785672538,1.01064467856,,-0.478442652919,-3.7663997648,,-0.682920977679,,,,0.946477731864,,,,-0.927638332476,,,,,-2.20566342946,,,-1.26592623874,,,,-3.27201991451
PHLI01,"FCER1G",ENSG00000158869,10.935093,-0.386055688924,,,-4.11240226066,-3.8947401568145934,-3.30804156234,,,,,,-1.13427706416,,,,,,,,,,,-0.00243810115704,1.27968122723,,-0.190108564715,-3.26881142027,,-1.13361436865,,,,0.927505551127,,,,-1.22551797024,,,,,-2.12471519356,,,-1.44350261223,,,,-3.44256868219
