code,target,ENSEMBL,association,Adipose_Subcutaneous,Adipose_Visceral_Omentum,Breast_Mammary_Tissue,Muscle_Skeletal,DGN_Whole_Blood,Whole_Blood,Artery_Aorta,Artery_Coronary,Artery_Tibial,Heart_Atrial_Appendage,Heart_Left_Ventricle,Spleen,Brain_Amygdala,Brain_Anterior_cingulate_cortex_BA24,Brain_Caudate_basal_ganglia,Brain_Nucleus_accumbens_basal_ganglia,Brain_Putamen_basal_ganglia,Brain_Cerebellar_Hemisphere,Brain_Cerebellum,Brain_Cortex,Brain_Frontal_Cortex_BA9,Brain_Hippocampus,Brain_Hypothalamus,Brain_Spinal_cord_cervical_c-1,Brain_Substantia_nigra,Nerve_Tibial,Cells_Transformed_fibroblasts,Cells_EBV-transformed_lymphocytes,Colon_Sigmoid,Colon_Transverse,Esophagus_Gastroesophageal_Junction,Esophagus_Mucosa,Esophagus_Muscularis,Liver,Minor_Salivary_Gland,Small_Intestine_Terminal_Ileum,Stomach,Adrenal_Gland,Pituitary,Pancreas,Thyroid,Lung,Ovary,Prostate,Testis,Uterus,Vagina,Skin_Not_Sun_Exposed_Suprapubic,Skin_Sun_Exposed_Lower_leg
BFPC02B,"LAT",ENSG00000213658,11.802499,,,,8.68955957498,6.797290303493767,,6.95792439822,,5.36023687533,,,,,,4.68389942565,,,,,6.72239223813,,,4.93878883628,,,,6.87525292913,,6.71382436489,4.41397351637,4.70318922231,,7.24298030401,,,,,,,,,0.224176142048,,,,,,,
BFPC02F,"LAT",ENSG00000213658,7.503513,,,,4.94503906998,3.577555773661146,,5.17846639197,,3.91158053194,,,,,,2.01411201419,,,,,5.37734341252,,,2.10852914816,,,,5.3019956674,,5.00867674349,2.44164505417,4.0189029687,,5.3740824261,,,,,,,,,0.582195667823,,,,,,,
BFPC02M,"LAT",ENSG00000213658,6.665506,,,,7.1517052288,5.8138885306826324,,4.81610806548,,3.76605584922,,,,,,4.34735745084,,,,,4.37321360058,,,4.596904254,,,,4.62068112169,,4.63817812697,3.69188148431,2.86661874543,,5.02542729317,,,,,,,,,-0.155928361838,,,,,,,
BFPC02,"LAT",ENSG00000213658,12.590659,,,,8.46114379021,6.433439254896923,,7.07334388409,,5.39122073247,,,,,,4.31334518442,,,,,6.90352962727,,,4.53363781349,,,,7.01837874122,,6.80555264751,4.30926659705,4.88537129752,,7.34309381864,,,,,,,,,0.285560581398,,,,,,,
BFPC03B,"LAT",ENSG00000213658,14.317882,,,,8.6378019885,6.816524977579379,,6.95577317133,,5.36651879281,,,,,,4.73185408499,,,,,6.7147600753,,,5.13974151378,,,,6.85984708623,,6.71224811099,4.44865520423,4.75993260929,,7.22809016288,,,,,,,,,0.205734677402,,,,,,,
BFPC03F,"LAT",ENSG00000213658,7.621893,,,,4.92676438606,3.6096904273777515,,5.22784061244,,3.92586219294,,,,,,2.08613399911,,,,,5.40088289618,,,2.4467720448,,,,5.32370562427,,5.05071455316,2.53620380699,4.10505567926,,5.39969680541,,,,,,,,,0.541456638498,,,,,,,
BFPC03M,"LAT",ENSG00000213658,7.063104,,,,7.10258668869,5.817932847804193,,4.76817069417,,3.75742030913,,,,,,4.35912158223,,,,,4.33540178323,,,4.59987740767,,,,4.57551627739,,4.59659062545,3.66509118793,2.86319519661,,4.97924063569,,,,,,,,,-0.151877896153,,,,,,,
BFPC03,"LAT",ENSG00000213658,12.707434,,,,8.40296963871,6.440275891924486,,7.07803121197,,5.39488471889,,,,,,4.35274183352,,,,,6.89945210957,,,4.77130471478,,,,7.00515966304,,6.8083879229,4.34763607564,4.95369402255,,7.33052443431,,,,,,,,,0.257301829072,,,,,,,
BFPC04B,"LAT",ENSG00000213658,29.668836,,,,12.0183032897,10.053315245478698,,10.2993715924,,8.21843816133,,,,,,6.92908573526,,,,,10.0902951385,,,7.47579560265,,,,10.1888032572,,9.8272294927,6.16681490338,6.69046235592,,10.5271659925,,,,,,,,,0.456012866519,,,,,,,
BFPC04F,"LAT",ENSG00000213658,17.111108,,,,8.44449297682,6.211436713372478,,7.81075091625,,5.92628573912,,,,,,4.34651455412,,,,,8.0752792368,,,3.98378443662,,,,7.78324155644,,7.45930898622,4.72466873233,5.389416136,,7.86642133723,,,,,,,,,0.167808106879,,,,,,,
BFPC04M,"LAT",ENSG00000213658,15.827222,,,,9.47942415452,8.661254504751312,,7.63471678856,,6.35299139105,,,,,,5.91158941919,,,,,7.11730825854,,,6.98375124626,,,,7.50441546001,,7.27903486314,4.53008226585,4.68853855116,,7.90298222541,,,,,,,,,0.489788217603,,,,,,,
BFPC04,"LAT",ENSG00000213658,25.894422,,,,11.8742137763,9.67282209028765,,10.2736059336,,8.09547095998,,,,,,6.69346994557,,,,,10.1580145117,,,7.06214387504,,,,10.1684270107,,9.80259285018,6.11461281774,6.76974040394,,10.4664383989,,,,,,,,,0.435645384819,,,,,,,
BLOO01,"LAT",ENSG00000213658,7.760951,,,,0.323303282938,1.5623219195493616,,-0.693503752344,,-0.528237763183,,,,,,1.27589828787,,,,,-0.550880868198,,,1.14651155124,,,,-0.356077644622,,-0.512345753891,-1.60793272475,-2.67261724174,,-0.588642846314,,,,,,,,,-0.146284346579,,,,,,,
BLOO02,"LAT",ENSG00000213658,6.760976,,,,-5.43799178763,-5.286878082416785,,-4.33996967643,,-4.29385767537,,,,,,-3.75644277147,,,,,-4.96774766875,,,-3.05711225539,,,,-4.25172991184,,-4.42414699619,-2.17413048595,-3.69334523176,,-4.40584531802,,,,,,,,,-1.29456945478,,,,,,,
BLOO27,"LAT",ENSG00000213658,6.062342,,,,6.10548064883,4.221770532053329,,5.04899713405,,4.81050550329,,,,,,3.34374395618,,,,,5.49339200099,,,1.39188925932,,,,5.07882924611,,5.05968257457,3.10393243086,4.49401533916,,5.15209341493,,,,,,,,,1.27649093675,,,,,,,
BLOO29,"LAT",ENSG00000213658,6.337459,,,,2.58971096577,-0.3453991318669359,,2.36086343425,,1.53835648491,,,,,,0.875191234886,,,,,2.5391307325,,,-0.776529726062,,,,2.26241338111,,2.29715757896,1.19508236776,3.50613656279,,2.50656207736,,,,,,,,,1.21628444698,,,,,,,
BODY03,"LAT",ENSG00000213658,13.150931,,,,9.03357057261,7.054006420867309,,6.45278014841,,6.10409238879,,,,,,5.70713844373,,,,,7.01207047165,,,2.64210707282,,,,6.24109258453,,6.14173194869,2.97896610939,4.64755044043,,6.70412360952,,,,,,,,,0.942047885109,,,,,,,
BODY04F,"LAT",ENSG00000213658,8.665064,,,,6.82268141995,5.057985202149049,,4.57408348285,,4.09589463543,,,,,,5.21083545228,,,,,5.1092416237,,,2.44680130177,,,,4.60693403021,,4.23687370854,2.44068687418,3.20515864441,,4.84092612945,,,,,,,,,0.9185353648,,,,,,,
BODY04M,"LAT",ENSG00000213658,9.014380,,,,6.78825154157,4.894412117640431,,5.18219646531,,5.37598882645,,,,,,5.70495509533,,,,,5.44865612992,,,1.7961297526,,,,4.78223020251,,5.09742701279,2.84189910685,3.79405523919,,5.27414646131,,,,,,,,,0.511474591467,,,,,,,
BODY04,"LAT",ENSG00000213658,16.594312,,,,9.43836398013,7.353683022878069,,6.68667676852,,6.17572397904,,,,,,6.15148782338,,,,,7.30125231512,,,3.04060415374,,,,6.39187395295,,6.40245206699,3.02213280444,4.67823424946,,6.90114069534,,,,,,,,,0.992819740573,,,,,,,
BODY06B,"LAT",ENSG00000213658,10.588801,,,,8.03137929711,6.005465037029558,,6.36653496399,,5.10490235104,,,,,,4.50023021875,,,,,6.11500381002,,,4.74726408821,,,,6.16184327107,,5.94235734282,3.95064636015,4.37577489829,,6.47430888117,,,,,,,,,0.495807279046,,,,,,,
BODY06F,"LAT",ENSG00000213658,5.151885,,,,4.27715576367,3.574587560449397,,4.72037093173,,3.92649349287,,,,,,2.29875226047,,,,,4.59463203703,,,1.77253000597,,,,4.77234187019,,4.55878132244,2.71303577215,3.89620344452,,4.84026814487,,,,,,,,,0.688749484994,,,,,,,
BODY06M,"LAT",ENSG00000213658,4.926612,,,,6.83619900122,4.827210435213875,,4.40944635765,,3.42682545536,,,,,,3.90673147169,,,,,4.18902410441,,,4.62229736277,,,,4.112984818,,3.99982100799,2.90220196432,2.53428751854,,4.45345691069,,,,,,,,,0.0988291098163,,,,,,,
BODY06,"LAT",ENSG00000213658,9.907771,,,,7.729136772,5.788678914955705,,6.43536125811,,5.1494887859,,,,,,4.20852313564,,,,,6.18641317116,,,4.34172463004,,,,6.26792585648,,6.01723537278,3.98805732605,4.51402596419,,6.5410456673,,,,,,,,,0.434429584655,,,,,,,
BODY07B,"LAT",ENSG00000213658,10.470454,,,,7.90818940166,5.972329073194518,,6.29763284212,,5.01403812973,,,,,,4.51077087858,,,,,6.02631495807,,,4.90235924569,,,,6.07836843837,,5.86192880901,4.00157192496,4.33621182911,,6.38756060963,,,,,,,,,0.449518155399,,,,,,,
BODY07F,"LAT",ENSG00000213658,5.175165,,,,4.18078464783,3.554798794559993,,4.69971644503,,3.83137679945,,,,,,2.31535084013,,,,,4.52662749032,,,2.04833544426,,,,4.7229536357,,4.51076199429,2.85681768828,3.84633988651,,4.78879391267,,,,,,,,,0.581401831425,,,,,,,
BODY07M,"LAT",ENSG00000213658,5.238568,,,,6.76008080062,4.80121909341633,,4.33039793903,,3.37763097299,,,,,,3.91068129066,,,,,4.12144644103,,,4.61551656535,,,,4.03616576796,,3.92635632696,2.85249879717,2.51155401107,,4.37521880122,,,,,,,,,0.119393058419,,,,,,,
BODY07,"LAT",ENSG00000213658,9.574906,,,,7.59648163389,5.741856629947777,,6.36653949244,,5.04334516839,,,,,,4.21047998252,,,,,6.09144451927,,,4.5249191575,,,,6.17994046444,,5.93198729981,4.04345980791,4.46713613226,,6.4501112534,,,,,,,,,0.372867876024,,,,,,,
BODY08B,"LAT",ENSG00000213658,20.128223,,,,10.401685609,8.274554091369605,,8.93867884422,,7.55996280263,,,,,,6.00357501337,,,,,8.7362027811,,,6.51180331383,,,,8.78031831748,,8.41086923565,5.94480125036,5.91221763858,,8.97082954864,,,,,,,,,0.472159572977,,,,,,,
BODY08F,"LAT",ENSG00000213658,13.880513,,,,7.1320116824,5.284480740392941,,6.88743722139,,5.49866961076,,,,,,3.87972245155,,,,,6.91892819598,,,3.20530240704,,,,6.83721380926,,6.53794418346,4.65746411498,5.33193273904,,6.78093147868,,,,,,,,,0.56358176458,,,,,,,
BODY08M,"LAT",ENSG00000213658,12.003764,,,,8.19999097314,6.85730562430497,,6.4007841919,,5.69205579689,,,,,,4.93273654967,,,,,6.09466416058,,,6.21074399404,,,,6.22578478112,,5.97406434607,4.187605054,3.56952236829,,6.53535181463,,,,,,,,,0.167489827582,,,,,,,
BODY08,"LAT",ENSG00000213658,18.529972,,,,10.1837993149,7.972306822481158,,8.9068635497,,7.43933190143,,,,,,5.78229686612,,,,,8.74359676564,,,6.07628972434,,,,8.76562466587,,8.39073457472,5.94579115967,6.09911678148,,8.90193544811,,,,,,,,,0.480334024919,,,,,,,
CROH01,"LAT",ENSG00000213658,3.752469,,,,5.52467612188,3.896926520846663,,3.96703696584,,3.09072389372,,,,,,3.88262339905,,,,,4.24613113254,,,2.98485724538,,,,3.92188410013,,3.83634655709,2.74251678764,1.47867827567,,3.95975360288,,,,,,,,,0.618377331222,,,,,,,
EDUC03,"LAT",ENSG00000213658,14.072532,,,,-9.08677079181,-6.020252176668082,,-7.08829031979,,-5.53619060227,,,,,,-6.00088961348,,,,,-7.35071848362,,,-6.43757816616,,,,-6.80666256752,,-6.65159118977,-4.44641060328,-4.66142328127,,-7.22374335506,,,,,,,,,-0.950723375846,,,,,,,
FATM02B,"LAT",ENSG00000213658,14.320927,,,,9.14897015434,6.984093856436611,,7.33428881109,,5.69368264878,,,,,,5.11032522961,,,,,7.00259280754,,,5.20184113463,,,,7.16168910889,,6.97916033271,4.75453213581,4.88887231592,,7.56849289348,,,,,,,,,0.445118075317,,,,,,,
FATM02F,"LAT",ENSG00000213658,7.127127,,,,4.9672443193,3.900691488480377,,5.29874045361,,4.07793647045,,,,,,2.62010493736,,,,,5.32182054033,,,2.3017110403,,,,5.33919070064,,5.08155141843,2.61396927781,4.05359284179,,5.46229346556,,,,,,,,,0.983593029725,,,,,,,
FATM02M,"LAT",ENSG00000213658,8.030687,,,,7.70850655668,5.804744565350601,,5.1961272498,,4.05772005225,,,,,,4.42458052273,,,,,4.76460707659,,,4.78028791124,,,,4.95045773584,,4.91503084436,3.98715459548,3.07242918462,,5.36594636914,,,,,,,,,-0.180394642605,,,,,,,
FATM02,"LAT",ENSG00000213658,14.482421,,,,8.85324600943,6.687415989158275,,7.42258216933,,5.71052046019,,,,,,4.79106883596,,,,,7.14090857893,,,4.80272606869,,,,7.27802501628,,7.0504531565,4.64410189337,5.03695342706,,7.64394330766,,,,,,,,,0.505388350724,,,,,,,
FATM03B,"LAT",ENSG00000213658,12.931888,,,,9.07540171243,7.02399669393132,,7.31942796973,,5.68224674543,,,,,,5.16182813171,,,,,6.97996766165,,,5.43560366857,,,,7.1342145383,,6.96188600246,4.81332144438,4.91798118005,,7.54005274514,,,,,,,,,0.398940321107,,,,,,,
FATM03F,"LAT",ENSG00000213658,7.143114,,,,4.93833908508,3.9634612061396464,,5.3415175933,,4.07825637012,,,,,,2.69345960526,,,,,5.33558700943,,,2.68203493176,,,,5.35478933746,,5.10900620897,2.76593333873,4.10337037445,,5.47707689066,,,,,,,,,0.883863031943,,,,,,,
FATM03M,"LAT",ENSG00000213658,7.057174,,,,7.64232700472,5.809861321360593,,5.13721900118,,4.03713007871,,,,,,4.43723922958,,,,,4.71626520269,,,4.79257941518,,,,4.89503573395,,4.86469143568,3.94757101725,3.06168102572,,5.3110317307,,,,,,,,,-0.169135193401,,,,,,,
FATM03,"LAT",ENSG00000213658,12.726929,,,,8.77410854115,6.722248636292233,,7.4130156379,,5.69396463757,,,,,,4.83784560691,,,,,7.11994973849,,,5.08186488037,,,,7.25108361917,,7.03516302146,4.71199911584,5.07237453721,,7.61555631168,,,,,,,,,0.440830742857,,,,,,,
FATM04B,"LAT",ENSG00000213658,28.306898,,,,12.5755898538,10.244876531708513,,10.7814812618,,8.92616285598,,,,,,7.55872061939,,,,,10.5320960016,,,7.6651301282,,,,10.6187697451,,10.2660369637,7.11072224509,7.07592039466,,10.9350135351,,,,,,,,,0.717667109125,,,,,,,
FATM04F,"LAT",ENSG00000213658,18.712221,,,,9.0101856349,6.587525513838142,,8.35220557862,,6.53140116154,,,,,,5.30771895918,,,,,8.47121666524,,,4.2547672355,,,,8.28705491018,,7.98882654342,5.52216632092,5.9128030905,,8.32661100141,,,,,,,,,0.88532999082,,,,,,,
FATM04M,"LAT",ENSG00000213658,17.561379,,,,9.68263103713,8.530743758520353,,7.76895224637,,6.75801503462,,,,,,5.90998121815,,,,,7.32231609717,,,6.95655988136,,,,7.59967815425,,7.36681904315,5.11025620086,4.73052334954,,8.00216212875,,,,,,,,,0.23680369982,,,,,,,
FATM04,"LAT",ENSG00000213658,26.066872,,,,12.4555479257,9.906487769646356,,10.7950412778,,8.8183002685,,,,,,7.40442291304,,,,,10.6147896245,,,7.27052799135,,,,10.6412595726,,10.286819317,7.08455274678,7.20190346431,,10.9056472753,,,,,,,,,0.774834963533,,,,,,,
HIPC01F,"LAT",ENSG00000213658,8.962653,,,,7.46552277879,4.282342569518271,,5.48197587115,,5.76289928264,,,,,,4.96323727136,,,,,5.93427209279,,,1.87006777036,,,,5.85277831856,,5.18770060904,0.646831158354,4.92250983747,,5.68246390195,,,,,,,,,0.895583444528,,,,,,,
HIPC01M,"LAT",ENSG00000213658,6.229693,,,,5.73932948725,2.2277486828638033,,4.72647252476,,4.57520227899,,,,,,4.30198400067,,,,,5.48938398218,,,1.82209695573,,,,4.96008020259,,4.52960233242,0.507662640161,4.09029275141,,4.82947289075,,,,,,,,,1.10743043396,,,,,,,
HIPC01,"LAT",ENSG00000213658,13.842120,,,,9.2790303536,5.507940947979813,,7.11621982291,,7.82438060695,,,,,,5.93874545102,,,,,7.11782152857,,,3.78321401291,,,,6.79169445252,,6.76418744847,3.22000934423,6.23157683722,,7.27174590843,,,,,,,,,1.30161112893,,,,,,,
HIPC02F,"LAT",ENSG00000213658,7.049270,,,,7.24245727393,4.295402753944907,,5.29519327753,,5.47774964491,,,,,,4.71818512005,,,,,5.76104833706,,,1.83470491763,,,,5.63263143025,,5.0252658374,0.749684608898,4.80842893404,,5.59806056078,,,,,,,,,0.873075656943,,,,,,,
HIPC02M,"LAT",ENSG00000213658,5.819329,,,,5.73803831362,2.320255286158488,,4.81189894468,,4.71242252671,,,,,,4.37521038789,,,,,5.63604388079,,,1.97075156715,,,,5.10370755166,,4.57969873346,0.311054838135,4.14857424231,,4.98985418373,,,,,,,,,1.09415551371,,,,,,,
HIPC02,"LAT",ENSG00000213658,11.700427,,,,9.09778377416,5.651840933022188,,6.99702484347,,7.66201738875,,,,,,5.66492459415,,,,,7.08396028145,,,3.79179884914,,,,6.77971931384,,6.65516290315,3.20458347497,6.22905911279,,7.28325630112,,,,,,,,,1.26597242063,,,,,,,
HIPC03,"LAT",ENSG00000213658,5.245667,,,,4.92109833858,2.4651344612801336,,4.68270722614,,5.10312494635,,,,,,3.70701948757,,,,,3.99063339109,,,0.532245361171,,,,4.00047845552,,4.26716961262,1.11279745178,4.66365744474,,4.66493892231,,,,,,,,,2.64995222619,,,,,,,
HIPC04,"LAT",ENSG00000213658,4.832712,,,,4.79240982113,2.6756115519402055,,4.5710720526,,5.04029896695,,,,,,3.64974347687,,,,,3.94364470968,,,0.781574144453,,,,3.93194114267,,4.16731278901,1.17809823083,4.58010261393,,4.65858951729,,,,,,,,,2.58386597004,,,,,,,
INFB01,"LAT",ENSG00000213658,3.083546,,,,5.23480142566,2.6856655445327178,,3.44485422714,,2.37138096278,,,,,,4.00394551298,,,,,3.97977802021,,,3.39846179135,,,,3.47240409632,,3.37913917133,2.01393039298,2.00654963137,,3.57396970794,,,,,,,,,1.18299736281,,,,,,,
INTE02,"LAT",ENSG00000213658,3.471315,,,,-4.73719026412,-2.176308172664702,,-3.06610724443,,-2.57380249626,,,,,,-3.48028804732,,,,,-3.00196014856,,,-1.75423128482,,,,-2.79360893544,,-2.8645467703,-0.451949461004,-1.90905443521,,-3.14650245678,,,,,,,,,-2.60600065125,,,,,,,
LEAN04B,"LAT",ENSG00000213658,3.767919,,,,4.99418872928,3.767147980551673,,4.24974732679,,3.28008620096,,,,,,3.18531758469,,,,,3.91042062773,,,2.94663821345,,,,4.06479182451,,3.89563352573,2.77139837591,2.8359234199,,4.35017580284,,,,,,,,,0.499111368184,,,,,,,
LEAN04M,"LAT",ENSG00000213658,3.006780,,,,5.18999978021,2.916463028202042,,3.85049400818,,2.85526785892,,,,,,2.60445883581,,,,,3.67995831403,,,2.92725863338,,,,3.6882404105,,3.45464460463,2.97511740537,2.32902415493,,3.87777300141,,,,,,,,,-0.111304210077,,,,,,,
LEAN04,"LAT",ENSG00000213658,4.333042,,,,5.61909594373,3.7295279097553244,,4.48578056671,,3.41412594312,,,,,,3.17329713512,,,,,4.21726764814,,,3.25570615237,,,,4.30315565548,,4.07085802179,3.22557269748,2.84010802193,,4.55870799592,,,,,,,,,0.0490474426164,,,,,,,
LEAN05B,"LAT",ENSG00000213658,4.018929,,,,4.8999431282,3.822305840085561,,4.19707427786,,3.23961600928,,,,,,3.22645420215,,,,,3.83280912456,,,3.22241777088,,,,3.99934145858,,3.82179959548,2.90537444674,2.79166540108,,4.27848306587,,,,,,,,,0.340013126685,,,,,,,
LEAN05M,"LAT",ENSG00000213658,2.843299,,,,5.13011705823,2.9149849148158764,,3.79987709518,,2.81015380202,,,,,,2.60897100563,,,,,3.63462634979,,,2.9556699779,,,,3.64104285432,,3.41050927056,2.94315446326,2.30516266135,,3.83214883018,,,,,,,,,-0.0933477237104,,,,,,,
LEAN05,"LAT",ENSG00000213658,4.130704,,,,5.5335848702,3.761477588352773,,4.43207872083,,3.35953094151,,,,,,3.20383643421,,,,,4.15098512485,,,3.43490238175,,,,4.2428083578,,4.00659871404,3.27972967704,2.79837452524,,4.49672208169,,,,,,,,,-0.0320024559072,,,,,,,
LEAN06B,"LAT",ENSG00000213658,8.821858,,,,7.22300133081,5.3036920678269395,,6.05001336769,,5.23336300923,,,,,,4.4241108432,,,,,5.70288476325,,,3.95838445446,,,,5.84838955565,,5.73468154077,4.82900317147,4.29354809693,,5.99388225034,,,,,,,,,0.20941822494,,,,,,,
LEAN06F,"LAT",ENSG00000213658,3.959714,,,,5.43606436408,4.0069837268122885,,4.62795343719,,3.91930598338,,,,,,3.44565692851,,,,,4.3679988553,,,2.66877577322,,,,4.47816520775,,4.45050681172,3.3974616047,3.60554645002,,4.53143625771,,,,,,,,,0.469694237265,,,,,,,
LEAN06M,"LAT",ENSG00000213658,4.499585,,,,5.55717970556,4.060968446745422,,4.53694842089,,4.05664965961,,,,,,3.22226622159,,,,,4.26928694722,,,3.53556033169,,,,4.37901878335,,4.20070689383,4.08626168881,2.7180798209,,4.5796030431,,,,,,,,,-0.327748829611,,,,,,,
LEAN06,"LAT",ENSG00000213658,9.310967,,,,7.16649534641,5.273081503035919,,5.94677079258,,5.24152209143,,,,,,4.28489242722,,,,,5.59380713934,,,4.16479108155,,,,5.7518010539,,5.59344846907,5.05977458225,4.03567229504,,5.92848196102,,,,,,,,,-0.11020699871,,,,,,,
OBES01,"LAT",ENSG00000213658,6.575968,,,,5.63607530983,3.537693950506159,,4.45397585292,,4.24130686249,,,,,,4.7675446012,,,,,4.98239033899,,,2.71967823333,,,,4.40367082603,,4.50828666746,0.546870145221,3.4289316209,,4.47376264421,,,,,,,,,0.69568657856,,,,,,,
OVER01,"LAT",ENSG00000213658,5.779813,,,,5.41499744133,2.993599742278208,,4.25669536364,,3.33565160342,,,,,,3.89324438123,,,,,4.9286177041,,,2.56206635938,,,,4.33531092629,,4.2241340859,0.77963151791,3.02810384228,,4.39823971846,,,,,,,,,0.0632737359044,,,,,,,
WAIS01F,"LAT",ENSG00000213658,5.755031,,,,6.22952145924,2.9580913156061484,,4.40011793517,,4.01432773081,,,,,,4.20705984845,,,,,5.25345407351,,,2.72180455493,,,,4.57705618675,,3.9454937948,-0.367590776046,3.83312532732,,4.4612981131,,,,,,,,,1.37182099654,,,,,,,
WAIS01M,"LAT",ENSG00000213658,8.089893,,,,6.95583547815,3.347836516343061,,5.23835568093,,5.003467506,,,,,,5.38531751737,,,,,6.39781107765,,,0.972369070972,,,,5.59405264043,,5.1613829655,0.296934020972,4.05812660781,,5.48007793809,,,,,,,,,1.03062703877,,,,,,,
WAIS01,"LAT",ENSG00000213658,12.155977,,,,9.08484110182,5.720358277268693,,6.606786903,,6.62109689042,,,,,,6.03394442673,,,,,7.21888262415,,,3.14200473148,,,,6.36818103505,,6.16127022393,2.62146785639,5.44126663273,,6.79163176236,,,,,,,,,1.60580639933,,,,,,,
WAIS02F,"LAT",ENSG00000213658,4.623387,,,,6.08608055854,3.114553719969668,,4.26990289926,,3.80783147975,,,,,,3.97031340848,,,,,4.89653766061,,,2.51794103684,,,,4.10259211362,,3.78807681337,1.59547332082,3.77194345274,,4.40279606157,,,,,,,,,1.33583676151,,,,,,,
WAIS02M,"LAT",ENSG00000213658,7.496277,,,,6.95622313344,3.6148023713067636,,5.33215879743,,5.15195035228,,,,,,5.42732314116,,,,,6.17653644018,,,1.15303701821,,,,5.33810247707,,5.13600176795,2.77172764988,4.20143520816,,5.64250819447,,,,,,,,,1.0182642918,,,,,,,
WAIS02,"LAT",ENSG00000213658,10.921398,,,,9.0512747905,5.868514546518669,,6.59492820449,,6.63437512548,,,,,,5.75757876464,,,,,7.2936926092,,,2.87262388246,,,,6.56719410082,,6.15835041558,2.78423369902,5.53927834155,,6.90898438765,,,,,,,,,1.55471326453,,,,,,,
WEIG04F,"LAT",ENSG00000213658,3.444204,,,,4.76823553651,1.8158605805190409,,3.75875168341,,3.71825144043,,,,,,2.40613056718,,,,,3.2919069334,,,-0.294172566616,,,,2.38983900107,,3.43208104882,-0.0779017772496,3.19743417382,,3.66039254682,,,,,,,,,1.65294126827,,,,,,,
WEIG04M,"LAT",ENSG00000213658,4.920602,,,,5.48506489033,1.8852324312657631,,4.63526809502,,4.4769691104,,,,,,3.39407421922,,,,,3.97594483836,,,0.696147637164,,,,3.73067796336,,4.60994886171,1.45740780558,3.48672387688,,4.33856265174,,,,,,,,,1.19226132635,,,,,,,
WHIP03,"LAT",ENSG00000213658,2.422244,,,,4.73315746486,2.1626719359834765,,3.19791090653,,2.57738598096,,,,,,2.73514919752,,,,,3.78082155544,,,2.69994768644,,,,3.05081243198,,2.92270071795,0.789173801134,2.1541276031,,3.19556757557,,,,,,,,,1.00047337646,,,,,,,
