code,target,ENSEMBL,association,Adipose_Subcutaneous,Adipose_Visceral_Omentum,Breast_Mammary_Tissue,Muscle_Skeletal,DGN_Whole_Blood,Whole_Blood,Artery_Aorta,Artery_Coronary,Artery_Tibial,Heart_Atrial_Appendage,Heart_Left_Ventricle,Spleen,Brain_Amygdala,Brain_Anterior_cingulate_cortex_BA24,Brain_Caudate_basal_ganglia,Brain_Nucleus_accumbens_basal_ganglia,Brain_Putamen_basal_ganglia,Brain_Cerebellar_Hemisphere,Brain_Cerebellum,Brain_Cortex,Brain_Frontal_Cortex_BA9,Brain_Hippocampus,Brain_Hypothalamus,Brain_Spinal_cord_cervical_c-1,Brain_Substantia_nigra,Nerve_Tibial,Cells_Transformed_fibroblasts,Cells_EBV-transformed_lymphocytes,Colon_Sigmoid,Colon_Transverse,Esophagus_Gastroesophageal_Junction,Esophagus_Mucosa,Esophagus_Muscularis,Liver,Minor_Salivary_Gland,Small_Intestine_Terminal_Ileum,Stomach,Adrenal_Gland,Pituitary,Pancreas,Thyroid,Lung,Ovary,Prostate,Testis,Uterus,Vagina,Skin_Not_Sun_Exposed_Suprapubic,Skin_Sun_Exposed_Lower_leg
AMIN01,"KRTCAP3",ENSG00000157992,10.177930,,-3.10789710726,,-5.16149218687,-4.935264105556215,-4.25901363628,,-0.630149783998,,,,-3.48512880752,,,-5.57680147563,,,,,-5.45762514516,,,,,,1.96228801966,,,,0.723736203341,,-1.6685415014,,,,,,-5.233527253,,2.34033799519,-3.47309895851,,,,2.57942337574,,,-0.327489573656,0.496327370606
AMIN05,"KRTCAP3",ENSG00000157992,11.476137,,-2.01927875308,,-5.19369780411,-4.926225487302176,-3.70688252713,,0.735103941071,,,,-2.93462706431,,,-5.56481290818,,,,,-4.24906392621,,,,,,3.4661954865,,,,1.21939105165,,0.396163539725,,,,,,-5.27697575485,,3.24054821763,-2.03579961333,,,,3.06971974839,,,0.249699206538,1.17137719916
AMIN06,"KRTCAP3",ENSG00000157992,6.857266,,-1.91583269456,,-3.88581324054,-3.5893850695572724,-2.62773949598,,1.73650544187,,,,-1.41209955923,,,-4.18340620393,,,,,-3.93536178082,,,,,,3.89692435524,,,,1.96588796327,,1.08463081431,,,,,,-4.10453840167,,3.8292934264,-1.29060822492,,,,3.91275168938,,,1.0227687774,2.08122568862
APOL02,"KRTCAP3",ENSG00000157992,5.649132,,-1.65464397228,,-3.87749364243,-3.5756548053689547,-2.81807231975,,-0.394861557989,,,,-2.70050820583,,,-3.94948500774,,,,,-3.30004028816,,,,,,1.00236950677,,,,0.367717874889,,-0.661567368651,,,,,,-3.78588850366,,1.67811492939,-2.6171899508,,,,1.17295159426,,,-0.387575783885,0.200453345336
BLOO01,"KRTCAP3",ENSG00000157992,14.911262,,-4.30451039924,,-6.53348244012,-6.092870188260429,-5.12545284383,,-1.67485855362,,,,-4.8411625082,,,-6.84637170321,,,,,-5.26023592468,,,,,,0.0790881824932,,,,-0.584330581625,,-2.76992486097,,,,,,-6.22528109489,,1.15395985471,-4.02019580197,,,,1.80445691787,,,-1.71465318983,-1.25603166023
BLOO04,"KRTCAP3",ENSG00000157992,10.093003,,-4.38520775758,,-5.13036252442,-4.647273024862933,-3.90110337236,,0.770360645593,,,,-3.07326197637,,,-5.35346463012,,,,,-4.69515323716,,,,,,2.08402748304,,,,1.41576344343,,-1.47209950552,,,,,,-4.92318848381,,2.51258250139,-3.18034058441,,,,2.11869642495,,,-0.210801434848,0.239368406086
BLOO06,"KRTCAP3",ENSG00000157992,11.480080,,-2.64012045603,,-5.46465674191,-5.204148282439969,-4.63914593673,,-0.630836986163,,,,-3.72173092552,,,-5.54249659443,,,,,-5.10194220987,,,,,,1.78950018517,,,,1.28291128826,,-1.76480902097,,,,,,-5.46889612659,,2.30706835885,-4.68299615012,,,,1.30661189586,,,-0.267785679107,-0.195076141468
BLOO09,"KRTCAP3",ENSG00000157992,8.633558,,-2.48201954181,,-5.39392152884,-5.147952899340487,-4.58063101342,,-0.668006650139,,,,-3.66395940232,,,-5.41761778414,,,,,-5.03046655334,,,,,,1.81163308246,,,,1.29726390099,,-1.7850295561,,,,,,-5.38873707436,,2.30651278598,-4.46800566641,,,,1.25649735229,,,-0.168368340521,-0.233055996961
BLOO10,"KRTCAP3",ENSG00000157992,8.367765,,-2.26074695912,,-4.81080052183,-4.555696666910319,-3.95771422636,,-0.456098472039,,,,-3.23560849182,,,-4.78789130621,,,,,-4.4478251148,,,,,,1.63704986768,,,,1.16731494369,,-1.50986234878,,,,,,-4.78099337451,,2.14308417096,-4.05708234305,,,,1.25362622309,,,-0.050431594623,-0.123693256693
BLOO11,"KRTCAP3",ENSG00000157992,4.198617,,-3.21644487869,,-2.72119262074,-2.4324327650577096,-2.49712524958,,0.961861467445,,,,-1.04805834621,,,-2.95659474086,,,,,-2.45390986019,,,,,,2.72543199082,,,,2.05640371563,,0.933041254891,,,,,,-2.75242613936,,3.88922583457,-0.488556064121,,,,4.75299353185,,,2.33313737616,2.10851350946
BLOO12,"KRTCAP3",ENSG00000157992,10.976912,,-3.30210872436,,-5.17836820947,-4.895629485995512,-4.49364063554,,0.108473023138,,,,-3.08364951481,,,-5.17505626544,,,,,-4.70023417434,,,,,,2.58122218165,,,,1.88358478886,,-0.816518672228,,,,,,-5.23187872597,,3.33182898111,-3.60596942989,,,,2.92873261048,,,0.843588852896,0.745672739649
BLOO13,"KRTCAP3",ENSG00000157992,9.463214,,-2.54803751555,,-5.27008259347,-5.0032253717955,-4.47163036383,,-0.585260184815,,,,-3.54990767013,,,-5.35677864085,,,,,-4.93976498144,,,,,,1.82522022516,,,,1.32276933649,,-1.61221721742,,,,,,-5.26052514913,,2.31676814229,-4.58268346084,,,,1.382914441,,,-0.220218915128,-0.131146887439
BLOO19,"KRTCAP3",ENSG00000157992,16.595851,,-2.38690296033,,-6.9195432499,-6.77588801395857,-6.72682977619,,-1.76416908225,,,,-4.95581750902,,,-7.18570899866,,,,,-6.40952874722,,,,,,1.90235029938,,,,1.04069345075,,-2.80326871055,,,,,,-7.02358840781,,2.12569044245,-6.09106693153,,,,1.15223230422,,,-0.870891043573,-0.610616358664
BLOO21,"KRTCAP3",ENSG00000157992,11.644319,,-3.74829710227,,-4.8225132507,-4.398348045067437,-3.87057278039,,0.95434259619,,,,-2.81530126729,,,-5.22609151396,,,,,-4.20236623521,,,,,,2.35255849689,,,,1.95435385362,,-0.833186839311,,,,,,-4.72673650237,,3.03904754959,-2.84313946091,,,,2.72957254607,,,0.220031101144,0.756193574828
BLOO22,"KRTCAP3",ENSG00000157992,9.004927,,-3.67499999612,,-4.54935221448,-4.118414652919824,-3.72762951095,,0.910547461076,,,,-2.73782310561,,,-4.78125894658,,,,,-4.05595477073,,,,,,2.05487859353,,,,1.72946685062,,-0.827173054764,,,,,,-4.40703498193,,2.73684199333,-2.69789910345,,,,2.5331347148,,,0.125940767964,0.581349684404
BLOO25,"KRTCAP3",ENSG00000157992,5.607022,,-2.48078926664,,-3.46146020207,-3.4405555252328304,-2.05318094297,,-1.05132843161,,,,-2.60497620993,,,-3.86961952525,,,,,-3.79616755227,,,,,,0.503462306708,,,,0.749854411518,,-1.68064835242,,,,,,-3.48774351026,,0.736203839829,-2.52617293882,,,,0.207516310906,,,0.481092047556,-0.781922461552
BLOO28,"KRTCAP3",ENSG00000157992,18.621330,,2.98625672222,,7.40578427553,7.243194866575365,7.24916843109,,1.45691368014,,,,5.00565629153,,,7.78557648301,,,,,6.73306447692,,,,,,-2.56939900412,,,,-1.78124147544,,2.37085839796,,,,,,7.5575390003,,-3.10250841232,5.79383084085,,,,-2.5373784868,,,0.0857447848111,-0.0619111368002
BLOO30,"KRTCAP3",ENSG00000157992,10.391410,,-2.57970458628,,-5.56614461972,-5.3262452565981615,-4.73492265169,,-0.716827283374,,,,-3.83457959373,,,-5.59971542302,,,,,-5.18894030193,,,,,,1.75715014322,,,,1.24047033714,,-1.91362782075,,,,,,-5.57420442629,,2.29195797448,-4.55854229725,,,,1.20674091017,,,-0.219609109755,-0.291944030213
BLOO33,"KRTCAP3",ENSG00000157992,11.220483,,-3.06969346777,,-5.98910785218,-5.628808714569973,-5.03143757019,,-1.80773021782,,,,-4.4517846477,,,-6.39767401016,,,,,-4.43571187793,,,,,,-0.368914028606,,,,-0.400745934404,,-2.65923657478,,,,,,-5.76666562223,,1.00104596228,-4.0615127155,,,,1.26359680159,,,-1.66367975224,-1.43500686541
BLOO36,"KRTCAP3",ENSG00000157992,14.283371,,-4.61663012813,,-5.69997747009,-5.2255067668572055,-4.18930605971,,0.61587312749,,,,-3.43708902189,,,-6.2095505697,,,,,-4.9962044121,,,,,,2.35687077507,,,,1.59615556026,,-1.73853262033,,,,,,-5.53763505839,,2.77580576148,-3.65501522279,,,,2.29178876762,,,-0.209551736658,0.297242238454
BODY08B,"KRTCAP3",ENSG00000157992,10.408045,,3.0633266633,,2.76884550877,2.6533681169112957,2.7768665531,,-0.287911495055,,,,1.70004857619,,,3.38571916485,,,,,3.29475206531,,,,,,-1.56413866708,,,,-1.14881985936,,1.30048829708,,,,,,3.04009598358,,-1.9752579163,3.38285139926,,,,-2.59335937915,,,-0.708126499098,0.0205676943742
BODY08M,"KRTCAP3",ENSG00000157992,10.494131,,3.2714006448,,3.57417414958,3.508576675093769,3.51076218666,,1.54439510825,,,,2.88829587244,,,3.93932653637,,,,,3.73043053782,,,,,,-0.500700717456,,,,-0.48842420614,,2.13401847099,,,,,,3.75087257445,,-0.954828666773,3.52149072245,,,,-1.92386178606,,,-0.612029413172,1.20307889686
BODY08,"KRTCAP3",ENSG00000157992,9.081812,,2.75201924485,,2.2209896923,2.1115599043828652,2.2629890216,,-0.757854709182,,,,1.18016870464,,,2.89215108489,,,,,2.7937812033,,,,,,-1.64006233155,,,,-1.22747242147,,0.988579063922,,,,,,2.51208580895,,-2.01214848691,3.09568293446,,,,-2.51287648974,,,-0.635104112744,-0.254805162836
CHOL03,"KRTCAP3",ENSG00000157992,8.591268,,-1.11548569335,,-4.42210510655,-4.251821830433334,-3.90694017228,,-0.0854118079483,,,,-3.09325739144,,,-4.92456316274,,,,,-3.47633588045,,,,,,1.6289461738,,,,1.01517028384,,-0.469844974078,,,,,,-4.48962769069,,2.1743980362,-2.72378399071,,,,2.12689207532,,,0.471002637457,1.03755165346
CHOL06,"KRTCAP3",ENSG00000157992,12.135566,,-1.34645418209,,-5.2130340768,-4.979143361675584,-4.29878117346,,-0.39643230788,,,,-3.64322756407,,,-5.34869814964,,,,,-4.17609722019,,,,,,1.64852276186,,,,0.713546728293,,-0.606781217297,,,,,,-5.14100014431,,2.21427788868,-2.81918677411,,,,1.95344784253,,,-0.251122879108,0.456114975073
CHOL14,"KRTCAP3",ENSG00000157992,11.575592,,-1.99434672838,,-5.88375291616,-5.783782997160396,-5.11637160201,,-0.362003017171,,,,-4.23621040322,,,-6.3027876797,,,,,-4.95611950096,,,,,,1.5856330861,,,,0.0295741176276,,-1.41272621711,,,,,,-6.01556909337,,1.78614197128,-3.967103696,,,,1.63433141141,,,-0.417192857129,-0.00515185328396
CHOL16,"KRTCAP3",ENSG00000157992,14.739166,,-1.41839361661,,-5.88792874284,-5.648664291673957,-4.97306174605,,-0.710524483297,,,,-4.29455446148,,,-6.16671964626,,,,,-4.73638497066,,,,,,1.42756749608,,,,0.0895172710976,,-1.31382014,,,,,,-5.80211948573,,2.10043461647,-4.16236607934,,,,1.62472874049,,,-0.5345455468,0.223762214388
CHOL17,"KRTCAP3",ENSG00000157992,11.517798,,-1.45515476139,,-5.07196736398,-4.7318709654791915,-3.92066058012,,0.322892923459,,,,-3.354220786,,,-4.93079161594,,,,,-4.18205191776,,,,,,2.00062674412,,,,1.06892855523,,-0.219382221681,,,,,,-4.94372857936,,2.82971763716,-3.0316941818,,,,2.17937868996,,,0.264261638331,1.02362599188
CHOL20,"KRTCAP3",ENSG00000157992,6.243432,,-2.62535618849,,-4.07735822278,-3.6699948699411493,-3.000763128,,0.293054321562,,,,-2.60627455183,,,-3.4971466591,,,,,-3.29474500057,,,,,,1.51130735351,,,,0.870846815106,,-0.927872623501,,,,,,-3.78266419855,,1.67595829329,-2.4452854436,,,,1.06027248944,,,-0.805786590202,0.233491851169
CHOL21,"KRTCAP3",ENSG00000157992,7.953232,,-0.191233835693,,-4.80980357889,-4.547419403964402,-3.34026606689,,0.417630495981,,,,-2.87983267503,,,-5.07536851611,,,,,-2.33664389598,,,,,,3.70670555044,,,,1.9890973671,,0.644103943626,,,,,,-5.10057232719,,3.0550156801,-0.348587006708,,,,3.5806442736,,,1.490924767,0.584467963204
CHOL26,"KRTCAP3",ENSG00000157992,11.494158,,-1.75072482944,,-5.65490127044,-5.541362081681819,-4.93836137027,,-0.481323134748,,,,-4.17135226479,,,-6.0727631795,,,,,-4.69005728205,,,,,,1.36640783862,,,,0.132464138833,,-1.22871648859,,,,,,-5.77152856235,,1.82309317598,-3.67515303205,,,,1.71327120894,,,-0.247409561427,0.0953905317102
CHOL31,"KRTCAP3",ENSG00000157992,14.181629,,-1.54554348824,,-6.12961572958,-5.8285782224412745,-5.11999056359,,-0.617335881541,,,,-4.43340787692,,,-6.20204338005,,,,,-4.98960417351,,,,,,1.34753295609,,,,0.251429009215,,-1.32154047707,,,,,,-5.99598367019,,2.05468114368,-4.08723270129,,,,1.71057409191,,,-0.683079001849,0.117135427177
CHOL33,"KRTCAP3",ENSG00000157992,8.179950,,-1.38409026014,,-4.47150481165,-4.1606671193123725,-3.46996597438,,0.207227485818,,,,-2.84849469721,,,-4.11401539772,,,,,-3.58264154135,,,,,,1.61159552428,,,,1.07712434022,,-0.354227522121,,,,,,-4.33164392418,,2.43242424846,-2.44704663538,,,,1.7203930672,,,0.0798141167738,0.758474286319
FATM04B,"KRTCAP3",ENSG00000157992,9.099808,,3.05371484999,,3.64414898483,3.626308699644362,4.13974199923,,0.285172560826,,,,2.72074768285,,,3.69540655332,,,,,4.25044787144,,,,,,-0.94263059249,,,,-1.09671069613,,2.37018116996,,,,,,3.94117233661,,-1.13657695076,3.13290349298,,,,-1.42875015494,,,-0.0410351675387,0.86582386243
FATM04M,"KRTCAP3",ENSG00000157992,10.252759,,3.09540301603,,4.26984634819,4.248413550001946,4.37312750381,,1.82616542321,,,,3.73349845007,,,4.10925843575,,,,,4.40230166756,,,,,,0.0145047157914,,,,-0.449358319669,,2.80238610846,,,,,,4.41787525957,,-0.361135872396,3.31956169959,,,,-1.11036098917,,,-0.0670767700546,1.91673620225
FATM04,"KRTCAP3",ENSG00000157992,7.351620,,2.84469090471,,3.2183585515,3.207439384859991,3.75917354542,,-0.135251994049,,,,2.27785412029,,,3.34311536145,,,,,3.8831672323,,,,,,-1.06179048667,,,,-1.16105990784,,2.12590937827,,,,,,3.53772328983,,-1.19862230281,2.90834019236,,,,-1.34369040997,,,0.0266660852984,0.596504220179
FATT18,"KRTCAP3",ENSG00000157992,6.756243,,-1.80525018353,,-3.12897850255,-2.703778423009951,-2.36180324627,,1.0397022739,,,,-1.72513690147,,,-2.66486282659,,,,,-2.92880233365,,,,,,2.98717896212,,,,1.10677363837,,0.0434459684237,,,,,,-2.91344320978,,3.12673390336,-1.3215867909,,,,2.51727152538,,,0.121211339771,1.72223550972
FATT22,"KRTCAP3",ENSG00000157992,10.977448,,-1.65399861057,,-5.34053487249,-4.961960799877436,-4.51138739174,,0.622571670831,,,,-3.57826677481,,,-5.38949711047,,,,,-4.88246772662,,,,,,2.11742234783,,,,-0.0687700361614,,-0.758536140292,,,,,,-5.19300475011,,2.0699592082,-3.54412009734,,,,2.06397216811,,,-1.55908982053,0.714178698963
FATT24,"KRTCAP3",ENSG00000157992,8.857173,,-1.269419494,,-4.44883734957,-4.130536894205984,-3.78266175654,,-0.339949329661,,,,-3.20869023787,,,-4.57568568804,,,,,-4.21314499836,,,,,,1.05944301044,,,,0.498242114679,,-1.36541512997,,,,,,-4.25132769991,,1.56818573539,-2.68466373115,,,,1.51185635869,,,-1.13338962266,0.066938450701
FATT26,"KRTCAP3",ENSG00000157992,11.499530,,-1.53651799657,,-5.22268266856,-4.793835905685092,-4.4311094594,,0.675343578639,,,,-3.45721482258,,,-5.10678782051,,,,,-4.76274194817,,,,,,2.27249619619,,,,0.13583247517,,-0.576458183176,,,,,,-5.05252389593,,2.17087097357,-3.43128186709,,,,1.93848803245,,,-1.49721549817,0.805803238268
FATT31,"KRTCAP3",ENSG00000157992,10.354666,,-1.47950475834,,-4.87610996552,-4.420624032473942,-4.0586407348,,0.816186908029,,,,-3.06073229105,,,-4.69157035389,,,,,-4.55694562655,,,,,,2.73065443814,,,,0.529662238572,,-0.344659012745,,,,,,-4.67998621988,,2.71225080701,-3.04779209533,,,,2.30069114402,,,-1.0111324316,1.26191163131
GLYC19F,"KRTCAP3",ENSG00000157992,10.655411,,4.35602518279,,4.83684474774,4.775965620945822,4.06461855812,,-0.139327401338,,,,3.31745761759,,,5.51145700954,,,,,3.53064503668,,,,,,-3.53160085092,,,,-2.20038439851,,-0.497534038368,,,,,,4.87355888641,,-3.53965307221,0.510660434,,,,-3.84113903987,,,-1.3795519363,-0.866858297644
GLYC19M,"KRTCAP3",ENSG00000157992,7.101736,,3.81504001908,,4.45456806981,4.0835891856449305,3.95832767761,,0.239209056432,,,,3.26849384859,,,3.83878480264,,,,,2.8979882566,,,,,,-1.82316116872,,,,-1.89656696413,,0.0856514700861,,,,,,3.97729499757,,-2.34901226461,1.65644928501,,,,-3.52838952596,,,-0.980929098551,-0.214488530667
GLYC19,"KRTCAP3",ENSG00000157992,17.921145,,5.77571695043,,6.56907003109,6.263380408262454,5.67329410419,,0.0762499338984,,,,4.66488402577,,,6.62449378474,,,,,4.55190516301,,,,,,-3.80446327836,,,,-2.89138607892,,-0.304222175215,,,,,,6.25579272124,,-4.18524579932,1.51818240411,,,,-5.20737116672,,,-1.68046878849,-0.775568133638
GLYC35,"KRTCAP3",ENSG00000157992,10.856548,,4.86307551716,,6.01039137753,5.830515650748944,4.3463293576,,1.37595679187,,,,4.82851092068,,,4.91341614386,,,,,3.48207669677,,,,,,-2.29254245704,,,,-0.946596815764,,0.39459799757,,,,,,6.24435353848,,-2.71957216361,1.95614964321,,,,-4.27361512091,,,-1.70087393923,0.0459479184186
HEIG03,"KRTCAP3",ENSG00000157992,4.477282,,1.41237038987,,4.16039746351,3.9292254999209453,4.75465323541,,0.668936203715,,,,3.72581681018,,,2.920410244,,,,,3.26936269566,,,,,,-0.844280825987,,,,-0.574602792479,,1.28007446591,,,,,,4.12118627569,,-1.17574812547,1.56835873591,,,,-2.15156026309,,,-0.931624726874,-0.0266333607028
INFL01,"KRTCAP3",ENSG00000157992,8.752911,,-1.5901326879,,-3.4610363478,-3.406440042207271,-2.98231851088,,0.239504757054,,,,-2.00183471372,,,-3.79106098027,,,,,-3.02215528512,,,,,,2.96110801967,,,,0.426170126357,,0.828532031235,,,,,,-3.65326082205,,3.56019613642,-1.66564408944,,,,3.16933891509,,,1.45009392684,2.22009103657
LEAN04B,"KRTCAP3",ENSG00000157992,15.630098,,3.92268420126,,5.36717672874,5.139736006314427,5.88178313036,,0.158950071384,,,,3.3924529523,,,5.39506282839,,,,,5.11682998173,,,,,,-1.34542882025,,,,-1.83861880488,,2.04617843578,,,,,,5.48596231988,,-1.83835842169,3.99665103231,,,,-1.82694122968,,,-0.261006994627,0.0397355846219
LEAN04F,"KRTCAP3",ENSG00000157992,7.966496,,3.25218837405,,4.35174657112,4.078455772194347,4.58166983807,,-0.241816613068,,,,2.66395943999,,,4.0665425186,,,,,4.41379708829,,,,,,-1.21137274691,,,,-1.03646559637,,1.83944053586,,,,,,4.29542377179,,-1.47233103048,3.09798752425,,,,-0.844842322435,,,-0.000263201529881,0.0600284637287
LEAN04M,"KRTCAP3",ENSG00000157992,7.342227,,2.44016930829,,3.47304520422,3.449418321721515,4.06574811808,,0.616928879456,,,,2.31606970368,,,3.91815549476,,,,,2.93789202008,,,,,,-0.707099687435,,,,-1.82670000157,,1.06891744455,,,,,,3.76228503319,,-1.22141982373,2.77831769666,,,,-2.07079646526,,,-0.467414879474,-0.0170353726557
LEAN04,"KRTCAP3",ENSG00000157992,14.857485,,3.50025733356,,4.86023801352,4.713979429544007,5.53775782666,,0.462252472486,,,,3.11684392581,,,5.09559163724,,,,,4.47542194377,,,,,,-1.14603250394,,,,-2.06904011371,,1.75092764861,,,,,,5.07930710747,,-1.71828206831,3.77459328126,,,,-2.19417111744,,,-0.381919198016,-0.0144542112587
LEAN05B,"KRTCAP3",ENSG00000157992,16.594107,,3.91801856656,,5.32338823879,5.07080518380017,5.84572555739,,0.169755430489,,,,3.28461002051,,,5.39682674727,,,,,5.10504954682,,,,,,-1.45390643868,,,,-1.74084754578,,1.94557666551,,,,,,5.43342152195,,-2.04205468775,4.00147013444,,,,-2.04304269297,,,-0.356771852844,-0.160720983003
LEAN05F,"KRTCAP3",ENSG00000157992,8.785686,,3.27696414282,,4.35482701882,4.052075106671636,4.57697412151,,-0.206212971845,,,,2.56879992335,,,4.10937392387,,,,,4.45833487294,,,,,,-1.36344730842,,,,-0.912747043337,,1.71755172251,,,,,,4.2930819488,,-1.72526960359,3.10725900691,,,,-1.13870456097,,,-0.12067999825,-0.169916834568
LEAN05M,"KRTCAP3",ENSG00000157992,6.644548,,2.40586015879,,3.40287843804,3.376535573201267,4.024886356,,0.592498860339,,,,2.26622571953,,,3.87819823527,,,,,2.8622636636,,,,,,-0.68818737728,,,,-1.83685347623,,1.06289187588,,,,,,3.6866333161,,-1.23455493629,2.78548574091,,,,-2.05820487573,,,-0.473380713967,-0.0526324852797
LEAN05,"KRTCAP3",ENSG00000157992,13.363502,,3.491165356,,4.80712735625,4.644499843434259,5.50967744996,,0.461253814382,,,,3.03323824715,,,5.07940176595,,,,,4.44434432102,,,,,,-1.20502411076,,,,-2.02282821378,,1.69634515917,,,,,,5.01988842641,,-1.84238527664,3.78987816068,,,,-2.31347517422,,,-0.442699096927,-0.148377919416
LEAN06B,"KRTCAP3",ENSG00000157992,26.841396,,4.56946067463,,5.81115718144,5.367826091407829,6.1850131582,,-0.371808012905,,,,3.28869489862,,,6.3281720628,,,,,5.78836685178,,,,,,-3.00419222226,,,,-2.4134889197,,1.96368776783,,,,,,5.84748050608,,-3.16033524049,5.53799670458,,,,-3.89966844723,,,-0.344239971024,-0.894015748231
LEAN06F,"KRTCAP3",ENSG00000157992,13.342437,,2.92315210093,,3.53776978538,3.1308912727875606,3.87166971916,,-1.54598296366,,,,1.52208497978,,,3.92096975489,,,,,3.89882535985,,,,,,-3.09187723699,,,,-2.19796015099,,1.0836254613,,,,,,3.51448381991,,-2.90535183837,3.93226962655,,,,-2.80958734615,,,-0.503026897336,-1.5208201566
LEAN06M,"KRTCAP3",ENSG00000157992,21.565255,,4.323620511,,5.78397794618,5.55771786490499,5.98853586853,,1.69886795899,,,,4.02610678709,,,6.18971062751,,,,,5.17269192696,,,,,,-1.01289508176,,,,-1.25731024144,,2.1284169411,,,,,,5.89212484629,,-1.60934233514,4.62861605573,,,,-3.20332077138,,,0.116293170255,0.639708397066
LEAN06,"KRTCAP3",ENSG00000157992,24.447405,,4.84264778012,,6.16182641852,5.776807698402869,6.54700222124,,0.543637041992,,,,3.79556161179,,,6.70500349701,,,,,5.88817740975,,,,,,-2.292931486,,,,-2.11327165583,,2.22365073667,,,,,,6.24501264014,,-2.68145157758,5.66584803455,,,,-3.93584483275,,,-0.106216230663,-0.29267604143
LIPI01,"KRTCAP3",ENSG00000157992,8.172133,,-2.11446713435,,-4.34908351632,-4.371470133418754,-3.8024517176,,-0.268246805472,,,,-3.09985027333,,,-5.01302667288,,,,,-3.99486298793,,,,,,1.45196572287,,,,0.144521893307,,-1.11091817209,,,,,,-4.64220285288,,1.22371095772,-2.87810911366,,,,1.48186311084,,,-0.34293802555,0.0497676398393
LIPI05,"KRTCAP3",ENSG00000157992,9.346257,,-0.812769615462,,-4.59880438113,-4.459062853772606,-3.8615555374,,0.248824826304,,,,-2.92418611081,,,-5.15352197852,,,,,-3.66168668884,,,,,,2.3526243954,,,,0.645549349683,,-0.1795873501,,,,,,-4.679799753,,2.79045516335,-2.55434342488,,,,2.24269647862,,,0.358826012825,1.10562384137
LIPI08,"KRTCAP3",ENSG00000157992,8.556878,,-1.82118174946,,-3.77366668442,-3.4837006739353416,-2.87244790686,,0.9251207453,,,,-2.10284888305,,,-3.3349303138,,,,,-3.55011389409,,,,,,1.85857229406,,,,0.167396704896,,-0.870248184213,,,,,,-3.59477752438,,1.34252287253,-3.11777140089,,,,0.844717025878,,,-1.47490255619,0.542120556866
LIPI09,"KRTCAP3",ENSG00000157992,5.652924,,-2.46069686199,,-4.00385285351,-3.6816188007536876,-3.08555072797,,-0.208922108834,,,,-2.55765386374,,,-3.68917247676,,,,,-3.22700527082,,,,,,1.30068414222,,,,0.918205850688,,-1.03102596147,,,,,,-3.79778743602,,1.28795478907,-2.47314388725,,,,0.985478407286,,,-0.93025149814,0.116613301445
LIPI10,"KRTCAP3",ENSG00000157992,13.777882,,-1.39545659199,,-5.04366658013,-4.733456340725908,-3.90389380531,,0.16760131152,,,,-3.30564340425,,,-5.14109534658,,,,,-4.10019709072,,,,,,2.09952487379,,,,1.0026740731,,-0.167305572774,,,,,,-4.93863317684,,2.67977649968,-2.97337410754,,,,2.14192371017,,,0.00922973913713,1.06183238285
LIPI12,"KRTCAP3",ENSG00000157992,9.476631,,-1.80321481981,,-4.78350374373,-4.721952904953509,-4.38480482116,,-0.0983835462466,,,,-3.27193868731,,,-5.23493781396,,,,,-4.20267032346,,,,,,1.74389515289,,,,0.182879482935,,-0.608392279258,,,,,,-4.99403320581,,1.94318115464,-2.90762370898,,,,2.06110533032,,,0.0745962946758,0.55950239885
LIPI14,"KRTCAP3",ENSG00000157992,12.339675,,-1.20345793435,,-5.39101449163,-5.184809671691415,-4.3840469102,,-0.531711063347,,,,-3.8485977212,,,-5.8511781658,,,,,-4.45756205241,,,,,,1.5443038001,,,,0.0127163522705,,-0.757488138524,,,,,,-5.33694806273,,2.09670227032,-3.62470550828,,,,1.63137602776,,,-0.465500196589,0.523657182014
LIPO04,"KRTCAP3",ENSG00000157992,12.057913,,-1.7158246528,,-5.01866519525,-4.891148687769553,-4.35404562461,,-0.0435816787644,,,,-3.42337870235,,,-5.60738798375,,,,,-3.72594053955,,,,,,2.16099574634,,,,0.56666774652,,-0.536807413061,,,,,,-5.20552075388,,2.37670620704,-2.96206989276,,,,2.16196123995,,,-0.0601842455069,0.76098553469
LIPO07,"KRTCAP3",ENSG00000157992,15.107321,,-1.74533903965,,-5.54141848093,-5.39636667254446,-4.51377231375,,-0.5393972475,,,,-4.06733632534,,,-6.161892892,,,,,-4.24538079311,,,,,,1.35490338379,,,,0.0490161875354,,-1.0087574409,,,,,,-5.57207570756,,1.64682561958,-3.41167533925,,,,1.47102005196,,,-0.614511478444,0.171935376393
LIPO08,"KRTCAP3",ENSG00000157992,11.238222,,-2.12999780148,,-5.12416382947,-4.960440068007356,-4.57660037546,,-0.155888487875,,,,-3.48088888116,,,-5.42885400411,,,,,-4.26831635152,,,,,,1.32349497244,,,,-0.118473615804,,-1.45778134708,,,,,,-5.19476957191,,1.16629756261,-3.63744550782,,,,1.33286450735,,,-1.12177935361,-0.383856365747
LIPO09,"KRTCAP3",ENSG00000157992,10.588262,,-1.77457632597,,-4.18080774006,-3.8409735750337863,-3.2526584137,,0.828175041655,,,,-2.39393415224,,,-3.79204299365,,,,,-3.82937637086,,,,,,2.12562266066,,,,0.197747816875,,-0.807807523368,,,,,,-3.93736356963,,1.67618164759,-3.3475623446,,,,1.22580759893,,,-1.30383743147,0.739710033486
LIPO10,"KRTCAP3",ENSG00000157992,6.442132,,-2.50290954208,,-4.17804650723,-3.8453784351849993,-3.13419698937,,0.0510090305859,,,,-2.6540823056,,,-3.95140805527,,,,,-3.3959302962,,,,,,1.5907195327,,,,0.979211193305,,-0.900509228284,,,,,,-3.97708511382,,1.59135579035,-2.62566519032,,,,1.16146579306,,,-0.836505266856,0.306061464182
LIPO11,"KRTCAP3",ENSG00000157992,12.118039,,-1.34351858247,,-5.14951897626,-4.844399659084047,-3.99640502656,,0.0485675131707,,,,-3.44879533559,,,-5.34390380797,,,,,-4.17662464664,,,,,,2.0256679937,,,,0.818196361605,,-0.213134553176,,,,,,-5.05250972515,,2.61446381701,-3.18526182105,,,,2.08818648929,,,-0.107172834827,1.02166864602
LIPO13,"KRTCAP3",ENSG00000157992,11.596005,,-0.819957018495,,-4.21283435261,-3.992640343453973,-3.76012711044,,0.324663651625,,,,-2.43338891489,,,-4.56484196515,,,,,-3.42905978311,,,,,,2.78245120385,,,,1.25965793716,,0.36167623107,,,,,,-4.32504171032,,3.2951438058,-1.95924778859,,,,3.29082851877,,,1.13041084585,1.75716100808
LIPO14,"KRTCAP3",ENSG00000157992,5.702086,,-1.48393983079,,-3.57905556709,-3.177152198258097,-2.66480794085,,0.456325798695,,,,-2.55933522653,,,-3.26423669553,,,,,-2.81966739495,,,,,,1.09711533049,,,,0.0340287048176,,-0.322170824128,,,,,,-3.25537064756,,1.29080094856,-2.61284813102,,,,0.693988210109,,,-1.19732802239,0.296311861085
LIPO16,"KRTCAP3",ENSG00000157992,13.608236,,-1.46804413025,,-5.34553114319,-5.311885598599268,-4.47607958189,,-0.642576742487,,,,-3.85186253422,,,-5.97354094559,,,,,-4.48002001583,,,,,,1.35562699841,,,,0.219870591673,,-0.971032090269,,,,,,-5.46265322788,,1.6266499154,-3.65813628418,,,,1.70018466763,,,-0.203755774627,0.135369755092
MENO01F,"KRTCAP3",ENSG00000157992,13.107627,,-3.89755483712,,-8.06286421709,-7.729128000512871,-5.65289341812,,-1.85266839554,,,,-6.17392180793,,,-4.27048045441,,,,,-4.18611645072,,,,,,0.829467588653,,,,0.14645113335,,-3.57650557164,,,,,,-7.9152262797,,0.132611454479,-3.20690608712,,,,-0.194178442297,,,-1.37195059682,-3.12912331842
PHLI03,"KRTCAP3",ENSG00000157992,10.493441,,-2.751752365,,-5.05972650635,-4.9785102283095615,-4.41875979251,,-0.417798984589,,,,-3.81705383102,,,-5.69508512772,,,,,-4.50283180638,,,,,,1.05371354875,,,,-0.478911949975,,-1.75139137567,,,,,,-5.22485882664,,1.01801365066,-3.77881037683,,,,1.29933837362,,,-0.890105581955,-0.245935114175
PHLI07,"KRTCAP3",ENSG00000157992,12.937155,,-1.3675235907,,-5.80298935307,-5.62889208976597,-4.9043092737,,-0.224923893525,,,,-4.01531899894,,,-6.3234373934,,,,,-4.7081132659,,,,,,1.9930601189,,,,0.184093278599,,-1.24037505197,,,,,,-5.81161353808,,2.35417954884,-3.68900932202,,,,1.68523905285,,,-0.413672595451,0.338193950223
PHLI10,"KRTCAP3",ENSG00000157992,14.610090,,-1.18373138318,,-5.9459830821,-5.736978662166935,-5.04906007769,,-0.964073524892,,,,-4.46115951837,,,-6.22436679868,,,,,-4.79385629161,,,,,,1.31420416341,,,,-0.108507769231,,-1.40757143948,,,,,,-5.86997592792,,1.8379174784,-4.20388292907,,,,1.3036778289,,,-0.905553221249,-0.0504366736809
PHLI11,"KRTCAP3",ENSG00000157992,13.189331,,-1.66726303548,,-5.59541072543,-5.264247934748735,-4.45366313416,,0.078087961475,,,,-3.82019719994,,,-5.63105936672,,,,,-4.57212381704,,,,,,1.78866286956,,,,0.8603161736,,-0.756317520637,,,,,,-5.47874501437,,2.54809857237,-3.62545577266,,,,1.97976738692,,,-0.214940717515,0.76673619011
PHLI13,"KRTCAP3",ENSG00000157992,13.062653,,-2.13275511763,,-5.44409456212,-5.364817690358646,-4.93801949314,,-0.378293326528,,,,-3.82232675098,,,-5.87018310436,,,,,-4.71072401863,,,,,,1.46668679758,,,,0.031483455016,,-1.4040897642,,,,,,-5.62662355941,,1.60360189934,-3.6377860891,,,,1.84423406139,,,-0.442246441326,0.0610293175248
TRGL01,"KRTCAP3",ENSG00000157992,18.120984,,-2.10618550586,,-6.49051565966,-6.126530486558827,-5.08610456929,,-0.193081760003,,,,-4.63505588077,,,-6.78057177088,,,,,-5.32580967511,,,,,,1.88344133446,,,,0.283551698114,,-1.2749043059,,,,,,-6.33688872124,,2.27349574479,-4.5811121531,,,,1.71972216045,,,-0.96340834336,0.314045386505
TRGL03,"KRTCAP3",ENSG00000157992,35.705931,,-5.6824951825,,-13.8046232241,-13.163553607972002,-12.1950334894,,-0.576655762156,,,,-9.16329510599,,,-12.9222586197,,,,,-9.74022912468,,,,,,6.62562382671,,,,4.83503310531,,-0.882963432459,,,,,,-14.5989138724,,6.82455757797,-3.14776074421,,,,6.78688358133,,,2.09517615312,0.227770989074
TRGL04,"KRTCAP3",ENSG00000157992,13.232518,,-2.7233320035,,-5.68432374125,-5.525479094278953,-4.47443646086,,0.216968271825,,,,-4.04684253889,,,-6.31803667032,,,,,-4.83106704201,,,,,,1.72773155568,,,,0.394479689086,,-1.32343049887,,,,,,-5.78469719567,,2.03575600032,-3.7411642395,,,,2.01041203646,,,0.0566524367853,0.220135333616
TRGL06,"KRTCAP3",ENSG00000157992,12.017996,,-1.16233287552,,-5.43645107224,-5.290450414254408,-4.58910943881,,-0.298187390461,,,,-3.79434324472,,,-6.04984743298,,,,,-4.35688030116,,,,,,1.78689151638,,,,0.254478988835,,-1.00239636143,,,,,,-5.49186806086,,2.36988170231,-3.51720693783,,,,1.83673277526,,,-0.197522924061,0.435913640646
TRGL07,"KRTCAP3",ENSG00000157992,13.259835,,-0.986795074015,,-5.61395283435,-5.499544412093879,-4.78627078869,,-1.26735035225,,,,-4.32898582666,,,-6.205150411,,,,,-4.52213203218,,,,,,1.05849779984,,,,-0.340355924759,,-1.39563161934,,,,,,-5.64000386153,,1.70107698836,-4.16347846644,,,,1.16622084597,,,-0.768822701414,-0.0126503045311
TRGL08,"KRTCAP3",ENSG00000157992,7.844603,,-0.621742104235,,-4.44750140162,-4.21940937187397,-3.45825369956,,-0.32472043548,,,,-3.25090736064,,,-4.40844504512,,,,,-3.5034847176,,,,,,1.09601500829,,,,-0.242134704476,,-0.82785350722,,,,,,-4.34815479624,,0.944756202202,-3.61796864802,,,,0.237813461417,,,-1.58225275408,-0.00822608626445
TRGL09,"KRTCAP3",ENSG00000157992,13.984808,,-1.38268299052,,-5.75555308976,-5.464520301500638,-4.63881314978,,-0.359907841393,,,,-4.10015577959,,,-6.15756175235,,,,,-4.74924074769,,,,,,1.57978334515,,,,0.287950176163,,-0.778859910409,,,,,,-5.71468696316,,2.37084043308,-4.14922314705,,,,1.82785273779,,,-0.56375625234,0.607570678566
TRGL11,"KRTCAP3",ENSG00000157992,12.225666,,-2.23303752137,,-5.69266450293,-5.581189379313628,-5.15746710297,,-0.291779341055,,,,-4.03346720094,,,-6.164595291,,,,,-4.95311098115,,,,,,1.53752375218,,,,-0.0423918478329,,-1.26334513031,,,,,,-5.85053998493,,1.82052611825,-3.82978324731,,,,1.93802705421,,,-0.33872651655,0.151769755981
TRGL12,"KRTCAP3",ENSG00000157992,9.037332,,-1.28714965814,,-4.47321007961,-4.103310146889453,-3.30772931485,,0.349023908435,,,,-3.13611802596,,,-4.53734727437,,,,,-3.5374074769,,,,,,1.77882065469,,,,0.50195846235,,-0.194969371755,,,,,,-4.24184850686,,2.13433402152,-3.27771376476,,,,1.36553861485,,,-0.665705071721,0.849232672771
URAT01,"KRTCAP3",ENSG00000157992,17.516541,,-5.90135873953,,-8.88324631467,-8.578795875739793,-8.1644616134,,-0.800955316473,,,,-6.71915677612,,,-6.88219881359,,,,,-5.45504922635,,,,,,2.39703675742,,,,1.51220582133,,-2.17728152107,,,,,,-9.03576774805,,3.19269763563,-2.84811104086,,,,2.9467179656,,,-0.451890870862,-1.52952361299
URIN07,"KRTCAP3",ENSG00000157992,4.191195,,-1.64891187059,,-3.78297962452,-3.863318390035537,-2.55043339243,,-2.99015089753,,,,-3.78782228431,,,-5.46686814555,,,,,-2.15285833074,,,,,,1.71462380056,,,,1.17966703954,,-0.570065235283,,,,,,-4.19581408836,,2.05136786902,-1.44484433241,,,,1.88236885508,,,0.412750295658,-0.332494071334
URIN09,"KRTCAP3",ENSG00000157992,3.221393,,-1.89303423149,,-3.36401288481,-3.4220030751367685,-2.24824393429,,-2.78653583199,,,,-3.39490569646,,,-5.30003252971,,,,,-1.879310655,,,,,,1.22104560808,,,,0.544555879595,,-0.895419735471,,,,,,-3.6651310544,,1.44873036375,-1.75677234171,,,,1.21298920573,,,0.0150073363604,-0.411516446334
