code,target,ENSEMBL,association,Adipose_Subcutaneous,Adipose_Visceral_Omentum,Breast_Mammary_Tissue,Muscle_Skeletal,DGN_Whole_Blood,Whole_Blood,Artery_Aorta,Artery_Coronary,Artery_Tibial,Heart_Atrial_Appendage,Heart_Left_Ventricle,Spleen,Brain_Amygdala,Brain_Anterior_cingulate_cortex_BA24,Brain_Caudate_basal_ganglia,Brain_Nucleus_accumbens_basal_ganglia,Brain_Putamen_basal_ganglia,Brain_Cerebellar_Hemisphere,Brain_Cerebellum,Brain_Cortex,Brain_Frontal_Cortex_BA9,Brain_Hippocampus,Brain_Hypothalamus,Brain_Spinal_cord_cervical_c-1,Brain_Substantia_nigra,Nerve_Tibial,Cells_Transformed_fibroblasts,Cells_EBV-transformed_lymphocytes,Colon_Sigmoid,Colon_Transverse,Esophagus_Gastroesophageal_Junction,Esophagus_Mucosa,Esophagus_Muscularis,Liver,Minor_Salivary_Gland,Small_Intestine_Terminal_Ileum,Stomach,Adrenal_Gland,Pituitary,Pancreas,Thyroid,Lung,Ovary,Prostate,Testis,Uterus,Vagina,Skin_Not_Sun_Exposed_Suprapubic,Skin_Sun_Exposed_Lower_leg
BFPC04B,"MTA2",ENSG00000149480,11.207202,-1.33837631419,,,,-3.2415570964029206,,,,5.1544711339,,,-5.58611641284,,,,,,-4.30393036344,-0.167651469106,,,,,,,,,,-0.145357467069,-3.72079672081,,-5.26042255909,,,,,,-0.298466530788,,,-0.796802407617,,,,-3.11768175248,,,-3.34120843791,-5.73171095169
BFPC04F,"MTA2",ENSG00000149480,6.332650,-0.0200622812607,,,,-2.859427632485351,,,,4.3883401665,,,-4.55021529685,,,,,,-3.05080598301,-1.41596436526,,,,,,,,,,-0.0519596544306,-2.72507421468,,-4.03830513469,,,,,,-0.110705862367,,,-1.13596212659,,,,-1.58678087005,,,-2.14129064748,-4.38969122885
BFPC04M,"MTA2",ENSG00000149480,6.988810,-1.84523668542,,,,-2.060853765211468,,,,3.40754344178,,,-3.87228278164,,,,,,-3.37230215213,0.976579814902,,,,,,,,,,-0.1571907907,-2.8398257167,,-3.85747049637,,,,,,-0.324029636634,,,-0.1367693066,,,,-2.97591033363,,,-2.81299564214,-4.21161152308
BFPC04,"MTA2",ENSG00000149480,10.304536,-1.03676825472,,,,-3.3522188203120376,,,,5.25487744959,,,-5.65246352915,,,,,,-4.29211237398,-0.509950055419,,,,,,,,,,-0.102633330717,-3.70850136335,,-5.29412423226,,,,,,-0.284988362501,,,-0.916104832168,,,,-2.99635091319,,,-3.25791949682,-5.74435772463
BLOO18,"MTA2",ENSG00000149480,6.242308,0.0885143266019,,,,2.0248540568221296,,,,-4.29827214787,,,4.62834523144,,,,,,3.44367878192,1.9944413102,,,,,,,,,,-0.766894484182,2.33457365691,,4.0531240543,,,,,,0.0122847557012,,,1.54891594384,,,,2.72647852245,,,1.23330263812,4.29278366071
BLOO24,"MTA2",ENSG00000149480,6.884989,-0.977696926707,,,,1.6126251710670096,,,,-3.41299009682,,,4.07614895187,,,,,,3.54871429069,0.855842614636,,,,,,,,,,1.57873551059,1.38543700178,,3.62235400176,,,,,,0.696573175493,,,1.46617725299,,,,0.0947435049416,,,3.14736604194,3.52576068692
BLOO31,"MTA2",ENSG00000149480,6.402535,-0.246932930162,,,,-2.061534655197896,,,,4.42478455441,,,-4.78640673782,,,,,,-3.65454601549,-1.44171039197,,,,,,,,,,0.716651234191,-2.22610012368,,-4.32987723798,,,,,,-0.311696731274,,,-1.46938497213,,,,-2.52847050595,,,-1.67319505511,-4.4673735087
BLOO32,"MTA2",ENSG00000149480,7.129350,0.69476794566,,,,-1.607032822396378,,,,3.8992010998,,,-4.38183146564,,,,,,-3.78731149171,-0.964638868351,,,,,,,,,,-1.37033951144,-1.54301610437,,-4.08077094068,,,,,,-0.53729927889,,,-0.495644379542,,,,-0.475197572755,,,-3.34480472727,-3.78614370847
FATM04B,"MTA2",ENSG00000149480,6.106760,-1.34769749934,,,,-1.4290863889842393,,,,3.90562295124,,,-4.15743620174,,,,,,-3.15648291022,0.715726254077,,,,,,,,,,0.528236127199,-2.46998099304,,-4.01848169216,,,,,,0.0504885678333,,,-0.490707682162,,,,-2.43250505613,,,-2.61877732998,-4.27947319059
FATM04,"MTA2",ENSG00000149480,5.817101,-0.986100066002,,,,-1.6153523093561473,,,,4.00546195154,,,-4.28235791257,,,,,,-3.11780670644,0.396976479866,,,,,,,,,,0.500962776839,-2.52024417953,,-4.03917912146,,,,,,0.0484965493766,,,-0.49101086408,,,,-2.2992436312,,,-2.54316079098,-4.30971882738
FATT04,"MTA2",ENSG00000149480,0.720881,-inf,,,,11.206045860475644,,,,0.284509506524,,,2.15610049709,,,,,,-2.90047179981,inf,,,,,,,,,,-1.53683411355,5.92722626909,,1.18255002168,,,,,,-3.02414010034,,,inf,,,,8.42411751279,,,-6.40874552671,8.4860650759
FATT06,"MTA2",ENSG00000149480,1.020402,1.93795556213,,,,5.147118433002573,,,,-1.54561295145,,,1.40988052238,,,,,,-0.365473269835,6.54345765719,,,,,,,,,,-1.44437260606,0.519848639091,,0.55089008768,,,,,,-6.0916670602,,,8.5500958177,,,,4.23250319804,,,-4.49200000668,3.81292003381
FATT07,"MTA2",ENSG00000149480,0.613697,1.68008809299,,,,4.102071642719089,,,,-1.4362607866,,,1.07782302802,,,,,,-0.210593230682,6.14737585445,,,,,,,,,,-1.67714250625,0.479144853361,,0.389585127521,,,,,,-5.33643304113,,,7.4668014995,,,,4.28427538852,,,-3.80152023205,3.41040854
FATT13,"MTA2",ENSG00000149480,1.170973,1.13072831515,,,,2.0695866405397734,,,,-1.03322349823,,,0.74608624766,,,,,,-0.0599585530327,4.40653006278,,,,,,,,,,-1.79090528557,0.720571424221,,0.27294907566,,,,,,-4.481803699,,,5.81044390019,,,,3.96490027589,,,-2.77676829973,2.33182662332
FATT20,"MTA2",ENSG00000149480,0.962175,-1.24432739802,,,,-3.080587101206864,,,,2.05653247501,,,-1.55196032649,,,,,,-0.717361040447,-3.8625538184,,,,,,,,,,1.20025554411,-1.35544752415,,-1.03920210135,,,,,,3.59844952376,,,-6.37982437854,,,,-4.19353539191,,,0.990219860873,-3.29120344442
FATT21,"MTA2",ENSG00000149480,1.215868,-1.41032945006,,,,-3.041063914519623,,,,1.16529120149,,,-0.77189233059,,,,,,0.158666037297,-5.02807029569,,,,,,,,,,1.63024572713,-0.542678592589,,-0.136872127248,,,,,,5.21006113867,,,-6.70084470572,,,,-4.21091173515,,,2.88681584384,-2.81574075714
FATT29,"MTA2",ENSG00000149480,2.213596,2.46607226504,,,,7.26485975420404,,,,-1.66794952731,,,0.96267547489,,,,,,0.341145754256,5.81399747526,,,,,,,,,,0.409704516524,0.063079657308,,0.351843555,,,,,,-5.90485080134,,,7.8339099704,,,,5.37463568417,,,-4.42659530368,3.60215823918
LUNG02,"MTA2",ENSG00000149480,5.867933,-0.349835122064,,,,-0.12053124726567183,,,,3.81346992797,,,-3.71508422837,,,,,,-3.9630159127,-0.108985083225,,,,,,,,,,-0.683430917344,-1.10882542755,,-4.35436819689,,,,,,-0.421543829893,,,-0.487289981785,,,,-2.03390863636,,,-3.19946229512,-3.83937140309
LUNG05,"MTA2",ENSG00000149480,5.603801,-0.193006933037,,,,-0.7031464028577461,,,,3.55739293633,,,-3.81709826062,,,,,,-3.32755090737,-0.31994863136,,,,,,,,,,0.570300146507,-2.99762569601,,-3.87340225135,,,,,,0.573787709794,,,0.922341253555,,,,-1.92371043139,,,-1.4179221199,-3.68360412031
WHIP05F,"MTA2",ENSG00000149480,5.991230,1.43051978934,,,,2.9795672853403192,,,,-3.88000106498,,,3.69813554124,,,,,,3.41554277243,0.591814343426,,,,,,,,,,-0.234688214418,3.08557837145,,4.16337213501,,,,,,-1.15558046812,,,1.65689331001,,,,0.779943116165,,,2.64754621379,3.86649277611
WHIP05,"MTA2",ENSG00000149480,6.275470,1.97021370032,,,,2.377456073634324,,,,-4.17531218221,,,3.11714571753,,,,,,2.61079724724,1.18783614563,,,,,,,,,,-0.744059642692,1.54159611599,,4.26074524468,,,,,,-1.15522397019,,,1.65752110411,,,,0.258763411582,,,2.59783132845,3.6693114404
WHIP06F,"MTA2",ENSG00000149480,5.928818,1.38159376627,,,,3.0497330118057486,,,,-3.78280207113,,,3.60519967813,,,,,,3.2151859471,0.630835136724,,,,,,,,,,-0.231504253396,2.95014524992,,4.09480667639,,,,,,-1.44261560363,,,1.79526414655,,,,0.738524579453,,,2.59785041355,3.78736696216
WHIP06,"MTA2",ENSG00000149480,6.236175,1.89710594099,,,,2.4302516830002787,,,,-4.02801506588,,,3.01921016246,,,,,,2.57432780071,1.22816595061,,,,,,,,,,-0.72156028266,1.44025096007,,4.17443744108,,,,,,-1.37857319404,,,1.72349796411,,,,0.232161243355,,,2.60397865632,3.4810399476
