code,target,ENSEMBL,association,Adipose_Subcutaneous,Adipose_Visceral_Omentum,Breast_Mammary_Tissue,Muscle_Skeletal,DGN_Whole_Blood,Whole_Blood,Artery_Aorta,Artery_Coronary,Artery_Tibial,Heart_Atrial_Appendage,Heart_Left_Ventricle,Spleen,Brain_Amygdala,Brain_Anterior_cingulate_cortex_BA24,Brain_Caudate_basal_ganglia,Brain_Nucleus_accumbens_basal_ganglia,Brain_Putamen_basal_ganglia,Brain_Cerebellar_Hemisphere,Brain_Cerebellum,Brain_Cortex,Brain_Frontal_Cortex_BA9,Brain_Hippocampus,Brain_Hypothalamus,Brain_Spinal_cord_cervical_c-1,Brain_Substantia_nigra,Nerve_Tibial,Cells_Transformed_fibroblasts,Cells_EBV-transformed_lymphocytes,Colon_Sigmoid,Colon_Transverse,Esophagus_Gastroesophageal_Junction,Esophagus_Mucosa,Esophagus_Muscularis,Liver,Minor_Salivary_Gland,Small_Intestine_Terminal_Ileum,Stomach,Adrenal_Gland,Pituitary,Pancreas,Thyroid,Lung,Ovary,Prostate,Testis,Uterus,Vagina,Skin_Not_Sun_Exposed_Suprapubic,Skin_Sun_Exposed_Lower_leg
BLOO05,"KCTD10",ENSG00000110906,7.177989,-0.636526695116,-0.223957952557,,1.07851969812,0.7846816963207487,,-1.32254426077,,2.10063261459,,,,,2.03419583008,,,0.416023392218,2.81235072299,3.38020671707,,,,,,,-1.00093018969,-3.68522477055,-1.38490249343,-4.08330339678,-3.25524612729,-0.0353497620073,-4.88080762412,-4.64765735316,,0.391756285911,,,,0.756097017371,,,,,,-3.81057308729,,,2.24450592682,-0.183543211254
BLOO28,"KCTD10",ENSG00000110906,5.977654,-1.25568339778,-1.09166684925,,1.29186400482,1.6472190557498956,,-0.988132357665,,1.40866876834,,,,,2.09232647056,,,-0.287455821035,2.1383082826,2.7883487755,,,,,,,-1.28365420979,-3.61170203042,-2.01688943624,-4.15119391026,-3.88323488165,-1.05644062088,-4.21690592747,-4.35456528977,,-0.493692574107,,,,0.60610022322,,,,,,-3.62232989493,,,1.79521930169,-0.863113740253
BLOO35,"KCTD10",ENSG00000110906,9.960626,-0.462388053071,-1.44431058208,,-0.285038795695,0.5825443209839931,,-1.72438721525,,2.83055560492,,,,,-2.63536032871,,,4.2007941091,4.61976984126,4.87247977407,,,,,,,-2.17506354132,-2.15650942826,0.63520996645,-3.68795445882,-2.99230694689,-0.697275782084,-3.72978347521,-2.26975101717,,-2.17369294923,,,,0.42859839356,,,,,,-1.44900368864,,,1.63451089625,1.34139373016
CHOL22,"KCTD10",ENSG00000110906,14.736624,-4.79908561672,-4.64171866215,,-2.80491543275,-0.4757832240321827,,-2.75053500694,,1.8157273549,,,,,-1.69733384345,,,4.16929435642,3.34194662502,3.27658693191,,,,,,,-4.33035729348,-6.91136076405,-4.12859578991,-7.66531548858,-6.92281167125,-3.95919064382,-6.70591058136,-6.77754741308,,0.251963318655,,,,-1.93483000627,,,,,,-6.37809686255,,,-1.64394449711,-3.08467454218
FATM04B,"KCTD10",ENSG00000110906,2.328429,-3.92210155908,-3.26513336713,,0.287881344321,1.0810414832786932,,-3.73885282343,,-1.31012071571,,,,,0.12406746373,,,0.127088021429,-1.23290756828,-0.568633994688,,,,,,,-2.66910499067,-4.59074549405,-2.94716551929,-3.62826068269,-4.78381248304,-3.22748744958,-4.20986436045,-4.69802999829,,2.11450244306,,,,-2.10168942393,,,,,,-4.45681069379,,,-2.46768296201,-3.29688136506
FATM04,"KCTD10",ENSG00000110906,2.311785,-4.03843800397,-3.31389895201,,0.207210058255,1.0365831481312868,,-3.73115067874,,-1.50421654863,,,,,-0.407165547716,,,-0.0650783682523,-1.35714466263,-0.614533441024,,,,,,,-2.78208570611,-4.57666579714,-3.11672076588,-3.73888300326,-4.87030595105,-3.42697933148,-4.23983868655,-4.62139218295,,2.12861923233,,,,-2.27284556678,,,,,,-4.4814067042,,,-2.5764537116,-3.36840055194
NEUR02B,"KCTD10",ENSG00000110906,10.337497,-1.12690068575,-1.96447730276,,-2.35392547131,-0.5591623201025218,,-0.397126072043,,1.82481133257,,,,,1.53261571897,,,0.250805137674,4.01925532218,4.78951261504,,,,,,,-2.64086147922,-3.20701398336,-1.3692743094,-4.87059063873,-4.48741907141,-2.63562017279,-3.15133773211,-3.20583376551,,0.166238899752,,,,-0.983012580623,,,,,,-2.3818927338,,,0.670884962398,0.120829205915
NEUR02F,"KCTD10",ENSG00000110906,7.542224,-1.05614250913,-1.89834828057,,-2.03846277742,0.4652752048228296,,-0.436710450044,,1.55861488395,,,,,1.42746466275,,,1.32591899761,3.02564485315,4.29536186568,,,,,,,-2.0399224428,-1.82016250547,-0.168663750869,-3.56693300501,-2.90810799596,-1.97043009121,-1.95980518054,-2.18765272044,,0.993465090601,,,,-0.201068050867,,,,,,-1.27141460298,,,0.0693330114285,0.567434118306
NEUR03B,"KCTD10",ENSG00000110906,6.092712,-1.61893354178,-0.813848409786,,-1.79331554349,-1.0845372759892955,,0.215583246022,,0.991388530828,,,,,-0.415613725406,,,1.31648163101,3.69067012679,3.78135798013,,,,,,,-2.65728135727,-2.49399517918,-0.860267801919,-3.77038454845,-3.57159907222,-2.20418933848,-2.28556829458,-2.07611150948,,-0.946326776142,,,,-0.629804169856,,,,,,-1.5318503664,,,0.736067979551,0.498035219277
