code,target,ENSEMBL,association,Adipose_Subcutaneous,Adipose_Visceral_Omentum,Breast_Mammary_Tissue,Muscle_Skeletal,DGN_Whole_Blood,Whole_Blood,Artery_Aorta,Artery_Coronary,Artery_Tibial,Heart_Atrial_Appendage,Heart_Left_Ventricle,Spleen,Brain_Amygdala,Brain_Anterior_cingulate_cortex_BA24,Brain_Caudate_basal_ganglia,Brain_Nucleus_accumbens_basal_ganglia,Brain_Putamen_basal_ganglia,Brain_Cerebellar_Hemisphere,Brain_Cerebellum,Brain_Cortex,Brain_Frontal_Cortex_BA9,Brain_Hippocampus,Brain_Hypothalamus,Brain_Spinal_cord_cervical_c-1,Brain_Substantia_nigra,Nerve_Tibial,Cells_Transformed_fibroblasts,Cells_EBV-transformed_lymphocytes,Colon_Sigmoid,Colon_Transverse,Esophagus_Gastroesophageal_Junction,Esophagus_Mucosa,Esophagus_Muscularis,Liver,Minor_Salivary_Gland,Small_Intestine_Terminal_Ileum,Stomach,Adrenal_Gland,Pituitary,Pancreas,Thyroid,Lung,Ovary,Prostate,Testis,Uterus,Vagina,Skin_Not_Sun_Exposed_Suprapubic,Skin_Sun_Exposed_Lower_leg
ADHD05,"GMPPB",ENSG00000173540,3.840222,4.31377743008,4.23655793361,3.90971253497,4.77089597482,,,1.33799674593,,4.3590764893,4.68359847953,3.83306263664,,,,,,4.33793343505,,,,2.59887797623,,,,,3.72555204071,,,,,4.14284463809,,3.87549116319,4.27938109088,,,4.40349267364,,,3.64116069813,4.65118370001,,,4.1760346093,,,,4.34248202467,4.63970212178
ANOR02,"GMPPB",ENSG00000173540,10.104268,-0.595641927341,-0.0728757879064,-1.75430589645,0.418863852699,,,-3.06817960537,,-0.0343265598959,1.29953196164,-1.15860647708,,,,,,-0.73721999807,,,,-1.75982977756,,,,,-0.982799287981,,,,,0.296979594693,,-0.831541921463,-0.273847213735,,,-2.79307547098,,,1.30795076931,-0.166288575861,,,-1.34313378985,,,,-0.351237374648,-1.22564788489
ANOR05,"GMPPB",ENSG00000173540,9.075514,-0.772983958361,-0.124075339841,-2.01878230295,0.0976200188221,,,-3.24633773273,,-0.216115431336,1.02256812817,-1.04490773237,,,,,,-0.888278195281,,,,-2.50487647486,,,,,-1.08582863381,,,,,-0.0180206818003,,-1.08233577529,-0.467940411193,,,-2.9307337395,,,0.787105689696,-0.268348440726,,,-1.49846158202,,,,-0.615135565193,-1.64000135854
BFPC02B,"GMPPB",ENSG00000173540,10.301986,0.226665996375,1.25640238171,3.01222161411,-1.24337733178,,,4.30282092111,,0.353305528228,-1.46725038803,0.440541161188,,,,,,0.586182076172,,,,0.948128117148,,,,,0.766780638513,,,,,-0.405907480223,,1.27742613305,-0.124993402452,,,3.50525856412,,,-1.42420066044,0.793183816265,,,1.2409004461,,,,-0.148286146374,0.0733830297042
BFPC02F,"GMPPB",ENSG00000173540,6.160792,-0.181648915487,0.69120278948,2.17969846568,-0.810958963093,,,3.48762319582,,-0.243803422201,-1.24412032571,0.0799631957055,,,,,,0.0834328797047,,,,1.19779754598,,,,,0.316933876022,,,,,-0.64051268271,,0.540956549986,-0.344413116695,,,2.47668565765,,,-0.955413130665,0.367453579089,,,0.354577261527,,,,-0.293528671368,-0.639580003503
BFPC02,"GMPPB",ENSG00000173540,10.645872,0.115755751432,1.17093176056,2.96153238929,-1.28518945648,,,4.41098643784,,0.218512316518,-1.52275147358,0.383996279166,,,,,,0.488536187348,,,,0.977079929909,,,,,0.640596152484,,,,,-0.534427804889,,1.13213210138,-0.199612697057,,,3.48485660445,,,-1.45413002092,0.722667141269,,,1.08292695468,,,,-0.213233879837,-0.144653738148
BFPC03B,"GMPPB",ENSG00000173540,12.479661,0.397265033996,1.34227757111,3.10166878383,-1.07060903828,,,4.44858484105,,0.491788863463,-1.32785131462,0.626931202081,,,,,,0.77260805274,,,,1.08007253129,,,,,0.908666266204,,,,,-0.23632444628,,1.40260411163,0.0571036520551,,,3.67522202698,,,-1.32124309169,0.969950414431,,,1.40722134886,,,,0.0323265478491,0.186725328096
BFPC03F,"GMPPB",ENSG00000173540,7.523067,0.0736919967623,0.844924615166,2.3166017675,-0.546087111892,,,3.70917277135,,-0.0152906225947,-1.03512494444,0.385949989356,,,,,,0.360656418388,,,,1.34650762558,,,,,0.515014425887,,,,,-0.392239180169,,0.726904689668,-0.069003682681,,,2.73057282246,,,-0.829463038528,0.653356064225,,,0.596036180875,,,,-0.0196803148055,-0.485858971044
BFPC03,"GMPPB",ENSG00000173540,11.126656,0.317036788221,1.2798063385,3.07351659621,-1.07395031097,,,4.58708640819,,0.385847790786,-1.35720631026,0.61001290777,,,,,,0.707567014283,,,,1.12662132477,,,,,0.80736191647,,,,,-0.334331380874,,1.28141493713,0.0161451102526,,,3.68564053667,,,-1.33324512556,0.934411893204,,,1.27666329073,,,,0.00203749217919,-0.0158722744074
BFPC04B,"GMPPB",ENSG00000173540,22.165147,2.05667860005,2.9334331021,5.20451420404,0.127526268649,,,6.93631230137,,2.03961520686,-0.212900868086,2.42692366498,,,,,,2.58250508791,,,,1.92693407844,,,,,2.64919734281,,,,,0.480402794589,,3.10144056123,1.61279445767,,,6.69761454602,,,-0.525466901617,2.8521154065,,,3.63397238799,,,,1.57804696355,1.62111665425
BFPC04F,"GMPPB",ENSG00000173540,14.335396,1.34682767568,1.88527969548,3.84796652148,-0.029761338982,,,5.60724943711,,1.36468360439,-0.279138373195,1.56079482568,,,,,,1.70901309248,,,,1.48946705728,,,,,1.62641138133,,,,,0.0404569598002,,1.98562291,1.04120159477,,,5.04219657824,,,-0.180263854365,2.10740149444,,,2.44179516894,,,,0.86210970867,0.689697885553
BFPC04M,"GMPPB",ENSG00000173540,13.244224,1.70613350677,2.46457160594,3.94111407033,0.201939446609,,,4.84775606849,,1.66546404056,-0.0574116234796,2.03786779811,,,,,,2.12807941849,,,,1.40260995709,,,,,2.29084740448,,,,,0.631479205635,,2.61169190852,1.3505629891,,,4.99557189703,,,-0.578424673059,2.15696672316,,,2.96169709317,,,,1.45461912674,1.65974172695
BFPC04,"GMPPB",ENSG00000173540,18.735229,1.94350188655,2.80584183051,5.13718832002,-0.00246868492765,,,7.06552406201,,1.92910132387,-0.33081211985,2.31942551739,,,,,,2.44802143193,,,,1.89521095255,,,,,2.49655604933,,,,,0.314899436686,,2.96458682898,1.49508604984,,,6.64453985621,,,-0.570926122272,2.76963270652,,,3.51411187647,,,,1.41511715333,1.41987417872
BLOO04,"GMPPB",ENSG00000173540,22.521953,-3.95628958654,-11.3489555106,-4.31543557221,-2.73878499631,,,-6.27485153816,,-4.64677930537,-5.06619127087,-8.41947536448,,,,,,-2.88194413833,,,,0.0105629108008,,,,,0.0217303683665,,,,,-0.857933663717,,-4.49745421458,-3.30523865298,,,-2.20474904652,,,2.85662511319,-6.79114412804,,,-1.78872175123,,,,-2.84035655336,0.14439070819
BLOO16,"GMPPB",ENSG00000173540,3.795934,-1.79069373077,0.809098164065,-0.464229032364,-3.71858596831,,,2.80741612883,,-1.12881054108,-2.82355498431,0.114768153948,,,,,,-1.77288427047,,,,-2.44610011551,,,,,-1.96344326375,,,,,-2.73724394559,,-0.613754287635,-2.36422480204,,,-0.196004365809,,,-4.87597396057,-0.878874728863,,,-0.973996747908,,,,-2.62638009479,-1.79552355908
BLOO21,"GMPPB",ENSG00000173540,28.271817,-4.38316371463,-12.1400464121,-5.313039336,-2.0816138612,,,-6.97858856938,,-5.53655353433,-5.51560045583,-8.57039861802,,,,,,-3.87345432316,,,,-0.774099451428,,,,,-0.301091775633,,,,,-1.0353046827,,-5.11947695134,-3.6862532013,,,-2.19970497267,,,2.69157165764,-5.71747848337,,,-1.8612857063,,,,-3.24477244492,0.0699392350994
BLOO22,"GMPPB",ENSG00000173540,19.080096,-4.78522842629,-12.5097300709,-5.58824658595,-2.52272663379,,,-6.96357081086,,-5.78547561184,-5.89181904965,-8.87099958283,,,,,,-4.27379208809,,,,-0.963882297352,,,,,-0.396398024306,,,,,-1.51527962464,,-5.49873953639,-4.1071822553,,,-2.50281193759,,,2.32726248259,-5.8753277565,,,-2.24165380245,,,,-3.64693362152,-0.44551663061
BLOO23,"GMPPB",ENSG00000173540,17.304037,-4.40587495583,-10.1886475622,-4.70264485629,-1.94522394838,,,-5.73790447286,,-5.54552886241,-5.13402848445,-6.79628749058,,,,,,-3.93967425971,,,,-1.56358824742,,,,,-0.868897300485,,,,,-1.86524927937,,-5.16955691373,-3.84907031241,,,-2.1422802972,,,1.01329636878,-5.18339601829,,,-2.22739006666,,,,-3.52687668614,-0.996922452111
BLOO26,"GMPPB",ENSG00000173540,8.676294,6.41355369106,5.35679409847,6.14984742253,6.0016460351,,,3.38565418518,,5.88398145543,5.48659270011,3.99249648964,,,,,,6.25549020483,,,,6.15052711065,,,,,5.1892517485,,,,,6.71731543743,,7.07425978105,6.24012856314,,,5.29183633413,,,6.64851431117,4.4000029161,,,5.95881199666,,,,6.53014206136,6.19100010165
BLOO27,"GMPPB",ENSG00000173540,7.332398,5.85282964416,4.77371007528,6.02369693254,5.54671490713,,,3.4540820389,,5.3711992887,4.90368982696,3.30343966664,,,,,,5.8489286796,,,,5.76839363065,,,,,4.84584560056,,,,,6.12107204269,,6.56273886598,5.71640985834,,,5.49547465295,,,6.3386161612,3.69632801711,,,5.59322399255,,,,6.01844949361,5.55085563112
BLOO36,"GMPPB",ENSG00000173540,30.216025,-3.40338833855,-11.2210690672,-4.68427208269,-1.58207300786,,,-6.33831633499,,-4.32355712381,-4.57980717843,-8.03391448374,,,,,,-2.8999508303,,,,0.271535040268,,,,,0.443891545163,,,,,-0.13465937753,,-3.956569886,-2.72804471092,,,-1.73203985425,,,3.44104689131,-4.88790382659,,,-1.20886251838,,,,-2.27037593281,0.90982862419
BODY06B,"GMPPB",ENSG00000173540,13.875757,2.91631261988,4.00536966255,5.50312728363,1.72567080819,,,5.09714745457,,2.6880090593,1.16947501089,2.35322492207,,,,,,3.07715481714,,,,2.69966319782,,,,,3.17602883964,,,,,2.2747398005,,3.66694735925,2.32047061831,,,6.14431177256,,,1.7142322071,2.94419952171,,,4.45110175826,,,,2.37074745245,2.10029669795
BODY06M,"GMPPB",ENSG00000173540,9.345323,2.50606299903,3.58792223277,4.36120788924,1.44674527981,,,3.83146812191,,2.43302515715,0.882838638866,1.95150019899,,,,,,2.54431573717,,,,2.1705834046,,,,,2.68156217927,,,,,1.82135736549,,3.03360112463,1.89912716453,,,4.86491960091,,,1.37070668417,2.41028605264,,,3.93707808167,,,,1.89474117955,1.78729044385
BODY06,"GMPPB",ENSG00000173540,12.674525,2.82040816253,3.76886858742,5.36626394743,1.6820432981,,,5.0330311228,,2.55792114092,1.20441135505,2.27277980661,,,,,,3.01664766205,,,,2.63164174012,,,,,3.06738305769,,,,,2.25273531755,,3.54287225739,2.29612787804,,,6.0276865025,,,1.7042883891,2.84963662227,,,4.25217003345,,,,2.34490859396,2.03402017182
BODY07B,"GMPPB",ENSG00000173540,14.064442,3.09558443789,4.06097141116,5.56214264388,1.93415784388,,,5.19519295679,,2.79809302683,1.32994540314,2.50204263467,,,,,,3.27386310835,,,,2.84891954985,,,,,3.35802345525,,,,,2.49559431326,,3.80921416366,2.50807511803,,,6.3071774616,,,1.85620308399,3.10330493665,,,4.63171474004,,,,2.55316967638,2.25832163696
BODY07F,"GMPPB",ENSG00000173540,6.034497,1.78094075558,1.99942579057,3.43589541131,1.2581441043,,,3.52602001955,,1.41225936181,0.997245685188,1.56059151358,,,,,,2.02147262355,,,,1.78910376578,,,,,1.97335119286,,,,,1.66910401627,,2.26411907485,1.61110234877,,,3.9959811747,,,1.20813713268,1.94261771211,,,2.43523117484,,,,1.68992539393,1.33298603411
BODY07M,"GMPPB",ENSG00000173540,8.981300,2.53476682547,3.58159905992,4.37239921092,1.47333182675,,,3.84676719588,,2.4436330695,0.911698106819,1.95662421912,,,,,,2.57633312958,,,,2.21120428921,,,,,2.71847500724,,,,,1.86508698089,,3.06538361502,1.92558894611,,,4.88313822683,,,1.41357700976,2.41796691525,,,3.96738878643,,,,1.92229767947,1.82123212744
BODY07,"GMPPB",ENSG00000173540,15.728182,3.02621071786,3.83965442484,5.43951431235,1.92825719482,,,5.15038880693,,2.68823961355,1.38646879336,2.44883810141,,,,,,3.24207639993,,,,2.80482498051,,,,,3.27712363848,,,,,2.50182477936,,3.7035995949,2.51185524891,,,6.21911178535,,,1.86476992767,3.03579170755,,,4.45945469098,,,,2.55577632838,2.21155191585
BODY08B,"GMPPB",ENSG00000173540,34.440189,5.95361241747,7.28416096515,8.64522669668,4.59606151127,,,7.62607065986,,5.50742646275,3.65815997349,5.48163354957,,,,,,6.28142582242,,,,4.02881179899,,,,,5.95294263022,,,,,4.6489647328,,6.67876402105,5.24285687682,,,10.4372691312,,,3.92110164149,6.28043805085,,,8.1211010683,,,,5.32040418403,4.75038391454
BODY08F,"GMPPB",ENSG00000173540,21.184270,4.07494479358,4.37773965496,6.27798540117,2.77219213474,,,6.15284146558,,3.66198817714,2.41213718476,3.50251734689,,,,,,4.37163272044,,,,2.77061477282,,,,,3.82784260641,,,,,3.23418090976,,4.72408099683,3.62625729141,,,7.58243822384,,,2.99917201255,4.3064555334,,,5.46817930415,,,,3.48808541669,3.50783428412
BODY08M,"GMPPB",ENSG00000173540,20.785050,4.6999170297,6.26738201988,6.51466169798,3.94739310511,,,5.22668575037,,4.43755318079,2.96606566225,4.54104764374,,,,,,4.89763151656,,,,3.16796983,,,,,4.90933591051,,,,,3.62467382499,,5.14179593978,4.10660754106,,,7.86390654728,,,2.82198131156,4.94897355118,,,6.48745979478,,,,4.32998480652,3.53211605106
BODY08,"GMPPB",ENSG00000173540,33.056807,5.8436356234,6.94259428284,8.55454075039,4.37698133628,,,7.73402990034,,5.35280382572,3.52753040641,5.30799685276,,,,,,6.16297862428,,,,4.02021476164,,,,,5.79208146258,,,,,4.55776003889,,6.59159037054,5.14961256902,,,10.337247086,,,3.88298059061,6.13274596318,,,7.95799438978,,,,5.16361292513,4.75272548125
COAD03,"GMPPB",ENSG00000173540,6.444386,1.80308450507,0.850297162768,3.3331529297,2.03999174289,,,3.06498834111,,0.904698810333,0.897237841888,1.34971955803,,,,,,2.11173367176,,,,3.61004254703,,,,,3.17553301923,,,,,1.61869731989,,1.88731847106,1.65916368355,,,3.51972655374,,,1.98633309893,0.581537867239,,,2.3614979157,,,,1.83456457555,1.50244422263
CROH01,"GMPPB",ENSG00000173540,11.569473,-0.630145507501,-0.483195592006,-3.41078960949,0.569815407606,,,-4.13542550319,,-1.12117622632,1.31187526865,-0.292383093653,,,,,,-0.901366974768,,,,-3.86314566889,,,,,-0.437049841763,,,,,0.516825922454,,-1.75195793755,-0.185098568264,,,-3.15469658426,,,-0.866639475982,-0.590285215174,,,-1.35641851195,,,,-0.366119201299,-1.12080615407
EDUC01F,"GMPPB",ENSG00000173540,13.707833,-3.6939942197,-4.39938585661,-7.22017234999,-4.08723655595,,,-6.19645220103,,-3.14353145408,-1.58035220631,-2.74116603345,,,,,,-3.55814220192,,,,-6.93225946325,,,,,-2.34069100654,,,,,-2.78913444366,,-4.79916694744,-2.97325297312,,,-5.82673686505,,,-3.21445339382,-3.01046846159,,,-4.01740833171,,,,-3.06920446296,-3.08281040338
EDUC01M,"GMPPB",ENSG00000173540,9.948500,-5.78259770518,-5.65368523483,-7.22650008881,-4.31707773431,,,-5.48875827624,,-5.15209997767,-3.85676165308,-4.63912157944,,,,,,-5.21335668773,,,,-6.5202825726,,,,,-4.017414443,,,,,-4.68904866195,,-6.79438314194,-5.20991030667,,,-6.31108346117,,,-4.87907419692,-4.66196947294,,,-5.90293549948,,,,-5.21917347372,-5.67197866869
EDUC01,"GMPPB",ENSG00000173540,19.849213,-6.52571239306,-6.84573611519,-9.92439605277,-5.89948355329,,,-8.01717527078,,-5.71826603772,-3.74777814844,-5.03603720292,,,,,,-6.03373756048,,,,-9.4049435994,,,,,-4.42586806469,,,,,-5.13353190165,,-7.93523216216,-5.62436583521,,,-8.34553014447,,,-5.35099987432,-5.30356782567,,,-6.83013742413,,,,-5.6967439855,-5.74617866873
EDUC02,"GMPPB",ENSG00000173540,11.451979,-4.39527331023,-4.23309189001,-6.77126099178,-4.01070270821,,,-5.83871642569,,-3.99998668243,-2.26257626456,-2.52499962314,,,,,,-3.92650742464,,,,-6.8332341302,,,,,-2.93208068437,,,,,-2.90706684505,,-5.20599615695,-3.50360286752,,,-5.34948991066,,,-3.52275286912,-3.1718850374,,,-4.66244320882,,,,-3.4174963862,-3.15500872698
EDUC03,"GMPPB",ENSG00000173540,65.563535,-9.87820525832,-9.592028668,-14.0926434571,-9.47260600898,,,-11.3046928088,,-9.53322723095,-6.34550627581,-7.93232552775,,,,,,-10.1255934344,,,,-12.0781623457,,,,,-6.6709309896,,,,,-8.19842397929,,-11.101534787,-9.13393352284,,,-12.7196492987,,,-8.50706114692,-8.50747510033,,,-10.0118635453,,,,-9.15079915088,-9.00816147428
EDUC04,"GMPPB",ENSG00000173540,4.176858,-3.37233563524,-3.11732986461,-3.88763917134,-2.97800491888,,,-3.03866552542,,-3.70546904851,-1.63596621253,-0.188428203427,,,,,,-3.25475080099,,,,-4.73166672182,,,,,-1.44641581583,,,,,-2.69030829934,,-3.80723475329,-3.32025781734,,,-3.44425226056,,,-3.87762634984,-3.77876577338,,,-3.47729294687,,,,-3.7058339849,-3.50892300835
FATM02B,"GMPPB",ENSG00000173540,10.980178,1.14285704142,2.31650924957,3.66683092533,-0.393378673587,,,4.81255346596,,1.14256262756,-0.546655214709,1.45018452597,,,,,,1.53481932555,,,,0.762189276616,,,,,1.67046373967,,,,,0.488182168966,,1.89214547554,0.675239780197,,,4.59937625133,,,-0.706652118068,1.50521461475,,,2.38321078142,,,,0.593922645227,0.636907873735
FATM02F,"GMPPB",ENSG00000173540,5.665808,0.731983508826,1.531838376,2.632343227,0.0883289826919,,,3.65413428935,,0.646438038412,-0.0923578758402,0.976923323006,,,,,,1.11869049121,,,,0.86794023049,,,,,1.14594554168,,,,,0.41225449226,,1.23189288281,0.586832292096,,,3.36070830351,,,-0.0481677381293,1.16970840572,,,1.31926535164,,,,0.604900426332,0.162301490762
FATM02M,"GMPPB",ENSG00000173540,5.613804,0.879992096958,1.74585508862,2.60977364562,-0.556230682171,,,3.28111779094,,0.943559352277,-0.612083411287,1.08159985433,,,,,,1.08158190691,,,,0.296701191763,,,,,1.23220947673,,,,,0.302146402886,,1.4428490439,0.405533292727,,,3.23074409059,,,-0.845544136584,1.00286515344,,,1.98863113098,,,,0.291017961974,0.670158709839
FATM02,"GMPPB",ENSG00000173540,10.114074,1.11873487377,2.26848249413,3.62378239199,-0.335370466895,,,4.86268395214,,1.10669249929,-0.460712380802,1.45136396481,,,,,,1.54570520724,,,,0.765496318861,,,,,1.61822581032,,,,,0.481148127727,,1.8206342607,0.708531812462,,,4.61309585062,,,-0.617185933025,1.51553977074,,,2.28272368232,,,,0.636328685184,0.536638516953
FATM03B,"GMPPB",ENSG00000173540,12.518185,1.31633751676,2.39000634881,3.74999158575,-0.213981458513,,,4.95803641756,,1.28269856438,-0.395720932722,1.63487096881,,,,,,1.73440243711,,,,0.880341877549,,,,,1.82189029765,,,,,0.675070765098,,2.01250080885,0.864076883335,,,4.77288973926,,,-0.591426936196,1.68058063817,,,2.54557871975,,,,0.780660121407,0.763313173755
FATM03F,"GMPPB",ENSG00000173540,7.121978,0.964333375765,1.65317404704,2.7461518439,0.339554380654,,,3.86669593903,,0.844099997809,0.0977182550918,1.25498846175,,,,,,1.3837902096,,,,1.00158776788,,,,,1.33622782512,,,,,0.656617011477,,1.38601380149,0.840824783859,,,3.59705010865,,,0.0686824634986,1.41904707478,,,1.53231508387,,,,0.852957968422,0.311226522789
FATM03M,"GMPPB",ENSG00000173540,5.634250,0.922401469096,1.74489573745,2.62404724065,-0.523417642904,,,3.29664477895,,0.970716383194,-0.567878998859,1.10293539702,,,,,,1.13055083699,,,,0.34057077073,,,,,1.27810391842,,,,,0.35155255372,,1.47710454326,0.44975994914,,,3.26486521272,,,-0.791780004223,1.03235558937,,,2.03286810926,,,,0.336446382879,0.719133241663
FATM03,"GMPPB",ENSG00000173540,12.171411,1.31751493521,2.35996607352,3.72625639368,-0.120653284523,,,5.03513471583,,1.27017403407,-0.290219364573,1.669540061,,,,,,1.77315252191,,,,0.903048289869,,,,,1.78988842177,,,,,0.694917968592,,1.95887759529,0.925050006489,,,4.81246082417,,,-0.487420195303,1.7191875217,,,2.46656900331,,,,0.851075101706,0.677719342131
FATM04B,"GMPPB",ENSG00000173540,25.623916,3.56248009382,4.90039869424,6.15520717117,1.65987032157,,,7.45110260768,,3.35056204427,1.38574979208,4.21940705603,,,,,,4.11155670056,,,,1.70256616931,,,,,4.01466417761,,,,,1.97616525136,,4.20776630651,2.99223940255,,,8.27763388967,,,0.474021098212,4.24508471648,,,5.3435861118,,,,2.85566359291,2.50878707793
FATM04F,"GMPPB",ENSG00000173540,16.431880,2.60057328975,3.5420755455,4.85937402119,1.22276619465,,,6.16008203026,,2.42416340524,1.05403684395,2.87657833982,,,,,,3.03168745964,,,,1.31308297356,,,,,2.5891304785,,,,,1.51992648228,,3.17998840012,2.18773142771,,,6.40070921631,,,0.798317671596,3.23729278316,,,3.82907008559,,,,1.91402314614,1.74859209771
FATM04M,"GMPPB",ENSG00000173540,13.433798,2.70276767807,3.74711704427,4.35594794447,1.24915057079,,,5.04028585683,,2.55819478167,1.01517233369,3.37490309246,,,,,,3.09382051619,,,,1.2313187524,,,,,3.33523031684,,,,,1.43249898065,,3.09971974469,2.26715231004,,,5.97339304365,,,-0.0290645270032,3.10069289042,,,4.11447099784,,,,2.31060543051,1.97414146265
FATM04,"GMPPB",ENSG00000173540,27.804820,3.48514960926,4.79989072326,6.14824875614,1.56002778677,,,7.60883315705,,3.25691742696,1.30295331337,4.10660331878,,,,,,4.0212119576,,,,1.68600135278,,,,,3.87445194861,,,,,1.8995507966,,4.15240231187,2.90928976767,,,8.26315992957,,,0.48968713997,4.17610628675,,,5.24715047585,,,,2.72101312462,2.41275740779
HEAL01,"GMPPB",ENSG00000173540,8.716767,-4.78046377011,-3.59924302239,-4.83569155192,-4.06881036134,,,-4.53246913853,,-4.72722334386,-3.97108208216,-3.94915447847,,,,,,-5.09682796813,,,,-4.76428330416,,,,,-4.17108036435,,,,,-3.93321697768,,-5.04094834852,-4.76761169958,,,-5.63958705304,,,-3.42750431264,-4.52273912537,,,-4.56147099679,,,,-4.71300388493,-4.42941374991
INCO01,"GMPPB",ENSG00000173540,6.090032,-1.11562151585,-1.11047951398,-3.55188679047,-0.734509862774,,,-3.64548542806,,-1.26027690457,-0.34092435557,-0.68193242808,,,,,,-1.31521755616,,,,-3.83876305818,,,,,-0.641460700165,,,,,-0.797420134587,,-1.94004251109,-1.00872351062,,,-3.33175226644,,,-0.409238021395,-0.871902535618,,,-1.25033801785,,,,-0.991561503189,-1.5328663274
INFB01,"GMPPB",ENSG00000173540,12.761703,-2.2306136761,-1.74931118371,-5.20600152365,-1.29121469613,,,-4.65549691366,,-2.60101450489,0.276144444826,-0.981466440337,,,,,,-2.29174780841,,,,-6.69203084314,,,,,-1.81439794236,,,,,-0.962488972374,,-3.53357717281,-1.54387603525,,,-4.05366027236,,,-2.76236393364,-1.19734842091,,,-2.69745420202,,,,-1.74739836909,-2.39086672738
LEAN04B,"GMPPB",ENSG00000173540,5.515159,4.23663200559,5.30523968308,4.0238868546,3.39279427474,,,3.90024090018,,3.55038520529,3.52705842067,4.64491002684,,,,,,4.37445982412,,,,0.580550739154,,,,,4.1413010181,,,,,3.64473272797,,3.95498577605,3.68814641826,,,5.53125731759,,,1.973374373,3.88167942152,,,4.95776066032,,,,3.49741120523,2.6736246054
LEAN04,"GMPPB",ENSG00000173540,6.071768,4.20443098422,5.38048388652,4.19262631986,3.30783526061,,,3.99765315116,,3.52462425609,3.27062030377,4.59514369571,,,,,,4.25222071426,,,,0.847447209309,,,,,4.04905291174,,,,,3.53905013891,,3.89252322179,3.58003947889,,,5.51725585263,,,1.80550263405,3.74189645826,,,5.01170094512,,,,3.36354176171,2.53950112056
LEAN05B,"GMPPB",ENSG00000173540,5.728763,4.31357833713,5.25554443942,4.03199485412,3.49218549393,,,3.98788136809,,3.60031055541,3.60535577853,4.71688845721,,,,,,4.49267431296,,,,0.615972182763,,,,,4.23016677319,,,,,3.73857965939,,3.97182501502,3.7909374348,,,5.61767006654,,,2.00033695022,3.92992703273,,,4.99887913398,,,,3.59155105506,2.75471039249
LEAN05,"GMPPB",ENSG00000173540,6.440584,4.2955425704,5.37059880788,4.22973493644,3.4101857613,,,4.07660256782,,3.59989670684,3.36448188055,4.67366064175,,,,,,4.37136250613,,,,0.896791095763,,,,,4.15262925476,,,,,3.63602629979,,3.93933857793,3.68684508789,,,5.61301212289,,,1.86519499942,3.81229095418,,,5.07986055919,,,,3.46896258857,2.62579855296
LEAN06B,"GMPPB",ENSG00000173540,18.978935,6.02278309203,7.67381972876,6.11842612133,4.64196274029,,,6.18130460986,,5.22734269306,4.74269261944,7.02169483287,,,,,,6.38071696779,,,,1.14934684218,,,,,5.55383755002,,,,,4.91716742043,,5.71728891606,5.26271901905,,,8.61357774861,,,2.27823315337,5.99660885778,,,7.21401430294,,,,4.88223550432,4.15405112579
LEAN06F,"GMPPB",ENSG00000173540,12.306185,4.70401200194,5.64253407502,5.0391737603,3.51836890908,,,5.2912654687,,3.94971508471,3.68763889653,5.14835091357,,,,,,5.1173829049,,,,1.05222353111,,,,,4.38930143698,,,,,4.0864685178,,4.78155119941,4.16027216572,,,6.95279095281,,,2.20836832834,4.56537519171,,,5.60363176832,,,,3.8047710791,3.69150776291
LEAN06M,"GMPPB",ENSG00000173540,8.989488,4.36389443503,6.11015780921,4.02541593788,3.53218035093,,,3.75679494584,,3.99686723545,3.46250474654,5.6162469468,,,,,,4.41374766075,,,,0.587152224032,,,,,3.93863324372,,,,,3.17708343288,,3.64808783817,3.73508832509,,,5.89100486662,,,0.97420803169,4.5356155998,,,5.27616778436,,,,3.54947638003,2.31446035944
LEAN06,"GMPPB",ENSG00000173540,15.475695,6.01016517073,7.73298842806,5.83354214687,4.69763406135,,,5.68264919044,,5.29113433467,4.74672200236,7.17584553293,,,,,,6.24768649349,,,,1.15055152916,,,,,5.52379894733,,,,,4.76389183872,,5.45655565699,5.23770257548,,,8.33105383542,,,2.01337300732,6.03556355112,,,7.19177963936,,,,4.89303191119,3.91592386764
LONG04,"GMPPB",ENSG00000173540,6.173724,1.92593198883,1.78286932982,2.99949249922,1.84016978573,,,2.71334591367,,1.76009855267,1.0523113482,1.4920512084,,,,,,1.9562423342,,,,1.82248867282,,,,,1.67463538199,,,,,1.86125648162,,2.34692043613,1.67876290059,,,3.0735628014,,,1.71271985603,2.12955019195,,,2.50790765236,,,,1.77293700287,1.54637030231
LONG05,"GMPPB",ENSG00000173540,8.871568,2.5238030507,3.01490255327,3.45910278194,2.4292615625,,,3.17326346162,,2.7069345504,1.7157405233,2.69082623871,,,,,,2.5861326277,,,,2.44591449527,,,,,1.92487830168,,,,,2.02072212502,,2.82182855026,2.25279117751,,,3.70346440733,,,1.64031566207,3.56740651358,,,2.99625719432,,,,2.3490017529,1.83086083241
MENA01F,"GMPPB",ENSG00000173540,6.891976,5.50186927492,3.362738433,3.99960494726,2.16779919734,,,4.48827703844,,4.9321959498,4.13272101356,4.01512466792,,,,,,5.49662943148,,,,3.1451251775,,,,,2.71044137042,,,,,4.52480231809,,5.47935191696,5.48511045075,,,3.0312940041,,,2.20374416002,4.01896658067,,,4.6999384589,,,,4.72761986734,4.36701640253
MENA02F,"GMPPB",ENSG00000173540,17.724182,8.0578262134,6.5246088579,8.03949710747,7.56440479517,,,6.13438615357,,7.82146427429,7.29065092293,7.62148407275,,,,,,7.9092489315,,,,5.14032258839,,,,,5.44591325121,,,,,7.36972943609,,8.5504603304,7.71703791981,,,7.1284839216,,,5.35845714835,6.97617955268,,,7.172989555,,,,7.60156111498,8.01604111921
OSTE04,"GMPPB",ENSG00000173540,10.000630,-2.87369975691,-0.716232530765,-0.834519287605,-4.29272028913,,,2.43907652103,,-2.08701691216,-3.99773198082,-0.683110387478,,,,,,-2.15527142205,,,,-2.38200598364,,,,,-2.5320956278,,,,,-3.80129320369,,-2.37720323579,-3.00998929638,,,0.847139237362,,,-4.37630922081,-1.97236559079,,,-1.34926234229,,,,-3.24817231536,-4.01129471247
PRSC01,"GMPPB",ENSG00000173540,7.518328,-4.74134858518,-1.40541680647,-5.32027119582,-4.29689372435,,,-1.77983920415,,-4.4566236707,-3.75297322931,-3.40916340773,,,,,,-4.58107157868,,,,-6.31028114574,,,,,-3.84915019351,,,,,-4.52208221955,,-4.66530695046,-4.65576505228,,,-4.42142987058,,,-6.47479633907,-2.60958717135,,,-4.65499156107,,,,-4.90231698803,-5.80283046183
REPR01F,"GMPPB",ENSG00000173540,9.271955,-4.38328010364,-5.53424426777,-5.32715102116,-3.83316924442,,,-3.85722523879,,-5.31767909269,-3.49696169615,-2.96533177093,,,,,,-4.78825761437,,,,-4.80417386842,,,,,-3.71329813975,,,,,-3.23552557358,,-4.17184013669,-4.28405084147,,,-6.034465754,,,-3.74895963457,-5.37462918034,,,-5.31778590079,,,,-4.8302420277,-3.6520862732
REPR01,"GMPPB",ENSG00000173540,12.013443,-4.65353573736,-6.6454473832,-6.52978924873,-3.50366372891,,,-5.00018660711,,-5.48381010932,-2.97441504248,-3.0285852161,,,,,,-5.15162657657,,,,-5.17546061454,,,,,-3.66696207413,,,,,-3.36153776143,,-4.57112285975,-4.48386393907,,,-7.63718269908,,,-3.66650598134,-5.33666370957,,,-5.92608414101,,,,-5.10880442928,-3.55996133254
ULCC01,"GMPPB",ENSG00000173540,8.436068,-2.62685480842,-2.08557061261,-4.94090521392,-2.30272221711,,,-4.02306109314,,-3.14645712852,-0.645696612114,-1.2575545192,,,,,,-2.58432129942,,,,-5.87477675316,,,,,-2.47017557081,,,,,-1.78229273084,,-3.74668933461,-2.02429778368,,,-3.39294123053,,,-3.0446040164,-1.33193673349,,,-2.68059320444,,,,-2.20942026721,-2.68860909049
