code,target,ENSEMBL,association,Adipose_Subcutaneous,Adipose_Visceral_Omentum,Breast_Mammary_Tissue,Muscle_Skeletal,DGN_Whole_Blood,Whole_Blood,Artery_Aorta,Artery_Coronary,Artery_Tibial,Heart_Atrial_Appendage,Heart_Left_Ventricle,Spleen,Brain_Amygdala,Brain_Anterior_cingulate_cortex_BA24,Brain_Caudate_basal_ganglia,Brain_Nucleus_accumbens_basal_ganglia,Brain_Putamen_basal_ganglia,Brain_Cerebellar_Hemisphere,Brain_Cerebellum,Brain_Cortex,Brain_Frontal_Cortex_BA9,Brain_Hippocampus,Brain_Hypothalamus,Brain_Spinal_cord_cervical_c-1,Brain_Substantia_nigra,Nerve_Tibial,Cells_Transformed_fibroblasts,Cells_EBV-transformed_lymphocytes,Colon_Sigmoid,Colon_Transverse,Esophagus_Gastroesophageal_Junction,Esophagus_Mucosa,Esophagus_Muscularis,Liver,Minor_Salivary_Gland,Small_Intestine_Terminal_Ileum,Stomach,Adrenal_Gland,Pituitary,Pancreas,Thyroid,Lung,Ovary,Prostate,Testis,Uterus,Vagina,Skin_Not_Sun_Exposed_Suprapubic,Skin_Sun_Exposed_Lower_leg
BFPC04B,"GABPB2",ENSG00000143458,8.296528,1.56206486859,-0.330322667669,,,1.5428169499349502,3.87549589264,,3.46992887934,0.593705770194,,,,,,,,,3.13548937791,3.78042714309,,,,0.225439935428,,,1.12035457025,-0.994216760102,,,-4.02973928481,4.22714552266,,0.218860325003,,,,,,,0.480907841714,2.12988894868,,-0.492245164343,-2.17844338891,,,,5.07006476401,3.07855657207
BFPC04F,"GABPB2",ENSG00000143458,6.822175,0.0164737362369,-1.3600381045,,,0.06192679757091974,2.16420931336,,2.55498281184,-0.457189448316,,,,,,,,,1.24255196266,1.9491192749,,,,-0.124987081852,,,-0.280806594624,-1.71626423923,,,-4.47876420439,2.82769146486,,-0.477065921246,,,,,,,0.23240616518,0.533069519335,,-0.877193794975,-2.71118967781,,,,3.16115753491,2.1147034581
BFPC04,"GABPB2",ENSG00000143458,8.066644,1.18421665234,-0.660372515949,,,1.1825481611212496,3.63613427049,,3.38386470087,0.327096288433,,,,,,,,,2.77728880771,3.48808737249,,,,0.0794100237496,,,0.749498857672,-1.29883925523,,,-4.28141348697,4.08433908269,,0.018769435711,,,,,,,0.525757368532,1.76830178928,,-0.599515489347,-2.45811016263,,,,4.80799570332,2.98013481411
BLOO05,"GABPB2",ENSG00000143458,7.286375,-0.427916204205,0.286971657775,,,1.5461228746960924,-0.789511966977,,2.00834047004,-1.75058884327,,,,,,,,,1.01800360596,1.07819955771,,,,-0.274897161978,,,1.39141337775,0.485272066364,,,4.43438132316,3.77339361358,,1.18608419981,,,,,,,2.50657679995,3.0315293068,,3.28034607839,2.31033120599,,,,-0.559481359159,1.07131553665
BLOO11,"GABPB2",ENSG00000143458,7.286677,-2.73886501454,-2.17087093242,,,-2.824379982471004,-1.49693564152,,-2.22002000632,-1.58004450878,,,,,,,,,-1.65392897356,-2.3860927302,,,,-2.82368652902,,,-2.75195980409,-0.451100391311,,,-1.00055312601,-2.70807647426,,-0.234185006157,,,,,,,0.41011807012,-3.28419778991,,-1.88419721561,-1.59221089803,,,,-5.07170611196,-4.71360632215
BLOO19,"GABPB2",ENSG00000143458,8.011619,1.72022530563,1.05890750925,,,0.12318332264762472,1.89178091946,,-1.10529390042,2.97328726827,,,,,,,,,-0.649834529491,-0.814984981305,,,,-1.15362856677,,,-0.237340774504,0.510066065166,,,-2.71585490249,-2.02514643357,,0.536497967014,,,,,,,-1.26924136768,-1.55706057056,,-2.27465693254,-1.13702750181,,,,2.25249832462,-0.497138797183
BLOO24,"GABPB2",ENSG00000143458,5.862076,-3.25182175531,-2.81110619779,,,-3.698298355903375,-2.05462314,,-2.64766553929,-2.2431380731,,,,,,,,,-1.71264036789,-2.03765289594,,,,-1.20480674666,,,-3.14120180665,-1.22225227886,,,-2.26137742359,-3.89217574678,,-1.74516692074,,,,,,,-0.732229232947,-3.94040801264,,-2.29292420763,-2.4556535128,,,,-4.68558157535,-5.04643642776
BLOO28,"GABPB2",ENSG00000143458,8.820678,-0.663705932994,-0.0106934917225,,,1.320907078389474,-1.20233583279,,2.07417245134,-2.405436149,,,,,,,,,1.14015082103,1.55311319494,,,,2.04993503902,,,1.48581077867,-0.00725042400241,,,4.35560914705,3.64364080359,,0.159870186509,,,,,,,1.93130481386,3.1883637252,,3.3728608406,2.39300806844,,,,-1.09231864968,2.56547939501
BLOO32,"GABPB2",ENSG00000143458,6.133872,3.17117296478,2.7875598278,,,2.8103419552538504,2.2356612864,,1.14164116889,3.05203582487,,,,,,,,,1.40392972916,1.16586781551,,,,0.569909657385,,,2.32044077596,1.50275234998,,,0.546070883859,1.77185239522,,1.85320840904,,,,,,,0.181721255456,2.29940621731,,0.809150174407,1.54576023136,,,,3.86496379851,3.2584793074
BODY03,"GABPB2",ENSG00000143458,7.152353,-0.269503557472,-1.45506809558,,,0.9733821069032979,0.817803226287,,3.9609187969,-1.67018025029,,,,,,,,,0.938143659245,3.17177083776,,,,0.219920965035,,,-0.212422541067,-3.02697727476,,,1.40633468057,4.32174086841,,-0.617715738081,,,,,,,1.13120660828,2.16371731554,,1.37228695741,-1.34240202523,,,,3.61457209076,3.73595749107
BODY04F,"GABPB2",ENSG00000143458,6.391923,-0.0238692261732,-0.702369645744,,,0.9169758004754746,0.373668740208,,3.45616832468,-1.42259813214,,,,,,,,,0.779605540542,2.81070689813,,,,0.96535265226,,,-0.0496259671531,-2.24746476132,,,2.00985504371,4.56368373256,,-0.464426953141,,,,,,,1.81454348944,1.87809251359,,1.72060916792,-1.33177816713,,,,2.69046687255,3.50209417328
BODY04,"GABPB2",ENSG00000143458,8.882298,-0.390988758524,-1.54848347545,,,0.949149987696342,0.832562689661,,4.03263088388,-1.77911634993,,,,,,,,,0.872955089187,3.16362250339,,,,0.160313721093,,,-0.34207851148,-3.17701246136,,,1.51869942454,4.50644321684,,-0.642253771897,,,,,,,1.11238819474,2.10904983691,,1.57682188402,-1.31672894641,,,,3.75461004542,3.86315025347
BODY06B,"GABPB2",ENSG00000143458,6.256138,2.72417015042,1.23331388273,,,3.11726075038102,2.46784150797,,2.48496591807,1.5156510252,,,,,,,,,3.43778660127,4.59002497135,,,,1.1623675697,,,2.82714790856,0.0753024773158,,,-1.09211603303,3.63264020774,,1.25454697541,,,,,,,-0.434090573421,3.46704154839,,-0.0248943504566,-0.76492424133,,,,4.27929258546,3.20296630715
BODY06,"GABPB2",ENSG00000143458,5.780625,2.52308309292,1.01367151693,,,2.900542108688879,2.2040680005,,2.54604751478,1.25280767359,,,,,,,,,3.31616136802,4.54596703235,,,,1.31699162322,,,2.63642805158,0.0566464593415,,,-1.17665424977,3.62061394897,,1.09885477042,,,,,,,-0.457936302058,3.28402710619,,0.183389475954,-0.753676484384,,,,4.09973903459,3.11977339595
BODY07B,"GABPB2",ENSG00000143458,6.582910,2.72213627661,1.18693689526,,,3.15401678932627,2.49155942945,,2.62322688433,1.49361609487,,,,,,,,,3.44923923066,4.61976541468,,,,1.04495823423,,,2.82372295129,-0.0523946966454,,,-1.13350579299,3.75812474148,,1.25483880633,,,,,,,-0.284458649655,3.53441985664,,0.00812688045828,-0.729489247201,,,,4.41803049387,3.27839132922
BODY07,"GABPB2",ENSG00000143458,6.432045,2.51033539722,0.961308063014,,,2.9325911887546807,2.23561571235,,2.68564928199,1.22795155604,,,,,,,,,3.3123762438,4.56100289531,,,,1.1893731907,,,2.62389138468,-0.0892844967713,,,-1.2081791035,3.75057765211,,1.09753068537,,,,,,,-0.276960004948,3.34775366543,,0.213039561888,-0.722767728183,,,,4.24069591949,3.21119199837
BODY08B,"GABPB2",ENSG00000143458,13.682710,1.69464529522,0.232401757451,,,2.263789857787315,2.41198159418,,3.17205472932,1.03603898802,,,,,,,,,2.19764686438,4.36727086953,,,,0.0685050920307,,,1.46764925845,-1.70477447969,,,-3.23039733478,4.07459317872,,0.425299697596,,,,,,,-0.323420168773,2.95496169555,,-1.47102104394,-2.09209139191,,,,5.10480282677,3.40099114546
BODY08F,"GABPB2",ENSG00000143458,8.083783,-0.132848668718,-1.06027308791,,,0.3429145539356064,0.438606421375,,2.12743091929,-0.447522269819,,,,,,,,,0.194330728686,2.0730694815,,,,0.0671669681186,,,-0.232404431745,-1.92819536372,,,-3.26635018329,2.76681683385,,-0.47072580834,,,,,,,-0.0297191754366,1.01940701249,,-1.08083596234,-2.1998810656,,,,2.73293191059,1.7674765169
BODY08M,"GABPB2",ENSG00000143458,7.462534,2.43815224841,1.22005650185,,,2.8148768519603675,2.93847936505,,2.54143828716,1.80098132592,,,,,,,,,2.85411900385,4.2295846921,,,,0.0342699447794,,,2.21199950967,-0.698969003509,,,-1.64430970339,3.23625807249,,0.978320233802,,,,,,,-0.419128368411,3.18901093021,,-1.0980838523,-0.999680545041,,,,4.68270937247,3.15965302651
BODY08,"GABPB2",ENSG00000143458,12.386507,1.21984428724,-0.144911194207,,,1.812083378440592,2.03126197785,,3.00505874754,0.691333755329,,,,,,,,,1.71298044863,3.91846949569,,,,0.0447958335335,,,1.00510948419,-1.92748370338,,,-3.32668460033,3.91511558608,,0.145418233221,,,,,,,-0.147811378524,2.52940456836,,-1.46865216676,-2.26564389963,,,,4.69135730488,3.1390624424
FATM04B,"GABPB2",ENSG00000143458,9.908157,1.58768568127,0.114825297861,,,1.7660902473351376,3.24656057514,,2.43803443583,1.32524522423,,,,,,,,,2.27785294413,3.6458830257,,,,0.778458469712,,,1.15468046329,-0.829120969823,,,-4.05392361639,3.62893962709,,0.43700074273,,,,,,,-0.31065679346,2.01602535183,,-1.39966215969,-1.99644260164,,,,4.55907301336,3.24514231962
FATM04F,"GABPB2",ENSG00000143458,6.238711,-0.0772755289244,-1.02561238966,,,0.1704343506021165,1.31446881867,,1.76421574721,-0.175547861252,,,,,,,,,0.441064337493,1.62318716036,,,,0.231435620768,,,-0.310759049795,-1.34407246454,,,-4.17824535609,2.51608452945,,-0.429751624632,,,,,,,-0.32189045354,0.501487473485,,-1.10156028496,-2.15815816798,,,,2.68267437886,2.10870848495
FATM04,"GABPB2",ENSG00000143458,9.278577,1.1961934881,-0.201720309647,,,1.4125024900602412,2.93921996963,,2.34680633848,1.01029893656,,,,,,,,,1.88883477212,3.29238141597,,,,0.629389238773,,,0.781395826903,-1.07341563853,,,-4.20898601739,3.53992351538,,0.220973758486,,,,,,,-0.208774073381,1.68051295862,,-1.39697034083,-2.16587986554,,,,4.2916344986,3.12691098648
GLYC15,"GABPB2",ENSG00000143458,6.143102,1.30420036315,0.462636877965,,,1.5414928864205297,1.87763368428,,1.30473476249,0.572515666753,,,,,,,,,1.60720658185,1.18944105764,,,,-1.69285657622,,,1.23962190489,-0.501570752232,,,-2.8832942248,1.58404282197,,1.08712541974,,,,,,,-1.90983979012,1.87673643881,,-1.10529168904,0.0174476537162,,,,1.78482908557,-0.100225385071
LEAN06B,"GABPB2",ENSG00000143458,6.483293,0.790183072523,0.735523326839,,,1.4133594386472592,0.289380095529,,-1.06674014561,1.72352088332,,,,,,,,,-0.385189712069,0.997783281191,,,,1.44689534324,,,0.597196566354,-0.206833910876,,,-2.1564418152,0.868275162423,,0.603814434522,,,,,,,-2.79102160315,0.944929620574,,-2.78295228951,-0.984479864879,,,,1.25884451867,1.84700180888
LEAN06,"GABPB2",ENSG00000143458,6.841366,1.04756382745,0.843849604834,,,1.6489386957745762,0.675244928884,,-1.1154253737,2.06588566106,,,,,,,,,0.0318745928288,1.32938789736,,,,1.45975747704,,,0.850747043871,-0.210624801823,,,-2.05784415757,0.828643841934,,0.663557857947,,,,,,,-2.63071851953,1.15859772057,,-2.89749557648,-1.04924683413,,,,1.30304558946,1.80961230813
