code,target,ENSEMBL,association,Adipose_Subcutaneous,Adipose_Visceral_Omentum,Breast_Mammary_Tissue,Muscle_Skeletal,DGN_Whole_Blood,Whole_Blood,Artery_Aorta,Artery_Coronary,Artery_Tibial,Heart_Atrial_Appendage,Heart_Left_Ventricle,Spleen,Brain_Amygdala,Brain_Anterior_cingulate_cortex_BA24,Brain_Caudate_basal_ganglia,Brain_Nucleus_accumbens_basal_ganglia,Brain_Putamen_basal_ganglia,Brain_Cerebellar_Hemisphere,Brain_Cerebellum,Brain_Cortex,Brain_Frontal_Cortex_BA9,Brain_Hippocampus,Brain_Hypothalamus,Brain_Spinal_cord_cervical_c-1,Brain_Substantia_nigra,Nerve_Tibial,Cells_Transformed_fibroblasts,Cells_EBV-transformed_lymphocytes,Colon_Sigmoid,Colon_Transverse,Esophagus_Gastroesophageal_Junction,Esophagus_Mucosa,Esophagus_Muscularis,Liver,Minor_Salivary_Gland,Small_Intestine_Terminal_Ileum,Stomach,Adrenal_Gland,Pituitary,Pancreas,Thyroid,Lung,Ovary,Prostate,Testis,Uterus,Vagina,Skin_Not_Sun_Exposed_Suprapubic,Skin_Sun_Exposed_Lower_leg
BFPC04B,"RABEP1",ENSG00000029725,6.394436,3.91290002057,2.72725609808,,,4.086524319276758,4.30193152058,3.9282188781,3.13529496867,4.17618604979,,,,,,,,,,0.910547710084,,,,,,,3.872008986,4.24656449804,,,,3.22978033975,3.29681040401,2.75654628345,,,,,,-3.67634295587,1.09408830295,,2.81752266414,,,-4.362502433,,,0.835747653746,2.92593362932
BFPC04,"RABEP1",ENSG00000029725,7.127599,4.07769168111,2.87868632767,,,4.2123020325584335,4.44636712019,3.98791023022,3.40770246835,4.34873358143,,,,,,,,,,0.778985233621,,,,,,,4.03158029947,4.36124362965,,,,3.29760674756,3.41615270684,2.90246555394,,,,,,-3.82384697772,1.19924236353,,2.85687445003,,,-4.52581500468,,,0.885325766041,3.11546669408
BLOO06,"RABEP1",ENSG00000029725,9.414720,4.11741319012,3.37389482126,,,4.442401060118474,4.03144085337,4.15019381675,2.88690365046,4.77817608676,,,,,,,,,,-0.781203602093,,,,,,,4.11088188152,4.66257956802,,,,3.58131542103,4.15710483419,3.95625400531,,,,,,-3.91332223599,1.78243038401,,3.16132185965,,,-5.10094277819,,,1.64292943954,2.9443444479
BLOO09,"RABEP1",ENSG00000029725,10.112619,3.92161243896,3.24717953793,,,4.172002813686378,3.91567305493,4.11178290497,2.96719665384,4.77638136016,,,,,,,,,,-1.08379829563,,,,,,,3.91005912591,4.60604969502,,,,3.36534076737,4.0169515047,3.71978998522,,,,,,-3.80973086206,1.48042391603,,3.04654593953,,,-4.9907468451,,,1.40695937791,2.84463838126
BLOO10,"RABEP1",ENSG00000029725,10.549012,4.11253124499,3.18759963151,,,4.2946481846473885,4.18016737447,4.34751245256,3.00026495386,4.98438888871,,,,,,,,,,-1.07221859732,,,,,,,4.07255981492,4.84461886851,,,,3.43681554102,4.13847930516,3.93118960427,,,,,,-3.96733616185,1.37779095823,,3.16486050795,,,-5.19883898788,,,1.47166418528,2.98638981549
BLOO11,"RABEP1",ENSG00000029725,11.512664,4.33115918523,3.0786743071,,,5.527606593905056,4.72646822764,4.89945110749,2.98588541344,5.45439406958,,,,,,,,,,1.28699100382,,,,,,,4.62628348993,5.83760101916,,,,4.24028419114,4.87145695154,4.75308065176,,,,,,-4.31275173065,1.78350863048,,3.7838110726,,,-5.36374857463,,,2.18390937229,3.55934879321
BLOO12,"RABEP1",ENSG00000029725,15.546300,5.20401133879,4.00500784234,,,5.824632413941233,5.42530541893,5.65451017389,3.58498333051,6.46240241389,,,,,,,,,,-0.5565811607,,,,,,,5.35809047738,6.44171564351,,,,4.61578705128,5.56137233996,5.1182386198,,,,,,-5.138474163,2.05210698374,,4.27000813618,,,-6.59860156636,,,2.16775504117,4.09009926465
BLOO13,"RABEP1",ENSG00000029725,9.279692,4.01243450032,3.26132928403,,,4.345176009477591,3.94289108133,4.09637293998,2.89132765522,4.72073288658,,,,,,,,,,-0.805214711101,,,,,,,3.991719791,4.5774587476,,,,3.48404034374,4.0362059075,3.87360923535,,,,,,-3.80510517113,1.74499879627,,3.07952728802,,,-5.02670722074,,,1.58799719494,2.86389620386
BLOO30,"RABEP1",ENSG00000029725,10.079924,4.00413242938,3.34937757289,,,4.241248620811371,4.04315021876,4.24249620054,2.95893041413,4.88416258421,,,,,,,,,,-1.09107849926,,,,,,,4.02972168342,4.72994131057,,,,3.48551018667,4.1485473201,3.79872378955,,,,,,-3.93099609485,1.52039090043,,3.14719462186,,,-5.10568934739,,,1.48149810684,2.93555126499
BODY03,"RABEP1",ENSG00000029725,8.311883,3.65897879543,3.20011263837,,,4.511788673032337,4.31187271085,3.45042413348,2.95948757881,4.13692694148,,,,,,,,,,0.112244270933,,,,,,,4.08125811157,3.52758062806,,,,2.94916153398,3.47512714613,3.31209459478,,,,,,-3.07210444859,1.18537256632,,3.32132125792,,,-3.91285573087,,,1.48646433924,3.49470636825
BODY04,"RABEP1",ENSG00000029725,8.960388,3.88388980543,3.30513802163,,,4.741504555036163,4.5126913194,3.61497320874,3.07257599817,4.29093709062,,,,,,,,,,0.136689193744,,,,,,,4.3677926865,3.66461036098,,,,3.06721585436,3.61367442724,3.45577506703,,,,,,-3.18817613509,1.16430777734,,3.50085869512,,,-4.10228039587,,,1.52540276077,3.66647958834
BODY06B,"RABEP1",ENSG00000029725,7.001052,4.60498401939,3.17829006733,,,4.3005981044725115,4.82533016239,3.29764533031,2.43100912622,3.94364158503,,,,,,,,,,1.88828338496,,,,,,,4.55468533605,4.41802133476,,,,2.79240085101,3.48108688684,3.32798401999,,,,,,-3.70880742688,2.16772662707,,3.64426452051,,,-4.48499389928,,,2.18125188308,2.97867922711
BODY06F,"RABEP1",ENSG00000029725,5.685353,4.12710480442,2.75814418076,,,4.045030315043333,4.12127993968,2.43368788929,2.39016327508,3.6435482081,,,,,,,,,,0.948274825183,,,,,,,4.52179906141,4.05672280923,,,,3.20193723115,3.58231611352,3.30620640973,,,,,,-3.68280142858,2.22053221173,,3.26486741989,,,-4.20341373943,,,2.10406351953,3.26887903913
BODY06,"RABEP1",ENSG00000029725,8.731095,4.84367089903,3.37478771728,,,4.586893673383475,5.08494925122,3.39679464191,2.59520646111,4.19671665648,,,,,,,,,,1.88749599857,,,,,,,4.8923795611,4.71243198191,,,,3.12361887702,3.80496992059,3.55972033949,,,,,,-4.00833932092,2.37607768945,,3.90092544047,,,-4.78506618648,,,2.36934463842,3.32349169644
BODY07B,"RABEP1",ENSG00000029725,7.454235,4.68505370829,3.17479702256,,,4.34946396641091,4.88049433852,3.38379903093,2.54877066771,4.03795834272,,,,,,,,,,1.83135277922,,,,,,,4.6335362274,4.49615909284,,,,2.89997597966,3.56284676436,3.4004694792,,,,,,-3.77311593801,2.15902994715,,3.71916048833,,,-4.56907365313,,,2.12514360024,3.03522253976
BODY07F,"RABEP1",ENSG00000029725,6.117310,4.27592534861,2.79437909517,,,4.162329890950905,4.21670285873,2.53392991909,2.55510253763,3.77321512107,,,,,,,,,,0.880411006036,,,,,,,4.62014013677,4.18690096008,,,,3.35473488482,3.70731131346,3.45051533617,,,,,,-3.77101697283,2.17557335322,,3.36996711385,,,-4.31498642898,,,1.98007675509,3.34139371447
BODY07,"RABEP1",ENSG00000029725,7.935842,4.94396807013,3.38723744895,,,4.658627675243136,5.1453566153,3.4748034216,2.72672911914,4.29350429225,,,,,,,,,,1.82215739158,,,,,,,4.97974841905,4.80283279115,,,,3.2434489391,3.90100373644,3.64829240127,,,,,,-4.0754896449,2.35949312385,,3.98942493105,,,-4.87086069291,,,2.29238511739,3.38503841252
BODY08B,"RABEP1",ENSG00000029725,8.626040,4.71559546578,2.95782880888,,,4.489399552567312,4.59096052523,3.10279082687,3.45022661086,3.82697940018,,,,,,,,,,1.43763827619,,,,,,,4.1732256574,4.23996205253,,,,2.9807973372,3.29140771199,3.66973271942,,,,,,-3.22946564442,0.965735739477,,2.90668099814,,,-4.24121406962,,,0.943607620542,2.70852828054
BODY08,"RABEP1",ENSG00000029725,9.496386,4.92891095992,3.10909425324,,,4.6971379352257285,4.74791024037,3.22966046221,3.70731922655,4.05971192283,,,,,,,,,,1.28848926341,,,,,,,4.42492881464,4.47777954317,,,,3.19630417662,3.51723312342,3.81181476185,,,,,,-3.43008937175,1.03978738779,,3.10637016044,,,-4.47513251699,,,1.02578027678,2.96479151239
FATM02B,"RABEP1",ENSG00000029725,6.087666,4.27524619707,3.1169069104,,,4.011236239273237,4.53294271914,3.73813082007,2.5316408527,4.10413049397,,,,,,,,,,1.27535991615,,,,,,,4.1825639623,4.37668153441,,,,2.91669914992,3.51877530446,2.85676929401,,,,,,-3.47771305639,1.90485286892,,3.51289555418,,,-4.46660490785,,,1.98628707878,3.1414533671
FATM02,"RABEP1",ENSG00000029725,6.732852,4.38789230966,3.17952354263,,,4.1457937961568785,4.66150389915,3.70696771178,2.657389531,4.2376729826,,,,,,,,,,1.1956588619,,,,,,,4.39873359697,4.52362043521,,,,3.1004444796,3.69080581622,2.99340549536,,,,,,-3.70679889429,2.07348465509,,3.60374793088,,,-4.64283175783,,,2.14149306101,3.39246493818
FATM03B,"RABEP1",ENSG00000029725,6.501469,4.36161069586,3.12116045082,,,4.055209976645472,4.55585046359,3.77983355376,2.63531496483,4.15274196862,,,,,,,,,,1.20148563483,,,,,,,4.24508338493,4.41045656144,,,,2.97708116868,3.5750890333,2.95402988227,,,,,,-3.52366424809,1.89421975848,,3.55977483588,,,-4.52361901619,,,1.91349459263,3.15282462478
FATM03,"RABEP1",ENSG00000029725,6.407313,4.49983169622,3.20226303935,,,4.216061374278452,4.68661997204,3.7426807284,2.77617731421,4.28753369575,,,,,,,,,,1.11420275787,,,,,,,4.47402132951,4.56811481996,,,,3.16996085416,3.76242539282,3.11468719441,,,,,,-3.75488803545,2.05481677594,,3.66304212422,,,-4.702775146,,,2.04720048252,3.40682584577
FATM04B,"RABEP1",ENSG00000029725,9.523850,4.74070550758,3.10708014706,,,4.64878522252901,4.83057492685,3.87387574367,3.99430419023,4.41601293087,,,,,,,,,,1.34597840878,,,,,,,4.36837218183,4.65595652642,,,,3.33780252551,3.6293163917,3.6113961351,,,,,,-3.5122549804,1.13364084699,,3.24746612089,,,-4.68812256769,,,1.13982570617,3.20430915513
FATM04,"RABEP1",ENSG00000029725,10.767283,4.88035240758,3.18673277833,,,4.777178091110569,4.90117364168,3.86312363276,4.19436797071,4.5176702732,,,,,,,,,,1.13839818912,,,,,,,4.51125568874,4.72776773282,,,,3.3790094231,3.72094597786,3.70703975267,,,,,,-3.60498964219,1.16375675895,,3.27352278474,,,-4.77765845083,,,1.1454226601,3.36518741479
LEAN04B,"RABEP1",ENSG00000029725,6.342600,4.02317998057,2.18221487235,,,3.365287036897739,4.115860117,2.67014275749,3.36173873817,3.53219064213,,,,,,,,,,1.07828296565,,,,,,,3.51576751552,3.81191562993,,,,2.44969293695,2.73124663519,3.40032328247,,,,,,-2.61653286859,1.49219960026,,2.8948052549,,,-3.86624213633,,,1.78423099342,2.36934570533
LEAN04,"RABEP1",ENSG00000029725,5.702896,3.97065012061,2.44573969675,,,3.2096805710262615,4.20881241443,3.1058744198,3.4984772929,3.69314720454,,,,,,,,,,1.25454505449,,,,,,,3.39262857783,3.79090380543,,,,2.53260192604,2.67787985946,3.19380862418,,,,,,-2.73455035094,1.45324549489,,3.08872792288,,,-3.91915875283,,,1.84216193951,2.4757027826
LEAN05B,"RABEP1",ENSG00000029725,6.338291,4.17263824412,2.235562396,,,3.4665795212655826,4.14504906466,2.61233199761,3.43451062852,3.53100693466,,,,,,,,,,1.13035130334,,,,,,,3.60629781269,3.8182230439,,,,2.51082683499,2.79437116141,3.55825703614,,,,,,-2.61380926232,1.58797553918,,2.96062201268,,,-3.90040058257,,,1.7848183638,2.45011244412
LEAN06,"RABEP1",ENSG00000029725,5.828010,4.51548979244,2.6843348894,,,3.7517964892615443,3.97414291115,2.308275812,3.76277604218,3.30500089121,,,,,,,,,,1.41128288733,,,,,,,3.74407151491,3.83913943137,,,,1.97640463812,3.06613064189,3.69117129972,,,,,,-1.88394824077,1.08216403874,,3.06939891629,,,-3.64512233004,,,1.22500801762,2.37159247486
MENA02F,"RABEP1",ENSG00000029725,7.241732,-3.0830652925,-1.20991608738,,,-3.236912064789674,-3.20328144095,-3.71747887323,-2.41106261132,-3.97424871718,,,,,,,,,,-1.32999012341,,,,,,,-3.25470087857,-4.36545723151,,,,-1.87179866316,-3.11046606391,-1.82221811464,,,,,,5.2195528203,-0.000666080286318,,-2.65366584233,,,4.14794393037,,,-0.285763135537,-2.75777469355
MENO01F,"RABEP1",ENSG00000029725,6.995120,4.71738140392,3.18131164595,,,5.035995595495077,3.53049267395,1.82939734745,2.65242969558,3.22267398529,,,,,,,,,,3.76346934595,,,,,,,4.40431781198,3.30783495135,,,,1.81318740726,4.21469173052,4.33590048836,,,,,,-3.37738284401,2.80809483126,,4.10043743454,,,-3.50449412031,,,3.36779865233,4.21649539865
