code,target,ENSEMBL,association,Adipose_Subcutaneous,Adipose_Visceral_Omentum,Breast_Mammary_Tissue,Muscle_Skeletal,DGN_Whole_Blood,Whole_Blood,Artery_Aorta,Artery_Coronary,Artery_Tibial,Heart_Atrial_Appendage,Heart_Left_Ventricle,Spleen,Brain_Amygdala,Brain_Anterior_cingulate_cortex_BA24,Brain_Caudate_basal_ganglia,Brain_Nucleus_accumbens_basal_ganglia,Brain_Putamen_basal_ganglia,Brain_Cerebellar_Hemisphere,Brain_Cerebellum,Brain_Cortex,Brain_Frontal_Cortex_BA9,Brain_Hippocampus,Brain_Hypothalamus,Brain_Spinal_cord_cervical_c-1,Brain_Substantia_nigra,Nerve_Tibial,Cells_Transformed_fibroblasts,Cells_EBV-transformed_lymphocytes,Colon_Sigmoid,Colon_Transverse,Esophagus_Gastroesophageal_Junction,Esophagus_Mucosa,Esophagus_Muscularis,Liver,Minor_Salivary_Gland,Small_Intestine_Terminal_Ileum,Stomach,Adrenal_Gland,Pituitary,Pancreas,Thyroid,Lung,Ovary,Prostate,Testis,Uterus,Vagina,Skin_Not_Sun_Exposed_Suprapubic,Skin_Sun_Exposed_Lower_leg
BLOO01,"MEF2BNB",ENSG00000254901,6.316485,-1.3957390808,,-0.718538188919,,,-2.0850427492,,,,,-1.29883328903,,,,-1.09318445244,,,,-1.55485215823,-0.37064065576,-0.834647403138,,,,-0.470068073438,-1.13615732298,-1.02932285022,,-2.57199500168,-2.02972990123,,-1.84282946041,-1.60546360705,,,-0.813954867162,,-1.74095543241,-1.33346679894,,-1.58424768777,-0.334930724502,-1.59405754377,-1.29358169404,-1.38737395139,,,-1.46377680252,0.0940979777819
BLOO33,"MEF2BNB",ENSG00000254901,9.162961,-1.89711100248,,-0.970685007333,,,-2.96829953405,,,,,-2.73661593697,,,,-1.3755635905,,,,-2.23721331072,-0.252696070661,-0.805956378213,,,,-0.650892838341,-1.88380671801,-1.54717639354,,-4.06619925587,-2.96049706211,,-2.90209621467,-2.23648875827,,,-2.0143918194,,-2.11168016804,-1.82497168942,,-2.24374474598,-0.971914979039,-2.01923362809,-2.16871992346,-2.00776471241,,,-1.89316280417,-0.22626447689
BODY08B,"MEF2BNB",ENSG00000254901,5.851336,0.105805950703,,-1.44772038527,,,0.771208875336,,,,,0.532991012758,,,,0.906404718839,,,,-0.231330114168,0.71873074239,2.24935778817,,,,-1.96821200725,-1.44547862782,1.62107849905,,-1.16507370815,-1.04940069005,,-1.01755344809,-0.498160795191,,,1.70391869836,,2.52939768662,0.256394497572,,-0.377551650984,-1.58255226533,1.46000814705,1.72109472488,-0.689704677994,,,0.916641516414,-0.794509946649
BODY08,"MEF2BNB",ENSG00000254901,6.357427,0.0271540555791,,-1.55919824828,,,0.505556661115,,,,,0.748365856283,,,,0.814576709822,,,,-0.275813556297,0.546904798161,2.13725763649,,,,-2.10383219172,-1.48459602458,1.5802580859,,-1.17299031059,-1.06072944914,,-1.02845111011,-0.574625555664,,,1.59185468109,,2.49168883759,0.183698895747,,-0.426033102389,-1.71160504942,1.44252575148,1.69212818533,-0.765188084786,,,0.796003664397,-0.906072841193
CHOL03,"MEF2BNB",ENSG00000254901,7.688289,-0.926351356178,,-0.599637318456,,,2.00526945604,,,,,2.46131131326,,,,-1.55294153273,,,,0.0304059220228,-3.20601964085,-2.28122375175,,,,-0.937938651861,-0.131886517489,-1.14485954068,,2.47212526358,0.968489980405,,1.03395244284,-0.595563744041,,,1.15720699665,,-1.52755394707,-0.860240077432,,-0.191532012443,-0.711770390047,-0.38008282961,1.03003569662,-0.846879486455,,,-1.28881918343,-1.4433222247
CHOL06,"MEF2BNB",ENSG00000254901,9.374132,-1.08031399809,,-0.941106973519,,,1.97432371798,,,,,3.08770184386,,,,-1.79262536983,,,,0.0160601676565,-3.58164896651,-2.47764530125,,,,-0.495747676019,-0.303988787451,-1.24966748633,,2.36894626168,1.04250860224,,0.967098399197,-0.686906381138,,,0.523638242207,,-1.38312552364,-0.999392495993,,-0.260143346529,-1.65196459541,0.0513337158228,1.22856309905,-1.15113654522,,,-1.52681017043,-1.35624456483
CHOL14,"MEF2BNB",ENSG00000254901,6.561268,-0.0896137713264,,0.482156821511,,,2.12993465003,,,,,2.98214168768,,,,-0.693136428394,,,,0.810919015381,-2.39751625895,-1.4601798067,,,,0.120229947248,0.598630451156,-0.300104242841,,2.92452890393,1.69731751059,,1.78310211137,0.265745361288,,,1.40687432354,,-0.640522094636,-0.0247710905301,,0.602357149561,0.2739566916,0.793155494712,1.36381083897,-0.0134168478257,,,-0.446937957798,-1.10498127691
CHOL16,"MEF2BNB",ENSG00000254901,8.447928,-0.619637963785,,-0.547728135235,,,2.25139179995,,,,,3.07131684554,,,,-1.29992468774,,,,0.35356155291,-2.98973815516,-1.92016865288,,,,-0.191445121247,-0.00975878804466,-0.833475152363,,2.30328117794,1.31930692181,,1.26012903036,-0.243232510485,,,1.18701248168,,-1.01406276168,-0.548846205078,,0.110065044721,-0.990137909883,0.300081637594,1.25282892274,-0.669864635831,,,-0.976745045251,-1.23397385324
CHOL17,"MEF2BNB",ENSG00000254901,6.838602,0.208933601875,,0.0693852012092,,,1.49966906776,,,,,3.19298356102,,,,-0.34294471613,,,,1.18809055068,-2.17144804642,-0.793113098091,,,,0.193569991304,0.303968534004,-0.130366726795,,2.52256834511,1.54890469767,,1.38523068636,0.433861590118,,,0.906780236053,,0.264200669902,0.358965867328,,0.907769755383,-1.12294131124,1.27206302957,2.38158114266,-0.0962259822956,,,-0.144753401811,-0.351415267062
CHOL21,"MEF2BNB",ENSG00000254901,29.126412,0.0993101486057,,0.881744571644,,,1.14506277165,,,,,4.58732850114,,,,-1.50807017604,,,,1.4887531509,-3.43732874998,-2.83701408307,,,,-0.512120911611,1.28246960751,-0.4391312196,,3.56250503045,2.99536334522,,4.0871180493,0.978566343587,,,1.93063419179,,-1.79120232489,-0.0622509184933,,1.37462266697,-0.936380392446,0.981935680781,0.967828995237,0.715244453404,,,-0.887416582565,-0.2509865859
CHOL26,"MEF2BNB",ENSG00000254901,7.127797,-0.710402028631,,-0.122118409242,,,1.97709641792,,,,,2.71266546356,,,,-1.2619360052,,,,0.182371174401,-2.8449405782,-1.85213016082,,,,-0.463650338336,-0.00934252379775,-0.880941381536,,2.45062491992,1.0722894579,,1.16205112397,-0.390748915683,,,1.34990144596,,-1.06822397382,-0.631740260615,,-0.0180731314623,-0.483924899473,0.336876023764,1.08568490113,-0.710798473013,,,-1.02797253154,-1.39490268235
CHOL27,"MEF2BNB",ENSG00000254901,16.799095,-0.256365366246,,0.0356064932159,,,0.411891311871,,,,,3.1489558236,,,,-1.37482610621,,,,0.659951888018,-2.95931172398,-2.55626238327,,,,-0.66744105195,0.645725170012,-0.514520167394,,2.29297906209,1.88952713583,,2.61004484357,0.357223903245,,,0.861678774903,,-1.11053121514,-0.419837676814,,0.56430749278,-0.630429094228,0.179692502002,0.638633501205,0.216739720178,,,-0.967660014135,-0.14148096806
CHOL31,"MEF2BNB",ENSG00000254901,9.533147,-0.941823653875,,-0.84818229511,,,2.11678055904,,,,,3.20728840828,,,,-1.59870915603,,,,0.0853878140855,-3.39139748502,-2.21095296043,,,,-0.478636242936,-0.157225576337,-0.973135070088,,2.23078249032,1.14880015728,,1.05142095582,-0.573242088466,,,1.13474776911,,-1.11828691281,-0.854765821644,,-0.182716422365,-1.45539882863,0.116659826693,1.36500771288,-1.03243985931,,,-1.31601294504,-1.28923261002
CHOL33,"MEF2BNB",ENSG00000254901,6.769960,0.201409724661,,-0.00371733588028,,,1.33697058424,,,,,2.7655991097,,,,-0.326444647829,,,,1.14136775684,-1.8841292331,-0.692014701901,,,,0.380455199156,0.190255606135,-0.188404138789,,2.37820261033,1.26622040493,,1.0052155104,0.376102093041,,,0.690742039671,,0.260135655747,0.363020489769,,0.86623731015,-1.37068449091,1.14949677782,2.29426067693,-0.15971039146,,,-0.162322257515,-0.193985800811
FATT24,"MEF2BNB",ENSG00000254901,5.726466,-0.856679334583,,-0.329450271541,,,0.259647953548,,,,,1.37305379398,,,,-1.68938787027,,,,0.159701782573,-2.89461300592,-2.25316743826,,,,-1.96165990841,-1.00615435422,-1.46797043149,,2.2475140591,0.748385997353,,1.07391454775,-0.344164583623,,,-0.934208869202,,-1.17971758046,-0.852758024775,,-0.091118881613,-1.06097324307,0.239863005827,-0.163145253561,-0.794970384888,,,-1.59131564993,-0.97134130436
FATT29,"MEF2BNB",ENSG00000254901,8.355020,-1.24601954052,,-0.728156015287,,,1.00216767917,,,,,1.91559344368,,,,-2.09009209287,,,,-0.166613668941,-3.36021508675,-2.51710145093,,,,-1.40983365295,-1.241061144,-1.6819497296,,2.248648063,0.57762266353,,0.703980956139,-0.730513067018,,,-0.13351736101,,-1.75028536654,-1.2141569532,,-0.436725104512,-1.67648652508,0.0951589817054,0.417057204023,-1.31036635992,,,-1.93598138904,-1.46459079798
LIPI10,"MEF2BNB",ENSG00000254901,6.699339,-0.125536044852,,-0.184445551044,,,1.65361578021,,,,,2.80252010018,,,,-0.777421118193,,,,0.893327521294,-2.65932992537,-1.35371911395,,,,-0.0797547381126,0.180863554419,-0.605363892502,,2.54192314875,1.43914691093,,1.31036232715,0.16472030471,,,0.716166388989,,-0.291485490099,-0.0219576676792,,0.625948113143,-1.23898875473,0.896087076168,2.00526683083,-0.375322566667,,,-0.521040567523,-0.785585964024
LIPI12,"MEF2BNB",ENSG00000254901,6.130293,0.0954095700651,,0.699806420755,,,2.583764265,,,,,2.41509814323,,,,-0.474515988758,,,,0.855619313306,-2.16696937986,-1.4201916137,,,,0.0894169386774,1.01781878204,-0.100398183221,,2.93699869048,1.84289756297,,1.99023337905,0.458216060256,,,1.57200775368,,-0.612538988004,0.101309186205,,0.702819474057,0.66428251648,0.599461403499,1.10541123606,0.252093785163,,,-0.249632287375,-1.26079126875
LIPI13,"MEF2BNB",ENSG00000254901,6.313265,-0.134996984612,,-0.397296446721,,,1.47724692769,,,,,3.08633143737,,,,-0.795018100853,,,,0.806450634913,-2.29559388326,-1.53336214922,,,,-0.224455480363,0.162428246723,-0.604876443165,,2.3393408099,1.35307090926,,1.07301202123,0.171836698515,,,-0.807642304019,,-0.387000449135,-0.0267291531787,,0.573686794002,-1.31506143538,0.730221100245,2.04047769754,-0.365253486011,,,-0.687760818263,-0.861188174504
LIPI14,"MEF2BNB",ENSG00000254901,6.975432,-0.893229221534,,-0.818700586306,,,2.25277086663,,,,,2.65346701494,,,,-1.54370074983,,,,0.0318703534174,-3.27513543016,-2.28690969451,,,,-0.508393522317,-0.0158553069341,-1.10252008942,,2.17273010271,1.08411406468,,1.12911336143,-0.504051563729,,,1.13177245301,,-1.3363599163,-0.871696345821,,-0.201237731139,-1.04924997531,-0.0406137102893,1.00111968103,-0.888700839486,,,-1.2546738094,-1.41226788566
LIPO11,"MEF2BNB",ENSG00000254901,8.587707,-0.149774939575,,-0.213559872831,,,1.74279293108,,,,,2.80359324763,,,,-0.794870441359,,,,0.850417193642,-2.69604558656,-1.38979082981,,,,-0.141750033014,0.215556337569,-0.60174404465,,2.51636961575,1.46347009856,,1.34564828363,0.142988562454,,,0.787639034095,,-0.334426822838,-0.0546511772371,,0.589967310461,-1.18993478712,0.838914598066,1.97412862385,-0.385995953746,,,-0.522370933936,-0.840387860496
LIPO14,"MEF2BNB",ENSG00000254901,6.802058,-0.086529610432,,-0.378843459727,,,1.56708052918,,,,,3.0169798143,,,,-0.749492323615,,,,0.854787141326,-2.22995144908,-1.48602268224,,,,-0.137422716892,0.209794405305,-0.605846790405,,2.37484299309,1.38493822139,,1.06769591501,0.213310627589,,,-0.800325517914,,-0.368941486039,0.023929990775,,0.62575007221,-1.30578885942,0.763696591238,2.12681411482,-0.319195466975,,,-0.627779965795,-0.874339628706
PHLI07,"MEF2BNB",ENSG00000254901,6.079261,-1.12188829033,,-0.672372298313,,,2.38243608392,,,,,2.91193426374,,,,-1.6363955357,,,,-0.324569438876,-3.11361459125,-2.39688329152,,,,-0.704689105082,0.00487945898672,-1.02207463082,,2.29118081479,0.859364070296,,0.968315046456,-0.772494992371,,,1.24793544412,,-1.54877320535,-1.07352513991,,-0.508150091806,-0.192333690932,-0.225060395348,0.718720876691,-0.910003013505,,,-1.4821377631,-1.78335116146
PHLI10,"MEF2BNB",ENSG00000254901,8.035387,-0.848703497302,,-0.810403441938,,,2.09437158183,,,,,3.17441572149,,,,-1.50713022852,,,,0.104547687223,-3.19640642717,-2.16859987336,,,,-0.323757534938,-0.116977700274,-1.01118148597,,2.18097995667,1.13652113392,,1.08679567247,-0.474333469289,,,0.919728103205,,-1.22269185631,-0.780072842986,,-0.125866512734,-1.12670222294,0.194521677276,1.15026493367,-0.876221364296,,,-1.2132225992,-1.36502107595
PHLI11,"MEF2BNB",ENSG00000254901,6.635243,-0.117354830284,,-0.251379110801,,,1.62647038711,,,,,2.82730526712,,,,-0.701435263911,,,,0.859971660906,-2.42944689513,-1.1504313238,,,,-0.0766427811986,0.15536139277,-0.470447601545,,2.31753965133,1.29310239997,,1.0424987925,0.108459306847,,,1.02672292411,,-0.145380689582,0.0185345951754,,0.586589952118,-1.47384152894,0.871054612804,2.24913517118,-0.462520808455,,,-0.469280565099,-0.622246288671
PHLI13,"MEF2BNB",ENSG00000254901,5.881107,-0.457240090759,,0.287154155803,,,1.91033527162,,,,,2.67068757741,,,,-0.998132913045,,,,0.294138789288,-2.60655274293,-1.87874476921,,,,-0.169809167431,0.536821162351,-0.507409143186,,2.71091426501,1.36998787105,,1.52766696765,-0.104043838744,,,1.11872001609,,-1.03206070622,-0.423275220743,,0.165206630655,0.318587991208,0.389464402063,0.886282874573,-0.300629100418,,,-0.803398942652,-1.51244696372
TRGL01,"MEF2BNB",ENSG00000254901,8.053739,-0.470519257816,,-0.29434116433,,,1.89417846791,,,,,3.38915506998,,,,-1.12566169195,,,,0.513714949527,-3.19779379591,-1.96937622943,,,,-0.289618280462,0.459371427315,-0.600918261921,,2.63484644452,1.5468457834,,1.57196247034,-0.0969231246996,,,0.894221432427,,-0.902159521181,-0.40025930195,,0.284331990838,-1.08514648197,0.44206040054,1.83513226671,-0.559428528502,,,-0.86535470128,-1.41272837268
TRGL03,"MEF2BNB",ENSG00000254901,13.995507,0.0369009057464,,0.636810337928,,,-0.236449067572,,,,,3.46517014715,,,,-0.982002898247,,,,0.904082339614,-2.29349531587,-1.81078668084,,,,-0.885639985208,0.926621354223,-0.54665670281,,2.98387033959,2.04492234509,,2.86807812574,0.641526308045,,,3.86236712459,,-0.896242638864,-0.0502667719696,,0.843050824188,-1.76089849885,1.01602085725,1.21971293723,0.382132354147,,,-0.561280311456,-0.417868454574
TRGL07,"MEF2BNB",ENSG00000254901,6.518514,-1.0048054471,,-0.831742453971,,,2.15778636307,,,,,2.31543036548,,,,-1.55867312673,,,,-0.208371059132,-3.00308001005,-2.10607298468,,,,-0.44618471587,-0.205531720577,-1.19260188148,,1.87517186844,0.821717790959,,0.897012114577,-0.65577959047,,,1.36318000427,,-1.44890388889,-0.982247639902,,-0.405372488479,-0.841884132741,-0.0435055479444,0.652760616124,-0.943930801965,,,-1.27162357775,-1.42861793741
TRGL09,"MEF2BNB",ENSG00000254901,7.753354,-0.182308048039,,-0.2700354538,,,1.79649518555,,,,,3.17810079033,,,,-0.735777728383,,,,0.697022303158,-2.69568725494,-1.3640001069,,,,-0.275563812657,0.372500260132,-0.374045070941,,2.3727738744,1.50117206365,,1.48497314934,0.105292913688,,,1.23436509448,,-0.342572099517,-0.104024683375,,0.474487719902,-1.11778953941,0.766548738857,1.91475492625,-0.36836263001,,,-0.457929823018,-0.808829486792
TRGL12,"MEF2BNB",ENSG00000254901,6.463353,0.017826725684,,-0.207614818274,,,1.51412945716,,,,,2.92553783273,,,,-0.640941175577,,,,1.00559032036,-2.3663627267,-1.29904657323,,,,-0.110998414412,0.317751928293,-0.605005484931,,2.3992731565,1.48134264481,,1.20466902705,0.282656194827,,,-0.154560700594,,-0.239235663323,0.136075597015,,0.77329122412,-1.3738002109,0.770060982418,2.39668390722,-0.269300889654,,,-0.426132777391,-0.857822451966
