code,target,ENSEMBL,association,Adipose_Subcutaneous,Adipose_Visceral_Omentum,Breast_Mammary_Tissue,Muscle_Skeletal,DGN_Whole_Blood,Whole_Blood,Artery_Aorta,Artery_Coronary,Artery_Tibial,Heart_Atrial_Appendage,Heart_Left_Ventricle,Spleen,Brain_Amygdala,Brain_Anterior_cingulate_cortex_BA24,Brain_Caudate_basal_ganglia,Brain_Nucleus_accumbens_basal_ganglia,Brain_Putamen_basal_ganglia,Brain_Cerebellar_Hemisphere,Brain_Cerebellum,Brain_Cortex,Brain_Frontal_Cortex_BA9,Brain_Hippocampus,Brain_Hypothalamus,Brain_Spinal_cord_cervical_c-1,Brain_Substantia_nigra,Nerve_Tibial,Cells_Transformed_fibroblasts,Cells_EBV-transformed_lymphocytes,Colon_Sigmoid,Colon_Transverse,Esophagus_Gastroesophageal_Junction,Esophagus_Mucosa,Esophagus_Muscularis,Liver,Minor_Salivary_Gland,Small_Intestine_Terminal_Ileum,Stomach,Adrenal_Gland,Pituitary,Pancreas,Thyroid,Lung,Ovary,Prostate,Testis,Uterus,Vagina,Skin_Not_Sun_Exposed_Suprapubic,Skin_Sun_Exposed_Lower_leg
BFPC04B,"RPL13",ENSG00000167526,5.639653,-1.80487154313,-1.81109328703,-1.57922863993,-1.16684270761,-0.03195434997943488,-1.53573710767,-1.40976925785,-1.97680982106,-1.10927049132,-2.70262372892,-3.01918404269,,,-2.54471179582,,,,,,,0.803299117504,,,,-0.614758609454,-1.26202297862,-2.22314960699,,-1.08063408238,-1.89080064172,-1.23312979695,-1.87427663107,-2.09619353803,,-0.740928019354,,-0.972743948816,-1.36294189767,,,-1.75750456098,-2.1232520026,,,-1.60132359254,,,-1.83422882698,-1.73980987077
BLOO27,"RPL13",ENSG00000167526,6.368100,-3.64295068275,-3.62461384007,-1.93457697654,-2.01770172091,-1.1031805286083414,-2.78380934625,-2.61683960671,-2.7975115231,-2.18154290087,-1.89469881359,-3.03832619001,,,-3.00002303128,,,,,,,0.107382164016,,,,-2.37367584575,-0.697353152118,-4.22872846666,,-4.66365011942,-3.51486488376,-1.71476604358,-3.58589037463,-3.36455352678,,-3.09441770078,,-3.08269800624,-3.71835465457,,,-3.73759028353,-3.51036634871,,,-2.68533879971,,,-3.17119950899,-3.34917477473
FATM04B,"RPL13",ENSG00000167526,5.917681,-3.63564515994,-3.64255580794,-3.72476376955,-3.15456729551,-2.010131171535259,-3.61094157248,-2.79229929791,-3.94394048603,-3.1170190411,-4.1684785528,-4.89442186885,,,-4.49006271353,,,,,,,0.58082848888,,,,-1.61833127428,-3.16361530686,-3.88186953857,,-2.78601136178,-3.73297612182,-2.34774308533,-3.67374492282,-4.01382240898,,-2.04465079956,,-2.66099660199,-3.01779102916,,,-3.60108769263,-3.92037992628,,,-3.70011298069,,,-2.99991104511,-3.62022513871
FATM04,"RPL13",ENSG00000167526,5.339789,-3.50524526787,-3.52821512514,-3.67327870926,-3.09169558994,-2.138386514711511,-3.58742986458,-2.65335772007,-3.91449019529,-3.05964669759,-4.1341978173,-4.7250517493,,,-4.38076637175,,,,,,,0.856207341758,,,,-1.72095426687,-3.11123210546,-3.73252019713,,-2.65682438509,-3.61474764741,-2.21179754129,-3.55027709042,-3.94228856007,,-1.94583672493,,-2.50378394053,-2.786298027,,,-3.49990367725,-3.81966567697,,,-3.64765554562,,,-2.68934146629,-3.50096797828
HEIG03,"RPL13",ENSG00000167526,4.679272,-3.34342079861,-3.88923268037,-4.3648692439,-3.81033245095,-3.4489954716418727,-4.31907933522,-3.50035877622,-4.14060726601,-3.64933456868,-3.10209400775,-4.13663656931,,,-3.41345260509,,,,,,,0.239971554225,,,,-3.47467919739,-3.16976744689,-3.80182885412,,-2.86517228807,-4.04165870474,-0.658227694641,-3.43011381846,-3.85509911612,,-6.0166547399,,-3.62322254066,-2.23692751082,,,-4.02494421059,-4.11492028975,,,-4.41164460252,,,-2.36416972509,-3.61784609584
LEAN04B,"RPL13",ENSG00000167526,5.877686,-4.10030152079,-4.1182688006,-4.27898070097,-4.00219814188,-2.7764975900795985,-4.52073702327,-3.51269039008,-3.82666815205,-3.92251869009,-3.55163382517,-4.2367999527,,,-3.73620137837,,,,,,,-0.474604492499,,,,-2.19382566782,-3.32690034747,-4.14002092084,,-3.8774800288,-4.07311525472,-1.81461276607,-4.08865964509,-4.24157575757,,-3.46610547368,,-3.5285854944,-3.65537155359,,,-3.98401539233,-3.8568968027,,,-3.92938892632,,,-2.39996865394,-4.06044166425
LEAN06B,"RPL13",ENSG00000167526,13.602495,-6.03649091617,-6.03775558814,-6.93188931614,-6.31780186443,-5.005032533410861,-6.84493074926,-4.58051326138,-6.43210019975,-6.3219445131,-5.52483030278,-6.59762872754,,,-6.54953293054,,,,,,,-0.0511802147708,,,,-3.51405966247,-5.69266305991,-5.88406567922,,-5.45773024923,-6.14720671155,-4.02150681964,-6.00984711512,-6.51048540342,,-4.24087317087,,-5.26903117295,-5.14694713888,,,-6.05328622737,-6.12977714408,,,-6.59426730872,,,-3.92571364346,-6.18873289171
LEAN06F,"RPL13",ENSG00000167526,8.863977,-4.62516890714,-4.61101303183,-5.44166592341,-5.08477839995,-3.8758054591016298,-5.49981702222,-3.74924410867,-5.11480964917,-5.03550714859,-4.71564749633,-4.94691252217,,,-5.43225764715,,,,,,,-0.492420798833,,,,-3.04929891913,-4.62094100311,-4.46010306789,,-3.85338633866,-4.75737775176,-3.10669425868,-4.58072979024,-5.18394780228,,-3.1893984588,,-3.91384708325,-3.82637881368,,,-4.62775436771,-4.82749035555,,,-5.22920340858,,,-2.6911578018,-4.87841186766
LEAN06M,"RPL13",ENSG00000167526,7.976953,-4.5207477188,-4.54516498678,-4.9862603291,-4.34700742543,-3.6824892956367856,-4.72525061391,-3.05580833323,-4.52404894487,-4.43362171275,-3.38108079445,-5.11356433008,,,-4.25651467871,,,,,,,0.671946617681,,,,-2.07286694447,-3.85651767067,-4.482862243,,-4.60362563807,-4.52933185034,-2.97138101976,-4.53806413378,-4.56776485665,,-3.2660427393,,-4.13967296006,-4.03861797669,,,-4.55020354286,-4.38516562691,,,-4.6618776127,,,-3.43798303665,-4.4203703531
LEAN06,"RPL13",ENSG00000167526,12.005037,-5.81732883521,-5.83625736038,-6.6065670077,-5.91855696732,-4.761859504087893,-6.43308873488,-4.25285081157,-6.06587405211,-5.9565168852,-4.965746904,-6.5717726627,,,-6.00789448883,,,,,,,0.312514691812,,,,-3.1116103937,-5.32365576297,-5.69367659144,,-5.5507126523,-5.88462226561,-3.94514879912,-5.80629973455,-6.14620267533,,-4.13519436055,,-5.13509513967,-4.9746666754,,,-5.8374097311,-5.80591898972,,,-6.26638043342,,,-3.97607180859,-5.84744456819
SCHI01,"RPL13",ENSG00000167526,6.115800,-2.96870741655,-2.97360170664,-1.34859671806,-1.58205024387,-1.419415348602728,-2.31352808803,-1.82718288291,-2.58800517373,-1.50968911039,-1.55273959755,-2.24381682149,,,-3.30370664651,,,,,,,-1.00788332486,,,,-1.5555864571,-1.33783805035,-3.05258067116,,-3.14801843886,-3.07521019333,-0.408290990562,-3.01889993632,-3.27669028683,,-2.19085229641,,-2.5198717141,-3.58382594465,,,-2.72945537001,-2.91588128398,,,-2.07964561347,,,-2.51521522802,-3.26535372639
