code,target,ENSEMBL,association,Adipose_Subcutaneous,Adipose_Visceral_Omentum,Breast_Mammary_Tissue,Muscle_Skeletal,DGN_Whole_Blood,Whole_Blood,Artery_Aorta,Artery_Coronary,Artery_Tibial,Heart_Atrial_Appendage,Heart_Left_Ventricle,Spleen,Brain_Amygdala,Brain_Anterior_cingulate_cortex_BA24,Brain_Caudate_basal_ganglia,Brain_Nucleus_accumbens_basal_ganglia,Brain_Putamen_basal_ganglia,Brain_Cerebellar_Hemisphere,Brain_Cerebellum,Brain_Cortex,Brain_Frontal_Cortex_BA9,Brain_Hippocampus,Brain_Hypothalamus,Brain_Spinal_cord_cervical_c-1,Brain_Substantia_nigra,Nerve_Tibial,Cells_Transformed_fibroblasts,Cells_EBV-transformed_lymphocytes,Colon_Sigmoid,Colon_Transverse,Esophagus_Gastroesophageal_Junction,Esophagus_Mucosa,Esophagus_Muscularis,Liver,Minor_Salivary_Gland,Small_Intestine_Terminal_Ileum,Stomach,Adrenal_Gland,Pituitary,Pancreas,Thyroid,Lung,Ovary,Prostate,Testis,Uterus,Vagina,Skin_Not_Sun_Exposed_Suprapubic,Skin_Sun_Exposed_Lower_leg
BFPC02B,"CHST10",ENSG00000115526,3.807098,,,,1.8859479802,-1.5504830258676894,,,,,3.77405460723,3.94203118164,,-3.07626961315,-4.77381873032,,0.466673647695,,-4.15512556261,-4.01373330186,,-4.15833548067,,-3.70281529161,,,,,,,,,,,,,,2.34309707577,,,,-4.02765645652,-4.28218975958,,,0.154721093693,,,,-0.763917826205
BFPC02,"CHST10",ENSG00000115526,3.616669,,,,1.98129699563,-1.4427311699946024,,,,,3.60613065947,3.79519192807,,-2.87646102931,-4.7608202571,,0.352046858392,,-4.16937364871,-3.80762054813,,-3.92094571151,,-3.44317046091,,,,,,,,,,,,,,2.63328329236,,,,-3.84646342244,-4.14397134593,,,0.347293886665,,,,-0.999891515522
BFPC03B,"CHST10",ENSG00000115526,3.878276,,,,1.99180453953,-1.6402222553899892,,,,,3.79454185534,3.94208312475,,-3.07276570737,-4.81422939288,,0.533920215775,,-4.15969254629,-4.00942759998,,-4.13128225192,,-3.67296661371,,,,,,,,,,,,,,2.38347373283,,,,-4.05357257807,-4.26795239664,,,0.121082784635,,,,-0.887285932837
BFPC03,"CHST10",ENSG00000115526,3.600828,,,,2.112041208,-1.5389905918702904,,,,,3.62944845184,3.79275937735,,-2.86114286702,-4.8154263864,,0.427475668835,,-4.17198105098,-3.79750400197,,-3.8886483442,,-3.39964432722,,,,,,,,,,,,,,2.68269558837,,,,-3.86941868216,-4.11969911587,,,0.302273112353,,,,-1.12870382515
BFPC04B,"CHST10",ENSG00000115526,7.467488,,,,1.7637144132,-1.7423377985653974,,,,,2.5374436136,5.23173695221,,-4.26815168635,-6.64908003662,,0.0683921033456,,-5.25248950043,-4.92543916486,,-4.8158346833,,-4.12724736126,,,,,,,,,,,,,,1.19694646785,,,,-5.39539728718,-5.30448154249,,,0.98451480499,,,,-0.366114723365
BFPC04F,"CHST10",ENSG00000115526,1.172857,,,,0.461978431455,-0.2588703989081639,,,,,1.36020968492,2.93274118811,,-2.52079175309,-5.33316343977,,-0.982321918597,,-3.69512270684,-2.66161306231,,-2.83585159782,,-2.28050484194,,,,,,,,,,,,,,1.25194139197,,,,-2.8967359222,-3.15446202548,,,1.30880104713,,,,-0.83646272536
BFPC04M,"CHST10",ENSG00000115526,5.127401,,,,2.05650440463,-2.198300506825582,,,,,2.36285851127,4.75984031429,,-3.77476167505,-4.67926735715,,0.933345479419,,-4.13680056549,-4.56723930274,,-4.26639634954,,-3.78502186972,,,,,,,,,,,,,,0.592863648476,,,,-5.0192086118,-4.67297963363,,,0.243687193779,,,,0.209851278091
BFPC04,"CHST10",ENSG00000115526,5.365613,,,,1.53912593175,-1.4904123659273165,,,,,2.39208033005,4.95185714255,,-4.08281380202,-6.62550003623,,-0.142540403373,,-5.12113027159,-4.64388869798,,-4.56214567726,,-3.85670484991,,,,,,,,,,,,,,1.16115172198,,,,-5.07152784423,-5.0518352797,,,1.08586746459,,,,-0.555145690223
BODY08B,"CHST10",ENSG00000115526,3.846246,,,,0.74713752577,-1.461558985716892,,,,,1.95620313705,3.85947876313,,-2.60942773426,-6.48465281215,,0.516579492625,,-4.7655416915,-3.86044471802,,-3.69803767254,,-3.23638656489,,,,,,,,,,,,,,2.18374067844,,,,-4.1748850113,-4.26511002664,,,1.16835489178,,,,0.225193288117
BODY08F,"CHST10",ENSG00000115526,0.946691,,,,-0.549587695902,-0.034290404775807824,,,,,0.867385657527,1.85590091932,,-1.1237653008,-5.52418965933,,-0.626285749941,,-3.58167291749,-1.72897046289,,-1.98834833985,,-1.17357105125,,,,,,,,,,,,,,1.63125210879,,,,-1.93370969476,-2.16484648822,,,1.01186166563,,,,-0.265958002107
BODY08,"CHST10",ENSG00000115526,3.390075,,,,0.43141862207,-1.2000934262751484,,,,,1.77270029299,3.57798350451,,-2.44591608622,-6.55505718812,,0.275364369761,,-4.70564510425,-3.55776185398,,-3.43102802605,,-2.86855978693,,,,,,,,,,,,,,2.01051613544,,,,-3.86667397097,-3.98160100771,,,1.22230938585,,,,0.0191405295046
COLL01,"CHST10",ENSG00000115526,3.701016,,,,-0.491589853502,0.19637146372165212,,,,,-1.09156763639,-3.54415310284,,3.51275208278,6.39519184593,,0.916326901848,,2.94105221978,3.26289346322,,3.87532241887,,3.74033809125,,,,,,,,,,,,,,0.296987056205,,,,3.1190403649,3.52369442948,,,0.515621676015,,,,-2.40357452846
EDUC01F,"CHST10",ENSG00000115526,6.628046,,,,-2.56020074439,2.562437600574632,,,,,-2.9872724647,-4.06750841511,,3.64060619449,6.07332187451,,-1.06775597406,,3.99394980135,3.54567650174,,4.37589780715,,2.97708658055,,,,,,,,,,,,,,-1.45476234128,,,,3.6237445771,3.78413580905,,,0.924141528005,,,,0.204857696276
EDUC01M,"CHST10",ENSG00000115526,7.844330,,,,-2.24849250611,1.2506438799122137,,,,,-3.79961385705,-5.23929506668,,4.89666534553,6.98515224993,,0.411935360716,,5.55607601974,5.10359369163,,5.82843558115,,5.37724925089,,,,,,,,,,,,,,-2.03019251071,,,,4.96504483988,5.55176943487,,,-0.649319815144,,,,-1.45155561163
EDUC01,"CHST10",ENSG00000115526,12.251851,,,,-3.19513320583,2.600602198437232,,,,,-4.71009906969,-6.25403014332,,5.93256913093,8.99659876611,,-0.467021548322,,6.52934420419,5.97163708922,,7.02836625891,,5.69969381779,,,,,,,,,,,,,,-2.24130918337,,,,5.8421234289,6.47028296054,,,0.521911628063,,,,-0.852719776558
EDUC03,"CHST10",ENSG00000115526,29.365553,,,,-4.19111227134,3.2227051135810623,,,,,-7.36467236187,-9.59510767667,,9.15819554373,11.6099657201,,-0.419667587333,,8.94831598814,9.97980242092,,10.9868947751,,9.55566506506,,,,,,,,,,,,,,-3.94967691838,,,,9.46486547544,10.6458993686,,,1.75623137844,,,,-1.62689792218
EDUC04,"CHST10",ENSG00000115526,3.156574,,,,0.01805964654,0.15163739478340918,,,,,-0.513611896462,-3.45413357738,,3.28418322385,5.60450701159,,0.958879537164,,3.27581804982,3.21605298324,,3.98747184815,,3.9442583776,,,,,,,,,,,,,,0.669010656644,,,,3.11804121395,3.57035277536,,,-0.398342806796,,,,-1.51907671274
FATM04B,"CHST10",ENSG00000115526,4.098128,,,,1.01705908065,-1.0225021303635953,,,,,2.00644770757,4.20655368542,,-3.0340500312,-6.37433612101,,-0.047851023797,,-4.64779076364,-3.94637870306,,-3.88152873898,,-3.29189937232,,,,,,,,,,,,,,1.86867153761,,,,-4.45472581633,-4.43374935053,,,1.22183005963,,,,-0.010689656118
FATM04F,"CHST10",ENSG00000115526,0.685353,,,,-0.208748971683,0.3201303965952968,,,,,0.829074298128,2.00449405938,,-1.32406575381,-5.39695949107,,-1.15759155858,,-3.22772513723,-1.76777422945,,-2.07104583738,,-1.49584649595,,,,,,,,,,,,,,1.68061466033,,,,-2.03301492226,-2.26993557835,,,1.10260334097,,,,-0.221335134957
FATM04,"CHST10",ENSG00000115526,3.426896,,,,0.736638523528,-0.744794152468575,,,,,1.82920760433,3.90514639122,,-2.81060051923,-6.43816469166,,-0.313635307005,,-4.5422041885,-3.64457714289,,-3.6282748554,,-3.00697191456,,,,,,,,,,,,,,1.81231106015,,,,-4.10909800415,-4.14281499252,,,1.25019950453,,,,-0.136369403504
INTE02,"CHST10",ENSG00000115526,1.985228,,,,-0.0942532001393,1.7144041910056875,,,,,-1.64424632835,-3.1760153741,,3.06747292499,5.29729876747,,-0.851514316496,,2.94147719014,2.68812096966,,3.37504789251,,2.43375160366,,,,,,,,,,,,,,-0.211205229019,,,,2.44510731435,3.14866195782,,,1.30723256605,,,,-0.38774584046
REPR01,"CHST10",ENSG00000115526,1.592524,,,,-0.108123890203,0.9852176660231239,,,,,-1.79287316429,-3.42515184981,,2.44126443382,4.773010552,,0.145026592575,,3.28512195724,2.85820598843,,3.74879680861,,2.79351587866,,,,,,,,,,,,,,0.420224314493,,,,2.28050996846,2.98753613626,,,-0.198654209154,,,,0.848482730891
RHEU01,"CHST10",ENSG00000115526,0.581467,,,,-0.135984831391,-0.1675846639136223,,,,,0.841643715516,1.37541631005,,-2.18721738338,-4.71843643119,,-1.22372357442,,-0.699201024525,-1.86635644845,,-2.52264279918,,-2.18050525866,,,,,,,,,,,,,,-1.42843201098,,,,-1.61800335394,-1.73128416599,,,-1.07599648723,,,,-1.80021601276
RHEU02,"CHST10",ENSG00000115526,0.727578,,,,0.028161795906,-0.16758466391362237,,,,,0.840523587895,1.37541631005,,-2.18721738338,-4.71843643119,,-1.22372357442,,-0.680433192998,-1.86635644845,,-2.52264279918,,-2.3672466971,,,,,,,,,,,,,,-1.30703875199,,,,-1.6313295725,-1.73128416599,,,-1.07599648723,,,,-1.80021601276
