code,target,ENSEMBL,association,Adipose_Subcutaneous,Adipose_Visceral_Omentum,Breast_Mammary_Tissue,Muscle_Skeletal,DGN_Whole_Blood,Whole_Blood,Artery_Aorta,Artery_Coronary,Artery_Tibial,Heart_Atrial_Appendage,Heart_Left_Ventricle,Spleen,Brain_Amygdala,Brain_Anterior_cingulate_cortex_BA24,Brain_Caudate_basal_ganglia,Brain_Nucleus_accumbens_basal_ganglia,Brain_Putamen_basal_ganglia,Brain_Cerebellar_Hemisphere,Brain_Cerebellum,Brain_Cortex,Brain_Frontal_Cortex_BA9,Brain_Hippocampus,Brain_Hypothalamus,Brain_Spinal_cord_cervical_c-1,Brain_Substantia_nigra,Nerve_Tibial,Cells_Transformed_fibroblasts,Cells_EBV-transformed_lymphocytes,Colon_Sigmoid,Colon_Transverse,Esophagus_Gastroesophageal_Junction,Esophagus_Mucosa,Esophagus_Muscularis,Liver,Minor_Salivary_Gland,Small_Intestine_Terminal_Ileum,Stomach,Adrenal_Gland,Pituitary,Pancreas,Thyroid,Lung,Ovary,Prostate,Testis,Uterus,Vagina,Skin_Not_Sun_Exposed_Suprapubic,Skin_Sun_Exposed_Lower_leg
ALZH01,"ACP2",ENSG00000134575,2.977654,-1.3615939256,0.436381030971,0.299223331863,0.0944641555833,-0.4263088311215494,0.152426752863,,,-0.788233100014,0.202971723703,0.0732652366426,-0.0845564216657,,-4.75288035302,,,,,-0.0231587099423,,,,,,,-1.32697003111,,-0.366122980978,,,-1.89619106884,-0.712354134826,,,-2.77976479538,,,-0.670914558417,,,-1.84895845562,0.223292386152,,,-0.849782622892,,,-0.498525654677,0.664268191208
BFPC02B,"ACP2",ENSG00000134575,4.499133,5.23589221012,3.03904408888,2.14816929328,2.97373226754,4.38786143888184,2.77522195368,,,0.790355484874,1.1873552513,1.65943163491,3.5645181232,,5.52105905644,,,,,3.93549876244,,,,,,,3.2938648727,,3.14136409386,,,2.67556599242,3.92321522969,,,2.45238022341,,,2.98290876841,,,4.61083610911,3.00918392567,,,4.05842932265,,,3.7803810076,2.44236489182
BFPC02M,"ACP2",ENSG00000134575,2.946154,3.71973663683,2.47534384673,1.63265357561,2.17493640041,3.6808970938645396,1.91596341392,,,0.27061925231,1.12111304963,1.01965060689,2.9910551483,,4.87541249381,,,,,2.7505334163,,,,,,,2.70879737701,,2.9230964797,,,2.50010152835,3.45792295957,,,2.5336552867,,,2.29383584332,,,4.06611045745,2.34289083359,,,3.50783124691,,,3.10899789551,1.66820791659
BFPC02,"ACP2",ENSG00000134575,4.089963,5.29066858225,2.95530542297,2.17491804402,2.97947866795,4.258479634522814,2.83588314727,,,0.950268568061,1.08864769915,1.70866571614,3.44983927555,,5.287167246,,,,,4.00895695278,,,,,,,3.23202401976,,2.94026930584,,,2.48852425488,3.74089969517,,,2.29146271251,,,2.95520630788,,,4.39563301957,2.98192204058,,,3.91689514744,,,3.67803771386,2.50055102052
BFPC03B,"ACP2",ENSG00000134575,4.154524,5.18771221515,2.90974028035,2.08205447752,2.84022923784,4.252123140632563,2.73082471462,,,0.90988863317,1.09924135724,1.56019795423,3.45329845177,,5.634655944,,,,,3.89040846542,,,,,,,3.31592235251,,3.01146939389,,,2.59868963293,3.83558819324,,,2.55713002892,,,3.02075558562,,,4.49864698378,2.94976705644,,,4.0700991592,,,3.65862679873,2.37576037041
BFPC03M,"ACP2",ENSG00000134575,2.956756,3.68720897878,2.44609011482,1.61181783291,2.13254870254,3.645211899711796,1.90067568058,,,0.226719863412,1.09494097692,0.968540964056,2.96763291338,,4.82433000398,,,,,2.72231393533,,,,,,,2.68374553095,,2.89096611533,,,2.4411941154,3.41986708167,,,2.49059683175,,,2.25696317387,,,4.01746384286,2.32695818564,,,3.49007328015,,,3.07445282685,1.64477023412
BFPC03,"ACP2",ENSG00000134575,4.046704,5.22285339392,2.79845366569,2.08281838692,2.82031757027,4.0907935303735865,2.77689862464,,,1.10524196286,0.987991185924,1.59638626555,3.31080710599,,5.42879060391,,,,,3.95050125481,,,,,,,3.2558246681,,2.78376141987,,,2.40673467638,3.63758213565,,,2.43306467121,,,2.99894166163,,,4.26278795801,2.90392252605,,,3.926539741,,,3.52919745593,2.41854085736
BFPC04B,"ACP2",ENSG00000134575,9.993448,7.84367635245,3.8405699405,3.24389320903,3.85218942973,5.760475470512426,4.18985415312,,,0.433077636175,0.193598351636,1.12423689006,4.83008575584,,8.07975723406,,,,,5.61865265411,,,,,,,5.40686799282,,4.05595411203,,,3.58872426393,4.93080395008,,,5.24964870137,,,5.05197307831,,,6.22315867349,4.30316693265,,,5.92730489439,,,5.1180997553,3.24207716591
BFPC04F,"ACP2",ENSG00000134575,3.287291,5.29674630826,2.44017455373,2.61727530507,2.68474721201,3.3910060882185205,2.64507309457,,,2.04905642025,-0.167010053133,1.08869436854,2.1705754818,,4.95053164587,,,,,4.15432797654,,,,,,,2.56462361757,,1.83064662263,,,2.44769776461,2.87723960215,,,1.71080286224,,,3.16399896223,,,3.55459194478,2.28770239095,,,3.46659370776,,,2.73552579302,2.35679801998
BFPC04M,"ACP2",ENSG00000134575,7.331400,6.37000727181,3.25065663764,2.27223421548,3.05710490428,5.10561999111358,3.56030448884,,,-1.14939368769,0.416574211435,0.628482791131,4.85459256951,,6.99461495574,,,,,4.25446980713,,,,,,,5.32080076799,,4.06986224136,,,2.89501867434,4.39129729342,,,5.83241971057,,,4.31238570917,,,5.60785360289,4.02310776882,,,5.27113561281,,,4.77295443476,2.48796305048
BFPC04,"ACP2",ENSG00000134575,8.898941,7.642074818,3.68058286522,3.21266317537,3.73011907954,5.504985415702752,4.0105812412,,,0.814901022614,0.0991960791663,1.17794216507,4.50075551256,,7.73038315244,,,,,5.55103234241,,,,,,,4.98971903639,,3.75658011921,,,3.43113549212,4.70292035717,,,4.71330481731,,,4.82955954987,,,5.89867182132,4.02756675955,,,5.63573344992,,,4.81760018695,3.17045209411
BLOO01,"ACP2",ENSG00000134575,5.680332,-5.34771638083,-3.38163437888,-2.40858967072,-3.5797322468,-3.335018798857035,-3.85957978667,,,-1.75475867766,-1.82278594664,-0.0730621167984,-0.966681192349,,-5.3697535971,,,,,-5.39488268928,,,,,,,-4.05265076422,,-1.13723896837,,,-1.83720938029,-3.03301810976,,,-4.31096245753,,,-3.75648897385,,,-2.6911150559,-3.17874707551,,,-4.57934661565,,,-2.58062290234,-3.35643560561
BLOO05,"ACP2",ENSG00000134575,9.394253,-5.1200226204,-5.34574213937,-2.79490363256,-4.8270478465,-5.670527088106445,-4.43144971085,,,1.58327896127,-2.39207044134,-2.25966175208,-4.33272192485,,-1.24323991042,,,,,-4.04287959509,,,,,,,-2.98299578763,,-4.49133713048,,,-2.7835397235,-4.1692361134,,,0.573507494316,,,-2.31653987795,,,-4.60689969401,-4.19551117011,,,-3.25216877992,,,-5.08431887726,-3.88388011344
BLOO11,"ACP2",ENSG00000134575,9.843511,3.02603211233,4.08071898704,4.22665067892,3.70223067875,5.428776283284309,4.12811359384,,,-2.47822363452,2.84782997993,2.17348339679,6.03102166874,,2.54289956763,,,,,1.81471106112,,,,,,,3.68610982596,,5.64782954102,,,1.95813786443,4.5858900698,,,-0.197973572561,,,2.76098327708,,,5.47287551938,5.60852961249,,,5.25584115672,,,5.73370716185,3.68045609692
BLOO19,"ACP2",ENSG00000134575,5.511111,4.37352101167,4.02748594752,3.0629705599,3.88466785203,4.455938258184777,4.27181209207,,,-0.060697051655,1.89308602237,0.641385302038,3.41416877634,,4.61171092181,,,,,3.44799163807,,,,,,,4.07972239877,,3.35443280669,,,3.13246837534,3.72919203462,,,0.692568478454,,,3.4875591776,,,4.43885020462,4.45468690912,,,4.95149169065,,,4.24436965322,3.52196620215
BLOO24,"ACP2",ENSG00000134575,10.412772,2.73114227808,3.97328419102,2.97036051394,3.41262121539,5.0240362445442335,3.03859234565,,,-3.23865097886,2.47005511453,3.40201297882,5.48328321927,,-1.16401067898,,,,,1.45578006463,,,,,,,1.74727014832,,5.29335897218,,,1.69164305284,3.83939911043,,,-1.44559615594,,,1.10606492008,,,4.2693440475,3.92030812244,,,2.34094638492,,,5.00303417647,2.91366044542
BLOO28,"ACP2",ENSG00000134575,11.676769,-5.73738258387,-6.0530370251,-4.39367534824,-5.54726162776,-6.88417188044477,-5.89076660269,,,1.63904237152,-3.09546204265,-1.79392192284,-5.86005763083,,-4.60510603329,,,,,-4.29930395655,,,,,,,-5.17030416613,,-5.77628970329,,,-4.03633877909,-5.5564707152,,,-0.231501818197,,,-4.06810117036,,,-6.56725588786,-6.47158631531,,,-6.46449805097,,,-6.62880156673,-4.96473902828
BLOO29,"ACP2",ENSG00000134575,3.307206,2.51704528231,1.60336190112,2.06578041616,1.71824156985,2.06139617744862,1.62677762018,,,1.75128256531,3.79206296764,2.01541258238,1.22976633697,,5.08119483892,,,,,2.67688482012,,,,,,,2.51560297744,,1.61387004384,,,1.32028876577,2.63387495081,,,3.75437687926,,,2.3537168494,,,2.84829496227,2.05372200163,,,3.47409095969,,,2.13465783751,2.14796590947
BODY03,"ACP2",ENSG00000134575,8.423590,7.21385361166,4.25423662399,3.08706252121,5.26062921101,4.517354962969967,4.76007628881,,,3.15853685467,2.21667768709,2.90108846742,3.29586779069,,6.91086159225,,,,,5.5490542699,,,,,,,5.22369400418,,3.98369499817,,,5.70955404592,3.59433437238,,,5.35217610821,,,3.8507210992,,,6.08345453814,4.42488415121,,,5.54746530605,,,4.33011397304,3.83787818058
BODY04F,"ACP2",ENSG00000134575,4.416869,5.06232953266,2.8293431568,3.10933782476,3.67532111616,3.018786224700457,3.62886650279,,,3.07384891097,1.5560488026,1.77477711402,2.00885503074,,5.05098054434,,,,,4.59818290442,,,,,,,4.34326264247,,2.22971700127,,,3.74509121807,2.88534235971,,,2.832745287,,,3.04651458777,,,3.71725510032,3.47604199401,,,4.33074431044,,,3.17953717445,2.92450620192
BODY04M,"ACP2",ENSG00000134575,6.175484,5.30296718928,3.46667716643,1.69091599345,3.87015350683,3.7080048220107713,3.41117545743,,,2.29906644615,1.94862691694,3.12998838638,3.28584857578,,5.78701910078,,,,,3.46406724708,,,,,,,3.63000026077,,3.81364599018,,,4.94394814282,3.06918690705,,,5.27415733692,,,2.9921476067,,,5.47857360052,3.23151802896,,,4.16181520226,,,3.83458103363,2.71275786868
BODY04,"ACP2",ENSG00000134575,9.219467,7.43974974778,4.24057660729,3.1525509057,5.10945858334,4.522652595598824,4.72813470808,,,3.38610684893,2.35285856025,2.88355896183,3.54917053455,,7.30455094258,,,,,5.49888628041,,,,,,,5.38189995513,,4.09349695448,,,5.94606783454,3.75121069814,,,5.6144623336,,,4.07617971653,,,6.23420680541,4.39207587513,,,5.73961927825,,,4.42957810395,3.73250358644
BODY06B,"ACP2",ENSG00000134575,3.286711,4.38148151926,2.82582026458,0.736333388486,2.49245706585,3.57969890840633,2.16777651576,,,-0.261363683327,1.15213898971,1.1133087336,3.08910971738,,4.80218022351,,,,,2.91437229227,,,,,,,2.46318676338,,3.08595744856,,,2.64302973683,3.10389526114,,,2.19457382291,,,1.71728033431,,,4.21943525052,2.25208237019,,,3.47123482771,,,3.26579942612,1.8210657172
BODY06,"ACP2",ENSG00000134575,3.097165,4.62229033719,2.86956213038,1.0304354475,2.64224591094,3.660406834005946,2.40572709428,,,-0.0743620755227,1.15638671464,1.29696431759,3.16381279045,,4.73651730959,,,,,3.15055104586,,,,,,,2.63829188293,,3.05191863237,,,2.60566450315,3.11686797403,,,1.99138524453,,,1.82469298665,,,4.20844096467,2.41365233671,,,3.51840404447,,,3.35366111137,2.02803618813
BODY07B,"ACP2",ENSG00000134575,3.164715,4.38222471728,2.76232256641,0.712600827939,2.42769775147,3.5209717257027284,2.1846838579,,,-0.178207811338,1.10064151573,1.06180148981,3.06727262497,,4.85291687223,,,,,2.91823426126,,,,,,,2.54660109842,,3.02513446022,,,2.58832299567,3.08091146021,,,2.27593803895,,,1.79907514166,,,4.14767876083,2.24793379823,,,3.50229153527,,,3.21843643437,1.81290245291
BODY07,"ACP2",ENSG00000134575,3.112141,4.60802109691,2.78499916829,0.980386604677,2.55784512951,3.5918584412612065,2.41352596132,,,0.017441771262,1.08308612396,1.22986961098,3.13931235543,,4.80448618952,,,,,3.14487572761,,,,,,,2.7272666811,,2.97660317241,,,2.52664140488,3.09609266638,,,2.10940015094,,,1.91946936217,,,4.12308751104,2.40345506638,,,3.55391314673,,,3.29814955063,2.01286156256
BODY08B,"ACP2",ENSG00000134575,6.310247,6.73277382519,3.39975748746,2.23615530591,3.23012465123,4.862797561797568,3.11916008336,,,-0.30184461344,0.67930036152,1.56408972568,4.59503457653,,6.81276250351,,,,,4.0228068342,,,,,,,3.90554509497,,4.31756846781,,,4.00598139639,3.8489899521,,,4.37086809229,,,3.38625493884,,,5.94522301099,3.38259050903,,,4.71182360336,,,4.63609890341,2.0821170967
BODY08F,"ACP2",ENSG00000134575,2.862614,4.92545461717,2.75275521185,2.83708405902,2.71058825813,3.4518627830066415,2.42838215881,,,1.13891202272,1.21687870076,2.29985785657,2.81213115181,,3.90232019055,,,,,3.30920409885,,,,,,,2.43581151182,,2.81265786681,,,3.51090418163,2.66356461063,,,1.17918881742,,,2.13554516353,,,4.21149386702,2.28135184677,,,3.01328738193,,,3.1593081967,2.0657487895
BODY08M,"ACP2",ENSG00000134575,5.792123,5.04396230068,2.31997557274,0.651725154841,2.1225688784,3.7328891473672847,2.21157827329,,,-1.38871165104,-0.100602838891,0.183349492713,3.91097281373,,6.02814827733,,,,,2.69994983271,,,,,,,3.28719125814,,3.52968565237,,,2.50796693046,3.01259607926,,,4.99980629241,,,2.82620838421,,,4.57149535725,2.69884876644,,,3.90013553437,,,3.67139252201,1.09504343903
BODY08,"ACP2",ENSG00000134575,6.282255,6.69282945875,3.42520274082,2.5401726117,3.27473932963,4.82491580694825,3.15493120295,,,0.0592670169086,0.808346585989,1.81777041866,4.47552114121,,6.4666363419,,,,,4.10978044499,,,,,,,3.7777454088,,4.2087953546,,,4.0362008217,3.80960662515,,,3.77853324171,,,3.25888950958,,,5.8330512369,3.32642763942,,,4.59715310188,,,4.55361896947,2.20943826124
CHOL03,"ACP2",ENSG00000134575,5.271338,5.32427269769,4.30252135796,2.36390161094,4.66753293953,3.647788569917086,4.14679516881,,,0.297923196707,2.31941583982,3.65060908634,2.45268334672,,1.47794769629,,,,,4.63642188019,,,,,,,3.51250228295,,3.61903878461,,,3.67694677978,2.97661654905,,,0.327677038952,,,2.82744566591,,,3.7106057785,3.4168706125,,,2.84496323714,,,3.60301775453,4.04242006639
CHOL06,"ACP2",ENSG00000134575,6.360982,5.26166833433,4.36024280883,2.47603276605,4.84510115726,3.589034288182111,4.32513234835,,,0.438864144632,2.19643640543,3.60496878377,2.23596908217,,1.58883437225,,,,,4.70742746898,,,,,,,3.70719903352,,3.5017575328,,,3.85059188657,2.89499625278,,,1.00514351203,,,3.29022667261,,,3.64502110814,3.46157498079,,,2.87683496502,,,3.53148655626,4.11040521066
CHOL14,"ACP2",ENSG00000134575,4.605373,4.73508433672,3.96875229579,2.89013875301,4.29238604993,3.3246226833898276,3.81027335961,,,0.463672213468,2.41652960545,3.49385485765,2.11440297433,,2.10955717798,,,,,4.35202403217,,,,,,,3.32480312527,,3.522307401,,,3.76791625861,2.73950136069,,,0.430341843375,,,2.24335865551,,,3.63702318416,3.04370648767,,,2.99735463624,,,3.18285522656,3.83789827472
CHOL16,"ACP2",ENSG00000134575,5.234004,4.94314362767,4.04225349266,2.47207698021,4.43284010925,3.3441461712432496,4.01336432074,,,0.561110411765,2.08241604265,3.44367587872,2.27182278966,,1.79308505572,,,,,4.49054391222,,,,,,,3.41469544973,,3.33093189485,,,3.34636892529,2.90861401019,,,0.608720631973,,,2.9797549319,,,3.45345818258,3.35755101572,,,3.14570315338,,,3.33293396773,4.05802292229
CHOL17,"ACP2",ENSG00000134575,4.934682,4.74910298161,4.07995033089,2.8847522932,4.54388992395,3.19002880588016,4.06686563425,,,0.701483712013,2.54883295206,3.25746936298,1.93778082216,,2.07647148705,,,,,4.4246893437,,,,,,,3.79820062958,,3.10662958104,,,3.55536109365,2.97226641976,,,0.868653529432,,,3.42583551956,,,3.3932985964,3.35086062106,,,2.9795617139,,,3.23734607709,3.9815711356
CHOL22,"ACP2",ENSG00000134575,16.968067,-9.77329080751,-7.72092271656,-7.34569827238,-8.46726535494,-9.166725709015704,-8.00553176559,,,0.0420016388432,-6.67393982529,-6.27296588117,-8.44097020874,,-5.86522352501,,,,,-7.6916303172,,,,,,,-8.32259207416,,-8.22145589981,,,-5.51325674744,-8.55837878423,,,-0.273861641315,,,-6.8654803818,,,-8.77854539736,-8.61046141552,,,-9.21078069705,,,-8.73378735758,-8.11741435174
CHOL26,"ACP2",ENSG00000134575,5.619879,5.07342859698,4.31760845999,3.01315340647,4.65251161895,3.6254333592593637,4.09511087655,,,0.474050104621,2.61570369789,3.76977139635,2.40518932577,,2.10085959406,,,,,4.60860880054,,,,,,,3.49850157967,,3.8522801159,,,3.95898276961,2.9886241891,,,0.397805500345,,,2.46471536283,,,3.92739318291,3.35043509218,,,3.22554635615,,,3.49995399109,4.13854174049
CHOL31,"ACP2",ENSG00000134575,6.638896,5.53355279064,4.66931954827,2.89665419443,5.17715065187,3.8680490688547158,4.51369724617,,,0.528444620119,2.62574270959,4.09647674764,2.68784322744,,1.924352361,,,,,4.96059222174,,,,,,,3.85564592773,,3.99249061619,,,3.99245255981,3.33291980991,,,0.755427058349,,,3.38846770804,,,4.0673140301,3.77380675385,,,3.38220509482,,,3.8580130678,4.43029224803
FATM04B,"ACP2",ENSG00000134575,5.437933,6.09061442954,2.62189157399,1.69169603533,2.35214567762,4.269583682208143,2.31254423447,,,-0.436705333257,-0.235247123485,1.22930062843,4.02366618227,,5.88323784181,,,,,3.75641855511,,,,,,,3.00049417298,,3.7205393941,,,3.40338083459,3.22783873945,,,3.81435551593,,,2.59139004899,,,5.2303111814,2.41058689115,,,3.56224190839,,,3.85998046654,1.48956378917
FATM04M,"ACP2",ENSG00000134575,6.026641,5.24648288872,2.46940576692,1.12533963183,2.14883010944,4.115616659270788,2.33489437363,,,-1.6097548938,0.164072934346,0.574240895494,4.26929643154,,5.78581657375,,,,,3.08702021772,,,,,,,3.57878176233,,3.90337044799,,,2.79487791958,3.28451381579,,,4.93765849687,,,2.81017774015,,,4.98686599884,2.82962707727,,,3.81314318323,,,3.95221659101,1.32962333425
FATM04,"ACP2",ENSG00000134575,4.228714,5.85609511576,2.43944137204,1.6968582312,2.19043572046,3.9859019726855323,2.10976961848,,,-0.0840936979533,-0.347200635147,1.31314970405,3.68127041412,,5.41922662213,,,,,3.65506505348,,,,,,,2.58133486845,,3.39526955181,,,3.24085123598,2.96225806389,,,3.18707627073,,,2.29136383059,,,4.86893925466,2.09067269054,,,3.20365623138,,,3.53068318964,1.39874251431
GLYC03,"ACP2",ENSG00000134575,32.235801,-2.09645792504,-2.70739820203,-3.00957828337,-2.74836277814,-1.1053100851884576,-4.51625685223,,,2.51431859601,-0.859404489962,-2.40229669391,0.104020264782,,7.70098106432,,,,,-3.66328965708,,,,,,,-2.29670360247,,-0.27574673487,,,1.46363816729,-1.27567324365,,,6.28106778653,,,-1.50956311725,,,2.0422321627,-3.96237105006,,,-1.75904559093,,,-1.08751176475,-5.27671694165
GLYC04,"ACP2",ENSG00000134575,7.437981,-3.51039560446,-3.70025950472,-4.00588058284,-3.83817006995,-3.075727944778863,-4.59907217317,,,0.29812292518,-4.10423358565,-2.66201143184,-2.37177703997,,0.0698422680373,,,,,-4.12994945388,,,,,,,-4.01026840071,,-2.65715775703,,,-1.12979569222,-3.07614182567,,,1.84805637427,,,-2.68552617851,,,-1.91937338837,-4.24781282835,,,-3.90892751247,,,-3.06917816241,-4.56605811347
GLYC19F,"ACP2",ENSG00000134575,10.487663,-3.2638501264,-3.74451566719,-1.84567101331,-4.07878320262,-3.8752019498227384,-4.69821296286,,,1.5362698789,-3.05179811632,-2.47624678072,-3.22561229936,,2.01296925451,,,,,-3.90241172833,,,,,,,-2.61634147768,,-3.37013755065,,,-0.656950516946,-3.32284133183,,,1.99922855613,,,-1.93103498889,,,-2.27593665703,-4.98981216167,,,-4.34660775568,,,-3.64422873787,-4.78837868176
GLYC19M,"ACP2",ENSG00000134575,5.770882,-4.02287918214,-3.65263757255,-3.21175912388,-4.32098735867,-3.5309680181428313,-4.59338397508,,,1.15630234013,-3.32205419853,-1.32639091086,-2.53248584333,,0.552960215949,,,,,-4.12811750291,,,,,,,-3.16530434464,,-2.98062655587,,,-2.00255553083,-3.38136979325,,,2.60008545609,,,-2.97565818593,,,-2.67104783453,-4.55620116284,,,-3.79792105579,,,-3.22826696297,-4.60162562227
GLYC19,"ACP2",ENSG00000134575,16.135780,-5.13071713215,-5.24029233944,-3.52646808394,-5.93780779456,-5.2407730333590505,-6.56825630804,,,1.89567410117,-4.50215538974,-2.70947507122,-4.08153142852,,1.85581580185,,,,,-5.66704634255,,,,,,,-4.04967769059,,-4.49650537845,,,-1.85384012301,-4.73915353542,,,3.24178584921,,,-3.42307800097,,,-3.48514959405,-6.75995376496,,,-5.7677837324,,,-4.87213887255,-6.64333827882
GLYC35,"ACP2",ENSG00000134575,11.182600,-4.53190217454,-4.2016643387,-3.45864665495,-4.69438554863,-4.251401539422209,-5.186002713,,,2.19836458726,-4.77753852635,-2.69008403033,-4.02924663434,,0.886711741764,,,,,-4.11462223888,,,,,,,-4.06747811991,,-4.13786040102,,,-1.58937828275,-3.95854139835,,,1.79737487814,,,-3.26203876109,,,-3.0885435057,-4.93195818847,,,-4.32201776658,,,-4.1071921418,-5.2706273565
HEIG02,"ACP2",ENSG00000134575,4.856548,-5.00949830701,-2.96259518834,-2.97826794649,-3.37122188085,-2.6818668459388366,-4.27943480514,,,0.15534511342,-3.03152656512,-0.615982521567,-2.0772355057,,-3.13217172269,,,,,-4.18527703378,,,,,,,-5.08133208296,,-1.91108078788,,,-2.41167414418,-3.71331749631,,,-0.872677727218,,,-4.95794603493,,,-2.50776337926,-4.66818939813,,,-5.34701239994,,,-3.26285590692,-3.92366568335
HEIG03,"ACP2",ENSG00000134575,7.663861,-5.66725101449,-3.964567014,-4.83290600287,-4.54194655241,-3.9778955217576484,-5.31321183116,,,-0.121170250738,-3.76627066865,-1.06559201397,-3.31191914608,,-4.61436090104,,,,,-4.47357125525,,,,,,,-6.97958336371,,-3.02266593655,,,-2.90809402637,-4.26362456866,,,-1.9799546867,,,-6.54421424266,,,-4.16293623635,-6.04110152457,,,-6.72692420157,,,-4.3911686643,-4.78743757416
HIPC01,"ACP2",ENSG00000134575,3.773735,3.9384022701,1.77274924126,1.1192870366,2.56943431609,2.4379522325179916,1.73356440179,,,2.99699260971,0.819375037118,2.37135739641,2.24335722412,,4.75997391015,,,,,2.54514440431,,,,,,,2.0253977541,,2.36445784685,,,3.35129595685,2.40402434398,,,3.24445515059,,,1.78100711616,,,3.54407188712,1.50308337126,,,2.75164103577,,,2.30460374909,1.36924500546
HIPC02,"ACP2",ENSG00000134575,3.852324,3.99559041371,1.92584759752,1.14495662368,2.84165232904,2.5109865760732086,2.03621581081,,,2.85787652048,0.996115702614,2.41932697317,2.07559308582,,4.79898357081,,,,,2.86627291887,,,,,,,2.21937647444,,2.3483783307,,,3.28148009288,2.36021930579,,,3.3108891915,,,1.779223397,,,3.57793174009,1.74744393444,,,2.85449503564,,,2.37444598804,1.64373202026
LEAN06B,"ACP2",ENSG00000134575,10.751585,-1.87801633843,-2.11308811848,-3.20142983956,-3.0031731123,-1.9615070002890072,-4.13631647461,,,-1.889932929,-1.55420380336,0.146993119208,-0.892051409577,,-2.60764823988,,,,,-3.08504783125,,,,,,,-5.42762692772,,0.114026064711,,,0.680068215527,-3.06608486449,,,-2.14566514027,,,-5.83073371124,,,-0.310378396547,-4.15133891816,,,-4.62900246177,,,-1.76321495095,-4.02605394427
LEAN06F,"ACP2",ENSG00000134575,8.465111,-2.10965168179,-2.11507387535,-2.29772018036,-2.73740700056,-2.0569992141955957,-3.83088038013,,,-0.732422600485,-1.56051404307,0.701050994648,-1.20870864711,,-3.0368222273,,,,,-2.92599550092,,,,,,,-5.02897440291,,-0.543133588588,,,0.291945820578,-2.88304975544,,,-3.19983147129,,,-5.5438170156,,,-0.827026440674,-4.04720193179,,,-4.57912041205,,,-1.94007157325,-3.42489685039
LEAN06,"ACP2",ENSG00000134575,8.301682,-1.27214459115,-1.65515760949,-3.07390721962,-2.56331768683,-1.4331925514659098,-3.49353731824,,,-2.32062535615,-1.26087970553,-0.228864507425,-0.404058466487,,-1.80112128917,,,,,-2.54383197613,,,,,,,-4.63177356105,,0.642115954525,,,0.904228585037,-2.54157419376,,,-1.13619599993,,,-4.92288365778,,,0.188489789879,-3.37871850345,,,-3.72839251704,,,-1.22262499127,-3.63398676713
LIPI01,"ACP2",ENSG00000134575,6.065931,5.33848354162,4.46586361284,2.79850619912,4.74048550993,4.0058807497266695,4.41162362906,,,0.237713668133,3.06102371754,3.52106222951,2.62857622606,,1.95372641809,,,,,4.91658631515,,,,,,,3.59338672851,,4.04254008304,,,3.82317832129,3.1782792236,,,0.408779656554,,,2.27069505521,,,4.11257211164,3.69032345529,,,3.34805917049,,,3.81745383176,4.25283418697
LIPI03,"ACP2",ENSG00000134575,5.545277,-4.70926908112,-3.57231270769,-3.0973493068,-4.19220598098,-3.654165444841972,-4.38557689732,,,-0.517464209405,-2.50536439606,-2.64450334201,-2.56225856063,,-2.89874722898,,,,,-4.48575422363,,,,,,,-3.68917747506,,-3.34915432971,,,-3.34697298514,-3.1528590371,,,-0.187356473537,,,-2.85389214373,,,-3.57217024736,-3.76894660136,,,-3.65755904023,,,-3.55661346527,-4.04316346783
LIPI05,"ACP2",ENSG00000134575,5.295704,5.28816096157,3.89540782852,1.90832938338,4.28165509143,3.391407713800981,3.99745060605,,,1.18747707839,2.5178688676,3.75515652484,2.23326609448,,1.52274719506,,,,,4.76487454787,,,,,,,3.29161734013,,3.44236736449,,,3.52193221562,2.62297802316,,,0.470939891048,,,2.7077150557,,,3.44070246444,3.04044971916,,,2.72199755827,,,3.2643532358,4.03553610604
LIPI10,"ACP2",ENSG00000134575,6.832505,5.4104639654,4.3917776949,2.81796314104,4.89646428669,3.4954075726973994,4.56158110762,,,0.856922540117,2.5578469236,3.39027902293,1.96887595956,,1.97550675723,,,,,5.05289750992,,,,,,,3.98677222396,,3.33744156782,,,3.94350125739,2.94235305147,,,0.925228027633,,,3.41657537811,,,3.58491934706,3.65147500971,,,3.18290308403,,,3.44422117818,4.34517171576
LIPI12,"ACP2",ENSG00000134575,5.983593,5.19490404115,4.26206616919,2.78320139584,4.48062637506,3.5740299454815845,4.09907399966,,,0.437092665977,2.58341654098,3.64067423738,2.23686112189,,1.62390706203,,,,,4.78424295965,,,,,,,3.25931741585,,3.74662294105,,,3.77059018263,2.76610492096,,,0.0970537183849,,,2.13858160985,,,3.67250231346,3.18456866134,,,2.80793190355,,,3.37979411662,4.05317567713
LIPI14,"ACP2",ENSG00000134575,6.695100,5.75879032305,4.40138911901,2.28543092349,4.76085524468,3.6969095975272643,4.46110362253,,,0.637429661134,2.37244414485,3.96024682602,2.45731649345,,1.43203586661,,,,,5.11425642884,,,,,,,3.6485335288,,3.74146329395,,,3.95232692941,2.88331925159,,,0.53861885947,,,3.05859714778,,,3.76241075921,3.47439543568,,,2.99260993121,,,3.59608824727,4.31904207964
LIPO02,"ACP2",ENSG00000134575,5.611863,-4.69028440703,-3.60754765036,-3.07676814458,-4.18956277255,-3.71050953243589,-4.37113252847,,,-0.45333429249,-2.52015479642,-2.73099264705,-2.66621907338,,-2.8545408272,,,,,-4.43311909069,,,,,,,-3.66293825698,,-3.44772224716,,,-3.40172131031,-3.17659403785,,,-0.133133312757,,,-2.81213367835,,,-3.63321031214,-3.76001233638,,,-3.6251787303,,,-3.60997340584,-4.00079537968
LIPO04,"ACP2",ENSG00000134575,4.894728,5.11986044299,3.79302096914,2.16804902922,4.30747438851,3.31470760966143,3.88375489262,,,1.36078574181,2.24621226714,3.80447495632,2.28100058933,,1.70461028969,,,,,4.5100824812,,,,,,,3.33292660356,,3.51781696346,,,3.56468009654,2.61584201663,,,0.399899999166,,,2.72762365307,,,3.41218282404,3.03188961886,,,2.69437171465,,,3.26558467313,3.94573608134
LIPO07,"ACP2",ENSG00000134575,7.602825,6.03832630953,4.74766332281,3.11742592448,5.09588448043,4.077469614430777,4.84402953548,,,1.40537101328,3.48166098848,4.18136680151,2.74264383048,,2.26036730574,,,,,5.41403486089,,,,,,,4.18934221017,,4.36948174964,,,4.58700274446,3.28093705461,,,0.784954225032,,,3.55863637644,,,4.35708093368,3.93909928987,,,3.4755757909,,,4.03735355571,4.59770339814
LIPO08,"ACP2",ENSG00000134575,4.768352,5.16718135042,4.23987698594,2.40067465642,4.55016103603,3.668028019267796,4.02982775832,,,0.930290464866,3.15676230696,3.50173770669,2.39295530034,,1.84591019603,,,,,4.59746928952,,,,,,,3.52692372021,,3.63391749633,,,3.54411078136,2.95747528373,,,0.42777973677,,,2.43311539634,,,3.78668726723,3.48858365311,,,3.36959526586,,,3.56029365145,4.08212854835
LIPO11,"ACP2",ENSG00000134575,6.980759,5.67239712987,4.55142625117,2.8463511846,5.04907092215,3.655793921546127,4.72299761966,,,0.834102445943,2.63473717549,3.53780834614,2.1039851632,,1.95113788893,,,,,5.25584857854,,,,,,,4.07067920489,,3.51333691147,,,4.09997465971,3.03204107832,,,0.860960307278,,,3.39785934352,,,3.74990190095,3.75940389152,,,3.27631526559,,,3.5839178142,4.48164033192
LIPO13,"ACP2",ENSG00000134575,5.247544,5.12108366032,4.16069359335,2.45342149837,4.42110212323,3.3646353384255985,4.02432234673,,,1.0521293822,2.62654129033,3.42314853491,2.05394157968,,1.81401840105,,,,,4.79810800264,,,,,,,3.39299395421,,3.44060554289,,,3.39566948089,2.6829487103,,,0.342999143082,,,2.76691468534,,,3.46078853474,3.2074118079,,,2.92889689128,,,3.30886409812,4.1093077281
LIPO16,"ACP2",ENSG00000134575,7.523850,5.33890784237,4.34490156311,2.74041703351,4.37520376901,3.7045303400390575,4.06320067041,,,1.10777727033,2.79072203172,4.34942523415,2.77243273678,,0.790558101251,,,,,4.68187935874,,,,,,,3.09118838009,,4.26080378811,,,4.3651431904,2.81588866891,,,-0.800195848938,,,2.1833598491,,,3.85884567363,3.07208614562,,,2.53190419024,,,3.51520879796,3.8374148641
OSTE04,"ACP2",ENSG00000134575,12.994519,-6.4476588447,-6.16740410227,-6.80289822576,-6.98415448326,-6.0653669350153585,-5.69092182319,,,-5.11443863353,-5.84786535759,-9.3838985708,-5.65643276471,,-2.30454668937,,,,,-6.98162251048,,,,,,,-5.16736239729,,-5.08640769011,,,-1.72201309638,-7.69632354762,,,1.11626641013,,,-6.35377627494,,,-4.80563512406,-5.98871392289,,,-5.8029545071,,,-6.33482241219,-7.86637700142
PHLI03,"ACP2",ENSG00000134575,6.873544,5.3508302363,4.70530530935,3.45907756394,4.91885045154,4.1999323551843695,4.41930745452,,,0.406676938474,3.54463687566,4.15438880777,2.91485247372,,1.99043355587,,,,,4.87765006932,,,,,,,3.80291052544,,4.38928170208,,,4.05315482184,3.46329182568,,,-0.168472328109,,,2.33569452901,,,4.49648161735,3.71489181854,,,3.38569975587,,,4.02911707021,4.36620094019
PHLI05,"ACP2",ENSG00000134575,5.229236,-4.76516795131,-3.70778438777,-2.99779407103,-4.25205356777,-3.8555933586965057,-4.36942792416,,,-0.311591411997,-2.48948273387,-2.91583724238,-2.87225096146,,-2.73899410773,,,,,-4.40618813433,,,,,,,-3.62450036048,,-3.64434998531,,,-3.53400508894,-3.21860061126,,,-0.123301650366,,,-2.74540958071,,,-3.78359241582,-3.77965687782,,,-3.57226465945,,,-3.7528668948,-3.95108283291
PHLI07,"ACP2",ENSG00000134575,5.061415,5.34536133743,4.07225180935,2.51788517728,4.55702340298,3.5251906438301877,4.12709467066,,,1.52636550787,2.93624793407,3.93714520648,2.32752153802,,2.39719524295,,,,,4.85274173759,,,,,,,3.59443712814,,3.50649988884,,,3.76287736662,3.01277955503,,,0.77541613845,,,2.89078978845,,,3.79761389028,3.31175842608,,,3.28041747059,,,3.46833468006,4.23123854409
PHLI10,"ACP2",ENSG00000134575,4.696199,4.98676573399,3.82698607948,2.31677220234,4.32026651547,3.2050760463221653,3.89325550572,,,0.775139629782,2.05162533711,3.43347134733,2.06680991373,,1.98850213292,,,,,4.43479594422,,,,,,,3.28119796938,,3.12396389265,,,3.4985120753,2.7435138134,,,0.902215839683,,,2.88826538449,,,3.41316720649,3.1537315849,,,3.01394797402,,,3.17230377937,3.86052826935
PHLI11,"ACP2",ENSG00000134575,6.381983,5.42892581682,4.57822022124,3.26136138231,5.17235466483,3.6807697090756974,4.69180631393,,,0.994962537266,2.85922997943,3.65165016692,2.28152021089,,2.37527425583,,,,,5.11356433183,,,,,,,4.18764062779,,3.55191446091,,,3.68056506138,3.4311188725,,,0.959504686841,,,3.65389545263,,,3.78863980057,4.03975888814,,,3.80014218707,,,3.70734092037,4.6410776775
PHLI13,"ACP2",ENSG00000134575,5.202255,4.87021816703,4.1036002715,2.97414177811,4.48189892458,3.5335529948887507,4.05070654536,,,0.750132947743,2.6130465526,3.33049135836,2.1526119911,,2.37107765358,,,,,4.61051225538,,,,,,,3.43701180287,,3.59585134796,,,3.81796186539,2.94439800357,,,0.530713627335,,,2.38393392289,,,3.84146508803,3.31048156073,,,3.24499039749,,,3.39719936299,4.09697873763
TRGL01,"ACP2",ENSG00000134575,6.124719,5.49182193151,4.25479943706,2.71803455812,4.94498237557,3.465824267361473,4.28952816655,,,0.994623472196,2.32863488027,3.53963744968,1.96786110607,,1.99250333319,,,,,5.02769690733,,,,,,,3.6033902465,,3.33129879261,,,4.13803310026,2.93366502292,,,0.587803988449,,,2.98068624281,,,3.69302624655,3.31062621535,,,3.06044075399,,,3.2894713727,4.13689598765
TRGL04,"ACP2",ENSG00000134575,6.809360,5.46401964396,4.66932047093,3.2992549074,5.13192051615,4.083956010117653,4.44856393313,,,1.15134391305,3.22711641022,4.15713868037,2.65395367937,,1.90679009018,,,,,5.12386112361,,,,,,,3.8059937379,,4.0483603853,,,4.0151018201,3.40602399561,,,-0.119638503077,,,2.55785024691,,,4.24376898861,3.71081011146,,,3.35706538387,,,3.91354083624,4.40486744487
TRGL06,"ACP2",ENSG00000134575,4.450237,4.93752613363,3.71135433479,2.07724198658,4.09032273297,3.2966000581084973,3.68387125586,,,1.02018672097,2.26107891739,3.70241437777,2.23739913806,,1.71888316259,,,,,4.35982432176,,,,,,,3.15501257333,,3.28621838215,,,3.52799639796,2.65296878045,,,0.34769697879,,,2.58707036103,,,3.45463393812,2.87454039753,,,2.69797068027,,,3.16436188538,3.78633951147
TRGL07,"ACP2",ENSG00000134575,4.560999,4.95910465338,3.67728071388,2.20299780766,4.0283189087,3.204516508995721,3.74767249401,,,0.703295600785,2.03012252687,3.5058059528,2.25323537127,,1.77433137218,,,,,4.35189961295,,,,,,,3.18954188877,,3.20187036761,,,3.35186859523,2.68300827188,,,0.531512428907,,,2.72216622813,,,3.34045712904,3.02674211836,,,2.91427233094,,,3.14194452246,3.7435343277
TRGL08,"ACP2",ENSG00000134575,4.579896,5.09675267556,3.30478137758,2.77074145259,4.38269596245,2.888280884490315,3.88901896312,,,2.20762741282,2.93619930238,3.30425355917,1.47417619885,,3.43316330354,,,,,4.74136016007,,,,,,,3.48882177853,,2.48835578582,,,3.29275787056,2.9954197216,,,1.45573709579,,,3.55833550063,,,3.19493193775,3.29224421577,,,3.61999370271,,,2.86622815402,3.86465994025
TRGL09,"ACP2",ENSG00000134575,7.966134,5.91866935055,4.73986488505,2.99075857909,5.26298193129,3.879453829648847,4.71537989604,,,0.787646334177,2.81265619336,4.03925275617,2.49531812486,,2.05670734443,,,,,5.30108990833,,,,,,,4.04716512816,,3.88023577341,,,4.46404206893,3.34259055964,,,0.569832504943,,,3.37747172522,,,4.1533122961,3.74251693756,,,3.35363079417,,,3.80207446555,4.53769458503
TRGL11,"ACP2",ENSG00000134575,5.811296,5.02497744047,4.16498577535,2.93499635708,4.47422011324,3.5947369320393996,3.93632978747,,,0.440015973367,2.51762792904,3.61996865153,2.22922107644,,1.90200141428,,,,,4.5958005065,,,,,,,3.27942050729,,3.73104303495,,,3.99692938396,2.84768144584,,,-0.048649534532,,,2.11775606166,,,3.82782026514,3.09497151754,,,2.87943742312,,,3.35785173481,3.93681917763
WAIS01,"ACP2",ENSG00000134575,3.559737,4.60102100275,1.81542055026,1.13744699775,2.32549997775,2.006145546571264,2.10050686998,,,2.49712043315,0.310158927014,2.02153826457,1.86601247431,,4.7398645253,,,,,2.93985281128,,,,,,,2.87742176969,,2.00542109722,,,3.46250982424,1.88889319265,,,3.90693000274,,,2.51957174664,,,3.24560924231,1.68637840352,,,2.6240102984,,,2.1386749631,1.48144353816
WAIS02,"ACP2",ENSG00000134575,3.876573,4.92567541019,2.34612530029,1.48187499679,3.01518772741,2.4938221942190193,2.72663707782,,,2.36684230577,0.721583753509,2.23587708728,2.08484344305,,4.76974587798,,,,,3.54159616755,,,,,,,3.21902486568,,2.36855553131,,,3.54164193319,2.08969734375,,,3.9389947056,,,2.66688352228,,,3.66658080064,2.21284130211,,,3.00254617002,,,2.51376182112,2.09447012937
