code,target,ENSEMBL,association,Adipose_Subcutaneous,Adipose_Visceral_Omentum,Breast_Mammary_Tissue,Muscle_Skeletal,DGN_Whole_Blood,Whole_Blood,Artery_Aorta,Artery_Coronary,Artery_Tibial,Heart_Atrial_Appendage,Heart_Left_Ventricle,Spleen,Brain_Amygdala,Brain_Anterior_cingulate_cortex_BA24,Brain_Caudate_basal_ganglia,Brain_Nucleus_accumbens_basal_ganglia,Brain_Putamen_basal_ganglia,Brain_Cerebellar_Hemisphere,Brain_Cerebellum,Brain_Cortex,Brain_Frontal_Cortex_BA9,Brain_Hippocampus,Brain_Hypothalamus,Brain_Spinal_cord_cervical_c-1,Brain_Substantia_nigra,Nerve_Tibial,Cells_Transformed_fibroblasts,Cells_EBV-transformed_lymphocytes,Colon_Sigmoid,Colon_Transverse,Esophagus_Gastroesophageal_Junction,Esophagus_Mucosa,Esophagus_Muscularis,Liver,Minor_Salivary_Gland,Small_Intestine_Terminal_Ileum,Stomach,Adrenal_Gland,Pituitary,Pancreas,Thyroid,Lung,Ovary,Prostate,Testis,Uterus,Vagina,Skin_Not_Sun_Exposed_Suprapubic,Skin_Sun_Exposed_Lower_leg
BFPC02F,"ZFYVE21",ENSG00000100711,5.701343,1.72043844086,,3.02327056085,,2.084497857069972,,1.2937264752,,2.74410151422,,,,,,-2.63639342771,,,,,,,,,,,,-0.491078677437,1.96544691157,,,2.23196793513,2.08238806822,2.58726454021,,,1.09380378445,,,,,-3.97488904184,,-0.265739762988,,,,,,
BFPC04F,"ZFYVE21",ENSG00000100711,9.481526,2.5186958868,,4.9874253329,,2.743273729624531,,2.97611163773,,5.08783035772,,,,,,-3.36384519841,,,,,,,,,,,,1.3645948531,1.82927967013,,,3.93547062074,2.63026419237,3.04842310594,,,0.953529363055,,,,,-4.07146372383,,1.60017236968,,,,,,
BFPC04,"ZFYVE21",ENSG00000100711,6.128859,2.27878883183,,4.87267324033,,1.716479307457484,,2.9381153632,,4.71376611538,,,,,,-3.52318498529,,,,,,,,,,,,1.09009519469,0.731574729669,,,2.62157947453,2.16078871332,2.73151344826,,,0.846085461064,,,,,-3.29327025567,,1.32804063122,,,,,,
BLOO04,"ZFYVE21",ENSG00000100711,3.927125,1.47857291294,,4.77099288821,,2.831468550439544,,3.0027158378,,3.90322289234,,,,,,-1.05545041938,,,,,,,,,,,,0.792512902104,1.97459997411,,,3.381436047,-0.52651448838,3.04701507124,,,1.07704551834,,,,,-1.8259007,,2.53740167981,,,,,,
BLOO05,"ZFYVE21",ENSG00000100711,7.712489,-3.52769921702,,-5.20321395862,,1.4965071146682272,,-3.82145996919,,-3.12231522783,,,,,,-1.25691662079,,,,,,,,,,,,-4.37769353408,5.01893474756,,,-0.314703251536,-0.57338036485,-2.03918173056,,,-2.61249350703,,,,,2.53777548093,,0.316594065602,,,,,,
BLOO28,"ZFYVE21",ENSG00000100711,4.096590,-2.2998105087,,-5.55075020021,,-0.29095844104828805,,-2.29384016201,,-2.94110822559,,,,,,-0.747905265814,,,,,,,,,,,,-3.71835066931,2.99477849638,,,-0.647172758752,-0.565307473836,-1.85422764356,,,-1.7709095658,,,,,3.34761547307,,-0.884045452033,,,,,,
BODY03,"ZFYVE21",ENSG00000100711,6.930554,3.35899235284,,4.5359788484,,1.7170719138962718,,3.43226775168,,3.45358024145,,,,,,-2.13418218987,,,,,,,,,,,,0.592611883511,1.07647685092,,,3.29146944247,0.508234796705,3.16129199248,,,2.54898277529,,,,,-3.26185898518,,1.6617252954,,,,,,
BODY04,"ZFYVE21",ENSG00000100711,8.380823,3.28029237985,,4.6690914035,,1.7899586523227922,,3.45013746784,,3.60602714215,,,,,,-2.13447647128,,,,,,,,,,,,0.42257541941,1.03642333061,,,3.39423080708,0.440900792023,3.27905940465,,,2.51059722395,,,,,-3.34792661342,,1.37109339167,,,,,,
BODY06B,"ZFYVE21",ENSG00000100711,5.331549,2.971516119,,4.49097889454,,2.1142597345645164,,3.07303547276,,4.02522625823,,,,,,-3.9724384083,,,,,,,,,,,,0.71901970897,0.555601229009,,,1.61256587503,2.01122841021,3.65011956917,,,2.14841279608,,,,,-4.92956187446,,0.684071243424,,,,,,
BODY06F,"ZFYVE21",ENSG00000100711,6.699600,2.78326026093,,3.98814174838,,2.0784912652095744,,2.49849950394,,3.41755386097,,,,,,-2.84123855234,,,,,,,,,,,,0.368505495073,1.72295890502,,,2.33075629481,2.50284664758,3.51465035266,,,1.87255145182,,,,,-4.83848354538,,0.268040804239,,,,,,
BODY06,"ZFYVE21",ENSG00000100711,7.219589,3.00603976179,,4.6408319475,,2.209637884148863,,3.08266996435,,4.14648250424,,,,,,-4.04938654457,,,,,,,,,,,,0.709999900361,0.92809047119,,,1.97466580241,2.13726769964,3.93445180828,,,2.12199996609,,,,,-5.16730937288,,0.699536542946,,,,,,
BODY07B,"ZFYVE21",ENSG00000100711,5.007650,3.09493747025,,4.59322055925,,2.144705284872951,,3.16696732625,,4.13886903975,,,,,,-3.87831265866,,,,,,,,,,,,0.8192111757,0.59930928454,,,1.64693224743,1.96695450819,3.70441152676,,,2.25129227486,,,,,-4.8953860855,,0.815928092135,,,,,,
BODY07F,"ZFYVE21",ENSG00000100711,6.425807,2.97426424543,,4.07538555546,,2.046355674972836,,2.61621968526,,3.56370399767,,,,,,-2.65657534395,,,,,,,,,,,,0.517231173581,1.70143312838,,,2.31368074703,2.4312966374,3.54016481088,,,2.01003889703,,,,,-4.70545110911,,0.436390502024,,,,,,
BODY07,"ZFYVE21",ENSG00000100711,6.553090,3.13217025319,,4.73383216906,,2.234437788643274,,3.17086420395,,4.26321688752,,,,,,-3.92696697581,,,,,,,,,,,,0.819865382865,0.956016277852,,,1.97898273533,2.0749089983,3.96057536042,,,2.22387387862,,,,,-5.10938190331,,0.850707747555,,,,,,
BODY08B,"ZFYVE21",ENSG00000100711,7.509143,3.6404259625,,6.24337765045,,1.8338049379339747,,4.67176310377,,5.97475766208,,,,,,-4.89670267028,,,,,,,,,,,,2.76745465737,0.0313476521993,,,3.35806207768,2.00284302845,4.36420279124,,,2.41847752177,,,,,-4.28423424459,,2.04121789067,,,,,,
BODY08F,"ZFYVE21",ENSG00000100711,11.513371,4.03021823282,,6.82032033213,,2.5324430762587413,,4.53606883917,,6.61471948993,,,,,,-4.15439049214,,,,,,,,,,,,2.59422993587,1.16439478448,,,4.68295258606,2.65595264051,4.7393816642,,,2.00422665001,,,,,-5.12475780544,,2.77937749279,,,,,,
BODY08,"ZFYVE21",ENSG00000100711,10.171475,3.86993007786,,6.68776104056,,1.9796867804413139,,4.90147236901,,6.41416909582,,,,,,-5.02423953972,,,,,,,,,,,,2.88898700652,0.232679206867,,,3.89336167774,2.23755707609,4.72754031037,,,2.36578768335,,,,,-4.66493393292,,2.37978533577,,,,,,
EDUC03,"ZFYVE21",ENSG00000100711,8.096286,1.4170858387,,-0.502996319129,,3.07390196647176,,2.33457300845,,-0.0801517901155,,,,,,-0.913859746207,,,,,,,,,,,,-1.21787449217,2.91153112367,,,-1.58809977477,-0.83723013388,-0.229877100846,,,1.50220996654,,,,,0.027959715371,,0.250474501553,,,,,,
FATM02F,"ZFYVE21",ENSG00000100711,5.628988,1.89035611317,,2.90887244027,,1.607146288658895,,1.78046710029,,2.70944383101,,,,,,-2.23579730946,,,,,,,,,,,,-0.257276503145,1.43049283754,,,1.64232137985,2.10883919607,2.39048551156,,,1.40919869527,,,,,-3.96899503745,,-0.213921329141,,,,,,
FATM04B,"ZFYVE21",ENSG00000100711,4.129836,3.16199567258,,4.87554373815,,0.9724195165868373,,3.92099538775,,5.21518738279,,,,,,-3.88896059801,,,,,,,,,,,,1.65436481618,-0.705667461052,,,2.3260520477,2.06371311485,3.00693014841,,,1.75376286747,,,,,-2.82184753131,,1.42036381602,,,,,,
FATM04F,"ZFYVE21",ENSG00000100711,9.219978,3.62714718718,,5.44836814408,,2.0133731481487382,,4.1699268057,,5.84726173223,,,,,,-3.29471441427,,,,,,,,,,,,2.01124295325,0.714819157191,,,3.64778137548,2.8292395248,3.53713275974,,,1.60680995406,,,,,-4.06230738987,,2.2936391466,,,,,,
FATM04,"ZFYVE21",ENSG00000100711,5.583310,3.43564934887,,5.30820896974,,1.2150999437272467,,4.24145769749,,5.66698982583,,,,,,-4.05866785406,,,,,,,,,,,,1.88095385827,-0.487812884303,,,2.80290088241,2.28707603111,3.36177789632,,,1.78381059609,,,,,-3.28754189572,,1.73825222114,,,,,,
LEAN06B,"ZFYVE21",ENSG00000100711,4.488210,4.73297898317,,4.1079312803,,-0.042664389917278514,,5.28678039358,,5.61977409468,,,,,,-3.8991693616,,,,,,,,,,,,2.48688921042,-1.75924547221,,,2.3310037631,2.18626561392,3.16198926559,,,3.3091284224,,,,,-2.13723168779,,1.65115925502,,,,,,
LEAN06F,"ZFYVE21",ENSG00000100711,3.912396,4.51759973935,,4.27982541701,,-0.12862960826915892,,4.88803339658,,5.31655007888,,,,,,-2.61015676685,,,,,,,,,,,,2.50460020926,-1.12851291928,,,2.13461516361,2.67274047419,3.15230439338,,,2.45066009977,,,,,-2.53368775695,,2.26797522583,,,,,,
LEAN06,"ZFYVE21",ENSG00000100711,3.039962,3.96268743816,,3.15915701609,,-0.13225276995067412,,4.55837850848,,4.74634730909,,,,,,-4.03305560814,,,,,,,,,,,,1.89978883806,-1.93128299362,,,2.05963774177,1.50067858849,2.54224723435,,,3.21258702928,,,,,-1.35211054047,,0.974616246256,,,,,,
OSTE04,"ZFYVE21",ENSG00000100711,14.281548,4.25302736631,,10.4791608943,,0.9622155845598165,,5.30917868921,,7.50106811871,,,,,,-2.869438241,,,,,,,,,,,,2.55976790827,-0.697978173413,,,2.6881856133,2.46385020691,4.77900672484,,,2.16966504504,,,,,-4.90015356528,,2.56969602549,,,,,,
SCHI01,"ZFYVE21",ENSG00000100711,14.148791,3.06243984386,,4.44757164979,,3.914684268576623,,3.99400714152,,4.74468530548,,,,,,-3.18564847678,,,,,,,,,,,,0.698214317575,4.17141807123,,,3.37094361784,1.38121574496,4.08340280159,,,3.48393537911,,,,,-4.93773468873,,2.80234105848,,,,,,
SCHI02F,"ZFYVE21",ENSG00000100711,9.877620,2.20389471859,,3.75644576621,,2.1370958946751926,,3.31667517252,,3.79041685952,,,,,,-2.46082315062,,,,,,,,,,,,1.2448273678,3.03899132648,,,3.15910982539,1.003506567,3.24005037152,,,2.28409501494,,,,,-4.09460785713,,2.16419154369,,,,,,
SCHI02,"ZFYVE21",ENSG00000100711,12.556299,3.283998153,,4.33735962607,,4.243523506271768,,4.01681232229,,4.76396760566,,,,,,-3.09171415523,,,,,,,,,,,,0.747097295698,4.11196854367,,,3.32230703268,1.79094900767,4.16683958313,,,3.76203206534,,,,,-4.91522252239,,2.60375093276,,,,,,
