code,target,ENSEMBL,association,Adipose_Subcutaneous,Adipose_Visceral_Omentum,Breast_Mammary_Tissue,Muscle_Skeletal,DGN_Whole_Blood,Whole_Blood,Artery_Aorta,Artery_Coronary,Artery_Tibial,Heart_Atrial_Appendage,Heart_Left_Ventricle,Spleen,Brain_Amygdala,Brain_Anterior_cingulate_cortex_BA24,Brain_Caudate_basal_ganglia,Brain_Nucleus_accumbens_basal_ganglia,Brain_Putamen_basal_ganglia,Brain_Cerebellar_Hemisphere,Brain_Cerebellum,Brain_Cortex,Brain_Frontal_Cortex_BA9,Brain_Hippocampus,Brain_Hypothalamus,Brain_Spinal_cord_cervical_c-1,Brain_Substantia_nigra,Nerve_Tibial,Cells_Transformed_fibroblasts,Cells_EBV-transformed_lymphocytes,Colon_Sigmoid,Colon_Transverse,Esophagus_Gastroesophageal_Junction,Esophagus_Mucosa,Esophagus_Muscularis,Liver,Minor_Salivary_Gland,Small_Intestine_Terminal_Ileum,Stomach,Adrenal_Gland,Pituitary,Pancreas,Thyroid,Lung,Ovary,Prostate,Testis,Uterus,Vagina,Skin_Not_Sun_Exposed_Suprapubic,Skin_Sun_Exposed_Lower_leg
GLYC02,"GCK",ENSG00000106633,7.832505,-1.15661944775,-1.44479385377,-1.27950133337,,-1.5651696902582375,,-1.96200343786,-2.12666384112,-1.52900086867,-0.533462613398,-2.43300974461,-1.17319841882,,,,,,,,,,,,,,-1.64168726767,-2.41105914984,,-1.36587682702,,-0.453425951727,,-0.951435727065,,,,,,,,-5.766911255,-0.90096884891,-1.78490247087,,,-0.983204711779,,-1.6661200282,0.535604314245
GLYC04,"GCK",ENSG00000106633,30.055641,2.84004327284,4.83939902739,4.16595950608,,4.44056704937826,,3.33806660046,6.05419287209,4.07233034757,3.30594100259,5.68856882598,4.26777592949,,,,,,,,,,,,,,2.49671999361,6.12271345071,,5.85198438558,,2.59767703444,,3.18413113618,,,,,,,,13.0842956888,3.19014636504,2.97410758247,,,3.65554599322,,4.02741413644,2.04427900708
GLYC06,"GCK",ENSG00000106633,15.035198,0.397343025327,2.04093407582,1.08315253298,,1.5940089378204068,,2.53996753825,2.70949419203,2.40899154469,0.952581896459,2.55356467468,0.699048183125,,,,,,,,,,,,,,-1.0663863162,3.03037269706,,3.01364525424,,0.899757151369,,0.291233018395,,,,,,,,9.06395052767,0.516836281439,-0.782733530981,,,2.25802431232,,0.877508326736,-0.0811585967149
GLYC10,"GCK",ENSG00000106633,15.144051,0.19200417796,0.949810915566,0.559458077136,,0.4261376369013316,,-1.02733880879,2.34181698807,0.867202012682,1.55392770637,1.36212690616,0.80260087993,,,,,,,,,,,,,,0.676795663864,0.404204586786,,1.69378163254,,-0.0115630576442,,0.29857265435,,,,,,,,7.10768134443,0.495047534537,1.35203952575,,,1.88406506222,,1.48744189251,-1.00266674081
GLYC17M,"GCK",ENSG00000106633,4.068751,-1.61884814093,-1.69617777789,-2.05096273149,,-1.9757018078727313,,-2.12248115085,-2.14836897324,-1.95948967433,-1.77893991111,-2.38975278611,-1.91029642361,,,,,,,,,,,,,,-1.47926560476,-2.84351728656,,-3.07874457965,,-1.2640386473,,-1.83263071531,,,,,,,,-4.80217190778,-1.90328233282,-1.23048313697,,,-1.68225356382,,-1.85495764622,-1.65415988268
GLYC17,"GCK",ENSG00000106633,7.186006,-0.707868910055,-0.622228063477,-1.42652662771,,-1.794914302317413,,-1.85349944384,-1.48788604314,-1.58842836508,-1.01291490537,-2.65127352234,-0.806708678377,,,,,,,,,,,,,,-1.4743219463,-2.40339377959,,-1.92031032584,,-1.58648977618,,-1.48713802939,,,,,,,,-5.34545774589,-1.11517176487,-2.17424062301,,,-0.341587992443,,-1.1669468454,-1.84496505607
GLYC19F,"GCK",ENSG00000106633,44.372747,2.90482454743,4.8570401946,4.85789360193,,5.205815828458733,,4.12355267572,7.96128599054,4.94612289669,3.98687434663,6.4385878553,5.25105995446,,,,,,,,,,,,,,3.31329902204,7.17124742142,,6.55912871146,,3.037592922,,3.43086277002,,,,,,,,14.32367943,3.88384186769,3.64277220076,,,2.86987732681,,5.11684459281,2.49207437412
GLYC19M,"GCK",ENSG00000106633,27.541241,0.846854715585,2.73898155226,2.37207386509,,2.854336650984329,,2.83072383249,5.63741544233,4.35596323241,1.94086085055,3.72982438066,2.55514465157,,,,,,,,,,,,,,1.08075494819,4.52206177696,,4.2857123999,,0.673350724517,,1.28337749148,,,,,,,,13.2450923241,1.36815686908,1.56703255616,,,3.7190083033,,2.00493134686,1.34240870052
GLYC19,"GCK",ENSG00000106633,46.347628,2.73059300436,5.41998149826,5.19862648246,,5.775250656286465,,4.96870651424,9.6870839398,6.5989760834,4.2778280087,7.25704602509,5.60418140436,,,,,,,,,,,,,,3.21321117532,8.35306393975,,7.77422105277,,2.70545937447,,3.40884241755,,,,,,,,19.5192259502,3.80601791553,3.68658223429,,,4.60903585849,,5.13680679748,2.75701013292
GLYC22,"GCK",ENSG00000106633,38.939491,3.25549285373,5.71055034294,4.80629699809,,5.570590034474602,,5.03235988554,8.51571201358,6.05320619281,4.20170674927,5.95184949561,5.07846573455,,,,,,,,,,,,,,2.30087350505,7.80551001888,,4.00815623292,,3.08626686649,,3.83061418176,,,,,,,,13.5687746634,3.59908524664,2.61481174213,,,5.41643005497,,4.53329901616,2.12871821
GLYC35,"GCK",ENSG00000106633,58.125223,3.35890622951,5.73301707972,5.35915094909,,5.541540371458184,,4.90263447449,7.6174184769,5.92137667361,4.23233218173,6.63681084374,5.25175112815,,,,,,,,,,,,,,3.39680630179,7.90601825183,,6.86447502338,,3.24137366356,,3.94573113985,,,,,,,,16.9507280754,4.02309753014,3.77574499384,,,4.47693872712,,5.45127562803,2.84655677198
WEIG02,"GCK",ENSG00000106633,18.273990,0.853260219341,-1.62486447042,-0.512035916431,,-1.0508635108776545,,-1.65389769541,-2.97433436716,0.370960936544,-0.568092983326,0.353768491462,-1.33591921685,,,,,,,,,,,,,,-1.70803642966,-0.690887011517,,-0.545385561947,,0.659258609542,,-0.0166943781403,,,,,,,,2.29748664795,0.0959189473976,-1.04484728496,,,-3.48965003646,,-0.380307977914,-0.0757673424605
WEIG05F,"GCK",ENSG00000106633,6.357397,0.751922930053,0.270725780199,0.331874729643,,0.2425346731901337,,0.315706393111,0.30216523148,0.950372384787,0.402210226817,3.01292740727,-0.0310899965751,,,,,,,,,,,,,,0.672355579045,0.751855077742,,1.64114262755,,1.62644030863,,-0.257148576265,,,,,,,,4.78636773939,0.374514816804,0.868690204865,,,0.110185498987,,1.09608516258,-0.248434664396
