code,target,ENSEMBL,association,Adipose_Subcutaneous,Adipose_Visceral_Omentum,Breast_Mammary_Tissue,Muscle_Skeletal,DGN_Whole_Blood,Whole_Blood,Artery_Aorta,Artery_Coronary,Artery_Tibial,Heart_Atrial_Appendage,Heart_Left_Ventricle,Spleen,Brain_Amygdala,Brain_Anterior_cingulate_cortex_BA24,Brain_Caudate_basal_ganglia,Brain_Nucleus_accumbens_basal_ganglia,Brain_Putamen_basal_ganglia,Brain_Cerebellar_Hemisphere,Brain_Cerebellum,Brain_Cortex,Brain_Frontal_Cortex_BA9,Brain_Hippocampus,Brain_Hypothalamus,Brain_Spinal_cord_cervical_c-1,Brain_Substantia_nigra,Nerve_Tibial,Cells_Transformed_fibroblasts,Cells_EBV-transformed_lymphocytes,Colon_Sigmoid,Colon_Transverse,Esophagus_Gastroesophageal_Junction,Esophagus_Mucosa,Esophagus_Muscularis,Liver,Minor_Salivary_Gland,Small_Intestine_Terminal_Ileum,Stomach,Adrenal_Gland,Pituitary,Pancreas,Thyroid,Lung,Ovary,Prostate,Testis,Uterus,Vagina,Skin_Not_Sun_Exposed_Suprapubic,Skin_Sun_Exposed_Lower_leg
BLOO02,"BBS7",ENSG00000138686,10.019397,1.1411585181,,-3.64798381817,-4.7677172017,0.52337500177024,,,,-4.23334221787,,-1.47415650211,,,-2.37531660327,,,,-4.63561538779,-4.71546704496,-5.31439634957,,,,,,,-5.62521346449,,,,,,-0.499929113074,,,,,,,-0.129481489304,-0.157344063747,,,,,,,,-5.44654038082
BLOO11,"BBS7",ENSG00000138686,6.805652,0.608478920566,,3.91214075228,4.24649909559,0.269713050466834,,,,2.33549915104,,2.2875460781,,,2.43297564024,,,,3.19998641378,3.65083815671,4.76652520738,,,,,,,4.37419630522,,,,,,1.30408894697,,,,,,,1.07023904614,-0.533747430515,,,,,,,,4.49755142561
BLOO21,"BBS7",ENSG00000138686,6.920023,0.0392651261264,,2.9711950155,4.17825045471,1.8492476699251401,,,,3.35342589624,,-0.597622830269,,,1.68923384864,,,,3.05084404461,3.28524881292,4.08056523058,,,,,,,4.25771222246,,,,,,2.29059416051,,,,,,,1.19438308272,0.530661030619,,,,,,,,4.83071178386
BLOO26,"BBS7",ENSG00000138686,20.499448,1.96724122588,,6.31970556622,7.20860456753,-0.38853757534676164,,,,5.86854124388,,2.13345328398,,,4.24906758592,,,,6.77336675211,7.143922552,8.03616621603,,,,,,,8.37512310945,,,,,,2.09604246847,,,,,,,-0.873697239072,-2.10545733147,,,,,,,,8.33642890272
BLOO27,"BBS7",ENSG00000138686,25.928413,2.46618734825,,7.03160857335,7.55897998017,0.15860010601097602,,,,6.64374513633,,2.56468078823,,,4.48615782487,,,,7.47459174917,7.99895241185,8.83266358154,,,,,,,9.01573965262,,,,,,2.10303754973,,,,,,,-0.767005878363,-2.02569268674,,,,,,,,8.99265499379
BLOO29,"BBS7",ENSG00000138686,4.702261,1.37714452693,,3.29969240105,4.78735731577,0.3816674115078869,,,,1.94654091298,,4.37154814288,,,3.80054075743,,,,1.77877982105,4.48543061964,3.57704724709,,,,,,,3.75741552548,,,,,,0.320225212281,,,,,,,-0.117770761124,-0.420073039248,,,,,,,,3.75565049349
BLOO36,"BBS7",ENSG00000138686,7.120319,0.114237845668,,3.41724645296,3.67487175524,1.8067543690120909,,,,3.53177189716,,-0.856140648827,,,2.34652866176,,,,3.08113087648,3.86055995183,4.23569231652,,,,,,,4.34124720676,,,,,,1.76023475559,,,,,,,1.56990147468,0.493351166106,,,,,,,,4.86176007697
FATM04F,"BBS7",ENSG00000138686,6.222406,-1.57249427929,,-3.66151255491,-4.27832570093,1.1433150020019234,,,,-4.03921732332,,-1.70325524695,,,-3.12588926182,,,,-4.35632664822,-3.21895744595,-3.47077343509,,,,,,,-3.92265236182,,,,,,-0.818936939562,,,,,,,1.12207291279,0.786815285683,,,,,,,,-3.76703767519
HEIG03,"BBS7",ENSG00000138686,10.287333,-1.01171661538,,-4.95220445577,-6.10485113876,2.090631558449599,,,,-4.40639473545,,-3.63250121062,,,-4.28826236807,,,,-5.62395333627,-5.73502782662,-5.46767602624,,,,,,,-5.72480300703,,,,,,0.0939060501326,,,,,,,1.58354964117,1.18453925062,,,,,,,,-5.55395821566
HEIG04M,"BBS7",ENSG00000138686,7.597825,-0.437881425622,,-3.79232315149,-4.7219364915,2.400710775364821,,,,-4.09095742291,,-2.52752270317,,,-3.34552454278,,,,-4.87094911286,-4.62986168731,-4.61134562393,,,,,,,-4.69103127842,,,,,,-0.513508624419,,,,,,,0.549611120768,-0.300742124361,,,,,,,,-4.51479853354
LEAN04B,"BBS7",ENSG00000138686,7.654783,-1.81401959077,,-3.28761603881,-4.08392266164,0.5541166797649675,,,,-2.69494571353,,-0.970176449215,,,-1.91017632869,,,,-3.11119297151,-3.63150115275,-4.21078450707,,,,,,,-4.74694404515,,,,,,-0.732869046197,,,,,,,0.723602390898,2.32245469093,,,,,,,,-4.711936623
LEAN04,"BBS7",ENSG00000138686,5.832653,-0.7715248552,,-2.49826963711,-3.3216180702,0.42171745572069547,,,,-2.47338542757,,-0.183693710723,,,-1.73484486615,,,,-2.65988706168,-3.085429796,-3.7731638671,,,,,,,-4.33956930704,,,,,,-0.950114147964,,,,,,,0.55212362841,2.4623734951,,,,,,,,-4.31902419952
LEAN05B,"BBS7",ENSG00000138686,8.722070,-1.73136510181,,-3.36024865199,-4.23003801184,0.4923293854362426,,,,-2.84122790915,,-1.02451983841,,,-2.22667912047,,,,-3.34647456882,-3.89771315351,-4.43492131366,,,,,,,-4.94982256125,,,,,,-0.780825266649,,,,,,,0.614143876538,2.32332348824,,,,,,,,-4.92437215475
LEAN05,"BBS7",ENSG00000138686,6.437243,-0.718388203155,,-2.57471608929,-3.43013585482,0.37796627047033193,,,,-2.58911247902,,-0.219274799068,,,-1.95255334635,,,,-2.82516004581,-3.2906148491,-3.94894984764,,,,,,,-4.50083640976,,,,,,-0.973252436453,,,,,,,0.468642663064,2.45827889442,,,,,,,,-4.48870466847
LEAN06B,"BBS7",ENSG00000138686,15.046284,-2.02767352771,,-4.85889414795,-6.00340108271,0.9742804619253519,,,,-4.63117272408,,-1.50140377875,,,-3.74354964866,,,,-5.31515533818,-5.04436361824,-6.27955246948,,,,,,,-6.78717854958,,,,,,-1.21687119361,,,,,,,-0.108116436831,2.10824131966,,,,,,,,-6.77702367954
LEAN06F,"BBS7",ENSG00000138686,12.890658,-2.39125662647,,-3.94186084463,-4.87457059648,1.7055842686633989,,,,-3.75957148725,,-1.65787512158,,,-3.19482637131,,,,-4.29888341107,-3.95280980759,-4.70146560746,,,,,,,-5.14448041387,,,,,,-0.884387814029,,,,,,,-0.206644939901,0.898518919945,,,,,,,,-4.9645318598
LEAN06M,"BBS7",ENSG00000138686,8.938208,-0.199777027654,,-3.29221867979,-4.05926345097,-0.7727871797156339,,,,-3.13426082792,,-0.326895609062,,,-2.28877195935,,,,-3.62194238558,-3.6348918255,-4.86921218899,,,,,,,-5.16514816047,,,,,,-0.985424487085,,,,,,,0.113507529836,2.71018242836,,,,,,,,-5.42731939492
LEAN06,"BBS7",ENSG00000138686,16.736766,-1.46656559626,,-4.64049484052,-5.70420160422,0.22701539152359562,,,,-4.3277535737,,-1.08086610879,,,-3.32113179604,,,,-4.94637252678,-4.75972086177,-6.22246669304,,,,,,,-6.67612571912,,,,,,-1.15429532429,,,,,,,-0.068437764691,2.5762450695,,,,,,,,-6.78026080868
