code,target,ENSEMBL,association,Adipose_Subcutaneous,Adipose_Visceral_Omentum,Breast_Mammary_Tissue,Muscle_Skeletal,DGN_Whole_Blood,Whole_Blood,Artery_Aorta,Artery_Coronary,Artery_Tibial,Heart_Atrial_Appendage,Heart_Left_Ventricle,Spleen,Brain_Amygdala,Brain_Anterior_cingulate_cortex_BA24,Brain_Caudate_basal_ganglia,Brain_Nucleus_accumbens_basal_ganglia,Brain_Putamen_basal_ganglia,Brain_Cerebellar_Hemisphere,Brain_Cerebellum,Brain_Cortex,Brain_Frontal_Cortex_BA9,Brain_Hippocampus,Brain_Hypothalamus,Brain_Spinal_cord_cervical_c-1,Brain_Substantia_nigra,Nerve_Tibial,Cells_Transformed_fibroblasts,Cells_EBV-transformed_lymphocytes,Colon_Sigmoid,Colon_Transverse,Esophagus_Gastroesophageal_Junction,Esophagus_Mucosa,Esophagus_Muscularis,Liver,Minor_Salivary_Gland,Small_Intestine_Terminal_Ileum,Stomach,Adrenal_Gland,Pituitary,Pancreas,Thyroid,Lung,Ovary,Prostate,Testis,Uterus,Vagina,Skin_Not_Sun_Exposed_Suprapubic,Skin_Sun_Exposed_Lower_leg
APOL02,"DNAH11",ENSG00000105877,11.878703,,-4.70668840313,,-4.14111215135,0.5687784959470948,,2.76802911861,1.58088619008,-0.227154172314,-1.18110065939,,,,,-2.90477602151,,,,,,,-0.657952749392,,,,,-4.06412225848,-3.24048604683,,-5.00731339412,-2.11839270912,-5.26230584671,-3.60137851487,4.52591724534,-1.89429299378,,,-2.51148053886,,1.57197337104,-5.03152974146,,-2.55261723925,,-0.281136012663,,,-2.34534138725,-5.10020221005
CHOL02,"DNAH11",ENSG00000105877,7.642503,,-3.41800988475,,-3.14076817786,-0.07100498039570682,,2.34080527394,1.28593777986,-0.831326017938,-0.298592315308,,,,,-1.45302388307,,,,,,,-1.14735416892,,,,,-4.17194035613,-2.52637498866,,-3.5613109223,-1.6693261411,-3.97817063234,-3.16564632826,4.57939384717,-1.39711813118,,,-1.15678058351,,-0.059970536349,-4.37240888226,,-1.61708632687,,0.169747863023,,,-2.07359785686,-3.55147546787
CHOL05,"DNAH11",ENSG00000105877,7.790995,,-3.44758415597,,-3.04830298417,-0.03469372549883213,,2.42835460554,1.30960599111,-0.541557262395,-0.262034317176,,,,,-1.57792569887,,,,,,,-0.95787835376,,,,,-4.05565139939,-2.61499407137,,-3.52417117141,-1.71182588506,-3.9476671939,-3.1583536525,4.46905230387,-1.32307187098,,,-1.06732745,,-0.0377735474031,-4.50106843019,,-1.52796800722,,0.274793321449,,,-2.11444169018,-3.5143169526
CHOL11,"DNAH11",ENSG00000105877,10.025719,,-3.5519836659,,-3.15703386408,0.42346907141904494,,1.98666214849,1.31445397736,-1.21211247472,-0.783252869249,,,,,-2.02709340121,,,,,,,-1.31029303198,,,,,-4.20355179949,-2.4344283977,,-3.8743058129,-2.23858007725,-4.28667904749,-3.59248340616,4.73527422657,-1.19463141801,,,-1.83628997817,,0.40692944279,-4.38346175648,,-1.84247586266,,0.465313542186,,,-2.07879566534,-3.82328747515
CHOL13,"DNAH11",ENSG00000105877,11.338405,,-3.4018548593,,-3.27925421678,0.5710467591460846,,2.1589348421,1.44056117648,-1.09259369569,-0.502702015073,,,,,-1.63365110533,,,,,,,-1.48846882449,,,,,-4.6010681692,-2.54493192761,,-3.69349856564,-1.92734686705,-4.16392339687,-3.43773177019,5.20763708393,-1.37964710294,,,-1.38949280888,,0.218416207291,-4.57755423784,,-1.44500525302,,0.110929849074,,,-2.26532263926,-3.59800399215
CHOL20,"DNAH11",ENSG00000105877,7.011767,,-3.47364451553,,-3.22118439293,0.2750786450647727,,2.4169379661,0.868059648321,-0.379489788643,-0.467166142336,,,,,-1.28010623795,,,,,,,-1.15509547581,,,,,-3.66745412533,-2.45553015537,,-3.48699863144,-1.61862448167,-3.88511540613,-3.01066499606,3.94406337664,-1.10492186317,,,-1.02348590533,,-0.30491933946,-3.95583730096,,-1.54091235526,,0.047123455905,,,-2.18390824496,-3.69644868288
CHOL21,"DNAH11",ENSG00000105877,12.230955,,-3.03047258826,,-3.97684777474,-0.4912215387613846,,2.69931464964,1.36805275824,-1.20029651525,-2.6431462668,,,,,-4.49986413406,,,,,,,-0.32605383998,,,,,-5.02977167564,-5.14414209643,,-5.38251517169,-3.87639448722,-5.8187121363,-4.80496482607,5.2459537032,-0.586224424337,,,-2.85324170612,,2.44676348891,-6.84866439004,,-4.13281952,,0.743801355297,,,-2.47036395795,-5.25607586805
CHOL24,"DNAH11",ENSG00000105877,8.347618,,-3.08352961828,,-3.05177265354,-0.24404935773411954,,2.06532006891,1.25896082452,-1.24819473618,-0.288395233669,,,,,-1.28086047375,,,,,,,-1.35160570119,,,,,-3.98168471883,-2.18411522589,,-3.37348774214,-1.54734955781,-3.75678975001,-2.982304448,4.47573181511,-1.36166199369,,,-1.35732297622,,-0.0136919516879,-3.94708408716,,-1.73701286271,,0.276231463693,,,-1.84144182905,-3.3760233754
CHOL25,"DNAH11",ENSG00000105877,12.990719,,-3.77269759901,,-3.48744657717,0.43742011143278187,,2.20084479445,1.28173132497,-1.10943171488,-0.691696643635,,,,,-1.71666718247,,,,,,,-1.45800074246,,,,,-4.77135432005,-2.82189883144,,-3.95925742245,-2.11016472366,-4.42646695692,-3.67594291618,5.17505022094,-1.55234330977,,,-1.50693329523,,0.242279463178,-4.75357969485,,-1.57582824346,,0.0762271280035,,,-2.46602656491,-3.83189391901
CHOL27,"DNAH11",ENSG00000105877,10.242589,,-2.19323808875,,-3.0550433116,-0.005537508806480748,,1.6083319485,1.68139241325,-0.867889088675,-1.8427767069,,,,,-4.06812179637,,,,,,,0.43842898976,,,,,-4.339860846,-4.61252732053,,-4.38375682699,-3.16610201076,-4.84905291173,-4.03175223992,5.17452963387,-0.173138492591,,,-2.23530870281,,2.17757243742,-5.79476258448,,-3.28935515456,,1.58490866877,,,-2.4917000709,-4.15426890286
CHOL28,"DNAH11",ENSG00000105877,10.960150,,-3.61031726648,,-3.18248289572,0.32392251203467676,,2.47965094715,1.36898319608,-0.409799288376,-0.302844224864,,,,,-1.72066643918,,,,,,,-1.29951620809,,,,,-4.30663125863,-2.80535881731,,-3.80108613375,-1.79386326331,-4.18975968333,-3.26099901669,5.03312067458,-1.58250597949,,,-1.20163395795,,0.177148756915,-4.73621943282,,-1.4020371437,,0.341958299361,,,-2.20089402518,-3.74900416049
CHOL30,"DNAH11",ENSG00000105877,11.909777,,-3.48458391688,,-3.29737927306,0.09694401467893277,,2.50824572943,1.52006338905,-0.345740807608,-0.227959023229,,,,,-1.85651400891,,,,,,,-1.26599169923,,,,,-4.36539379119,-2.8199451628,,-3.71895482394,-1.68050215722,-4.14283897427,-3.20855356638,5.1633878601,-1.62568553009,,,-1.10785049514,,0.204226502438,-4.8525695368,,-1.36941959355,,0.532723077898,,,-2.21294052573,-3.59891517274
CHOL32,"DNAH11",ENSG00000105877,7.552873,,-3.34037227592,,-2.77858026352,0.013352626004101725,,2.60807715666,1.43648182161,0.217740909995,0.259360714134,,,,,-1.2951402414,,,,,,,-0.742896406675,,,,,-3.57653492663,-2.3325948567,,-3.30878228911,-1.06222463195,-3.64662296514,-2.46152423121,4.29036523566,-1.40155208771,,,-1.01443918762,,-0.26235950496,-4.20873750548,,-1.10316503493,,0.0283572300038,,,-1.68033624228,-3.48398089825
CHOL33,"DNAH11",ENSG00000105877,5.865727,,-4.03776331587,,-3.6757466439,-0.0014391395606602637,,1.77270827099,0.59055093535,-0.907246607609,-1.0528846308,,,,,-2.15471099433,,,,,,,-1.47795430372,,,,,-3.70467443834,-2.93733048017,,-4.15598805404,-2.32784914677,-4.35321547119,-3.45954824011,3.42821338538,-1.08494524504,,,-1.86383022817,,0.937619461637,-4.10334141704,,-1.69899827182,,-0.266623337294,,,-1.81765109974,-4.00667543987
EDUC03,"DNAH11",ENSG00000105877,6.870246,,-3.07285174599,,-1.64931779527,1.4040615333131874,,2.79739150927,0.692213442627,0.912194953689,-1.59590593033,,,,,-0.87991214597,,,,,,,1.20865647038,,,,,-2.71979216576,-2.04655966514,,-2.84275868225,-2.12437433161,-3.26442087217,-2.15857387494,1.73990846439,-0.866580897753,,,-1.82070675976,,-0.56286330935,-3.94431120366,,-2.39603803986,,-1.18795900044,,,-0.660716321243,-3.23815799584
LIPI02,"DNAH11",ENSG00000105877,8.389894,,-3.08833780289,,-3.04340650952,-0.35577402359778965,,2.11470627132,1.34968378803,-1.0989609254,-0.118355137661,,,,,-1.55374959412,,,,,,,-1.23929115511,,,,,-3.77414277061,-2.1800779962,,-3.40977281391,-1.37559838669,-3.75950153319,-2.90207122743,4.54944172811,-1.42894555057,,,-1.58041655584,,0.388554533292,-3.9518859785,,-1.74914570375,,0.60229776751,,,-1.77412789224,-3.35502214014
LIPI04,"DNAH11",ENSG00000105877,9.913605,,-3.41224165903,,-3.19601667725,-0.04859293243541232,,2.46216275063,1.37107268727,-0.741593209414,-0.138469225311,,,,,-1.55670649916,,,,,,,-1.11650023505,,,,,-4.13277475133,-2.52776872857,,-3.61603514864,-1.56281869098,-4.02730440112,-3.13377901164,4.75073421834,-1.41393448431,,,-1.33028602913,,0.11050122778,-4.45297144023,,-1.59725725889,,0.315162272071,,,-1.98346761223,-3.59267037029
LIPI07,"DNAH11",ENSG00000105877,8.467908,,-3.44014049063,,-3.04102885126,-0.0033068231827362345,,2.53799164265,1.34850309269,-0.384730090334,-0.0765724299998,,,,,-1.62604515766,,,,,,,-0.959239448049,,,,,-4.04496398538,-2.6071349696,,-3.53320774968,-1.56325245441,-3.96302264241,-3.10623723386,4.67918270413,-1.3424940012,,,-1.14871042833,,0.126807688667,-4.55264730307,,-1.41196400621,,0.271746769804,,,-2.00833075918,-3.57502722326
LIPI09,"DNAH11",ENSG00000105877,8.992210,,-3.37437353425,,-2.89178989506,-0.06324408845123348,,2.46025812505,1.48934086217,-0.171879732591,0.108317310964,,,,,-1.53088079081,,,,,,,-0.725236551128,,,,,-3.9665933395,-2.40830750531,,-3.36131678068,-1.51762964358,-3.83034984165,-3.0330474305,4.78283726232,-1.28117221328,,,-1.08268201872,,0.0855360201674,-4.53585048025,,-1.24276510609,,0.357335067226,,,-1.87482868902,-3.45830345286
LIPO01,"DNAH11",ENSG00000105877,8.895615,,-3.09332199524,,-3.08387127498,-0.38438686080784107,,2.11757496651,1.33624802169,-0.99422344557,-0.0482026131641,,,,,-1.6692032533,,,,,,,-1.16814321664,,,,,-3.64493137535,-2.17597756431,,-3.41607228335,-1.31655730595,-3.74685127543,-2.8634395616,4.47877858747,-1.48169202063,,,-1.67574192177,,0.565765550757,-3.92421676448,,-1.737073415,,0.686084879065,,,-1.75451391477,-3.37671134644
LIPO03,"DNAH11",ENSG00000105877,10.758478,,-3.42318403805,,-3.22168294893,-0.04407135528034656,,2.51374247601,1.3730422962,-0.681589164701,-0.0919148731096,,,,,-1.62844692199,,,,,,,-1.1036889469,,,,,-4.07260902572,-2.51684283418,,-3.63785857691,-1.53145080693,-4.04530271336,-3.12719211993,4.7561961567,-1.42358006191,,,-1.40304711668,,0.233412324487,-4.47648179665,,-1.59740781719,,0.339534000754,,,-1.95793922187,-3.64046071609
LIPO06,"DNAH11",ENSG00000105877,9.847987,,-3.479993233,,-3.07001023716,-0.02686982402392379,,2.54626060766,1.31997640665,-0.363589663207,-0.0585421435842,,,,,-1.68483358706,,,,,,,-0.952947325152,,,,,-4.03121437041,-2.62564299275,,-3.57118610295,-1.55922923506,-3.99256887058,-3.12461904163,4.69466306542,-1.36249586971,,,-1.22179099169,,0.229689442051,-4.57449832167,,-1.4326341757,,0.322127050655,,,-1.99737321279,-3.6211767078
LIPO10,"DNAH11",ENSG00000105877,7.568025,,-3.2987774302,,-2.79248671567,-0.19319560307270955,,2.31686032386,1.37344893892,-0.215265523795,0.0526606122117,,,,,-1.57525498425,,,,,,,-0.772404875517,,,,,-3.78497941317,-2.28291458067,,-3.25162191938,-1.50909984322,-3.69137787329,-2.95597794578,4.47932743409,-1.26690761628,,,-0.982072000124,,0.22977970873,-4.30918800109,,-1.26642635704,,0.490591778082,,,-1.79202231654,-3.32994184109
PHLI04,"DNAH11",ENSG00000105877,11.475098,,-4.04511818743,,-3.57091914132,0.33544104886508286,,2.2231424243,1.09009260709,-1.14555871397,-0.956072113508,,,,,-2.35513005638,,,,,,,-1.38687434402,,,,,-4.22706942947,-2.76892108694,,-4.36373468493,-2.34073762913,-4.72304431708,-3.88243521883,4.82051366836,-1.36987099648,,,-2.10358522005,,0.707222909288,-4.6760798494,,-1.97263523173,,0.393295038124,,,-2.31373827182,-4.16500994213
PHLI06,"DNAH11",ENSG00000105877,13.061726,,-3.89101254639,,-3.68740909876,0.3480842737941309,,2.21581623688,1.08430738271,-1.26184390132,-0.784416510206,,,,,-1.98258415738,,,,,,,-1.61211025207,,,,,-4.71895100756,-2.85548855347,,-4.17045995026,-2.2341197309,-4.62418837184,-3.87251609929,5.27212753119,-1.66532471944,,,-1.74937289833,,0.493635407968,-4.81066636127,,-1.65388923753,,0.281925131696,,,-2.54155494366,-4.04508750952
PHLI09,"DNAH11",ENSG00000105877,9.908192,,-3.59236677451,,-3.37442600612,-0.013334556492388953,,2.3546409257,1.18050895517,-0.580881685799,-0.468341827506,,,,,-2.00838707748,,,,,,,-1.51236714796,,,,,-4.34509244916,-2.79724087816,,-3.89188371993,-1.84241373194,-4.31900835342,-3.42424919934,5.13000500414,-1.80881026327,,,-1.23134682928,,0.529611317691,-4.75788666005,,-1.51744791633,,0.617497660592,,,-2.29503578434,-3.8369293622
PHLI12,"DNAH11",ENSG00000105877,6.489428,,-2.83955177457,,-3.03304074204,-0.7063051034730707,,1.81542771499,1.33091034954,-1.17095282062,-0.210243795564,,,,,-1.77533554293,,,,,,,-0.999016148974,,,,,-3.05271713781,-2.03455639334,,-3.1765023127,-1.26957581429,-3.42014312841,-2.62757079085,3.79676749073,-1.58454919073,,,-1.80854648655,,0.693947612118,-3.42635898081,,-1.90190761341,,1.06714530922,,,-1.69175686354,-3.15323643854
