code,target,ENSEMBL,association,Adipose_Subcutaneous,Adipose_Visceral_Omentum,Breast_Mammary_Tissue,Muscle_Skeletal,DGN_Whole_Blood,Whole_Blood,Artery_Aorta,Artery_Coronary,Artery_Tibial,Heart_Atrial_Appendage,Heart_Left_Ventricle,Spleen,Brain_Amygdala,Brain_Anterior_cingulate_cortex_BA24,Brain_Caudate_basal_ganglia,Brain_Nucleus_accumbens_basal_ganglia,Brain_Putamen_basal_ganglia,Brain_Cerebellar_Hemisphere,Brain_Cerebellum,Brain_Cortex,Brain_Frontal_Cortex_BA9,Brain_Hippocampus,Brain_Hypothalamus,Brain_Spinal_cord_cervical_c-1,Brain_Substantia_nigra,Nerve_Tibial,Cells_Transformed_fibroblasts,Cells_EBV-transformed_lymphocytes,Colon_Sigmoid,Colon_Transverse,Esophagus_Gastroesophageal_Junction,Esophagus_Mucosa,Esophagus_Muscularis,Liver,Minor_Salivary_Gland,Small_Intestine_Terminal_Ileum,Stomach,Adrenal_Gland,Pituitary,Pancreas,Thyroid,Lung,Ovary,Prostate,Testis,Uterus,Vagina,Skin_Not_Sun_Exposed_Suprapubic,Skin_Sun_Exposed_Lower_leg
BFPC04F,"PPP1R14B",ENSG00000173457,9.363352,-2.42849512691,-1.78333420327,,1.98810585415,-2.3568620177881097,,-2.42115374572,-2.21591805803,-1.70970730859,-1.97200821975,-4.75355498633,,-0.120125509331,,,-0.825085458146,,-2.28687780841,-2.44645722961,-2.68848360583,,,,,,,,-4.59104221509,-2.02067363847,-4.84607444415,,-3.878838159,-1.53468344576,,,,-1.56478905171,-1.6366042618,-2.54031064588,-3.21488184958,-1.47163347015,,,,,,,,-3.22457715428
BFPC04,"PPP1R14B",ENSG00000173457,6.523792,-2.09221993812,-2.10007287232,,1.18108079646,-1.266595917321826,,-2.31620429218,-3.39444038889,-2.06980376374,-1.97385103375,-3.54567824039,,1.19973339814,,,-1.17274759284,,-1.61826231278,-2.5670277083,-3.06092907308,,,,,,,,-3.441244052,-2.85232970851,-3.89911374276,,-3.39888596344,-1.66418489622,,,,-1.46212315594,-1.95281883647,-2.68399299646,-1.76301285898,-1.54985680911,,,,,,,,-2.86110486543
BLOO01,"PPP1R14B",ENSG00000173457,10.936066,-0.0959129544359,-0.0919993097453,,4.27147843372,0.05002458379135801,,-2.57862559095,-0.634998136468,-0.63987937126,-2.37822932708,-5.71517445918,,0.46900497186,,,1.5388123825,,0.710001997321,0.155836242901,-0.810959235563,,,,,,,,-5.12736515121,-1.61962722509,-5.03754221535,,-6.26422315111,-0.739025361012,,,,1.08344349297,-0.101547893757,-0.0275743962162,-3.24010044295,-0.448072503865,,,,,,,,-2.7441000767
BLOO02,"PPP1R14B",ENSG00000173457,7.203662,-3.98725999777,-2.20918865974,,-2.68390061187,-1.1918044210717167,,-0.384284682318,-1.5660296143,-1.70527851929,0.25742717584,-0.119431604601,,-1.54521216487,,,-2.14447487959,,-4.60856852111,-2.7244527187,-3.55040101242,,,,,,,,0.47837568431,-2.88317531168,-0.387779763098,,0.189623534091,-1.1658550225,,,,-0.140973595549,-1.95091053724,-3.06994281705,-0.135177397567,-1.75680324109,,,,,,,,-1.30669093661
BLOO04,"PPP1R14B",ENSG00000173457,6.490381,3.29705227434,3.75671839683,,1.06499992478,2.7135251328659225,,4.19068209868,3.03772927426,3.72483043041,3.91094693376,3.53718683255,,0.510669222367,,,1.43855744349,,1.80406936183,2.11753411397,3.57707461856,,,,,,,,3.59020857707,3.01028063781,3.09994305576,,1.92620354705,4.03897255287,,,,2.61607857484,3.71871790567,3.53840913794,3.07014946277,3.75903819781,,,,,,,,4.89324133853
BLOO07,"PPP1R14B",ENSG00000173457,5.887697,-5.58691071947,-4.30545606837,,-2.91827772595,-2.327999278996709,,-2.88473402527,-0.947024303144,-3.88905810666,-1.37631222592,-0.686564488537,,-2.56979613762,,,-2.26780672541,,-4.71669549375,-3.3781765588,-4.43607853097,,,,,,,,-0.034915659133,-2.99361106287,-0.209201441655,,-0.938303897627,-4.10313342009,,,,-1.55852487238,-4.07295433903,-4.56927205357,-1.94345758332,-3.83692397002,,,,,,,,-3.48095122424
BLOO16,"PPP1R14B",ENSG00000173457,4.827018,-5.08842734459,-3.76651185498,,-2.5402760282,-1.5504528246395095,,-2.30113788953,-0.577087342265,-3.47837479451,-0.86172293354,-0.745044425894,,-2.11077420237,,,-2.04989835611,,-4.35648965938,-3.00423151991,-4.13629002565,,,,,,,,0.22298593678,-3.03243913277,-0.358012777821,,-0.724369888874,-3.61419283938,,,,-1.18336803525,-3.5134477324,-4.09724277032,-1.58130408121,-3.25043380705,,,,,,,,-2.86530675292
BLOO17,"PPP1R14B",ENSG00000173457,6.819817,-6.20074989885,-5.13973196303,,-3.53488928025,-3.1484851192174803,,-3.63415974868,-1.4091610864,-4.4815011912,-2.26496637077,-0.830107893352,,-2.55140044122,,,-2.71800046761,,-5.044424405,-3.87967916921,-5.08294476233,,,,,,,,-0.415329467452,-3.44313969969,-0.252699168188,,-0.879660773155,-4.95258141795,,,,-2.8244489742,-4.91144348541,-5.31976776376,-2.23885912183,-4.68517102955,,,,,,,,-4.35507728915
BLOO18,"PPP1R14B",ENSG00000173457,4.937042,-5.41664663375,-4.60553111124,,-3.60333514953,-2.788903356763294,,-3.16323143609,-1.09757257243,-3.92941054722,-1.91841529263,-0.00124392738689,,-2.31171329313,,,-2.39874472716,,-4.08669965989,-3.34975898334,-4.39405984697,,,,,,,,0.32771873839,-2.90911910621,0.529458174017,,-0.240132905225,-4.53742537926,,,,-2.65539524407,-4.39544627847,-4.7145536915,-1.54324070574,-4.18790708227,,,,,,,,-3.6137932162
BLOO20,"PPP1R14B",ENSG00000173457,6.278082,-3.09016018765,-2.19310237282,,-3.60830624033,-0.9076556910138119,,-0.910388007534,-1.35753398365,-1.98732927509,0.412956484618,0.739909191663,,-1.01432686635,,,-2.29758933604,,-3.61255371857,-2.43985254011,-2.81081720388,,,,,,,,1.21786629238,-2.19174980311,0.887873792328,,1.42478401722,-1.80440598953,,,,-0.220029455266,-2.10118349698,-2.62093626124,0.349747890106,-1.79105767494,,,,,,,,-0.962362095594
BLOO21,"PPP1R14B",ENSG00000173457,14.043193,3.83420452604,4.19291510529,,0.688866139403,3.1849288586877442,,4.49601674086,3.88781725661,4.44351974597,4.15000394253,5.39738361595,,0.687583866798,,,2.20188001712,,2.66914856707,2.83897932113,4.43852321305,,,,,,,,5.23288700523,4.1550459956,4.5366498717,,3.09849553067,4.57425600361,,,,2.7782617125,4.05250699301,4.15788917231,3.9863420203,4.07596335529,,,,,,,,5.82325380809
BLOO22,"PPP1R14B",ENSG00000173457,14.988091,3.20378030574,3.78951654082,,0.243971144591,2.9491358785261963,,4.40115271431,3.58245706358,4.14130134597,4.17751407211,5.32546310787,,0.324662989821,,,1.8284193697,,1.88482107185,2.35762288794,3.87929658527,,,,,,,,5.24821218825,3.73726087122,4.44501701055,,3.06129419031,4.33303288116,,,,2.65870279811,3.68982997196,3.65967210542,3.86224580092,3.7582757016,,,,,,,,5.54455837359
BLOO23,"PPP1R14B",ENSG00000173457,22.314912,2.30992602357,2.78825665212,,-0.556579848593,2.0075937170595943,,3.2027731075,3.31996058012,3.50203225652,3.49051262574,5.73071512161,,0.496975589114,,,1.91066274119,,1.62733408051,2.42675198444,3.20353203139,,,,,,,,5.42449695095,3.54713702436,4.4720033348,,3.44238066333,3.311423273,,,,2.2427516647,2.60005615919,2.86480020798,3.45300566618,2.73375603387,,,,,,,,4.48382016233
BLOO26,"PPP1R14B",ENSG00000173457,5.735773,3.33408065913,1.75123651004,,-0.169129708551,1.5913361295246529,,0.37407026361,1.25058322429,1.32086633136,1.09913263289,1.90560897247,,1.84364568907,,,1.03835439371,,4.09994523281,1.5345832352,3.17411709992,,,,,,,,1.22279209056,2.70734952561,2.41952148978,,2.14747278919,0.31087623528,,,,0.720769179062,1.41511679681,2.52869519161,1.57994250145,1.46964543238,,,,,,,,2.01682524616
BLOO31,"PPP1R14B",ENSG00000173457,3.999826,5.17074471882,4.35337325948,,3.25321934282,2.368660170457763,,2.87847349773,0.881209400107,3.81583918528,1.95929912822,0.273021404188,,1.96689698404,,,2.28932828042,,3.91091134503,3.32119134251,4.30221330564,,,,,,,,-0.367739140725,3.05694991465,-0.322062491802,,0.221270707397,4.34472366059,,,,2.51770093153,4.11210903472,4.51809465843,1.38955820882,3.95497636612,,,,,,,,3.34207754389
BLOO33,"PPP1R14B",ENSG00000173457,9.116969,0.189795231957,0.0968335484708,,4.39195286341,-0.39357434813141007,,-1.85017468824,-0.890772723271,-0.583706691923,-2.23834970198,-5.30605769795,,-0.467180846082,,,1.37201994479,,0.396643463957,-0.0902776350065,-0.671991462963,,,,,,,,-4.71064218182,-1.36709151218,-4.63293423301,,-5.98005834959,-0.565573255037,,,,0.713715390864,0.0452452251562,0.13764356827,-3.4943473372,-0.262922203974,,,,,,,,-2.38141639729
BLOO36,"PPP1R14B",ENSG00000173457,6.034892,4.2327215004,4.31432302077,,1.65338535374,3.2249379578124358,,4.35301683425,3.42251742451,4.16889902554,3.92600117399,3.68554734325,,0.853405795638,,,1.91490316913,,2.86252281285,2.80361950189,4.41481788845,,,,,,,,3.63093054094,3.67312428382,3.27415936133,,1.97569722915,4.3644780162,,,,2.7709980082,4.21011071258,4.27425074467,3.24407223404,4.21246862995,,,,,,,,5.26874757171
BODY08F,"PPP1R14B",ENSG00000173457,6.687083,-2.24080791636,-2.02412134203,,0.848830415251,-2.8703149826505974,,-2.2795902299,-2.2795833057,-1.90394964754,-1.67757399511,-3.87631226175,,-0.141436885458,,,-1.06242599939,,-2.32088039317,-2.77954694953,-2.7234750337,,,,,,,,-3.85579935361,-2.17947697659,-4.05760689757,,-3.60116349482,-1.79785524487,,,,-1.89882252233,-2.03472946812,-2.64098244289,-2.76658320212,-1.73753587111,,,,,,,,-3.04205764311
BODY08,"PPP1R14B",ENSG00000173457,5.619445,-1.73177764195,-1.96344779318,,0.487322130981,-1.809444069059946,,-1.90026636578,-3.72129594593,-1.81333302851,-1.79715585083,-3.27694026669,,1.38076587661,,,-0.702917173841,,-1.66850714979,-2.78622372887,-2.71542221142,,,,,,,,-3.21543891241,-2.61032934856,-3.4238663692,,-3.68392410514,-1.82055499581,,,,-1.63953856903,-1.95312692979,-2.42504366407,-1.62804505643,-1.59688275388,,,,,,,,-2.53154919478
CIRR01,"PPP1R14B",ENSG00000173457,4.798876,4.80019140466,5.58625096784,,4.68026384263,3.699759478011029,,5.32198196308,4.34549541473,5.60230842964,4.75277756083,1.18620030019,,0.600615841605,,,3.84214220957,,3.18087072669,4.07335374123,4.79039973154,,,,,,,,0.359068245358,3.69977363023,0.530562694679,,0.314461670416,6.12130988986,,,,4.72837734764,5.53837631287,4.98148126096,1.39951677335,5.40931901522,,,,,,,,4.72228033946
FATM04F,"PPP1R14B",ENSG00000173457,7.183262,-2.65990674703,-2.27251752964,,1.19203860647,-2.7849399893479796,,-2.69972105939,-2.78264780607,-2.24919300884,-2.38753533101,-4.53021824815,,0.0272352725722,,,-1.09506450631,,-2.42531974228,-2.70002755288,-3.06371998399,,,,,,,,-4.33233182718,-2.6120764786,-4.42581139437,,-3.48260393283,-2.13753497058,,,,-1.68802035939,-2.22442795303,-2.92514573041,-2.97809999204,-2.01300110424,,,,,,,,-3.68143614692
FATM04,"PPP1R14B",ENSG00000173457,6.557630,-2.30976040018,-2.44608070395,,0.761031490328,-1.5617729466259989,,-2.4964582701,-4.2712266413,-2.44735277904,-2.35947038972,-3.89217688605,,1.71948059336,,,-1.06529232093,,-1.95970199169,-2.71679848536,-3.3814248476,,,,,,,,-3.55621541962,-3.457154045,-3.98899915535,,-3.57478849577,-2.25897939427,,,,-1.51809384524,-2.40035348511,-2.92377820661,-1.7078905691,-2.00872966698,,,,,,,,-3.42301413265
PRSC01,"PPP1R14B",ENSG00000173457,5.120807,5.59643664982,4.82857233728,,3.42523199538,2.723810398886486,,3.67832315642,3.23816818007,4.60002835403,2.07545611494,0.980145656859,,1.74241054445,,,3.30025423246,,4.55448163363,5.30074009354,4.95895978873,,,,,,,,0.524565710538,3.58357268806,0.40110327601,,0.50462742652,3.62349564807,,,,3.88330324093,4.49715796444,5.27435197887,1.1049962187,4.38361197333,,,,,,,,4.292677711
URAT01,"PPP1R14B",ENSG00000173457,3.458833,-1.08111103133,3.04720187237,,2.82924213963,3.0001127933482614,,3.05012263275,1.98983496594,2.61233307433,1.87295238256,1.61336699681,,-0.367829742198,,,1.3012297974,,0.402312129736,3.27061286766,1.27513444679,,,,,,,,1.83909064743,1.46417174585,-0.759603438398,,-0.497038562196,3.03071677869,,,,6.15169582002,3.09343025349,2.51253538934,1.87186722877,3.21466031353,,,,,,,,1.85202914495
