code,target,ENSEMBL,association,Adipose_Subcutaneous,Adipose_Visceral_Omentum,Breast_Mammary_Tissue,Muscle_Skeletal,DGN_Whole_Blood,Whole_Blood,Artery_Aorta,Artery_Coronary,Artery_Tibial,Heart_Atrial_Appendage,Heart_Left_Ventricle,Spleen,Brain_Amygdala,Brain_Anterior_cingulate_cortex_BA24,Brain_Caudate_basal_ganglia,Brain_Nucleus_accumbens_basal_ganglia,Brain_Putamen_basal_ganglia,Brain_Cerebellar_Hemisphere,Brain_Cerebellum,Brain_Cortex,Brain_Frontal_Cortex_BA9,Brain_Hippocampus,Brain_Hypothalamus,Brain_Spinal_cord_cervical_c-1,Brain_Substantia_nigra,Nerve_Tibial,Cells_Transformed_fibroblasts,Cells_EBV-transformed_lymphocytes,Colon_Sigmoid,Colon_Transverse,Esophagus_Gastroesophageal_Junction,Esophagus_Mucosa,Esophagus_Muscularis,Liver,Minor_Salivary_Gland,Small_Intestine_Terminal_Ileum,Stomach,Adrenal_Gland,Pituitary,Pancreas,Thyroid,Lung,Ovary,Prostate,Testis,Uterus,Vagina,Skin_Not_Sun_Exposed_Suprapubic,Skin_Sun_Exposed_Lower_leg
ANKY01,"C6orf48",ENSG00000204387,2.792500,3.18531918526,,0.616642201714,,,,,,,,,,,,,,,,,,,,,,,-9.8705701828,,,,3.18531918526,,,,,,4.50614213943,,9.73628997803,,,,,,,,,,,3.18531918526
BFPC04B,"C6orf48",ENSG00000204387,9.701780,0.473957750269,0.206815004497,1.13283544491,,0.4987950820709379,1.82609938302,,,,,,1.88040840727,,-0.0301528636452,,,,,,,,,,,,0.859654917799,,,,-0.895221015253,,,1.55158895319,,,-0.600150967948,0.773425378268,0.848982921149,,,1.87827503263,3.46467165049,,,0.962357501787,,,0.997446702222,-0.955529113258
BFPC04F,"C6orf48",ENSG00000204387,7.989064,-0.692918694515,-0.626401362516,0.424740601013,,-0.5938319802257276,0.607258589854,,,,,,-1.10744288501,,0.0683992785328,,,,,,,,,,,,-0.794381864925,,,,-2.29722635997,,,-0.565566165187,,,0.0209909857158,0.907090642427,0.0507828940697,,,1.12510535117,1.78127767525,,,-0.251080979318,,,-0.250765253451,-1.44085879387
BFPC04M,"C6orf48",ENSG00000204387,6.948886,1.2562404264,0.826157571714,1.21344413925,,1.2052511297779336,2.02246266474,,,,,,3.56098094662,,-0.0996582052917,,,,,,,,,,,,1.87585348539,,,,0.728529945464,,,2.6438939192,,,-0.840119509827,0.299085376681,1.13978659668,,,1.64824834552,3.29290395601,,,1.55866284032,,,1.60665374191,-0.0915586120283
BFPC04,"C6orf48",ENSG00000204387,11.329726,0.205339679036,0.0817129766613,1.02850101789,,0.271036519155196,1.69181125844,,,,,,1.25705276233,,0.0556907024623,,,,,,,,,,,,0.564613026989,,,,-1.23824707031,,,1.17149879996,,,-0.546634208876,0.924512888319,0.736392550208,,,1.88607050513,3.29824185425,,,0.7683432768,,,0.786095632447,-1.10988581224
BLOO01,"C6orf48",ENSG00000204387,13.885756,4.57890564033,-0.333707869053,7.95678808286,,,,,,,,,4.91206979752,,,,,,,,,,,,,,,,,,-1.53209090233,,,,,,2.57479333878,-3.10225371699,0.550858739892,,,,-3.34369683266,,,-3.20005774498,,,2.57479333878,-1.53209090233
BLOO02,"C6orf48",ENSG00000204387,9.597893,4.97690401979,1.24101555347,0.629101469159,,,,,,,,,4.99776029587,,,,,,,,,,,,,,,,,,1.33860290051,,,,,,0.375888228416,-0.0561172167324,-2.23711578316,,,,-3.47931361198,,,-2.41304183006,,,0.375888228416,1.33860290051
BLOO03,"C6orf48",ENSG00000204387,9.070147,5.36951441466,0.00350928679109,2.66034670134,,,,,,,,,5.81633996964,,,,,,,,,,,,,,,,,,2.38887619972,,,,,,-1.54892396927,-0.440854777657,-2.82403691438,,,,-4.96790552139,,,-1.02916955948,,,-1.54892396927,2.38887619972
BLOO04,"C6orf48",ENSG00000204387,11.660370,4.47956258095,-1.35914707184,3.27489103525,,,,,,,,,4.74872779846,,,,,,,,,,,,,,,,,,2.54397153854,,,,,,-1.64509606361,-1.25836246138,0.896124782027,,,,-4.43477153778,,,-4.67615747452,,,-1.64509606361,2.54397153854
BLOO05,"C6orf48",ENSG00000204387,21.370305,8.17548001433,5.47044754028,9.46151237637,,,,,,,,,7.07038879395,,,,,,,,,,,,,,,,,,-1.56194901466,,,,,,7.50478410721,1.60116818442,3.64316561948,,,,0.737365663052,,,-2.69875216484,,,7.50478410721,-1.56194901466
BLOO06,"C6orf48",ENSG00000204387,11.825330,7.0166040003,1.78089261055,-1.9114680609,,,,,,,,,7.08980607986,,,,,,,,,,,,,,,,,,-1.03664791584,,,,,,3.63184690475,2.19842526566,3.09896033408,,,,3.00901055336,,,-0.762435734272,,,3.63184690475,-1.03664791584
BLOO07,"C6orf48",ENSG00000204387,6.442998,5.16771585006,4.35216474533,1.40089448494,,,,,,,,,5.02766036987,,,,,,,,,,,,,,,,,,-2.06981158257,,,,,,4.5107460022,-4.87930211677,0.232788564619,,,,4.82401037216,,,-6.44698095322,,,4.5107460022,-2.06981158257
BLOO09,"C6orf48",ENSG00000204387,13.162494,7.40556570803,2.01724457741,-1.51380575021,,,,,,,,,7.49367761612,,,,,,,,,,,,,,,,,,-1.25963795185,,,,,,3.97874498367,1.9243377801,3.06675690883,,,,3.27570128441,,,-1.46324622631,,,3.97874498367,-1.25963795185
BLOO10,"C6orf48",ENSG00000204387,15.270552,7.93510100649,2.61137104034,-0.410051719699,,,,,,,,,7.86321401596,,,,,,,,,,,,,,,,,,-1.29563868046,,,,,,4.61107063293,2.02348703713,3.3094707404,,,,3.29894185066,,,-1.67481768131,,,4.61107063293,-1.29563868046
BLOO11,"C6orf48",ENSG00000204387,27.234406,7.74544236216,4.43304824829,-2.31622515671,,,,,,,,,5.9894900322,,,,,,,,,,,,,,,,,,-0.844840347767,,,,,,8.25786590576,-2.05021317225,-0.234533462515,,,,2.62217712402,,,-4.48268413544,,,8.25786590576,-0.844840347767
BLOO12,"C6orf48",ENSG00000204387,23.590523,9.58921239271,3.87255573273,-1.23769062601,,,,,,,,,8.92837810516,,,,,,,,,,,,,,,,,,-1.46507668495,,,,,,6.89851236343,0.815593152398,2.82617022083,,,,3.40654802322,,,-3.30929875374,,,6.89851236343,-1.46507668495
BLOO13,"C6orf48",ENSG00000204387,34.872506,7.22517961393,3.87452298488,3.79462469644,,6.013466222002937,1.68678466539,,,,,,7.91603630412,,-3.87907327377,,,,,,,,,,,,4.76267507979,,,,6.15143982154,,,6.54724126128,,,3.02354045119,5.56772900265,6.93971830656,,,0.624170115599,6.56074314581,,,1.31267630544,,,2.96132792437,3.13044477989
BLOO16,"C6orf48",ENSG00000204387,51.069015,2.58305884864,-1.59436908074,6.38596257655,,1.3955987908334337,-4.21773258339,,,,,,5.6756416545,,0.177451789468,,,,,,,,,,,,-1.07763863533,,,,0.747988166466,,,1.01598945765,,,-2.39253344761,-1.04333206803,2.99153770327,,,-3.57918740134,2.37925591784,,,-5.2047780557,,,-2.67952940019,4.92455917386
BLOO17,"C6orf48",ENSG00000204387,15.384166,-0.256232339222,-3.4350966616,4.74132619989,,-1.2945912838455975,-4.33057397689,,,,,,2.24140027062,,2.38984257482,,,,,,,,,,,,-2.73456546218,,,,-2.78366441443,,,-1.40282139571,,,-5.13981369353,-3.06075293747,-0.115117949804,,,-2.99551651172,-0.234463641629,,,-5.37916820545,,,-3.48047413995,3.95089161371
BLOO18,"C6orf48",ENSG00000204387,15.108011,-0.782690579471,-3.62367641625,4.45229070843,,-1.6766508305533354,-4.784967605,,,,,,1.34061095433,,2.31083802179,,,,,,,,,,,,-3.11860378272,,,,-2.45254763167,,,-2.0545826649,,,-4.47821663741,-3.56024779991,-0.265997132634,,,-3.62954436616,-1.03074780254,,,-5.73310716618,,,-3.85341102761,3.51811633325
BLOO19,"C6orf48",ENSG00000204387,14.027348,0.412106361982,0.888001360039,-0.105352844291,,0.3274575444114741,1.82178182025,,,,,,2.80278041272,,1.07345688129,,,,,,,,,,,,2.27463728644,,,,0.141780131677,,,2.57395969373,,,-5.5709537378,3.19688763472,-1.4849085242,,,1.36454748856,4.63084294723,,,2.180301105,,,1.55426085886,-2.18971785623
BLOO20,"C6orf48",ENSG00000204387,18.964490,1.80800164623,-0.909873107814,-2.61843708667,,3.080438982684746,-0.438701327212,,,,,,1.92705749969,,-3.53288839482,,,,,,,,,,,,-1.18650956088,,,,-0.84476362269,,,1.32304155742,,,0.292499877522,-1.5527547243,1.21817415979,,,-2.38603000536,-1.20713646685,,,-0.247295926958,,,-0.300271778691,2.70497137822
BLOO21,"C6orf48",ENSG00000204387,15.391004,-2.32951985964,-4.31311559942,-2.46917084876,,-2.925651853172848,-7.17194017929,,,,,,-2.01003644595,,3.28452289096,,,,,,,,,,,,-4.89427818107,,,,-2.24472369867,,,-5.02460183447,,,-3.92836095923,-5.31848772808,1.44218208181,,,-3.52089606606,-8.11382671525,,,-5.35968790609,,,-6.64484494863,2.19227223496
BLOO22,"C6orf48",ENSG00000204387,24.072686,-1.90655746193,-4.70550189593,-2.9277214011,,-2.5444148203256836,-7.37474565666,,,,,,-1.43785656294,,2.59096383612,,,,,,,,,,,,-5.13793035978,,,,-2.60072400104,,,-4.81729316023,,,-4.03659616346,-5.8272789799,1.49701981653,,,-3.89237369499,-8.22704511481,,,-5.39833163807,,,-6.88740578336,2.65514886321
BLOO23,"C6orf48",ENSG00000204387,8.630803,-4.27634199518,-3.8818425804,-2.75800587925,,-5.047779739033456,-5.65536350918,,,,,,-4.38046745396,,3.67597110592,,,,,,,,,,,,-5.00507473674,,,,-2.51753922781,,,-5.73835981783,,,-3.31113841359,-3.93991332352,-0.397741726043,,,-2.7568904369,-6.95220823921,,,-4.54656742003,,,-5.56746861012,-0.986141211149
BLOO24,"C6orf48",ENSG00000204387,9.992295,-2.22765871338,-1.03717989573,0.741687793579,,-1.7761776075432412,-2.81051026689,,,,,,-3.22453312773,,1.02869720752,,,,,,,,,,,,-1.3238011807,,,,1.79240154284,,,-2.89704695542,,,0.366334187765,-2.92461204927,-1.19101801127,,,-3.90646712623,-1.58149155057,,,-3.26685211515,,,-1.93754882003,-0.992428721022
BLOO25,"C6orf48",ENSG00000204387,10.877260,0.541687273645,1.79793500864,-0.241818914473,,2.737845481026601,0.102933655561,,,,,,-2.38017512432,,1.99361885618,,,,,,,,,,,,-0.0273993823399,,,,0.512655061774,,,-0.532987141952,,,0.796299980791,-2.1099741495,1.89573039631,,,1.16623223925,-3.951378857,,,1.53537701116,,,0.633042519692,2.28082785524
BLOO26,"C6orf48",ENSG00000204387,13.386708,-1.11662931262,3.36060581867,0.795759883468,,1.7499292404854343,2.02407047449,,,,,,-3.73411377193,,2.77734050159,,,,,,,,,,,,1.4069047704,,,,2.85950550723,,,-0.182690851015,,,1.79236601448,2.23292182179,2.19800639933,,,1.73595073903,-2.36862581334,,,1.41609152253,,,2.65329499989,0.639361826438
BLOO27,"C6orf48",ENSG00000204387,13.363342,-1.35248805351,2.63328065934,0.675399809046,,0.6427601234650018,2.06472566789,,,,,,-2.86678365678,,1.83613804201,,,,,,,,,,,,1.4491864521,,,,2.85769049579,,,0.104264856757,,,1.85535768827,3.39142508888,1.35284002797,,,1.04127684591,-0.807493056268,,,0.657328169465,,,2.56573643275,-0.633007229298
BLOO28,"C6orf48",ENSG00000204387,13.158115,0.66161969781,-0.142275648992,0.316309041501,,0.5056470366772898,-0.663805272871,,,,,,-1.83906847588,,-1.57567625818,,,,,,,,,,,,-1.71290316139,,,,-0.603628110686,,,-1.53422121616,,,6.36009496776,-1.83867061227,2.29848529967,,,0.344738125902,-3.99528244137,,,-1.18288051321,,,-0.704177884828,3.13077636101
BLOO29,"C6orf48",ENSG00000204387,34.466469,1.06346785688,4.68001971888,-0.333563870725,,2.139856583756245,4.38052866261,,,,,,1.81395696524,,-2.0898029465,,,,,,,,,,,,5.27238955243,,,,3.86903092078,,,4.93798325594,,,2.54750206333,6.44021314555,3.04991909813,,,0.891056889348,0.352139966646,,,0.887965007034,,,5.22129851022,-2.78091743701
BLOO30,"C6orf48",ENSG00000204387,50.668816,7.19040697163,3.5050545769,4.23923617061,,5.924535699959861,1.21401432472,,,,,,8.15463023946,,-3.61771390344,,,,,,,,,,,,4.38368896262,,,,5.88766514837,,,6.48230937899,,,2.49505799591,5.48088647975,6.9211026211,,,0.177897087713,6.54018074144,,,0.775705842247,,,2.6094249396,3.51112791211
BLOO31,"C6orf48",ENSG00000204387,13.400936,1.05985022816,3.32406654693,-3.92734366234,,1.6623779296669439,4.83823046884,,,,,,-1.33582619383,,-1.97840393565,,,,,,,,,,,,3.32862326014,,,,2.12961591331,,,2.26795578191,,,3.64452526968,3.67222885434,0.409651707521,,,3.72898376785,1.24598424798,,,5.32244886073,,,3.97281718406,-3.26584166506
BLOO32,"C6orf48",ENSG00000204387,8.943591,1.91761372055,1.71148947451,-1.17403519781,,1.684982626677255,3.62960212849,,,,,,2.91891873696,,-0.946993879888,,,,,,,,,,,,2.25076493087,,,,-0.900498151609,,,3.32908669354,,,-0.973996574988,3.75109429215,0.717496310216,,,3.89219019791,2.73246533825,,,4.20888932269,,,2.69424814701,-0.641733871874
BLOO33,"C6orf48",ENSG00000204387,12.992764,2.84108678392,0.264592718606,-1.10928848163,,2.512584079433872,0.132466243481,,,,,,3.8332363236,,-3.81680954133,,,,,,,,,,,,0.924080694215,,,,2.9968831513,,,2.2567486306,,,3.37749072742,2.25270531976,4.3905836295,,,0.38384922946,1.20735056479,,,0.664997223831,,,0.26091175047,4.40118635039
BLOO34,"C6orf48",ENSG00000204387,12.159950,1.46593126698,1.6902966322,0.850352935874,,2.2194788816009825,3.10503337623,,,,,,0.0355123910946,,2.63502378377,,,,,,,,,,,,3.87234422708,,,,0.588664491092,,,2.00357011912,,,-2.932552945,2.03031497571,1.2977447427,,,2.39277325134,-0.00198804977726,,,0.668926618466,,,2.75667977086,0.955479263468
BLOO35,"C6orf48",ENSG00000204387,16.111439,-2.1741144379,-1.82520392273,-1.10990656188,,-4.756136666003169,-0.992867195497,,,,,,-1.82132537925,,2.4767671799,,,,,,,,,,,,-0.170949124984,,,,-1.70765358023,,,-1.8215756097,,,-2.87305616813,1.18439731768,-3.19203565509,,,0.718493731937,0.680482014131,,,-3.2800786568,,,-1.13210114546,-2.49729412537
BLOO36,"C6orf48",ENSG00000204387,32.333669,-0.509780529799,-3.46625126808,-1.72410269189,,-0.582311639544004,-6.28671826468,,,,,,0.145636971249,,2.27109803842,,,,,,,,,,,,-3.62766524049,,,,-1.28994880823,,,-3.13702865952,,,-3.37682907017,-4.65580394135,2.48686555872,,,-3.24777071291,-6.87007643982,,,-4.41550095795,,,-5.5969573041,3.76794539337
BODY06B,"C6orf48",ENSG00000204387,6.052542,-1.92881196126,-1.22925192487,0.0692936956107,,-1.882107788741068,-0.276585391558,,,,,,-0.337485879831,,0.988448665755,,,,,,,,,,,,-0.726715311389,,,,-1.77303562117,,,-1.3680486011,,,-1.42146389126,-0.244652354948,-1.11736342859,,,-0.246735340813,0.218220658226,,,-0.264456006111,,,-0.785607473113,-2.39162955675
BODY06,"C6orf48",ENSG00000204387,5.921434,-1.96334308949,-1.16972684361,-0.11939874757,,-1.8599766003291762,-0.280349767236,,,,,,-0.73519311288,,1.01049039901,,,,,,,,,,,,-0.855292083031,,,,-1.780517602,,,-1.49086971882,,,-1.25691812656,-0.276591105923,-1.1579852825,,,-0.267713560553,0.127410021234,,,-0.209635173606,,,-0.820250815146,-2.40008047634
BODY07B,"C6orf48",ENSG00000204387,6.879196,-2.01663942689,-1.33837653822,-0.00500751149376,,-2.001198056977672,-0.374796338635,,,,,,-0.435447328668,,0.942777302047,,,,,,,,,,,,-0.829626447799,,,,-1.83950981916,,,-1.49890921991,,,-1.51561318391,-0.322186982926,-1.1573900943,,,-0.287465712306,0.0251085853612,,,-0.292361701774,,,-0.915451102449,-2.45920000785
BODY07,"C6orf48",ENSG00000204387,6.621584,-2.06898582958,-1.28535363776,-0.209973190146,,-1.9991682287458403,-0.394264129877,,,,,,-0.837842793078,,0.962489560177,,,,,,,,,,,,-0.954282701763,,,,-1.84501827345,,,-1.63810334515,,,-1.36460024055,-0.361035406368,-1.20341643825,,,-0.307287324539,-0.100366397623,,,-0.251528590039,,,-0.968743922936,-2.47843297464
BODY08B,"C6orf48",ENSG00000204387,10.153651,-1.58516157173,-0.756890164082,1.33450275476,,-1.442188943135559,0.787996101349,,,,,,-0.490407244449,,0.737781820971,,,,,,,,,,,,-0.687105376075,,,,-1.87092052703,,,-0.597509455607,,,-1.88161742995,0.508942874699,-1.01369259566,,,0.23366200564,2.9052538375,,,0.539469876481,,,-0.0178037038951,-3.51726356076
BODY08F,"C6orf48",ENSG00000204387,6.148448,-1.88400188006,-1.10140101493,-0.0182574402542,,-1.663083961062773,-0.156713478923,,,,,,-2.36679574368,,0.128946823976,,,,,,,,,,,,-1.73587308586,,,,-2.53417120872,,,-1.87625697286,,,-0.611650228155,0.119122639474,-1.46621158957,,,0.0808154513585,1.10632745467,,,-0.597346098374,,,-0.794788842989,-3.38870933911
BODY08,"C6orf48",ENSG00000204387,11.260246,-1.68763263999,-0.807407171376,1.05603577937,,-1.5176224782327135,0.696844149298,,,,,,-0.908314259753,,0.723836805233,,,,,,,,,,,,-0.87694808499,,,,-2.05823970996,,,-0.831836946235,,,-1.76136558528,0.494685199509,-1.10932245179,,,0.270743774912,2.684477558,,,0.358895582236,,,-0.148340560292,-3.64105717303
CHOL21,"C6orf48",ENSG00000204387,7.877096,0.844176752392,-1.7623686597,0.163460315977,,-0.0480284505012259,-2.45793871866,,,,,,3.53003982986,,-0.320275174674,,,,,,,,,,,,-1.13959372315,,,,-0.490160549107,,,0.0485899178915,,,0.0405803044975,-1.86734554303,-1.6201866616,,,-2.05436798487,0.880293339622,,,-1.3913827041,,,-2.52804042267,-1.53921996564
CIRR01,"C6orf48",ENSG00000204387,15.034408,-1.04080151282,-5.64462000755,-2.88663170328,,-5.774024167008672,-5.0704181209,,,,,,0.222182052145,,1.00078449581,,,,,,,,,,,,-5.30998389658,,,,-3.95564840638,,,-2.89069229774,,,-4.89214306415,-3.05657207245,-3.83393082438,,,-4.87968489649,-4.25462784494,,,-7.27685523749,,,-4.98185501667,-5.30314852404
EDUC03,"C6orf48",ENSG00000204387,7.929962,-3.76017982872,-0.0779566768794,-2.23745669325,,-1.1784705913346152,-1.63373387783,,,,,,-4.62783399394,,-0.964826636985,,,,,,,,,,,,-1.84788436981,,,,1.12206380975,,,-2.95253751995,,,0.230736630024,-2.62574399317,-0.71323120123,,,-1.11320311754,-2.25171314574,,,-0.854174131337,,,-1.67382108742,
FATM02B,"C6orf48",ENSG00000204387,5.793228,-1.67719400089,0.392993917956,0.281058676654,,-1.0584103327865286,0.839453917104,,,,,,-0.496792107632,,1.21580928244,,,,,,,,,,,,0.406489542616,,,,-0.691746430465,,,-0.594744766189,,,-0.0606515387573,0.647088842939,-0.0733998434687,,,1.484751695,0.448344525233,,,0.365289390453,,,0.289996528066,-1.36218724868
FATM02,"C6orf48",ENSG00000204387,6.502628,-1.75779153095,0.406707873658,0.216195590393,,-1.0623812499176548,0.873261643481,,,,,,-0.992308214994,,1.32974563832,,,,,,,,,,,,0.25637600944,,,,-0.834469663235,,,-0.757372400435,,,0.0780820316502,0.655923813943,-0.109269593652,,,1.51908813808,0.384604363887,,,0.474702816015,,,0.263549373725,-1.43153967409
FATM03B,"C6orf48",ENSG00000204387,6.742417,-1.73499657281,0.32640378947,0.270029399742,,-1.1463980829538993,0.77982164508,,,,,,-0.61164951636,,1.25261307622,,,,,,,,,,,,0.339962287489,,,,-0.775345563256,,,-0.712791934447,,,-0.180543581941,0.612657198907,-0.1278569897,,,1.50583032701,0.296324039415,,,0.353881096103,,,0.203311496725,-1.38852886113
FATM03,"C6orf48",ENSG00000204387,6.840132,-1.82526813145,0.346486947467,0.199235834876,,-1.1605406873175441,0.809475795857,,,,,,-1.11685879872,,1.37792323753,,,,,,,,,,,,0.207239910079,,,,-0.909468934779,,,-0.886780233102,,,-0.0613561468095,0.626352639554,-0.168305616276,,,1.55921978595,0.211128373088,,,0.453323337045,,,0.171082973027,-1.45214705133
FATM04B,"C6orf48",ENSG00000204387,12.775053,-1.30268057886,1.13016274169,2.21336821316,,-0.3838991676619073,2.67671895849,,,,,,-1.12103968151,,1.60731316899,,,,,,,,,,,,0.654088765595,,,,-1.10843121384,,,0.315160120351,,,-0.578664679085,2.18696648051,0.345724191453,,,2.84867567105,3.27332226479,,,1.44428046107,,,1.69705211978,-2.00405438236
FATM04F,"C6orf48",ENSG00000204387,9.130997,-2.05771080107,-0.0429529978332,1.06462186848,,-1.259263735911241,1.1234729331,,,,,,-3.37247837368,,1.36044916449,,,,,,,,,,,,-1.00519319427,,,,-2.39250119972,,,-1.54603065675,,,0.0948037591274,1.6659038408,-0.44544562325,,,1.80148812899,1.33703582516,,,-0.0917682979846,,,0.215677423845,-2.36964114158
FATM04M,"C6orf48",ENSG00000204387,5.771779,-0.0393153550777,1.60029390635,2.15098542645,,0.5472210433687074,2.74191200588,,,,,,1.32666217636,,1.05999441818,,,,,,,,,,,,1.76149143278,,,,0.514244823633,,,1.75653971313,,,-0.868932485205,1.60107363455,0.859859808876,,,2.39935356719,3.38120617009,,,2.07911343669,,,2.16503185655,-0.742764500304
FATM04,"C6orf48",ENSG00000204387,14.229671,-1.56221506476,0.980443387394,2.06225734041,,-0.6045421026781435,2.51629673784,,,,,,-1.74617429241,,1.70861406874,,,,,,,,,,,,0.347162082304,,,,-1.43565102965,,,-0.0722668763439,,,-0.512100460895,2.26556074246,0.222061941073,,,2.83586027107,3.04123935001,,,1.20078712304,,,1.46756475809,-2.17864208501
HEIG03,"C6orf48",ENSG00000204387,13.534543,-0.724960697564,4.29968796051,1.4488763973,,1.632635286950252,3.7735033345,,,,,,-4.81981010456,,4.28585196898,,,,,,,,,,,,2.2134621389,,,,3.42159849541,,,0.187977932001,,,0.69221375254,4.30598492882,3.17942641123,,,3.94945394219,1.60139109139,,,2.99087253347,,,3.63159260928,2.86407140694
LEAN04B,"C6orf48",ENSG00000204387,27.229450,-5.24875446131,0.603661933816,0.757262182039,,-3.2367112335523105,0.786516640972,,,,,,-7.01027225363,,3.8361915087,,,,,,,,,,,,-0.774555129407,,,,-1.11552837139,,,-3.89026118726,,,-1.40239264056,1.59706202341,-1.48485592013,,,1.710462693,-1.76100491937,,,0.460200776719,,,0.106926737811,-1.79465690059
LEAN04F,"C6orf48",ENSG00000204387,14.014919,-4.91827954969,-0.0397987305562,0.13431064741,,-2.816270306592389,-0.118879957187,,,,,,-7.00793526578,,2.87111811232,,,,,,,,,,,,-1.32276679858,,,,-0.94613154447,,,-3.87026727387,,,-1.0928371357,0.570646416081,-1.68689984093,,,0.682773806055,-2.33524422641,,,0.0951887647959,,,-0.697814659267,-1.95259766669
LEAN04M,"C6orf48",ENSG00000204387,15.470159,-2.47210096334,1.13117006211,1.15455517933,,-1.8219220011751909,1.5687906799,,,,,,-2.68931680898,,2.81446177674,,,,,,,,,,,,0.471935966357,,,,-0.657592515614,,,-1.51457836197,,,-0.960324515693,2.05191046225,-0.283481114759,,,2.09256944905,0.124203414793,,,0.688724333033,,,1.16764695079,-0.465626354971
LEAN04,"C6orf48",ENSG00000204387,18.692697,-4.22131073376,1.09566838613,0.943503254851,,-2.726562312254678,1.37269852437,,,,,,-5.47889931178,,3.7549396966,,,,,,,,,,,,-0.127060282573,,,,-0.906137134138,,,-2.96439204725,,,-1.26274171384,2.02358876373,-0.985378983226,,,2.17550847171,-0.916433002857,,,0.702111585831,,,0.75483152151,-1.18211649185
LEAN05B,"C6orf48",ENSG00000204387,26.662381,-5.20042516543,0.604875403414,0.716539237919,,-3.186768902047639,0.798534339338,,,,,,-7.0023464358,,3.7137519936,,,,,,,,,,,,-0.754889849861,,,,-1.11770175654,,,-3.8842664475,,,-1.38063236817,1.63867456804,-1.47442408668,,,1.6969026092,-1.89985853893,,,0.514408795964,,,0.0842500928989,-1.90904561668
LEAN05F,"C6orf48",ENSG00000204387,13.149109,-4.89646915926,-0.0200776192418,0.0922392504236,,-2.7688463310628895,-0.0942778875346,,,,,,-7.02042150149,,2.7543326533,,,,,,,,,,,,-1.26494006993,,,,-0.912819466483,,,-3.87601856484,,,-1.07819598697,0.639076138801,-1.67744234785,,,0.681261377015,-2.51580899099,,,0.131306057134,,,-0.71639867294,-2.12092601015
LEAN05M,"C6orf48",ENSG00000204387,18.442998,-2.41925878552,1.11500459637,1.15050235323,,-1.8038470497990298,1.56926616276,,,,,,-2.65381704269,,2.77269767412,,,,,,,,,,,,0.435287887423,,,,-0.708395918793,,,-1.4938466264,,,-0.945872911396,2.04491896442,-0.273841920857,,,2.08548371871,0.140508899632,,,0.740760943097,,,1.16565160531,-0.43005448551
LEAN05,"C6orf48",ENSG00000204387,25.453593,-4.1714826731,1.08843858795,0.91988843977,,-2.6945045768633675,1.38003223892,,,,,,-5.45979390597,,3.66836292523,,,,,,,,,,,,-0.138226763314,,,,-0.937400863177,,,-2.95358192538,,,-1.24214893271,2.04278868938,-0.983143581003,,,2.16183515998,-1.00250894053,,,0.769570465429,,,0.740451309909,-1.2409612619
LEAN06B,"C6orf48",ENSG00000204387,28.730721,-4.52518679503,2.01305896507,3.11186334477,,-2.7180664560062247,2.35540787484,,,,,,-8.54654369259,,5.01025705114,,,,,,,,,,,,-0.46422067964,,,,-1.21656190635,,,-3.7849649303,,,-0.605372487148,3.6131171775,-1.10986341915,,,3.49864288688,0.0694586241567,,,1.18767806833,,,1.51647694916,-2.55468473891
LEAN06F,"C6orf48",ENSG00000204387,18.483332,-4.66529984383,0.700938121403,1.73514970325,,-3.0216474627868055,0.808822459287,,,,,,-8.11729282743,,4.15272802936,,,,,,,,,,,,-1.40711940239,,,,-1.74320590921,,,-4.22875167397,,,-0.693358239059,1.96813114676,-1.66847773592,,,2.17887990619,-1.14980112023,,,0.0340757825238,,,0.0974312830639,-2.91926999457
LEAN06M,"C6orf48",ENSG00000204387,17.225038,-1.50226397062,2.83446613338,3.35636140842,,-0.5528252415638375,3.33940829408,,,,,,-3.93296032255,,3.25418759063,,,,,,,,,,,,1.31330924929,,,,0.370863848681,,,-0.737316207357,,,-0.0833775945476,3.97127896252,0.461677070297,,,3.41728252412,1.94968221086,,,2.27333550549,,,2.81971265256,-0.396303629987
LEAN06,"C6orf48",ENSG00000204387,32.380500,-3.49110895891,2.64641536059,3.48714076702,,-1.8982713589971407,3.16208234191,,,,,,-7.21630866907,,4.78805030567,,,,,,,,,,,,0.414066475503,,,,-0.558797860404,,,-2.65242413732,,,-0.456120483166,4.15049528746,-0.443802562554,,,3.87183319114,0.972185323574,,,1.84422827455,,,2.35424066534,-1.80655656448
LONG05,"C6orf48",ENSG00000204387,6.702436,0.826621697406,1.36178556395,1.08314956028,,-0.6550912958495243,1.56945646094,,,,,,0.00124377073602,,1.64091585049,,,,,,,,,,,,1.73741295718,,,,1.12812349032,,,0.843570210952,,,-0.178001535436,-0.213046740319,1.77669639644,,,2.00730846322,0.687747081673,,,1.60816299034,,,0.698169141078,0.481897074638
LUPU01,"C6orf48",ENSG00000204387,14.729461,-1.64607999354,1.52719366304,-0.991842024697,,-0.4733988802068108,8.73889086064,,,,,,-7.32272263498,,1.72669575457,,,,,,,,,,,,7.85731534354,,,,-0.751300452893,,,1.03005036372,,,0.0521293725542,4.8632748455,2.91005619687,,,7.16776111358,7.87656761137,,,3.51718569513,,,8.79342341186,
MENO01F,"C6orf48",ENSG00000204387,12.009643,6.60494226201,2.18728526446,0.114478091315,,7.352523541560345,4.21299019191,,,,,,5.57690979088,,-2.97101017417,,,,,,,,,,,,4.98071814382,,,,3.39035760627,,,5.4668493326,,,2.95115011472,1.74623891618,2.08084626507,,,2.26116214909,3.69853193388,,,4.03824558917,,,4.50903164848,3.16113796069
PRSC01,"C6orf48",ENSG00000204387,42.806875,-7.95316249523,3.30280019439,-2.84869516681,,-8.525200158579349,4.21593871595,,,,,,-4.41953231188,,9.18334231474,,,,,,,,,,,,0.783917417203,,,,-0.467948143746,,,-0.945585538373,,,4.73314935729,0.341219863943,-2.58948378053,,,7.99074599553,-1.9538681833,,,2.26483194932,,,3.57712617739,5.15338428929
RHEU01,"C6orf48",ENSG00000204387,64.426977,1.29415049569,-11.0966895003,-1.22671144236,,-5.736722312813519,-5.24031901839,,,,,,9.67446796312,,6.05341298803,,,,,,,,,,,,2.73755885086,,,,-1.42459196563,,,2.73285168907,,,-16.9555083078,-11.3060857693,0.943164078565,,,-6.90552325512,-6.82980893536,,,-11.5635099977,,,-6.74097483928,5.33339264909
RHEU02,"C6orf48",ENSG00000204387,83.682396,1.29415049569,-11.0966895003,-1.20582292964,,-5.512194653887621,-5.24031901839,,,,,,9.67446796312,,6.05341298803,,,,,,,,,,,,2.73755885086,,,,-1.83418658307,,,2.73285168907,,,-16.9555083078,-10.4465264515,0.943164078565,,,-6.90552325512,-6.96642981229,,,-11.5635099977,,,-6.74097483928,5.33339264909
SCHI01,"C6orf48",ENSG00000204387,11.003918,2.28360201726,-0.709932509825,2.90679309133,,3.5534321073246904,0.626168846947,,,,,,4.45358842416,,-0.78844036254,,,,,,,,,,,,-0.104487397947,,,,-0.713980192577,,,3.10126763226,,,-0.924231079984,1.21781869619,1.08278128508,,,-1.15399876412,0.193986612433,,,3.00041810798,,,0.519458796137,
SCHI02M,"C6orf48",ENSG00000204387,10.365795,2.25063962522,-0.351222967706,2.3805584219,,4.557301291960799,1.75030415261,,,,,,4.78327745983,,-0.654448060856,,,,,,,,,,,,1.09388814068,,,,-0.714555506155,,,3.98836413472,,,-0.6209636024,2.23139063278,1.40040482596,,,0.589242842001,1.23857451158,,,3.9377414695,,,1.67267079882,
SCHI02,"C6orf48",ENSG00000204387,13.125309,2.07396502548,-0.542580620351,2.93301699471,,3.7011610435656794,0.667380336137,,,,,,4.52299796332,,-1.29387084441,,,,,,,,,,,,0.0271928297335,,,,-0.802674129733,,,3.17435783968,,,-0.581244960815,1.1092385995,1.20708444272,,,-1.06823585403,0.10262440309,,,3.07774415941,,,0.57348151293,
SCLE01,"C6orf48",ENSG00000204387,0.908685,-1.28977804877,1.97068428993,-9.27701091766,,,,,,,,,-1.54065823555,,,,,,,,,,,,,,1.97068428993,,,,2.07013326489,,,1.97068428993,,,,3.44093871117,5.84552608189,,,1.28383409977,,,,,,,,1.97068428993
TRGL03,"C6orf48",ENSG00000204387,8.753772,0.620385449668,-3.71877370015,-0.256585228304,,-0.03913705336935291,-1.85325641661,,,,,,2.90313263902,,-1.00778198816,,,,,,,,,,,,-1.99896752638,,,,-1.81843662435,,,0.532214458848,,,-2.13222582179,-0.919853724561,-0.545425844861,,,-2.04896208503,1.65269086501,,,-2.60664449986,,,-2.14375950572,-0.947386407615
ULCC01,"C6orf48",ENSG00000204387,7.251890,2.41344646009,0.0873457571368,-2.60116677613,,-2.6688701936949637,-2.78979853699,,,,,,-1.33045740762,,2.97713057077,,,,,,,,,,,,-2.05377748392,,,,-0.17289606588,,,-2.11619218385,,,0.435781136323,-0.996329855338,-2.06299223219,,,-1.14739844264,-3.90575269889,,,-0.773713230589,,,-2.61628599404,
