code,target,ENSEMBL,association,Adipose_Subcutaneous,Adipose_Visceral_Omentum,Breast_Mammary_Tissue,Muscle_Skeletal,DGN_Whole_Blood,Whole_Blood,Artery_Aorta,Artery_Coronary,Artery_Tibial,Heart_Atrial_Appendage,Heart_Left_Ventricle,Spleen,Brain_Amygdala,Brain_Anterior_cingulate_cortex_BA24,Brain_Caudate_basal_ganglia,Brain_Nucleus_accumbens_basal_ganglia,Brain_Putamen_basal_ganglia,Brain_Cerebellar_Hemisphere,Brain_Cerebellum,Brain_Cortex,Brain_Frontal_Cortex_BA9,Brain_Hippocampus,Brain_Hypothalamus,Brain_Spinal_cord_cervical_c-1,Brain_Substantia_nigra,Nerve_Tibial,Cells_Transformed_fibroblasts,Cells_EBV-transformed_lymphocytes,Colon_Sigmoid,Colon_Transverse,Esophagus_Gastroesophageal_Junction,Esophagus_Mucosa,Esophagus_Muscularis,Liver,Minor_Salivary_Gland,Small_Intestine_Terminal_Ileum,Stomach,Adrenal_Gland,Pituitary,Pancreas,Thyroid,Lung,Ovary,Prostate,Testis,Uterus,Vagina,Skin_Not_Sun_Exposed_Suprapubic,Skin_Sun_Exposed_Lower_leg
BLOO05,"PGAM1",ENSG00000171314,40.905040,4.84313393718,4.4169776784,6.17350001083,3.23112900339,2.88684094332634,-0.972341519312,3.29041175835,,3.03587898229,2.09255982475,5.03989243618,2.98891560105,,,,,,2.51941450706,3.02592938696,2.46937846692,,3.81989948481,,,,4.49860091777,1.40155289101,,2.56173692186,1.55363648964,3.77023901279,0.640159213919,2.98929643191,,,,2.75451835292,,,3.69723048308,7.61641275513,3.43804787869,1.03360059358,-0.429917970324,3.08973555098,,-5.78448183368,3.1471994924,3.30130245807
BLOO06,"PGAM1",ENSG00000171314,14.714083,3.10302840396,4.03848458432,5.34087295416,3.17007194022,2.5840507726283355,0.373423403618,3.21648415852,,3.37744964488,1.42526545471,3.1813493321,2.99805212421,,,,,,3.20577944848,3.3094315902,2.06938218433,,3.8305167612,,,,3.75144611554,2.5210996871,,2.41783384062,2.48216167182,3.22981867048,3.43756566549,2.00039378247,,,,2.15187514039,,,3.0579316426,6.52479528636,3.36930171949,-0.026467460368,0.968450734064,2.54425539782,,-3.02147132382,3.30887595423,3.90613344574
BLOO09,"PGAM1",ENSG00000171314,14.422290,2.96885299343,3.95826905107,5.17295595279,3.07888657602,2.4759159856781205,0.374249038603,3.10012061204,,3.30054087328,1.27203933414,3.22776791011,2.93487379397,,,,,,3.03630395337,3.18226921784,2.02017971886,,3.79980227478,,,,3.64538192718,2.40094064164,,2.18869808719,2.27977267446,3.11473769261,3.32399764254,1.96849952882,,,,2.07063320794,,,2.95041994509,6.50048669092,3.2564755896,-0.023922758583,1.06780280233,2.57945810804,,-2.9516535419,3.14165015763,3.78240005154
BLOO10,"PGAM1",ENSG00000171314,17.910837,3.47068681195,4.29371314777,5.65424861128,3.35369894944,2.6967682746148705,0.193605220511,3.37938065939,,3.51320211797,1.47610015291,3.73745113918,3.18521220423,,,,,,3.22864609216,3.41934250327,2.24228976883,,4.05179808077,,,,4.03376809262,2.51690494903,,2.46347705611,2.36039632065,3.40903002292,3.33873827455,2.26302883935,,,,2.30059754063,,,3.20574270485,7.11572966026,3.53571005089,0.0410286245875,0.973075246119,2.85803442923,,-3.37589926056,3.40761835325,4.06818662571
BLOO12,"PGAM1",ENSG00000171314,15.895410,3.51333725939,4.29628477069,5.64628555436,3.2653584983,2.7741292599566267,0.19745267665,3.4223628563,,3.5741491995,1.47852713951,3.67880850281,3.12932759944,,,,,,3.49291122595,3.41729798914,2.15970865837,,4.11594940809,,,,3.97450431784,2.4257771255,,2.37553182017,1.89249544804,3.45719682028,3.05838566029,2.3123466985,,,,2.40039291037,,,3.57448842956,6.7678874703,3.55567951863,0.420544891091,1.11544241481,2.95000665226,,-3.03250531241,3.16176036966,3.95339040594
BLOO13,"PGAM1",ENSG00000171314,14.963770,3.07589624748,3.99137772556,5.24606897325,3.12015787049,2.51315893661439,0.300467566625,3.16015153107,,3.31659193489,1.45344028572,3.15218024715,2.95220234111,,,,,,3.11280834234,3.21535356211,2.02077870787,,3.73279681157,,,,3.86303936347,2.46375306305,,2.3862347048,2.43587767508,3.15148728354,3.38001375418,1.97699849054,,,,2.1135063503,,,2.99944765168,6.45838535384,3.31335855395,-0.0372565533538,0.955131941706,2.51222161615,,-3.00005091901,3.32302590013,3.85977314219
BLOO19,"PGAM1",ENSG00000171314,11.316656,-1.40566921944,-0.0462708946139,-0.90292942092,0.117338079999,-0.1726271913027068,1.4131837215,0.0743336504679,,0.434139155661,-0.595764356835,-1.45808716011,0.237691000898,,,,,,0.59177894384,0.361408998723,-0.234395710688,,0.0482422563693,,,,-0.557062371306,1.1414686127,,-0.183835922708,0.737000549328,-0.553693386571,2.62397386184,-0.662895217276,,,,-0.32314339215,,,-0.338263805973,-1.01775789049,0.0328455677819,-0.858032063299,1.42048842951,-0.412901082393,,2.50323325483,0.215350566458,0.62860519547
BLOO28,"PGAM1",ENSG00000171314,17.961261,2.33508421111,0.987204808362,2.14827200826,0.770816105484,0.7871583642679556,-1.44115880159,0.745829354394,,0.371959337771,0.977220778888,2.18880122834,0.579660226318,,,,,,-0.250522317581,0.376134907182,0.901369131995,,0.789109910827,,,,1.63756175439,-0.531395439018,,0.637548151527,0.181430505024,1.33346379251,-2.09494320646,1.32172107313,,,,0.892015381396,,,0.996586624619,2.92565182371,0.804337329457,0.697896449104,-1.43805700036,1.10129256929,,-3.57327500741,0.592775825645,0.3750583044
BLOO30,"PGAM1",ENSG00000171314,15.905249,3.00619137206,4.04496937966,5.30165702244,3.15789448841,2.595397374700976,0.430484142759,3.18286940097,,3.38843341795,1.22339632332,3.32604817591,3.0137218606,,,,,,3.13587766256,3.29219351429,2.10423823516,,3.91868185059,,,,3.90711021877,2.48088828061,,2.22395951519,2.35675932613,3.20912436936,3.38693338623,1.9938428438,,,,2.13559260687,,,3.03146797228,6.61790777732,3.33765885971,0.0152245064269,1.08042390582,2.65170391357,,-2.9640555998,3.17240972241,3.85745906194
EDUC03,"PGAM1",ENSG00000171314,7.464035,-1.47237155598,-0.966043759659,-1.75062434933,-0.584773045248,-0.2221530535482532,0.759889609553,-0.597700793079,,-0.328825036359,-1.68223602076,-0.281657381971,-0.318288924077,,,,,,-0.982862780287,-0.956372474688,-0.876176848435,,-0.0169000064469,,,,-1.08052590062,0.337631854663,,-0.758948152668,-0.170031626046,-1.07321753155,-1.13532897794,-1.45895435272,,,,-0.92812783009,,,-0.596686653035,-0.642961148207,-0.467170069139,-1.61887665215,-0.530750516628,-0.655277985811,,1.32130867631,-1.26482100709,0.194569784974
