code,target,ENSEMBL,association,Adipose_Subcutaneous,Adipose_Visceral_Omentum,Breast_Mammary_Tissue,Muscle_Skeletal,DGN_Whole_Blood,Whole_Blood,Artery_Aorta,Artery_Coronary,Artery_Tibial,Heart_Atrial_Appendage,Heart_Left_Ventricle,Spleen,Brain_Amygdala,Brain_Anterior_cingulate_cortex_BA24,Brain_Caudate_basal_ganglia,Brain_Nucleus_accumbens_basal_ganglia,Brain_Putamen_basal_ganglia,Brain_Cerebellar_Hemisphere,Brain_Cerebellum,Brain_Cortex,Brain_Frontal_Cortex_BA9,Brain_Hippocampus,Brain_Hypothalamus,Brain_Spinal_cord_cervical_c-1,Brain_Substantia_nigra,Nerve_Tibial,Cells_Transformed_fibroblasts,Cells_EBV-transformed_lymphocytes,Colon_Sigmoid,Colon_Transverse,Esophagus_Gastroesophageal_Junction,Esophagus_Mucosa,Esophagus_Muscularis,Liver,Minor_Salivary_Gland,Small_Intestine_Terminal_Ileum,Stomach,Adrenal_Gland,Pituitary,Pancreas,Thyroid,Lung,Ovary,Prostate,Testis,Uterus,Vagina,Skin_Not_Sun_Exposed_Suprapubic,Skin_Sun_Exposed_Lower_leg
BLOO03,"EFTUD2",ENSG00000108883,3.711751,0.421802652628,0.0544913673246,,-5.68070709344,-2.6023360166283256,1.43868562016,2.38985395471,2.10320956441,1.76781211336,,,,,-0.0471712328171,,,,-3.9490563134,,,,,,,,-0.69300459507,1.65104845105,,2.20416612735,1.89190438877,1.57622360395,,1.88741965468,,,,0.907279992162,,,,,1.2275122168,,,,0.664382079353,,,
BLOO22,"EFTUD2",ENSG00000108883,5.971551,-2.78628056118,-1.25361791865,,-1.88398530058,-3.8883690863056084,-1.59456816587,-2.01825663038,-1.66063779866,-1.76531926197,,,,,0.549565253425,,,,-0.815582073734,,,,,,,,-2.45639272533,-2.10919338031,,-1.62716797267,0.11778977163,-2.24693249833,,-1.93628288136,,,,-2.26470749827,,,,,-2.14640428513,,,,-1.98277126075,,,
BLOO25,"EFTUD2",ENSG00000108883,3.386771,1.13699455193,0.142632679709,,-5.1204031028,-2.033819146907734,1.06945802701,2.9679689581,2.39158119988,2.49138202935,,,,,1.06961333373,,,,0.570427944383,,,,,,,,1.54907228297,1.97143478582,,2.67783329384,3.27630429178,2.46850215706,,2.33245120996,,,,1.78369002171,,,,,2.30264632162,,,,0.846651481296,,,
EDUC03,"EFTUD2",ENSG00000108883,10.210476,0.563453639725,-2.90199842794,,5.95078377214,1.2596200158312392,0.268061880069,-1.76158281419,-1.92522991051,-0.952348513295,,,,,-1.75099943535,,,,0.533602964894,,,,,,,,-0.082346484921,-1.02217267818,,-1.06908965384,-3.03751778954,-0.588814220572,,-0.563401799303,,,,-0.215102654394,,,,,-0.465005397828,,,,-0.25439936208,,,
LEAN04B,"EFTUD2",ENSG00000108883,6.895854,3.54294439422,2.04065261366,,-4.37524895278,-0.7178058819576085,-0.908352615858,4.24693165451,3.80499049652,3.55862897191,,,,,-0.91661869998,,,,-1.01855576243,,,,,,,,2.36696324406,3.44038444493,,4.15223248739,0.395691596006,3.85724977729,,3.75424365873,,,,3.57073041289,,,,,3.93858703165,,,,2.03502790292,,,
LEAN04M,"EFTUD2",ENSG00000108883,5.625765,2.9723903224,2.4535749936,,-4.07292947571,-1.3945413487981466,-1.55312444912,3.82611761154,3.4558999159,3.10664102637,,,,,-1.27036372484,,,,-0.864343111192,,,,,,,,1.5013544839,3.00706691183,,3.70388165982,1.2038545236,3.34505388267,,3.1972336919,,,,2.87977326076,,,,,3.18355172196,,,,1.51748884741,,,
LEAN04,"EFTUD2",ENSG00000108883,8.272695,3.75774397634,2.5630490456,,-4.73521358671,-1.017064616185929,-1.18545616855,4.65580260184,4.21312381377,3.87752593297,,,,,-1.17290461259,,,,-1.08262873518,,,,,,,,2.34985346609,3.77246613954,,4.54334916561,0.865384523791,4.18093372971,,4.05743787563,,,,3.75149593021,,,,,4.12244823329,,,,2.1593224196,,,
LEAN05B,"EFTUD2",ENSG00000108883,6.432774,3.55674740891,2.15870718324,,-4.36475949854,-0.6098134049672878,-0.814153938994,4.29476694114,3.86659051535,3.62637207765,,,,,-0.923648134489,,,,-1.13740536367,,,,,,,,2.55861691093,3.52236712954,,4.21755042538,0.519636063304,3.90294231874,,3.80745996005,,,,3.6286488716,,,,,3.97765760762,,,,2.19318061948,,,
LEAN05M,"EFTUD2",ENSG00000108883,5.719900,2.98151043858,2.4614798227,,-4.05432994902,-1.3873709934652085,-1.57564777747,3.81626227428,3.44339198841,3.0972848548,,,,,-1.41127816149,,,,-0.882692541616,,,,,,,,1.50422008025,2.999149632,,3.69862286219,1.1311253935,3.34391444802,,3.18804736892,,,,2.87919148127,,,,,3.17980437224,,,,1.52858274572,,,
LEAN05,"EFTUD2",ENSG00000108883,7.520151,3.76463201995,2.63071304954,,-4.7168700433,-0.9547923282948886,-1.1363198081,4.66955623965,4.23159416476,3.90101939061,,,,,-1.25084183986,,,,-1.15642767529,,,,,,,,2.46019336434,3.80510557793,,4.56830249657,0.890716516676,4.19780749542,,4.07321782559,,,,3.7781637505,,,,,4.13659168638,,,,2.24746456332,,,
LEAN06B,"EFTUD2",ENSG00000108883,9.198144,3.94214598686,2.32524471916,,-4.25246796723,-0.2724742613419378,-1.50808843611,4.42171099421,3.80879884615,3.28943716225,,,,,-0.563994230849,,,,-0.0944858601803,,,,,,,,2.93055306212,3.48546480673,,4.28630149108,0.98949611665,3.85779314439,,3.72588069135,,,,3.67513652262,,,,,4.1831560311,,,,1.82902941337,,,
LEAN06,"EFTUD2",ENSG00000108883,9.435902,3.60308933146,2.03303963703,,-4.34767048008,-0.97266592364117,-1.39583779784,4.41818718187,3.76417285302,3.219164981,,,,,-0.385665150185,,,,-0.362818794073,,,,,,,,2.41753421555,3.38087263563,,4.25557475809,0.802144549454,3.77170572251,,3.69466528312,,,,3.48447216578,,,,,4.0094574968,,,,1.44825000086,,,
