code,target,ENSEMBL,association,Adipose_Subcutaneous,Adipose_Visceral_Omentum,Breast_Mammary_Tissue,Muscle_Skeletal,DGN_Whole_Blood,Whole_Blood,Artery_Aorta,Artery_Coronary,Artery_Tibial,Heart_Atrial_Appendage,Heart_Left_Ventricle,Spleen,Brain_Amygdala,Brain_Anterior_cingulate_cortex_BA24,Brain_Caudate_basal_ganglia,Brain_Nucleus_accumbens_basal_ganglia,Brain_Putamen_basal_ganglia,Brain_Cerebellar_Hemisphere,Brain_Cerebellum,Brain_Cortex,Brain_Frontal_Cortex_BA9,Brain_Hippocampus,Brain_Hypothalamus,Brain_Spinal_cord_cervical_c-1,Brain_Substantia_nigra,Nerve_Tibial,Cells_Transformed_fibroblasts,Cells_EBV-transformed_lymphocytes,Colon_Sigmoid,Colon_Transverse,Esophagus_Gastroesophageal_Junction,Esophagus_Mucosa,Esophagus_Muscularis,Liver,Minor_Salivary_Gland,Small_Intestine_Terminal_Ileum,Stomach,Adrenal_Gland,Pituitary,Pancreas,Thyroid,Lung,Ovary,Prostate,Testis,Uterus,Vagina,Skin_Not_Sun_Exposed_Suprapubic,Skin_Sun_Exposed_Lower_leg
BLOO05,"LYPD5",ENSG00000159871,38.429550,5.14639368021,5.68211668146,,,10.553444909673159,,,,,,,,,-4.33898852434,,,4.55239900461,8.22885498904,8.67962901723,-6.29924512725,-5.98373086581,-0.15004248851,,,,8.55349159389,-2.85573481554,,,,-1.47524756404,6.68356740313,4.98203922849,,,,,,,5.72116186107,,9.31531994457,,,8.96494945403,,,9.06636879385,11.0389694207
BLOO06,"LYPD5",ENSG00000159871,1.294265,0.402364246803,0.0961192652065,,,-0.8527145841093186,,,,,,,,,0.536933446215,,,0.831296983334,-1.05641094345,-0.736492172102,1.62068999333,2.02380798804,2.10831812666,,,,-0.0677069430503,2.1404673897,,,,-0.513497706522,-1.34182072203,-0.341418927361,,,,,,,-0.141734800093,,-0.1089554548,,,-0.897241204355,,,-4.75176761193,-0.833491825018
BLOO13,"LYPD5",ENSG00000159871,0.956441,0.368282620377,0.0407231700172,,,-0.9117838875005303,,,,,,,,,0.479518188475,,,0.68690489146,-1.05038836453,-0.764075867262,1.58301797984,1.97770729736,2.18921320236,,,,-0.0879735710469,2.05299918139,,,,-0.558497148175,-1.26425923475,-0.272127527318,,,,,,,-0.175814197909,,-0.164970389207,,,-0.921587165662,,,-4.77258166436,-0.867012789384
BLOO19,"LYPD5",ENSG00000159871,36.246708,-4.42166347485,-5.2538100357,,,-10.229893662466267,,,,,,,,,4.10216907473,,,-3.46157766195,-8.26469267187,-8.35515393749,6.74875006849,6.70235870073,2.35455183281,,,,-7.71214543656,4.16880828053,,,,0.998903985973,-7.03304259543,-4.78285855086,,,,,,,-5.4980379513,,-8.40891587384,,,-8.73081801315,,,-12.151961828,-10.5176120777
BLOO25,"LYPD5",ENSG00000159871,14.856330,0.982678875906,1.7879259068,,,5.358011721122275,,,,,,,,,-4.5904282373,,,-1.10939418834,5.7681225117,5.83646704791,-6.93197926684,-5.39933282895,-1.18824679226,,,,5.05158092797,-5.22428747803,,,,-1.81700320434,5.95952480906,0.709767292683,,,,,,,1.59757681103,,4.384717822,,,6.03823317066,,,6.06450772321,6.26959921955
BLOO28,"LYPD5",ENSG00000159871,27.172037,4.04123726589,4.94081778654,,,10.566941765442058,,,,,,,,,-4.84914656011,,,3.13627475272,8.93702980427,9.01573733206,-7.17269299091,-7.30460539002,-2.10208164507,,,,7.82092235287,-4.52468970307,,,,-0.858588559216,7.73400331756,4.72333495593,,,,,,,5.1930952577,,8.64842940523,,,9.44885665816,,,12.0656722941,11.0023142663
BLOO32,"LYPD5",ENSG00000159871,6.350879,-2.38568453488,-2.62849439198,,,-4.517822208855009,,,,,,,,,1.16808339058,,,-1.80876893911,-3.30778354526,-3.35847054636,3.27356218876,3.0032852532,1.30360383794,,,,-3.75978266908,2.13307533407,,,,0.766334237426,-2.18808155741,-2.55001967115,,,,,,,-2.68198139845,,-3.63477001025,,,-3.44952681583,,,-6.92349233943,-4.51410162124
BLOO34,"LYPD5",ENSG00000159871,6.586449,-2.57663927686,-2.53887470524,,,-3.8848738477681444,,,,,,,,,1.32390949056,,,-1.43853526306,-2.32411238059,-2.42849183638,3.64140376064,3.27427589262,0.0712733553403,,,,-4.03525179962,2.59019029986,,,,0.240947061494,-4.34079887483,-3.59990948198,,,,,,,-2.73299913204,,-3.11900871304,,,-2.55770061893,,,-4.03724012106,-4.10243430737
CHOL27,"LYPD5",ENSG00000159871,0.538907,0.38691433577,-0.452631243186,,,0.4059328761209178,,,,,,,,,-0.858281786361,,,1.08971458119,1.03631345297,0.941490043904,-2.44626142631,-1.1902532059,-0.115595560837,,,,0.956179307983,-1.58382088008,,,,-2.4677934212,0.786394735251,3.55252937432,,,,,,,0.314214779242,,4.89142939974,,,1.05199146534,,,1.47778010612,1.17500468033
