code,target,ENSEMBL,association,Adipose_Subcutaneous,Adipose_Visceral_Omentum,Breast_Mammary_Tissue,Muscle_Skeletal,DGN_Whole_Blood,Whole_Blood,Artery_Aorta,Artery_Coronary,Artery_Tibial,Heart_Atrial_Appendage,Heart_Left_Ventricle,Spleen,Brain_Amygdala,Brain_Anterior_cingulate_cortex_BA24,Brain_Caudate_basal_ganglia,Brain_Nucleus_accumbens_basal_ganglia,Brain_Putamen_basal_ganglia,Brain_Cerebellar_Hemisphere,Brain_Cerebellum,Brain_Cortex,Brain_Frontal_Cortex_BA9,Brain_Hippocampus,Brain_Hypothalamus,Brain_Spinal_cord_cervical_c-1,Brain_Substantia_nigra,Nerve_Tibial,Cells_Transformed_fibroblasts,Cells_EBV-transformed_lymphocytes,Colon_Sigmoid,Colon_Transverse,Esophagus_Gastroesophageal_Junction,Esophagus_Mucosa,Esophagus_Muscularis,Liver,Minor_Salivary_Gland,Small_Intestine_Terminal_Ileum,Stomach,Adrenal_Gland,Pituitary,Pancreas,Thyroid,Lung,Ovary,Prostate,Testis,Uterus,Vagina,Skin_Not_Sun_Exposed_Suprapubic,Skin_Sun_Exposed_Lower_leg
BLOO06,"ENSG00000182319",ENSG00000182319,11.034281,,6.90370775575,,-0.488849117493,,,5.14791261693,,,,,,,,,,,-0.227053596819,0.453492632038,-1.6830863587,,,,,1.50424101261,1.40787761214,,,,3.31095638331,,,,,,,,,,-4.3996548496,6.38524738843,,,,5.75300394846,,,-3.60820152998,-0.511338324881
BLOO08,"ENSG00000182319",ENSG00000182319,8.663560,,5.28204021812,,-1.13447498795,,,3.16208698904,,,,,,,,,,,-0.557287163586,0.397501612651,-2.22534943142,,,,,0.997406030043,0.343787595191,,,,2.45576219082,,,,,,,,,,-3.89116709493,5.59197412937,,,,4.85772232184,,,-1.6550475143,0.378945534075
BLOO09,"ENSG00000182319",ENSG00000182319,11.064604,,6.69051109717,,-0.689142629443,,,4.82182686788,,,,,,,,,,,-0.174724305139,0.516929009626,-1.88494810632,,,,,1.42928982022,1.21001635959,,,,3.08920604917,,,,,,,,,,-4.19397815305,6.23806175986,,,,5.57618731076,,,-3.34529908308,-0.375901249903
BLOO10,"ENSG00000182319",ENSG00000182319,11.051739,,6.75127483534,,-0.699776533322,,,4.70254251941,,,,,,,,,,,-0.132946082315,0.453816741049,-2.05003708704,,,,,1.31277237092,1.38718968297,,,,3.11102943568,,,,,,,,,,-4.42679374951,6.38588878815,,,,5.65381520105,,,-3.35808772141,-0.409526547144
BLOO12,"ENSG00000182319",ENSG00000182319,9.632588,,6.61249088331,,-0.667578669461,,,4.46545389083,,,,,,,,,,,-0.346619697852,0.33265212629,-1.97377227519,,,,,0.962730906933,1.12571888952,,,,3.42316362226,,,,,,,,,,-4.30873766477,6.50672608988,,,,5.81405631775,,,-3.71398129184,-0.909315608428
BLOO13,"ENSG00000182319",ENSG00000182319,11.042742,,6.87317173931,,-0.615173877346,,,5.33639733584,,,,,,,,,,,-0.165970628288,0.560573889383,-1.69888554139,,,,,1.5471194902,1.37213489614,,,,3.20859150994,,,,,,,,,,-4.43589100119,6.37710489795,,,,5.68246389799,,,-3.46313011707,-0.419744905896
BLOO17,"ENSG00000182319",ENSG00000182319,7.056100,,-5.23174413964,,0.3353657173,,,-3.32987379638,,,,,,,,,,,0.199189863642,-1.28269849985,-0.038381525974,,,,,-1.79038645811,-2.26689544337,,,,-2.51700341786,,,,,,,,,,3.14127352464,-3.81656766212,,,,-3.61478511971,,,2.68755352353,1.10384922351
BLOO18,"ENSG00000182319",ENSG00000182319,7.926538,,-5.32818544988,,0.290137398705,,,-3.53688345158,,,,,,,,,,,0.27225024837,-1.17591836203,0.148793283129,,,,,-1.79261898475,-2.15733580944,,,,-2.48501697405,,,,,,,,,,3.11375936099,-3.75417622815,,,,-3.6639372781,,,2.75126223633,0.989681499308
BLOO21,"ENSG00000182319",ENSG00000182319,2.777726,,4.81246065983,,-3.01402915484,,,3.8279398595,,,,,,,,,,,0.21797923341,2.00500013628,-2.74663118038,,,,,0.711766395786,0.553488610343,,,,1.84512111476,,,,,,,,,,-1.62194058447,4.00084087746,,,,3.12890770661,,,-0.739899637161,0.522871336282
BLOO27,"ENSG00000182319",ENSG00000182319,5.885656,,4.74230803937,,-2.31668243755,,,3.33956029787,,,,,,,,,,,-0.51634848365,1.46986043773,-1.74260595392,,,,,0.712136486981,1.90185037659,,,,2.18549332067,,,,,,,,,,-4.12309986893,5.1592765077,,,,4.73041242593,,,-2.99422469619,-1.64078093859
BLOO30,"ENSG00000182319",ENSG00000182319,11.774665,,6.72397878607,,-0.583600686589,,,5.15072713647,,,,,,,,,,,-0.210429904584,0.470164371056,-1.86626410559,,,,,1.4280958825,1.27044451007,,,,3.20595171868,,,,,,,,,,-4.16509711379,6.23229140113,,,,5.62806820024,,,-3.43014837039,-0.40397412455
BLOO34,"ENSG00000182319",ENSG00000182319,17.061410,,-6.7014530576,,0.849845782236,,,-5.02340181919,,,,,,,,,,,0.372064026141,-2.66147295677,0.201962431282,,,,,-1.06190567895,-3.05366085269,,,,-5.31797882732,,,,,,,,,,6.66761412344,-7.17417100714,,,,-6.40034902826,,,4.0608746196,2.18832687961
BLOO35,"ENSG00000182319",ENSG00000182319,22.909389,,-9.36622931671,,2.22203362022,,,-8.19802964599,,,,,,,,,,,1.60905934941,-0.308569594585,2.88565196475,,,,,-1.34275450109,-1.29950741954,,,,-4.92063805158,,,,,,,,,,7.05416509031,-9.4316548259,,,,-8.98778325607,,,6.70425353517,3.34930581942
BODY06B,"ENSG00000182319",ENSG00000182319,6.807098,,-3.16929232234,,0.828720819866,,,-2.20317861549,,,,,,,,,,,-0.949085628163,-0.824654003669,1.88939194484,,,,,-1.37848644728,-1.23030293894,,,,-3.26124781184,,,,,,,,,,3.87036805642,-4.17618600881,,,,-3.99265275808,,,2.3156373681,0.293187532444
BODY06,"ENSG00000182319",ENSG00000182319,6.921761,,-2.92111186772,,0.868253062939,,,-1.98974713383,,,,,,,,,,,-0.791235495487,-0.984926018442,1.7938446594,,,,,-1.52784742148,-0.891534192387,,,,-3.29557493467,,,,,,,,,,3.77718965625,-3.95882006865,,,,-3.74011880214,,,1.97009087139,-0.0828429497702
BODY07B,"ENSG00000182319",ENSG00000182319,6.872506,,-3.29214465012,,0.738467701777,,,-2.23645170201,,,,,,,,,,,-0.99962477243,-0.856710082402,1.8983018017,,,,,-1.37747461522,-1.27446628567,,,,-3.3366751322,,,,,,,,,,3.94690452142,-4.29404575683,,,,-4.03422768445,,,2.31177584554,0.320328672897
BODY07,"ENSG00000182319",ENSG00000182319,6.807349,,-3.08434653335,,0.778728553012,,,-2.03581585136,,,,,,,,,,,-0.867788769096,-1.03649646691,1.81440641177,,,,,-1.54236402465,-0.965094480722,,,,-3.37248092697,,,,,,,,,,3.85939820589,-4.11193383951,,,,-3.79873155128,,,1.95455815458,-0.0702632324666
BODY08B,"ENSG00000182319",ENSG00000182319,17.720310,,-5.9393801084,,0.477995574888,,,-5.52168334596,,,,,,,,,,,-1.22199310053,-0.977364231617,2.195579242,,,,,-2.66798674237,-2.59706275245,,,,-5.06436459913,,,,,,,,,,5.43401295052,-6.84079779644,,,,-6.15750164317,,,4.0722809719,1.46587921078
BODY08M,"ENSG00000182319",ENSG00000182319,14.814770,,-5.0692232146,,0.573605150164,,,-4.0293712028,,,,,,,,,,,-0.570158358274,-0.24005578928,1.90103978799,,,,,-2.19746391506,-1.35828095783,,,,-3.20472823741,,,,,,,,,,4.44218395899,-5.82947790735,,,,-6.02556176339,,,4.98828811226,2.38447849572
BODY08,"ENSG00000182319",ENSG00000182319,15.499421,,-5.79108463859,,0.428101445607,,,-5.5351301706,,,,,,,,,,,-1.21876283187,-1.09905039974,2.15999801291,,,,,-2.63490686221,-2.73402598939,,,,-5.20189826537,,,,,,,,,,5.36630236498,-6.64920352905,,,,-5.78253905414,,,3.56076317231,1.0287214136
LEAN06B,"ENSG00000182319",ENSG00000182319,5.022418,,-2.86271211461,,0.291956475355,,,-2.51853067183,,,,,,,,,,,0.306079148647,-1.18245951622,0.31863278205,,,,,-1.22700809883,-0.234627821179,,,,-2.44724818796,,,,,,,,,,4.78591448575,-3.18496280439,,,,-3.02734295871,,,2.04437215609,-0.0641139699811
LEAN06,"ENSG00000182319",ENSG00000182319,6.266923,,-2.69915156749,,0.345449122272,,,-1.77744943907,,,,,,,,,,,0.560676896804,-0.77100279573,0.401660980325,,,,,-1.13067465879,0.320389087142,,,,-2.24248063262,,,,,,,,,,4.63672518317,-3.14709741615,,,,-3.36584395611,,,2.72680097446,0.388848585533
NEUR01,"ENSG00000182319",ENSG00000182319,8.853345,,5.91804121933,,-0.0983577338802,,,5.74975751521,,,,,,,,,,,1.18551852673,1.58991436974,-3.28457333464,,,,,1.97316279029,1.54167089887,,,,3.06955568396,,,,,,,,,,-4.07428723867,7.03785817568,,,,5.43923012041,,,-2.18040570755,0.0562271020468
NEUR02B,"ENSG00000182319",ENSG00000182319,22.090824,,9.33275046747,,-3.74094058936,,,7.55495745587,,,,,,,,,,,-0.857698667778,3.13027530645,-4.29600669665,,,,,2.5311208666,-0.76382221845,,,,4.00483665724,,,,,,,,,,-7.50710748,8.94584595429,,,,7.87006538933,,,-3.83830635822,-0.942867085946
NEUR02F,"ENSG00000182319",ENSG00000182319,8.095171,,5.99918952995,,-2.31065773886,,,5.02733681486,,,,,,,,,,,-1.14090416116,1.60857233621,-2.6957458047,,,,,0.836086926377,-0.557123672128,,,,2.79055865687,,,,,,,,,,-5.31160964451,5.40021476466,,,,4.95990833229,,,-1.52861928609,-0.12253126157
NEUR02M,"ENSG00000182319",ENSG00000182319,15.556941,,7.19473286375,,-2.97463392783,,,5.654234458,,,,,,,,,,,-0.0748183804273,2.81494314034,-3.37763461773,,,,,2.73774873929,-0.523414284108,,,,2.87210130256,,,,,,,,,,-5.30359597145,7.24394515912,,,,6.16630405926,,,-3.89515606842,-1.20892150164
NEUR03B,"ENSG00000182319",ENSG00000182319,13.915853,,7.01008923286,,-3.98998521535,,,5.36923531514,,,,,,,,,,,0.301523928145,3.1772300234,-2.67934235233,,,,,2.30270728652,-1.1148330823,,,,2.89851034408,,,,,,,,,,-5.43943449171,6.07866680526,,,,5.02624719032,,,-1.91538736926,-0.120796038119
NEUR03M,"ENSG00000182319",ENSG00000182319,10.252565,,5.54422910197,,-3.33348786821,,,4.3151307578,,,,,,,,,,,0.103254788459,2.71210927113,-1.57589981073,,,,,2.46223898701,-0.241864242895,,,,2.02556361326,,,,,,,,,,-4.33039650532,5.31260864823,,,,4.47572728961,,,-2.74600784725,-0.983753528858
OSTE04,"ENSG00000182319",ENSG00000182319,26.028293,,-10.6662489874,,3.2190307872,,,-5.97368249673,,,,,,,,,,,0.865073893104,-3.50209885532,3.72185586453,,,,,-2.29672049958,-2.00397628375,,,,-5.23941594513,,,,,,,,,,8.23139239161,-10.2958563387,,,,-8.99541704272,,,5.0022238346,1.44375108413
SCHI01,"ENSG00000182319",ENSG00000182319,7.507868,,-4.68112163426,,1.27801661344,,,-1.79990536655,,,,,,,,,,,-2.17742659946,-2.45406241474,-0.452165191725,,,,,-0.507464035103,-0.170030004603,,,,-2.78748915277,,,,,,,,,,5.16588153107,-3.97476588093,,,,-3.99682932017,,,1.69877065292,-0.0708164902494
SCHI02,"ENSG00000182319",ENSG00000182319,7.498215,,-4.82176321358,,1.29268655404,,,-1.28683497341,,,,,,,,,,,-2.07462752069,-2.61210441785,-0.638098306595,,,,,-0.685296972742,-0.229508507811,,,,-3.01497661652,,,,,,,,,,5.09098693354,-3.8656746302,,,,-4.15036768931,,,1.57509307832,-0.398959461453
