code,target,ENSEMBL,association,Adipose_Subcutaneous,Adipose_Visceral_Omentum,Breast_Mammary_Tissue,Muscle_Skeletal,DGN_Whole_Blood,Whole_Blood,Artery_Aorta,Artery_Coronary,Artery_Tibial,Heart_Atrial_Appendage,Heart_Left_Ventricle,Spleen,Brain_Amygdala,Brain_Anterior_cingulate_cortex_BA24,Brain_Caudate_basal_ganglia,Brain_Nucleus_accumbens_basal_ganglia,Brain_Putamen_basal_ganglia,Brain_Cerebellar_Hemisphere,Brain_Cerebellum,Brain_Cortex,Brain_Frontal_Cortex_BA9,Brain_Hippocampus,Brain_Hypothalamus,Brain_Spinal_cord_cervical_c-1,Brain_Substantia_nigra,Nerve_Tibial,Cells_Transformed_fibroblasts,Cells_EBV-transformed_lymphocytes,Colon_Sigmoid,Colon_Transverse,Esophagus_Gastroesophageal_Junction,Esophagus_Mucosa,Esophagus_Muscularis,Liver,Minor_Salivary_Gland,Small_Intestine_Terminal_Ileum,Stomach,Adrenal_Gland,Pituitary,Pancreas,Thyroid,Lung,Ovary,Prostate,Testis,Uterus,Vagina,Skin_Not_Sun_Exposed_Suprapubic,Skin_Sun_Exposed_Lower_leg
AMIN08,"WDR66",ENSG00000158023,5.921434,1.36504466192,3.07998069047,4.4778492877,1.03757777436,-4.180257773428322,,-0.0910476759938,-0.0139272071221,-0.666897260043,1.07449251852,,,,,,,,1.62956917679,-0.304258131243,,,,,,0.0505923719132,0.83580767125,0.325928107958,,0.0780133632482,0.135608693025,,3.63732578167,-0.397152447892,,,,,,-0.663268023289,-0.131732764341,1.02621838556,0.0255223685458,,,1.42858827102,,,2.11339125785,4.33317223843
BFPC02B,"WDR66",ENSG00000158023,4.218101,-2.67630036995,-1.87741844729,-0.967761453845,-3.65301496195,-0.8279761257098561,,-4.03764627674,-5.23253922567,-3.95576112096,-1.44880540049,,,,,,,,-4.6824876831,-3.56719984717,,,,,,-4.06184369371,-3.24529368297,-3.89400959053,,-1.28324464317,-4.29740444086,,0.870572435605,-4.68245314415,,,,,,-0.516967750544,0.341598147055,1.51733224702,-4.19437786697,,,-2.35474478681,,,4.07892663944,2.36152226222
BFPC02M,"WDR66",ENSG00000158023,4.389819,-2.97947031363,-1.67813649288,-1.40498818909,-3.46584001026,-1.2173687658400154,,-4.27460756453,-5.17770519747,-3.83044941483,-1.92062060781,,,,,,,,-3.23801160049,-3.42827522097,,,,,,-4.17015285797,-3.64988482291,-3.69183617485,,-1.06843912593,-4.28650655874,,0.866920361096,-4.51676222221,,,,,,-1.88389456256,0.344963012716,-0.295771218397,-4.08867923914,,,-3.0290058676,,,3.69846008856,2.2161345192
BFPC02,"WDR66",ENSG00000158023,3.781885,-2.58849773502,-1.87561905379,-0.858486863388,-3.58687855063,-0.5938586750147601,,-3.80137555353,-4.98259650136,-3.8187331347,-1.37778426978,,,,,,,,-4.86983584743,-3.45075938927,,,,,,-3.86844552848,-3.03652562255,-3.78549836703,,-1.37937560853,-4.11510188562,,0.902352474836,-4.51590192768,,,,,,-0.0933355461483,0.307416964976,1.92546792654,-4.05673252428,,,-2.05355599799,,,4.04812212577,2.27984900711
BFPC03B,"WDR66",ENSG00000158023,4.160195,-2.66506369097,-1.83894273743,-1.01198834293,-3.6470326932,-0.8496661335543712,,-4.08180623824,-5.25498351969,-4.00113012335,-1.43005678604,,,,,,,,-4.68293449865,-3.55433843103,,,,,,-4.10043509765,-3.34784686879,-3.91495776281,,-1.3030431435,-4.33089292672,,0.84690775431,-4.69146827807,,,,,,-0.570099930473,0.402224765671,1.4872813205,-4.24421831006,,,-2.39281295698,,,4.06481225192,2.35449336601
BFPC03M,"WDR66",ENSG00000158023,4.756466,-2.98530074914,-1.65153413595,-1.41525891049,-3.49213712973,-1.170404079800874,,-4.26617937517,-5.18107138463,-3.86289719095,-1.94913791478,,,,,,,,-3.21923988346,-3.45189903611,,,,,,-4.1823872935,-3.67054498451,-3.718076015,,-1.10625885044,-4.29732521834,,0.874727940302,-4.52230123645,,,,,,-1.84116961773,0.376452953828,-0.252131472881,-4.10205835154,,,-2.99343854726,,,3.6942517971,2.19124605726
BFPC03,"WDR66",ENSG00000158023,3.741722,-2.56030991026,-1.82713252837,-0.901363487845,-3.56738981361,-0.6439312166939696,,-3.85031327059,-5.00694101028,-3.86045730384,-1.33992666871,,,,,,,,-4.86489876813,-3.42433611114,,,,,,-3.90519945382,-3.15409731002,-3.79733605804,,-1.39022246233,-4.1466665673,,0.877169490186,-4.51885846996,,,,,,-0.166502123595,0.385117241357,1.87455721091,-4.10652194591,,,-2.10072601937,,,4.03540063182,2.2855195096
BFPC04B,"WDR66",ENSG00000158023,9.797294,-4.22653430659,-1.82010703953,-0.132368485974,-5.54576247826,-0.08174729278410166,,-5.14139392181,-6.46606686535,-5.30654740095,-2.45093651899,,,,,,,,-7.01957553821,-5.43348897626,,,,,,-5.35112740055,-4.76208066018,-5.50314759336,,-2.22369426448,-5.56168564425,,3.12076552696,-6.05664424215,,,,,,0.732782589841,-0.603924278726,4.593562654,-5.52953333049,,,-2.36621430806,,,6.11221118223,3.76886114686
BFPC04F,"WDR66",ENSG00000158023,3.890253,-1.69092491039,-0.552352657875,-0.0521625039515,-2.85708763776,1.5425073026964216,,-1.33500581319,-2.48975871335,-1.63308766352,-0.0816750275995,,,,,,,,-4.77230785682,-2.62813435329,,,,,,-1.75859017974,-1.5256540875,-2.34672779237,,-0.958303373032,-1.91667980967,,1.09097175972,-2.26799659548,,,,,,2.82073905207,0.333443186214,4.7892246921,-1.99513213306,,,0.193349195912,,,2.94922214493,1.2168200763
BFPC04M,"WDR66",ENSG00000158023,10.381795,-4.4278575271,-2.05827223678,-0.139409537291,-5.26387058929,-1.4367973233376237,,-6.00379040786,-6.85662022067,-5.97756358158,-3.33783676964,,,,,,,,-5.67463802395,-5.30274672903,,,,,,-5.93302046785,-5.3121570912,-5.64116504653,,-2.27200015852,-6.09004214483,,3.40271036398,-6.4774222784,,,,,,-1.40897190647,-1.12318440079,2.28615500983,-5.97788300524,,,-3.46060498761,,,5.9722749688,4.19993084209
BFPC04,"WDR66",ENSG00000158023,8.071082,-3.99990965222,-1.6845783156,-0.149370745687,-5.32952595786,0.2757365798847776,,-4.67690780333,-6.02867390253,-4.84898640824,-2.13582721469,,,,,,,,-6.99850144561,-5.19405787449,,,,,,-4.93945846546,-4.39710060487,-5.17409037023,,-2.10512937575,-5.14834057113,,2.90859204555,-5.63760624786,,,,,,1.18409397835,-0.402680293763,4.86580828047,-5.14101676084,,,-1.9950650081,,,5.85791078466,3.47622590849
BLOO01,"WDR66",ENSG00000158023,23.978191,2.89415806098,1.84610177396,1.83466253999,4.31833828345,-0.8675288716983047,,4.13867659091,5.94659688785,5.91835224029,3.42985679689,,,,,,,,2.9652661633,6.15084290654,,,,,,4.46483764691,3.89261062541,5.31236481976,,4.43293809829,5.15002923262,,-0.542519577619,5.38557737183,,,,,,-1.77282147968,-2.20224341879,1.31791727106,3.95984629591,,,0.680170223494,,,-2.68536155147,-0.535366636559
BLOO26,"WDR66",ENSG00000158023,5.373608,-3.69460877611,-1.01839695732,-1.10341813287,-4.7525820016,1.0862777226240725,,-3.3872230542,-3.63967298639,-3.85722471001,-3.70671903484,,,,,,,,-1.11920943986,-4.61796486162,,,,,,-3.86559935928,-3.16492550102,-4.31127982661,,-2.54531140142,-4.06300225024,,2.29709776649,-4.22520704238,,,,,,2.04194738584,-1.62588051256,0.784985138687,-3.83752694997,,,-0.450498298809,,,2.71648895645,0.698691528506
BLOO27,"WDR66",ENSG00000158023,8.984347,-4.54692089624,-1.41614465164,-1.94069058855,-5.84623633911,1.9342768198341656,,-4.39120349097,-5.00814049365,-4.91414100395,-4.913595544,,,,,,,,-2.51093303456,-5.84315788549,,,,,,-4.90387749516,-4.77921142411,-5.47068468924,,-3.46475719777,-5.15557415463,,2.16850809665,-5.41134097866,,,,,,2.35640409143,-2.69126426992,1.42787677858,-4.84652520543,,,-1.30623558959,,,2.96199014205,0.343147154495
BLOO29,"WDR66",ENSG00000158023,75.410799,-17.8667993167,-5.70443795047,-13.2263533668,-25.4272721633,15.0533785367708,,-19.4693425407,-inf,-23.1098400927,-23.5494258141,,,,,,,,-12.8016161316,-inf,,,,,,-20.9535127698,-19.1960900379,-26.6279188852,,-21.2716424558,-23.7252508566,,-2.13695758777,-23.7459728972,,,,,,6.27468939031,3.90681482593,-2.72283296334,-18.960395821,,,-9.56892882522,,,5.29094583749,-4.93984184242
BLOO33,"WDR66",ENSG00000158023,28.215825,-6.18790875712,-1.30993854437,-5.25244045987,-8.79917889362,7.343382379852712,,-5.89300419507,-8.31124906397,-5.82960133111,-9.09511569433,,,,,,,,-3.90642630919,-9.4273135114,,,,,,-6.24038765172,-6.0930161943,-8.33441722015,,-6.6180839224,-6.97860279584,,-2.13923148992,-6.71789594262,,,,,,1.26516561958,-1.2206391804,-0.250580033198,-5.73761488464,,,-4.78706267416,,,-0.327173103826,-4.08594982932
BLOO34,"WDR66",ENSG00000158023,41.617857,-8.69434611874,-3.15464593663,-6.38378612601,-12.9461901361,7.47469811498695,,-9.67958417551,-13.9790734208,-11.3324944022,-11.6615236589,,,,,,,,-6.22925165745,-15.0857412733,,,,,,-10.3872086002,-10.3297135383,-13.2310755887,,-10.8894650353,-11.6897083482,,-1.02226500909,-11.6636592065,,,,,,2.63736901839,1.17959106828,-2.17842073571,-9.42370821835,,,-4.75227668519,,,2.63681356682,-2.19183023896
BODY08B,"WDR66",ENSG00000158023,5.830943,-1.48799292063,-0.512226593648,1.58038570667,-3.30761586168,-1.8130463331544435,,-3.13246530829,-4.05537464383,-3.14115933787,-0.300241315674,,,,,,,,-6.11416160773,-3.34039827359,,,,,,-3.00829403668,-3.28133177605,-3.06708740698,,-0.740869878263,-3.26829228513,,3.46394739048,-3.89131465174,,,,,,0.468743443371,-0.819968375598,5.04127979608,-3.27256144764,,,-1.16406388711,,,5.37895575234,4.50085269541
BODY08M,"WDR66",ENSG00000158023,9.673173,-2.24333813167,-0.900256826815,1.75257487926,-3.51108770977,-3.362673531514188,,-4.26673753442,-4.9375839468,-4.25261755912,-1.33588573504,,,,,,,,-4.72045882301,-3.65893697458,,,,,,-3.94211856308,-3.76037561111,-3.62068172718,,-1.33382205412,-4.17347088601,,4.46862535404,-4.78563706413,,,,,,-1.10850518665,-1.58865295811,3.04765885529,-4.09614275571,,,-2.16335949592,,,5.84886117211,5.36122116095
BODY08,"WDR66",ENSG00000158023,4.369704,-1.34904336054,-0.454333326854,1.42573397637,-3.15282789165,-1.3400029759108902,,-2.76719562483,-3.70202281212,-2.75954159012,-0.106234847138,,,,,,,,-6.10378701594,-3.15684805698,,,,,,-2.69586252164,-3.05611157792,-2.82321395145,,-0.630257406349,-2.94769223151,,3.08496123895,-3.54152227404,,,,,,0.768400037191,-0.529982492546,5.20753133937,-2.97147201901,,,-0.905251887925,,,5.05736131571,4.09141154961
EDUC03,"WDR66",ENSG00000158023,4.731305,-0.101350447385,2.54259812987,-0.917258415343,-1.93216426403,3.5322096008960395,,0.920077528994,-0.228202364389,-0.414361922754,-0.210829779798,,,,,,,,-3.29026935492,-1.93741905446,,,,,,-0.248818241921,-2.75269276696,-1.23228569595,,-1.87810385787,-0.238098071822,,1.24579417768,-0.402551436283,,,,,,4.76707608074,-2.06342625747,4.26693152678,-0.175894282619,,,2.53902263129,,,0.573651964664,-1.25240925546
FATM02B,"WDR66",ENSG00000158023,4.319302,-1.49219645113,-0.64414833613,0.466060357721,-3.18998494905,-2.11796884667042,,-3.28466056364,-4.66416063058,-3.1846788117,-0.596451039645,,,,,,,,-4.89111335457,-3.12867778185,,,,,,-3.31193140188,-2.99141387076,-3.15270836957,,-0.807036552487,-3.60258209101,,2.12018625237,-4.15360481437,,,,,,0.23106084498,-0.585925669485,2.75529149522,-3.5193557938,,,-1.13358490974,,,4.87257137629,3.68023723857
FATM02M,"WDR66",ENSG00000158023,5.663921,-2.28065297408,-0.729620547444,0.121721354418,-3.35018366522,-2.5053319983223385,,-3.81301984704,-4.91263042929,-3.4611125819,-1.22629037117,,,,,,,,-3.53051774505,-3.31827536743,,,,,,-3.73937475042,-3.5786819631,-3.29697091171,,-0.77476083672,-3.90171402315,,2.3358770582,-4.28368601216,,,,,,-0.981713651263,-0.577705822131,1.12340967974,-3.75034887031,,,-1.80814326891,,,4.83832276127,3.81468012532
FATM02,"WDR66",ENSG00000158023,3.836958,-1.36457136296,-0.651729785724,0.423603819377,-3.07975882653,-1.7845343220135954,,-3.03523296236,-4.378928791,-3.00432709358,-0.567718209292,,,,,,,,-5.03517626678,-2.96435943744,,,,,,-3.09910425589,-2.74728972826,-3.01610055389,,-0.895034962675,-3.39922034726,,1.99474680316,-3.96219435978,,,,,,0.552643208474,-0.538483698599,3.02011971683,-3.34946783583,,,-0.933841648469,,,4.68404985408,3.40821665321
FATM03B,"WDR66",ENSG00000158023,4.661364,-1.48619604978,-0.595855246174,0.452980349676,-3.17201873118,-2.1670420650813775,,-3.33302016039,-4.67709341456,-3.23118869924,-0.577307060528,,,,,,,,-4.92010332718,-3.11413291565,,,,,,-3.35498912822,-3.07604225589,-3.1746203616,,-0.825523138722,-3.63599476953,,2.12544970306,-4.17126057127,,,,,,0.164045696369,-0.524309995258,2.71645285288,-3.56828778883,,,-1.16807772719,,,4.87186570169,3.70014819143
FATM03M,"WDR66",ENSG00000158023,5.602077,-2.28074463546,-0.700493721152,0.109604943656,-3.36840119186,-2.466986849112128,,-3.8063229953,-4.90217372323,-3.48951531373,-1.25161624079,,,,,,,,-3.51992875575,-3.33398758777,,,,,,-3.74949094739,-3.6095808974,-3.3177154474,,-0.812777302516,-3.90891756784,,2.33723260447,-4.28575453595,,,,,,-0.947710429859,-0.562060265897,1.16271083999,-3.76210447281,,,-1.77945788615,,,4.82899109284,3.78294970563
FATM03,"WDR66",ENSG00000158023,4.046801,-1.34774152885,-0.592417953773,0.418714279626,-3.0485731884,-1.8640674089984588,,-3.08891489358,-4.39763716009,-3.0506130805,-0.531259546468,,,,,,,,-5.06020482316,-2.9398680027,,,,,,-3.14265961856,-2.8392627072,-3.03213479682,,-0.904588874439,-3.43251489456,,2.00573595758,-3.97741162253,,,,,,0.46423336222,-0.455048138205,2.9601921746,-3.39923119293,,,-0.974451704471,,,4.68798974245,3.44783187072
FATM04B,"WDR66",ENSG00000158023,10.204962,-2.9729357613,-0.595904914909,1.58906872064,-4.88961566362,-1.8087369240032152,,-4.78333662736,-6.11129521726,-4.73643546065,-1.74687504661,,,,,,,,-7.59071737304,-5.09758710005,,,,,,-4.82755290236,-4.9324386242,-4.92881658534,,-1.72604034419,-5.10736043569,,4.5515518691,-5.78787614908,,,,,,0.801785999341,-1.98160370333,5.59053694982,-5.09555222749,,,-1.68497720266,,,6.83083992448,5.34043887854
FATM04F,"WDR66",ENSG00000158023,2.901322,-0.608178680134,0.307114354588,0.882506769768,-2.09698010257,0.6278758167556919,,-1.00427735353,-2.08321718661,-0.987236106426,0.456371080694,,,,,,,,-5.10454185954,-2.16582857613,,,,,,-1.2437109248,-1.70168794936,-1.75217766297,,-0.365159085796,-1.44405226661,,1.67475774414,-1.85787489505,,,,,,2.51303087393,-0.586466851717,5.12670199357,-1.5192901597,,,0.373417884393,,,2.91398657361,1.84528081012
FATM04M,"WDR66",ENSG00000158023,12.964530,-3.58553126648,-1.08493240555,1.44215245471,-4.96309386519,-3.036045190122455,,-5.74742111239,-6.66081060163,-5.69635430838,-2.80026500708,,,,,,,,-6.13092764466,-5.19089069347,,,,,,-5.60456587367,-5.35877197772,-5.31117924903,,-2.07221311978,-5.81982606874,,4.85510103459,-6.40674158045,,,,,,-1.04732739787,-2.23410145305,3.34782667986,-5.7389617705,,,-2.64946786374,,,6.94676523975,5.80314190287
FATM04,"WDR66",ENSG00000158023,10.086467,-2.73326112441,-0.488277753176,1.48829570671,-4.63817508628,-1.353671069315917,,-4.32120569857,-5.66639526991,-4.25151651722,-1.43778913198,,,,,,,,-7.53248115663,-4.83770869778,,,,,,-4.4052944475,-4.58375396325,-4.58707723146,,-1.59184401651,-4.68492201262,,4.24681325016,-5.34707512051,,,,,,1.18884885692,-1.75180835583,5.78991313705,-4.69141086981,,,-1.39286476724,,,6.45803563319,4.92811237952
LEAN04M,"WDR66",ENSG00000158023,5.690625,1.28219422694,2.7409973477,3.76836629513,-0.941871197145,-3.9768543216602072,,-0.347054853384,-1.28816313709,-0.460968625202,1.42575138626,,,,,,,,-2.09275676527,-1.20596325225,,,,,,-0.390469493271,-1.2267408206,-0.346422233542,,0.480468795056,-0.518590348558,,4.11332360578,-1.05045923881,,,,,,1.49841341923,-2.31234068199,3.67031718515,-0.505154035117,,,2.04571394929,,,4.02053337351,5.04260712237
LEAN04,"WDR66",ENSG00000158023,6.065078,2.36253199165,3.19981148994,4.2680322119,-0.191927566139,-4.5837997540615705,,0.194654239647,-0.930386248569,0.217937726026,2.1476152744,,,,,,,,-2.38887269002,-0.461988583956,,,,,,0.302861291611,-0.593806743006,0.380702462182,,1.0387806109,0.0601031685615,,4.13564831638,-0.621108894421,,,,,,1.36554611312,-2.49897644625,3.92572585072,0.0670083846206,,,2.25262213118,,,3.89367773634,5.2077135322
LEAN05M,"WDR66",ENSG00000158023,5.463227,1.29502866945,2.77675274918,3.75489066858,-0.947190788599,-3.971469792945314,,-0.342597809571,-1.25903751692,-0.467373499399,1.41204874259,,,,,,,,-2.08782635087,-1.20411972847,,,,,,-0.389575933033,-1.26819916416,-0.347030788647,,0.457256918204,-0.513550163702,,4.11041049711,-1.04300099798,,,,,,1.51054907327,-2.32016860623,3.67039971513,-0.505443539131,,,2.05567988433,,,4.01947305084,5.01026165114
LEAN05,"WDR66",ENSG00000158023,6.081472,2.38914594044,3.23121915695,4.31649340461,-0.135928555329,-4.689176319218659,,0.187026689562,-0.899880950749,0.217215356159,2.20779379641,,,,,,,,-2.36639131302,-0.400029890726,,,,,,0.301853530049,-0.584320300966,0.403056864798,,1.03445832698,0.0676315883645,,4.21125352012,-0.617668833596,,,,,,1.32799949532,-2.45425550491,3.83966782489,0.0658953857596,,,2.2651385845,,,3.95249653304,5.28417453237
LEAN06B,"WDR66",ENSG00000158023,7.061600,2.62280435713,3.32068171456,5.1045333064,0.147514138908,-4.376338403184405,,-0.357021380188,-1.12362167919,0.0681277807,2.20306090835,,,,,,,,-4.30530848586,-0.829021605594,,,,,,0.0987868240913,-1.51333217509,0.0429713830569,,1.08940768089,-0.289448496745,,4.97377961163,-0.971075983379,,,,,,1.07210934247,-3.62888304895,5.0352522984,-0.334667978737,,,1.34114706489,,,4.26104772435,5.82658849901
LEAN06M,"WDR66",ENSG00000158023,7.955029,1.01151664369,2.23340999365,4.31921128275,-1.2250031718,-4.924054744319132,,-1.86132459644,-2.28271928582,-1.70523879405,0.674240528973,,,,,,,,-3.69792627491,-1.89463577079,,,,,,-1.47242094098,-2.30350438459,-1.29094848519,,-0.235184895429,-1.67526020937,,4.98640167711,-2.35907313621,,,,,,0.0175115088352,-3.52867131807,3.70507207659,-1.69144244155,,,0.286909649836,,,4.73787263407,5.9961636277
LEAN06,"WDR66",ENSG00000158023,8.967946,2.02834897544,3.09930214071,5.35738466326,-0.599728780514,-5.259201694282937,,-1.22707665034,-1.95438222859,-0.883968135624,1.67873495544,,,,,,,,-4.46111613074,-1.53612107487,,,,,,-0.750322996458,-2.14841458967,-0.68329681757,,0.494392603032,-1.10251147122,,5.68059399217,-1.88367880452,,,,,,0.653699646544,-3.95851245513,5.01689801674,-1.13244235835,,,0.966307070389,,,5.15339977254,6.72476849426
