code,target,ENSEMBL,association,Adipose_Subcutaneous,Adipose_Visceral_Omentum,Breast_Mammary_Tissue,Muscle_Skeletal,DGN_Whole_Blood,Whole_Blood,Artery_Aorta,Artery_Coronary,Artery_Tibial,Heart_Atrial_Appendage,Heart_Left_Ventricle,Spleen,Brain_Amygdala,Brain_Anterior_cingulate_cortex_BA24,Brain_Caudate_basal_ganglia,Brain_Nucleus_accumbens_basal_ganglia,Brain_Putamen_basal_ganglia,Brain_Cerebellar_Hemisphere,Brain_Cerebellum,Brain_Cortex,Brain_Frontal_Cortex_BA9,Brain_Hippocampus,Brain_Hypothalamus,Brain_Spinal_cord_cervical_c-1,Brain_Substantia_nigra,Nerve_Tibial,Cells_Transformed_fibroblasts,Cells_EBV-transformed_lymphocytes,Colon_Sigmoid,Colon_Transverse,Esophagus_Gastroesophageal_Junction,Esophagus_Mucosa,Esophagus_Muscularis,Liver,Minor_Salivary_Gland,Small_Intestine_Terminal_Ileum,Stomach,Adrenal_Gland,Pituitary,Pancreas,Thyroid,Lung,Ovary,Prostate,Testis,Uterus,Vagina,Skin_Not_Sun_Exposed_Suprapubic,Skin_Sun_Exposed_Lower_leg
ANKY01,"ALDH2",ENSG00000111275,4.294898,,,,,4.74758855934725,,2.40320397141,,,3.84179669972,2.89436864318,,,,,,3.36693263167,,,3.82827115059,3.6114590168,,,,,3.6114590168,,,,,,3.30172675447,,,,,,,,,3.82827115059,3.3003282547,,,-1.14261484146,,,3.88210485065,-0.714430888769
BLOO01,"ALDH2",ENSG00000111275,37.378606,,,,,-7.6685049371919645,-4.63176700084,-0.246999532955,,-1.65530604452,4.56175260304,-3.33294056128,,,,,,0.237702757319,,,1.85643223786,3.07970462951,,,,,-1.92267533333,,,,,,2.171276744,10.439988749,,8.6876605013,,,,,,1.20292594985,-2.52909543151,,,-2.61985508262,,,3.79021181885,0.555888402905
BLOO02,"ALDH2",ENSG00000111275,23.011865,,,,,-5.958706350948785,-7.38217024161,4.18962278676,,6.06504524724,7.42859534094,5.13792658754,,,,,,7.76529458908,,,7.37249336492,7.12219359571,,,,,5.31873276672,,,,,,7.22158312286,6.09033814319,,9.03938995783,,,,,,7.63458479041,5.3502118636,,,1.52627885098,,,7.69606922186,7.23872384006
BLOO03,"ALDH2",ENSG00000111275,52.006484,,,,,-7.346107788696632,-10.9755888457,8.05235076891,,9.37077128636,11.5642656715,8.10749529696,,,,,,12.1853876722,,,11.2886826911,9.72586454432,,,,,10.1305863109,,,,,,11.58355288,8.0802160923,,11.4872757749,,,,,,11.6635990226,9.69936411151,,,5.86804528944,,,11.4038360866,11.4058472449
BLOO04,"ALDH2",ENSG00000111275,54.834726,,,,,-8.995523870237898,-13.3119199015,7.67435216824,,13.5302430206,15.2585580705,11.6110709763,,,,,,16.2668410932,,,15.3022699588,12.1097070286,,,,,12.0982406753,,,,,,14.2451657434,9.68424619181,,15.8864853803,,,,,,15.6232720706,12.6235626294,,,3.56778822095,,,14.8318349251,15.0133772371
BLOO05,"ALDH2",ENSG00000111275,26.342915,,,,,-6.624755868859895,-7.42989744735,3.91494846704,,3.61544992803,5.76206614615,3.59104495861,,,,,,5.69477247469,,,5.85865589619,4.80354911046,,,,,4.69589892175,,,,,,6.00059340831,5.44835129687,,6.1029022237,,,,,,5.4643646081,4.08678156255,,,2.96942750628,,,6.70348633249,6.14498115249
BLOO06,"ALDH2",ENSG00000111275,9.884623,,,,,-4.324141365481606,-5.44480785421,2.56245491838,,3.23756500607,4.59606386017,3.74870215356,,,,,,4.41652069987,,,4.57082115057,3.59577113531,,,,,4.06968797243,,,,,,4.63051523626,4.26303444543,,3.02976551031,,,,,,4.24904860627,3.53654350231,,,2.75250605873,,,5.11944495755,4.79432028921
BLOO07,"ALDH2",ENSG00000111275,52.110306,,,,,-9.25851996387424,-13.6918034977,9.52888845875,,10.1245766743,14.626838725,8.136602477,,,,,,13.6911609754,,,13.4993686276,11.1729964694,,,,,11.6996809676,,,,,,14.4966965879,11.6853302263,,17.1824009504,,,,,,13.6049928776,11.1935899042,,,7.55329734924,,,14.2407360413,13.4640095048
BLOO08,"ALDH2",ENSG00000111275,8.721612,,,,,-2.549644658274273,-3.67835221744,3.02618938552,,3.11650519292,3.2652285256,1.97779522827,,,,,,3.32285148025,,,3.17237736267,1.90209625654,,,,,2.59774566674,,,,,,3.67627124801,2.21796405791,,3.34010608837,,,,,,3.15155064941,2.60083412651,,,1.73817071137,,,3.96147575068,3.27196281437
BLOO09,"ALDH2",ENSG00000111275,15.771933,,,,,-5.054625882992811,-6.57365856095,3.38891847829,,4.14018064731,5.83104514418,4.42482698944,,,,,,5.60382502411,,,5.73268706284,4.70231520631,,,,,5.09305757759,,,,,,5.85501539359,5.18748036298,,4.67295489089,,,,,,5.47276333912,4.52401798357,,,3.35346372291,,,6.32029440978,5.90982334795
BLOO10,"ALDH2",ENSG00000111275,19.899802,,,,,-5.560332046489182,-7.09459528442,3.74115025371,,4.29879435458,6.19859735975,4.53212938706,,,,,,5.97178057481,,,6.09520172944,4.99805404779,,,,,5.39189818031,,,,,,6.23475666396,5.54913928286,,5.21319278728,,,,,,5.86367296615,4.77406812057,,,3.54827364413,,,6.71904547273,6.33264384508
BLOO11,"ALDH2",ENSG00000111275,61.669120,,,,,-9.64630261640634,-12.6228618147,7.73560210065,,8.86156194502,13.2232484348,8.45567520439,,,,,,12.4177791298,,,11.9859213794,10.0539820405,,,,,10.0187344521,,,,,,12.3563343087,11.0746365105,,14.3823093858,,,,,,11.9937484203,9.51039380896,,,5.40731938945,,,12.4868812628,12.1680426327
BLOO12,"ALDH2",ENSG00000111275,40.999653,,,,,-8.349090632655217,-10.5867156148,5.72543820333,,6.60382586281,9.92569219593,6.75969426154,,,,,,9.28345923911,,,9.28851890382,7.62843116554,,,,,7.98689544448,,,,,,9.57253093553,8.76820923612,,9.14189504462,,,,,,8.96565188755,7.27937890422,,,4.82153763484,,,10.1601566471,9.61127626453
BLOO13,"ALDH2",ENSG00000111275,9.075271,,,,,-4.095428606640308,-5.59254663932,2.73389621042,,3.41888744811,4.74064136492,3.82136397024,,,,,,4.63857817026,,,4.76810950749,3.71184955928,,,,,4.23823888299,,,,,,4.8146088389,4.30066311312,,3.34233169813,,,,,,4.48224655116,3.70975684547,,,2.8374926527,,,5.3048396438,4.96513908038
BLOO16,"ALDH2",ENSG00000111275,51.641894,,,,,-8.68541177082623,-13.4768099973,9.27990758287,,10.0403385823,14.147882987,7.75112770209,,,,,,13.1146077866,,,13.0120904342,10.5112838084,,,,,11.1600852252,,,,,,14.05960631,11.4212055903,,16.478969578,,,,,,13.0866950423,10.71741362,,,7.1240369063,,,14.017593255,13.0216463374
BLOO17,"ALDH2",ENSG00000111275,52.542269,,,,,-6.291640017573678,-10.3805958686,7.76619839511,,7.98567130118,11.5979979378,5.93663926271,,,,,,10.6972067594,,,10.5657875999,8.83925159951,,,,,9.17729692497,,,,,,11.5302195997,9.1529109342,,14.3982218331,,,,,,10.772527782,8.88288727299,,,6.08563964338,,,11.0373471961,10.4403637641
BLOO18,"ALDH2",ENSG00000111275,55.119272,,,,,-6.654776142745544,-10.5214161082,7.79327406107,,8.00847650565,11.7559699784,6.00929391709,,,,,,10.7302479921,,,10.5902520225,8.88217403002,,,,,9.09355610258,,,,,,11.5674282388,9.42905670674,,14.7020542344,,,,,,10.8218896012,8.83965294583,,,5.83298482892,,,11.105523225,10.5036261725
BLOO20,"ALDH2",ENSG00000111275,49.856704,,,,,-6.817427389297807,-10.4531631278,7.52613286543,,8.56924968487,10.7861890759,7.72547679507,,,,,,11.2735494491,,,10.4397568122,9.57758026958,,,,,9.35390496031,,,,,,10.9022310537,7.84572090145,,10.900067795,,,,,,10.8443591583,8.91737701053,,,5.411792564,,,10.8080770236,10.6169203194
BLOO21,"ALDH2",ENSG00000111275,55.880282,,,,,-6.010861265714526,-10.6379965085,6.69658010482,,11.5443108491,13.1290041496,10.1039536069,,,,,,13.8367977684,,,12.613270592,10.1811896693,,,,,10.7286912129,,,,,,12.140668648,8.02969299168,,13.1427739747,,,,,,13.2976486464,11.2325629992,,,3.46428554236,,,12.1773768956,12.452624644
BLOO22,"ALDH2",ENSG00000111275,65.347000,,,,,-6.939418811181254,-11.7389680379,7.31236464459,,12.4074148385,14.1552072902,10.8331251093,,,,,,14.9512613771,,,13.6823119412,11.2037615338,,,,,11.4802530806,,,,,,13.1898793102,8.84777634154,,14.4566511776,,,,,,14.4097102652,11.9826937347,,,3.67256723521,,,13.3011513792,13.5132869403
BLOO23,"ALDH2",ENSG00000111275,15.341893,,,,,-2.380962613862581,-5.4502962584,3.79162317037,,6.23025394283,7.40145970935,5.72776550698,,,,,,7.35604956888,,,6.57468752429,5.77103492582,,,,,6.06292716556,,,,,,6.71913251401,4.91899826955,,7.4247414997,,,,,,7.16291541539,6.32793815136,,,2.32023055262,,,6.40164557691,6.52820004927
BLOO24,"ALDH2",ENSG00000111275,17.214179,,,,,-3.290383574762812,-4.49532062782,3.17832292166,,3.72758314554,5.73970366769,3.1389695226,,,,,,5.25461185159,,,4.80332672342,4.19648272188,,,,,3.77885563347,,,,,,4.97906148847,4.49758211886,,7.63281673297,,,,,,5.08553607559,3.87384532435,,,1.40106861311,,,4.67982399395,4.75175362867
BLOO26,"ALDH2",ENSG00000111275,7.462496,,,,,-0.0814114614719588,-3.05552974753,4.02078091067,,3.15813993457,4.12385594961,2.94003922008,,,,,,4.24671599093,,,3.41908894458,2.29392376101,,,,,5.04774969455,,,,,,4.12119906546,1.82372657881,,1.28737955802,,,,,,3.68040570362,4.46014720072,,,4.89664381375,,,3.25661425105,3.73654252235
BLOO27,"ALDH2",ENSG00000111275,6.659734,,,,,0.30119689325155596,-2.47365991904,3.74685561624,,2.02607059536,3.02744697038,2.3536274133,,,,,,3.12141232373,,,2.38467030592,1.86387754767,,,,,4.41249286928,,,,,,3.4047302696,1.31008686618,,0.0968081230093,,,,,,2.52253309741,3.70209872785,,,5.09361047878,,,2.48866625207,2.85982360147
BLOO30,"ALDH2",ENSG00000111275,14.025253,,,,,-4.667700861139255,-6.47883138093,3.28087924638,,4.03588568635,5.74352332127,4.40659198092,,,,,,5.44137225723,,,5.5793736717,4.65296302106,,,,,4.97315175027,,,,,,5.73928805806,5.18850974273,,4.39742628581,,,,,,5.27687313244,4.3985994833,,,3.30064101,,,6.20121521866,5.79070170791
BLOO31,"ALDH2",ENSG00000111275,46.486942,,,,,5.97492299238453,9.54011809614,-7.20446251528,,-7.43263770023,-10.7315529189,-5.24072207721,,,,,,-9.72851238471,,,-9.48653102508,-7.89006754946,,,,,-8.12481889041,,,,,,-10.5663561847,-8.56238937681,,-13.5798489092,,,,,,-9.84501211814,-7.98952720016,,,-5.09017596385,,,-10.1615697974,-9.45668677677
BLOO32,"ALDH2",ENSG00000111275,27.012477,,,,,4.135013383147225,5.47891222671,-3.89466965844,,-4.071551627,-6.43350135783,-3.0367967022,,,,,,-5.91463093863,,,-5.55431155455,-4.68873636749,,,,,-4.33908956014,,,,,,-5.89662756244,-5.1508313804,,-9.04388609974,,,,,,-5.79320212313,-4.3613341884,,,-1.84316006704,,,-5.62854498772,-5.50294958581
BLOO33,"ALDH2",ENSG00000111275,41.842664,,,,,-9.067781943382034,-6.36415904781,1.35164868404,,-0.0221339158966,6.40226122792,-2.09697097612,,,,,,1.85287029362,,,3.80091033961,4.45643973686,,,,,-0.387463902195,,,,,,4.05470176552,11.8814129209,,10.8359375598,,,,,,3.11022486998,-1.16958646652,,,-1.35407485859,,,5.71930361608,2.27520835838
BLOO34,"ALDH2",ENSG00000111275,12.683233,,,,,-2.915301926422292,-5.67819289423,4.64123051159,,6.36054325499,6.26130723152,5.5526556153,,,,,,6.97934778607,,,6.56388587244,4.86727170196,,,,,5.99812584884,,,,,,6.19922100792,3.71987017,,5.45199110048,,,,,,6.58727685382,6.12399789798,,,3.57649764306,,,6.38510339033,6.68155009017
BLOO35,"ALDH2",ENSG00000111275,8.005727,,,,,-0.3032831437186256,2.54604330908,-2.85166890105,,-3.80284152439,-4.36584239632,-4.06108403009,,,,,,-4.97307396285,,,-3.40559501921,-3.86085621252,,,,,-4.40531535565,,,,,,-3.89119712179,-1.11400339482,,-1.82174589646,,,,,,-4.05038749384,-4.50069730416,,,-2.44629541438,,,-3.18238396597,-3.78762867784
BLOO36,"ALDH2",ENSG00000111275,70.536152,,,,,-7.572088544168804,-11.9273460959,6.94840144921,,12.5194539798,13.9127910258,10.6845625024,,,,,,14.8886310182,,,14.0003289668,10.7755336316,,,,,11.1999176661,,,,,,12.9736361819,8.51112728527,,14.233993547,,,,,,14.281631882,11.7194798534,,,3.38096874669,,,13.4246386614,13.7126257865
CHOL21,"ALDH2",ENSG00000111275,6.388521,,,,,3.1895052646582123,4.81332216069,-2.64883440212,,-4.12745310729,-4.73157396825,-3.23967818352,,,,,,-5.27199635468,,,-4.48203232186,-3.49101340627,,,,,-4.32303344256,,,,,,-4.2539589406,-3.63345213562,,-3.49449953736,,,,,,-4.25053510942,-4.01065209845,,,-3.00960372107,,,-5.10802320859,-4.60587909517
CHOL27,"ALDH2",ENSG00000111275,8.526250,,,,,3.0030270818268376,4.81822901939,-2.75236462801,,-4.3294758768,-4.43060443542,-3.41857541039,,,,,,-5.59506161854,,,-5.14451578417,-3.55536273535,,,,,-4.5809080023,,,,,,-4.52106686792,-2.74046137738,,-4.11545642348,,,,,,-4.6003365089,-4.23188690179,,,-2.93894219291,,,-5.3562982234,-5.02406695413
COAD01,"ALDH2",ENSG00000111275,7.369531,,,,,-2.9657596683226175,-4.63360707117,2.49561235964,,3.46132937481,4.45360679661,3.02350007617,,,,,,4.54788779871,,,3.92189746362,3.88890390262,,,,,3.97744120483,,,,,,4.28872727157,2.74095413574,,3.21204222843,,,,,,3.76195570704,3.67592534067,,,1.78974968462,,,4.7071129334,4.14998543859
COAD03,"ALDH2",ENSG00000111275,9.493833,,,,,-3.044598809429605,-4.60807966657,2.82501211399,,3.27047867079,4.92596864116,2.95071835485,,,,,,4.53537009093,,,3.97882255697,3.95781984171,,,,,3.94369347135,,,,,,4.32948148877,3.36728486116,,3.63496318308,,,,,,3.83876236236,3.46227466746,,,1.77876306438,,,4.56167295349,4.31171747956
FATM04B,"ALDH2",ENSG00000111275,6.094177,,,,,3.0974997257188948,4.39148099455,-3.20004010578,,-3.92609019683,-4.2164516303,-4.96342956003,,,,,,-3.51549540173,,,-4.24964627808,-4.35958743456,,,,,-3.64055255964,,,,,,-4.43801660044,-2.751985415,,-4.02545810086,,,,,,-2.92681921426,-3.7132124149,,,-3.61953134343,,,-4.62477745495,-4.31995351212
FATM04,"ALDH2",ENSG00000111275,6.112844,,,,,2.888761056807955,4.04217222364,-3.11005258901,,-3.74158710728,-4.03218089555,-4.77983739967,,,,,,-3.3812254604,,,-4.09421798115,-4.23986758158,,,,,-3.42972723872,,,,,,-4.30137197175,-2.6637607087,,-3.88524131869,,,,,,-2.6703418508,-3.48577333318,,,-3.52617659782,,,-4.30666420217,-4.06124426985
LEAN04B,"ALDH2",ENSG00000111275,3.100114,,,,,2.0787775565223092,2.75561428901,-2.39446906992,,-2.05519235138,-2.56107697375,-1.70436517859,,,,,,-2.82117964047,,,-3.18134849936,-1.33921271974,,,,,-2.22230900605,,,,,,-3.14679066093,-1.50075052958,,-4.99246186094,,,,,,-3.15212516256,-2.20793755429,,,-1.69708380778,,,-2.67785989952,-3.02497005027
LEAN04,"ALDH2",ENSG00000111275,2.779343,,,,,2.1515887074928512,2.92545875883,-2.25777169178,,-2.00996506629,-2.79067798463,-1.49781232561,,,,,,-2.564771952,,,-3.08999161744,-0.935881662697,,,,,-2.30047030402,,,,,,-3.1421786836,-1.92861637121,,-4.96569837768,,,,,,-3.33557928666,-2.29331119387,,,-2.1045380922,,,-2.79419600607,-3.03255547103
LEAN05B,"ALDH2",ENSG00000111275,2.838033,,,,,1.8301496598398708,2.53807963667,-2.25731943365,,-1.93664763688,-2.45557632818,-1.71293135007,,,,,,-2.73013934759,,,-3.07763340855,-1.35868833636,,,,,-2.16096538697,,,,,,-3.03200194236,-1.37577461974,,-4.97474997274,,,,,,-3.08594072069,-2.15709354538,,,-1.7261333669,,,-2.46188553575,-2.85608715523
LEAN05,"ALDH2",ENSG00000111275,2.689370,,,,,2.0027916049673475,2.78680507242,-2.18642944466,,-1.91820664288,-2.72259343856,-1.50596881421,,,,,,-2.48957470913,,,-3.01451444541,-0.9585747717,,,,,-2.25447974895,,,,,,-3.06822435152,-1.86388512341,,-4.95414245973,,,,,,-3.29894295535,-2.25234656763,,,-2.12588317389,,,-2.65000296134,-2.92044732727
LEAN06B,"ALDH2",ENSG00000111275,10.933562,,,,,3.3837825457610657,4.57034602526,-3.73577920608,,-3.51518730842,-3.84174120749,-3.59378534637,,,,,,-4.0468756897,,,-4.83655252758,-3.53317308829,,,,,-3.4272229371,,,,,,-4.68842813864,-2.40502256485,,-6.68178138548,,,,,,-3.94799183178,-3.25629343796,,,-2.90103495138,,,-4.70614770221,-4.49125469449
LEAN06M,"ALDH2",ENSG00000111275,7.062432,,,,,3.698411013801205,5.12438361961,-3.50423591635,,-3.66282968188,-3.87336000361,-3.53936353186,,,,,,-3.4877255852,,,-4.64343030816,-2.9237887052,,,,,-3.5586570715,,,,,,-4.61784893864,-2.47107463613,,-6.41305744339,,,,,,-4.16561917549,-3.45552632633,,,-3.18818336874,,,-5.21454807372,-4.61633602292
LEAN06,"ALDH2",ENSG00000111275,10.195275,,,,,3.880620658246076,5.35778296006,-4.09061031363,,-3.99988198329,-4.3010132561,-3.98806066283,,,,,,-4.34281740666,,,-5.32212394741,-3.61884211001,,,,,-3.93370671785,,,,,,-5.22940090335,-2.6373884809,,-7.30044898619,,,,,,-4.58601805749,-3.78246109525,,,-3.38215408548,,,-5.47983825448,-5.09185842022
LONG01,"ALDH2",ENSG00000111275,6.418403,,,,,-3.387499782397493,-4.24343858915,3.31120620411,,3.78468018554,4.70728315504,3.13516630524,,,,,,3.81054831171,,,3.88980399887,2.90454064217,,,,,3.32768025559,,,,,,4.50782800685,4.5537053181,,5.47965686274,,,,,,3.95413399831,3.14596562353,,,2.36774651302,,,4.11244203961,4.0184843961
LONG04,"ALDH2",ENSG00000111275,9.459270,,,,,-3.387499782397493,-4.24343858915,3.31120620411,,3.78468018554,4.70728315504,3.13516630524,,,,,,3.81054831171,,,3.88980399887,2.90454064217,,,,,3.32768025559,,,,,,4.50782800685,4.5537053181,,5.47965686274,,,,,,3.95413399831,3.14596562353,,,2.36774651302,,,4.11244203961,4.0184843961
LONG06,"ALDH2",ENSG00000111275,8.632048,,,,,-2.792071696358661,-4.0609228355,2.84240842277,,3.39036381427,4.06311806863,2.41057598753,,,,,,3.38076450998,,,4.03175837476,2.46023258146,,,,,3.23382360804,,,,,,4.31894622206,3.47643035977,,4.99462928064,,,,,,3.73374390198,3.06665149983,,,2.39680328381,,,4.12076741515,3.96651390331
REAC01,"ALDH2",ENSG00000111275,7.639823,,,,,-2.5205275163625815,-4.80576137973,3.14738567092,,4.41729348884,4.19014583604,3.71093069326,,,,,,4.93258352301,,,5.01257250724,3.6332716642,,,,,4.70874693258,,,,,,4.74754335641,1.45534587579,,3.93185848692,,,,,,4.65159654099,4.59820849462,,,3.26283554793,,,4.88384337795,5.29123935196
URAT01,"ALDH2",ENSG00000111275,1.760625,,,,,-1.8352746521717413,-2.58687705892,2.49556372027,,2.16941807119,3.68337633532,2.66307781347,,,,,,2.93101813821,,,3.13763320667,2.90930199737,,,,,2.65040506535,,,,,,3.08191104923,4.02352138374,,5.119829178,,,,,,2.68115966098,2.45907896899,,,1.90732153519,,,3.08432400118,2.84662667622
