code,target,ENSEMBL,association,Adipose_Subcutaneous,Adipose_Visceral_Omentum,Breast_Mammary_Tissue,Muscle_Skeletal,DGN_Whole_Blood,Whole_Blood,Artery_Aorta,Artery_Coronary,Artery_Tibial,Heart_Atrial_Appendage,Heart_Left_Ventricle,Spleen,Brain_Amygdala,Brain_Anterior_cingulate_cortex_BA24,Brain_Caudate_basal_ganglia,Brain_Nucleus_accumbens_basal_ganglia,Brain_Putamen_basal_ganglia,Brain_Cerebellar_Hemisphere,Brain_Cerebellum,Brain_Cortex,Brain_Frontal_Cortex_BA9,Brain_Hippocampus,Brain_Hypothalamus,Brain_Spinal_cord_cervical_c-1,Brain_Substantia_nigra,Nerve_Tibial,Cells_Transformed_fibroblasts,Cells_EBV-transformed_lymphocytes,Colon_Sigmoid,Colon_Transverse,Esophagus_Gastroesophageal_Junction,Esophagus_Mucosa,Esophagus_Muscularis,Liver,Minor_Salivary_Gland,Small_Intestine_Terminal_Ileum,Stomach,Adrenal_Gland,Pituitary,Pancreas,Thyroid,Lung,Ovary,Prostate,Testis,Uterus,Vagina,Skin_Not_Sun_Exposed_Suprapubic,Skin_Sun_Exposed_Lower_leg
ATOP01,"LIME1",ENSG00000203896,8.113566,-4.24573398947,-2.34208548016,-1.28862643242,-4.12743175786,,-5.0709688407,-4.76178367926,-1.64065547052,-2.51884815542,-2.17576983836,-3.08350926152,,,,-0.986275730539,,,,-0.83153969158,,,,,,,-2.90334696535,-1.97210007058,,-3.8574071266,-4.23997300459,-3.8746932633,-1.40595082128,-2.8649511674,,,,-3.33474852478,-0.977475035143,-2.85308311747,-3.65341939957,-3.52323992863,-3.09899097555,,-3.70935817142,-2.40460361755,-0.280035701573,,-3.40475647696,-4.27137125467
BFPC02F,"LIME1",ENSG00000203896,5.169283,-4.51853967192,-4.1567323238,-0.746273875237,-3.52795942056,,-4.20175183701,-4.58054782469,-3.71039236402,-4.31449957128,-4.27269455282,-4.47191259062,,,,0.58071117656,,,,-3.7868340941,,,,,,,-3.48534821859,-3.6317113766,,-4.06121988375,-4.61254902451,-4.68769397625,-3.1638686497,-3.55684742247,,,,-3.82330677233,-3.5666796024,-4.32009834155,-4.35608667186,-4.76896432341,-4.36232661928,,-4.00882795201,-3.16634476562,-1.07365333463,,-4.51602660041,-4.16227877296
BFPC02,"LIME1",ENSG00000203896,5.973385,-4.25534483646,-3.45429518964,-2.08661103249,-3.84639529248,,-4.63961980614,-4.77742611114,-3.100885263,-3.83557833454,-3.02333691454,-4.08808149896,,,,-0.128202452882,,,,-3.47589573213,,,,,,,-3.18195475405,-3.12446562786,,-3.81965004039,-4.76849823978,-4.77521051269,-2.61608509054,-3.73756437292,,,,-3.82664781627,-3.93087179079,-4.0159748365,-4.08739211406,-4.35829654388,-3.99649026081,,-3.95571415569,-2.82257670591,-0.325896014418,,-4.26048906561,-3.99254743939
BFPC03F,"LIME1",ENSG00000203896,4.740789,-4.60507077202,-4.23633481247,-0.686618745327,-3.53043688329,,-4.06797196571,-4.53713257138,-3.77348021163,-4.33452620067,-4.29673083085,-4.49481652728,,,,0.537772501938,,,,-3.86984113831,,,,,,,-3.63039763893,-3.63209302343,,-3.95078241233,-4.51672318161,-4.62340771284,-3.16067951716,-3.70392188659,,,,-3.73743349239,-3.70228016082,-4.32192903092,-4.37763415951,-4.77218697153,-4.39910599827,,-3.89495320315,-3.01980460866,-1.07797501176,,-4.50550878231,-4.1414172368
BFPC03,"LIME1",ENSG00000203896,6.059434,-4.32947948822,-3.50343952043,-2.05133223534,-3.8345758167,,-4.54742545375,-4.75312528204,-3.12120157133,-3.83688628539,-3.04679459859,-4.09000553477,,,,-0.174928173993,,,,-3.52320631241,,,,,,,-3.28055727213,-3.10092509139,,-3.74160080907,-4.69658731827,-4.71493372662,-2.60986596896,-3.84867862159,,,,-3.76877206615,-4.01408011028,-3.99960545674,-4.10578527845,-4.35442957409,-4.00767933079,,-3.86742112393,-2.68868657478,-0.294587130902,,-4.23553510104,-3.97507016968
BFPC04B,"LIME1",ENSG00000203896,10.242634,-6.28715143567,-4.67531769077,-3.8034465313,-5.67387820704,,-6.23118247447,-6.58569225046,-4.58059496161,-5.39615352966,-4.38986562613,-5.87709725327,,,,0.667156220392,,,,-4.3011942425,,,,,,,-5.046072688,-4.5157765487,,-6.08235915238,-6.64535956241,-6.56905614245,-3.57057747274,-6.00511183525,,,,-5.69337144097,-5.77255906149,-5.97272523049,-5.900931285,-6.09754983716,-5.80583181952,,-5.29630264464,-5.66015685587,-0.0879106854048,,-6.03118609921,-5.95054261194
BFPC04F,"LIME1",ENSG00000203896,8.185806,-5.49749092124,-3.8625364963,-1.13735961914,-5.04890518739,,-5.64691860653,-5.4580738242,-3.75005833591,-4.48868840704,-3.49407852249,-4.85578214972,,,,1.16906450421,,,,-3.35144587106,,,,,,,-4.25151258374,-3.56880591533,,-5.66075046387,-5.37577078985,-5.30779826291,-3.35330235487,-4.00661795791,,,,-5.36092931543,-3.71375083023,-4.92076548598,-4.77849953429,-5.20736522126,-4.71566136717,,-4.32123300661,-4.61254559222,0.470775227154,,-5.1011306395,-5.16535997516
BFPC04M,"LIME1",ENSG00000203896,4.797566,-4.03504734506,-3.19482265426,-4.311814785,-3.56747391337,,-3.83329021372,-4.48554673328,-3.15958254655,-3.66178216083,-3.1142815622,-4.01600053589,,,,-0.0747566222149,,,,-3.11205711629,,,,,,,-3.37755400739,-3.22357382908,,-3.61391891257,-4.63668837358,-4.59151554199,-2.09731471187,-4.91942213472,,,,-3.32976683235,-4.84522114315,-4.09371159136,-4.11594951243,-4.02196949043,-4.03654926057,,-3.6662858526,-3.92172752596,-0.525781551835,,-4.0210006596,-3.85367707407
BFPC04,"LIME1",ENSG00000203896,12.737858,-6.39266531355,-4.64446976142,-3.40575861931,-5.79391386984,,-6.44183820844,-6.63358051196,-4.57958254809,-5.42483100835,-4.32707457844,-5.90431074425,,,,0.707405757412,,,,-4.27034671282,,,,,,,-5.08295963645,-4.4731075524,,-6.25381947553,-6.65368990218,-6.60837121061,-3.61893778781,-5.88167332512,,,,-5.88114452284,-5.53207805713,-5.99435978926,-5.90880570018,-6.16161137156,-5.81970477909,,-5.36740618376,-5.66132135492,0.0868372989953,,-6.0964676291,-6.05100450169
BLOO01,"LIME1",ENSG00000203896,7.726651,-3.65890892684,-1.92978538888,-1.4332023859,-3.40444200216,,-4.97168414478,-4.20861875982,-0.707338462857,-1.66452990213,-1.29533041748,-2.16690484384,,,,-1.7950059626,,,,0.278787081848,,,,,,,-1.46064524102,-1.226801363,,-3.11371306256,-3.30962414226,-3.43545179165,0.426494838069,-1.69202159451,,,,-2.95045788922,-1.28554094095,-2.03473994285,-2.99933443555,-2.78930591457,-1.58665445417,,-3.60102216428,-1.54951198519,1.76560079745,,-2.59244399865,-3.70957927037
BLOO06,"LIME1",ENSG00000203896,7.544576,-3.61556180084,-1.5418216593,-1.73925459385,-3.7802642653,,-4.96473860388,-3.77567659698,-1.40953866452,-1.91253863503,-0.95771891376,-2.62188863864,,,,0.0922142179455,,,,-0.0974105772639,,,,,,,-2.00396753707,-1.53592622125,,-4.27506965563,-3.56212909916,-3.66357860685,-1.94559825058,-2.97791763834,,,,-3.74169267516,-1.34288485692,-2.30521853472,-2.94791699479,-2.94661124028,-1.62022439533,,-4.00090953815,-2.07803184161,0.392699431362,,-3.13526742099,-4.37212366462
BLOO07,"LIME1",ENSG00000203896,3.297759,-3.37056288845,-3.50935495868,-1.7547621727,-3.68149276882,,-2.91966356734,-3.63168179301,-4.14743858451,-4.21514144897,-3.42376790025,-4.13554292766,,,,-0.142982130803,,,,-2.86499154693,,,,,,,-4.09769831488,-4.1937702794,,-3.63416516317,-3.3839216193,-3.96031776299,-3.33050823994,-3.13702401547,,,,-5.06508130974,-2.51252803357,-3.88768757806,-3.926035301,-3.88653730684,-3.27397674881,,-3.80952461722,-1.99604835559,-1.37948859702,,-4.32582300607,-3.47690687847
BLOO09,"LIME1",ENSG00000203896,8.506486,-3.68273918867,-1.63773507412,-1.97059690952,-4.07727245888,,-5.21597256974,-3.95582713546,-1.58050288929,-2.11853943021,-1.09379420901,-2.80146290228,,,,0.00865830978939,,,,-0.397584602036,,,,,,,-2.12741342366,-1.73649047366,,-4.58014268129,-3.81126527699,-3.93624352523,-2.1062199085,-3.04030948055,,,,-4.06329680266,-1.45535742109,-2.49894719079,-3.11233721132,-3.11612999807,-1.75827223954,,-4.21487213579,-2.0554371221,0.24425199701,,-3.37413661326,-4.60368859985
BLOO10,"LIME1",ENSG00000203896,8.082558,-3.90271325947,-1.83253277262,-2.28795742989,-4.25582363425,,-5.34087294701,-4.13356647613,-1.82325537308,-2.35091944122,-1.36124479085,-3.03707170195,,,,0.166489347339,,,,-0.607960876647,,,,,,,-2.33158824462,-1.9926721068,,-4.7954570646,-4.00917631365,-4.18136965367,-2.41004840355,-3.18994194339,,,,-4.3182921911,-1.71101699436,-2.76929130462,-3.30075245838,-3.34249449091,-1.97664053846,,-4.35427105254,-2.34784097622,0.00453641636621,,-3.6097077138,-4.84071184326
BLOO13,"LIME1",ENSG00000203896,7.988472,-3.68513087043,-1.54190850744,-1.87764310837,-3.9486165909,,-5.14540445248,-3.88029002036,-1.40451845573,-1.94475992474,-1.00550499918,-2.66784421524,,,,0.0608029148913,,,,-0.17206241812,,,,,,,-1.99754388532,-1.53270269254,,-4.4426523547,-3.69444324384,-3.80428451361,-1.96455010109,-3.04126173575,,,,-3.79906604349,-1.4023976589,-2.35508603401,-3.00857160003,-3.00718827584,-1.64942486532,,-4.07501808465,-2.06049993553,0.452436578797,,-3.2115595422,-4.51310048794
BLOO24,"LIME1",ENSG00000203896,10.759101,4.80242224676,1.9210781476,2.25809073448,4.46579252282,,6.06673729279,4.9372643075,1.87448915441,2.73460889952,1.89926355939,3.36371558285,,,,0.0638908616218,,,,0.593693867444,,,,,,,2.77773195651,1.96910183673,,5.18574324538,5.15626211633,4.72308810226,1.6542598336,4.52840118198,,,,4.3250759523,2.32975799871,3.12020954858,3.60419730955,3.6894237512,2.60389028462,,4.83130225188,2.63671547598,0.157417293033,,3.99901418357,5.18721069386
BLOO30,"LIME1",ENSG00000203896,7.330758,-3.62416312269,-1.6492939689,-1.82580256462,-3.92331886533,,-5.03707970384,-3.85578682901,-1.60301144466,-2.09981693189,-1.06990730951,-2.76886298197,,,,0.0588648207272,,,,-0.355246990621,,,,,,,-2.12792746353,-1.75394688396,,-4.43145336835,-3.68048701425,-3.81376367934,-2.11132673585,-2.97989602222,,,,-4.02456390537,-1.4523113419,-2.45842569083,-3.0591442382,-3.05609546924,-1.74426315294,,-4.15192788151,-2.09006646396,0.135786351861,,-3.31050437899,-4.46137532166
BLOO32,"LIME1",ENSG00000203896,8.011481,-3.53891174093,-0.899296044134,-0.973912477493,-3.29768620035,,-4.98476384836,-3.60405947933,-0.832206421344,-1.56989289724,-0.644343674821,-2.1664707487,,,,0.132656556888,,,,0.288541145173,,,,,,,-1.71416479634,-0.785810243016,,-3.86351389652,-3.80580135394,-3.43899862261,-0.843761405003,-3.18151387926,,,,-2.79755026002,-1.34534751004,-1.94805337026,-2.4356801642,-2.50554683444,-1.43946082246,,-3.69716852096,-1.65186415443,0.399764020936,,-2.73636669364,-4.09648851444
BLOO33,"LIME1",ENSG00000203896,9.702677,-4.66366867725,-2.89105965847,-1.62482428551,-4.01100483058,,-5.46309314226,-5.05607295243,-1.72256905276,-2.65537876502,-2.6976823362,-3.23731548587,,,,-1.90750207371,,,,-0.925400091193,,,,,,,-2.59197220605,-2.26083232326,,-3.95268104321,-4.18594506628,-4.45769067846,-1.06881510123,-2.71131649351,,,,-3.9137451562,-2.18520413615,-2.91090233957,-4.13308310345,-3.84231387985,-2.46571725003,,-4.46122527677,-2.13808851014,1.322401419,,-3.61334823947,-4.62858225572
CROH01,"LIME1",ENSG00000203896,12.892519,-2.74986714958,-1.58125459001,-1.39174377918,-5.01549268191,,-6.27785117549,-5.10571284668,-1.71114946086,-2.79031304847,-2.22331232923,-3.35903445764,,,,-2.12263940474,,,,-0.488279999802,,,,,,,-2.20525592236,-1.63936643893,,-5.97013456188,-5.3517871822,-5.33021515657,-1.17400325055,-3.56112634798,,,,-3.51876432604,-3.17658587238,-3.63286325506,-3.48547939303,-3.6210919079,-2.3886688759,,-3.64604341165,-3.86517363634,0.0693426856717,,-4.05109549206,-5.26226939476
FATM04B,"LIME1",ENSG00000203896,7.942524,-4.94271383556,-3.18441122049,-3.31495857239,-4.51495002335,,-5.25877542267,-5.16116575644,-3.11335534653,-3.89206310687,-3.1914996677,-4.34377819023,,,,0.315055316178,,,,-2.76025630102,,,,,,,-3.5964263771,-3.02834606261,,-4.81418588812,-5.0620156288,-5.05078641343,-1.90095462196,-4.57685004518,,,,-3.90418748794,-4.64241668483,-4.47844763839,-4.51935247109,-4.55863867614,-4.58137357716,,-4.21540631507,-4.5982890267,0.169614443776,,-4.51561041828,-4.65367567037
FATM04F,"LIME1",ENSG00000203896,6.913533,-4.16106039182,-2.33285246419,-1.1822412014,-4.20555274401,,-5.04288114382,-4.24944734015,-2.30665587483,-3.05264027091,-2.00813714169,-3.42966540006,,,,0.543964638641,,,,-2.13958921621,,,,,,,-2.96394456119,-2.03975033158,,-4.7495084928,-4.27070099854,-4.09534661865,-1.72582525184,-2.71618248863,,,,-3.71325395506,-2.92260902263,-3.65131541793,-3.51722499868,-3.79232467061,-3.52342815341,,-3.44186300751,-3.74518132413,0.977006384356,,-3.79550061815,-4.12132218284
FATM04,"LIME1",ENSG00000203896,8.878637,-4.99431484101,-3.07853610077,-3.0188062191,-4.66936517229,,-5.53239244912,-5.20606079289,-3.04762822336,-3.87416161901,-3.03270839576,-4.33059229015,,,,0.292197533195,,,,-2.73250612746,,,,,,,-3.60122352714,-2.90820710376,,-5.02704587897,-5.11483635292,-5.10188739536,-1.85943157404,-4.41861532536,,,,-4.03775676998,-4.43494363184,-4.49072545771,-4.50098992412,-4.58881375321,-4.55570638962,,-4.28943141121,-4.624973143,0.39871793052,,-4.5669001158,-4.77102663677
INFB01,"LIME1",ENSG00000203896,18.664943,-2.52264879557,-0.920222791032,-2.73691487312,-5.3938614338,,-7.59926660369,-5.3233164013,-1.74384339612,-2.93432171445,-1.27592834917,-3.49960124029,,,,-2.52879596544,,,,-0.763198784618,,,,,,,-1.64771808059,-1.59607531707,,-6.7612855719,-6.06660702533,-5.79341289963,-1.63626553733,-2.49815473397,,,,-4.14886669274,-1.87471881602,-4.10795132072,-3.33920830077,-3.64358178022,-2.30794623517,,-4.22373202364,-3.51056462297,-0.827297899118,,-4.61577403572,-6.07069116587
LUNG02,"LIME1",ENSG00000203896,7.402974,-4.3331915076,-3.00101765109,-1.36580550671,-4.44443753307,,-4.96998163177,-4.66185732158,-2.40717852827,-3.33838336079,-2.50082944447,-3.61206551522,,,,-0.141793786649,,,,-1.9936417247,,,,,,,-3.71594253318,-2.25722064022,,-4.07538136499,-4.34995972926,-4.50310272153,-2.00284737713,-3.06599956109,,,,-3.48774324463,-3.00959089903,-3.45475624301,-4.0246006831,-3.81488189566,-3.45778980135,,-4.53765299467,-2.86245217381,-1.32917463295,,-3.82446072377,-4.36219293648
MENA02F,"LIME1",ENSG00000203896,1.308406,-0.192636914461,-1.22540953388,5.11573266983,-0.397762246661,,-1.41337483558,-0.98348898492,-1.41968016602,-1.4520965481,-1.35017846129,-1.3925284444,,,,-0.145638782951,,,,-1.60850761939,,,,,,,-0.859378549536,-0.997971947752,,-1.31335703035,-1.77803925448,-1.12978691334,-1.3522606939,0.37752728792,,,,-2.43198245089,1.53133962148,-1.49510315672,-1.21572191277,-1.21341003081,-1.77799455948,,-1.15072485731,-1.18915135558,0.600120153903,,-1.55061034598,-1.21341719447
ULCC01,"LIME1",ENSG00000203896,8.030211,-1.30454842979,0.33703159936,-2.43699216843,-3.26287775072,,-5.27986279438,-3.02451165099,-0.700063562642,-1.44109468883,0.102047579134,-1.86477656244,,,,-1.37267053382,,,,-0.390201003879,,,,,,,-0.401556927503,-0.59908696197,,-4.43516570305,-3.79195090945,-3.41173260036,-1.29156975399,-0.561172803064,,,,-2.39211627696,-0.480522956442,-2.44324834016,-1.58489559719,-1.87995317887,-1.05205539231,,-2.7650304534,-1.85601651885,-1.15667965253,,-2.78147885026,-4.02811244185
