code,target,ENSEMBL,association,Adipose_Subcutaneous,Adipose_Visceral_Omentum,Breast_Mammary_Tissue,Muscle_Skeletal,DGN_Whole_Blood,Whole_Blood,Artery_Aorta,Artery_Coronary,Artery_Tibial,Heart_Atrial_Appendage,Heart_Left_Ventricle,Spleen,Brain_Amygdala,Brain_Anterior_cingulate_cortex_BA24,Brain_Caudate_basal_ganglia,Brain_Nucleus_accumbens_basal_ganglia,Brain_Putamen_basal_ganglia,Brain_Cerebellar_Hemisphere,Brain_Cerebellum,Brain_Cortex,Brain_Frontal_Cortex_BA9,Brain_Hippocampus,Brain_Hypothalamus,Brain_Spinal_cord_cervical_c-1,Brain_Substantia_nigra,Nerve_Tibial,Cells_Transformed_fibroblasts,Cells_EBV-transformed_lymphocytes,Colon_Sigmoid,Colon_Transverse,Esophagus_Gastroesophageal_Junction,Esophagus_Mucosa,Esophagus_Muscularis,Liver,Minor_Salivary_Gland,Small_Intestine_Terminal_Ileum,Stomach,Adrenal_Gland,Pituitary,Pancreas,Thyroid,Lung,Ovary,Prostate,Testis,Uterus,Vagina,Skin_Not_Sun_Exposed_Suprapubic,Skin_Sun_Exposed_Lower_leg
HEIG03,"DRAM1",ENSG00000136048,13.208239,2.79133767093,1.51430441502,,,3.9219955664052137,3.87188910201,3.72334764103,,1.95408529634,,-0.487894479881,,,,0.674267296723,0.610426134523,0.0528635291967,,,,,,,,,,3.53429574235,,0.577269330424,,0.179361913247,1.92208962578,0.65551338007,2.55348853372,,,2.26527721091,1.78586351903,,2.92384224394,0.75810344019,0.672365259841,,,-0.558891205768,1.22126887105,,1.97859875769,3.53411041639
HIPC03M,"DRAM1",ENSG00000136048,6.421132,1.63611363466,1.62968237825,,,2.709295688588671,2.82040729641,1.39935096833,,1.09507530448,,-0.704870593083,,,,1.49247339015,-0.126359809381,0.405497275551,,,,,,,,,,0.885125818198,,-0.464700981918,,-0.396725135767,0.807244416294,-1.19951232461,2.24367414607,,,0.477246365311,0.49472521069,,0.329271767832,1.5565301845,0.882781796616,,,0.364947498556,1.88734984319,,1.81976100282,2.53949471397
HIPC04M,"DRAM1",ENSG00000136048,6.211563,1.62810406177,1.60230942897,,,2.6430149217080654,2.78000168618,1.47438337404,,1.08038527074,,-0.596063340626,,,,1.46868113356,0.162077743601,0.40372910316,,,,,,,,,,0.871015606987,,-0.457292945197,,-0.401500130146,0.794375730116,-1.20240388548,2.21125503497,,,0.527096765358,0.507921429871,,0.32402268664,1.54216230408,0.923281175096,,,0.35832443976,1.79854690147,,1.92980574707,2.49901142259
LEAN04B,"DRAM1",ENSG00000136048,8.887797,2.75813279063,2.10670401784,,,4.327153191635386,4.36975594829,2.81734178509,,0.88840765663,,1.01795915221,,,,-0.154437284894,-0.474958580349,-1.10626623126,,,,,,,,,,1.17128091226,,-0.820721027097,,-0.00420522150377,1.38635187724,-0.751235834178,2.67217762812,,,0.783052226235,0.291269346254,,1.57923451856,3.00743538784,1.8300082355,,,1.53410262555,0.258331242425,,1.19623529046,3.82778321919
LEAN04M,"DRAM1",ENSG00000136048,7.496536,2.64091096225,2.17219858887,,,3.1050604687014616,3.17406735769,2.05829601382,,1.06541244807,,1.7060875931,,,,0.630580383846,-0.0876775029737,-0.816413899739,,,,,,,,,,0.906433659983,,-0.922656414958,,0.427272338449,1.75491801838,0.0115250953389,1.89879968094,,,0.230585597845,-0.378200964079,,0.675770139743,3.55594352126,2.54099757398,,,0.635642000502,-0.121206710187,,1.54020475224,3.29981570388
LEAN04,"DRAM1",ENSG00000136048,9.567223,2.94780403032,2.32120390534,,,4.086804060639183,4.14098664269,2.71466445776,,1.0866500608,,1.38516873308,,,,0.396057938432,-0.296331793094,-1.15179057984,,,,,,,,,,1.06353227326,,-1.0333116225,,0.190654752886,1.7362927216,-0.436228933594,2.46024943864,,,0.500775657162,-0.123801118315,,1.22234954463,3.59947941633,2.3549368704,,,1.25788049509,0.185676353284,,1.46115958697,3.8702033459
LEAN05B,"DRAM1",ENSG00000136048,9.649403,2.8776239747,2.27275404613,,,4.4333917938823975,4.51235017,3.0008230854,,1.04303817716,,1.24420029485,,,,-0.0946565797357,-0.379986844623,-1.00996310649,,,,,,,,,,1.36674347313,,-0.778066666066,,0.133739036655,1.55301186039,-0.703006212517,2.85757899968,,,0.970210658511,0.43378091631,,1.78611809052,3.12845978242,2.10495951927,,,1.74587662889,0.22604235337,,1.13356248645,3.90678340716
LEAN05M,"DRAM1",ENSG00000136048,7.655529,2.61848519479,2.15807845796,,,3.12514111067869,3.19417836428,2.04491759942,,1.05161853076,,1.69861844787,,,,0.609754724026,-0.115360185764,-0.853333562674,,,,,,,,,,0.893752395507,,-0.922840573783,,0.390445296506,1.74303121444,-0.0112769778815,1.89758713024,,,0.253495631982,-0.38975427479,,0.679476637535,3.55299221307,2.55161652738,,,0.632655508341,-0.139548959123,,1.5242037933,3.31346598687
LEAN05,"DRAM1",ENSG00000136048,9.944431,3.00482679167,2.40802551558,,,4.166230441094557,4.23897690144,2.82021442719,,1.17652663543,,1.52089352935,,,,0.419543586829,-0.256116316209,-1.10568964683,,,,,,,,,,1.17764809088,,-1.00919967941,,0.251562230057,1.82887761374,-0.41316617366,2.57483605209,,,0.620174155931,-0.0395797700143,,1.3522430915,3.66708011687,2.52688961995,,,1.38848491405,0.157589282633,,1.41401876935,3.92212963725
LEAN06B,"DRAM1",ENSG00000136048,17.801673,3.80427838892,3.40021344123,,,5.1506271927780185,5.74566898873,4.10324914853,,2.25167046476,,1.48411729687,,,,-0.0311974613511,0.36318698353,-0.876523849592,,,,,,,,,,2.42961437615,,-1.71301216777,,-0.371705178284,2.83020997458,-0.747210357661,4.27635964107,,,1.20857844767,0.718845699605,,2.53347053179,3.92610387983,2.72875961498,,,0.137544717386,0.320294294094,,2.29945864625,4.63725478523
LEAN06F,"DRAM1",ENSG00000136048,9.605951,2.4474162904,2.03738696357,,,3.6969807591373893,4.31029235145,2.52614409465,,1.3541285547,,0.951683556619,,,,-0.366502360174,0.00163261200729,-0.553273713152,,,,,,,,,,1.23272758352,,-1.53149746371,,-0.386431206312,1.37183908094,-1.4134760239,3.07887961295,,,0.936246027159,0.342452584773,,2.11194993759,2.75644573194,1.34942875198,,,0.622368582773,-0.442722447408,,1.71932278179,3.05030468926
LEAN06M,"DRAM1",ENSG00000136048,12.265520,3.58942573466,3.44394980482,,,4.247598226198952,4.44557489217,4.04656712927,,2.2780234172,,1.40996576066,,,,0.518945622815,0.714188040154,-0.843686169632,,,,,,,,,,2.80943244353,,-0.939529134598,,-0.11545161886,3.37628257909,0.764743310147,3.51608450259,,,0.888968572474,0.866092069677,,1.62817124031,3.34073781198,3.21271991638,,,-0.706497300448,1.32271435592,,1.78960751083,4.26525627581
LEAN06,"DRAM1",ENSG00000136048,20.594022,4.16272545112,3.80231558525,,,5.308438894687196,5.7963504768,4.58303226541,,2.56569949188,,1.58155901192,,,,0.348230660181,0.59221572813,-1.04318247689,,,,,,,,,,2.84086205774,,-1.54939466515,,-0.340830564237,3.4514860068,-0.0555443206035,4.36777861766,,,1.16143315004,0.863004557902,,2.40534964301,4.16582457093,3.2966006294,,,-0.156918443342,0.882095085516,,2.41042812033,4.92614245574
