code,target,ENSEMBL,association,Adipose_Subcutaneous,Adipose_Visceral_Omentum,Breast_Mammary_Tissue,Muscle_Skeletal,DGN_Whole_Blood,Whole_Blood,Artery_Aorta,Artery_Coronary,Artery_Tibial,Heart_Atrial_Appendage,Heart_Left_Ventricle,Spleen,Brain_Amygdala,Brain_Anterior_cingulate_cortex_BA24,Brain_Caudate_basal_ganglia,Brain_Nucleus_accumbens_basal_ganglia,Brain_Putamen_basal_ganglia,Brain_Cerebellar_Hemisphere,Brain_Cerebellum,Brain_Cortex,Brain_Frontal_Cortex_BA9,Brain_Hippocampus,Brain_Hypothalamus,Brain_Spinal_cord_cervical_c-1,Brain_Substantia_nigra,Nerve_Tibial,Cells_Transformed_fibroblasts,Cells_EBV-transformed_lymphocytes,Colon_Sigmoid,Colon_Transverse,Esophagus_Gastroesophageal_Junction,Esophagus_Mucosa,Esophagus_Muscularis,Liver,Minor_Salivary_Gland,Small_Intestine_Terminal_Ileum,Stomach,Adrenal_Gland,Pituitary,Pancreas,Thyroid,Lung,Ovary,Prostate,Testis,Uterus,Vagina,Skin_Not_Sun_Exposed_Suprapubic,Skin_Sun_Exposed_Lower_leg
ANKY01,"BAG6",ENSG00000204463,63.610621,10.63244681,-8.5606803894,,,-18.045624450693865,-15.015083798,9.22177012801,5.01152391294,9.15564308701,,,,-4.409704166,-9.01746399436,-2.30570690213,-14.9970419025,4.21034567551,9.58060369694,-10.1681375504,-18.5244976554,-16.8278193362,-20.2635248774,-15.0330663863,-3.17855150642,,,-8.12140866802,,3.68136677756,,-15.0229062586,9.73628997803,9.58187348745,,,,-8.5606803894,,,,,1.70961415258,,,,,,,-15.024851855
ATOP01,"BAG6",ENSG00000204463,0.114825,0.0884362691932,3.22488584019,,2.15767014534,3.6194359039130535,0.988876476084,,3.19128931844,2.3930085692,4.61931991577,,,4.28662470932,5.69276285172,5.12087016595,-2.33947229385,,1.22008664962,0.104700185938,0.291008141634,2.83068432859,5.17494606104,5.29638719309,1.06031360592,,1.75887316796,0.626903441784,,-0.9716436293,-0.806038773362,0.328340320308,-0.0361225547518,2.45808486931,,,,4.63570375246,,,,,0.524759388848,,,-0.174954995513,,,,2.30684791783
BFPC04B,"BAG6",ENSG00000204463,15.973998,2.0417728383,1.88367567965,,0.237119808911,5.9219680544562285,5.05139417845,0.911190857278,1.81314315708,1.43374017222,0.201356495408,,,2.81249724942,1.62664529558,2.51579086031,3.40850149302,1.4676709074,0.379649833102,2.57235229473,2.94277460612,3.40664041542,5.43529271928,4.06683425642,2.80882667444,,1.82905265979,0.948761627104,,1.99903905525,2.03934217148,3.43598806961,2.09021589625,1.97265552267,,,,3.09177552184,,,,,2.1039918807,,,-0.182257026456,,,,1.25578536616
BFPC04F,"BAG6",ENSG00000204463,7.320590,0.685211521598,0.510381893933,,-0.939900518141,3.6546705233126393,3.29392482222,-1.03139229672,-0.55914799228,-0.514764203897,-0.601150517827,,,0.639445611746,-0.0266087796414,0.524211574341,1.3160395975,0.656992413677,0.10022637878,1.02741724311,1.35786358174,1.28918658024,3.12358526992,1.39916179252,2.06277360458,,0.338755317262,0.161917975573,,0.811500943593,0.69836079099,0.699327299958,1.69408044636,0.475485321239,,,,0.92806076569,,,,,1.28763845327,,,-1.06502361823,,,,-0.48040742368
BFPC04M,"BAG6",ENSG00000204463,10.557081,2.2501772571,2.17998339188,,1.13111647522,5.103886977120196,4.20368015968,2.147981837,2.99743337152,2.4328017896,0.791991099757,,,3.36105755617,2.2799002289,3.04628571265,3.60925858871,1.47288909692,0.439362127926,2.69472531004,2.92642986078,3.63165240937,4.87882706208,4.45387517282,2.13878904959,,2.249941207,1.17993459334,,2.08437800327,2.23230518573,4.17741723182,1.45480165568,2.33384293426,,,,3.50134985797,,,,,1.82261035593,,,0.65929529878,,,,2.15592769134
BFPC04,"BAG6",ENSG00000204463,14.405928,1.80319005925,1.60273817316,,-0.109443202285,5.685025727254924,4.95212926282,0.434886328032,1.304966177,0.999817149725,-0.0109703477917,,,2.42630176815,1.29160227448,2.12147611447,3.05846005343,1.3178283724,0.234325458682,2.27976428423,2.67806813901,3.03751770617,5.17977808093,3.64912915301,2.78112511254,,1.50163155308,0.776440199142,,1.75747885163,1.77498230563,2.91853218773,2.13624007226,1.68093839853,,,,2.7300641936,,,,,1.94601205201,,,-0.46924329726,,,,0.884710529369
BLOO01,"BAG6",ENSG00000204463,19.567448,-2.74959460717,-0.431506663561,,4.25219327321,,4.7357142096,1.50892087809,1.30700520118,1.40604150253,5.09339904785,,,-1.68648733511,6.27916302699,-2.33899518888,5.1302349536,-3.7305852164,3.40817225246,6.16921472549,5.88929287333,6.54684753048,1.64563095861,1.40867983598,1.0645583841,,-0.361583153988,-3.58292173252,,4.25927507942,-1.97480750084,4.3682437564,-0.693291902819,3.4056797392,,,,,,,,,6.16921472549,,,3.40173316002,,,,4.71392535404
BLOO02,"BAG6",ENSG00000204463,21.752616,-0.86736445568,1.96022069454,,5.15387921942,,3.31534847166,5.42944806165,5.5766874136,5.37137593581,3.23252820969,,,1.86009000559,3.30835772185,3.99978835298,1.2341226171,1.1654569533,5.0630045833,3.20152974129,3.46038290994,3.86581221398,-0.888158740743,0.658689021411,-1.69422870103,,2.3333167927,-3.26041224986,,4.88888741495,1.97410333157,2.85190339596,-0.730682618083,5.1053245568,,,,,,,,,3.20152974129,,,2.06566619873,,,,3.38637896663
BLOO03,"BAG6",ENSG00000204463,23.331754,-2.36986500682,0.90625667572,,6.5436337907,,-0.744833396581,3.54727648157,3.992824463,3.26722540062,6.79395580292,,,-2.09354291809,-0.582803113388,-3.05059388429,-4.58275934289,-5.26684985178,2.38138460627,-0.671974360943,-0.311774248222,-0.281651620364,-5.8232764644,-4.03401096763,-3.31679596085,,-0.601397364781,-5.19889242084,,2.66494536659,0.652001798153,-0.932831505966,-1.69632637922,2.31963077553,,,,,,,,,-0.671974360943,,,1.56877660751,,,,-0.669824390304
BLOO04,"BAG6",ENSG00000204463,44.466444,-5.6375164004,0.971699655056,,5.81066949425,,0.564794366464,4.58345252095,4.5530053257,4.2690381511,6.87224340439,,,-0.195613621002,1.29439026736,-3.9425508105,-3.37409412003,-6.08057084744,3.58844921552,1.16504693031,1.11801061139,1.45217610214,-4.07513327834,-0.528022987692,-4.15582311251,,0.971944350107,-4.22361645435,,2.81353203704,-1.09116566181,0.619338522432,-1.48529049447,3.61094069757,,,,,,,,,1.16504693031,,,5.33546495438,,,,0.61499723957
BLOO05,"BAG6",ENSG00000204463,65.283437,0.395674518268,-1.08708333969,,7.88589468943,,5.63567514404,6.29598499594,6.1631474259,5.97734031547,8.67272472382,,,-5.94070844432,6.67563429539,0.84990607148,2.49740775096,-9.21328464717,6.8100434712,6.50361967087,5.69081846655,6.18039838542,-3.86709225987,5.4778488051,-1.61394373662,,3.94966931617,-2.97347884834,,6.66032253116,-1.78537809849,8.73720641468,4.71247438561,6.77874400803,,,,,,,,,6.50361967087,,,4.20001268387,,,,5.5804001833
BLOO06,"BAG6",ENSG00000204463,45.990889,3.14012372592,-0.306662857533,,7.87242463482,,11.1739887539,10.2864192728,9.68296375719,10.2237500745,5.43963432312,,,1.37136691472,10.0016972881,6.17663318871,9.91065501903,-4.29838084017,10.7938402131,9.92982387543,10.2011434286,10.7766977487,5.18045616569,12.2110280996,5.20032972546,,7.35589809418,4.00392528102,,10.7017243037,-2.94400000572,13.3497140951,4.65530483464,10.9289967963,,,,,,,,,9.92982387543,,,2.87400698662,,,,11.0362586125
BLOO07,"BAG6",ENSG00000204463,46.974899,-0.527080865072,-2.82936835289,,3.8662489741,,6.96540974233,8.87393231009,8.6837461351,8.91919200092,7.31966018677,,,2.63153567878,7.14973445921,0.800747069967,5.79502561575,-9.14080597497,8.70747804411,7.04869794846,6.97169043941,7.61062228592,4.57441808446,7.43227620739,1.64105008335,,4.77479678598,4.37250453215,,9.13111369918,-2.7335793972,9.69541321466,3.62995863779,8.83214426335,,,,,,,,,7.04869794846,,,5.43466329575,,,,6.8692336586
BLOO08,"BAG6",ENSG00000204463,20.375450,-0.110944910464,-0.918800354004,,4.04742331155,,5.07505186226,5.40552130016,5.49527578899,5.28551072869,3.21775078773,,,-0.199955601542,3.91427433335,1.25176905898,3.78814740824,-2.42076490432,5.19014621698,3.84756016731,4.17796594362,4.60243516955,1.4842316304,2.93590744947,1.41124444147,,2.97236195959,-0.0926455568608,,4.86089183405,-1.12332379818,5.93166074549,1.53161122589,5.20186477499,,,,,,,,,3.84756016731,,,2.85794067383,,,,4.86413348811
BLOO09,"BAG6",ENSG00000204463,39.616598,2.92156593397,-0.686813890934,,8.1896139603,,11.5336197949,10.8554540482,10.2546576567,10.7860409128,6.20608711243,,,1.39412959813,10.3357967796,6.11773668046,10.1227216363,-5.06448802926,11.3070476623,10.2526016235,10.5317564134,11.1649212962,5.30346186198,12.5215894479,5.18067374793,,7.48471359657,4.12848107388,,11.263974755,-3.10279870033,13.9642396238,5.02635533336,11.4438872718,,,,,,,,,10.2526016235,,,3.35557556152,,,,11.3951505022
BLOO10,"BAG6",ENSG00000204463,54.847009,2.87056480239,-0.854731142521,,8.66877281081,,11.6343830329,11.0775275254,10.4956891121,10.9728764117,6.65661811829,,,0.72247740508,10.542994391,5.88810053982,9.91061663684,-5.73929620818,11.5353046688,10.4444217682,10.6297789319,11.2863137783,4.61103822541,12.4842796515,4.71929413684,,7.49943846754,3.58196991601,,11.4921637712,-3.14409732819,14.2865279268,5.35612381287,11.6641219196,,,,,,,,,10.4444217682,,,3.62883782387,,,,11.496844661
BLOO11,"BAG6",ENSG00000204463,65.977902,0.298595292603,-0.384105831385,,8.31448385086,,10.0873584106,11.5023216852,11.1997692864,11.2862477124,11.375585556,,,-2.84884469491,9.62515595503,2.47820365721,6.75282543344,-10.5005570933,11.5724155664,9.47584915161,9.17302003082,10.0424429061,0.856834625185,10.0459274965,2.3290161216,,6.96051327882,-0.513000617769,,10.0743697958,-6.14348554611,12.4411095095,4.00452166369,11.6217497478,,,,,,,,,9.47584915161,,,7.41579198837,,,,10.0927775757
BLOO12,"BAG6",ENSG00000204463,55.009169,2.22977447004,-0.926088452339,,10.384606463,,13.3773678566,13.4244488411,12.7997671132,13.2685709748,10.1462621689,,,-0.534863213039,12.5841976459,5.75918205091,10.8155838631,-9.14310731309,13.9363396778,12.4386529922,12.3876275404,13.2728671178,4.12546928273,14.4088003744,4.6308675027,,8.9658718324,2.91727562408,,13.2222847345,-5.04467201233,16.524171338,6.14673858908,14.0632608712,,,,,,,,,12.4386529922,,,6.18027496338,,,,13.259458402
BLOO13,"BAG6",ENSG00000204463,39.247606,5.40024198039,4.72828741842,,6.74585022636,-2.592776162815673,3.25295154623,9.84358574995,11.3647327547,10.7630464858,3.18259714289,,,2.69724653233,7.27675186733,4.89794645621,4.7510602781,-1.87365504823,3.09437127708,5.21383128034,6.85943813055,7.11370118393,3.59565689763,10.763615517,2.45260077811,,3.16338372146,4.3442801051,,10.2628659465,3.69602260934,10.8371677905,6.09290511598,7.54644969302,,,,8.40654303124,,,,,-0.90039459912,,,1.66554727911,,,,5.10405679962
BLOO16,"BAG6",ENSG00000204463,49.602929,0.736348791238,0.659509283403,,6.6398527632,-4.116844948445469,0.742913593767,8.63739065439,8.85987805043,9.21916787536,2.11655079058,,,1.31395313211,5.77421798729,4.04463152068,2.46463019291,-4.84400155733,2.47224897635,1.52700612877,5.54281690479,6.86925090961,3.11740951468,6.42316212111,1.05368563262,,1.03698596182,0.123694268707,,9.15972238232,4.09166062027,8.47667446275,1.47807109102,4.46002018282,,,,4.67003172636,,,,,-4.31294117454,,,4.6328483407,,,,1.49777923676
BLOO17,"BAG6",ENSG00000204463,14.168188,-1.26022134057,-1.79139086033,,3.40391930544,-2.144398814119138,-0.131359041023,3.97856311876,3.7529922939,4.37405514273,0.158227186358,,,0.312552623359,1.91527663011,2.16851345365,0.611465158751,-4.30921728736,0.455158833987,-0.73169236939,2.80487944697,3.927400354,2.22518844868,2.02989815781,-0.0194548988236,,-0.290410347754,-1.4049629259,,4.5879011866,1.97817247225,3.59488044368,-0.778276838365,0.893012569101,,,,0.848882085051,,,,,-3.91833831465,,,2.92859989405,,,,-0.25410637871
BLOO18,"BAG6",ENSG00000204463,14.485094,-1.94092665281,-2.11444121081,,2.88991145973,-2.690269368070157,-1.12929507315,3.48767326111,2.85772082086,3.69218927681,0.263683969714,,,-0.332490995022,1.69790801095,1.40431147028,-0.101198570201,-4.39287276999,0.293875711018,-1.26436441179,1.86804947655,3.10041067483,1.15978212109,1.18562276273,-0.21224851973,,-0.745383056931,-1.9357318417,,3.94540553037,1.69509047914,2.84158025496,-1.26359315853,0.386044724108,,,,0.163540120513,,,,,-3.88724716692,,,3.56657342871,,,,-0.885243291004
BLOO19,"BAG6",ENSG00000204463,19.827543,1.98972293462,0.746064057577,,-0.712389831579,2.2665142453114835,4.78048233973,2.80619424604,3.96531632513,3.94831142453,-1.18618690771,,,2.38970627998,0.0987066106032,2.86597698025,3.1936522588,0.620520423371,-1.62475433852,1.87642856926,2.83084529353,3.22509428503,4.87954524034,4.27362375377,2.51512892051,,0.585958108893,1.73144876944,,2.32462382881,-0.33990601587,3.53696137,3.02016055537,2.25666512086,,,,2.16001960578,,,,,-2.7413164191,,,-1.0741683927,,,,1.27475674681
BLOO20,"BAG6",ENSG00000204463,16.097464,1.33314966807,4.52322484635,,6.65231240668,-7.064159986886261,-3.67047831808,4.94554664165,5.21619917877,4.44885593198,4.78954490101,,,0.70859801575,4.08873369232,1.10817264949,1.9180083394,-0.329971575156,1.7894093144,1.7425736679,4.10975543382,3.05651548973,-1.09678742903,0.561397747707,-1.34790660582,,2.98049565409,1.36875188659,,4.06111367064,2.52230995231,2.25684053263,-2.81086049609,4.6585045737,,,,2.65713112845,,,,,0.204768641854,,,2.48971246923,,,,1.32421654992
BLOO21,"BAG6",ENSG00000204463,18.949466,-6.73064981456,-3.95455550155,,-0.741308352596,-10.051817950922164,-9.13072751325,-0.504011909138,-1.31004462235,-1.11244384094,-1.76188216739,,,-3.15761177118,-1.51800349452,-3.79373585608,-4.55272879886,-6.84832835142,-4.07765144485,-5.58139078818,-0.540913753837,-1.89855392875,-6.09645743713,-3.17945476106,-3.47803337474,,-5.86364417791,-7.2541245814,,-0.139764510563,-3.30214579759,-4.17010086959,-5.97456933803,-4.07336774532,,,,-4.25937335853,,,,,-6.91895695976,,,4.04968532207,,,,-2.08218811658
BLOO22,"BAG6",ENSG00000204463,23.356439,-6.46507522324,-3.09765616312,,0.329339748817,-10.51837059788218,-9.12655449923,0.499485826237,-0.438787287497,-0.168654830922,-1.07339251332,,,-2.91641131261,-0.683231872245,-3.2724434438,-3.95921250427,-6.58081595564,-3.76957141044,-5.09367136163,0.48413741834,-1.00807916699,-6.04331160774,-2.72101475725,-3.81909083104,,-5.20380804943,-7.11660280158,,0.735292020794,-2.503235428,-3.4629995628,-6.47564936592,-3.19903620376,,,,-3.61049683204,,,,,-6.64792683334,,,4.43919319093,,,,-1.53564586968
BLOO23,"BAG6",ENSG00000204463,6.857423,-6.14871281582,-4.35735168853,,-3.85135291919,-4.731668579666403,-5.43434408874,-4.66421631527,-5.60215439266,-5.26734934092,-2.32266162447,,,-3.1494508081,-3.31434827641,-4.24062683723,-4.26300107271,-3.87506656607,-3.8027696538,-5.35275470216,-3.29027437661,-4.17368932754,-4.95204780165,-5.14196561713,-3.6104899595,,-5.79735590533,-5.53902181828,,-4.57636019751,-3.46717450739,-5.20576407797,-4.45301182876,-5.1773427583,,,,-5.18329988856,,,,,-4.91245493959,,,3.75245980563,,,,-3.77185515277
BLOO24,"BAG6",ENSG00000204463,13.281291,-4.06452310494,-2.01672960745,,-1.85402092812,-3.2301905287462405,-4.18448150699,-0.249248348503,-1.96345959537,-0.755474222028,0.308900258499,,,-3.50098683203,0.165568691912,-3.07267974709,-2.7212651204,-2.26973655307,-1.48804037019,-2.50477902639,-3.36963234695,-1.76517165115,-3.82731646282,-2.30456185254,0.820299203076,,-2.60117599783,-3.71789835764,,-0.242151794741,-0.595242896468,-1.998725074,-2.70845390535,-2.01272158965,,,,-2.86829106571,,,,,-2.22971672457,,,4.09857355338,,,,-3.66139456234
BLOO25,"BAG6",ENSG00000204463,12.025060,-3.69551386506,-1.40475513865,,-0.0290800971231,-7.85721946776423,-9.03663753847,-1.58731641725,-1.81708429594,-1.98485942581,-0.0638368085887,,,-2.37115224002,-1.24080808791,-3.56207922572,-3.45194613487,-4.79098305268,-2.41288219377,-3.98943303733,-1.49143858034,-2.71064584825,-5.02566686198,-4.1718576363,-2.62027218823,,-2.44030305494,-4.10917583399,,-0.473997576506,-1.60960129891,-4.45556647678,-1.49589855229,-3.02777240003,,,,-3.59273283153,,,,,-0.90484443298,,,-0.704019458597,,,,-2.32033324194
BLOO26,"BAG6",ENSG00000204463,10.102351,-1.89128231907,-2.26183129539,,-1.3777527833,-6.88762331874138,-8.11133501438,-3.91121602987,-2.62262146499,-4.11482791492,0.369715099532,,,-1.66283303089,-2.59822674592,-5.04870305662,-4.0222046559,-4.38264384643,-1.52152341672,-3.63729042199,-4.72333756543,-5.26246089356,-3.28888429067,-4.87844103678,0.153515136408,,-2.61795396931,-0.911643727455,,-3.10078938432,-4.64654218117,-5.64010158349,0.656994798238,-3.0409579741,,,,-3.67750141451,,,,,-1.27398306768,,,-1.09653988174,,,,-3.96733113
BLOO27,"BAG6",ENSG00000204463,6.048944,-0.0850511987351,-1.6500878674,,-1.3261577536,-4.207507085009271,-4.77586410467,-3.25353760441,-1.90004243076,-3.32110809966,0.705712915394,,,-0.515107213757,-2.09075766036,-3.76789699705,-2.75195374342,-2.3836772997,-0.265451616441,-1.97996528407,-4.46815596771,-4.42215635381,-1.38296516526,-3.39110797083,1.95437021552,,-1.6245707688,1.24089242139,,-3.03814775769,-4.27214585773,-3.97746838796,1.80238476769,-1.63594461036,,,,-2.23190554566,,,,,-0.958808756172,,,-0.796141579027,,,,-3.30322075724
BLOO28,"BAG6",ENSG00000204463,17.238147,-0.412980990596,0.0460574807608,,1.58064347182,-1.226472172330928,-3.60384049388,-2.90010578534,-3.5721574201,-3.986944621,1.41103360685,,,-1.31607688629,0.162575089741,-1.8596361413,-2.34183167853,0.264515197122,2.60320533489,-0.867963383586,-1.84290136193,-2.74070437786,-3.79468724932,-3.55980250418,-2.88095039161,,0.381466340485,-0.332505921958,,-2.3416834178,0.770874027198,-2.98513164126,-2.20924779514,-1.63663257607,,,,-1.06372066945,,,,,4.04893256838,,,-0.69103654709,,,,0.0817838784751
BLOO29,"BAG6",ENSG00000204463,19.985563,2.86650012182,0.865401527197,,-0.509026768394,-7.165187189882415,-6.68887307682,0.18559754444,2.66822139092,1.19505765596,0.112159400074,,,1.15794787299,-2.44044596402,-1.70298173153,-3.09708279542,-0.340599824507,0.98087631938,-0.957475973183,-4.78533090646,-5.08664651428,-3.24092499629,-1.28761988926,2.93668826254,,-0.174978504813,5.89969258254,,-2.48021043056,-4.01075335209,-0.352444792917,6.01141629444,1.05337226611,,,,-0.643902317747,,,,,-1.42168542048,,,-3.09249522468,,,,1.31939897693
BLOO30,"BAG6",ENSG00000204463,49.084004,5.29276410875,4.56145916659,,7.10991722841,-3.1791826785641675,3.02772612448,10.3611078752,11.8540788906,11.3308518209,3.22862042794,,,2.75211184344,7.47456155834,5.14564157058,4.7891173076,-2.33942164804,3.1356974282,5.10914219536,7.13182767371,7.51321758204,3.74224181717,10.9348876485,2.42104813706,,3.1325936992,4.15137923751,,10.7673433263,3.83792383055,11.2410012778,6.08363059142,7.59816262275,,,,8.49397960286,,,,,-1.32941964014,,,1.9856862668,,,,4.90845211999
BLOO31,"BAG6",ENSG00000204463,12.272988,2.03859341051,1.75434383161,,-2.9032811437,2.7213042718819587,1.09997280133,-3.21785049782,-2.71625737535,-3.31148682149,-0.482326352683,,,0.173118183174,-1.80495577925,-1.31660185778,0.12900556221,3.74742420502,-0.683814778462,1.21365558964,-1.76176882401,-2.79488858348,-0.937835819298,-0.689039257579,0.407394240114,,0.621215571242,1.99312253168,,-3.47197213862,-1.87948293329,-2.51614649062,1.84445629384,-0.456388884964,,,,-0.18852904238,,,,,3.66350736281,,,-3.61249672009,,,,1.12665176102
BLOO32,"BAG6",ENSG00000204463,9.973344,4.29758779466,2.43313195094,,0.792605543875,4.06412337969138,4.74133463243,0.433499538569,2.15023674445,1.10209834396,-0.347323959164,,,3.52963214064,-0.184725634729,2.93171978166,3.30769129807,2.92699441423,0.814164210789,2.93008580758,3.09437116231,1.88100312659,4.2673830364,2.99100897806,0.383084284773,,2.59214936568,3.89943217062,,0.258667900879,0.20349665311,2.2758720474,3.62146416762,2.37057359299,,,,2.97405200133,,,,,2.08673853287,,,-4.07925817248,,,,3.55707597397
BLOO33,"BAG6",ENSG00000204463,13.482778,1.54118264318,3.65003328205,,6.17102740875,0.6690689452275957,1.60806968305,4.23386043469,2.74301275708,3.00884541989,4.91934868322,,,2.60461990388,6.24780406037,1.99054706489,3.67505213496,0.29844323299,3.86995855656,4.28640012982,4.37465688933,5.17774679402,1.65425928273,4.63306385121,-0.274506557767,,2.87526993607,0.422758354805,,4.39969668836,3.5182789428,2.68649611423,-1.15296503209,3.75405537909,,,,5.92416719474,,,,,3.33346023006,,,1.23265272266,,,,2.60343095036
BLOO34,"BAG6",ENSG00000204463,12.492792,-2.49718416086,-3.48615198837,,-1.14822704512,-6.48308051889698,-5.97402249384,-4.93912700575,-2.73197053589,-3.57071785823,-2.40285532276,,,-2.41755478106,-4.52490787656,-3.54632476142,-5.11186883724,-3.79461202118,-2.78791823514,-4.18069675112,-5.62016266381,-6.06246026372,-5.38242010542,-3.44379925251,-2.02187633734,,-3.84721383975,-0.062555854599,,-4.47897820099,-5.55924839553,-3.41331739057,4.28700536494,-3.08785151037,,,,-3.81818084388,,,,,-5.4436946532,,,-2.60243806609,,,,-0.753611017749
BLOO35,"BAG6",ENSG00000204463,13.362040,-2.19868908947,-3.46129730103,,-5.05011850871,4.597073882890149,3.99098655849,-3.71915261464,-4.43087705937,-3.95905021358,-3.97160679854,,,-1.50482096711,-3.45223495309,-0.914293160629,-0.91558072351,1.4883433296,-1.25678502899,-0.733193923293,-3.40826722229,-2.98029724463,0.730972528448,-1.22474548052,-0.46676450668,,-2.9771613757,-0.827920198849,,-4.60119954215,-2.25255841717,-1.58274796288,1.056687177,-3.49231013317,,,,-1.51517742355,,,,,-2.85203396411,,,0.510407582554,,,,-0.536185756737
BLOO36,"BAG6",ENSG00000204463,32.155896,-5.60018546157,-2.67383819287,,1.62168928976,-11.597700160442013,-9.52853639949,2.53344502586,1.97652886423,2.02697888515,-0.7523149935,,,-2.28997912061,0.284966971924,-2.68761785555,-3.66794154255,-7.19372611504,-3.15055001879,-4.36703989459,1.40434649394,0.159487525736,-5.44638529699,-1.12550580395,-2.66719875293,,-4.51401859005,-6.79024882857,,2.94855573076,-2.2968914695,-2.40126969113,-5.55673618653,-2.3216407344,,,,-2.48187782678,,,,,-6.57709662943,,,3.48885748299,,,,-0.617148145252
BODY06B,"BAG6",ENSG00000204463,8.425483,-0.4558970227,-1.00877002911,,-2.43953465798,5.124977154753641,2.95608191387,-2.99624441394,-1.80671187402,-2.39380862855,-1.54895280309,,,0.722050182878,-1.61776039188,0.525457192907,0.320296444251,-0.00661343269186,-1.6959343163,0.261005343665,-0.0966625737508,-0.395791856713,2.06296401122,0.377166706466,0.460909005676,,-0.440401863996,-0.125951832747,,-1.60824922645,-0.550078882436,-0.560614749439,0.764416076867,-0.864955043758,,,,-0.598286356393,,,,,0.899076133432,,,1.33302968806,,,,-0.758989356136
BODY06,"BAG6",ENSG00000204463,7.831473,-0.445496460297,-0.978115670859,,-2.5699070146,4.98404094084515,2.67665814857,-2.95322524785,-1.82148508509,-2.35567462523,-1.46423600817,,,0.500446225987,-1.56406038641,0.370194215428,0.263915193423,0.00882006537416,-1.80324648769,0.14997440321,-0.161717850181,-0.425411014334,1.8440197767,0.255212124091,0.586508970827,,-0.52920389211,-0.246545424228,,-1.41078923251,-0.603403894755,-0.703542095158,0.731365973852,-0.935927701106,,,,-0.689962349459,,,,,0.965830271249,,,1.15733363508,,,,-0.988182992166
BODY07B,"BAG6",ENSG00000204463,9.456068,-0.481488327262,-1.0028472278,,-2.46739609039,5.219197389138665,3.05037121149,-3.05892208192,-1.88597844865,-2.40436496602,-1.53980643876,,,0.734405134184,-1.61408946262,0.583347757598,0.333735979017,0.0539726312792,-1.7340581084,0.261264907265,-0.0530934777183,-0.368028855524,2.07664683931,0.379158950095,0.561277895648,,-0.450222338671,-0.0807013478776,,-1.55971894705,-0.550604495075,-0.546572099868,0.624967546981,-0.858595480836,,,,-0.657650338151,,,,,1.03289755713,,,1.35034787164,,,,-0.746275422938
BODY07,"BAG6",ENSG00000204463,8.551479,-0.475708383582,-0.960993378471,,-2.58665974018,5.094084077666691,2.79633968712,-3.03289285324,-1.91260278444,-2.37971118475,-1.4434271269,,,0.530831136247,-1.55475364947,0.446102467844,0.290260223914,0.0804319239517,-1.83825303939,0.161674436161,-0.0998050387702,-0.389028094853,1.87149098206,0.25824060507,0.700753018938,,-0.528564911838,-0.186140193583,,-1.36719231846,-0.60819479765,-0.679637302423,0.592631197921,-0.922033489028,,,,-0.746803310436,,,,,1.12674724112,,,1.18827503661,,,,-0.96305849695
BODY08B,"BAG6",ENSG00000204463,15.096807,1.25133248642,0.00599036096026,,-2.59848333932,5.788676731951013,4.68366511515,-1.83990629382,-0.577215874585,-0.845480390921,-1.46881609293,,,1.04075974507,-0.992497142037,1.23601751376,1.40853775636,1.2745498638,-1.16382065522,0.826787060963,0.48112809617,0.570503525029,4.0548449906,1.25417037995,2.69826662135,,0.186654628353,0.717638705672,,-0.443704727107,-0.14903997188,0.95107310294,2.91547234224,-0.129112416581,,,,0.437785497385,,,,,1.51826561627,,,0.185896832917,,,,-0.623161320086
BODY08F,"BAG6",ENSG00000204463,10.464415,0.114789882374,-0.345161174746,,-2.77775455253,3.534073351883996,2.98128867227,-2.51097083737,-1.48874219984,-1.75929580162,-1.50271591503,,,-0.311148328295,-1.47216646793,-0.107208615196,0.287731296883,0.775700161725,-0.909656593489,0.113777507092,-0.109286514189,-0.475585723608,2.16911188111,-0.554498378702,1.99476016046,,-0.716424033927,0.146377208866,,-0.56144617434,-0.513201661329,-0.247729534028,1.93527915557,-0.921427970141,,,,-0.58454036503,,,,,1.10722762769,,,-0.216689567256,,,,-1.94556495379
BODY08M,"BAG6",ENSG00000204463,9.582445,1.62126751055,0.303812335538,,-1.1973898111,4.934397508107979,3.8894360817,-0.383422842624,0.481013720586,0.341640606044,-0.73552722838,,,1.69620926664,-0.107813966743,1.78945821779,1.6884621597,1.08542390413,-0.823875599288,1.03769945964,0.753324023207,1.1906249083,3.71828191493,2.19672331758,2.00224834226,,0.867069274687,0.862144044422,,-0.129158744002,0.230410300709,1.51970346748,2.35166134813,0.609790792565,,,,1.10026360158,,,,,1.13993694248,,,0.440358703121,,,,0.807027747986
BODY08,"BAG6",ENSG00000204463,17.013398,1.06759616613,-0.12933610082,,-2.82631008676,5.567551679703407,4.53770808371,-2.04001378013,-0.747460588225,-1.02606296825,-1.59130715783,,,0.768156486972,-1.17133450411,0.947955094902,1.18079078011,1.15501842743,-1.23337458075,0.650557969021,0.343306268393,0.371269968037,3.82597562463,0.975010609526,2.68954009602,,-0.060760283217,0.589422475378,,-0.436425729483,-0.259038494949,0.747611989658,2.84944715913,-0.347247282422,,,,0.228556916759,,,,,1.44499275383,,,-0.0292828999558,,,,-0.959187259598
CHOL21,"BAG6",ENSG00000204463,9.388107,-0.838346866258,3.31006674917,,1.92909636307,1.5770367756423325,1.04729474203,2.37968694354,2.49326969991,2.8147596544,-0.663130270077,,,2.19842596974,4.35995997454,2.97722634734,2.2192542769,0.36505744663,-1.37275424316,1.68834892872,2.77203113508,3.74365094099,2.9984367417,3.588694948,0.844569914183,,1.64363264406,-0.901704337944,,3.89208254194,3.00812287428,4.96355562276,0.413260501483,3.36803079523,,,,3.55845528269,,,,,0.0681100746152,,,2.4773530404,,,,0.851602024898
CIRR01,"BAG6",ENSG00000204463,15.323151,-1.17729960737,0.321665506075,,-1.98466938725,4.272186402328101,1.38537904838,0.346417237155,0.922242825461,0.854900913971,0.473135565085,,,2.88989265288,1.54611892438,3.38307859873,1.4352872511,-0.833244768515,1.55908676961,-0.663805026148,0.613104647744,1.27405584247,3.30400632712,1.43684287083,-1.33492350844,,0.0353376911662,-0.178568763587,,0.898958019298,1.09571458629,4.30141691921,0.687131324701,1.24387185047,,,,1.54320945213,,,,,-1.44658775803,,,8.11261829802,,,,1.20175885102
CROH01,"BAG6",ENSG00000204463,11.023948,-3.15804324548,-1.37755261777,,-0.382450431885,-3.0266829385891407,-2.46240721903,,-1.47219010799,-2.97316345216,-1.3970451355,,,1.18560290922,-1.6357114315,-1.81616583075,-0.76293861866,,-1.33477936416,0.550080655641,-3.17255966414,-1.34466333341,-1.81477295895,-1.55145940862,-0.97722294349,,-2.11594355535,-3.10235403129,,-2.14661852905,-0.91654813002,-3.30448076549,1.48824300986,-2.40444799978,,,,-0.000507436804553,,,,,-4.54828664771,,,-0.616446316242,,,,-3.46138195811
EDUC03,"BAG6",ENSG00000204463,0.655392,-0.87616763777,-2.17090418739,,-2.003064597,-4.127837671226993,1.37413931536,,-2.87056553919,-1.3663079376,-4.07507276535,,,-4.75309155775,-4.29973840714,-2.67473744454,-4.60726499557,,-1.54555993824,1.33757411209,1.70577919653,-3.74847924639,-4.60970526944,-4.24934925691,-0.269597612094,,0.0972646852485,0.653425356557,,-0.0153892434888,-2.76844941371,-1.68620839348,-0.613819049881,-1.28976603878,,,,-3.70569463596,,,,,2.54418012376,,,0.00626661162823,,,,-1.86865508415
FATM02B,"BAG6",ENSG00000204463,7.407146,-0.698863971585,-0.542480251602,,-2.19168931378,4.278508349230833,1.81436566828,-3.84516943476,-2.3673139606,-3.4365287899,-1.15238273646,,,0.538931741338,-1.57991272727,0.0892803623908,0.408349547672,0.0272261279111,-1.34253465192,-0.05293259405,-0.347461776874,-1.00220002763,1.97308809297,-0.0256379529446,-0.330479115185,,-0.321599507662,-0.250438390874,,-2.63980230322,-1.10372306853,-1.32304137807,0.641667548506,-0.886916828712,,,,-0.523145941397,,,,,0.739221986524,,,0.24710024062,,,,-0.493226067014
FATM02,"BAG6",ENSG00000204463,8.596262,-0.755466823701,-0.633098124446,,-2.47211553678,4.2093424047637065,1.51422624254,-3.95632334976,-2.53819862956,-3.53082182217,-1.19833548244,,,0.22189757661,-1.63470594858,-0.140441213889,0.258306611174,0.0257542436573,-1.48114320577,-0.195061350571,-0.474878045033,-1.10112971355,1.75726341371,-0.150288992372,-0.135598676627,,-0.481987421304,-0.461858102911,,-2.52769236794,-1.17709232759,-1.65561116561,0.570701434324,-1.06357398432,,,,-0.740741275519,,,,,0.801399066698,,,0.00417782160632,,,,-0.788584493098
FATM03B,"BAG6",ENSG00000204463,8.448318,-0.767813191964,-0.594676744794,,-2.25877621888,4.352187156254715,1.85713350434,-3.92582380832,-2.45921334727,-3.46047397002,-1.19802909532,,,0.512867530714,-1.62107392523,0.0940651986888,0.365995571136,0.0505782118256,-1.39749186232,-0.0802813996341,-0.359259909408,-1.01065115839,1.96911252936,-0.0436031255315,-0.240547630131,,-0.378378748852,-0.280507252311,,-2.60046737605,-1.11755394823,-1.33785553896,0.540058369403,-0.938127726974,,,,-0.630766014048,,,,,0.805858770946,,,0.235574721123,,,,-0.499967902518
FATM03,"BAG6",ENSG00000204463,8.515771,-0.836092891883,-0.686419233151,,-2.53171400992,4.290349987341311,1.57656759948,-4.06043403602,-2.64806133791,-3.57063610797,-1.24098330124,,,0.202920812977,-1.67845716048,-0.131338577251,0.217382073522,0.0504102857729,-1.54272847838,-0.219370825049,-0.481604220591,-1.10920148064,1.76067543982,-0.173974426211,-0.0297314433856,,-0.53867298133,-0.485272662937,,-2.49752618336,-1.19522782408,-1.66365867652,0.475934904099,-1.11645926464,,,,-0.856142746584,,,,,0.878335844721,,,-0.00437502855133,,,,-0.78564454658
FATM04B,"BAG6",ENSG00000204463,17.358338,0.610649189513,-0.202347370674,,-2.92449340996,5.180362599315454,3.39666149157,-3.4891275165,-1.64899413645,-2.64647301784,-1.56764977845,,,0.463842580094,-1.78022200808,0.368634398921,1.01816402538,1.14795751819,-1.18942258309,0.276215588395,-0.347766885711,-0.624257105629,3.67600423245,0.502767611724,1.83429961558,,-0.192848165924,-0.0570771249974,,-2.05629456058,-1.18085579582,-0.696796853298,2.34648045439,-0.836850545882,,,,0.0173367172998,,,,,0.914935757064,,,-1.78034622661,,,,-1.12132189419
FATM04F,"BAG6",ENSG00000204463,14.166490,-0.734651450703,-1.22339583422,,-3.49456980225,3.093087448466952,1.77531408901,-4.46466749085,-3.02272359246,-3.7465787694,-2.04994808137,,,-1.25811680881,-2.69977682604,-1.19172050612,-0.642132762111,0.261494675744,-1.19509391879,-0.830544964845,-1.20586484637,-1.89004025211,1.72393897233,-1.35910826911,1.36672358286,,-1.50058282222,-0.733627058334,,-2.28104859179,-1.77222887325,-2.33918001899,1.61511074525,-1.83152510112,,,,-1.49915408526,,,,,0.160108569948,,,-1.61633101037,,,,-2.60100483134
FATM04M,"BAG6",ENSG00000204463,7.552935,1.46746990067,0.7616619509,,-1.06156814163,4.515432476395201,3.1771846101,-1.01378049282,0.299763861211,-0.460757257686,-0.420326369066,,,1.71134767881,-0.161375711293,1.52184252396,1.94953526382,1.35603276082,-0.627353215471,1.08657008519,0.54522139187,0.748259703757,3.60177347497,1.85063443268,1.36616994534,,1.00932662776,0.546648101326,,-0.894242609554,-0.125041711661,1.03121345825,1.86112477958,0.40453942503,,,,1.29885467718,,,,,1.12620169565,,,-1.08070928704,,,,0.667780228899
FATM04,"BAG6",ENSG00000204463,16.890388,0.301546858219,-0.529862923969,,-3.30311418896,4.947154716447601,3.21989810483,-3.96822381253,-2.1009005457,-3.0868898248,-1.81603502168,,,0.0392449636424,-2.13999193195,-0.0637241591185,0.620327368783,0.944897038043,-1.3555176969,-0.0508377779059,-0.634320673918,-1.01817953821,3.39995603095,0.0868855575356,1.83211548283,,-0.590081653399,-0.255397235975,,-2.2754454178,-1.43713155969,-1.17689302588,2.32722613654,-1.16869255156,,,,-0.374316706845,,,,,0.707753682461,,,-1.93933747951,,,,-1.56705146276
GLYC22,"BAG6",ENSG00000204463,2.505067,0.417359553506,-0.91923099361,,-3.31987610192,0.5603125356582631,1.78853601302,0.0539097776285,-0.223162724738,0.232110654779,-4.73771258745,,,0.832281379348,-2.19547944932,0.480311673345,0.0686907454074,2.24164009322,-1.08354013559,-0.243517752195,-1.87589261637,-0.929871101351,1.70251973475,-1.51871108203,-0.295538247767,,0.350903873074,1.22609418291,,-1.35236599691,1.6530285848,1.55498774114,0.795135859531,-1.33971807198,,,,-1.09406582382,,,,,0.428388136577,,,0.494306452146,,,,-2.33897332152
HEIG02,"BAG6",ENSG00000204463,6.133677,-2.07921129305,-3.47231130558,,-0.860598181758,-1.4444494237122896,-3.03319174932,-4.38805811803,-3.28010470864,-4.33293675835,-0.0443190738589,,,-3.85872966168,-4.09065028434,-3.40593382652,-3.23167881536,-1.69526768125,-2.56864459968,-3.24147870443,-3.6074203472,-4.5034332259,-4.06041869144,-3.43985068184,-1.52032856899,,-3.72703038768,-3.18810446851,,-4.21708309412,-5.55755940906,-5.19816142056,-0.893910073718,-4.0528740446,,,,-2.57222779544,,,,,-1.81859004104,,,-2.25054097176,,,,-2.92491930649
HEIG03,"BAG6",ENSG00000204463,15.485134,-4.10297272744,-6.70108519829,,-1.50807017964,-6.023706707935374,-4.41426720278,-6.90224176811,-6.05968709113,-7.83299265033,0.632057671974,,,-6.44755491929,-8.55143907799,-8.24118847875,-6.47440665791,-2.8376656437,-2.96448598389,-5.3008216875,-6.95607092818,-9.0403473215,-7.08738427424,-7.10928232738,-1.05823913321,,-6.57123482779,-5.797149646,,-8.41547550687,-7.65680534595,-8.20702150358,0.646383485582,-6.20606089536,,,,-5.24764008951,,,,,-4.54596401185,,,-1.54631491445,,,,-4.02610904971
HEIG04F,"BAG6",ENSG00000204463,5.539298,-1.70746462014,-1.71555069135,,-1.07677111273,-2.5571068478269963,-2.69741252895,-3.18510118192,-2.20073883144,-4.09394177646,-0.657708152806,,,-2.97483991555,-4.91748387031,-3.74240254867,-3.2582542191,-1.76129997618,-1.91932834357,-2.25758913752,-3.64599861221,-4.58006704642,-3.80491786691,-3.45368195448,-0.803657655714,,-2.44711250149,-2.32190980935,,-4.50444927906,-3.62405221048,-4.68468957932,-0.236050869736,-2.23414160286,,,,-2.40741524544,,,,,-2.52415591791,,,-1.59775213294,,,,-2.68621582046
HEIG04M,"BAG6",ENSG00000204463,7.394846,-2.57848168577,-3.16810060111,,-1.07033658805,-3.2144516762643924,-2.51208782429,-3.48469969324,-2.59331377991,-4.06829202616,0.326537345178,,,-2.96797909214,-4.97365112419,-4.83116512177,-3.84588776978,-1.25861904569,-1.44600863742,-3.29387681277,-3.80719961181,-5.43454249622,-4.1691202996,-4.3526342812,0.767531241991,,-3.67325160821,-2.96287407712,,-4.15534196598,-4.23599658726,-3.33998516953,0.370172525154,-2.71973049424,,,,-2.58557034831,,,,,-3.19805357303,,,-1.94427887338,,,,-1.86645673979
HIPC03M,"BAG6",ENSG00000204463,4.893673,-2.02970257664,-2.95808005391,,1.00594943008,-3.5471808856801976,-3.39602435962,-4.2458395865,-3.83771155517,-4.32977860636,0.251519589187,,,-2.80694655171,-3.99045930806,-3.88608094238,-3.80998592177,-1.0019592199,-1.26723148441,-2.40966817592,-1.95985310942,-3.84632208108,-5.01819889122,-3.86399597571,-1.81946097068,,-3.99062318679,-2.36960874643,,-3.5997197041,-3.51221964349,-4.01749029974,-0.115312293592,-2.97702369662,,,,-2.10483187601,,,,,-2.0635065505,,,-1.60561087037,,,,-2.62395922233
HIPC03,"BAG6",ENSG00000204463,5.426687,-1.96953187769,-3.52641353858,,-0.120550906848,-3.4360116860939223,-1.77328723518,-2.890116347,-3.33644995519,-3.74434396208,0.203281992867,,,-3.41515077952,-3.79709755286,-3.67703114108,-2.58124586621,-0.730545930547,-1.36872714097,-1.93911763516,-1.95634189897,-3.85946651639,-4.20553258408,-3.46186041824,1.12527626185,,-4.37343644357,-3.39466934989,,-3.46460910396,-4.49751085141,-4.80012333557,-0.756328258502,-3.08222494698,,,,-2.63488810377,,,,,-2.99403068899,,,-1.57951374983,,,,-2.78425630715
HIPC04M,"BAG6",ENSG00000204463,4.539373,-1.95488565988,-2.73648992082,,1.24865169334,-3.467720697004061,-3.38588004285,-4.00347960837,-3.63694209258,-4.06667010246,0.686575410401,,,-2.72940665422,-3.9052543401,-3.95777829758,-3.77393898607,-1.10039182911,-1.13776146004,-2.39826610619,-1.9664824058,-3.83255084467,-4.938073038,-3.85893835944,-1.92450218558,,-3.94335197339,-2.32305456711,,-3.43319118867,-3.42598851429,-3.85141013032,-0.346696793232,-2.90586078371,,,,-2.064690621,,,,,-2.07451108571,,,-1.58001501934,,,,-2.37543329733
INFB01,"BAG6",ENSG00000204463,25.049470,-7.32308293305,-2.59847593603,,-5.17041945578,0.4557793303924858,-3.33690495009,,-3.74430275128,-8.07921229523,1.15369796753,,,1.19606748046,0.509781360626,0.708933376568,-8.96202468872,,-8.3143280037,-1.31381976354,-4.06332896346,3.91355697186,1.28078499462,0.788676123659,2.60616898923,,-2.21778081557,-5.11788824677,,0.302398012415,-5.38222169789,-6.34420488948,-1.88922271861,-3.32430138334,,,,0.527624592898,,,,,-2.76768575227,,,-0.836499750614,,,,-5.8134230803
LEAN04B,"BAG6",ENSG00000204463,25.858738,-3.58942943376,-3.90932172254,,-6.99405068419,1.0745476045535611,-2.10426277064,-10.9541941491,-8.9046465138,-10.6209857982,-3.35761294488,,,-4.33346357389,-6.49485679802,-3.65554503959,-3.75442657224,-0.404030607444,-3.97031039941,-3.81128149804,-6.01814606333,-7.66786540992,-2.67689029663,-6.83932004819,-1.98451811001,,-3.89459449484,-2.57237111995,,-9.08190917079,-6.3089372971,-8.12112179563,0.177595327862,-5.86904724035,,,,-5.65578378026,,,,,-1.47579275152,,,-1.29905877072,,,,-4.23084771575
LEAN04F,"BAG6",ENSG00000204463,18.947345,-2.97186536636,-2.60862107085,,-5.38250064237,0.07876354533745107,-2.73377771281,-8.44722025205,-7.1818427702,-8.37744599626,-1.87635664367,,,-3.63935690438,-4.28959620761,-2.66830129348,-2.66091499855,0.0992724490574,-2.7943877194,-2.7940285545,-4.44445430622,-5.65054943553,-2.2896407403,-5.46418314879,-0.686329303541,,-2.89285792541,-2.34841578246,,-6.58469774283,-4.94087956401,-6.23967900035,-0.161975980591,-4.61109171771,,,,-4.4859417188,,,,,-0.549754036494,,,-0.25934894193,,,,-3.87686433902
LEAN04M,"BAG6",ENSG00000204463,18.986826,-2.23907553325,-3.31623921911,,-4.92155342688,1.7915591239665134,0.0684528938799,-7.69563620923,-5.81450994944,-7.20055195135,-3.35538487076,,,-2.63259520739,-5.56352007726,-2.78632150841,-2.96786859533,-0.865209638701,-3.16322687672,-2.88068939128,-4.50191087183,-5.75422622354,-1.56649985015,-4.5463328343,-2.56871286177,,-2.8934234632,-1.2891182711,,-6.95607088846,-4.3306453547,-5.733044596,0.541632308701,-4.00547211934,,,,-3.80165952188,,,,,-1.86352806316,,,-1.95076820257,,,,-2.1131945488
LEAN04,"BAG6",ENSG00000204463,23.516727,-3.27037285385,-4.03463003478,,-6.66397980196,1.5099379093156986,-1.22388792401,-10.3595132048,-8.14376340509,-9.89438235791,-3.75799864877,,,-3.95889821226,-6.73676236556,-3.66025231619,-3.80733598274,-0.805718456692,-4.01576802365,-3.7986520974,-5.9322101157,-7.49173005647,-2.50316235674,-6.35008947224,-2.46715249389,,-3.84336627449,-2.18984895358,,-8.84966878748,-5.98363845617,-7.71794736416,0.413794153576,-5.52759947898,,,,-5.28316108222,,,,,-1.88946121452,,,-1.84740122529,,,,-3.57796155415
LEAN05B,"BAG6",ENSG00000204463,32.396845,-3.48001979671,-3.80421394846,,-6.87441968371,1.1918907903606362,-1.99381775638,-10.9104633127,-8.8398114842,-10.5298123683,-3.30194270576,,,-4.23280786177,-6.41787829666,-3.46391947945,-3.65205585904,-0.232125918933,-3.93109674299,-3.64687157296,-5.86100991947,-7.51139599936,-2.53572476036,-6.70288851219,-1.9597291645,,-3.75842939092,-2.43221854454,,-8.91373100677,-6.23077564255,-7.97558859741,0.120041301674,-5.72928797711,,,,-5.57767377635,,,,,-1.24264199047,,,-1.30760636754,,,,-4.08934725594
LEAN05F,"BAG6",ENSG00000204463,16.141162,-2.85562670686,-2.49890493217,,-5.26439330743,0.23341510723842968,-2.57645735453,-8.45516872825,-7.14630994321,-8.32908543177,-1.82056486575,,,-3.51371778012,-4.22494532858,-2.44718543706,-2.54043416021,0.313982736229,-2.74769986073,-2.60511542666,-4.28042378771,-5.49901188334,-2.11324281897,-5.33817117727,-0.688604765429,,-2.72920725274,-2.18809984832,,-6.45457464176,-4.88722720527,-6.10382210775,-0.187594489503,-4.46144478053,,,,-4.40065388449,,,,,-0.276877265594,,,-0.284466285738,,,,-3.71532317858
LEAN05M,"BAG6",ENSG00000204463,19.770216,-2.2154340463,-3.30170620097,,-4.89447652881,1.7985185792757878,0.0558801064303,-7.63928653484,-5.76991469708,-7.13465660585,-3.35675518873,,,-2.63831149866,-5.54860661881,-2.76886657442,-2.97025452475,-0.868352701934,-3.17563894497,-2.86666908493,-4.47320383886,-5.71529163876,-1.56789402429,-4.4979943049,-2.54144677493,,-2.89446568936,-1.26658024907,,-6.87156196213,-4.28360533109,-5.68880582635,0.478732677134,-3.98287246932,,,,-3.7976729815,,,,,-1.84515773906,,,-1.94604314619,,,,-2.09223440739
LEAN05,"BAG6",ENSG00000204463,23.586315,-3.1941058615,-3.96243681173,,-6.59123565685,1.5891495287106163,-1.17169804215,-10.3114932535,-8.08021664998,-9.81472835818,-3.73082755749,,,-3.89440036267,-6.68942179306,-3.53239381157,-3.7471027749,-0.695408976921,-3.99729470988,-3.69532859165,-5.82176630146,-7.38039867547,-2.41571573306,-6.25040676915,-2.43663179176,,-3.76197423712,-2.09415596012,,-8.71197512544,-5.91572465521,-7.61818723183,0.346120054203,-5.43844425466,,,,-5.24258583904,,,,,-1.73720783359,,,-1.84540035609,,,,-3.49087162194
LEAN06B,"BAG6",ENSG00000204463,52.702218,-4.29973672006,-5.60891453772,,-8.8845365379,0.0026233906641555103,-2.66882466584,-13.0417012157,-10.2916298099,-12.0136912226,-4.7997561254,,,-6.36986939895,-8.63284794698,-5.80005392252,-5.57114211869,-1.02062312964,-4.88929506358,-5.59592745552,-8.10242244706,-10.2449733435,-3.44900834504,-8.71890558626,-1.33967933733,,-5.64044118916,-3.71164335351,,-10.7755419249,-8.69748062258,-10.4619829557,1.71071173649,-7.57569629213,,,,-7.5430695193,,,,,-3.02867309944,,,-3.94033218336,,,,-6.847886874
LEAN06F,"BAG6",ENSG00000204463,30.723125,-4.48396155551,-5.26480050883,,-8.00027671459,-0.28342645338005445,-2.57416753224,-11.1370609687,-8.73059454266,-10.3838924801,-4.47775818509,,,-5.91639256046,-7.53148949601,-5.43042921472,-5.19500386076,-1.3693650311,-4.39699535486,-5.06843133909,-6.9789521772,-8.78409268441,-3.18460082148,-7.73585837883,-0.894442959007,,-5.53061392833,-3.61524152309,,-8.97368171781,-7.33259156192,-8.98885980795,0.639631544276,-6.91790473947,,,,-6.85262645723,,,,,-2.8468086717,,,-2.23374594074,,,,-6.65618507833
LEAN06M,"BAG6",ENSG00000204463,23.568636,-1.35193678837,-2.68235982355,,-4.77858648671,0.4480413835886389,-1.16813351055,-7.96766933629,-6.372663387,-7.14191832145,-2.34005260295,,,-3.14405320308,-5.02465585282,-2.7960313711,-2.71934580716,0.153544403745,-2.64208628256,-2.9660839851,-4.8576313689,-6.2058088748,-1.72980675086,-4.87139585877,-1.21225408748,,-2.32663552565,-1.56277767859,,-6.93937680593,-5.46371833554,-6.30306395027,2.33891328813,-3.92431316619,,,,-3.96473106798,,,,,-1.44420562183,,,-4.18742427349,,,,-2.91465350503
LEAN06,"BAG6",ENSG00000204463,38.018752,-3.31470331141,-4.85255718758,,-7.90447122792,0.22789370495750955,-2.29197707027,-11.9183161523,-9.41080573796,-10.8525449436,-4.19626902305,,,-5.55227473461,-7.86039765433,-5.00718170572,-4.85198117537,-0.641277532966,-4.33597003428,-4.95541163167,-7.43768755162,-9.36788828806,-3.03012470469,-7.72255982887,-1.3947074302,,-4.68632929192,-3.10271967003,,-9.96273956173,-8.06553496808,-9.53454935602,2.1855238339,-6.67934324974,,,,-6.64505733736,,,,,-2.61398176803,,,-4.60940272602,,,,-5.69573293542
LONG01,"BAG6",ENSG00000204463,0.791129,0.563687517142,0.262097501784,,-1.43328760926,5.139733534866818,2.51865047692,0.0631348592645,0.847256419964,0.400882894328,-0.918838360408,,,1.20056269124,-0.0384350901545,0.53386386989,1.40721196506,-0.388572117365,-0.568747520861,0.958437306592,1.20807302253,0.854603268767,1.96290272113,2.38814234433,0.816011890912,,1.16276895852,0.664238246586,,0.352425521873,-0.579750275525,0.725577898391,-0.972826943421,0.489266683667,,,,0.954367654912,,,,,2.04520363652,,,-0.866609117522,,,,2.1212055723
LONG04,"BAG6",ENSG00000204463,3.688458,0.563687517142,0.262097501784,,-1.43328760926,5.139733534866818,2.51865047692,0.0631348592645,0.847256419964,0.400882894328,-0.918838360408,,,1.20056269124,-0.0384350901545,0.53386386989,1.40721196506,-0.388572117365,-0.568747520861,0.958437306592,1.20807302253,0.854603268767,1.96290272113,2.38814234433,0.816011890912,,1.16276895852,0.664238246586,,0.352425521873,-0.579750275525,0.725577898391,-0.972826943421,0.489266683667,,,,0.954367654912,,,,,2.04520363652,,,-0.866609117522,,,,2.1212055723
LONG05,"BAG6",ENSG00000204463,5.144723,-0.115432341924,-0.597836089117,,-2.53969705721,4.953117967963225,2.3709160526,-0.449240698399,0.685843341008,-0.0722153767508,-2.13936570136,,,0.374774829326,-0.88308302262,-0.704003661171,0.495305631097,-0.894711650245,-1.48895189451,0.0252277297704,0.265127988815,0.0162642601436,1.56183618782,1.78176836525,0.363546037674,,0.342560593893,0.149012757358,,-0.289763258455,-0.29042855537,0.482138101662,-1.14374559674,-0.607870579583,,,,-0.0173681627258,,,,,1.15594907575,,,-0.638853964806,,,,1.51455634285
LUPU01,"BAG6",ENSG00000204463,1.450813,-1.27269039899,-5.56251515715,,-13.4075300906,10.055925536342334,-0.827284655815,,-6.56231884368,-3.9630400354,-3.95759105682,,,-6.26538177179,-4.55728149414,-7.15623689759,-1.83167624474,,-2.99172429508,-0.417449840798,-0.392001073484,-8.37696332338,-0.870557919827,-4.35027043539,2.22738594159,,0.115199104785,-0.285322110947,,-1.93675486466,0.386423557489,-1.77707323154,5.87713836337,-3.04883191297,,,,-6.98957471657,,,,,7.37513181478,,,0.799576818943,,,,9.08029051579
MENO01F,"BAG6",ENSG00000204463,18.636858,6.04403607606,6.13271091566,,5.45671620233,1.3659950053022374,2.09815315006,6.7768937902,6.78312949414,7.6061948448,1.34852023617,,,4.70708301345,6.89555362089,2.77906910186,2.71876027832,-0.732825099441,3.97900595355,4.86094590638,4.12286305464,6.99105332649,1.91227009037,6.59307881719,3.56707437335,,6.36130712685,4.24015460852,,7.41075045662,5.99737402228,4.93190238583,-0.958076468236,5.41440621046,,,,5.31494417091,,,,,4.09084909019,,,0.192691152483,,,,4.91736917374
NEUR02B,"BAG6",ENSG00000204463,6.016468,1.35537453833,0.845748165346,,2.13133968502,-0.7287439921620644,0.995539008544,4.31822900511,4.45526533483,4.29379054924,-0.0761878851238,,,0.925999880232,1.46978109376,1.13328538655,0.767807415249,-0.296535240491,-0.699549926806,0.988444372234,1.50672735384,2.02881618742,0.660039404739,3.09675849183,0.0649384848624,,0.789135268156,-1.285753794,,3.51898135471,0.206428447165,1.27438112351,-0.284697696405,1.74427208311,,,,2.16396040529,,,,,0.556571451437,,,-2.22693013568,,,,2.02800238555
PRSC01,"BAG6",ENSG00000204463,72.429761,-7.35169128444,-6.02625889807,,-17.0967227285,15.647949084300924,6.47963236627,-14.330995842,-11.9356307552,-14.598391548,-7.5517328784,,,-1.5652429935,-11.4951666963,-5.93970484839,-3.15633079538,1.22824697977,-7.99180427144,-5.76381567773,-7.99636186635,-9.99492597202,0.812611763185,-9.20110100583,-2.31500674847,,-3.16137110173,-1.38129317193,,-15.6401393808,-7.68699758114,-13.4466796544,-1.35547053181,-14.6995318156,,,,-7.93871626784,,,,,1.85942368555,,,-8.70043926306,,,,-7.42664141313
RHEU01,"BAG6",ENSG00000204463,51.362931,3.34387729285,2.23130887549,,9.32305132525,22.27351728277841,16.1261965499,10.4588432118,18.9993850289,11.1224025037,-0.586939571917,,,12.3560904564,8.20334628254,13.0553469407,11.5605835352,-6.19158165436,3.22849717206,8.78531449427,16.7147076633,17.468239049,15.4195133025,23.9614945103,1.69098776846,,4.6890944718,-1.46822522818,,15.1210779416,4.69228370483,18.1683236683,-3.86600121276,8.55610797129,,,,12.9348635504,,,,,-0.543279746858,,,12.5152925146,,,,15.7683595466
RHEU02,"BAG6",ENSG00000204463,64.213007,3.34387729285,1.66358821774,,9.32305132525,22.273517282778407,15.5586706044,10.9926782978,20.6906362396,12.1942248045,-0.586939571917,,,12.7990812669,8.20334628254,13.0299257756,11.5605835352,-6.19158165436,3.18049353728,8.68978032438,14.5839321063,17.468239049,14.5241906342,23.9614945103,1.82968391957,,5.53114027459,-1.46822522818,,15.6719425401,4.69379570045,16.8303478656,-4.25871878124,7.31030373641,,,,12.9348635504,,,,,-0.543279746858,,,12.4268807573,,,,15.6949116244
SCHI01,"BAG6",ENSG00000204463,0.525565,-1.24966976337,3.75253053827,,4.12761072525,-0.4508071167557775,0.928002776991,,4.8238553713,2.84881275214,6.61836242676,,,4.59795602728,7.03049659729,5.83820368898,-4.04690170288,,1.39253335273,1.42554402351,0.58291189014,5.1799887594,4.31405755519,6.9290800595,1.02717154178,,1.18666265681,0.151668725732,,2.59942050907,-0.200126059644,-0.223668090624,0.953149214542,3.26814930769,,,,5.43298087394,,,,,-2.42729578522,,,1.02153718472,,,,-1.68719527523
SCHI02M,"BAG6",ENSG00000204463,0.789869,-1.30006617142,4.06215346387,,4.69651926091,-1.0853829467192713,0.677125873259,,4.67745920054,3.26653898756,6.21910476685,,,4.76909617371,6.56930685043,4.9673234937,-3.16421842575,,2.2968192126,-1.40443810725,0.400016496259,4.60943845516,4.00818447983,6.48936814246,1.00697265182,,1.56836773956,-0.145201561922,,2.90857233222,-0.535299851935,-0.442204424282,1.28615050664,3.3348253915,,,,5.62750466864,,,,,-1.58749880807,,,0.142227888107,,,,-0.969738271802
SCHI02,"BAG6",ENSG00000204463,0.510900,-0.786717461438,4.12763606946,,4.51141716369,-0.4494562842144303,1.41985103361,,5.06059810945,3.38018154772,6.91318225861,,,4.68871199689,7.20618772507,6.16160979587,-3.94671726227,,1.7334091159,-1.6137076297,1.04908932393,5.11395232851,4.42542939386,7.15722123098,1.52128116068,,1.70366547489,0.50441382913,,2.71687516281,0.228987562109,-0.0489034868734,1.03070314254,3.70780812238,,,,5.62070885401,,,,,-1.9275415292,,,0.944332063198,,,,-1.78919824188
SCLE01,"BAG6",ENSG00000204463,11.994348,-5.39024925232,,,,,,,,,,,,8.86317987173,5.86255455017,6.98014829902,6.94663545498,3.45573234558,-3.13051509857,-0.886589407921,4.71195877903,5.3184929618,9.41841473789,,3.32586313069,,-0.886589407921,,,,-2.53890514374,7.45620536804,2.87129020691,,,,,,,,,,,,,,,,,
TRGL03,"BAG6",ENSG00000204463,9.006379,0.194629708147,2.20807527683,,4.74809459035,0.6051695822859767,0.852923882762,1.69344476097,2.63190327278,2.51389655466,0.659988717769,,,2.57690806353,3.23225501132,3.1574745368,2.2429055539,-1.52164373227,0.00524789930657,1.14860956031,2.81861336291,3.6452567302,2.23892993072,2.277837763,-1.25865030795,,0.996364873435,0.719875335794,,2.96982485935,3.32376764688,4.24693656956,2.23066001543,4.0774991836,,,,4.2118840604,,,,,-1.97674954325,,,0.4460850279,,,,1.22176179018
ULCC01,"BAG6",ENSG00000204463,27.390107,-8.29366219042,-2.94360264506,,-7.29561916635,2.784468901327814,-3.37677914184,,-4.47680092212,-9.73704758352,2.74843788147,,,0.817108464051,2.04120969772,2.14339701679,-12.2971382141,,-11.2300616619,-1.93743766668,-3.79224767698,6.24452426299,3.07884869831,2.36304799328,4.30478852108,,-1.86617545586,-5.33573949217,,1.96092106848,-6.65566718335,-6.58805953417,-3.7740257279,-3.3620787236,,,,0.600137542442,,,,,-0.946798042331,,,-0.957926154137,,,,-6.07836871424
WEIG04F,"BAG6",ENSG00000204463,5.796831,-2.51501567183,-2.98409265146,,-1.3875374604,-1.2970937606886035,-2.0756206103,-4.90753976046,-4.13615391863,-5.68394199669,-0.747113891008,,,-3.49139188749,-5.02730679355,-4.75134614415,-3.34821427456,-0.826213269647,-3.0158274121,-3.52431563935,-4.00578772508,-5.19349119395,-3.11483870263,-4.22820848834,0.120470921615,,-3.03251864714,-2.95301976013,,-5.09060208837,-3.99529440621,-4.73885830581,-0.744688506916,-3.36894671755,,,,-3.61316403237,,,,,-2.18784811683,,,-0.918554008409,,,,-2.28775154955
