code,target,ENSEMBL,association,Adipose_Subcutaneous,Adipose_Visceral_Omentum,Breast_Mammary_Tissue,Muscle_Skeletal,DGN_Whole_Blood,Whole_Blood,Artery_Aorta,Artery_Coronary,Artery_Tibial,Heart_Atrial_Appendage,Heart_Left_Ventricle,Spleen,Brain_Amygdala,Brain_Anterior_cingulate_cortex_BA24,Brain_Caudate_basal_ganglia,Brain_Nucleus_accumbens_basal_ganglia,Brain_Putamen_basal_ganglia,Brain_Cerebellar_Hemisphere,Brain_Cerebellum,Brain_Cortex,Brain_Frontal_Cortex_BA9,Brain_Hippocampus,Brain_Hypothalamus,Brain_Spinal_cord_cervical_c-1,Brain_Substantia_nigra,Nerve_Tibial,Cells_Transformed_fibroblasts,Cells_EBV-transformed_lymphocytes,Colon_Sigmoid,Colon_Transverse,Esophagus_Gastroesophageal_Junction,Esophagus_Mucosa,Esophagus_Muscularis,Liver,Minor_Salivary_Gland,Small_Intestine_Terminal_Ileum,Stomach,Adrenal_Gland,Pituitary,Pancreas,Thyroid,Lung,Ovary,Prostate,Testis,Uterus,Vagina,Skin_Not_Sun_Exposed_Suprapubic,Skin_Sun_Exposed_Lower_leg
BFPC04B,"C16orf3",ENSG00000221819,3.337252,-2.24541915717,,,,,,,,-1.87623689186,-4.3691887464,-2.93637039802,,,-5.15774432759,,-3.98317107365,-4.68103783537,-5.42273539976,-3.21554803084,-3.11379471548,-3.90768825453,,,-4.29827711928,-3.34543568071,-2.62747805377,-1.05254935614,,,-2.31284189904,,-4.74666434876,,,,,-2.90138228919,,,-3.42801936069,-2.64634386446,0.068994873511,1.10043623669,-0.745045935992,-0.264330756835,,,,-3.20263272012
BFPC04,"C16orf3",ENSG00000221819,3.340074,-1.93846678586,,,,,,,,-1.70946853478,-4.19736240682,-2.84533498688,,,-5.08699087893,,-4.15214962281,-4.72364109641,-5.41704850036,-3.22776455875,-3.01143053025,-4.16448588541,,,-4.34168494432,-3.13343157706,-2.58929135775,-0.803360348098,,,-2.14090144144,,-4.60323514451,,,,,-2.85307994434,,,-3.54271703769,-2.5224488095,0.416617534384,0.662987481152,-0.790436378617,-0.551549925283,,,,-3.27237517016
BLOO04,"C16orf3",ENSG00000221819,6.545323,1.46915050856,,,,,,,,2.87808624301,1.24177467216,3.21130542638,,,-3.98880426542,,-3.71682893889,-2.64122790684,-3.0703193144,-3.054438746,-4.73424541986,-2.26681493561,,,-0.862076451926,0.486887179287,2.31918781093,0.868510788273,,,0.832341946638,,-0.66698841188,,,,,3.05314786236,,,-0.887582247465,2.02131902495,1.10114870028,3.40809115671,2.96606155813,1.48644405488,,,,-0.370491757391
BLOO21,"C16orf3",ENSG00000221819,4.331605,0.102983887859,,,,,,,,0.881444764246,-0.96206431917,1.08372676761,,,-4.59859870179,,-4.44015424492,-3.62687734649,-3.81392942394,-3.27951269423,-4.93283444076,-3.67397878294,,,-2.41887598546,-0.886195993856,0.442934949372,0.179323013207,,,-0.0910826441431,,-1.99319036401,,,,,1.20790154671,,,-1.66645112961,0.772322686161,0.804464410715,2.51859213006,1.31151649116,0.904921256367,,,,-2.07094918525
BLOO22,"C16orf3",ENSG00000221819,4.976706,0.387257213355,,,,,,,,1.21845647377,-0.541567432723,1.51715107091,,,-4.44808599384,,-4.31470305198,-3.6545878027,-3.64263529601,-3.02507725443,-4.79668738406,-3.28155861762,,,-2.03099579903,-0.62599285573,0.760939377898,0.26937409868,,,0.164484580109,,-1.77889423247,,,,,1.49427510604,,,-1.60341109384,0.946823930685,0.797065486035,2.74361160094,1.69283690235,0.988797659656,,,,-1.66168678644
BLOO26,"C16orf3",ENSG00000221819,2.545445,-3.37097536328,,,,,,,,-2.48906322564,-5.42182918157,-6.75418049993,,,-3.64461539218,,-2.9148550307,-2.01356715196,-3.33951541215,-4.95739230447,-3.07390717733,-4.98171444791,,,-5.1753320749,-5.33934249942,-2.45435431285,-2.01282421437,,,-2.70734049702,,-5.09149263994,,,,,-3.26917883392,,,-4.23525140799,-3.75016269849,-1.41613270146,1.01880407795,-2.77989577085,-0.243976134503,,,,-2.00025134702
BLOO27,"C16orf3",ENSG00000221819,5.004589,-4.17983774398,,,,,,,,-3.53467515241,-6.20014710359,-8.27208863167,,,-3.52921108175,,-2.74084995618,-2.77554651709,-3.68536129673,-4.0945580756,-2.19308702343,-5.410281088,,,-5.97593390369,-5.53659984723,-3.99138030154,-2.40320245757,,,-3.15807472145,,-5.94575299435,,,,,-5.11486690919,,,-4.98285504266,-4.92852837466,-1.39375154149,0.197040185895,-4.18384229585,-1.50588978162,,,,-2.83372180581
BLOO29,"C16orf3",ENSG00000221819,2.789387,1.42438139897,,,,,,,,2.72495555752,5.14185312221,1.9041724324,,,3.87509161754,,1.98208394769,0.782659089997,1.40618391706,3.31143029809,2.6715004998,4.08760009167,,,4.2146284798,0.920325866059,3.38940109268,0.755426104445,,,3.17606893571,,3.34513039711,,,,,3.12781370385,,,1.32435376321,1.9468788786,-0.793250995811,3.6215087379,3.35771532272,3.86247300254,,,,5.18026563467
BLOO36,"C16orf3",ENSG00000221819,6.237359,0.935648906606,,,,,,,,2.28371350952,0.501389457585,2.48410050176,,,-4.29891481282,,-3.89851890813,-2.65320086733,-3.34909530079,-3.48241109047,-4.93072158663,-2.8421235082,,,-1.49367995126,0.0581913009407,1.77612326898,0.62060686628,,,0.334148694188,,-1.08388812027,,,,,2.61699980004,,,-1.03732289408,1.70058495911,0.998688853551,3.1619661177,2.37016519191,1.38228861958,,,,-1.02226053643
FATM04B,"C16orf3",ENSG00000221819,3.006665,-2.12644930312,,,,,,,,-2.50937286969,-3.27283992505,-2.60465138532,,,-4.26890032217,,-3.13912367906,-3.67482861815,-4.77207592499,-2.29408685226,-2.08707076303,-3.33894769859,,,-3.3093811141,-3.12917292422,-3.37127987496,-0.888941489955,,,-2.27623433413,,-4.34793458121,,,,,-3.20880521637,,,-2.83605705442,-2.8536056825,0.286858785818,0.0623123401293,-0.843428081302,-1.34327814866,,,,-3.22506098183
SCHI01,"C16orf3",ENSG00000221819,2.890354,-2.45456499717,,,,,,,,-2.55311024481,-4.70434992823,-5.1866950238,,,-1.92794693038,,-1.13561129595,-1.31257455011,-2.93947240763,-2.00205386429,-0.52649833627,-3.20163322492,,,-3.86021213711,-5.32626138459,-1.57173217035,-1.45864304334,,,-2.5288190913,,-3.21974270857,,,,,-2.17376115244,,,-3.23515429733,-2.55796313484,-1.58469123541,0.102758258806,-2.32239991345,-0.838351085663,,,,-1.62669841438
SCHI02,"C16orf3",ENSG00000221819,3.257141,-2.41784077308,,,,,,,,-2.24595862782,-4.953482793,-5.22903350132,,,-2.04008402383,,-0.945812734827,-1.24379919419,-2.65070314407,-2.28506593298,-0.392341624418,-3.47452847408,,,-3.8937004782,-5.64094097254,-1.44665451122,-1.37992650469,,,-2.69269168371,,-3.20734361423,,,,,-2.36909955526,,,-3.18498104133,-2.44177512435,-1.42466119748,0.0977484707127,-2.11243351586,-1.18616300214,,,,-1.97291613177
