code,target,ENSEMBL,association,Adipose_Subcutaneous,Adipose_Visceral_Omentum,Breast_Mammary_Tissue,Muscle_Skeletal,DGN_Whole_Blood,Whole_Blood,Artery_Aorta,Artery_Coronary,Artery_Tibial,Heart_Atrial_Appendage,Heart_Left_Ventricle,Spleen,Brain_Amygdala,Brain_Anterior_cingulate_cortex_BA24,Brain_Caudate_basal_ganglia,Brain_Nucleus_accumbens_basal_ganglia,Brain_Putamen_basal_ganglia,Brain_Cerebellar_Hemisphere,Brain_Cerebellum,Brain_Cortex,Brain_Frontal_Cortex_BA9,Brain_Hippocampus,Brain_Hypothalamus,Brain_Spinal_cord_cervical_c-1,Brain_Substantia_nigra,Nerve_Tibial,Cells_Transformed_fibroblasts,Cells_EBV-transformed_lymphocytes,Colon_Sigmoid,Colon_Transverse,Esophagus_Gastroesophageal_Junction,Esophagus_Mucosa,Esophagus_Muscularis,Liver,Minor_Salivary_Gland,Small_Intestine_Terminal_Ileum,Stomach,Adrenal_Gland,Pituitary,Pancreas,Thyroid,Lung,Ovary,Prostate,Testis,Uterus,Vagina,Skin_Not_Sun_Exposed_Suprapubic,Skin_Sun_Exposed_Lower_leg
BFPC04B,"ATRIP",ENSG00000164053,1.150863,-4.23459708641,-3.87549583061,-4.65784315585,-4.48173912296,-3.161989407043294,-4.91824486231,,-4.10654020309,-4.39289174469,-4.37279002173,,,,,2.58496739374,-0.831111845262,-2.65749722238,,,,,,,,,,,,,-1.80588882789,,-3.96304554234,-5.05817673429,,,,-0.792620795587,-1.45398293964,,,,,,-2.31298007981,,,-2.49840057084,-1.90857684579,-1.69127340139
BFPC04,"ATRIP",ENSG00000164053,1.430298,-4.23641310788,-3.69235280295,-4.63108243151,-4.59698184608,-3.282527079874376,-4.82781445475,,-4.08902740479,-4.41287908865,-4.26022926879,,,,,2.30167880886,-1.0017095354,-2.6152024578,,,,,,,,,,,,,-1.97125028524,,-3.87840570867,-5.0005342242,,,,-0.632133970497,-1.55392541393,,,,,,-2.46881289662,,,-2.57218250809,-2.07238255091,-1.90375406455
BLOO04,"ATRIP",ENSG00000164053,23.041938,-5.64430523358,-0.431371737748,-5.98691194415,-6.70603089356,-4.347461044568255,-4.70873075183,,-5.56030750275,-4.52807289669,-0.878502805464,,,,,-4.15752830707,-7.07745220024,0.863143539745,,,,,,,,,,,,,-6.09339731548,,-1.50119313205,0.249292626907,,,,4.87880445133,-3.36430566815,,,,,,-7.98083716113,,,-4.10411318193,-7.08197107431,-4.817131026
BLOO11,"ATRIP",ENSG00000164053,1.315541,-3.26075739998,-2.50779918663,-2.9951843123,-5.03751944322,-2.8955924235116344,-3.72050607828,,-3.09336590767,-2.67782963257,-1.44401811164,,,,,-3.25824529732,-1.86812754605,0.0472702275692,,,,,,,,,,,,,-8.16381843613,,-2.48847719075,-1.76135382766,,,,-3.40422678003,-2.7664674761,,,,,,-2.66595025315,,,-3.09477938283,-2.66999870313,-4.36608589389
BLOO12,"ATRIP",ENSG00000164053,0.837734,-2.54992257835,-2.11560018844,-1.69096729115,-3.86356393866,-2.69600444841692,-3.14615477038,,-2.48376917839,-1.85345548496,-2.37808610027,,,,,-1.66920395361,-1.36247313578,0.222887586919,,,,,,,,,,,,,-4.83880005832,,-2.35361156939,-1.32287351884,,,,-2.34451033962,-1.49774035523,,,,,,-1.74381719122,,,-1.65106130028,-2.29215766528,-2.63706202097
BLOO16,"ATRIP",ENSG00000164053,2.359052,-3.93275313327,-1.40527496248,-2.30317452983,-2.36445784603,-3.369748690037155,-3.16416056908,,-3.71800780296,-3.50291715835,-4.79511828449,,,,,-0.812576078766,-1.8549086642,-2.52892437194,,,,,,,,,,,,,-2.25850110621,,-4.41913855684,-2.61997458544,,,,-2.25626880056,-3.51203002529,,,,,,-3.95398214297,,,-1.1995626822,-3.39804544903,-3.82580569606
BLOO21,"ATRIP",ENSG00000164053,28.439161,-5.97691506861,-0.969873501571,-6.28404364225,-7.36549491055,-3.888379732341786,-5.37263347181,,-5.91286897659,-4.7549909164,-1.29458796953,,,,,-4.09403220301,-7.0517384519,0.317006950826,,,,,,,,,,,,,-6.83129797435,,-1.78864673602,-0.119367985219,,,,4.94848243048,-3.14438131164,,,,,,-7.70031463374,,,-4.52046245471,-7.22413497615,-4.65291469171
BLOO22,"ATRIP",ENSG00000164053,24.496019,-6.00973185327,-1.16122532071,-6.41284008934,-7.48990227997,-4.0501932078231775,-5.35220881942,,-5.96047878265,-4.88692109486,-1.45177793189,,,,,-4.08000179296,-7.06036543775,0.262576682652,,,,,,,,,,,,,-7.03987527576,,-1.89641934241,-0.128584654154,,,,4.74371273193,-3.36606156267,,,,,,-7.8623146572,,,-4.47077175464,-7.32671978412,-4.89507981613
BLOO23,"ATRIP",ENSG00000164053,12.978811,-4.79756454621,-2.29713420345,-5.53579649553,-6.62424212846,-2.772798153953458,-4.63728288385,,-4.77965068817,-4.20631677754,-1.76830856394,,,,,-2.91440949516,-4.75115766668,-1.03936286671,,,,,,,,,,,,,-6.56513346606,,-1.82027937311,-0.878759301224,,,,3.05755102346,-2.73932222014,,,,,,-5.43950079089,,,-3.90106096181,-5.43029700977,-3.54127962236
BLOO24,"ATRIP",ENSG00000164053,0.677801,-1.43680850114,-0.74402858137,-1.83806220752,-2.4362811206,-0.9946905616269307,-1.46638261224,,-1.2815515995,-1.42071111948,0.55612395156,,,,,-2.40842162042,-1.18765387996,0.0662652948752,,,,,,,,,,,,,-4.80448699988,,-0.753748453224,-1.10256200048,,,,-1.73589169871,-1.97081239512,,,,,,-1.47702910361,,,-2.33417158882,-1.18955549557,-2.63438204739
BLOO26,"ATRIP",ENSG00000164053,4.938925,2.41843502034,3.46030937645,2.32475720421,2.46593482826,2.395492573223144,2.69898326796,,2.4382147789,2.43996912663,4.14017554575,,,,,-0.170285673463,0.170348926726,3.80772665779,,,,,,,,,,,,,4.26561553492,,3.46939130407,2.76262571949,,,,4.76662430641,1.93718947382,,,,,,2.2983314977,,,1.88489019558,2.034034412,3.51111810378
BLOO32,"ATRIP",ENSG00000164053,0.513017,2.18457321534,1.03524436835,2.10933746089,2.51548903231,1.6487256910506252,2.19860181829,,1.99723184109,2.26059855202,0.7632592322,,,,,2.16631837769,1.41065832877,1.07025836863,,,,,,,,,,,,,4.73355378287,,1.48335847202,1.7479045426,,,,1.77899122537,2.58886436177,,,,,,2.37144966379,,,2.39008795985,1.90098900048,3.08086602546
BLOO36,"ATRIP",ENSG00000164053,24.516413,-5.6988622447,-0.270183912234,-5.93633283588,-6.66784058056,-4.202472079876579,-4.83082688369,,-5.61174201965,-4.43241071452,-0.683606898857,,,,,-4.22919176409,-7.19501624501,0.979067796148,,,,,,,,,,,,,-5.91536842919,,-1.43156783368,0.202742096396,,,,5.1693623698,-3.15446212887,,,,,,-7.85735004512,,,-4.32633739876,-7.0921186411,-4.54759722943
BODY08B,"ATRIP",ENSG00000164053,3.385040,-3.81006794512,-3.55978090066,-5.3492591141,-3.93744732393,-2.1258731830039665,-4.44782838449,,-3.6184284687,-3.98375155995,-1.70382382815,,,,,1.92933639755,-1.28461297861,-2.33944468294,,,,,,,,,,,,,-2.29567403724,,-2.94400453068,-5.54150711489,,,,0.627304611275,-0.193810992103,,,,,,-2.09852161278,,,-3.36080688523,-0.595024186699,0.24588555021
BODY08M,"ATRIP",ENSG00000164053,3.024573,-2.98705031127,-3.42132375871,-4.28249118352,-2.60177034527,-1.7817648645170832,-3.65661631683,,-2.85766100883,-2.89087743114,-2.2805391853,,,,,2.35997793938,-0.381188749574,-2.30547503271,,,,,,,,,,,,,-1.41123092625,,-3.04213414799,-4.72883454692,,,,-0.747049555115,-0.321545381084,,,,,,-1.24545790791,,,-2.59131799936,-0.193302005554,0.410070770973
BODY08,"ATRIP",ENSG00000164053,3.136987,-3.77659966752,-3.37003650964,-5.28745662311,-4.0358649407,-2.063675937373601,-4.31892550604,,-3.5814666748,-3.99985443868,-1.45098868366,,,,,1.70280282462,-1.4452708577,-2.22277300632,,,,,,,,,,,,,-2.37632461493,,-2.75463029929,-5.33807917757,,,,0.92021845295,-0.180345257383,,,,,,-2.17677734687,,,-3.34602221729,-0.665628576943,0.189782814227
CHRO01,"ATRIP",ENSG00000164053,1.436649,-3.78555514181,-3.82227879875,-4.84002845839,-3.79333452903,-3.0535120040509067,-3.56814994486,,-3.80816817284,-3.60842936328,-2.51438824311,,,,,-1.10306251049,-2.52007291109,-1.91123457664,,,,,,,,,,,,,-5.85766594039,,-2.89444349872,-3.07383083415,,,,-2.37976665613,-2.31296980979,,,,,,-3.17419642824,,,-3.45758368334,-2.98752296027,-3.2094055283
EDUC03,"ATRIP",ENSG00000164053,6.690093,0.955645646803,-0.488522291089,2.62461840741,1.08798822512,0.13313334541396493,1.65092801476,,0.712750732899,1.96993378267,-0.615894094975,,,,,-4.6317675819,-3.10893546782,-0.479025918682,,,,,,,,,,,,,-3.38105473077,,-0.496349926667,1.99724936653,,,,-6.56565639126,0.109532401313,,,,,,1.66932966157,,,-3.20848204175,-3.01956822563,-3.87684746448
FATM04B,"ATRIP",ENSG00000164053,2.205017,-4.47674817991,-3.31714113744,-4.83372643889,-4.64676319265,-3.761035400473646,-4.9516150618,,-4.36450529099,-4.41829724537,-3.8886373316,,,,,2.04269472952,-1.23359970924,-2.17510192731,,,,,,,,,,,,,-2.17788869944,,-4.29997905391,-5.3892105862,,,,-0.708874154554,-1.7874509784,,,,,,-3.08898390328,,,-3.17814229949,-2.14716617732,-1.97443057677
FATM04,"ATRIP",ENSG00000164053,2.345265,-4.44133088782,-3.06736524062,-4.78064417802,-4.72076784127,-3.7347477352641762,-4.79682336962,,-4.31480455399,-4.40837596497,-3.63524421219,,,,,1.78287548274,-1.34363565357,-2.10167289738,,,,,,,,,,,,,-2.32270075091,,-4.14596586403,-5.23945678414,,,,-0.448619670243,-1.8174950113,,,,,,-3.20994337827,,,-3.19996651073,-2.21827235156,-2.07940919248
OSTE04,"ATRIP",ENSG00000164053,1.440022,-3.88980822956,-3.96109827247,-3.66029931367,-4.4426048622,-3.574688800934958,-4.64483704891,,-3.76943135262,-4.16204826665,-5.96092021435,,,,,0.0947282589463,-1.34607006475,-1.90939991308,,,,,,,,,,,,,-4.13801109019,,-4.40909846594,-4.25745303202,,,,-2.85178963949,-3.56372559923,,,,,,-3.66212421185,,,-2.18593387699,-2.66478303689,-3.68009720808
PRSC01,"ATRIP",ENSG00000164053,3.106233,-2.47750917754,-2.00023318495,-2.56496079425,-1.85107884359,-2.3731708986821083,-2.42289016912,,-2.33844065666,-1.50175195511,-3.38303101148,,,,,0.708366453648,-2.54239177704,-0.973102007523,,,,,,,,,,,,,-1.34710163199,,-2.84741101553,-3.15581727782,,,,-8.73631467421,-1.84487278623,,,,,,-2.10348593866,,,-2.71751815576,-2.43514370571,-2.30646266707
