code,target,ENSEMBL,association,Adipose_Subcutaneous,Adipose_Visceral_Omentum,Breast_Mammary_Tissue,Muscle_Skeletal,DGN_Whole_Blood,Whole_Blood,Artery_Aorta,Artery_Coronary,Artery_Tibial,Heart_Atrial_Appendage,Heart_Left_Ventricle,Spleen,Brain_Amygdala,Brain_Anterior_cingulate_cortex_BA24,Brain_Caudate_basal_ganglia,Brain_Nucleus_accumbens_basal_ganglia,Brain_Putamen_basal_ganglia,Brain_Cerebellar_Hemisphere,Brain_Cerebellum,Brain_Cortex,Brain_Frontal_Cortex_BA9,Brain_Hippocampus,Brain_Hypothalamus,Brain_Spinal_cord_cervical_c-1,Brain_Substantia_nigra,Nerve_Tibial,Cells_Transformed_fibroblasts,Cells_EBV-transformed_lymphocytes,Colon_Sigmoid,Colon_Transverse,Esophagus_Gastroesophageal_Junction,Esophagus_Mucosa,Esophagus_Muscularis,Liver,Minor_Salivary_Gland,Small_Intestine_Terminal_Ileum,Stomach,Adrenal_Gland,Pituitary,Pancreas,Thyroid,Lung,Ovary,Prostate,Testis,Uterus,Vagina,Skin_Not_Sun_Exposed_Suprapubic,Skin_Sun_Exposed_Lower_leg
BFPC03,"TP53I13",ENSG00000167543,3.072122,0.230078881236,0.903986173842,2.21506999859,4.73106685663,3.4136709834831085,0.628755231636,1.53728373891,,,1.0769134822,3.00108535989,-1.12201394409,,,,,,,,,,,,,,1.16532008611,2.09313107976,-3.09919636205,1.13200244262,1.33180247249,0.342581915863,1.1572664614,1.33744896786,,,0.0339321101843,-0.246191515586,,0.380060633175,1.50899505616,-1.2500984723,2.80726458414,2.24906847734,,0.123129676139,,,2.29096462038,1.18775265606
BFPC04B,"TP53I13",ENSG00000167543,6.264729,-1.39819094438,0.376784474568,0.782782912324,4.8237397229,2.931194020755971,-1.03940472526,0.192701488237,,,-0.351664821278,2.95365657111,-1.72306773148,,,,,,,,,,,,,,-0.355646263056,0.573512313703,-5.66057678456,-0.606918667698,0.0292522679437,-0.825890105065,-0.240593808353,0.0232174258581,,,-1.66399843685,-1.3329212211,,-0.900930270021,0.12243416392,-3.4289311093,1.9251865854,2.1408272608,,-1.92088292154,,,1.62404085874,-0.0855770025368
BFPC04M,"TP53I13",ENSG00000167543,5.388946,-1.07872821263,-0.642114844971,0.0336414316377,3.62858173248,0.7430103513108424,-1.03817597133,-1.24589414168,,,-1.3174481023,2.02471492099,-1.8699441154,,,,,,,,,,,,,,-1.31277685978,-0.661233605889,-5.16181792551,-0.553913901415,-1.16561116784,-1.67955709447,-1.2617511336,-1.27433518084,,,-2.3611936923,-1.74947322289,,-1.71385711727,-0.843470108377,-3.85578516168,0.255697862527,0.751021434759,,-2.56694315865,,,0.53740198367,-1.19471757526
BFPC04,"TP53I13",ENSG00000167543,6.031368,-1.37080197552,0.704098855147,0.94848097386,4.83033354898,3.2525777009862726,-0.973161304256,0.619874133715,,,-0.0164014340673,3.07704915321,-1.57781268265,,,,,,,,,,,,,,-0.0316462253871,0.908294468497,-5.46684605491,-0.60287228991,0.379473802181,-0.509543608137,0.0774850200415,0.412771485641,,,-1.34045557757,-1.0958614792,,-0.685859212514,0.411799885315,-3.09807972497,2.26942671973,2.42409033045,,-1.58570908635,,,1.86946043809,0.260571581116
BLOO01,"TP53I13",ENSG00000167543,78.732476,-5.36723953921,-4.77326122988,-13.8785191154,-0.313930747224,0.7321059448065154,-2.69801970887,-6.38105836779,,,-6.09067061802,0.649922816143,-8.90280201601,,,,,,,,,,,,,,-6.57929007724,-4.34915563621,-5.56581884994,-2.8424003582,-6.26241083122,-5.58419558174,-6.24019471365,-5.73953097071,,,-8.49494522085,-8.57748023733,,-4.42690731784,-6.30787570867,-4.84243168653,-4.70059824403,-0.917836178055,,-10.7423644726,,,-5.25425354667,-5.60082843906
BLOO05,"TP53I13",ENSG00000167543,8.993406,4.10234289679,3.37655986212,3.44639236905,-0.866785831996,-2.2481951073461963,4.34976338656,3.31102770243,,,4.08270807477,0.647469252079,2.28746616911,,,,,,,,,,,,,,4.08103808336,3.77837895184,5.75060749417,1.91213613976,3.14511295521,3.1870756165,3.36554680813,3.77838498648,,,3.765730246,4.16937431592,,1.18548180772,3.44395348092,6.13439982387,2.07671200983,1.0861404096,,5.13002015315,,,2.36660596685,3.34266629447
BLOO12,"TP53I13",ENSG00000167543,4.785554,2.26724338018,2.88994055176,1.63954061744,-1.05564354376,-2.81037776721523,2.54192193838,2.90238045682,,,2.68330774014,-0.346842067039,1.17176139021,,,,,,,,,,,,,,2.70481542695,2.18652179091,3.5480775277,0.567749851646,2.4278834093,2.00403103003,2.55431022487,2.7349615532,,,2.54039281115,3.77888031139,,-1.60026492423,1.50830331416,4.72087524741,0.80670414699,0.315056406517,,3.25110563959,,,1.56954528178,2.28356173412
BLOO23,"TP53I13",ENSG00000167543,2.891367,0.384408702244,0.577717334323,1.69971845349,-0.538723720342,-0.5306508596298292,0.563631132108,-1.15028967609,,,0.163156695238,2.93286429052,-1.65505171672,,,,,,,,,,,,,,0.119728218334,0.841602303009,0.433439121868,0.97619233849,1.03316557844,0.170654821752,-0.67363740472,0.141938278062,,,-1.34983491946,-0.151073909877,,3.96391579555,0.768415970791,1.11532671018,0.10636730693,5.15285915954,,-0.316344363044,,,-1.16333210264,-0.0739029026641
BLOO25,"TP53I13",ENSG00000167543,1.611757,0.0679790448868,-1.57039438396,-2.28387212347,-0.48868769525,2.308551128379405,-1.31609628166,0.219155024328,,,-0.632165728536,-3.00479248784,0.554471009979,,,,,,,,,,,,,,-0.551703208947,-1.03308114811,1.09667866354,-1.27098947203,-1.30904832924,-0.327167788906,0.418489240593,-0.782197347356,,,0.743253269933,-0.257131488107,,-3.32197774677,-1.03826378655,-0.219517822121,-0.716832118233,-4.73293215258,,-0.489751829868,,,-0.861387728793,-0.124411876895
BLOO26,"TP53I13",ENSG00000167543,1.721132,-0.614051358378,-2.39527184907,-2.87444577408,-1.72393453279,1.9779892742570908,-1.83227570717,-1.14694544678,,,-1.28584011135,-3.10760697968,0.419858463814,,,,,,,,,,,,,,-1.45452085116,-1.91120159961,0.400376108951,-2.98612545366,-2.74592789027,-1.34687064324,-0.848862692959,-1.78202322347,,,-0.718190695485,-0.0503868941059,,-3.98292542145,-1.89610828763,-0.118396334493,-2.22150073929,-6.2730617924,,-1.02826639229,,,-2.80895519837,-0.95429176456
BLOO29,"TP53I13",ENSG00000167543,123.457884,10.8058953301,12.6484476016,29.8718186821,1.61811519715,-4.6299192540379694,9.11458230897,15.0791725284,,,14.7566056053,2.35613205198,16.1112958121,,,,,,,,,,,,,,15.3505257589,10.5791436238,8.07622749694,7.63774280008,14.3074313149,12.5075288736,13.8196964443,14.0889485599,,,16.8051443205,21.2706792507,,9.28061203021,15.1704954813,11.6956070871,10.5236660905,4.32493852597,,22.5689944947,,,12.1564925317,13.5158397986
BLOO35,"TP53I13",ENSG00000167543,10.295275,0.71966600832,2.4399495262,5.34780217245,0.748656728423,-1.4072376840832976,2.80121485107,1.00411126291,,,2.54729413931,4.03160998065,-1.41598945971,,,,,,,,,,,,,,2.17154313548,2.25244252142,-0.981581507653,2.04859461597,2.63896212642,2.51532728811,0.79295253935,2.93349794295,,,0.410761151932,2.5701149368,,6.73993079914,3.77350207601,2.15923499351,2.25405264698,6.99884692305,,2.27341025108,,,1.61963498389,1.89035677294
BLOO36,"TP53I13",ENSG00000167543,6.960388,2.02946031139,1.58093795168,3.0196965686,-0.901141440138,-0.09753533200761809,0.877910104192,1.64539051741,,,2.0760323409,-0.0841204515168,1.66886036202,,,,,,,,,,,,,,2.05474282432,1.88257461911,3.68120826643,2.09320955925,2.64399545606,2.11464915418,2.24624506663,1.94022841183,,,2.14856776601,2.730321663,,1.0230771171,1.6829291401,2.86038602639,1.1866914519,1.61605892454,,3.26121221697,,,0.173821560425,1.70456990579
EDUC03,"TP53I13",ENSG00000167543,4.350655,-5.29341274728,-2.11320410995,-1.87196664543,-1.32674553312,-1.4849664001827056,-3.69854422918,-1.74405168826,,,-3.22071766948,-1.71059653536,-0.550394063353,,,,,,,,,,,,,,-2.63964887527,-2.75384846959,-3.01331150322,-1.63514544884,-2.84303321149,-2.98362177779,-3.13549305011,-3.09210016062,,,-3.1299155726,-1.46536213746,,-0.630205898671,-2.69341838859,-2.3036665853,-2.58777987918,0.539970805442,,-2.96402559695,,,-3.65337309292,-2.60340175702
FATM02B,"TP53I13",ENSG00000167543,3.370703,0.391300868548,0.896104123234,1.87016744812,4.92174760754,3.501962501819322,1.39287055306,2.1436781605,,,1.43566866758,3.28508399488,-1.2202116423,,,,,,,,,,,,,,1.43079899068,2.20245021509,-2.59267747024,1.29987995333,1.53923715731,0.950293799702,1.54710078217,1.91803071446,,,0.331316416689,0.470416306689,,0.150711955865,2.09182122,-0.618240478479,3.14553333306,1.97111649049,,0.316211174796,,,2.29003097624,1.57235941668
FATM02,"TP53I13",ENSG00000167543,3.531062,0.314555955066,0.97062060962,1.97091548501,4.99660330475,3.95730835246611,1.28026027082,2.34750664224,,,1.55487967085,3.43814642469,-1.10976839735,,,,,,,,,,,,,,1.56970967896,2.37403070757,-2.51870556904,1.24047888126,1.66897028459,1.1175843152,1.66940550018,2.08624119697,,,0.459872787508,0.489808130501,,0.329937603989,2.27103222089,-0.485324972112,3.32956991773,2.18101520133,,0.389021194614,,,2.37524653782,1.71728520235
FATM03B,"TP53I13",ENSG00000167543,3.631155,0.495171605807,1.05209497296,1.93320121032,5.09571139923,3.6608427104642867,1.47200970987,2.23680785981,,,1.54319758232,3.41669224947,-1.30271211836,,,,,,,,,,,,,,1.55075825745,2.32509701808,-2.51339788854,1.49293779563,1.68880537864,1.0877255503,1.66090654526,2.04846892232,,,0.35408080992,0.511250428948,,0.300112077985,2.25396072282,-0.540059405811,3.29230449159,2.1819946007,,0.410252901376,,,2.43535241367,1.66401011532
FATM03,"TP53I13",ENSG00000167543,3.812282,0.440279171725,1.16274601549,2.04510424824,5.18405473906,4.124233391880608,1.37978326396,2.45973145724,,,1.68784185181,3.57678699347,-1.20802574502,,,,,,,,,,,,,,1.7135533414,2.51708986283,-2.40916456959,1.46080913843,1.84703774802,1.28112749764,1.80758311849,2.24793200683,,,0.489451602894,0.547915125747,,0.497955346059,2.46185822054,-0.386311940893,3.49893082097,2.43112983726,,0.505711622297,,,2.54634818734,1.8310734054
FATM04B,"TP53I13",ENSG00000167543,6.467590,-0.595120332372,1.18869641405,0.473418876484,5.28871061943,3.9543721262716667,0.1532150025,1.76081363258,,,0.895074245799,3.82932779752,-1.54005693555,,,,,,,,,,,,,,0.845690340073,1.58893820478,-4.31230940469,-0.235841759797,1.14068823256,0.750294904809,1.10941557417,1.50637731214,,,-0.519275424272,-0.440307247136,,-0.817945792384,1.48084375009,-1.86638947073,3.19072370413,2.74782942851,,-0.966625635589,,,2.56438624197,1.20729790856
FATM04,"TP53I13",ENSG00000167543,6.571509,-0.542651429143,1.49353800056,0.697892003244,5.30686115221,4.236822085985762,0.173492324436,2.11245550522,,,1.1572739186,3.90108354539,-1.46610478505,,,,,,,,,,,,,,1.11107520297,1.88290951184,-4.24902217915,-0.21711132594,1.44740949664,0.98256859684,1.36524659425,1.79466013583,,,-0.296339127517,-0.234208803191,,-0.580355535921,1.68322653314,-1.6166626749,3.47964779853,3.04406837113,,-0.698000751218,,,2.74787355684,1.49575111125
HEIG03,"TP53I13",ENSG00000167543,6.771292,1.75701155962,3.62952917793,0.919640087884,1.11517177426,2.4186794587888927,2.66276793937,5.95509798989,,,5.31482136003,2.72475778636,0.641772270203,,,,,,,,,,,,,,4.92528840009,4.67230763186,2.73873815887,4.68040336362,4.56661046425,5.65767866581,5.3865415696,6.04572915067,,,4.88237299045,4.43341639609,,-2.38456006259,4.76245088776,5.43697634624,4.96755002428,1.98179135423,,3.6507223108,,,4.5668296421,4.94823257767
HEIG04M,"TP53I13",ENSG00000167543,3.080702,2.83311540363,3.55113400914,0.961473163007,1.77502475107,2.097129380081883,2.87695452461,4.3972119619,,,4.87113372019,3.45887024471,0.610436969859,,,,,,,,,,,,,,3.81165749183,4.37419809618,0.989132470846,3.59299998587,4.31032669628,5.27149467158,5.08434407454,4.79770881227,,,3.84003198341,3.41513872516,,-1.33815295086,3.54443321655,3.14777610519,4.86561455356,1.56486260021,,2.74536877625,,,4.20954704883,4.61580097917
LEAN06B,"TP53I13",ENSG00000167543,6.529604,1.4211235138,2.52317327617,-0.151507024941,4.6359239176,5.324851605335772,2.75744769954,4.81047780447,,,3.43675331265,3.90576680456,-1.03680225123,,,,,,,,,,,,,,3.3263420818,3.52967233309,0.191755215377,1.16909127823,3.39309539019,4.13287509406,3.80270176484,4.52807850615,,,2.10794126126,2.12595819525,,0.393354816821,4.2812039049,2.55031719435,5.13059686749,3.12184025779,,1.60440639388,,,3.40277558186,3.75526307552
LEAN06,"TP53I13",ENSG00000167543,8.233097,1.82316640106,2.48688797441,-0.801890334524,4.36808792589,5.087757402649128,2.98905008913,4.74059762916,,,3.52565578884,4.11307231766,-0.941530225827,,,,,,,,,,,,,,3.41091407208,3.48005249214,0.999674974923,0.825066032073,3.25862454474,4.29610593174,3.83542937673,4.64239267759,,,2.39128219988,1.9547491051,,0.172477676628,4.41244926619,2.97282064845,4.98317189038,2.66702534378,,1.63173294049,,,3.58836528387,3.75529759907
OSTE04,"TP53I13",ENSG00000167543,4.118741,2.19303877044,0.341468831256,-0.0574694584253,-1.75353994826,1.3551428230529923,1.57901929444,1.15833405297,,,1.92694480533,-0.831289253976,-1.13434649075,,,,,,,,,,,,,,1.7566069038,1.62482663831,5.07396982377,1.63917838514,1.43166548205,2.80927682877,2.30655113737,2.40037643698,,,1.76740465182,2.01428585335,,-3.01871703591,1.98414471943,4.85220843277,0.99270689703,-0.792891660513,,1.60902663776,,,-0.687914786625,1.66396134197
