code,target,ENSEMBL,association,Adipose_Subcutaneous,Adipose_Visceral_Omentum,Breast_Mammary_Tissue,Muscle_Skeletal,DGN_Whole_Blood,Whole_Blood,Artery_Aorta,Artery_Coronary,Artery_Tibial,Heart_Atrial_Appendage,Heart_Left_Ventricle,Spleen,Brain_Amygdala,Brain_Anterior_cingulate_cortex_BA24,Brain_Caudate_basal_ganglia,Brain_Nucleus_accumbens_basal_ganglia,Brain_Putamen_basal_ganglia,Brain_Cerebellar_Hemisphere,Brain_Cerebellum,Brain_Cortex,Brain_Frontal_Cortex_BA9,Brain_Hippocampus,Brain_Hypothalamus,Brain_Spinal_cord_cervical_c-1,Brain_Substantia_nigra,Nerve_Tibial,Cells_Transformed_fibroblasts,Cells_EBV-transformed_lymphocytes,Colon_Sigmoid,Colon_Transverse,Esophagus_Gastroesophageal_Junction,Esophagus_Mucosa,Esophagus_Muscularis,Liver,Minor_Salivary_Gland,Small_Intestine_Terminal_Ileum,Stomach,Adrenal_Gland,Pituitary,Pancreas,Thyroid,Lung,Ovary,Prostate,Testis,Uterus,Vagina,Skin_Not_Sun_Exposed_Suprapubic,Skin_Sun_Exposed_Lower_leg
BLOO01,"IFITM1",ENSG00000185885,28.097992,3.01069825773,-0.147155636521,,-0.0906884918206,3.963009076333035,1.87985169829,,,0.338666952687,1.97062448413,2.3848622768,,,,,,,,,,,,,,,0.325244044991,-1.72449237311,-3.46159237435,,-1.14628291009,,,1.64836890834,-1.12662907939,,,-0.42241022673,3.90393756516,,3.1748161714,2.03031930682,4.10726011667,,,3.39284071892,,,3.73302923757,3.27371300114
BLOO05,"IFITM1",ENSG00000185885,9.091092,2.43812176685,2.18668955269,,3.70909861422,-1.0584888999290867,-0.207570520857,,,0.446308014342,2.91555585706,3.20028845976,,,,,,,,,,,,,,,2.87341887793,-1.10984022528,-1.71888192376,,0.758561552152,,,3.40719320346,-3.61163268859,,,2.20983800412,3.39977086468,,2.47931748047,4.84773564004,2.24131997232,,,3.02587950227,,,1.9891492562,1.77909044774
BLOO06,"IFITM1",ENSG00000185885,67.415081,-10.6155163311,-5.61377780909,,-8.03859427457,-2.1746788724904613,-4.95708116922,,,-2.45452393493,-9.71488514847,-9.29198665866,,,,,,,,,,,,,,,-6.77319525561,1.4976608301,2.83894389432,,-2.40296560167,,,-4.87898092503,5.97528214926,,,-2.95131747162,-10.6935788473,,-8.05346506869,-8.49632182788,-7.07250243191,,,-11.0372123699,,,-8.47477510782,-8.85481401453
BLOO07,"IFITM1",ENSG00000185885,20.735584,-1.44451231658,-2.32065586792,,0.723511750775,-4.212467533708809,-3.46974161484,,,-0.955575971135,-1.3731727608,-2.45870075378,,,,,,,,,,,,,,,-1.39350671276,0.586441271978,0.988780465723,,-1.10067190705,,,3.4586700074,-0.763532598747,,,1.34747088455,-1.72992430081,,-1.2422719618,2.00668389526,0.277696484944,,,-3.41595970669,,,-1.31396533918,-1.55767606813
BLOO08,"IFITM1",ENSG00000185885,11.723791,-4.36550070641,-2.54070380179,,-3.9383979816,-2.2792208928537967,-3.8430008353,,,-1.77776368328,-5.14213651767,-4.03067453182,,,,,,,,,,,,,,,-4.95927356878,-3.27363745832,-0.0637323835454,,-2.5447318397,,,-2.87543527153,1.89074451655,,,-0.95369357349,-4.95656419338,,-4.25944817806,-4.45048320207,-3.72712305742,,,-5.09362593887,,,-4.37254514156,-3.54381840406
BLOO09,"IFITM1",ENSG00000185885,52.148944,-10.6461153457,-5.794220262,,-7.99089561533,-2.6823529470275376,-5.24855269851,,,-2.56583841682,-9.68196375924,-9.33296438414,,,,,,,,,,,,,,,-6.83969670818,1.32093419153,2.72290535754,,-2.46985927284,,,-4.5039011295,5.74058792649,,,-2.80865512373,-10.7073933813,,-8.07739200101,-8.16194284247,-7.04885153109,,,-11.2394457952,,,-8.53865084443,-9.00574782275
BLOO10,"IFITM1",ENSG00000185885,61.300327,-9.76979313417,-5.25729561656,,-7.05033272274,-2.594696175883963,-5.02157191867,,,-2.34338854461,-8.74283374613,-8.37473406267,,,,,,,,,,,,,,,-6.04894213297,1.20615952518,2.29539983885,,-2.31664842655,,,-3.77163232184,5.10501417348,,,-2.37595277113,-9.76384150053,,-7.31888482204,-7.12523200552,-6.37566551277,,,-10.2907047279,,,-7.83052641479,-8.24788280898
BLOO12,"IFITM1",ENSG00000185885,39.498215,-9.11528624683,-5.10258650214,,-6.53206754192,-2.1519065758848503,-4.26304895727,,,-2.61474657067,-8.14589148125,-7.65405215363,,,,,,,,,,,,,,,-5.98542327026,0.231039485302,1.7006909984,,-2.1151292054,,,-3.92824954384,4.54814471717,,,-1.99266347217,-8.90913562209,,-6.93557888818,-6.46451736783,-6.07317936404,,,-9.38871623033,,,-7.37485093909,-7.26791955217
BLOO13,"IFITM1",ENSG00000185885,58.830473,-10.7141219179,-5.69043815269,,-8.19298830024,-2.184047046808903,-5.04351679364,,,-2.51289387069,-9.72963780415,-9.3134510271,,,,,,,,,,,,,,,-6.84214016213,1.37031439183,2.80153113372,,-2.31211425883,,,-4.9417155077,5.97156866192,,,-2.89873064967,-10.773823058,,-8.13172247743,-8.57028361664,-7.20128779459,,,-11.1455280933,,,-8.5829516827,-8.90887378197
BLOO16,"IFITM1",ENSG00000185885,19.870342,-2.37771896587,-2.49241327317,,-0.48215686807,-4.576517440819738,-4.36490108358,,,-1.22534210732,-2.53500484046,-3.24964896765,,,,,,,,,,,,,,,-2.43363790685,-0.35293324204,0.942515973354,,-1.61275315113,,,2.35366609942,-0.197394525825,,,1.18270811338,-2.80762750496,,-2.23801748257,0.810120822093,-0.738570500034,,,-4.33638494641,,,-2.37309438959,-2.25521966381
BLOO17,"IFITM1",ENSG00000185885,12.813015,1.71803858886,-0.638950210804,,2.96181816235,-3.4300743104401152,-1.92548569367,,,-0.143045156354,1.41463447459,0.123686761116,,,,,,,,,,,,,,,0.643210211217,0.523157147815,0.415423770376,,-0.524819895917,,,4.8406641187,-2.34961074618,,,1.91219801939,1.36031809192,,1.2476354282,4.33553448363,2.42894219868,,,-0.111804290117,,,1.24630371733,0.859326370784
BLOO18,"IFITM1",ENSG00000185885,13.396520,3.16812804198,0.352791387504,,3.96283886028,-2.8246275222358954,-1.14855189245,,,0.12635195937,2.73845378089,1.56059545759,,,,,,,,,,,,,,,1.51026190882,0.0828529736603,-0.115769624285,,-0.131831782295,,,5.11812508025,-3.2773753854,,,2.34057038007,2.91092835534,,2.27997785973,5.50986471737,3.35685286561,,,1.59930063398,,,2.38766896153,2.17869792274
BLOO19,"IFITM1",ENSG00000185885,78.588902,-11.2899974478,-6.95510505242,,-10.3349133211,-1.362031606088193,-4.66371469959,,,-2.76909421529,-10.9699280734,-10.8642625942,,,,,,,,,,,,,,,-8.52927069668,1.9897439709,4.00925101966,,-2.49802940728,,,-7.03706892888,8.01839471428,,,-4.33308297075,-12.2776582322,,-9.163381899,-11.2306791726,-7.95333330995,,,-12.3428084708,,,-9.14507873871,-9.4712591852
BLOO24,"IFITM1",ENSG00000185885,24.315002,6.3526170156,3.51409075157,,4.48509012502,2.2687969284192455,4.31412754121,,,0.936554132307,5.67797115314,5.94007333488,,,,,,,,,,,,,,,3.74654989363,-1.92669653254,-2.75037482688,,1.99523200585,,,2.02632308213,-2.92428307278,,,2.24383983348,6.66318583811,,4.74250503276,4.52390858313,3.733902796,,,7.2587438967,,,5.20551997715,6.40935338231
BLOO28,"IFITM1",ENSG00000185885,63.764800,10.2972459022,6.63353079302,,9.78870838245,0.45106784194643473,3.63320532465,,,2.6326339692,9.96698885794,9.97323989438,,,,,,,,,,,,,,,8.14858446885,-1.66327911412,-3.50008737367,,2.33386754625,,,7.01269699867,-7.86638001264,,,4.03327091834,11.2065932887,,8.44561649741,10.7768878935,7.34083613626,,,11.1531969651,,,8.2723493268,8.08613606417
BLOO29,"IFITM1",ENSG00000185885,32.850750,-4.79481880208,-0.502326795963,,0.489793443161,-5.667016042361998,-3.4150460377,,,-0.183429473796,-4.2605695181,-4.46441720748,,,,,,,,,,,,,,,-1.99279047938,1.81867406786,4.86336732941,,1.56128239621,,,-2.00136511728,1.00516742493,,,-0.752379792765,-6.08995356436,,-5.2789932303,-1.81494648656,-6.00467354235,,,-5.22313581651,,,-6.101525384,-5.09938743704
BLOO30,"IFITM1",ENSG00000185885,70.627254,-10.5913936002,-5.75685136273,,-7.8613539365,-2.519013958342508,-5.19249106024,,,-2.51333010298,-9.66586819419,-9.3209556026,,,,,,,,,,,,,,,-6.80993999641,1.4150460266,2.79546150934,,-2.53533421329,,,-4.49682516372,5.69969131151,,,-2.85873677627,-10.6616770184,,-8.04785800876,-8.08670335925,-6.94284931507,,,-11.1726126342,,,-8.47925841577,-8.96863694482
BLOO31,"IFITM1",ENSG00000185885,9.348877,-2.97246546791,-0.571341081143,,-3.40240731403,3.0667587588744056,1.6384716721,,,-0.0486771142353,-2.26365241092,-1.49458843963,,,,,,,,,,,,,,,-1.07869423956,0.66650276583,0.329407366386,,0.41105160038,,,-4.62274107723,3.023404994,,,-2.5201711886,-2.57726705653,,-1.890095117,-4.91180656783,-2.94406950661,,,-1.44493643415,,,-2.04405151685,-2.24025751761
BLOO32,"IFITM1",ENSG00000185885,40.745138,-8.15173953562,-4.21670946125,,-6.63703010213,-1.4041168420475536,-3.89967312893,,,-1.38517508057,-7.61099141259,-7.59628150687,,,,,,,,,,,,,,,-5.08322312654,2.29784585846,3.31952670059,,-2.10598350168,,,-4.32309957227,4.9769804066,,,-3.41003353479,-8.64001903604,,-6.22415278329,-7.40552175368,-5.41008610036,,,-8.77854587867,,,-6.58975880536,-7.57245461914
BLOO33,"IFITM1",ENSG00000185885,11.809668,0.871766671564,-0.47067676893,,0.358459348267,1.3590275270811507,0.271936285093,,,0.0706921149323,-0.0392593193744,0.401228508267,,,,,,,,,,,,,,,-0.649791033777,-1.01072063835,-1.33732935223,,-0.787177489364,,,0.854034176758,-0.599125942915,,,-1.00573077886,1.2981582863,,0.752807859047,1.3488850405,1.42393884476,,,1.13115767493,,,1.13249297769,0.852854460342
BLOO35,"IFITM1",ENSG00000185885,9.023866,0.510756973776,2.21594679614,,3.05639922379,1.109895355722066,2.18556420655,,,3.9470984293,0.340194802248,1.77893950781,,,,,,,,,,,,,,,2.46434559228,0.465087119304,-2.56483165684,,-0.570365202318,,,1.64908886009,0.409218617218,,,2.08019257272,-0.176309928001,,-0.574456737717,0.487273832582,-0.235171232035,,,0.769168293765,,,0.07393876275,2.91341044735
