code,target,ENSEMBL,association,Adipose_Subcutaneous,Adipose_Visceral_Omentum,Breast_Mammary_Tissue,Muscle_Skeletal,DGN_Whole_Blood,Whole_Blood,Artery_Aorta,Artery_Coronary,Artery_Tibial,Heart_Atrial_Appendage,Heart_Left_Ventricle,Spleen,Brain_Amygdala,Brain_Anterior_cingulate_cortex_BA24,Brain_Caudate_basal_ganglia,Brain_Nucleus_accumbens_basal_ganglia,Brain_Putamen_basal_ganglia,Brain_Cerebellar_Hemisphere,Brain_Cerebellum,Brain_Cortex,Brain_Frontal_Cortex_BA9,Brain_Hippocampus,Brain_Hypothalamus,Brain_Spinal_cord_cervical_c-1,Brain_Substantia_nigra,Nerve_Tibial,Cells_Transformed_fibroblasts,Cells_EBV-transformed_lymphocytes,Colon_Sigmoid,Colon_Transverse,Esophagus_Gastroesophageal_Junction,Esophagus_Mucosa,Esophagus_Muscularis,Liver,Minor_Salivary_Gland,Small_Intestine_Terminal_Ileum,Stomach,Adrenal_Gland,Pituitary,Pancreas,Thyroid,Lung,Ovary,Prostate,Testis,Uterus,Vagina,Skin_Not_Sun_Exposed_Suprapubic,Skin_Sun_Exposed_Lower_leg
BFPC04B,"RPS10",ENSG00000124614,6.839742,2.60599315825,0.970628941467,3.53346095388,0.595643110295,1.538762604221269,,0.897734533866,,1.17118050023,,,,,,,,-0.485873277404,,-0.708552983236,,,,0.0465175908306,,,5.06005445476,1.96010988759,,,,0.250731072283,2.90016547787,2.48042702698,,,,,,,,2.99810259865,4.1060165429,,,,,,2.38472207397,3.63307102575
BFPC04F,"RPS10",ENSG00000124614,5.784283,3.25004741172,1.79329126297,3.30836227306,1.99482426999,2.169456116195821,,0.234713210117,,-0.0497708835666,,,,,,,,-0.638057229433,,-0.815488159491,,,,0.0333302728769,,,4.41148067343,3.47321460858,,,,-0.792762491368,3.24167718863,1.41204769528,,,,,,,,3.08984245585,3.64537077311,,,,,,3.66616690138,4.0105791826
BFPC04,"RPS10",ENSG00000124614,7.860436,2.83472466276,1.16122074643,3.61369774118,0.910417591467,1.760530559324427,,0.764493472073,,0.953130413985,,,,,,,,-0.584365500769,,-0.770268158044,,,,0.0415516387494,,,5.21302921713,2.39027742164,,,,0.0513192742341,3.08747019776,2.37192700152,,,,,,,,3.14167464816,4.23327881104,,,,,,2.76970894103,3.89368020823
BLOO01,"RPS10",ENSG00000124614,13.844239,-5.85264765278,-5.23685597542,-4.30291175947,-1.36547667724,-5.333886819462928,,-0.562489011797,,-1.61334451732,,,,,,,,-3.42631500864,,1.40909981764,,,,-5.02657597466,,,-6.76034311291,-7.36552967326,,,,1.48830829241,-7.25397565266,-2.5521757913,,,,,,,,-3.40208811064,-5.31265820714,,,,,,-6.66780780021,-9.52050023732
BLOO04,"RPS10",ENSG00000124614,7.563122,-4.70476043344,-2.10515056369,-4.75639642563,-5.41560776786,-4.43944165120232,,-0.628935852735,,-0.755963369411,,,,,,,,-1.67743916258,,-0.430864004153,,,,-2.90281087979,,,-2.28873086322,-5.51297336114,,,,1.61043640625,-4.47533917809,-0.100831307518,,,,,,,,-1.94558283569,-1.99931545718,,,,,,-5.35036202783,-5.03935598931
BLOO07,"RPS10",ENSG00000124614,9.455200,-4.41180694397,-0.462516302908,-1.79597645607,-4.30661992576,-2.424194725285956,,0.387070848251,,-0.501181641213,,,,,,,,-2.48040120568,,-0.866328666498,,,,-4.29552004994,,,-1.96147603675,-6.11051315212,,,,1.69957397194,-4.19359340437,-0.724839673386,,,,,,,,1.10958426737,-1.47714717844,,,,,,-5.32481987918,-5.42737607919
BLOO11,"RPS10",ENSG00000124614,16.565703,-5.87189497343,-1.8634312884,-5.39709055334,-7.37194951408,-4.381125582221436,,1.4338580804,,1.66539308352,,,,,,,,-1.90388662418,,0.0835972386911,,,,-2.16936567801,,,-3.60971361358,-6.91634129884,,,,3.32864532149,-6.04721321383,0.657810218527,,,,,,,,-0.512342084786,-3.27514713561,,,,,,-7.45246064593,-7.73655105874
BLOO12,"RPS10",ENSG00000124614,7.355561,-5.02782351545,-2.13497941961,-4.88969485716,-4.61264188653,-2.5439820013989114,,-0.504435451037,,-0.230319588317,,,,,,,,-2.67094752248,,-1.77524669311,,,,-1.54488594323,,,-3.7629534041,-4.88590348461,,,,0.689521658127,-5.22295930225,-1.46336920075,,,,,,,,-1.81931316613,-3.51957331374,,,,,,-5.06549651437,-5.7110964411
BLOO16,"RPS10",ENSG00000124614,9.341483,-4.41935000811,-0.456861642505,-2.12482262313,-4.11075660524,-2.4387634744064886,,0.0203242116865,,-0.461006940588,,,,,,,,-2.50155693157,,-1.10428322543,,,,-3.79086503646,,,-1.82621356286,-5.86411362084,,,,1.32324924798,-4.05855059535,-1.18120001408,,,,,,,,0.505365759159,-1.73963631012,,,,,,-5.04311857267,-5.27221674787
BLOO21,"RPS10",ENSG00000124614,8.622421,-4.92940563058,-2.20259113924,-4.85973504016,-5.92808203973,-4.453272805125147,,-0.77767828036,,-0.346341308475,,,,,,,,-2.42636703865,,-0.232658405877,,,,-3.6933669292,,,-2.14961295736,-5.68305137984,,,,1.78886604467,-4.7055019489,-0.171587285552,,,,,,,,-1.58861949504,-1.90034744461,,,,,,-5.55151185848,-5.4605913737
BLOO22,"RPS10",ENSG00000124614,8.847070,-5.17307393873,-2.60777891043,-5.20345380779,-6.0689347169,-4.596196754230291,,-0.943816682731,,-0.610891428341,,,,,,,,-2.2111280527,,-0.458022402557,,,,-3.62002876792,,,-2.38917027445,-5.78777353194,,,,1.63154095436,-4.86845641796,-0.44957047836,,,,,,,,-1.76693317146,-2.25840820207,,,,,,-5.67451755568,-5.69477232898
BLOO23,"RPS10",ENSG00000124614,4.073339,-3.89370988449,-2.20278606711,-3.71376335303,-4.86632539774,-3.075804794128051,,-1.16713904601,,-0.243690384974,,,,,,,,-2.23480114402,,-0.602770261085,,,,-3.50977536814,,,-1.67263239878,-4.07368641606,,,,1.0006307493,-3.64467813451,-0.86234484071,,,,,,,,-0.724636860293,-1.51147929481,,,,,,-3.96142695685,-4.4031703666
BLOO33,"RPS10",ENSG00000124614,12.381116,-6.03974708783,-5.45055411483,-4.07394002695,-0.879251174714,-5.146352958993637,,-0.650601077533,,-1.64699167609,,,,,,,,-2.19637907942,,0.962575390855,,,,-4.95800315449,,,-6.15883837752,-7.38585417557,,,,1.16452001678,-6.85469219995,-3.24627535652,,,,,,,,-3.44513620297,-4.99538233643,,,,,,-6.42111457926,-9.41739099589
BLOO36,"RPS10",ENSG00000124614,7.813665,-4.40560934183,-1.49076253901,-4.37911534828,-5.39762426544,-4.3302823454742985,,-0.344529194018,,-0.373459302086,,,,,,,,-2.031771492,,-0.0757358703785,,,,-3.06063207313,,,-1.92849612858,-5.4553909788,,,,1.92253528028,-4.2833109623,0.34948096194,,,,,,,,-1.64514030681,-1.44443431866,,,,,,-5.28725557038,-4.80969334959
BODY03,"RPS10",ENSG00000124614,7.073241,3.80532800519,0.166498622998,2.73706119732,3.69075977868,2.666099318813127,,-0.969715714218,,1.21758086541,,,,,,,,1.39317415433,,-0.730451225231,,,,2.43976344896,,,3.48610347222,5.02927281087,,,,-1.97504087081,4.43939855472,0.411800771324,,,,,,,,0.657242810246,2.87535577255,,,,,,5.13883467308,4.88478465103
BODY04M,"RPS10",ENSG00000124614,6.016495,2.57751702924,-1.54552720108,1.5178525892,2.93135590163,1.513339326883948,,-1.74930770586,,-0.637928767365,,,,,,,,0.903839982799,,-1.96847594936,,,,0.891403475765,,,1.28295502489,4.14861262074,,,,-3.29431060588,3.04331054757,-1.4619751118,,,,,,,,0.0809194996535,0.708781240752,,,,,,4.50363761438,3.775755215
BODY04,"RPS10",ENSG00000124614,8.464972,4.20363541742,0.30558395765,2.99093643589,3.93738312199,3.0110257995765233,,-0.848349111423,,1.24689810316,,,,,,,,1.3936472247,,-0.798582177501,,,,2.74340660452,,,3.75024904024,5.48504670422,,,,-2.19076126084,4.7610438153,0.269986644901,,,,,,,,0.691170373078,3.06138291336,,,,,,5.57450110839,5.4426552236
BODY06B,"RPS10",ENSG00000124614,8.990209,3.44685911137,-0.89514117749,3.40867210063,3.76815306897,2.610951992505802,,-0.953714455562,,-0.0185250706323,,,,,,,,1.23725096092,,-2.22367455069,,,,1.73479630497,,,3.36011872136,3.92320096813,,,,-2.52599926803,3.85910244397,-0.13338256299,,,,,,,,-0.0250947798755,1.83575851065,,,,,,4.45132420734,4.54615937473
BODY06,"RPS10",ENSG00000124614,8.361271,3.45470151071,-0.621619003619,3.40103737188,3.56703417698,2.6735517807395226,,-0.870568481581,,-0.0280482239841,,,,,,,,1.44995808313,,-2.19486088623,,,,1.65634821923,,,3.58361816644,3.88573211438,,,,-2.31317989774,3.8442639727,-0.00635427639358,,,,,,,,0.104838169824,2.0529076563,,,,,,4.36589345272,4.52006553232
BODY07B,"RPS10",ENSG00000124614,9.640924,3.50445188442,-0.886341079061,3.45047763506,3.76056615059,2.6443397930448613,,-0.986208713018,,-0.0191583691179,,,,,,,,1.1416815463,,-2.26015704425,,,,1.70952846332,,,3.36250053412,3.91852996541,,,,-2.55620047305,3.89648414209,-0.104227379304,,,,,,,,0.00696438130342,1.88449661959,,,,,,4.50002523112,4.56716174573
BODY07,"RPS10",ENSG00000124614,8.496196,3.51446650514,-0.634245792103,3.43897005417,3.5646485602,2.6946822556451346,,-0.927587292654,,-0.0368509692964,,,,,,,,1.33827668762,,-2.25227755825,,,,1.64196380175,,,3.56590243612,3.88148325523,,,,-2.36552852776,3.88011083659,0.0139911099726,,,,,,,,0.117482684235,2.0788484164,,,,,,4.42092711653,4.5364463206
BODY08B,"RPS10",ENSG00000124614,15.325304,4.98191626892,0.169369467001,4.96324487763,5.09669349719,3.476954951914014,,-1.48983413967,,-0.62704706567,,,,,,,,1.51867570328,,-2.34896543244,,,,2.21457106995,,,5.40157867916,6.11294396559,,,,-3.1533319143,5.6404799355,0.33299879688,,,,,,,,1.35596688105,3.1127573253,,,,,,6.47573226867,6.80947817049
BODY08F,"RPS10",ENSG00000124614,11.683443,4.97058122016,1.62918600837,4.4672424327,4.79414782687,3.4303492470626358,,-0.889980309145,,-0.294898722365,,,,,,,,1.38166495623,,-1.56464397948,,,,1.70501440104,,,5.02395601377,5.88520918403,,,,-2.39774093202,5.29671325379,0.616213639896,,,,,,,,2.04248268289,3.27160429059,,,,,,6.1019281259,6.18233750464
BODY08M,"RPS10",ENSG00000124614,6.706947,2.59981177389,-1.15697942969,3.00651491262,2.90712796022,1.8468571664654525,,-1.28676174765,,-0.608914762833,,,,,,,,0.905668493331,,-1.89243600448,,,,1.58692947853,,,3.13115827461,3.37297425607,,,,-2.28514622136,3.22646420012,-0.0687244852203,,,,,,,,0.119518164813,1.48480395521,,,,,,3.686364121,4.07771108921
BODY08,"RPS10",ENSG00000124614,14.846094,5.22913247377,0.616038476428,5.13697903539,5.24811752966,3.6507354927415125,,-1.40502652452,,-0.579096284325,,,,,,,,1.56218833246,,-2.23701101901,,,,2.22829219049,,,5.73768585076,6.39040972564,,,,-3.03929273362,5.87027683682,0.498429604396,,,,,,,,1.60330963676,3.38919324915,,,,,,6.68266853157,7.04130352813
FATM02B,"RPS10",ENSG00000124614,8.781517,3.2178087225,-0.3580270545,2.99450379439,3.22123755618,2.7922114229910253,,-0.974735720728,,-0.0127325830201,,,,,,,,0.249574392488,,-2.31757068772,,,,0.63272013341,,,3.40371410147,3.54888808633,,,,-2.14248781946,2.99954681868,0.170971773635,,,,,,,,0.812215998379,2.72555059231,,,,,,4.26688368954,4.68803607331
FATM02,"RPS10",ENSG00000124614,8.675347,3.32184539049,-0.198120594955,2.95767607442,3.21250873722,2.9655761833645737,,-1.00982510721,,-0.266604181465,,,,,,,,0.473744895754,,-2.46805355548,,,,0.532706470178,,,3.59196207112,3.72553029607,,,,-2.16272242394,3.07959378346,0.13164863719,,,,,,,,0.906819904219,2.93213294416,,,,,,4.4077305736,4.80461828186
FATM03B,"RPS10",ENSG00000124614,7.931814,3.21982894064,-0.417206886095,3.01894198695,3.16831329922,2.801267582410593,,-0.994535465458,,-0.0479443053513,,,,,,,,0.161169293184,,-2.34015029205,,,,0.637600208575,,,3.37201706165,3.50833932174,,,,-2.17205336178,2.99671149068,0.187798765031,,,,,,,,0.820008305755,2.72256217519,,,,,,4.26721530306,4.67964202673
FATM03,"RPS10",ENSG00000124614,8.336177,3.32175737771,-0.27506338176,2.98027590637,3.15599018165,2.9641201701255206,,-1.04100780906,,-0.305515795078,,,,,,,,0.367787177013,,-2.49980468187,,,,0.550382052015,,,3.54145341336,3.68507190706,,,,-2.2046689518,3.07343983357,0.144075876302,,,,,,,,0.902613646546,2.91198018356,,,,,,4.40872744038,4.78740930118
FATM04B,"RPS10",ENSG00000124614,18.020365,4.71200573773,1.18228579016,4.84548688643,3.92214898547,3.5878492148528314,,-0.749582396754,,-0.271510260363,,,,,,,,-0.213877001512,,-2.61636823264,,,,0.240539253273,,,5.9665779876,5.54859383524,,,,-2.20389697228,4.52852708823,1.28573575897,,,,,,,,2.92294548727,4.74210887232,,,,,,6.03014015806,6.9766040136
FATM04F,"RPS10",ENSG00000124614,12.825446,4.82580969994,1.88474364509,4.3056406781,4.46329894928,3.4682869355088735,,-0.859807774182,,-0.726003720792,,,,,,,,-0.0765460891841,,-2.04050486537,,,,0.359140948772,,,5.16068809075,6.07626834217,,,,-2.34882206001,4.57157207648,0.898622224216,,,,,,,,3.20135281834,4.07495235969,,,,,,6.20197379446,6.44620992365
FATM04M,"RPS10",ENSG00000124614,9.548214,2.39356136686,0.0282569742865,3.02275575141,1.61121443451,1.9976241711209317,,-0.302430074875,,0.244284218097,,,,,,,,-0.230869422805,,-1.87470877737,,,,0.026001900159,,,3.84029434117,2.48415684454,,,,-1.0418783966,2.35751290954,1.00912313477,,,,,,,,1.30838264359,3.07583678477,,,,,,3.0414331552,4.14120089371
FATM04,"RPS10",ENSG00000124614,18.263659,4.96584290261,1.41921248124,4.96152192438,4.22955975505,3.7663208162323665,,-0.821722967608,,-0.382268180333,,,,,,,,-0.206067395459,,-2.60523285169,,,,0.278686452758,,,6.17638477691,5.9789869357,,,,-2.3045276567,4.77213255211,1.30397073972,,,,,,,,3.14542781685,4.88579010232,,,,,,6.3725985887,7.23858617258
HEIG03,"RPS10",ENSG00000124614,12.354185,0.616617037762,-0.248394182679,-0.40810662319,2.94318274515,1.4769327446638993,,-2.31236649844,,-0.488786505069,,,,,,,,-2.93164051719,,-2.54946142056,,,,-2.85892633976,,,1.13235395749,4.122513835,,,,-2.46651631877,-1.31469004955,-1.34126613127,,,,,,,,2.53910487923,2.00044375589,,,,,,3.94600283549,3.98959700769
LEAN04B,"RPS10",ENSG00000124614,22.261537,5.26190790751,-0.674651527874,3.68739554995,7.90960994462,4.419075215043206,,-3.46651740685,,-2.94939618883,,,,,,,,1.21388663942,,-5.00771337633,,,,1.29813420307,,,3.1812318439,8.22165116806,,,,-6.24953922283,4.24302088148,-2.79582779658,,,,,,,,-0.0043754613783,2.22922560924,,,,,,9.04976669439,8.38294036782
LEAN04F,"RPS10",ENSG00000124614,13.413998,4.22972376757,-0.316997523006,3.31828525384,6.29923728633,3.456615912142798,,-2.56703492177,,-2.22700164173,,,,,,,,1.63993049964,,-3.44255008856,,,,1.92500578712,,,2.60339156097,6.32735965024,,,,-4.57916344392,3.53821882441,-1.80882265504,,,,,,,,0.161272072807,1.81027902837,,,,,,6.95562906145,6.50238537169
LEAN04M,"RPS10",ENSG00000124614,14.493481,3.45420346952,-0.759516692443,1.92705654713,5.27848162679,3.0357944857090637,,-2.58066006632,,-2.13434782776,,,,,,,,-0.124041149718,,-4.09226937894,,,,-0.371595080209,,,2.0240033039,5.79035041184,,,,-4.7191381335,2.60713741823,-2.44521434027,,,,,,,,-0.234300124122,1.43605473875,,,,,,6.38656567283,5.83368850426
LEAN04,"RPS10",ENSG00000124614,22.111877,4.79010118725,-0.7297845036,3.11525216243,7.29180132967,3.992914547656054,,-3.35441435307,,-2.8784256368,,,,,,,,0.686937963888,,-5.05664003424,,,,0.524617112065,,,2.97770701672,7.7542599101,,,,-6.04390537715,3.77977014381,-2.87657280668,,,,,,,,-0.165347798101,2.01805277061,,,,,,8.51645114833,7.895804041
LEAN05B,"RPS10",ENSG00000124614,24.963012,5.35766974234,-0.530661917543,3.74092597482,7.88436517182,4.521697712591258,,-3.34603647079,,-2.80894260975,,,,,,,,1.03300498562,,-4.88562545277,,,,1.29611426141,,,3.24810561487,8.2971340169,,,,-6.16223291355,4.3600335371,-2.65862449978,,,,,,,,0.130049100829,2.35943459569,,,,,,9.07639905761,8.38003883845
LEAN05F,"RPS10",ENSG00000124614,14.003309,4.33529186091,-0.180232014989,3.34359587894,6.27712249176,3.569462786962031,,-2.44868717503,,-2.07434566784,,,,,,,,1.40430379738,,-3.32170539073,,,,1.90008559104,,,2.66596385,6.41713264607,,,,-4.49424663711,3.66381546513,-1.65857731779,,,,,,,,0.299016767886,1.93735297445,,,,,,6.98584953981,6.49374354424
LEAN05M,"RPS10",ENSG00000124614,16.072388,3.49023366085,-0.699660406812,1.98981311406,5.28551319304,3.0745250398713924,,-2.54366884743,,-2.10733392154,,,,,,,,-0.123751547808,,-4.06622580855,,,,-0.350529223771,,,2.06286768296,5.82391719945,,,,-4.70539392463,2.64830976018,-2.42459915791,,,,,,,,-0.189696806576,1.49540148137,,,,,,6.41921548445,5.86536668313
LEAN05,"RPS10",ENSG00000124614,22.638763,4.88292570808,-0.622620989807,3.1942075576,7.30684303223,4.087450005692959,,-3.278350451,,-2.79528712689,,,,,,,,0.588163855859,,-4.98852638782,,,,0.552786644187,,,3.03800544121,7.8383605105,,,,-6.00578645121,3.8834137236,-2.79169692845,,,,,,,,-0.0750403718154,2.11946615076,,,,,,8.57360066348,7.93382130506
LEAN06B,"RPS10",ENSG00000124614,36.472796,6.79549866003,0.18210366229,4.91752630357,10.1975249051,5.8915839613965515,,-4.63535837747,,-4.38358019672,,,,,,,,0.187130934381,,-6.36642272749,,,,0.516116857766,,,4.58853948695,11.5747777546,,,,-8.01891278024,5.79313564204,-3.19977348761,,,,,,,,1.10805344425,3.25891655565,,,,,,12.1051784741,11.2967893757
LEAN06F,"RPS10",ENSG00000124614,26.988091,5.86821374197,0.257569457876,4.36830435467,8.82585982688,4.880291597129448,,-3.85109961682,,-3.50658527536,,,,,,,,0.632001614311,,-5.09964838108,,,,0.891010063415,,,3.91081152396,9.76974490362,,,,-6.66736742959,5.23301998994,-2.48840466732,,,,,,,,1.24579803561,2.60638287745,,,,,,10.2455274489,9.38689215718
LEAN06M,"RPS10",ENSG00000124614,18.761226,4.04885733756,-0.0505419386315,2.74093293684,6.04359158726,3.8361973896859243,,-2.99943997513,,-3.04911545963,,,,,,,,-0.626673725087,,-4.42024176421,,,,-0.390992450983,,,2.81102691896,7.24964263017,,,,-5.18240608085,3.08975011722,-2.34186024485,,,,,,,,0.210021461225,2.26112156725,,,,,,7.53730371918,7.30459472493
LEAN06,"RPS10",ENSG00000124614,39.157534,6.31968773643,0.363824526863,4.57937055215,9.32890406003,5.591625281604109,,-4.28492765069,,-4.21005251672,,,,,,,,-0.1124401181,,-6.03898743351,,,,0.189041608588,,,4.47278918163,10.8748413153,,,,-7.42019126395,5.25229344578,-3.01416609175,,,,,,,,0.902796991192,3.27784204047,,,,,,11.2719078869,10.7330655677
WEIG04M,"RPS10",ENSG00000124614,7.379541,1.36777013434,-1.68858324423,1.50161100913,3.64188885188,1.1224607605343042,,-2.57037192611,,-1.63254396197,,,,,,,,-0.574390735458,,-2.82688566157,,,,-0.327142480117,,,0.531397183183,3.8170153095,,,,-4.12067537104,1.45242795019,-2.4501886284,,,,,,,,-0.351058317424,0.249577083369,,,,,,4.77862504806,3.49221717485
