code,target,ENSEMBL,association,Adipose_Subcutaneous,Adipose_Visceral_Omentum,Breast_Mammary_Tissue,Muscle_Skeletal,DGN_Whole_Blood,Whole_Blood,Artery_Aorta,Artery_Coronary,Artery_Tibial,Heart_Atrial_Appendage,Heart_Left_Ventricle,Spleen,Brain_Amygdala,Brain_Anterior_cingulate_cortex_BA24,Brain_Caudate_basal_ganglia,Brain_Nucleus_accumbens_basal_ganglia,Brain_Putamen_basal_ganglia,Brain_Cerebellar_Hemisphere,Brain_Cerebellum,Brain_Cortex,Brain_Frontal_Cortex_BA9,Brain_Hippocampus,Brain_Hypothalamus,Brain_Spinal_cord_cervical_c-1,Brain_Substantia_nigra,Nerve_Tibial,Cells_Transformed_fibroblasts,Cells_EBV-transformed_lymphocytes,Colon_Sigmoid,Colon_Transverse,Esophagus_Gastroesophageal_Junction,Esophagus_Mucosa,Esophagus_Muscularis,Liver,Minor_Salivary_Gland,Small_Intestine_Terminal_Ileum,Stomach,Adrenal_Gland,Pituitary,Pancreas,Thyroid,Lung,Ovary,Prostate,Testis,Uterus,Vagina,Skin_Not_Sun_Exposed_Suprapubic,Skin_Sun_Exposed_Lower_leg
AMIN07,"FADS2",ENSG00000134824,5.634437,2.18696814152,2.09734223408,1.49718900105,2.99249882026,2.49118420508558,2.48921350959,2.85568877203,,2.56324842864,3.18555953296,2.86224588795,2.65727327984,,,,,,,,,,,,,,2.16272655214,2.44526021643,,2.17518544896,1.99817080044,2.64542190677,1.98357623337,2.99593663852,,,2.03881349979,2.91051947136,,,1.50932317902,2.3168239875,2.66386586511,0.691706968092,,2.91778613297,1.65392693959,,1.59272341194,2.42058793506
APOL01,"FADS2",ENSG00000134824,15.427942,-1.66096652352,-0.711105740338,-2.13829140229,-2.59044142249,-1.7871840949939546,-2.03854516307,-3.47930866119,,-2.10372342179,-4.00181032241,-1.64823473147,-1.96393416278,,,,,,,,,,,,,,-1.52872335422,-1.53510487231,,-1.3953276896,-1.01181778709,-2.21087148852,-0.398995102692,-2.50610654067,,,-0.807285480631,-1.33174432602,,,-0.762177828053,-1.21740662086,-2.13627399806,-1.00196665353,,-4.91798306692,-4.0052799663,,-3.77589432047,-2.43351226475
ATOP01,"FADS2",ENSG00000134824,4.152218,3.41586343046,3.84874685449,3.68471522453,4.02592131805,4.445797608088087,4.23383706122,3.49727230262,,4.42107644547,4.43649032824,3.71347494205,4.49263507532,,,,,,,,,,,,,,4.0727766208,4.43469697666,,3.80267915606,4.28914220067,4.31496577169,3.51541265093,4.36602922107,,,4.16016484446,4.72880123136,,,2.41051206085,4.24214331694,4.47211524585,1.31671433601,,2.94845325217,1.84509227945,,2.26858984158,4.11281823951
BALD01,"FADS2",ENSG00000134824,9.385271,-2.42331032932,-2.84243130078,-2.29866934308,-3.69702366937,-3.6014667205023883,-3.78149730903,-3.99462516028,,-3.39548348032,-4.50569817925,-3.47584058971,-3.43585875429,,,,,,,,,,,,,,-3.43003276464,-3.47785013612,,-3.14884082417,-2.96562718886,-4.06963184968,-2.77466718303,-4.03235766192,,,-3.19755052417,-3.54484832369,,,-1.63041355064,-3.30453859838,-3.72942457953,-1.22031396617,,-4.80977006514,-2.80979154563,,-3.52728829793,-3.69707955654
BLOO01,"FADS2",ENSG00000134824,31.418631,7.05237567383,7.45704368207,6.63801716601,9.15138574462,8.711075068272644,9.07394730038,8.98254322789,,8.58263481847,9.31842437137,8.66095463532,8.55550449209,,,,,,,,,,,,,,8.38065870678,8.53332572893,,8.18655485791,7.98986645899,8.75346149661,7.08001261216,9.13435402845,,,8.0460133534,7.96817327722,,,4.70897052603,8.30825405809,8.94065599118,4.31809908629,,9.1673157172,6.51951872895,,7.52260537451,8.91801068453
BLOO02,"FADS2",ENSG00000134824,28.111270,4.64766769458,5.77084601736,5.34388307422,7.43654459315,6.669744125397284,6.66632578952,7.72672692289,,6.50678691457,8.14944297452,6.79529712362,6.5512431522,,,,,,,,,,,,,,6.60457282825,6.58853445476,,6.17097904329,5.95004849683,7.19749636004,5.42814555647,7.64789865219,,,6.34157271659,5.8643666107,,,5.18634409553,6.38266317923,7.17564981728,1.24482843585,,8.01528055883,6.56788725939,,6.44030329427,6.86791348549
BLOO03,"FADS2",ENSG00000134824,17.812141,4.11641034224,5.52062440745,5.25135265606,6.51806504875,5.849712075627492,5.88405036389,6.86289480344,,5.91945737102,6.99308131591,6.1995687893,5.72864409439,,,,,,,,,,,,,,5.68158189088,5.89816152434,,5.73987819436,5.41808004362,6.23655317701,4.75158575867,6.73339721359,,,5.7639381739,4.77070324732,,,4.34143624682,5.71546876109,6.28048589915,0.970860810903,,6.55675787272,6.72074736856,,5.60736163346,6.03789428725
BLOO04,"FADS2",ENSG00000134824,10.598289,3.67015690258,3.31338536639,4.19620360137,4.48467463936,4.18215409633431,4.7067256718,4.61101989058,,3.95470232543,5.09479605033,4.95492430839,4.24730881384,,,,,,,,,,,,,,4.01521844044,4.18613633596,,4.58467120511,3.78900891046,4.85124741649,3.94725480631,4.76402956482,,,4.15262132617,4.09425134116,,,3.71889111565,4.30597460357,4.79232109573,3.20625293811,,5.77925735755,4.62317561491,,3.9680442134,4.46001175871
BLOO06,"FADS2",ENSG00000134824,15.081131,-3.77018624571,-5.45146273333,-4.96334883167,-6.59166968628,-6.352657013460593,-6.61634308151,-7.2941250869,,-6.02635353643,-6.44475068716,-6.1696649797,-6.15415083797,,,,,,,,,,,,,,-6.2363090863,-6.27032020036,,-5.93820236247,-5.95858991018,-6.04373320138,-4.70652713503,-6.4393406944,,,-6.25347430076,-5.88627719744,,,-4.92433454197,-6.04584998881,-6.40767730609,-1.41099733466,,-5.69447000807,-4.19850163145,,-4.25946664596,-6.21237294102
BLOO07,"FADS2",ENSG00000134824,14.845181,-1.58639449094,-3.22828367704,-2.75236360223,-4.88505320023,-4.2316956852895276,-4.18008092978,-5.75668840977,,-4.06753527984,-5.37889358815,-3.99349529999,-4.09521308443,,,,,,,,,,,,,,-4.061846219,-4.0522314244,,-3.81200907514,-3.79909997005,-4.08946343379,-3.00103990863,-5.12546514887,,,-3.4858175998,-3.74489825307,,,-2.28852301174,-3.78146617321,-4.36457829498,-1.5107666925,,-5.16723602357,-3.64261420541,,-3.351834745,-4.31854439839
BLOO09,"FADS2",ENSG00000134824,16.923760,-4.12758085488,-5.8508314625,-5.25929144135,-7.21262402672,-6.875057601368846,-7.11716760992,-7.91995625459,,-6.59070247164,-7.05429700921,-6.61344660192,-6.68015259156,,,,,,,,,,,,,,-6.69300654384,-6.78214172234,,-6.39277303855,-6.43566231848,-6.53188834781,-5.12723962713,-7.01541702187,,,-6.62273342032,-6.37972967719,,,-5.28248113324,-6.5024972697,-6.89876570697,-1.62944534229,,-6.16398249594,-4.7572292086,,-4.51197753068,-6.70278716217
BLOO10,"FADS2",ENSG00000134824,15.768479,-3.72567964744,-5.28645713953,-4.83796094289,-6.57175668484,-6.261786178476978,-6.50638434583,-7.25514227216,,-5.99190097784,-6.38204913222,-5.99106911178,-6.09176978974,,,,,,,,,,,,,,-6.08106454827,-6.1938447316,,-5.81997768644,-5.91107879359,-5.93940950099,-4.70560736404,-6.39106327356,,,-6.04550607955,-5.79748854309,,,-5.05085346027,-5.90988139988,-6.26946990645,-1.57083860562,,-5.49591362288,-4.41072544159,,-3.96098571023,-6.06221044252
BLOO12,"FADS2",ENSG00000134824,11.819072,-3.50094188379,-4.5911211935,-4.26912280886,-5.89008547409,-5.495279666006361,-5.63001855712,-6.48575894114,,-5.20962060922,-5.81511500203,-5.35607149266,-5.36872690622,,,,,,,,,,,,,,-5.34931699274,-5.4513142171,,-5.1311699612,-5.29862400489,-5.45765794274,-3.90575302111,-5.69378861556,,,-5.37604032224,-5.32024314258,,,-4.28659280605,-5.29198132879,-5.62330853731,-1.61180210482,,-5.0859811715,-4.28478193086,,-3.45593204376,-5.2511053622
BLOO13,"FADS2",ENSG00000134824,15.823706,-3.84885299281,-5.53284856241,-5.05677327183,-6.6873802153,-6.4461396472414805,-6.71079945041,-7.36343860196,,-6.12929686541,-6.53315895292,-6.22767166418,-6.26293848136,,,,,,,,,,,,,,-6.32564604772,-6.3689809421,,-6.03813974068,-6.07001665888,-6.13696934981,-4.80132278364,-6.51275448123,,,-6.31621953361,-5.98830397013,,,-5.01767677503,-6.14738536745,-6.49110882475,-1.5419044457,,-5.72450879092,-4.29615698038,,-4.26831183935,-6.30783104497
BLOO16,"FADS2",ENSG00000134824,12.158078,-1.5769015431,-3.3501952863,-2.6833700287,-4.68639477134,-4.106119906143809,-4.08880431579,-5.49889318215,,-3.95411121889,-5.05917922979,-3.84552893243,-4.01810081257,,,,,,,,,,,,,,-3.98773604772,-3.94254721539,,-3.73100127024,-3.75716495196,-4.08277246026,-2.8715573496,-4.87423675304,,,-3.39840549007,-3.76798234778,,,-2.22495052417,-3.74711582776,-4.22704264818,-1.9383645415,,-4.96441252055,-3.50964108142,,-3.34480106074,-4.04307128879
BLOO17,"FADS2",ENSG00000134824,6.987458,-0.576372496654,-1.92757630173,-1.52832876194,-3.18325497996,-2.633072453409583,-2.54858922881,-3.82348075552,,-2.58016818519,-3.66029777523,-2.45275578434,-2.53039485292,,,,,,,,,,,,,,-2.49667866845,-2.48083207861,,-2.34172659209,-2.23264437151,-2.47507925038,-1.86818967467,-3.47443650464,,,-1.9063733488,-2.09489739186,,,-1.10649987788,-2.26776567146,-2.72754407552,-0.998377346616,,-3.67483967962,-2.40336552015,,-2.33899370589,-2.82206952026
BLOO19,"FADS2",ENSG00000134824,21.509003,-4.2493143316,-6.7522322255,-5.26971952583,-7.53292620185,-7.068269364721033,-7.2558690925,-8.18254765286,,-6.87902792439,-7.78469868571,-6.88970206748,-6.82767261852,,,,,,,,,,,,,,-6.84754274953,-6.82487158968,,-6.52515255658,-6.29759360105,-6.94028426426,-5.23689128012,-7.45539265228,,,-6.78378274668,-6.6481700923,,,-3.88523979425,-6.58753962939,-7.20891438994,-1.5206003536,,-7.49496655627,-5.23272768067,,-5.49227589682,-7.1830066722
BLOO20,"FADS2",ENSG00000134824,15.379937,3.50817381615,4.65230287794,4.48257458057,5.6368979173,4.953080717053876,4.96388541388,5.8774431352,,5.12218593843,6.09551005646,5.24386653332,4.86274179413,,,,,,,,,,,,,,4.73913475764,4.98461919443,,4.78091527449,4.55345386665,5.1987818243,3.79535838194,5.8144691331,,,4.74828826045,3.95230269815,,,3.52672682537,4.80722764754,5.32701102269,0.30365389385,,5.59554111539,5.39647304334,,4.79865066782,5.06510706089
BLOO24,"FADS2",ENSG00000134824,6.625343,2.43747428947,3.88552123847,3.53712589513,4.72920270676,4.81581859000438,5.19159687791,5.19729881066,,4.67100836518,4.42501514673,4.72234644569,4.59900521334,,,,,,,,,,,,,,4.68106478878,4.7392085429,,4.46114819749,4.28319615204,4.11581162985,3.75179297258,4.69679782347,,,4.575092868,3.91258397004,,,4.19526337519,4.39014728267,4.61547983431,0.941717401621,,3.96641766543,2.2627282129,,3.58762909988,4.88388704787
BLOO25,"FADS2",ENSG00000134824,5.756243,2.78037398181,3.84244228067,3.13011657977,3.92367404107,3.928594634605055,4.01082666868,4.00962200734,,3.66403494588,4.0554852568,4.10968058056,3.88307196383,,,,,,,,,,,,,,3.99057174817,3.97621907026,,3.91515711995,3.74135524144,4.30022139898,3.8157591876,4.15469098785,,,4.18706764371,3.60664996906,,,3.47432516114,3.90714219078,4.21183661946,2.1080488824,,4.14846608753,4.55206633426,,3.02932796287,4.20763876156
BLOO27,"FADS2",ENSG00000134824,13.535242,-3.09016528788,-3.43484406382,-2.83506291075,-5.01725063254,-4.627370307071138,-4.58896870485,-4.87015978192,,-4.17597625788,-5.35813736771,-4.41252405063,-4.5445903358,,,,,,,,,,,,,,-4.7867308354,-4.47890879534,,-3.95708682901,-3.92971149739,-5.10700361629,-4.08382349604,-4.95686151979,,,-4.29768720796,-4.68024129142,,,-4.11105781718,-4.35329814565,-4.94798818795,-1.94421545156,,-5.67515601013,-3.54402890451,,-4.13643798584,-4.67643860613
BLOO28,"FADS2",ENSG00000134824,18.170471,3.56150177356,5.84963765924,4.27629050502,6.28055763841,5.749266624491604,5.8258934862,7.00141824689,,5.55467708286,6.6437507059,5.56572033717,5.54193558055,,,,,,,,,,,,,,5.54574149984,5.45343761773,,5.21959396835,5.1091326997,5.83180591224,3.965647983,6.23274263382,,,5.49400187244,5.50465939108,,,2.3349138305,5.3680100312,5.97104273083,1.2696447345,,6.60966425962,4.75879252441,,4.49090446668,5.91793949946
BLOO29,"FADS2",ENSG00000134824,31.231739,-8.11563705133,-9.57132221637,-8.99540674333,-11.4570344637,-10.85261399160849,-10.9883441272,-11.3601508197,,-10.6964157571,-11.0306804996,-10.5270713781,-10.6647305834,,,,,,,,,,,,,,-10.3603843392,-10.7735343997,,-10.2736858214,-10.198985658,-10.6994987528,-9.45567601259,-11.0668976485,,,-9.92757424972,-10.2947335604,,,-6.15541515193,-10.3931920885,-10.6631530093,-5.786946755,,-9.25199393276,-8.68107891221,,-7.57749851438,-10.4395809704
BLOO30,"FADS2",ENSG00000134824,16.047266,-4.06641162129,-5.78854298596,-5.19223654039,-7.14434268457,-6.80787245802649,-7.04633217201,-7.8757358699,,-6.51666647089,-6.99738153222,-6.58070513622,-6.59284475271,,,,,,,,,,,,,,-6.63214981225,-6.7108853384,,-6.31998937652,-6.34866293268,-6.47403862491,-5.03722289518,-6.9641936644,,,-6.58272946964,-6.30701621802,,,-5.21024421047,-6.4298038922,-6.84495387597,-1.5141737139,,-6.17406078056,-4.69670433268,,-4.53063574336,-6.63276857645
BLOO32,"FADS2",ENSG00000134824,7.503804,-2.90620010308,-4.41161184465,-3.92691113469,-5.02731508097,-5.123911313868209,-5.44752672726,-5.4791294516,,-4.94245890274,-4.79452513501,-5.0662521715,-4.88948645785,,,,,,,,,,,,,,-5.00991090511,-5.02121532331,,-4.77534579736,-4.5761522677,-4.53786742858,-3.93967176163,-4.9667602189,,,-5.01912978322,-4.39395833157,,,-4.15772998612,-4.75231270855,-5.01716909913,-0.785834584427,,-4.36600722156,-2.49462229093,,-3.78985601867,-5.19502307407
BLOO33,"FADS2",ENSG00000134824,11.004422,3.48610922923,3.38262589472,2.63650442524,4.22594002294,4.031611818228383,4.39871480248,4.15275945435,,3.89868896416,4.66977417253,4.23207635059,3.97473514091,,,,,,,,,,,,,,4.06273223563,3.86100721735,,3.81103086291,3.60615960639,4.20265132533,2.89887040889,4.41185599838,,,3.85607583682,3.47069928719,,,2.01062208488,3.88346520341,4.44312700652,2.00887846255,,5.62200700686,2.87737973032,,4.62577761425,4.54032086625
BLOO35,"FADS2",ENSG00000134824,47.949775,-10.270891499,-12.7601732394,-12.1204396898,-14.227840072,-14.208197190411115,-14.3883732453,-14.7238536023,,-13.7576061987,-14.7170023206,-14.0423114394,-14.0861045955,,,,,,,,,,,,,,-13.6613432512,-14.0625590986,,-13.6003985684,-13.153050483,-13.8279432407,-11.5091006303,-14.8845029457,,,-12.9621040529,-13.0611399429,,,-9.03222062933,-13.678542268,-14.5183271765,-4.14334992425,,-13.6203807007,-10.2579141847,,-11.4428881172,-14.6090045456
CHOL01,"FADS2",ENSG00000134824,19.762532,-2.1414471417,-1.77670756502,-1.82383903168,-3.41326031518,-2.4475721146385743,-2.77575406435,-4.090066039,,-2.84392865839,-4.83561998248,-2.37274186951,-2.6700318024,,,,,,,,,,,,,,-1.96951761733,-2.2757180919,,-1.77575264511,-1.4129312888,-2.95193204287,-0.565494685924,-3.34245198359,,,-1.34725455787,-1.90186510251,,,-1.13513115356,-1.88147141813,-2.79249876537,-1.84550329897,,-5.79673897339,-4.26997086859,,-4.20496755095,-3.08302377297
CHOL03,"FADS2",ENSG00000134824,5.956088,0.48199143076,1.19740815556,0.326400618225,1.89177292902,1.2630809167069916,1.40368476811,1.83385519871,,1.36683245366,2.514439061,1.27321635581,1.43615472727,,,,,,,,,,,,,,0.676894217418,1.14940524459,,0.701527850156,0.475607838857,0.989588146177,0.75689056446,1.88359642488,,,0.696304511731,0.336005003533,,,0.395694140903,0.874630594582,1.43215138801,0.972977532099,,2.62376338811,1.81967892093,,0.626874414714,1.94066705317
CHOL07,"FADS2",ENSG00000134824,20.034507,-2.57482593027,-2.35850431457,-2.91618012536,-4.28237517613,-3.4335369094070307,-3.74888341935,-5.19720087741,,-3.75979465253,-5.44334450612,-3.07280503661,-3.66209665938,,,,,,,,,,,,,,-2.87388336784,-3.24709787153,,-2.82333249276,-2.38452092221,-4.22082850919,-1.64179728874,-4.35014048321,,,-2.07120555793,-3.17566013894,,,-2.25531483111,-2.808087611,-3.90402102663,-1.41625330075,,-6.43041802508,-4.54759008496,,-4.71449174947,-3.70360025529
CHOL08,"FADS2",ENSG00000134824,17.552052,-2.53224025992,-2.06486027918,-2.03825515692,-3.60783286579,-2.6838926450609093,-3.02127627645,-4.33743190909,,-3.04314162975,-4.89625793899,-2.63325031999,-2.92179224303,,,,,,,,,,,,,,-2.27692848488,-2.5212448566,,-2.12092658194,-1.73541606539,-3.12784848188,-0.810642763409,-3.54988707122,,,-1.58199317592,-2.16714219258,,,-1.22427133643,-2.16957565862,-3.0638591755,-1.98025114793,,-5.81316319788,-4.41622460785,,-4.32072563313,-3.3676617435
CHOL09,"FADS2",ENSG00000134824,22.176787,-2.25851052835,-2.32398064004,-2.47590697252,-4.22090575064,-3.238054916066832,-3.62312945508,-5.08409878876,,-3.65747007027,-5.72685534408,-2.99876645954,-3.48364164492,,,,,,,,,,,,,,-2.70371137743,-3.01287876972,,-2.42109002355,-1.96795359998,-3.73988113191,-1.19171663658,-4.36488701166,,,-1.94950132858,-2.54624494347,,,-1.68247783826,-2.52761412477,-3.69855424024,-1.43816890642,,-6.86235042667,-4.75699146635,,-4.87756271618,-3.96035626171
CHOL11,"FADS2",ENSG00000134824,6.967260,-1.15425042752,-1.34897963058,-2.30132042237,-2.39860406583,-2.0000024611649896,-2.19984976697,-3.08380178737,,-2.11587356377,-3.168207013,-1.83806883487,-2.00393580032,,,,,,,,,,,,,,-1.66559815807,-1.77898664446,,-1.68898317877,-1.78108356506,-2.34233101978,-1.37828274945,-2.35795226179,,,-1.60514109868,-1.6051894284,,,-1.80829904123,-1.55066392257,-2.19114805528,-1.46534022998,,-3.42414752621,-3.05709038086,,-1.78653714814,-2.28419045811
CHOL12,"FADS2",ENSG00000134824,18.989064,-2.64463990504,-2.07188101127,-2.0318860033,-3.6363643926,-2.7168626493948804,-3.0734335402,-4.39014463081,,-2.9962484169,-5.01501196664,-2.55233161537,-2.97307700936,,,,,,,,,,,,,,-2.28732922788,-2.50090793103,,-2.0346260848,-1.74181446323,-3.10350401132,-0.788478460806,-3.66702500697,,,-1.56801107662,-2.07204077153,,,-1.14767005893,-2.12668518751,-3.12843334589,-2.06862233322,,-5.94090881269,-4.7470095496,,-4.16472054239,-3.5457257601
CHOL18,"FADS2",ENSG00000134824,21.524416,-2.49110757855,-2.30640206349,-2.82770209588,-4.02557953852,-3.239935768427937,-3.57686867131,-5.14542087568,,-3.49441369003,-5.52454628088,-2.80075922875,-3.50021508081,,,,,,,,,,,,,,-2.78267392916,-3.00066863375,,-2.65656918898,-2.18278122136,-3.9625689922,-1.18462547125,-4.19780928721,,,-1.87154007146,-2.76917796304,,,-1.72271804004,-2.59940737497,-3.71709752087,-1.79962082441,,-6.70610727667,-4.88124318053,,-4.8313476891,-3.87811143674
CHOL19,"FADS2",ENSG00000134824,9.729251,-1.30254800002,-0.871404086796,-1.490700944,-2.30519276655,-1.6038477797260884,-1.84301527858,-3.15950017371,,-1.65111897876,-3.27599560496,-1.45158486554,-1.71232759203,,,,,,,,,,,,,,-1.33846359282,-1.36209477245,,-1.33158694714,-1.28490670998,-2.17991359644,-0.558278878375,-2.19151485978,,,-0.929253131851,-1.24628153439,,,-1.75249228971,-1.26901285852,-1.9670924443,-1.85539498943,,-3.99320904679,-3.71678216636,,-2.00475783616,-1.98592728327
CHOL21,"FADS2",ENSG00000134824,24.485745,-3.5166843044,-5.24258369177,-5.47291606976,-6.9435008708,-6.122668617146867,-6.02584559715,-7.24352830111,,-5.90980164707,-6.72234846819,-6.44133160369,-6.31424450973,,,,,,,,,,,,,,-6.40755840062,-6.0631587714,,-5.63809350064,-5.50600158577,-6.48405149365,-4.99526080842,-7.21590925203,,,-5.81376804636,-5.33924009756,,,-2.55137851081,-5.96321885734,-6.97892072327,-2.45327508559,,-8.8895817835,-4.6528982988,,-6.21008530105,-7.26856121493
CHOL22,"FADS2",ENSG00000134824,27.796695,-3.05351434814,-4.05734297088,-5.25729153837,-6.13784985179,-4.96537599295505,-5.13474542959,-6.19737634251,,-5.01778830122,-6.34149497518,-5.26423052006,-5.33060944244,,,,,,,,,,,,,,-5.03746679372,-5.13933155959,,-4.50640708677,-4.10810903073,-5.32774477431,-3.81304588958,-6.41406456569,,,-4.60837337595,-3.50274820209,,,-1.59985217759,-4.71779995062,-5.63097796413,-2.46250721811,,-7.65856717216,-5.62890809463,,-4.62611796091,-6.44425623212
CHOL23,"FADS2",ENSG00000134824,13.203682,-1.72445276081,-1.15614774354,-1.56561595355,-2.58705789799,-1.7372349059854097,-1.99671708832,-3.39845992865,,-2.04448399127,-3.90924177811,-1.65708328978,-1.95153724575,,,,,,,,,,,,,,-1.36225567054,-1.52749167875,,-1.22597403779,-0.956165289813,-2.09063643528,-0.173047710557,-2.5047401518,,,-0.631933149896,-1.2090716876,,,-0.769559747746,-1.22010462062,-2.07558713845,-1.61813137495,,-4.79284129565,-4.14423534297,,-3.52537649252,-2.45259912584
CHOL24,"FADS2",ENSG00000134824,6.630079,-1.28461016383,-1.07257947801,-2.19143069742,-2.21842426279,-1.8801060252426216,-2.0982546545,-2.98147897169,,-1.8969401354,-3.02031258271,-1.72910421849,-1.90604508215,,,,,,,,,,,,,,-1.60340935433,-1.63135786318,,-1.59465043099,-1.68467314463,-2.28117256508,-1.3043310197,-2.24619376131,,,-1.45711771041,-1.60968280861,,,-1.76568555839,-1.44766082811,-2.05702295431,-1.67328692203,,-3.426216989,-3.07270157273,,-1.85641168693,-2.11556221767
CHOL26,"FADS2",ENSG00000134824,6.607831,0.562897106395,1.21562748708,0.278561753194,1.8705886759,1.2844112763137787,1.48921876586,1.78093154115,,1.21547889018,2.50539833005,1.38373116756,1.4464514049,,,,,,,,,,,,,,0.964999441408,1.15262859168,,0.796993094858,0.592430301532,1.14196448137,0.650788403638,1.81919940164,,,0.937087509576,0.401365995613,,,0.199098036283,1.02910333504,1.5777685312,1.1943647567,,3.10068673899,2.46609411734,,1.09303464858,2.20285179005
CHOL27,"FADS2",ENSG00000134824,23.625692,-3.70329516462,-5.14085336904,-5.27661835634,-6.88302111384,-6.057092034562966,-6.05376328771,-7.27175826516,,-5.7803092264,-6.62656199517,-6.34312705613,-6.18596591965,,,,,,,,,,,,,,-6.31573095268,-6.00001772782,,-5.70246099513,-5.68201145591,-6.56826346523,-4.87843458316,-7.04229220635,,,-5.93642334916,-5.58449624816,,,-3.01777043838,-5.93619044092,-6.87724587392,-3.03398928458,,-8.47607174768,-4.87117609475,,-5.90067694665,-7.24882274356
CHOL34,"FADS2",ENSG00000134824,22.338320,-2.62275534358,-2.44242436957,-3.03979181187,-4.23897111815,-3.4797196602305602,-3.78963279274,-5.28348068128,,-3.70725439906,-5.47272299789,-3.07806814395,-3.72949690824,,,,,,,,,,,,,,-2.97462198428,-3.25786468696,,-2.93925858153,-2.46320476352,-4.22088307837,-1.63375037048,-4.34642023013,,,-2.09879150071,-3.19493965394,,,-2.06331660731,-2.88737838777,-3.95937886063,-1.56564320263,,-6.52155220562,-4.77366225236,,-4.87594812097,-3.92187527313
CROH01,"FADS2",ENSG00000134824,6.914032,2.24132805987,2.50114361521,3.16076225325,3.59979106388,3.180027577902484,3.17695101542,3.41134983469,,2.92817980858,3.9592962822,3.42984126951,3.30311953864,,,,,,,,,,,,,,3.2225851973,3.07973989524,,2.79274200607,2.68666937592,3.79980125702,2.30059192221,3.28781032953,,,2.66010913474,3.46731169358,,,1.00286352943,3.01399616313,3.48243023945,0.800595050372,,4.36420118606,3.48124957438,,2.73010090454,3.42210308648
DEPR01,"FADS2",ENSG00000134824,7.389233,2.02623922118,2.70125434644,3.4425624414,3.8514466349,3.911328375225764,4.26214399306,3.85356176928,,3.50982788705,4.4792151646,3.7934759468,4.0718914459,,,,,,,,,,,,,,4.00526728786,3.5867493931,,3.59160713954,3.58191316325,3.91644780544,3.71148256508,3.84320003012,,,3.75492751144,3.62429355663,,,2.25497512592,3.68100330404,3.89389871993,1.95385619298,,4.98949234499,3.03148491739,,3.6994357816,4.45019146204
DIAB05,"FADS2",ENSG00000134824,6.209680,-2.201061307,-2.01583273919,-2.21706202914,-2.54025972703,-2.2160695408253344,-2.57628203545,-2.78707640282,,-2.16463786427,-2.96011037164,-2.57217966027,-2.16827752835,,,,,,,,,,,,,,-2.34640375903,-2.17059113202,,-2.1195168487,-1.88990499881,-2.72294613221,-1.39795870212,-2.70501263317,,,-2.10526818675,-1.92789424384,,,-1.31350631867,-2.20731198714,-2.55735730549,-2.41057767184,,-3.95550425353,-2.75622730927,,-3.26397549989,-2.79975456758
FATT04,"FADS2",ENSG00000134824,100.571217,-25.3664214257,-30.5592638275,-31.9914149158,-inf,-inf,-inf,-inf,,-inf,-inf,-inf,-inf,,,,,,,,,,,,,,-inf,-inf,,-inf,-33.0465880349,-inf,-29.3644827647,-inf,,,-34.1698104971,-33.2985142775,,,-inf,-35.1921150643,-inf,-inf,,-inf,-inf,,-33.7158614035,-inf
FATT06,"FADS2",ENSG00000134824,107.461326,-7.09690534596,-8.48042896267,-11.0233066996,-16.3941004398,-12.908810305148773,-14.0947574869,-18.1134381563,,-13.2182065206,-20.8077994135,-13.4457909005,-13.2776038584,,,,,,,,,,,,,,-11.7525484033,-11.934034467,,-10.0750604775,-9.30856661819,-13.6935397438,-6.95039397114,-16.5378880759,,,-9.47765515831,-10.2172481448,,,-5.26832852298,-10.392553941,-14.3904666839,-5.28066667298,,-23.5417495193,-16.0114740856,,-13.9859964727,-15.9194424054
FATT07,"FADS2",ENSG00000134824,96.481420,-6.78815062553,-8.20964349856,-10.1098943502,-15.1225366017,-11.995686240288416,-13.0957390938,-16.7174718169,,-12.3613899726,-19.0414385861,-12.4667753371,-12.3542759041,,,,,,,,,,,,,,-10.8010104405,-11.1389241954,,-9.39038731984,-8.66246720522,-12.6821807415,-6.58916605251,-15.2936841454,,,-8.88182864721,-9.48923380171,,,-4.83261315935,-9.75456243712,-13.3169897405,-4.83344392408,,-21.3566550948,-14.5218066012,,-12.8460627827,-14.6119095819
FATT10,"FADS2",ENSG00000134824,29.415986,-3.21020864376,-3.04118015404,-5.06958881365,-5.83570727711,-4.70489386682186,-5.13384113382,-6.48343400025,,-4.68410472954,-6.88189813159,-4.67219780773,-4.83545346652,,,,,,,,,,,,,,-4.47160156829,-4.39689218756,,-3.98349272491,-3.85263054625,-5.08320708289,-2.64154971241,-5.69530689314,,,-3.50148010458,-3.97596593346,,,-2.35320262459,-4.01794235104,-5.26521813491,-1.47829235991,,-7.92391315124,-5.69515138845,,-4.88663648526,-5.45400530649
FATT13,"FADS2",ENSG00000134824,74.090840,-5.21126039399,-6.39699358288,-7.4235490992,-11.6558785394,-9.057657856994927,-10.1854129333,-13.0628889821,,-9.64560409957,-14.7198856291,-9.60257482287,-9.56744167633,,,,,,,,,,,,,,-8.02240344358,-8.53816608348,,-7.07253901725,-6.39769355632,-9.77463119415,-4.5326135734,-11.7100987751,,,-6.5837694731,-7.37376602938,,,-3.56236493054,-7.31951040999,-10.1825309938,-3.25250038254,,-17.2853202824,-11.5399088647,,-10.4539008461,-11.1344191441
FATT15,"FADS2",ENSG00000134824,5.779761,-0.898034418796,-0.99954554511,-1.08587318772,-2.03762335614,-1.4906203103924025,-1.89695487216,-1.96835240886,,-1.77463522402,-2.57351340309,-1.65951496152,-1.6347260774,,,,,,,,,,,,,,-1.32238954064,-1.41719540728,,-1.08215454456,-0.784700756655,-1.81283718101,-0.761595329132,-2.06907434665,,,-1.14628821944,-1.27786362172,,,-0.94270370282,-1.18334532798,-1.70967611932,-1.3078685212,,-3.03055976584,-1.65665807777,,-1.85662564458,-1.8613582468
FATT18,"FADS2",ENSG00000134824,38.635580,2.59753361076,3.42671361244,3.79720997523,6.00226740478,5.158694563610933,5.45082688758,6.95279330014,,4.91484731059,7.77765439587,4.89988570905,5.15923942664,,,,,,,,,,,,,,4.4620312329,4.60032069074,,3.56159801238,3.48874964048,4.82487665588,3.04929024865,6.44117564491,,,3.60949881038,3.64284422684,,,1.05632954907,3.7837980403,5.33766253644,0.0187768602111,,8.8757619623,5.41966140323,,4.89878463114,6.70963574593
FATT20,"FADS2",ENSG00000134824,66.549766,4.8982640047,5.8003504969,7.11384018556,10.7292390082,8.533085209406428,9.18281571286,12.4431258863,,8.63036232333,13.7746328564,8.88757037675,8.91016878305,,,,,,,,,,,,,,7.56685062258,7.90361830311,,6.69849320338,6.2611102958,8.87641895926,4.40601675593,10.8496117278,,,6.2496977185,6.84616333146,,,3.22485504525,6.83380117977,9.38719663343,3.13660738778,,15.7803208859,11.0542575169,,9.61780558083,10.4750561335
FATT21,"FADS2",ENSG00000134824,90.846704,6.25547088844,7.34390982969,9.05642835925,13.6683930076,10.736278545030624,11.7578870582,15.2411688254,,11.1068308828,17.2087739707,11.2883798202,11.1072865727,,,,,,,,,,,,,,9.5790199879,10.0074593642,,8.44075107226,7.71356702677,11.4488988917,5.68923249064,13.7965766714,,,7.98592395834,8.61307322082,,,4.02467793126,8.74772096963,11.994247477,3.91592501428,,19.1646025515,13.2673289811,,11.8159755156,13.1652554517
FATT24,"FADS2",ENSG00000134824,41.472757,-4.42335050803,-4.35152418631,-6.2015869126,-7.30122615304,-6.118093204557011,-6.57171786671,-8.35117922051,,-5.965262201,-8.86920837408,-5.96904000847,-6.2850355295,,,,,,,,,,,,,,-5.82116985399,-5.72320286976,,-5.32010678343,-4.97594742591,-6.60582735899,-4.00058519867,-7.1681947556,,,-4.78819752762,-5.31125185944,,,-3.09035638652,-5.33553904888,-6.70131808711,-1.95953134915,,-9.76147587701,-7.17690793182,,-6.25624935438,-6.7991157026
FATT29,"FADS2",ENSG00000134824,98.427942,-8.21698716033,-8.4294254915,-12.4318099871,-16.8899512572,-13.691841716589597,-14.7667650647,-20.077347386,,-13.4962899336,-21.9282741828,-13.4352699339,-13.9491066839,,,,,,,,,,,,,,-12.3220076028,-12.3813050548,,-10.705680383,-10.2361245599,-14.7992258217,-7.11826140642,-17.1244629067,,,-9.57122904793,-10.8457163495,,,-5.66192865667,-10.8815100955,-14.9782472121,-4.96779113122,,-24.7435983638,-17.4328714771,,-14.821611511,-16.5558316007
GLYC04,"FADS2",ENSG00000134824,10.166560,-1.18799867507,-1.90982797879,-1.123698967,-3.10960646602,-2.193690926920573,-2.10486760525,-3.63033933567,,-2.34831423099,-3.59267597913,-2.49951116567,-2.25823440242,,,,,,,,,,,,,,-2.08561563568,-2.12292140659,,-1.84783673359,-1.76675961774,-2.21061005197,-1.17886702605,-2.91309536744,,,-1.65267855795,-1.58416099404,,,-0.762596761564,-1.86107597442,-2.40608300908,-0.530635594554,,-3.47865825533,-2.71490245279,,-1.7649955807,-2.91007703034
GLYC19F,"FADS2",ENSG00000134824,9.298829,-0.929009885121,-2.81715574868,-1.40248300709,-3.16381210894,-2.3935025360767024,-2.44338671833,-3.77069269768,,-2.07537574406,-3.20753260564,-2.45267439675,-2.45656767956,,,,,,,,,,,,,,-2.31362534708,-2.06266002138,,-1.9482474583,-2.30288503126,-2.58638444064,-0.904926271881,-3.03978491268,,,-2.02215502132,-1.70647186907,,,-0.959909561269,-1.90723236877,-2.53065489017,-0.513828320803,,-3.93565430828,-3.75217787934,,-1.52375128778,-3.20762207905
GLYC19M,"FADS2",ENSG00000134824,9.680602,-2.87620107848,-3.43069787219,-2.26926579115,-4.25138852283,-3.72896779761637,-3.74475802522,-4.77788461127,,-3.61956668096,-4.32225148091,-3.82878618284,-3.86487295919,,,,,,,,,,,,,,-3.61465414089,-3.54002979474,,-3.26989962266,-3.24714561589,-2.98624794648,-2.38271232741,-3.75117010816,,,-3.0867361052,-3.01866834901,,,-1.21676043042,-3.31254202081,-3.63804397661,-0.625757620058,,-3.28255000442,-3.71825571833,,-1.10685913962,-4.45968080319
GLYC19,"FADS2",ENSG00000134824,15.764749,-2.64206517527,-4.41498925379,-2.59136706593,-5.22247765642,-4.307454440292412,-4.35243011519,-6.020448016,,-3.99627965789,-5.29963787454,-4.41197045785,-4.44464655827,,,,,,,,,,,,,,-4.16615183292,-3.93236203968,,-3.66327156106,-3.91484512289,-3.93731615558,-2.26177870665,-4.7955199128,,,-3.59189515318,-3.31704601032,,,-1.55666691214,-3.66159845317,-4.34109779773,-0.802635792064,,-5.11267179363,-5.28257821625,,-1.86570393022,-5.3971024772
GLYC22,"FADS2",ENSG00000134824,7.403546,-2.46007596974,-3.12564229043,-2.30515602494,-3.8395488637,-3.2012980342038206,-3.25090842314,-3.32317621839,,-3.0824748743,-3.7118968417,-3.32681687886,-3.30252767631,,,,,,,,,,,,,,-3.12179027578,-3.21030715954,,-2.93368913765,-2.96567218242,-3.3612686569,-2.89968984503,-3.46796056719,,,-2.89148193387,-2.68606577369,,,-1.65286818861,-3.1161339181,-3.39348341065,-0.558367312982,,-3.8028078797,-2.17126974979,,-2.55810518819,-3.1949434733
GLYC35,"FADS2",ENSG00000134824,12.534944,-0.538900798884,-1.66316959484,-1.68912378835,-3.07652317253,-2.057762982999904,-2.09107266127,-3.69723921676,,-2.22423585372,-3.35554182047,-2.2955024011,-2.1998454502,,,,,,,,,,,,,,-2.12024810334,-1.94459412657,,-1.51083779972,-1.5863961215,-1.97066181734,-0.627970691251,-3.1212906712,,,-1.45328516618,-1.16104575263,,,-0.612427349135,-1.65953315205,-2.4080127794,-0.304452934645,,-3.778272926,-3.15644360216,,-1.6525665223,-3.2153582121
HEAR01,"FADS2",ENSG00000134824,12.515259,1.77922377356,2.42218019189,1.59127570022,3.40783820293,2.442751078083765,2.31805389961,3.46897209053,,2.84703256038,3.29802869547,2.06653694492,2.41360097662,,,,,,,,,,,,,,2.02545912938,2.46147752815,,1.84921758459,2.04005850543,2.09834525265,1.52130761989,3.55757688851,,,1.74701586534,1.26069074283,,,1.05559702618,1.86625248866,2.47122714218,1.42696929563,,2.97669961314,3.97661783883,,1.08177871221,3.40664631584
IRON02,"FADS2",ENSG00000134824,10.257385,3.60775527695,4.19089443626,3.97704829905,4.52194742882,4.491628898789963,4.78053902129,5.02563887699,,4.23996715022,4.99836164953,4.61870768324,4.57355112697,,,,,,,,,,,,,,4.69623368066,4.51259090119,,4.50383255339,4.20698196508,4.97447655841,4.4873345523,4.8958161027,,,4.58768704934,4.41354372804,,,2.86901454394,4.49992917831,4.85152862179,3.40295242521,,5.83312483537,5.10165716126,,4.69333647142,5.28884437298
LIPI02,"FADS2",ENSG00000134824,5.988134,-1.11289161585,-0.949236709441,-2.32753604585,-2.16112510771,-1.8270143426948928,-2.01696851996,-2.90694911145,,-1.86349715673,-2.91691131323,-1.7018825298,-1.82914814862,,,,,,,,,,,,,,-1.55577402829,-1.58327929499,,-1.55280450888,-1.63675431131,-2.18539390291,-1.26010997728,-2.17740618578,,,-1.34383895867,-1.54728598029,,,-1.73797768588,-1.39286955093,-2.00823562857,-1.21160146032,,-3.30444815569,-2.8759311522,,-1.89953016249,-2.048720584
LIPI03,"FADS2",ENSG00000134824,18.741052,-1.98361599672,-1.71978087547,-1.9659516464,-3.53782254821,-2.542150772614955,-2.87629993039,-4.22892528088,,-2.89032588411,-5.10392816985,-2.41846583351,-2.7396436563,,,,,,,,,,,,,,-2.0939635088,-2.32212892551,,-1.76189417858,-1.45315365681,-2.99249133227,-0.676267700771,-3.51944028838,,,-1.42840109849,-1.87916882801,,,-1.19029711243,-1.90550481537,-2.92501519843,-1.67231901072,,-6.08598489798,-4.64379946291,,-4.29410120206,-3.31704278766
LIPI11,"FADS2",ENSG00000134824,24.428792,-2.2231210772,-2.07524631037,-2.65663160122,-4.00867699854,-3.128863433579359,-3.48950382426,-5.1421854819,,-3.47576829097,-5.48496002843,-2.69029285577,-3.37866142493,,,,,,,,,,,,,,-2.58340676358,-2.89499975505,,-2.4098151859,-2.02800739854,-3.84693991402,-0.974728814932,-4.19443294359,,,-1.75777456153,-2.61920496272,,,-1.85334186749,-2.40994306889,-3.6180532618,-1.50843378986,,-6.76483406713,-4.51403159989,,-4.92737775894,-3.66254910094
LIPI12,"FADS2",ENSG00000134824,6.107494,0.614086797092,1.60029621205,0.570854108025,2.24029278929,1.599405725168862,1.75535251581,1.96537398613,,1.66298974248,2.72577320709,1.65396277666,1.76447446481,,,,,,,,,,,,,,1.28158960775,1.56861740193,,1.20730492426,0.889628136647,1.4281840515,1.00820211634,2.21597580462,,,1.27250875813,0.849453739141,,,0.186512996618,1.33563263481,1.90711937407,1.18852738491,,2.9804058215,2.43362099959,,0.751116756679,2.43807102564
LIPI14,"FADS2",ENSG00000134824,6.881471,0.52203293705,1.27125463576,0.145632462494,1.94955331482,1.3554901623496733,1.51140650487,1.72778146119,,1.35581951926,2.61047358598,1.40149893495,1.48370220516,,,,,,,,,,,,,,1.00339326571,1.26243806371,,0.795748655432,0.464971483061,1.24433473681,0.845095114015,2.02752805074,,,1.1127328625,0.56669840844,,,0.240984080251,1.04951209067,1.6364059536,0.877709056782,,3.08555284963,2.21184058026,,0.850371363115,2.14306047779
LIPO02,"FADS2",ENSG00000134824,18.799998,-1.92635817941,-1.67200792262,-1.9890047939,-3.54644801511,-2.554193325293243,-2.8869696367,-4.23486937939,,-2.88214202699,-5.15492196923,-2.43166900107,-2.744438736,,,,,,,,,,,,,,-2.1252800206,-2.32285453928,,-1.75383191104,-1.45130164121,-2.9966028882,-0.713111030376,-3.54856050042,,,-1.44766778078,-1.86610296988,,,-1.21541959628,-1.90720321272,-2.95042048652,-1.59563631825,,-6.14339732528,-4.69777798432,,-4.30113944475,-3.35334446387
LIPO04,"FADS2",ENSG00000134824,6.340331,0.715695701496,1.26595088298,0.406479572096,2.02328028768,1.4739161893382655,1.63623275681,1.75410179016,,1.55861536157,2.53774278493,1.53858903257,1.58110095382,,,,,,,,,,,,,,0.985365622461,1.41711943868,,0.909324095077,0.6676962629,1.24295716027,1.20228698587,2.13979978954,,,1.12914493717,0.599918535637,,,0.571988685626,1.14310407587,1.69099093209,0.714866111903,,2.63518609667,2.20673287643,,0.603367166839,2.25557675617
LIPO07,"FADS2",ENSG00000134824,6.296709,0.368933491173,1.30281712178,-0.0721423630989,1.90328156018,1.3076775737130135,1.50846058954,1.65780203312,,1.38645396928,2.53937817931,1.3860944819,1.4213796729,,,,,,,,,,,,,,0.910515414018,1.22757625351,,0.834818171009,0.430463016531,1.2783874976,0.903499935214,2.04762011095,,,0.984625244943,0.682418886818,,,0.613061748584,1.02005630671,1.57682458074,1.02629630749,,2.84615593803,2.08332984385,,0.652098110251,2.0502365168
LIPO12,"FADS2",ENSG00000134824,20.424189,-1.6169436376,-1.02749927068,-1.70332424899,-3.00632388955,-2.1112807657241377,-2.50404644191,-4.05922614097,,-2.53966301209,-4.31793370491,-1.61371345474,-2.37411067046,,,,,,,,,,,,,,-1.65221044762,-1.84525943417,,-1.22003725152,-1.04085070445,-2.68281625972,-0.145875411207,-3.18162744971,,,-0.698405869015,-1.5479910321,,,-1.13625811227,-1.31694493939,-2.43667218115,-1.02395381824,,-5.70276291436,-4.05319331443,,-3.8972313172,-2.76454730311
LIPO13,"FADS2",ENSG00000134824,5.679148,0.474332049671,1.40943211234,0.723624564389,2.02739755731,1.5360997034953956,1.71179391714,1.6982498751,,1.54879497364,2.60651367478,1.58583738445,1.66276067713,,,,,,,,,,,,,,1.15940704376,1.45124666702,,1.06380819553,0.794605990838,1.14594629278,1.17805086838,2.11035352629,,,1.35336999769,0.62907812338,,,0.186216008223,1.21191580029,1.74785314904,1.1702679831,,2.55283558915,1.93088904897,,0.567122400326,2.31243051956
LIPO15,"FADS2",ENSG00000134824,9.004290,-2.18751240977,-2.93586226606,-2.93726412008,-3.86931859312,-3.498566751884574,-3.65468740338,-3.76396706302,,-3.53216838457,-4.41874226042,-3.65563728176,-3.47741732021,,,,,,,,,,,,,,-3.08023616513,-3.36213376803,,-2.95451095651,-2.88930187232,-3.28988713301,-2.92583812337,-3.95507738798,,,-3.05644354217,-2.77441234864,,,-1.56203182138,-3.05012207804,-3.5327138783,-1.75171837142,,-4.16804111823,-2.63275103023,,-2.214840981,-3.90237249192
LIPO16,"FADS2",ENSG00000134824,21.021984,1.52616772839,2.62676275881,2.35198818157,4.21304462183,3.3813563166965546,3.69258239838,4.12117051535,,3.58544172792,5.27245540355,3.44437154593,3.55443170551,,,,,,,,,,,,,,2.92093177854,3.25926256182,,2.58449243978,2.15659331314,3.45183378354,2.59880497593,4.50144441846,,,2.63144925502,2.54863319835,,,1.88763992398,2.82145931753,3.86280984649,1.73731437431,,5.62343676334,4.18076339066,,2.45603462896,4.19722117662
OSTE04,"FADS2",ENSG00000134824,8.554707,2.92956034634,2.62384173818,3.05907256208,3.61868046054,3.665733144284146,3.71243664761,3.63818237922,,3.39329478243,4.43565691194,3.05087116399,3.43258847899,,,,,,,,,,,,,,3.52762381217,3.50251104286,,3.14505581008,2.2824851929,3.76563252519,3.06819493437,4.09085404147,,,2.84097597089,3.85501211718,,,1.41886224984,3.29418330242,3.73912861418,-1.43718749612,,3.73312991998,4.90655103525,,2.15054714743,3.46284371154
PHLI01,"FADS2",ENSG00000134824,23.938284,-2.24039049186,-2.18418033286,-2.46448259323,-3.9863013525,-3.09501341657324,-3.45204133704,-5.09079321754,,-3.41004247197,-5.47298195791,-2.65482284258,-3.33709411647,,,,,,,,,,,,,,-2.57661156789,-2.84602435394,,-2.30624230369,-1.99365973338,-3.61181614184,-0.785147599116,-4.20617715894,,,-1.82733363038,-2.39188056567,,,-1.56949645025,-2.37307516666,-3.56863897745,-1.6504563307,,-6.71664713632,-4.52920086872,,-4.72330795685,-3.79754919038
PHLI03,"FADS2",ENSG00000134824,6.173381,1.0722027591,1.94184943939,0.519759024098,2.26628985968,1.7940581388096197,1.97853533277,2.12203827242,,1.65552132749,2.56830569856,1.77579978112,1.94862971548,,,,,,,,,,,,,,1.5145769332,1.71786977881,,1.52601786142,1.21518242767,1.53151828485,1.14207856992,2.37828627606,,,1.57334354509,1.05480542438,,,0.508429605675,1.64854421944,2.08825061331,1.46113294027,,2.72128930519,2.6482355474,,0.3622757204,2.65917552448
PHLI05,"FADS2",ENSG00000134824,19.116634,-1.70572606024,-1.51209827941,-1.81824350058,-3.32521544148,-2.3622518255292135,-2.66250797024,-3.92808121431,,-2.63988209181,-4.89167047615,-2.2684222903,-2.52794641018,,,,,,,,,,,,,,-1.97568908832,-2.12881948042,,-1.58117898573,-1.2903994358,-2.77199066224,-0.677163777261,-3.32804357595,,,-1.32954174985,-1.65252229351,,,-1.13397431156,-1.75859783124,-2.76596308249,-1.38066931423,,-5.84132163411,-4.57173593352,,-4.03455321417,-3.19197690188
PHLI12,"FADS2",ENSG00000134824,5.804571,-1.23563022924,-1.06827773885,-2.5562853136,-2.3613965018,-2.0675351352276583,-2.21933426333,-2.95778982198,,-2.10579558919,-2.9885805506,-1.9064927048,-2.0252456167,,,,,,,,,,,,,,-1.82890435543,-1.83843140471,,-1.71316909537,-1.87094293671,-2.30420042529,-1.50321020042,-2.3964372757,,,-1.5868272601,-1.75976232523,,,-1.64472786111,-1.61123986906,-2.19944292619,-0.877654377142,,-3.24281592545,-2.7073779952,,-1.92803443259,-2.31228318392
RHEU01,"FADS2",ENSG00000134824,6.580639,-3.87236993186,-3.88077876944,-3.64439022347,-4.99867167181,-5.039791887636801,-4.80442341629,-4.92199705985,,-5.20201814589,-4.80426127163,-4.71846554989,-4.6369320043,,,,,,,,,,,,,,-4.20634726649,-5.00969085682,,-4.72244359951,-4.53538541448,-4.46563278203,-4.10007245494,-5.17834546364,,,-4.6532217699,-4.88494233751,,,-4.09068735056,-4.66793552666,-4.77739888721,-0.422180664889,,-2.85942982478,-3.20323459714,,-2.27393591773,-4.59760433145
RHEU02,"FADS2",ENSG00000134824,5.744776,-3.87236993186,-3.88077876944,-3.64168026154,-4.99867167181,-5.0397918876368015,-4.80442341629,-4.92199705985,,-5.20201814589,-4.80426127163,-4.71846554989,-4.6369320043,,,,,,,,,,,,,,-4.20634726649,-5.00969085682,,-4.72244359951,-4.53538541448,-4.46563278203,-4.10007245494,-5.17834546364,,,-4.67590165044,-4.88494233751,,,-4.09068735056,-4.66793552666,-4.77739888721,-0.422180664889,,-2.85942982478,-3.20323459714,,-2.27393591773,-4.59760433145
TRGL03,"FADS2",ENSG00000134824,29.260586,4.05428239709,5.44443671689,5.26789774453,7.39219189788,6.049979190834777,6.17229199648,7.00665806858,,6.56133239254,7.66513565496,6.0452449875,6.34577592568,,,,,,,,,,,,,,5.9687746789,6.42477326215,,5.59441743382,5.38731773235,6.42198572299,4.94011651035,7.28983060673,,,5.47129298987,5.17208474643,,,3.01837951001,5.77589080484,6.53452194166,3.32993877069,,7.31822253912,7.12777509752,,4.95413876984,7.33316552752
TRGL06,"FADS2",ENSG00000134824,6.618416,0.538945752879,1.04259048083,0.0903032097561,1.76738362227,1.2742185751664867,1.55944811651,1.5220391486,,1.16212976861,2.32277548844,1.2446531344,1.43379379149,,,,,,,,,,,,,,1.00219470844,1.11133487212,,0.704033009726,0.538785469881,1.04512843124,0.833335873852,1.7717864412,,,1.00899745248,0.374182975561,,,0.293231714947,0.915039288295,1.45986572631,1.43410414988,,2.74160754082,2.83719421913,,0.665251611002,2.29112265025
TRGL07,"FADS2",ENSG00000134824,8.235488,0.99410441428,1.56861440116,0.411148747167,2.28033803924,1.747686245526199,1.93308662694,2.08059545705,,1.63994801649,2.88714782404,1.72313096081,1.91948435665,,,,,,,,,,,,,,1.41950084554,1.58400866365,,1.11673165152,0.884570167371,1.5157766943,1.12358291965,2.35956212779,,,1.3892964202,0.802079239533,,,0.487478297527,1.39536258746,2.00352098713,1.22914942143,,3.40967944314,2.75323731474,,1.20853837997,2.68126791229
TRGL10,"FADS2",ENSG00000134824,17.976624,-1.95184150221,-1.39611579166,-3.69532794883,-3.59680048168,-3.096970230181025,-3.61742501594,-4.66780495119,,-3.29366240525,-5.36643349194,-2.96929947565,-3.19307219393,,,,,,,,,,,,,,-2.98477722678,-2.85635426116,,-2.65028605164,-2.31838724922,-4.13198129872,-1.66529102365,-3.98863852269,,,-2.29282546828,-2.9704090255,,,-2.14329540288,-2.56557604036,-3.65326361233,-1.02487348356,,-6.58691582273,-4.12417325829,,-5.34994332726,-3.52291661221
TRGL11,"FADS2",ENSG00000134824,7.656021,0.97139351077,1.6103814341,0.538237909664,2.30432130527,1.7201815317383735,1.93199408352,2.18804566708,,1.65324053883,2.87235522625,1.66042387211,1.90214810785,,,,,,,,,,,,,,1.4140150506,1.58849401101,,1.22665905044,1.03306800848,1.52806613581,0.994126889334,2.31396463183,,,1.2919719744,0.914442336207,,,0.562780092834,1.37561987321,1.96561136691,1.40044499206,,3.15338257943,3.01924510021,,0.733820582919,2.75104033298
