code,target,ENSEMBL,association,Adipose_Subcutaneous,Adipose_Visceral_Omentum,Breast_Mammary_Tissue,Muscle_Skeletal,DGN_Whole_Blood,Whole_Blood,Artery_Aorta,Artery_Coronary,Artery_Tibial,Heart_Atrial_Appendage,Heart_Left_Ventricle,Spleen,Brain_Amygdala,Brain_Anterior_cingulate_cortex_BA24,Brain_Caudate_basal_ganglia,Brain_Nucleus_accumbens_basal_ganglia,Brain_Putamen_basal_ganglia,Brain_Cerebellar_Hemisphere,Brain_Cerebellum,Brain_Cortex,Brain_Frontal_Cortex_BA9,Brain_Hippocampus,Brain_Hypothalamus,Brain_Spinal_cord_cervical_c-1,Brain_Substantia_nigra,Nerve_Tibial,Cells_Transformed_fibroblasts,Cells_EBV-transformed_lymphocytes,Colon_Sigmoid,Colon_Transverse,Esophagus_Gastroesophageal_Junction,Esophagus_Mucosa,Esophagus_Muscularis,Liver,Minor_Salivary_Gland,Small_Intestine_Terminal_Ileum,Stomach,Adrenal_Gland,Pituitary,Pancreas,Thyroid,Lung,Ovary,Prostate,Testis,Uterus,Vagina,Skin_Not_Sun_Exposed_Suprapubic,Skin_Sun_Exposed_Lower_leg
BLOO04,"FAM110D",ENSG00000197245,4.307664,4.08525114645,4.53758843031,3.76452058794,4.65592977189,,,3.75133853496,,4.00973768974,4.5110084914,3.86211382021,4.21226456437,,,,,,5.4139604425,,,,,,,,3.58104583089,,,,,4.42728356381,,3.66877456715,,,,,,2.81888620341,,4.86257436802,4.51762701871,4.07430876179,3.22617812442,,,,,3.27621575364
BLOO36,"FAM110D",ENSG00000197245,3.013081,3.64186951611,3.96387211486,3.29342837553,4.05797564579,,,3.32656832116,,3.72631143323,3.85019135052,3.27123906285,3.70541790631,,,,,,4.71483205531,,,,,,,,2.94896692844,,,,,3.99867267436,,3.31332190966,,,,,,2.46934517783,,4.27384784376,4.00291716769,3.62254806444,2.87729266562,,,,,2.95092710832
HEIG03,"FAM110D",ENSG00000197245,8.276782,-1.27429786432,-1.96957823024,-0.932794036981,-1.38607425006,,,-1.95154025206,,-3.414625235,-2.273680676,1.31311791864,-2.363413071,,,,,,1.21382576719,,,,,,,,-0.954323745632,,,,,-2.6443878188,,0.624034274372,,,,,,-0.465693840753,,-1.41242968757,-1.60887173296,-2.34743603895,-0.451688291573,,,,,-2.00449409046
LEAN04B,"FAM110D",ENSG00000197245,7.017412,-0.573964534722,-1.2585567182,-0.491193061711,-0.517271622811,,,-0.588062868121,,-1.78191617206,-1.60257583836,1.0120584658,-1.78384238208,,,,,,-1.03568047694,,,,,,,,-0.284634106098,,,,,-2.35008536365,,0.220171689576,,,,,,-0.0297401997694,,-0.598440217138,-0.897588767162,-1.75338288094,-0.317066238294,,,,,-1.40131793019
LEAN04M,"FAM110D",ENSG00000197245,6.257841,0.755654269618,-0.518175004073,0.159686552163,0.100122164837,,,-0.221932318833,,-1.07219213912,-0.708913106247,1.64858970895,-0.956242504808,,,,,,-0.659235136709,,,,,,,,-0.17232526347,,,,,-1.71760624009,,1.06072171505,,,,,,0.0226152419205,,-0.104169782396,-0.447104871604,-0.911685255669,-0.0950781603999,,,,,-0.97324061239
LEAN04,"FAM110D",ENSG00000197245,8.951986,0.0352345477654,-1.05050156585,-0.153237255757,-0.291952075393,,,-0.459255938372,,-1.62432047887,-1.32694154224,1.45120652611,-1.56853619611,,,,,,-0.917960478619,,,,,,,,-0.293005381758,,,,,-2.25771715267,,0.639839511498,,,,,,0.00301431637676,,-0.430361519466,-0.802192963627,-1.53400581902,-0.213011867986,,,,,-1.38356433044
LEAN05B,"FAM110D",ENSG00000197245,7.951248,-0.500256761692,-1.20282531761,-0.496037969529,-0.460704558368,,,-0.546545605727,,-1.68155786908,-1.55715115658,1.07754325048,-1.72095228122,,,,,,-0.970481181991,,,,,,,,-0.295043429686,,,,,-2.3187736283,,0.316504779611,,,,,,0.099036058782,,-0.525820231754,-0.824664949179,-1.68706680066,-0.184249380289,,,,,-1.33469793958
LEAN05M,"FAM110D",ENSG00000197245,5.971836,0.771357622295,-0.496194183573,0.169854029056,0.121571830637,,,-0.204921858653,,-1.06091957871,-0.689480687507,1.67031506597,-0.935159973894,,,,,,-0.659393276143,,,,,,,,-0.151020493679,,,,,-1.69647731174,,1.09056805093,,,,,,0.0574714526764,,-0.0807837473851,-0.428735377979,-0.886983575332,-0.0737522236164,,,,,-0.96174883574
LEAN05,"FAM110D",ENSG00000197245,8.915960,0.102126008863,-0.994583665065,-0.145477542332,-0.231942826368,,,-0.416095412866,,-1.5488993103,-1.28049716903,1.5173794329,-1.51420906592,,,,,,-0.869358933246,,,,,,,,-0.264379583462,,,,,-2.2294183052,,0.723733696443,,,,,,0.109047820684,,-0.362579102865,-0.73692129569,-1.47570979786,-0.115322104124,,,,,-1.33085462079
LEAN06B,"FAM110D",ENSG00000197245,10.360523,0.14213425576,-0.203813432512,0.595641038442,0.678819591131,,,0.109910084162,,-1.56355668156,-0.574214052581,2.57492875741,-0.738167256586,,,,,,0.174091957965,,,,,,,,0.551377043064,,,,,-1.87846041676,,2.10258389579,,,,,,0.54453313051,,0.407979137188,0.111885304933,-0.639334315493,0.4021310313,,,,,-0.191329141427
LEAN06M,"FAM110D",ENSG00000197245,10.767843,0.700914393297,-0.055997376704,1.13607372781,0.677604058269,,,0.322169586266,,-1.54575601107,-0.201052314128,2.62466403592,-0.377072292692,,,,,,-0.320438637708,,,,,,,,0.425975841928,,,,,-1.77887752685,,1.6801789809,,,,,,0.261427089585,,0.278168042563,-0.185282111425,-0.296786879537,0.191528106268,,,,,-0.563973676818
LEAN06,"FAM110D",ENSG00000197245,12.338831,0.413094129217,-0.191399017363,0.967342855981,0.732666304994,,,0.197164331675,,-1.71956900526,-0.486988233091,2.88438259796,-0.692222302311,,,,,,-0.064839893495,,,,,,,,0.541088436268,,,,,-2.00813123575,,2.11746851429,,,,,,0.452170938111,,0.381343004971,-0.0306569785741,-0.595309325,0.388191498352,,,,,-0.426721052436
LUNG02,"FAM110D",ENSG00000197245,4.539719,4.53332834328,4.51295754063,2.9690187956,4.02932445308,,,3.24372652118,,4.07539356407,4.0967798781,3.08497861156,4.60133878063,,,,,,3.02795723471,,,,,,,,4.0720766435,,,,,3.80752246742,,3.34237515468,,,,,,2.23759189047,,4.27288206901,3.90746781026,4.88197250981,3.02292686713,,,,,4.46964838945
OSTE04,"FAM110D",ENSG00000197245,4.452927,3.61193252315,4.31318282033,3.65083927205,4.62165583874,,,5.15130646251,,3.95504943231,3.94603456785,3.7432470541,4.25019457357,,,,,,1.88515393763,,,,,,,,4.74563636167,,,,,3.42812194007,,4.21563210559,,,,,,1.44411931734,,4.45107969178,3.92643755326,4.35387248614,3.27325462695,,,,,3.70915970465
WEIG02,"FAM110D",ENSG00000197245,8.868445,-0.228035752711,-0.347258503072,0.969899533752,-0.0261201673743,,,0.267541164375,,-1.41185759146,-0.521131924392,1.4242152323,-0.366824848219,,,,,,1.91488696105,,,,,,,,0.445803563645,,,,,-1.13723299407,,0.986864683349,,,,,,-0.58225373195,,0.235541883408,-0.611772615368,-0.370137912962,0.264319085908,,,,,-0.720678037065
WEIG03,"FAM110D",ENSG00000197245,6.649171,-0.171447953222,-0.274447479725,0.812467361527,-0.0383323329575,,,0.181262116018,,-1.2240789786,-0.398996049909,1.42924134524,-0.232104119044,,,,,,1.5417512171,,,,,,,,0.540469488448,,,,,-1.07374605492,,0.961576478136,,,,,,-0.449353846625,,0.209068363272,-0.519275060876,-0.248305518772,0.395109949481,,,,,-0.627888641954
