code,target,ENSEMBL,association,Adipose_Subcutaneous,Adipose_Visceral_Omentum,Breast_Mammary_Tissue,Muscle_Skeletal,DGN_Whole_Blood,Whole_Blood,Artery_Aorta,Artery_Coronary,Artery_Tibial,Heart_Atrial_Appendage,Heart_Left_Ventricle,Spleen,Brain_Amygdala,Brain_Anterior_cingulate_cortex_BA24,Brain_Caudate_basal_ganglia,Brain_Nucleus_accumbens_basal_ganglia,Brain_Putamen_basal_ganglia,Brain_Cerebellar_Hemisphere,Brain_Cerebellum,Brain_Cortex,Brain_Frontal_Cortex_BA9,Brain_Hippocampus,Brain_Hypothalamus,Brain_Spinal_cord_cervical_c-1,Brain_Substantia_nigra,Nerve_Tibial,Cells_Transformed_fibroblasts,Cells_EBV-transformed_lymphocytes,Colon_Sigmoid,Colon_Transverse,Esophagus_Gastroesophageal_Junction,Esophagus_Mucosa,Esophagus_Muscularis,Liver,Minor_Salivary_Gland,Small_Intestine_Terminal_Ileum,Stomach,Adrenal_Gland,Pituitary,Pancreas,Thyroid,Lung,Ovary,Prostate,Testis,Uterus,Vagina,Skin_Not_Sun_Exposed_Suprapubic,Skin_Sun_Exposed_Lower_leg
BLOO05,"KIAA0391",ENSG00000100890,6.674054,-2.25778738538,-0.400944122514,-2.57501191452,,-1.98629099257966,-0.0168001104346,,-2.46741402698,,,,-0.311853179401,,,,,-0.476632788366,,,,,,,,3.15052228347,1.06817944171,,,,1.26849095652,,,,0.537348995595,,,,-2.02853394416,1.15105760856,,1.5870924181,-2.00284255982,-2.04034967308,,,,1.2723629517,-1.51452873174,-1.17376981105
BLOO07,"KIAA0391",ENSG00000100890,7.105473,3.7302025245,4.42444555082,3.66503519822,,1.1253792638156497,-1.17067275744,,3.88159750598,,,,3.80350343603,,,,,-0.539019915729,,,,,,,,-0.946638651682,2.98880475942,,,,1.26291334964,,,,-1.13142844361,,,,4.32032786502,2.4263350184,,1.43758775846,3.52095644739,1.64842237211,,,,1.61431481564,3.6956687121,3.68472511038
BLOO11,"KIAA0391",ENSG00000100890,10.876638,-6.14822888294,-4.28198517255,-5.63615913612,,3.114780771076564,4.96260553745,,-5.9972426757,,,,-2.80751770168,,,,,-2.63817432617,,,,,,,,-1.78843564426,-3.70489836283,,,,-2.7832836529,,,,-2.5280512171,,,,-5.68465644374,-4.38653708406,,-3.39300210504,-5.81852505151,-3.88242284388,,,,0.934657412904,-6.09319260955,-5.58040489777
BLOO12,"KIAA0391",ENSG00000100890,5.751340,-3.65747985549,-2.21044749627,-3.21014089348,,4.655499145210655,5.30099671083,,-3.7643925995,,,,-2.05603225381,,,,,-3.44337626822,,,,,,,,-2.51811466405,-2.72040692177,,,,-2.73499827113,,,,-2.23988282963,,,,-3.31340931609,-3.60571551796,,-4.12278808379,-2.94861075141,-3.4838389389,,,,0.883384092893,-3.67482964053,-4.02573239203
BLOO13,"KIAA0391",ENSG00000100890,5.181933,-1.91874429,-1.33244182226,-1.45184917636,,4.709544276436634,4.64881967996,,-2.14937313735,,,,-1.66390977034,,,,,-3.18668191454,,,,,,,,-2.53491241607,-2.18140758547,,,,-2.57766134493,,,,-1.86576111018,,,,-1.79375005193,-3.05042459827,,-4.07156077369,-1.15823626882,-2.19303870988,,,,0.422491502824,-2.05876986958,-2.66375590307
BLOO16,"KIAA0391",ENSG00000100890,7.340711,2.71847671991,3.5376355803,2.77296509518,,2.1410359031076114,-0.0353663831767,,2.97855673409,,,,2.78689782623,,,,,-1.28005331941,,,,,,,,-1.781479614,1.97201473846,,,,0.518506790676,,,,-1.68757203335,,,,3.37535409928,1.41417329873,,0.566513185522,2.73014235209,1.23700053564,,,,1.61369599308,2.64434551548,2.54118088789
BLOO17,"KIAA0391",ENSG00000100890,7.966255,5.01461607028,5.2667496144,4.81250143623,,-0.27006319903280396,-2.8805429466,,5.2135647515,,,,4.594730411,,,,,0.380765097319,,,,,,,,-0.512342840276,3.83240552575,,,,2.0234710174,,,,-0.450930144007,,,,5.57510245889,3.54933297832,,2.61734584775,4.53185002969,2.85342014939,,,,1.23186356822,5.00769488753,4.97988007239
BLOO18,"KIAA0391",ENSG00000100890,6.536241,4.3194015231,4.78727228575,4.04794518148,,-0.7753895692293538,-2.98923631345,,4.57582790472,,,,4.34690747955,,,,,0.67113409473,,,,,,,,-0.134638969019,3.59788008289,,,,2.13218251779,,,,-0.284126141653,,,,4.86517171625,3.4606033991,,2.82546332928,3.73574784321,2.4891806817,,,,1.17831392645,4.4004086382,4.44271071769
BLOO19,"KIAA0391",ENSG00000100890,11.972243,1.14802962788,-0.0372698280785,2.0412479353,,5.551394928697455,3.33248794886,,1.24494094191,,,,-0.414633265159,,,,,-1.97125681937,,,,,,,,-4.98254602581,-2.03757050306,,,,-3.08205166458,,,,-2.14136096873,,,,1.19234909114,-3.3814823597,,-4.57555244356,1.51347197227,0.574803763735,,,,-0.603370226192,0.339763519633,-0.336907092346
BLOO21,"KIAA0391",ENSG00000100890,6.445487,1.10435645767,2.23450124891,0.921481565532,,-0.6381284962240134,-0.418759213435,,1.22574291378,,,,0.282103617182,,,,,0.23806066969,,,,,,,,1.34993208811,1.01138237122,,,,1.30712259164,,,,-0.271021184255,,,,1.29664723145,1.90058891712,,2.9480748125,-0.271205356071,0.151809920519,,,,2.72656631626,1.8172671481,1.24993257289
BLOO22,"KIAA0391",ENSG00000100890,5.969117,1.07606292114,2.25249122292,0.971602377388,,-0.36292838561765917,-0.21221744323,,1.26867229055,,,,0.264274962233,,,,,-0.0719740814777,,,,,,,,1.26410549606,0.805203283649,,,,1.36411932027,,,,-0.294400482598,,,,1.33754992858,1.75573384481,,2.59930476381,-0.221953032133,0.0848587895338,,,,2.57507171447,1.8333689293,1.1765398736
BLOO28,"KIAA0391",ENSG00000100890,12.512127,0.408736514581,1.25312312262,-0.543593443783,,-5.910049716574586,-4.13170401085,,0.222347679468,,,,1.23249391029,,,,,2.21674443767,,,,,,,,5.42894918937,3.1661246387,,,,3.78989613747,,,,2.49333070962,,,,0.306134511199,4.37043544789,,5.15865631085,-0.052795912777,0.368370479608,,,,0.480240816919,1.26822630037,1.74376156365
BODY06M,"KIAA0391",ENSG00000100890,6.663680,1.95887016251,1.70493300462,1.84451321347,,-3.939889049647166,-4.19362586512,,1.64682329353,,,,2.5761294315,,,,,1.89825147039,,,,,,,,3.52485901897,3.18164168615,,,,3.04504595659,,,,2.09620534179,,,,1.77322669796,2.20340462053,,2.79483067008,1.97027213089,1.16381947569,,,,-0.0622673454545,1.92871651704,3.06198541461
BODY07M,"KIAA0391",ENSG00000100890,6.588111,1.9662327454,1.69469299552,1.82246118793,,-3.9566870956937774,-4.20995091142,,1.64866557828,,,,2.57012872161,,,,,1.87114293058,,,,,,,,3.50937609233,3.16831368605,,,,3.03816798081,,,,2.1072433363,,,,1.77385977003,2.20195835256,,2.80808220892,1.98618252522,1.14575787439,,,,-0.0794992282835,1.92591432683,3.05278249202
BODY08B,"KIAA0391",ENSG00000100890,7.753649,1.08778237513,1.8115815561,1.02669112708,,-4.2963114959735655,-4.08982959911,,0.685569228543,,,,2.01408532008,,,,,2.90829592801,,,,,,,,4.48894227868,2.7412703992,,,,2.73950649713,,,,1.61418187654,,,,0.800643244003,2.59631164466,,3.28219047439,0.964660430342,0.317983643863,,,,0.651140507014,1.51673485477,2.21067788033
BODY08M,"KIAA0391",ENSG00000100890,7.084115,0.339238225636,1.13908707461,0.449075848692,,-4.239222878159261,-3.59435011081,,0.0163620596632,,,,1.57888359032,,,,,2.63859095544,,,,,,,,4.48544464471,2.84705863409,,,,2.45389541186,,,,1.33125966896,,,,0.423589686079,2.29426491215,,3.3738630155,0.595521484083,-0.192895290624,,,,0.573365301083,0.833444839422,1.71469683885
BODY08,"KIAA0391",ENSG00000100890,6.347222,1.24800454329,1.90744092693,1.10434509066,,-4.022081441177466,-3.9696803802,,0.850160926051,,,,2.03824574699,,,,,2.73757884119,,,,,,,,4.22386705297,2.54385953347,,,,2.71578144853,,,,1.64320866123,,,,0.873630837079,2.56261410005,,3.09701865673,1.00181439477,0.489086896056,,,,0.6290111163,1.62722431428,2.25957112237
HIPC03F,"KIAA0391",ENSG00000100890,6.948577,-1.74621585015,-3.27774298563,-1.44063710387,,1.067209804039289,1.32464270254,,-2.13503445527,,,,-3.13915979927,,,,,-0.613148712276,,,,,,,,-1.45815974477,-2.34829101384,,,,-1.38691326581,,,,0.107063714863,,,,-3.26946392821,-2.35432805653,,-2.01329496762,-1.7324730629,-0.662457561532,,,,-1.23531286303,-2.81899762178,-2.60778201322
HIPC03,"KIAA0391",ENSG00000100890,8.455473,-0.869729286487,-1.77371710428,-1.76369225974,,1.185146823540374,1.35546768452,,-1.81178146917,,,,-3.67252832871,,,,,-1.07084932105,,,,,,,,-1.63358107371,-2.80114832916,,,,-1.50387868616,,,,-0.0376756363721,,,,-1.75606388571,-2.83773976127,,-2.00077344464,-1.84807770302,-0.896919387982,,,,-1.13169091033,-3.34464009677,-3.17197715546
HIPC04F,"KIAA0391",ENSG00000100890,6.481789,-1.58772547351,-3.24368197554,-1.29262771161,,1.018091470188445,1.26514735688,,-1.91097581045,,,,-3.05236244067,,,,,-0.601325245828,,,,,,,,-1.42838458706,-2.32864278421,,,,-1.35979055386,,,,0.105290834445,,,,-3.10325304141,-2.29383980049,,-1.94399470105,-1.58730120955,-0.662061545606,,,,-1.19725652641,-2.72077044569,-2.51281539691
HIPC04,"KIAA0391",ENSG00000100890,8.346199,-0.355287619944,-1.44936753153,-1.39732187964,,1.0697391896031767,1.21071479113,,-1.27412077422,,,,-3.48745389676,,,,,-1.04181798815,,,,,,,,-1.59065699067,-2.63344954962,,,,-1.32280939064,,,,-0.0367361241508,,,,-1.23072993265,-2.73138097527,,-1.94385174354,-1.46606934973,-0.856669658362,,,,-1.07807106459,-3.12630921735,-2.95715588091
LEAN04M,"KIAA0391",ENSG00000100890,8.463681,2.69067275964,2.14750803245,2.6479254802,,-5.14877438755417,-5.37149725352,,2.22509150415,,,,3.85538778508,,,,,3.28840466626,,,,,,,,3.89460628854,3.41889796952,,,,2.8685250964,,,,2.86532179594,,,,2.48849859061,3.35502847377,,3.9295320136,2.23338738686,2.14134453792,,,,-0.171778737795,2.99700652058,3.73508349443
LEAN04,"KIAA0391",ENSG00000100890,8.052870,3.35672001518,2.65032443497,3.26103959649,,-4.811561842962022,-5.51077868924,,2.99431307929,,,,3.81669808249,,,,,3.39706134473,,,,,,,,3.38841662874,2.6162013406,,,,2.82755500004,,,,2.7233430593,,,,2.93006070143,3.02673563778,,3.19620406981,2.53457420509,2.45392997088,,,,-0.820126667426,3.38060234073,3.96887509323
LEAN05M,"KIAA0391",ENSG00000100890,8.359558,2.68421663106,2.14160746873,2.62084109254,,-5.1584373715343075,-5.38236844834,,2.21284409835,,,,3.83056078562,,,,,3.23425827984,,,,,,,,3.86155511174,3.39312284549,,,,2.86090728245,,,,2.87315650988,,,,2.48206919006,3.34888284225,,3.92374773069,2.24448235618,2.10474042351,,,,-0.162919574495,2.98009056562,3.71100242636
LEAN05,"KIAA0391",ENSG00000100890,8.342935,3.36841654023,2.66086840883,3.27455719377,,-4.797127399063247,-5.47709162792,,2.98174106461,,,,3.76782493446,,,,,3.3703223261,,,,,,,,3.37083271925,2.63863477149,,,,2.75305836702,,,,2.69944552685,,,,2.90840843503,3.03602357004,,3.2195904873,2.50170094377,2.39365768504,,,,-0.852208948236,3.36494412473,3.94061789372
LEAN06B,"KIAA0391",ENSG00000100890,7.274611,3.31090159119,3.04056981592,3.36181663157,,-4.55693089961987,-5.39145220973,,3.24067384085,,,,3.27867617123,,,,,2.83250991439,,,,,,,,2.77085431845,1.8525145928,,,,2.84480024212,,,,1.99790240355,,,,2.81402531675,2.75615529471,,3.17010011453,2.54753965108,2.32580328807,,,,-0.679903392269,2.96976549733,3.80729556224
LEAN06M,"KIAA0391",ENSG00000100890,7.731258,2.25172819257,2.19077171532,2.51133818343,,-4.699816421049315,-4.9729088629,,1.70494121464,,,,3.18615564199,,,,,2.98990645052,,,,,,,,3.43904150454,2.74266795512,,,,2.6124211059,,,,1.98076142186,,,,2.0326083165,3.18740001255,,3.696703598,1.91583918758,1.78837471267,,,,0.0180018255898,2.31955191733,3.17739599647
LEAN06,"KIAA0391",ENSG00000100890,9.157665,3.17203986391,2.96343288068,3.29580132284,,-5.187948321465681,-5.84797891369,,2.87779604118,,,,3.67680655742,,,,,3.25327396668,,,,,,,,3.51607331601,2.47550820197,,,,3.14303623328,,,,2.30137112482,,,,2.71883784475,3.3403933488,,3.87493014888,2.49874017303,2.36746789622,,,,-0.445823240166,3.00901998985,3.96960496929
SCHI01,"KIAA0391",ENSG00000100890,5.302561,-4.69049780974,-4.20086881435,-4.53774906921,,1.095927545450419,2.8466673182,,-4.89042046254,,,,-4.01139205009,,,,,-1.01379181329,,,,,,,,0.0795989997502,-2.4990805857,,,,-0.835419977211,,,,0.17867897634,,,,-5.19328798225,-2.58919193335,,-1.725841347,-4.38306309373,-2.99696080311,,,,-0.91475277219,-4.50872654538,-4.90879304395
SCHI02,"KIAA0391",ENSG00000100890,4.212228,-4.34502739253,-3.77927794021,-4.17726328159,,1.0052404548485,2.60438654076,,-4.55876557106,,,,-3.56913646631,,,,,-0.999030507269,,,,,,,,0.151245436606,-2.16584925962,,,,-0.943396817441,,,,0.167376338358,,,,-4.87671641044,-2.38387526921,,-1.59000781473,-3.94662897401,-2.98120081337,,,,-0.920956348078,-4.16926686914,-4.53442732141
