code,target,ENSEMBL,association,Adipose_Subcutaneous,Adipose_Visceral_Omentum,Breast_Mammary_Tissue,Muscle_Skeletal,DGN_Whole_Blood,Whole_Blood,Artery_Aorta,Artery_Coronary,Artery_Tibial,Heart_Atrial_Appendage,Heart_Left_Ventricle,Spleen,Brain_Amygdala,Brain_Anterior_cingulate_cortex_BA24,Brain_Caudate_basal_ganglia,Brain_Nucleus_accumbens_basal_ganglia,Brain_Putamen_basal_ganglia,Brain_Cerebellar_Hemisphere,Brain_Cerebellum,Brain_Cortex,Brain_Frontal_Cortex_BA9,Brain_Hippocampus,Brain_Hypothalamus,Brain_Spinal_cord_cervical_c-1,Brain_Substantia_nigra,Nerve_Tibial,Cells_Transformed_fibroblasts,Cells_EBV-transformed_lymphocytes,Colon_Sigmoid,Colon_Transverse,Esophagus_Gastroesophageal_Junction,Esophagus_Mucosa,Esophagus_Muscularis,Liver,Minor_Salivary_Gland,Small_Intestine_Terminal_Ileum,Stomach,Adrenal_Gland,Pituitary,Pancreas,Thyroid,Lung,Ovary,Prostate,Testis,Uterus,Vagina,Skin_Not_Sun_Exposed_Suprapubic,Skin_Sun_Exposed_Lower_leg
BFPC02B,"GFPT1",ENSG00000198380,8.307673,4.32767907137,3.76501656958,1.13031804252,3.97651780709,4.391837484348526,3.51292763503,4.59870595633,,2.73415282306,,,,,,,,,,,,,,,,,3.68861477701,5.01367571577,,2.55480462432,5.32171922929,,,5.53170599038,,,,,,,,1.96648613342,,,,,,,,
BFPC02M,"GFPT1",ENSG00000198380,6.147361,3.12044114267,2.92527390698,0.224972189238,2.83884057268,3.418854465269742,2.9012480123,4.09911588665,,1.87487623969,,,,,,,,,,,,,,,,,3.01004873852,4.2875976097,,2.34047407216,4.35214645748,,,4.54286517417,,,,,,,,1.53628012489,,,,,,,,
BFPC02,"GFPT1",ENSG00000198380,7.864772,4.31279612011,3.63941569755,1.33242906076,4.00970343657,4.3371925817126264,3.45504681521,4.38458853863,,2.79020081566,,,,,,,,,,,,,,,,,3.55651260023,4.78624921575,,2.35976740435,5.1743200519,,,5.35302289401,,,,,,,,1.97804834954,,,,,,,,
BFPC03B,"GFPT1",ENSG00000198380,7.767131,4.1655811683,3.74755018833,1.01308043777,3.94979498293,4.237364660727063,3.38330560795,4.59111036547,,2.61681937443,,,,,,,,,,,,,,,,,3.576399983,4.89975880713,,2.4724947845,5.08598515411,,,5.40235000535,,,,,,,,1.87528806182,,,,,,,,
BFPC03M,"GFPT1",ENSG00000198380,5.994819,3.09887627054,2.90785180934,0.254890516436,2.8309846709,3.420074476582096,2.88967626984,4.13312341623,,1.92143476842,,,,,,,,,,,,,,,,,3.0395810872,4.26345918382,,2.37354310671,4.31729811425,,,4.5182841634,,,,,,,,1.53461554639,,,,,,,,
BFPC03,"GFPT1",ENSG00000198380,6.759301,4.12125978131,3.62016207962,1.17763491722,3.96107377642,4.134809777354181,3.28988080794,4.36056522082,,2.63125258725,,,,,,,,,,,,,,,,,3.4118638603,4.6491952726,,2.2418453954,4.8873807815,,,5.19357686549,,,,,,,,1.86978482987,,,,,,,,
BFPC04B,"GFPT1",ENSG00000198380,16.060521,5.69441058707,4.61456557899,1.72883306838,6.40285962474,5.760238856487437,3.78344023573,5.68901061893,,4.25991269335,,,,,,,,,,,,,,,,,5.60915101636,6.95586674476,,4.72386876204,7.14935489811,,,7.61797028388,,,,,,,,2.76334937437,,,,,,,,
BFPC04M,"GFPT1",ENSG00000198380,13.278684,4.91676139011,3.74026119363,1.01794804612,5.31676807038,5.129506916332392,4.00373122112,5.15480391188,,3.94464662849,,,,,,,,,,,,,,,,,4.93100453427,6.32704490291,,4.18799166276,6.23781496948,,,6.74850472323,,,,,,,,2.74968190041,,,,,,,,
BFPC04,"GFPT1",ENSG00000198380,16.401013,5.48029335676,4.45053720095,1.86513139826,6.28087542291,5.545123963243399,3.49052470482,5.40621774515,,4.03982977861,,,,,,,,,,,,,,,,,5.39999124344,6.63386291664,,4.6042726174,6.90090244579,,,7.30285265793,,,,,,,,2.57652900651,,,,,,,,
BLOO29,"GFPT1",ENSG00000198380,0.693146,-0.156079409209,-0.0886834331694,0.59802427578,0.374628952659,-1.316769121995186,-1.74159638925,-0.266625247469,,-1.93606035811,,,,,,,,,,,,,,,,,-0.541471094422,-0.14165221044,,-3.39886269698,0.368233987877,,,0.336524587348,,,,,,,,-4.80585383376,,,,,,,,
BODY08B,"GFPT1",ENSG00000198380,5.622840,3.65294966566,2.9893222248,0.200353500002,3.60461617183,2.839939491534499,1.63534661928,3.9288407643,,2.03572371774,,,,,,,,,,,,,,,,,3.29334468147,4.64798333655,,2.91587009689,4.57811076602,,,5.16472962828,,,,,,,,1.55625565944,,,,,,,,
BODY08M,"GFPT1",ENSG00000198380,7.790137,3.80609713251,2.66784769134,-0.576883370419,3.57771988551,3.218386345699268,2.3002015175,4.23117110282,,2.49268229709,,,,,,,,,,,,,,,,,3.69927244923,5.19422355834,,3.19288723455,4.65608937228,,,5.3507065208,,,,,,,,2.12061980337,,,,,,,,
FATM02B,"GFPT1",ENSG00000198380,6.615772,4.13608145336,3.82236152025,1.1893316281,3.35249502547,3.141524202596791,2.40670028029,4.3261021004,,2.50728947468,,,,,,,,,,,,,,,,,3.12927881545,4.53410675017,,2.42697004926,4.99805344842,,,5.03720772054,,,,,,,,2.09612339998,,,,,,,,
FATM02M,"GFPT1",ENSG00000198380,5.696199,3.33443737312,3.42503096541,0.379844297156,2.76175039591,2.9014284600318754,2.38980838947,4.36323566315,,2.02474427163,,,,,,,,,,,,,,,,,3.01057716594,4.35466127536,,2.44158460508,4.50021252561,,,4.60061539654,,,,,,,,1.84395865692,,,,,,,,
FATM02,"GFPT1",ENSG00000198380,5.318524,3.99686795647,3.54023217405,1.37879678272,3.28591197549,2.968707356053212,2.24387024633,3.96404489953,,2.4688698785,,,,,,,,,,,,,,,,,2.89705860208,4.17842792995,,2.14594379122,4.73521007784,,,4.72747442057,,,,,,,,2.02649939967,,,,,,,,
FATM03B,"GFPT1",ENSG00000198380,5.549228,3.96011952345,3.81521897889,1.10219471526,3.30577997597,3.002863397625176,2.29351521912,4.30435690827,,2.40153120373,,,,,,,,,,,,,,,,,3.02332287292,4.41156640961,,2.30358530277,4.7777431541,,,4.90264200373,,,,,,,,2.03347324532,,,,,,,,
FATM03M,"GFPT1",ENSG00000198380,5.632551,3.31466578127,3.40809444369,0.413292782605,2.75438180611,2.901641348769179,2.38164474259,4.38680258591,,2.0667417394,,,,,,,,,,,,,,,,,3.04891129869,4.32665867931,,2.4769947712,4.46092348906,,,4.57888223955,,,,,,,,1.86037166098,,,,,,,,
FATM04B,"GFPT1",ENSG00000198380,11.708676,5.28003636994,4.19541160292,1.41176706485,5.97216170326,4.742281009625121,2.75377573959,5.66216030305,,3.86536201912,,,,,,,,,,,,,,,,,4.96657072737,6.658393182,,4.872203735,7.01464520269,,,7.22713245022,,,,,,,,2.75674042895,,,,,,,,
FATM04M,"GFPT1",ENSG00000198380,10.718717,4.91546176759,3.4611406444,0.692360290675,5.35908388262,4.566513952211144,3.24662231721,5.40097411358,,3.95951222532,,,,,,,,,,,,,,,,,4.75722782409,6.37504830539,,4.70755868829,6.44637060583,,,6.70339287358,,,,,,,,2.9249769482,,,,,,,,
FATM04,"GFPT1",ENSG00000198380,11.443661,4.96559833443,4.00571747663,1.59226972568,5.7395120027,4.461263514060716,2.45123027504,5.28418583436,,3.56220023184,,,,,,,,,,,,,,,,,4.67319089115,6.23571727565,,4.62531184627,6.66243993918,,,6.81468384144,,,,,,,,2.50966112118,,,,,,,,
MENA02F,"GFPT1",ENSG00000198380,4.926355,-3.88953539039,-2.31340283004,-2.49462969434,-2.53061894805,-1.9876971659464224,-0.356603207803,-3.45125634052,,-0.711637400875,,,,,,,,,,,,,,,,,-3.34274554456,-4.78635964661,,-3.04795237153,-3.7447267442,,,-4.24366246063,,,,,,,,-2.89007573035,,,,,,,,
