code,target,ENSEMBL,association,Adipose_Subcutaneous,Adipose_Visceral_Omentum,Breast_Mammary_Tissue,Muscle_Skeletal,DGN_Whole_Blood,Whole_Blood,Artery_Aorta,Artery_Coronary,Artery_Tibial,Heart_Atrial_Appendage,Heart_Left_Ventricle,Spleen,Brain_Amygdala,Brain_Anterior_cingulate_cortex_BA24,Brain_Caudate_basal_ganglia,Brain_Nucleus_accumbens_basal_ganglia,Brain_Putamen_basal_ganglia,Brain_Cerebellar_Hemisphere,Brain_Cerebellum,Brain_Cortex,Brain_Frontal_Cortex_BA9,Brain_Hippocampus,Brain_Hypothalamus,Brain_Spinal_cord_cervical_c-1,Brain_Substantia_nigra,Nerve_Tibial,Cells_Transformed_fibroblasts,Cells_EBV-transformed_lymphocytes,Colon_Sigmoid,Colon_Transverse,Esophagus_Gastroesophageal_Junction,Esophagus_Mucosa,Esophagus_Muscularis,Liver,Minor_Salivary_Gland,Small_Intestine_Terminal_Ileum,Stomach,Adrenal_Gland,Pituitary,Pancreas,Thyroid,Lung,Ovary,Prostate,Testis,Uterus,Vagina,Skin_Not_Sun_Exposed_Suprapubic,Skin_Sun_Exposed_Lower_leg
BALD01,"ACBD4",ENSG00000181513,5.675841,2.83232254993,,1.43305159099,,3.444752157241389,0.228064955971,2.29311323141,1.58021067441,2.49534983687,1.83365259559,,,,,2.00892735831,2.41082159359,,2.8607427976,2.32215764907,0.74828855602,,,,2.66012736911,,2.81666133768,,,2.49420251759,1.17949212071,2.15820612623,2.24263949441,1.86514896867,,,,0.376948235448,-0.229374255154,2.35273004181,-0.542614732017,2.23161771566,1.99169191953,2.04575520126,1.76423971351,-0.836309079633,,,2.07168963117,2.3644790151
BFPC02B,"ACBD4",ENSG00000181513,4.331148,2.91086210227,,3.97784626729,,2.807275598540111,3.98820039236,2.92584618974,3.38332858719,1.81637775522,2.53577017885,,,,,3.83445317627,2.14643975637,,3.32189212751,2.99862287545,4.75813004439,,,,2.18523776767,,3.07971998887,,,2.57929703725,3.55674254678,3.94702324938,4.45516751626,3.02477262034,,,,2.03292674349,0.371982878036,3.11982979716,1.9032516456,3.02827634315,1.99268963344,3.39346246856,3.59847238706,-0.875172189851,,,3.8082308192,3.68601607324
BFPC02,"ACBD4",ENSG00000181513,3.759151,2.79064103122,,3.73107511773,,2.9143749867534585,3.80047788877,2.82525035858,3.24283427753,1.66570883868,2.48388856492,,,,,3.64881582426,2.16509182899,,3.31677175765,2.92022243413,4.84702481853,,,,2.2883166623,,3.00986300288,,,2.62423924521,3.39690180163,3.85005533594,4.2247115556,2.93373143582,,,,1.92718087547,0.509300017317,3.02208001202,1.89721192749,2.90600091485,1.81961949507,3.27772849695,3.41281997001,-0.936220798918,,,3.67840131423,3.54219634917
BFPC03B,"ACBD4",ENSG00000181513,4.630357,2.87800927133,,3.96392397971,,2.7856008830153933,3.95997338405,2.90446218863,3.37565257535,1.76656303528,2.51868486637,,,,,3.81730512345,2.07509445029,,3.30806087367,3.01498094731,4.75440916925,,,,2.12948600597,,3.05018345471,,,2.54950316346,3.56372799741,3.97370494754,4.4268684383,3.01539999821,,,,2.0093794035,0.273569428002,3.09665828712,1.88071450216,3.0032775543,1.96591543078,3.3749799961,3.57692969475,-1.01991614885,,,3.8023813352,3.7039555629
BFPC03,"ACBD4",ENSG00000181513,3.961857,2.7513376803,,3.69839807864,,2.8874841635707784,3.74516279002,2.79612379038,3.21924488302,1.60275166067,2.46107323572,,,,,3.61561528966,2.05997708031,,3.29168903314,2.9305260207,4.83688606522,,,,2.21883589378,,2.96755564812,,,2.57634792819,3.39867557483,3.87598726288,4.17999515087,2.91616620352,,,,1.89392155884,0.373362487243,2.99135404492,1.86587457518,2.87199846365,1.7848472247,3.24975336114,3.38256510839,-1.11363343679,,,3.66414620715,3.56098536272
BFPC04B,"ACBD4",ENSG00000181513,7.891435,2.69691847055,,4.4766249624,,2.206636740297241,4.48540824879,2.39136287085,2.70427647065,2.88310300612,1.95569414939,,,,,3.64994822663,1.78089676295,,2.81646655721,3.62629156809,5.72268342386,,,,1.32656222811,,2.74539738137,,,3.32418706411,3.74558181165,4.20867726106,4.01658448621,2.42152085469,,,,2.28347943892,0.307248999008,2.94294133298,1.79223751402,2.5138425046,1.30279782125,3.00849709938,3.39305743508,-1.65393632897,,,3.61383557256,3.97741467471
BFPC04M,"ACBD4",ENSG00000181513,6.344506,2.61317336847,,4.25410812567,,1.5439477655127525,4.58050322976,2.29083284866,2.66379672533,2.74901859844,1.80102980267,,,,,3.61097214978,1.80844666616,,2.62457047297,2.89297123417,3.98607629004,,,,1.09758547614,,2.64526931446,,,2.43394152071,3.48970866191,3.32926545469,3.92314224915,2.3203065561,,,,2.4049101374,0.272364771109,2.77898530363,1.91320397494,2.53429853948,1.84073036597,2.88067668253,3.47137645847,-0.91820357545,,,3.40769106626,3.44863347461
BFPC04,"ACBD4",ENSG00000181513,7.139998,2.47316534474,,4.13740832395,,2.210073554911623,4.06138491498,2.21986791486,2.51978170125,2.70711028362,1.84341300001,,,,,3.36153841748,1.63993487468,,2.62805613724,3.50198904272,5.72448586442,,,,1.27749770036,,2.51395438079,,,3.3615538273,3.45360655382,4.10498334212,3.75210010979,2.26283984026,,,,2.02532008155,0.323607857325,2.73360296799,1.68135362788,2.30631954042,1.01547075213,2.79938515758,3.06315532165,-1.73301220085,,,3.36982388402,3.73897478831
BLOO04,"ACBD4",ENSG00000181513,2.065057,-2.12044447654,,0.589549498432,,-1.8613570002259325,0.601115636251,-1.43425792533,-1.12367995275,-3.57848724651,-1.26736611461,,,,,-2.0282485609,-1.18026062424,,-1.84128967742,-2.29228824271,4.72269154,,,,-1.59788277813,,-2.55978533697,,,-0.664312653892,-0.272215600965,0.537233340262,-2.63509150908,-1.15655518738,,,,-1.3113955249,0.0925626315198,-1.78177737769,-1.95272361737,-1.53914329153,-2.69807232517,-1.22746672305,-0.467748213701,-3.20657973195,,,-1.18686929048,0.271689989271
BLOO07,"ACBD4",ENSG00000181513,3.685143,2.77868784967,,3.08160294321,,2.700213598849937,2.15509149766,2.85688436588,2.96768282067,3.50572277859,2.53624434837,,,,,3.84958215334,2.01336259042,,3.50073981149,3.170366519,-0.243461652223,,,,2.23448539838,,3.18613479727,,,0.905178352151,2.21447857412,2.48944045223,4.71526446114,2.79239577831,,,,2.05171389249,0.827884916676,2.91057693195,1.68381617254,2.88030196627,3.48423362681,3.05413526784,3.3261832236,1.98891489854,,,3.1225444771,2.65312971241
BLOO25,"ACBD4",ENSG00000181513,3.783860,-1.20264054253,,0.375385010127,,-0.10197388680872213,-0.234805681001,-1.3916804059,-1.27658427864,-5.15406474689,-1.20333968823,,,,,-1.32697864054,0.0123520085262,,-0.84168050719,-2.0569790763,8.43604203603,,,,-0.491052759529,,-1.79594948539,,,0.0457698040764,-0.736078562453,1.60215178243,-1.3891983586,-1.27686569743,,,,-1.73541602419,-0.463176997499,-1.47824676673,-3.10332334206,-1.76217186726,-4.25968511006,-1.49979178056,0.122436570297,-4.43802574887,,,-1.21908552426,1.43101177437
BLOO26,"ACBD4",ENSG00000181513,2.509255,0.600778873331,,1.99844380996,,1.579087165712657,0.871417994374,0.359565491419,0.568088680478,-2.03340989175,0.0546211209094,,,,,0.86720312649,1.6140989862,,1.05679965803,1.1871046616,6.06294149847,,,,0.956626307274,,0.0279996706563,,,1.42440173505,1.36073306173,2.1444573083,1.0464036892,0.248328286394,,,,1.19356325168,0.725785814211,0.404450656246,-0.868055608727,0.0599865967349,-1.40277292221,0.334069773409,0.750784003667,-2.88621465743,,,0.705199264848,2.56525063212
BLOO35,"ACBD4",ENSG00000181513,3.345015,-1.34425468942,,-2.53244313566,,-3.0428099437171046,-2.87863780296,-1.04565131361,-0.97366085289,2.137781199,-0.775923470927,,,,,-0.993875875801,-3.63847785892,,-2.56645132664,-1.91517712258,-5.91176260741,,,,-1.07937401238,,-0.974316765986,,,-1.54145494782,-0.854495303377,-2.26704909209,-1.81833942364,-0.810693706319,,,,0.527504194616,0.495881997281,-1.21061172692,0.680933533151,-0.874012783641,0.247974790682,-0.665768488878,-1.35068848356,5.3620482178,,,-1.3301678368,-3.0273286786
BLOO36,"ACBD4",ENSG00000181513,1.511830,-1.59112878068,,0.906988631184,,-1.8501284531069127,1.41809978827,-1.05897356385,-0.626178728192,-3.10072816104,-0.944848941795,,,,,-1.34713141844,-1.17045563459,,-1.93227971979,-1.61781244603,5.41281236486,,,,-2.05016174814,,-2.42299986357,,,-0.999057184501,0.466748008356,1.07699059713,-1.88793121903,-0.755706693818,,,,0.416663861691,-0.0649621985357,-1.32680040403,-2.16536882731,-1.1620782453,-2.4032406537,-0.772955070554,0.0675219951477,-0.883188641156,,,-0.62287046956,0.238000266285
HEIG03,"ACBD4",ENSG00000181513,18.402843,-5.39821830921,,-4.50809953923,,-2.1790365791038115,-3.40461586251,-4.66403283734,-4.01742034141,-5.18618252004,-4.8563989094,,,,,-3.37232927387,-2.35743615094,,-4.20661605168,-4.14169260116,-2.31969595195,,,,-4.49475793825,,-4.46233533664,,,-1.78498788776,-4.99899667233,-4.64015854119,-3.43843894357,-4.71426304516,,,,-5.68424764153,-2.77461726363,-5.396143231,-3.82341738069,-5.24408709187,-6.89223723021,-5.66366941799,-4.11389958529,-5.20724699845,,,-5.82825714939,-3.47810281535
LEAN04B,"ACBD4",ENSG00000181513,8.924782,-4.51804963908,,-5.01934912981,,-3.0142994017112734,-3.25661569159,-4.26382407229,-3.8150395425,-4.54591248241,-3.79296048967,,,,,-3.99394187844,-0.664452810379,,-4.17774323433,-4.77011337943,-2.00531814336,,,,-3.23747682715,,-2.94773462419,,,-0.789355673725,-3.83009256983,-2.72230527028,-4.27044270944,-3.97458723578,,,,-3.80463848944,-2.33283703149,-4.54466646977,-2.71706076652,-4.57538360745,-5.82459718813,-4.62053967711,-3.71482871306,-2.47472981102,,,-4.7797433458,-4.27768195992
LEAN04M,"ACBD4",ENSG00000181513,6.681498,-4.95038928613,,-5.3784897856,,-4.209537859477506,-3.33643299723,-4.71092166128,-4.12816388525,-4.45562806356,-4.33074692329,,,,,-4.23044391223,-0.476452296999,,-4.70330270472,-5.10029221563,-2.99640351251,,,,-3.69211318409,,-3.72544567473,,,-1.37337402161,-4.72478104185,-3.2255922539,-4.08570644513,-4.4879036612,,,,-4.63271707192,-2.54893955887,-5.0208877642,-3.24738184519,-4.95415782522,-5.79780711297,-5.12905066948,-4.43261686251,-3.12989797371,,,-5.33867971333,-4.71326616904
LEAN04,"ACBD4",ENSG00000181513,9.719968,-5.23492093053,,-5.77013338033,,-3.9124870659094095,-3.51990157276,-4.97676029725,-4.40192534982,-5.09256879198,-4.49773804543,,,,,-4.49842255466,-0.644658584614,,-4.86084511579,-5.46423710148,-2.69976720907,,,,-3.78338256367,,-3.64486461743,,,-1.15608690555,-4.6677452192,-3.28326455565,-4.58812414479,-4.68709901362,,,,-4.62923810586,-2.62398684641,-5.27049755452,-3.19725321181,-5.28306478292,-6.48064077081,-5.38187953652,-4.46535563309,-3.24508128936,,,-5.57830775944,-4.99706931379
LEAN05B,"ACBD4",ENSG00000181513,8.638952,-4.51756834115,,-4.93791660697,,-2.995110177354306,-3.26859231492,-4.2229489189,-3.75440975698,-4.62977949999,-3.74364936428,,,,,-3.99255632629,-0.730630734282,,-4.17603887687,-4.70386046878,-1.93616175774,,,,-3.21917163206,,-2.92072409277,,,-0.778356382019,-3.79208988156,-2.66624569677,-4.28518395592,-3.91844068683,,,,-3.71745111521,-2.38009295281,-4.51713841197,-2.63458127014,-4.5392003669,-5.83702093695,-4.57744803577,-3.68825628729,-2.49913168672,,,-4.72230011293,-4.17861126997
LEAN05M,"ACBD4",ENSG00000181513,7.020497,-4.92808582502,,-5.36001746974,,-4.138084705162733,-3.32330666208,-4.66775339079,-4.05943292594,-4.38832030715,-4.2851757082,,,,,-4.21443095558,-0.431144221542,,-4.65514581652,-5.06129077707,-2.96499108619,,,,-3.63248395689,,-3.70227717332,,,-1.35385931771,-4.74571161163,-3.1895655013,-4.03496202738,-4.43542460016,,,,-4.66138712982,-2.53061735671,-4.99299943838,-3.24739480456,-4.90868843596,-5.7715884327,-5.09175252428,-4.40719010668,-3.08928725857,,,-5.30716203446,-4.69549899953
LEAN05,"ACBD4",ENSG00000181513,9.434861,-5.24388634783,,-5.71834370636,,-3.870207922445506,-3.5408830118,-4.94644253462,-4.3406257091,-5.1242466535,-4.46097778319,,,,,-4.50075624618,-0.677751791855,,-4.84846961978,-5.41655960073,-2.6405728596,,,,-3.76019921808,,-3.63800522122,,,-1.15231995101,-4.66223739855,-3.24387829526,-4.58524378158,-4.64124627983,,,,-4.6091153071,-2.65975264105,-5.25810337625,-3.16314756453,-5.2543660124,-6.48911116571,-5.35323145298,-4.45080084612,-3.24921049285,,,-5.54360265041,-4.94479725778
LEAN06B,"ACBD4",ENSG00000181513,15.696782,-6.29172517107,,-6.37428268843,,-4.033668903805781,-3.04609146191,-5.7913198631,-5.50297436849,-5.886145535,-5.26175055639,,,,,-4.87621453695,-1.85906650262,,-5.64513764954,-5.92935851794,-2.38590395692,,,,-4.36914260789,,-4.28312450192,,,-2.240906426,-5.68760926578,-3.873391084,-5.20144120488,-5.61700788055,,,,-5.03924496442,-2.45559182046,-6.0511464728,-2.35135251693,-6.22036805693,-7.7004579559,-6.27465156447,-5.25375308777,-3.57513078711,,,-6.57931275139,-5.3604204714
LEAN06M,"ACBD4",ENSG00000181513,15.831444,-7.04871362666,,-6.78956458208,,-5.336545518010546,-3.52140613328,-6.67302285273,-5.94141963371,-5.64935815607,-6.26712558533,,,,,-4.98103399713,-1.77758532436,,-6.21932516012,-6.96358885151,-4.76224989301,,,,-5.38418162384,,-4.91935654351,,,-2.86923676482,-6.06111546419,-5.19585154623,-5.14773680019,-6.43510939203,,,,-5.74188926394,-2.81299735662,-6.8492023733,-2.69376484745,-7.00572162641,-7.87626321456,-7.02838315323,-5.79938066181,-3.70305581167,,,-7.31561496887,-6.31209186229
LEAN06,"ACBD4",ENSG00000181513,19.294128,-7.27394561885,,-7.14164461957,,-5.050811115486896,-3.48469650814,-6.78633616055,-6.2573063613,-6.44844441482,-6.26941990238,,,,,-5.3669051041,-1.95967773427,,-6.45810356198,-6.97154095158,-3.75050690164,,,,-5.28954056608,,-4.95714531395,,,-2.75372212749,-6.40693822504,-4.89122851308,-5.66503792304,-6.56639987613,,,,-5.84247178232,-2.85141518352,-7.01796902785,-2.59503722693,-7.21399170486,-8.53108471418,-7.25727633831,-6.02172699917,-4.08173528715,,,-7.56916980497,-6.33581040181
MENA02F,"ACBD4",ENSG00000181513,8.829592,-2.3646958151,,-2.07014158645,,-0.49231600906476297,-3.11880560192,-1.29970076561,-0.829394029052,-0.641915585264,-0.950997893333,,,,,-1.74325812919,-1.25963532501,,-1.67782485064,-2.08820592189,-2.6724982528,,,,-1.67620745399,,-1.1069047104,,,-2.19338217671,-3.22408390237,-2.39635860379,-0.853950485067,-1.09293453761,,,,-1.16075909666,1.08828825512,-1.78841384503,0.733733842539,-1.40949466922,-1.11488881234,-1.54809287771,-2.51533691619,1.85843084721,,,-2.15314305202,-2.62474741375
NEUR02B,"ACBD4",ENSG00000181513,3.917286,-2.42990176202,,-3.21127726232,,-2.57519624968904,-2.1038050401,-1.69575535412,-1.69076305373,-2.61536486895,-0.904142306464,,,,,-4.31206614457,-1.67458381913,,-3.54418537514,-2.03854998217,-1.33560865253,,,,-2.44280022646,,-3.25475752926,,,-3.16318276583,-2.55580253814,-2.26907930921,-4.90324114888,-1.28994996381,,,,-1.24139840306,-2.03794876784,-2.33676722116,-2.68615626019,-1.90936662251,-2.08437618264,-1.8728008948,-2.49867396384,2.31727928802,,,-2.33490660705,-2.58093205228
OSTE01,"ACBD4",ENSG00000181513,1.302544,2.4760305829,,1.88803585265,,1.8920484574028442,0.256801987113,2.22903847692,1.42903330142,2.15025054853,2.25977225427,,,,,0.503897558579,1.1689261994,,1.42502117898,1.98952728648,4.81498420462,,,,2.22257622285,,2.02550479286,,,1.66715305694,-0.894763213185,3.52610790727,1.45907222494,2.09016692049,,,,1.66069657617,1.00994546479,2.06222922425,1.39303553453,2.0206785628,0.202027761118,2.26895484769,2.39954756877,-0.854064473031,,,2.24945571068,2.76956226706
