code,target,ENSEMBL,association,Adipose_Subcutaneous,Adipose_Visceral_Omentum,Breast_Mammary_Tissue,Muscle_Skeletal,DGN_Whole_Blood,Whole_Blood,Artery_Aorta,Artery_Coronary,Artery_Tibial,Heart_Atrial_Appendage,Heart_Left_Ventricle,Spleen,Brain_Amygdala,Brain_Anterior_cingulate_cortex_BA24,Brain_Caudate_basal_ganglia,Brain_Nucleus_accumbens_basal_ganglia,Brain_Putamen_basal_ganglia,Brain_Cerebellar_Hemisphere,Brain_Cerebellum,Brain_Cortex,Brain_Frontal_Cortex_BA9,Brain_Hippocampus,Brain_Hypothalamus,Brain_Spinal_cord_cervical_c-1,Brain_Substantia_nigra,Nerve_Tibial,Cells_Transformed_fibroblasts,Cells_EBV-transformed_lymphocytes,Colon_Sigmoid,Colon_Transverse,Esophagus_Gastroesophageal_Junction,Esophagus_Mucosa,Esophagus_Muscularis,Liver,Minor_Salivary_Gland,Small_Intestine_Terminal_Ileum,Stomach,Adrenal_Gland,Pituitary,Pancreas,Thyroid,Lung,Ovary,Prostate,Testis,Uterus,Vagina,Skin_Not_Sun_Exposed_Suprapubic,Skin_Sun_Exposed_Lower_leg
ATOP01,"SELENBP1",ENSG00000143416,2.725565,-4.80388969742,,-1.73288054817,,-2.9361814788321707,,,,-1.82967514365,,,,,,-1.1541354241,,,,-1.55862557242,-1.38241979454,,-1.97059263425,,,,-2.50504913174,-2.94912169518,,,,,,,,,,,1.13456255828,,-0.591637985097,-1.59142693969,-2.19893488621,,,,,,,
BLOO01,"SELENBP1",ENSG00000143416,5.877293,1.45651520725,,0.063284518154,,1.1700376154216743,,,,0.943987491777,,,,,,-0.17198089518,,,,1.93256351906,0.738981175244,,2.12648133943,,,,1.20488944429,1.52939764587,,,,,,,,,,,-0.797927829421,,0.484510343702,2.19548449644,3.13070917767,,,,,,,
BLOO05,"SELENBP1",ENSG00000143416,8.774303,2.04918235525,,-1.4194126451,,-0.06360335397795383,,,,3.02389510161,,,,,,3.14763505616,,,,2.19257648052,3.43902008871,,1.97050143233,,,,2.54035173831,1.88374535757,,,,,,,,,,,-3.56967725574,,3.42893006097,0.554029672161,12.3776196439,,,,,,,
BLOO07,"SELENBP1",ENSG00000143416,3.959002,1.74387502155,,-0.61403725117,,0.2328013098250188,,,,2.82573191504,,,,,,2.51219179197,,,,1.85353996632,2.84450333694,,0.566275432633,,,,2.64666950891,2.44009567469,,,,,,,,,,,-2.98168308923,,2.73133550682,0.759921059381,6.68898814376,,,,,,,
BLOO11,"SELENBP1",ENSG00000143416,7.058503,0.832265908021,,-0.291600809825,,-1.3754646042349545,,,,0.0948545198399,,,,,,0.792188639259,,,,2.80504828788,0.786213952375,,-0.221209632246,,,,-0.000225206364954,-0.241425700182,,,,,,,,,,,-0.576703159911,,0.596449268912,-0.308063574413,3.74818749858,,,,,,,
BLOO16,"SELENBP1",ENSG00000143416,4.153298,2.47333257033,,-0.753588146222,,0.638266305860074,,,,3.0940227782,,,,,,1.89255544122,,,,2.13395012845,3.02702756714,,0.640627929252,,,,3.17344098399,2.92947886519,,,,,,,,,,,-3.19330578033,,3.07472422626,0.884949407829,6.43783189273,,,,,,,
BLOO17,"SELENBP1",ENSG00000143416,3.056946,1.57761857126,,-0.492832185938,,0.5006288589319842,,,,2.67441444135,,,,,,1.84002103141,,,,1.08720714849,2.60103752933,,0.58755538872,,,,2.57513769078,2.57180984865,,,,,,,,,,,-2.78680485797,,2.40085599968,0.919866775679,5.78155520775,,,,,,,
BLOO18,"SELENBP1",ENSG00000143416,2.982549,1.51613171648,,-0.638683556037,,0.2748970524338046,,,,2.60894412248,,,,,,1.85013109582,,,,1.29397983183,2.66618858032,,0.560566751344,,,,2.41794751887,2.38368592644,,,,,,,,,,,-2.78653637294,,2.43090585629,0.673811878218,6.44985659785,,,,,,,
BLOO19,"SELENBP1",ENSG00000143416,5.509648,-1.39749025331,,1.1557244132,,0.11452718988501455,,,,-2.42875735145,,,,,,-1.82837604242,,,,-0.896288548949,-3.02131280966,,-1.9565519223,,,,-1.96277641807,-1.66861786716,,,,,,,,,,,3.19780292155,,-2.60020486265,-0.420462847025,-11.6224115341,,,,,,,
BLOO28,"SELENBP1",ENSG00000143416,4.011753,1.64704775523,,-1.41537666219,,0.49957396523772357,,,,3.01377283495,,,,,,2.07451148226,,,,0.612436245321,3.16303050476,,2.29807635589,,,,2.42105632149,2.13585814746,,,,,,,,,,,-3.41763794982,,2.91445564087,0.640890914054,12.1952209082,,,,,,,
BLOO31,"SELENBP1",ENSG00000143416,3.288404,-2.07234085852,,0.742164675241,,-0.6954196807725934,,,,-2.86140848639,,,,,,-1.74045239295,,,,-1.36506360071,-2.89888944891,,-0.731755212849,,,,-2.9136722841,-2.85853399822,,,,,,,,,,,3.01542365195,,-2.75797437568,-0.796242719093,-6.99675317039,,,,,,,
BLOO32,"SELENBP1",ENSG00000143416,5.972487,-0.515466864694,,0.610201748847,,0.7286565182907274,,,,-0.725068803851,,,,,,-0.774067426307,,,,-1.45725995607,-1.74610202967,,-0.820531444432,,,,-0.7712589898,-0.827127536254,,,,,,,,,,,1.65742385728,,-1.17524231586,-0.356865708235,-6.44847771863,,,,,,,
BODY08B,"SELENBP1",ENSG00000143416,6.109249,2.93368173809,,4.810339886,,4.085682236862305,,,,2.72842181893,,,,,,1.28064323644,,,,2.5019823209,2.52842211806,,1.23785033664,,,,3.56866674107,4.88673156334,,,,,,,,,,,-1.72022386129,,1.85376613178,4.19243493391,2.21476829256,,,,,,,
BODY08,"SELENBP1",ENSG00000143416,7.092960,3.08206320375,,4.51447152382,,4.354613977932597,,,,3.12439466451,,,,,,1.55750400142,,,,2.74996642254,2.87528295407,,1.59053256349,,,,3.82467639525,4.99481686589,,,,,,,,,,,-2.0710537551,,2.27052110418,4.36133558483,2.27502693905,,,,,,,
ELEC01,"SELENBP1",ENSG00000143416,22.348412,7.38514260717,,0.845192583955,,9.092383982182536,,,,9.78087408014,,,,,,7.44184700687,,,,6.659006215,9.35041475245,,7.32777685438,,,,10.8117084079,8.95097632704,,,,,,,,,,,-8.73351382557,,9.23758432822,7.21071835478,5.93062380306,,,,,,,
LEAN06,"SELENBP1",ENSG00000143416,4.000278,1.79113313395,,3.77681619566,,3.817282383304279,,,,1.88590911993,,,,,,1.73841432361,,,,0.962658683231,1.38183063619,,1.32920929637,,,,3.64147584397,3.98329800695,,,,,,,,,,,-1.04712456639,,1.06133902095,3.12249205327,4.76606519219,,,,,,,
