code,target,ENSEMBL,association,Adipose_Subcutaneous,Adipose_Visceral_Omentum,Breast_Mammary_Tissue,Muscle_Skeletal,DGN_Whole_Blood,Whole_Blood,Artery_Aorta,Artery_Coronary,Artery_Tibial,Heart_Atrial_Appendage,Heart_Left_Ventricle,Spleen,Brain_Amygdala,Brain_Anterior_cingulate_cortex_BA24,Brain_Caudate_basal_ganglia,Brain_Nucleus_accumbens_basal_ganglia,Brain_Putamen_basal_ganglia,Brain_Cerebellar_Hemisphere,Brain_Cerebellum,Brain_Cortex,Brain_Frontal_Cortex_BA9,Brain_Hippocampus,Brain_Hypothalamus,Brain_Spinal_cord_cervical_c-1,Brain_Substantia_nigra,Nerve_Tibial,Cells_Transformed_fibroblasts,Cells_EBV-transformed_lymphocytes,Colon_Sigmoid,Colon_Transverse,Esophagus_Gastroesophageal_Junction,Esophagus_Mucosa,Esophagus_Muscularis,Liver,Minor_Salivary_Gland,Small_Intestine_Terminal_Ileum,Stomach,Adrenal_Gland,Pituitary,Pancreas,Thyroid,Lung,Ovary,Prostate,Testis,Uterus,Vagina,Skin_Not_Sun_Exposed_Suprapubic,Skin_Sun_Exposed_Lower_leg
BLOO01,"POR",ENSG00000127948,1.875235,,,-0.90651616886,1.50880454682,1.692293790652152,-0.293196373854,1.768289227,,2.43356321423,2.61425771709,,,,,,,,1.10213029685,2.08811479953,,,,,0.884164365135,,-2.53038171746,3.14396625734,,2.000424772,,1.35110684802,-1.53443672911,2.66182717103,,,2.27147685136,,,,0.40327606104,1.06937658787,2.1896186517,,,2.61639342097,-0.331053030876,4.91980600357,1.09526622295,0.548502710788
BLOO07,"POR",ENSG00000127948,18.243402,,,-1.60072272105,-6.02336280082,-6.440917831320275,1.05379831401,-5.48329727206,,-2.20351675785,-6.55108347648,,,,,,,,-5.02995214227,-6.31707562489,,,,,-2.07678054512,,0.902125671009,-7.98118948651,,-2.58744912396,,-3.5048211854,-2.03545194223,-6.16692398232,,,-8.79888359624,,,,-1.81973380273,0.240555033088,-1.65145233398,,,-7.45042966755,-1.80059321076,-4.65948581696,0.396277934313,-3.92772619623
BLOO08,"POR",ENSG00000127948,5.828478,,,-0.517819707821,-4.53461807016,-4.634891710223918,1.504116741,-0.807708656963,,1.61109892697,-1.33679912409,,,,,,,,-3.6428572161,-4.70151820253,,,,,-2.09232164962,,1.10246000139,-2.80885593576,,0.286914429067,,-0.733016028842,-1.20168031973,-1.75984266256,,,-3.18712632259,,,,-1.6224793987,0.78611522913,0.510270310367,,,-4.91801292219,-3.30739508268,-0.248173713684,-0.654794633389,-2.09511470653
BLOO14,"POR",ENSG00000127948,8.576410,-0.941680533919,,-3.65271733257,-3.2131492035,-0.49815175868005035,1.5129835106,0.413379184323,,0.174256405192,-0.111685585609,,,,,,,,-4.56334218536,-5.2809941689,,,,,-4.03152140158,,-2.38554663393,-4.15995444189,,-0.338756718424,,0.114256600481,-1.06073954303,-0.14622799005,,,-0.560954399225,,,,-1.18971433351,0.146710453327,-0.00476750421776,,0.746442735195,-4.65341983215,-1.21305521663,-1.996959175,-0.067741077108,-2.15005432831
BLOO15,"POR",ENSG00000127948,6.938698,-0.440407074805,,-3.2692625263,-2.80627914614,-0.17745716735937916,1.61085377949,0.612171240773,,0.542086418161,0.266498710552,,,,,,,,-4.11825644063,-4.77969452935,,,,,-3.65341513319,,-1.79915228918,-3.75119548364,,-0.113943871961,,0.565524026755,-1.01525967275,0.3222237632,,,-0.696438860056,,,,-0.759755318727,0.17724600268,0.392007875992,,1.02111494541,-4.17382629391,-0.774446455425,-1.51336742771,0.267003769229,-1.85196029397
BLOO16,"POR",ENSG00000127948,35.473919,-6.32160947275,,-7.01264830703,-5.22491704429,-7.329866119429645,-2.61569340646,-3.79684051601,,-8.15199302285,-5.99702234116,,,,,,,,-7.12901262699,-12.1358341302,,,,,-4.35387971897,,-9.70818603624,-9.25842808952,,-3.57302196167,,-5.02643091385,-3.37673283634,-6.2626463632,,,-5.31091810149,,,,-2.25895911901,-2.26487356081,-4.62755113472,,-3.63843488693,-10.0191421007,-5.16786859993,-4.18513405903,-5.29346119292,-10.2855346215
BLOO17,"POR",ENSG00000127948,41.151380,-6.18652746039,,-7.11565130657,-4.95719225313,-7.7978559759585195,-3.29343603173,-4.14659413525,,-8.91435539423,-6.80633294648,,,,,,,,-6.93028816323,-12.4518790156,,,,,-2.72205226483,,-9.91822747643,-9.21082564651,,-3.11080424835,,-4.936386806,-3.08934995079,-6.37626028947,,,-4.96246216773,,,,-2.39179285883,-2.50209427249,-4.82727010251,,-3.46572685242,-10.0979219451,-4.89768704908,-4.24381384947,-5.06413637058,-10.5119463907
BLOO18,"POR",ENSG00000127948,34.589611,-5.86362279213,,-6.92058203558,-4.39838855189,-7.317396563775903,-3.18643010495,-3.95860742028,,-8.58822626098,-6.40214656815,,,,,,,,-6.50296457366,-11.9506731432,,,,,-2.66886142788,,-9.4629753665,-8.88361953902,,-2.9405308523,,-4.64950078806,-2.91284324342,-5.98580347343,,,-4.81295388514,,,,-2.15687648522,-2.46305856667,-4.51558336789,,-3.32320332527,-9.44756544717,-4.66912448654,-3.90762526547,-4.70293437284,-10.0453353488
BLOO29,"POR",ENSG00000127948,10.216125,-6.1888189663,,-1.12878931205,0.862761184507,-4.6732986534906535,-5.09228046613,-7.23361667204,,-3.43787942638,-3.99952676721,,,,,,,,1.24067373665,-3.5939876045,,,,,-1.51434789845,,-3.41143702443,-2.70144068361,,-6.1969585151,,-6.22621046356,-4.65665111176,-6.11468881451,,,-2.1989974852,,,,-5.56240523041,-6.46259354826,-5.00020298051,,-6.8534693718,-2.61715947779,-6.59161622634,-3.11979693221,-7.58014286512,-5.35269651901
BLOO31,"POR",ENSG00000127948,31.015968,5.62084365444,,6.98979078848,4.50474549829,6.639832193536258,2.61530949283,3.60762710955,,7.53331131381,5.86718214245,,,,,,,,6.78136370096,11.7782939999,,,,,3.39651474663,,8.87817411848,9.07019281603,,3.05217534343,,4.26933847673,3.06770846117,5.47985431109,,,4.7531945851,,,,2.33516993709,2.37029221379,4.16471306678,,3.00474905968,9.4841632045,4.67091791371,3.95400142348,4.47606278209,9.54359912111
CONS01,"POR",ENSG00000127948,0.722643,2.04149365835,,1.63575086826,-0.588535135669,-0.020315918722935367,1.12359593955,1.29787135902,,1.64712836032,1.87241202575,,,,,,,,-0.14696848546,1.9482568523,,,,,4.92167899231,,0.0299680516512,1.65784704128,,2.29258342897,,1.81032021365,1.62759722607,2.04920087944,,,-1.82179604975,,,,0.400846864367,1.93579570088,1.22272021835,,1.99009931087,1.0238877041,1.32156709063,2.81270608569,2.44159825968,1.54467148886
