code,target,ENSEMBL,association,Adipose_Subcutaneous,Adipose_Visceral_Omentum,Breast_Mammary_Tissue,Muscle_Skeletal,DGN_Whole_Blood,Whole_Blood,Artery_Aorta,Artery_Coronary,Artery_Tibial,Heart_Atrial_Appendage,Heart_Left_Ventricle,Spleen,Brain_Amygdala,Brain_Anterior_cingulate_cortex_BA24,Brain_Caudate_basal_ganglia,Brain_Nucleus_accumbens_basal_ganglia,Brain_Putamen_basal_ganglia,Brain_Cerebellar_Hemisphere,Brain_Cerebellum,Brain_Cortex,Brain_Frontal_Cortex_BA9,Brain_Hippocampus,Brain_Hypothalamus,Brain_Spinal_cord_cervical_c-1,Brain_Substantia_nigra,Nerve_Tibial,Cells_Transformed_fibroblasts,Cells_EBV-transformed_lymphocytes,Colon_Sigmoid,Colon_Transverse,Esophagus_Gastroesophageal_Junction,Esophagus_Mucosa,Esophagus_Muscularis,Liver,Minor_Salivary_Gland,Small_Intestine_Terminal_Ileum,Stomach,Adrenal_Gland,Pituitary,Pancreas,Thyroid,Lung,Ovary,Prostate,Testis,Uterus,Vagina,Skin_Not_Sun_Exposed_Suprapubic,Skin_Sun_Exposed_Lower_leg
ALZH01,"DMWD",ENSG00000185800,6.191370,,5.74601844387,3.88181911175,2.36582369431,8.18351098188381,,1.77047388862,,3.27915345438,,1.85022470626,3.98139593125,,,,,,,0.090068824232,,,,,,,inf,,,3.09644926257,3.11616587699,,5.03427575314,,,,,,,,3.31375001508,4.69155482603,4.61711245765,,,4.2481085614,,,-inf,5.03821179305
BFPC04B,"DMWD",ENSG00000185800,6.305711,,-0.847263392896,-0.316163104208,-0.895999924537,-2.623285339737091,,-0.0619629886762,,0.334173916195,,1.69619916332,0.519925752005,,,,,,,3.85494504399,,,,,,,0.762897872449,,,0.801202631785,-0.175424411676,,0.953115287805,,,,,,,,0.456633316923,0.488469838278,-0.324669265467,,,-0.850009722778,,,2.40920150707,-0.0692651898533
BFPC04F,"DMWD",ENSG00000185800,6.476449,,-0.684555815713,-1.01327413247,-0.607760399349,-3.3694516395619782,,0.144517267097,,-0.0576627633292,,0.338787320035,0.211256555875,,,,,,,2.73926511652,,,,,,,0.426188545138,,,0.130597733507,0.189099108462,,-0.191292516682,,,,,,,,-0.260353197497,0.13106196289,-1.34899603567,,,-1.53025879894,,,1.35468405532,-0.182425161432
BFPC04,"DMWD",ENSG00000185800,6.789735,,-0.852362870113,-0.522090454758,-0.922175027715,-2.941775805211204,,0.0353157727231,,0.336528903299,,1.50307623692,0.488872290388,,,,,,,3.6942345263,,,,,,,0.799022834399,,,0.701454591502,-0.0788981721329,,0.703814831136,,,,,,,,0.311683252962,0.390685231572,-0.554915468409,,,-1.06627766777,,,2.30678187717,-0.114971036786
BLOO01,"DMWD",ENSG00000185800,8.194873,,5.96602400574,4.70407692373,-1.73816910737,3.068177539382825,,4.23442644506,,4.35081845808,,4.9001364842,3.849182378,,,,,,,2.49299445705,,,,,,,-0.0655441654216,,,3.28806200611,4.18124240052,,2.38098509672,,,,,,,,4.09289578197,4.26506311438,4.0763774492,,,4.66204609746,,,6.39297949927,4.7570159893
BLOO02,"DMWD",ENSG00000185800,6.059523,,-3.95370777341,-3.60914597094,-0.62289303178,-2.50472962416481,,-1.49643467346,,-1.89933117874,,-3.499737831,-2.25007549598,,,,,,,-4.20679500961,,,,,,,1.09334519511,,,-2.3974912415,-1.66602483386,,-1.58262834253,,,,,,,,-4.04593353343,-3.14828934254,-3.28798220283,,,-3.11843770776,,,-3.91556042682,-2.64836226192
BLOO07,"DMWD",ENSG00000185800,16.771779,,0.617917247807,-0.238599582867,3.63043115412,2.7940249769480743,,-6.10475565381,,-5.84235090945,,2.83705221408,-0.384622987829,,,,,,,6.50623950213,,,,,,,-2.33941469181,,,-2.66414304398,-6.81838991788,,-0.616622249098,,,,,,,,-0.601499671942,-1.33070318073,0.600912559742,,,0.361386075197,,,-0.661991018684,-0.210462692064
BLOO16,"DMWD",ENSG00000185800,17.308812,,-0.00984144347162,-0.969944666561,3.6166143368,2.071726262981984,,-6.46367203313,,-6.21842090182,,2.13279475463,-0.872305620966,,,,,,,5.80585956103,,,,,,,-2.97621911364,,,-2.98119675587,-6.93716138466,,-1.01382124773,,,,,,,,-1.13076140869,-1.89002859807,-0.133580106675,,,-0.412581270808,,,-1.29154495808,-0.770860691982
BLOO17,"DMWD",ENSG00000185800,18.167657,,0.603577034841,0.0405938148792,4.4564582487,3.324168378214473,,-5.81190531202,,-5.66703116713,,2.87341934088,-0.085393003579,,,,,,,6.77191835919,,,,,,,-1.61895887788,,,-2.09496084271,-6.54800419925,,-0.360467819998,,,,,,,,-0.621622155746,-1.04498985606,0.864108031235,,,0.64162676277,,,-0.962012627581,0.19426031498
BLOO18,"DMWD",ENSG00000185800,18.452976,,0.645153015113,-0.0122559429061,4.18798026232,3.1652772148062747,,-5.46087279817,,-5.37798200208,,2.62081481026,-0.12962658701,,,,,,,6.40077214013,,,,,,,-1.26763982216,,,-1.91381486058,-6.27727411572,,-0.598704730256,,,,,,,,-0.532562413419,-1.08884346805,0.718833822369,,,0.633687582634,,,-0.931647373163,0.123212713756
BLOO26,"DMWD",ENSG00000185800,4.912787,,0.35203192945,0.765665807203,0.723183543195,0.5828971341966017,,-1.52454118761,,-0.918520186065,,1.04186173741,1.07713041562,,,,,,,5.45492140625,,,,,,,-1.31811195578,,,-0.0187660403728,-1.69802151722,,-0.174334718722,,,,,,,,0.498423027152,1.05459817708,0.617779714925,,,0.207384717534,,,0.883663568689,0.82239031184
BLOO27,"DMWD",ENSG00000185800,6.216740,,0.808771388131,0.745908116449,0.443781170099,0.6889533107179485,,-1.09824298616,,-0.70925274201,,1.03329238222,1.06282859182,,,,,,,6.14313270408,,,,,,,-0.802449199833,,,0.503431051349,-1.34742960642,,0.651914795906,,,,,,,,0.618351472877,1.2933761435,0.461533315238,,,0.267076779118,,,1.17545340748,1.11883363084
BLOO29,"DMWD",ENSG00000185800,10.820161,,-7.62247262239,-5.56889971705,0.0898596791269,-5.4979188640550625,,-3.92199838744,,-3.28315769177,,-3.76033647565,-4.33461221452,,,,,,,-3.63332787015,,,,,,,-2.69857296242,,,-3.56102854174,-3.85157587582,,-3.63897323886,,,,,,,,-3.99394308255,-5.47037316394,-4.74122600933,,,-5.18675263752,,,-6.57075327346,-6.35462747557
BLOO31,"DMWD",ENSG00000185800,14.639501,,-0.129043377715,0.546970445862,-4.29376021268,-2.6766670921353284,,5.7455554548,,5.64981565367,,-1.98746499961,0.400310218517,,,,,,,-5.79452311585,,,,,,,1.82913190446,,,2.0226409364,6.32267977486,,0.795370779418,,,,,,,,0.925501745223,1.38840942796,-0.100020407397,,,-0.0221505368367,,,1.61492538621,0.202407381824
BLOO34,"DMWD",ENSG00000185800,2.984473,,-4.76095266823,-3.55413324716,1.07926342837,-3.5151024496916126,,-1.82148529554,,-1.97247919955,,-3.66716497175,-2.92710684622,,,,,,,-3.59868892755,,,,,,,-0.771095305196,,,-2.72067632937,-2.1453760367,,-4.0179778302,,,,,,,,-2.56113454007,-3.00320113553,-3.05747583461,,,-3.55032985846,,,-5.95857889442,-3.26602591007
BODY08B,"DMWD",ENSG00000185800,6.638234,,-1.05496930975,-1.52090679119,-0.669310774197,-3.4842557617405423,,-1.83906408881,,-0.988236280647,,1.52337754997,-0.487822230827,,,,,,,4.41391000192,,,,,,,0.0694534999147,,,-0.0700864547378,-1.72800858127,,1.16646287693,,,,,,,,-0.848614717982,-1.09347712844,-0.357757353099,,,-1.52764430007,,,0.453166141195,-1.93687083197
BODY08F,"DMWD",ENSG00000185800,7.084452,,-0.892201059771,-1.76510530271,-0.248970746098,-3.983551662933023,,-1.03382287923,,-0.734258389914,,0.579384228881,-0.489753795127,,,,,,,3.4647780503,,,,,,,-0.332136123487,,,-0.383409666239,-0.906020867089,,0.67882172288,,,,,,,,-1.01887885338,-0.950688133778,-1.1709667676,,,-1.99769595687,,,0.252772007097,-1.40133111854
BODY08,"DMWD",ENSG00000185800,7.301047,,-1.08046461032,-1.68956537383,-0.661006157478,-3.831183188214302,,-1.70355400334,,-0.90693811617,,1.43770639067,-0.494802489911,,,,,,,4.36098908259,,,,,,,0.0436176771158,,,-0.152088615636,-1.63924040494,,1.05107757671,,,,,,,,-0.913440055107,-1.16104552183,-0.552165595675,,,-1.736077046,,,0.487147432719,-1.94617494976
COAD03,"DMWD",ENSG00000185800,5.722368,,-1.74868034669,-2.87958536341,1.9228931258,-1.1434221225320371,,-4.88853281729,,-3.99833149365,,-0.0645168957156,-1.78000378995,,,,,,,1.26987267289,,,,,,,1.13959637213,,,-2.92108435941,-4.44089815734,,0.23046932583,,,,,,,,-2.10874817294,-2.70788099832,-1.70661881689,,,-2.45693845885,,,-3.36776686265,-2.46615395126
FATM04B,"DMWD",ENSG00000185800,6.879229,,-0.139771951623,0.217094626149,-1.04355709482,-2.2408147649271943,,0.0495759211341,,0.573920384438,,2.2596309883,1.07229365383,,,,,,,4.54528609097,,,,,,,0.60786268751,,,1.39632985077,-0.126088497255,,1.79781164661,,,,,,,,0.568130927278,0.785479496316,0.572857290361,,,-0.157223424338,,,2.42127744547,0.0763552203851
FATM04F,"DMWD",ENSG00000185800,7.044110,,-0.276339541239,-0.671312278166,-0.715872036436,-3.2214315323990235,,0.0360216987253,,0.129718603262,,0.765641985426,0.554613797402,,,,,,,3.55325339381,,,,,,,0.360180233141,,,0.630926844721,0.245978141709,,0.648255194133,,,,,,,,-0.32442225855,0.290432250052,-0.63870135215,,,-1.09431825009,,,1.35214817983,-0.161738514458
FATM04,"DMWD",ENSG00000185800,7.309848,,-0.174037468619,-0.00712022229963,-1.05811002116,-2.6053636521953165,,0.0973707160493,,0.571284393083,,2.07328351878,1.03243502316,,,,,,,4.47399458585,,,,,,,0.655613422493,,,1.30103263296,-0.0330757261051,,1.58586898533,,,,,,,,0.388276814009,0.66995784572,0.344322443469,,,-0.396358115906,,,2.33473483561,0.00713155865866
GLYC30,"DMWD",ENSG00000185800,4.520958,,3.17028170749,2.91602041678,2.13751684452,3.770192293757659,,0.537898108354,,0.881424597734,,3.52056301911,3.25686888574,,,,,,,5.34900059892,,,,,,,1.96978155412,,,2.3316147192,0.172566947116,,1.8435801466,,,,,,,,1.6250832178,3.43606083992,3.02943539117,,,2.89306688398,,,1.61492307379,2.39612847929
GLYC31,"DMWD",ENSG00000185800,4.503887,,3.35092754328,2.82259110787,1.43651061931,3.4675247140862786,,0.552715249426,,0.979543820508,,3.44926968792,3.11584683295,,,,,,,5.14131478508,,,,,,,1.81312759418,,,2.16313409938,0.31335951939,,1.05934940703,,,,,,,,1.47751262038,3.61810973089,2.82267857742,,,2.70697507693,,,1.6127792743,2.33805606256
HEIG03,"DMWD",ENSG00000185800,5.191411,,2.98643887717,3.28785371838,-1.87224297613,1.5148858993130854,,4.43164115522,,3.8329828986,,1.9261734122,2.84452977194,,,,,,,-0.524166787839,,,,,,,2.55287060753,,,2.49873700579,4.74561753563,,2.0063853604,,,,,,,,2.38760547426,3.44306242122,3.04126820193,,,2.85162500228,,,2.54042369051,2.92995679781
OSTE04,"DMWD",ENSG00000185800,7.758304,,4.64590022554,3.67550035369,0.834550506805,1.1808889501941537,,4.1894978381,,3.86154917527,,1.81205448638,3.49350678731,,,,,,,1.87969417389,,,,,,,1.76230147199,,,3.57434385906,4.3100176243,,4.86084296972,,,,,,,,3.80780635153,4.49599542328,3.03421997367,,,3.1016455252,,,4.15054998225,4.06628503855
