code,target,ENSEMBL,association,Adipose_Subcutaneous,Adipose_Visceral_Omentum,Breast_Mammary_Tissue,Muscle_Skeletal,DGN_Whole_Blood,Whole_Blood,Artery_Aorta,Artery_Coronary,Artery_Tibial,Heart_Atrial_Appendage,Heart_Left_Ventricle,Spleen,Brain_Amygdala,Brain_Anterior_cingulate_cortex_BA24,Brain_Caudate_basal_ganglia,Brain_Nucleus_accumbens_basal_ganglia,Brain_Putamen_basal_ganglia,Brain_Cerebellar_Hemisphere,Brain_Cerebellum,Brain_Cortex,Brain_Frontal_Cortex_BA9,Brain_Hippocampus,Brain_Hypothalamus,Brain_Spinal_cord_cervical_c-1,Brain_Substantia_nigra,Nerve_Tibial,Cells_Transformed_fibroblasts,Cells_EBV-transformed_lymphocytes,Colon_Sigmoid,Colon_Transverse,Esophagus_Gastroesophageal_Junction,Esophagus_Mucosa,Esophagus_Muscularis,Liver,Minor_Salivary_Gland,Small_Intestine_Terminal_Ileum,Stomach,Adrenal_Gland,Pituitary,Pancreas,Thyroid,Lung,Ovary,Prostate,Testis,Uterus,Vagina,Skin_Not_Sun_Exposed_Suprapubic,Skin_Sun_Exposed_Lower_leg
BFPC04B,"PTPRJ",ENSG00000149177,8.978563,-4.87421284362,-3.4607924824,,,-1.7852162811484182,,,,,,,,,,0.402668617172,,,1.64967909023,0.671523706616,-2.37556489608,,,,,,-3.70246709771,,,,,,-3.19394269196,-1.98867067941,,,,,,,-2.63533113377,,,,,-3.3748267387,,,-3.60429513099,-3.434837421
BFPC04M,"PTPRJ",ENSG00000149177,7.300535,-4.81460254821,-4.22225156758,,,-2.581098319727802,,,,,,,,,,-0.502813397856,,,2.17600864193,0.460736153951,-3.51987288602,,,,,,-4.09229911219,,,,,,-3.83127764537,-2.85817163179,,,,,,,-3.80019468294,,,,,-2.50111738928,,,-4.19176428583,-4.36945842673
BFPC04,"PTPRJ",ENSG00000149177,8.064558,-4.4620837632,-2.96264645759,,,-1.3916142881176148,,,,,,,,,,0.667850670133,,,1.39691106161,0.677021529812,-1.85445075686,,,,,,-3.29403610651,,,,,,-2.72587823058,-1.5476307045,,,,,,,-2.06181497911,,,,,-3.38962111098,,,-3.14264911078,-2.8780510994
BLOO01,"PTPRJ",ENSG00000149177,6.406515,2.50032131739,1.13305396081,,,-0.18847201201703745,,,,,,,,,,0.375816248889,,,1.37120651998,0.396891979449,0.756390757393,,,,,,0.89844311824,,,,,,0.804594411993,-0.506330848975,,,,,,,0.601633427102,,,,,-0.479838938017,,,0.853945819393,0.48445926248
BLOO11,"PTPRJ",ENSG00000149177,19.582146,-3.66208508545,-5.03160902917,,,-7.390864382067685,,,,,,,,,,-5.26199931576,,,3.98522969909,-1.35062480541,-6.25075414673,,,,,,-4.17452694898,,,,,,-6.77942209504,-5.49043306741,,,,,,,-5.52192298805,,,,,0.150546868692,,,-7.52539988381,-7.32567376602
BLOO12,"PTPRJ",ENSG00000149177,10.079710,-3.41882431645,-3.90699514716,,,-5.8406813648403055,,,,,,,,,,-3.94092849492,,,2.26990090043,-2.23673716806,-4.86395990922,,,,,,-2.06971439713,,,,,,-5.31534262142,-3.09049398453,,,,,,,-3.69857468336,,,,,-0.289861080143,,,-5.01126735753,-4.28719461585
BLOO20,"PTPRJ",ENSG00000149177,6.041857,-3.98642635762,-3.80444648025,,,-4.901186055400505,,,,,,,,,,-4.09123005855,,,1.64719935853,-0.919918332772,-4.37924360992,,,,,,-2.61168223038,,,,,,-4.48735262014,-3.098232065,,,,,,,-4.16450310929,,,,,-0.14134848289,,,-4.35734268733,-4.48373886461
BLOO27,"PTPRJ",ENSG00000149177,8.003116,-5.15219045459,-4.65282884485,,,-5.278990947649572,,,,,,,,,,-3.23556232856,,,3.50272736732,1.26977090398,-5.24542785171,,,,,,-4.06467599861,,,,,,-5.71085113692,-3.70132521548,,,,,,,-3.21797206203,,,,,0.529827566523,,,-5.49904917374,-5.1637836788
BLOO28,"PTPRJ",ENSG00000149177,10.004496,4.93556979388,5.10150999724,,,6.076523197421229,,,,,,,,,,4.34467797977,,,-3.32841418063,-0.528236303476,5.29349255309,,,,,,4.63703951188,,,,,,6.03850268488,4.15294803712,,,,,,,5.59448992176,,,,,-0.0109237554658,,,5.94155290056,6.61958530826
BLOO30,"PTPRJ",ENSG00000149177,5.666069,-2.57187474487,-2.64530754488,,,-3.922522812116836,,,,,,,,,,-2.69307954949,,,1.08708747596,-1.94159352053,-3.36985780212,,,,,,-0.889307250918,,,,,,-3.58378151698,-1.30079369205,,,,,,,-2.00070924258,,,,,-0.416809153127,,,-2.88965878513,-2.16292534542
CHOL22,"PTPRJ",ENSG00000149177,14.258368,5.77668504021,5.91213414508,,,6.535665735758413,,,,,,,,,,4.33605115632,,,-2.14878836757,-0.927393881075,5.71905929256,,,,,,5.10272006379,,,,,,6.39678857413,4.76177099863,,,,,,,5.39603336443,,,,,-0.841845536171,,,8.70788517169,7.89122516817
FATM04,"PTPRJ",ENSG00000149177,5.712982,-2.25571780701,-0.597380447052,,,1.3385651847775852,,,,,,,,,,2.98983046665,,,-0.178842210722,1.37979519671,0.350070720308,,,,,,-1.60024344568,,,,,,-0.153913825645,-0.230286978743,,,,,,,-1.10321541217,,,,,-2.87432397601,,,-1.32240295071,-0.865476134267
GLYC03,"PTPRJ",ENSG00000149177,9.973099,-0.363386674559,0.522199840777,,,-0.3187538434009923,,,,,,,,,,5.73519782944,,,-2.31443918467,-4.54474766082,-1.7442077785,,,,,,0.31120367915,,,,,,0.683663956108,1.50649399755,,,,,,,-4.75647761161,,,,,-6.27376749653,,,-0.715300194078,-0.201142224502
GLYC19,"PTPRJ",ENSG00000149177,5.553960,1.85407913447,2.13156244998,,,1.4957403197294228,,,,,,,,,,3.92173230565,,,-2.06116895047,-3.98368231881,0.272569002235,,,,,,1.93602775417,,,,,,2.89641308596,2.80381456993,,,,,,,-1.5520304748,,,,,-5.68685768235,,,2.76417385187,3.22641992204
HEIG02,"PTPRJ",ENSG00000149177,7.966174,4.73038672373,5.77608658584,,,4.6562628964358055,,,,,,,,,,4.4988263927,,,-2.76360006452,-1.54357243747,3.14663280066,,,,,,4.61653495718,,,,,,5.79273970728,4.8089403849,,,,,,,2.57809775186,,,,,-2.80014645381,,,3.8816777832,4.32410593693
HEIG03,"PTPRJ",ENSG00000149177,14.704873,6.84324983938,7.35319523441,,,8.240474150499965,,,,,,,,,,6.77582240211,,,-3.83561853114,-0.371992708197,4.57283513044,,,,,,6.30123966747,,,,,,7.85995353774,5.99471204647,,,,,,,5.0787588526,,,,,-0.182483736479,,,6.03702419286,6.24638605589
HEIG04F,"PTPRJ",ENSG00000149177,11.192939,5.19711223625,6.09665371581,,,6.374241269611208,,,,,,,,,,5.69609664616,,,-3.55830063573,-1.70875207596,3.54868726241,,,,,,5.39654864768,,,,,,6.43119001778,4.71247421133,,,,,,,4.33120204923,,,,,-0.377669757123,,,4.61807153823,4.49118740083
LEAN04B,"PTPRJ",ENSG00000149177,8.014452,3.24038029856,4.21190172859,,,5.055067592852025,,,,,,,,,,5.25716654138,,,-3.10039055381,0.960044441346,3.81269918382,,,,,,2.93616646949,,,,,,5.0825848688,3.20721104221,,,,,,,1.07436624282,,,,,0.146697515488,,,2.8987427312,3.00848478604
LEAN04F,"PTPRJ",ENSG00000149177,8.524518,3.35352486681,4.75423188961,,,5.307911168994857,,,,,,,,,,5.71063690793,,,-3.43847609792,-0.170211678106,4.35467376656,,,,,,3.1982032457,,,,,,5.39786795735,3.3920952613,,,,,,,2.06631656737,,,,,-0.701106695328,,,3.22603866322,3.85690663328
LEAN05B,"PTPRJ",ENSG00000149177,8.999132,3.35684420529,4.39276189359,,,5.198206550000533,,,,,,,,,,5.38181212518,,,-3.1152972844,0.824532196186,3.98664871684,,,,,,3.09500779069,,,,,,5.30320987186,3.44760570021,,,,,,,1.16181677535,,,,,-0.0911307813406,,,3.14039370586,3.23487175003
LEAN05F,"PTPRJ",ENSG00000149177,11.638234,3.48492181541,4.93997733912,,,5.438665907147064,,,,,,,,,,5.86535595582,,,-3.41901270013,-0.340456205552,4.5390533178,,,,,,3.36055582005,,,,,,5.63992211575,3.66275255556,,,,,,,2.12527902096,,,,,-1.0252197153,,,3.4812858188,4.09267249053
LEAN06B,"PTPRJ",ENSG00000149177,14.509592,4.45272947738,6.02509422213,,,7.202905520274778,,,,,,,,,,7.29601864866,,,-4.3332056457,1.9384864607,5.2452225653,,,,,,3.95350813158,,,,,,6.44450369703,3.760442663,,,,,,,1.84548895352,,,,,-1.13422991183,,,3.90827663724,4.61965538537
LEAN06F,"PTPRJ",ENSG00000149177,12.315586,4.39891338586,6.39837012135,,,6.403544663656171,,,,,,,,,,6.44837656276,,,-4.3339625498,0.727426985047,5.10531229515,,,,,,4.62666886755,,,,,,6.48251455635,4.12260137647,,,,,,,2.68287982748,,,,,-1.56312796517,,,4.16834982955,4.76234020527
LEAN06,"PTPRJ",ENSG00000149177,9.749531,3.64915058029,4.7215474648,,,6.40741543391816,,,,,,,,,,6.57291372593,,,-3.57094827274,2.32303148697,4.43886274295,,,,,,2.78395732354,,,,,,5.21834148123,2.76237248945,,,,,,,0.960691009696,,,,,-0.668886277605,,,2.97441422411,3.67658895593
