code,target,ENSEMBL,association,Adipose_Subcutaneous,Adipose_Visceral_Omentum,Breast_Mammary_Tissue,Muscle_Skeletal,DGN_Whole_Blood,Whole_Blood,Artery_Aorta,Artery_Coronary,Artery_Tibial,Heart_Atrial_Appendage,Heart_Left_Ventricle,Spleen,Brain_Amygdala,Brain_Anterior_cingulate_cortex_BA24,Brain_Caudate_basal_ganglia,Brain_Nucleus_accumbens_basal_ganglia,Brain_Putamen_basal_ganglia,Brain_Cerebellar_Hemisphere,Brain_Cerebellum,Brain_Cortex,Brain_Frontal_Cortex_BA9,Brain_Hippocampus,Brain_Hypothalamus,Brain_Spinal_cord_cervical_c-1,Brain_Substantia_nigra,Nerve_Tibial,Cells_Transformed_fibroblasts,Cells_EBV-transformed_lymphocytes,Colon_Sigmoid,Colon_Transverse,Esophagus_Gastroesophageal_Junction,Esophagus_Mucosa,Esophagus_Muscularis,Liver,Minor_Salivary_Gland,Small_Intestine_Terminal_Ileum,Stomach,Adrenal_Gland,Pituitary,Pancreas,Thyroid,Lung,Ovary,Prostate,Testis,Uterus,Vagina,Skin_Not_Sun_Exposed_Suprapubic,Skin_Sun_Exposed_Lower_leg
BFPC04B,"RGS11",ENSG00000076344,8.978108,-1.41525180008,-0.964291530048,-2.21220029184,-1.73384352178,-1.0962722955886752,,-0.831740243061,-0.318850000838,-2.16222354712,0.101615975201,-2.17059355868,,,,,,,,,,,-0.0038116788554,,,,-1.27629538387,0.166256766248,,-1.63844815945,-1.15091611598,-1.28539619618,-1.33528696517,-0.706189727307,0.0498299323914,,,-0.448086416776,-1.11459009714,,,-1.56425824029,-1.51324562371,,,-3.93065420594,-0.394587403248,,-1.38705959865,-1.12581609064
BFPC04F,"RGS11",ENSG00000076344,9.065249,-1.79132279916,-1.13361794685,-2.58219442374,-1.99948491204,-1.560669283061348,,-1.5779506677,-0.00692448782412,-2.42889986587,-0.0580518651856,-2.66928938924,,,,,,,,,,,-0.882466866448,,,,-1.85654631984,-0.405078356608,,-2.16604265689,-2.17731830076,-1.7082778295,-1.71331482715,-0.935236531357,-0.485905819386,,,-0.489288835659,-1.10245169266,,,-2.40333035293,-1.97258139268,,,-3.26561165332,-0.680985938809,,-1.81184048378,-0.621470762498
BFPC04,"RGS11",ENSG00000076344,9.749604,-1.71431369577,-1.19319949639,-2.50363776008,-2.04226488883,-1.342181945317079,,-1.20299706034,-0.401051044639,-2.48048027184,-0.0654700775815,-2.46645434011,,,,,,,,,,,-0.287336688324,,,,-1.61331428476,-0.0526544935351,,-1.93403856016,-1.57417168345,-1.58749760272,-1.63297637207,-0.932946047367,-0.123393394354,,,-0.562279301002,-1.31027345537,,,-1.94426325591,-1.84321627508,,,-4.11524457953,-0.518394252173,,-1.75617086621,-1.15619142626
BLOO02,"RGS11",ENSG00000076344,10.553432,-1.01137757091,1.06247410923,0.809082010753,-2.65870873686,2.8997368995100663,,0.0888073082691,-1.77179712838,-1.95437907274,-0.596642105595,0.974123709624,,,,,,,,,,,1.5321502214,,,,2.17834992808,1.29531085827,,0.719216857709,-1.05264615404,-2.85960102493,-2.44785103539,-0.971245907419,0.906904994561,,,1.96264112673,0.625916060004,,,-1.58124518468,1.66681961611,,,-1.64958990004,-1.72721916897,,1.11520020104,1.71757346579
BLOO03,"RGS11",ENSG00000076344,9.213398,-1.51491182556,-2.89036895442,-1.99512954467,-0.964155128068,-3.1306312995380594,,-2.83785967786,-1.41947629672,-1.74638561431,-0.612806811552,-0.12813690664,,,,,,,,,,,-2.0155969605,,,,-2.95077657413,-1.94451353375,,-0.648159180923,0.336248586485,0.102914948254,-1.75525424014,-0.891976309385,-1.46100493741,,,-1.2855573105,-3.18918042218,,,-0.679884241951,-3.05365494835,,,-1.66224378412,-0.486678940867,,-2.64382909904,-3.67449457023
BLOO04,"RGS11",ENSG00000076344,10.808521,-1.7048957489,-6.58579980835,-2.7726496368,-1.41491846071,-4.596689985455649,,-2.97871276633,-1.88407167257,-2.38238460304,-2.53706660001,-1.82728295969,,,,,,,,,,,-4.73712492533,,,,-3.03275197802,-3.71097123904,,-0.982220675969,-2.13326742023,0.391925451888,-1.93169904789,-0.966952077884,-3.27246577266,,,-2.93857847958,-3.80445322511,,,-1.39265157946,-3.89898513217,,,-1.89744978465,-1.17314521297,,-3.42038267784,-5.29319959333
BLOO21,"RGS11",ENSG00000076344,10.287797,-1.97462529559,-6.45358107865,-3.11043889489,-0.927081854142,-4.892634846582091,,-3.166635128,-1.68267280535,-2.24419551838,-2.96480487402,-2.35407637961,,,,,,,,,,,-4.85455715445,,,,-3.45360183501,-4.05153001515,,-1.64358527817,-2.31201728113,0.528972211722,-1.80552573339,-0.948889580821,-3.63180130313,,,-3.54805917069,-3.97085161485,,,-1.41777653447,-3.89448950588,,,-1.09641865375,-0.561590335535,,-3.64862250034,-5.71961985508
BLOO22,"RGS11",ENSG00000076344,9.005247,-2.08420709854,-6.23467189118,-2.94819228799,-1.30286895083,-4.49127889109386,,-3.08634285341,-1.92519449617,-2.53159831448,-3.01016076626,-2.21493404424,,,,,,,,,,,-4.48919479799,,,,-3.09330390353,-3.80289010712,,-1.45363963246,-2.41579905855,0.138220917256,-2.14670597568,-1.04965626986,-3.43884133438,,,-3.17293091727,-3.83616833693,,,-1.63608312375,-3.69110033874,,,-1.37006418789,-0.728837779173,,-3.48325766876,-5.40121246061
BLOO25,"RGS11",ENSG00000076344,34.819845,-2.38288767237,-7.63998402595,-4.93093972926,-1.01860636589,-7.752431475071397,,-4.96499224957,-1.55585321377,-1.75725860483,-1.69077429444,-2.43389755427,,,,,,,,,,,-5.88955271165,,,,-7.2053580927,-5.00328292538,,-2.74204066267,-1.1096917104,1.48739102566,-1.90680005415,-1.54102970047,-4.22406364259,,,-5.07044707081,-6.15022805558,,,-1.31164828365,-6.29253766443,,,-2.54909686576,-1.27742873505,,-4.91747098809,-8.24990178542
BLOO26,"RGS11",ENSG00000076344,43.425899,0.066287870465,-5.17284650989,-3.29975668119,3.22430624361,-8.038222440806075,,-3.34571259667,0.944551641415,1.35090690473,0.378208118617,-1.21283899837,,,,,,,,,,,-5.04551182165,,,,-6.52696992331,-4.00570976467,,-1.3177156891,2.38285823458,5.26865515113,2.02131892074,0.926731543133,-3.50112973188,,,-3.99949635405,-4.78461973072,,,2.27912830543,-5.97476630476,,,1.15506278896,1.7848157013,,-4.79730695562,-7.10772971415
BLOO27,"RGS11",ENSG00000076344,34.552935,1.51214787994,-1.8686362629,-1.29826271726,4.25593559446,-5.333872998415209,,-1.42689756013,2.01458851814,2.46679884153,1.42128151856,-0.289129350603,,,,,,,,,,,-2.79047887818,,,,-4.05877890453,-2.0710746388,,-0.159283385143,3.55231039836,5.33701487201,3.3923835155,1.79204414709,-1.77153072999,,,-2.33348850448,-2.32805466642,,,3.26052706078,-3.77671475167,,,2.29266215179,2.88460005829,,-3.04083663506,-4.0298245758
BLOO35,"RGS11",ENSG00000076344,6.759725,-3.62842240785,-5.10531725328,-3.15504646019,-2.65347947126,-3.083434916181269,,-4.38927982309,-0.530173098019,-2.7555918302,-2.54054871781,-2.41673952153,,,,,,,,,,,-2.31388533031,,,,-3.68852123619,-3.40277832217,,-3.01242312042,-2.73775861217,-1.05370095277,-3.90255578577,-2.56933949387,-0.82743086758,,,-3.14037129919,-4.61812052779,,,-2.10805211536,-4.18639606236,,,-3.60520643144,-0.223695724863,,-4.28872510893,-5.37750938324
BLOO36,"RGS11",ENSG00000076344,16.451574,-1.47828850059,-6.91526346502,-2.9234303481,-0.812764299558,-5.256122583584865,,-3.05317993049,-1.51549596045,-1.92539451781,-2.35058891941,-2.01976974755,,,,,,,,,,,-5.21173270369,,,,-3.55403870904,-4.00203023581,,-1.11859228643,-1.86464747796,1.06243942979,-1.40264524308,-0.708655154889,-3.45037295378,,,-3.45742582839,-4.01723423874,,,-0.987737983386,-4.2470833397,,,-1.55992193837,-0.767202686059,,-3.67336917792,-5.73154815766
BODY03,"RGS11",ENSG00000076344,5.687738,-1.91703171363,0.419314958981,-1.17164119128,-2.46333188728,-0.9902925684388085,,2.8156035205,0.16802512309,-2.77035742349,0.382357733913,-2.21442987723,,,,,,,,,,,1.6156469243,,,,0.370697043754,0.467312372598,,-1.24200821416,-1.45387202662,-2.190211529,0.141915214165,-1.13076779385,-1.19479372386,,,0.766789990982,-0.122802330409,,,-1.9968396598,-1.42577253678,,,-1.96049539133,0.780962187753,,-0.209511581849,1.27702270849
BODY04,"RGS11",ENSG00000076344,5.881636,-1.90874580737,0.563010720353,-1.09190284466,-2.63216404291,-1.166805319190921,,2.9911737431,0.243088683916,-2.76175683048,0.552308796104,-2.2674700379,,,,,,,,,,,1.62651714974,,,,0.531957535916,0.604047230984,,-1.15161099965,-1.40937398989,-2.23640459383,0.330114565388,-1.08652855619,-1.15652497354,,,0.865018685184,-0.0306087082414,,,-2.06795254852,-1.35319927023,,,-2.03353233303,0.844316371005,,-0.207003078339,1.56405815684
BODY08B,"RGS11",ENSG00000076344,10.730160,-1.00197450769,-0.296748587885,-2.052418459,-1.25496908238,-1.1121189709354782,,-0.306360769811,-1.8872780237,-2.6339735669,-0.107344711935,-1.90891311445,,,,,,,,,,,0.334174323614,,,,-0.990658274533,0.330615889774,,-1.26010778876,-1.31040335335,-1.1648197262,-1.47062996099,-0.984938994086,-1.37323769908,,,0.643893765186,-0.903792264624,,,-1.58306121903,-0.618260846566,,,-3.25806198835,-0.544917860687,,-0.695789146814,-0.688783966982
BODY08F,"RGS11",ENSG00000076344,11.416076,-1.59928725629,-0.855098513414,-2.49279768431,-1.83226824026,-1.4063264561938356,,-1.52388766822,-0.782009170761,-2.75562234471,-0.316992674208,-2.28291650686,,,,,,,,,,,-0.0999873561315,,,,-1.7857953799,-0.352536234859,,-2.20176031825,-2.31197241047,-1.5909510234,-1.61448337921,-1.12419464192,-1.97018591477,,,0.0916809085666,-0.998904815554,,,-2.3138578184,-1.72667322202,,,-2.15649916068,-0.795534961849,,-1.37337272968,-0.0914525649386
BODY08,"RGS11",ENSG00000076344,11.671702,-1.35091728488,-0.596708164167,-2.39212055059,-1.62748893131,-1.3290899915798318,,-0.784282737129,-1.9045430214,-2.98289579353,-0.314645116513,-2.18531796679,,,,,,,,,,,0.190062231858,,,,-1.37517057173,0.0932488180332,,-1.64510778702,-1.76900816515,-1.469881204,-1.74485694793,-1.20900148159,-1.68682614301,,,0.49046683958,-1.15061730644,,,-1.97192817156,-1.05807637983,,,-3.33707343095,-0.661944484766,,-1.08709105086,-0.703126124662
FATM04B,"RGS11",ENSG00000076344,11.318795,-0.477716540442,0.209744688943,-1.54833671022,-1.41958574161,-0.6769217492889451,,0.221199957908,-1.56122579317,-1.69773866145,0.127392684045,-1.60595219437,,,,,,,,,,,-0.502184135938,,,,-0.27742437495,0.689962469567,,-0.53569732083,-0.94421772213,-0.823222071667,-0.612908734054,-0.316386115946,-0.57717246898,,,0.824055237487,-0.78481812479,,,-0.940903520674,-0.565446102293,,,-3.51521261865,-0.198190637012,,-0.20715127675,-0.293345051672
FATM04F,"RGS11",ENSG00000076344,8.811522,-1.23632941202,-0.434331899728,-2.27088795665,-1.6988224564,-1.3811776177708237,,-1.03588573146,-0.853812091614,-2.15446413254,-0.206437432822,-2.23262635049,,,,,,,,,,,-0.945096533346,,,,-1.34536657798,-0.113742566399,,-1.48000674584,-1.97621805088,-1.34661998076,-1.23658169716,-0.779231539122,-1.552737362,,,0.245120380072,-1.02422013459,,,-1.92965440045,-1.41193037426,,,-2.5265904798,-0.628609088554,,-0.986579774873,-0.0300887328968
FATM04,"RGS11",ENSG00000076344,12.500258,-0.803794969116,-0.0444115260227,-1.8736668453,-1.70336639662,-0.9371156455938674,,-0.190148629548,-1.61343045199,-2.03007712985,-0.0581875509873,-1.89593224612,,,,,,,,,,,-0.708123626218,,,,-0.658921749693,0.471064886702,,-0.848830032967,-1.34448738616,-1.10587612002,-0.911047391315,-0.558955690724,-0.884961627345,,,0.675873238279,-1.02087472627,,,-1.30622010236,-0.911821332367,,,-3.6015987203,-0.330254943957,,-0.577335803318,-0.335433679948
GLYC22,"RGS11",ENSG00000076344,3.542527,-3.40859160465,-0.110237149028,-1.49402183428,-4.87258196164,0.6638795773327847,,-0.672373597153,-0.148866781295,-1.65875921979,-2.71239534494,-2.14693032521,,,,,,,,,,,2.32450761832,,,,-3.67892529108,0.761026453373,,-1.45235408455,-2.62248462409,-6.22126718793,-2.26194654211,-3.70297080706,-0.292452489752,,,-0.39016887374,-1.12143923112,,,-0.515773580488,-0.836586815333,,,-0.21430088575,-1.37126529539,,-1.68883442984,1.18238576429
LEAN04B,"RGS11",ENSG00000076344,6.502960,-0.0578607189991,0.139991673225,-1.31930172172,-1.35116016293,-1.925190950210351,,0.695371506869,-2.54000339534,-1.12431063748,-0.740961455533,-1.48888028601,,,,,,,,,,,-1.43123718683,,,,-0.507617097911,-0.727828159181,,0.16478877295,-1.97143032368,-1.30998402655,-0.278176506895,-1.25513314867,-2.00207324808,,,0.702435870302,-0.229502586262,,,-1.12378042505,-0.801080314031,,,-1.58481208443,-0.836432511122,,0.170826953918,-1.2065879649
LEAN04,"RGS11",ENSG00000076344,6.253849,0.646396189261,0.62314788043,-0.823249272865,-0.761676267132,-1.3342248788479303,,1.5382019571,-2.81269029392,-0.691190256252,-0.106097669409,-0.760226985073,,,,,,,,,,,-1.44821579685,,,,0.338066977119,-0.120233792748,,0.884705868139,-1.28397074599,-0.482696200196,0.232149176769,-0.549071898047,-1.77407157869,,,1.71180464628,0.0430124603411,,,-0.549326086325,0.0797184222395,,,-1.85815720098,-0.695515569414,,0.775194491565,-0.863559035865
LEAN05B,"RGS11",ENSG00000076344,5.790271,0.114321408393,0.451949719905,-1.12716967466,-1.17444495959,-1.6938935093224587,,0.919217389933,-2.36681749731,-0.925390212778,-0.477942853479,-1.18178189718,,,,,,,,,,,-1.38454980061,,,,-0.282117059105,-0.640158943168,,0.45830784084,-1.71161984279,-1.08586675257,-0.078897045365,-1.04461009292,-1.93100251085,,,0.874730758847,-0.0823414498706,,,-0.828128392235,-0.68325728995,,,-1.41467446556,-0.734261155492,,0.407306423395,-1.18909583277
LEAN05,"RGS11",ENSG00000076344,5.894047,0.764609603737,0.828311170865,-0.708405012107,-0.641118298265,-1.216574247355764,,1.69455037631,-2.7268535089,-0.572688097406,0.0398798269972,-0.552860727767,,,,,,,,,,,-1.43266862008,,,,0.484651823375,-0.0673084912421,,1.07263065353,-1.1177724659,-0.33726262161,0.358984948727,-0.416783677943,-1.76130967816,,,1.82257910691,0.138037337089,,,-0.36402831356,0.151417461964,,,-1.7145140824,-0.618682486989,,0.931724384593,-0.847573805555
LEAN06B,"RGS11",ENSG00000076344,9.142420,1.02740373151,2.24723262052,-0.259067702666,-0.728809982072,0.11287393248461043,,1.822992016,-3.18877735786,-0.681621458696,0.0343286760469,-0.406898230548,,,,,,,,,,,-1.20680101986,,,,1.25600820423,0.563737429645,,1.4982072482,-1.10700219011,-0.425144380464,0.647349262583,0.00362029166312,-2.33611462852,,,1.95931150364,-0.0933790531471,,,-0.119792521801,0.913967447502,,,-1.32112521661,-0.256114168574,,1.89188424675,0.674605679972
LEAN06F,"RGS11",ENSG00000076344,6.111691,0.479652070047,1.58723817845,-0.570178081078,-0.728955451951,-0.2877695755768119,,0.773153308527,-2.03235538536,-0.667232247013,-0.0414283817415,-0.594119960294,,,,,,,,,,,-0.940309486133,,,,0.549394214144,0.168112900957,,0.739055990098,-1.27519001906,-0.426867975268,0.186245386973,-0.0367173352842,-2.72801757605,,,1.08071358176,-0.104012476773,,,-0.48035144145,0.120048335603,,,-0.54489421031,-0.302799599613,,1.31435587043,0.594925333943
LEAN06,"RGS11",ENSG00000076344,10.069994,1.17844296393,2.25919099379,-0.0630158526942,-0.652291382063,0.3830242037151401,,2.1883946764,-3.53601151079,-0.645907061191,0.0231922338077,-0.236867330984,,,,,,,,,,,-1.19053670066,,,,1.51252701509,0.725619047207,,1.75728295914,-0.858263252585,-0.377275273443,0.833261403524,0.028681098626,-1.73902141733,,,2.27386832037,-0.164935921503,,,0.10751852025,1.2869923275,,,-1.72874556919,-0.168712953673,,1.93166035117,0.550053295376
OSTE04,"RGS11",ENSG00000076344,11.678277,4.16966729724,1.77505522738,2.72741959537,2.33451855591,2.446982889309467,,3.77090175152,3.66840904644,3.78094521505,3.34745021705,2.44384463259,,,,,,,,,,,1.21286282264,,,,2.91428891546,4.02651101379,,3.63498115965,3.59285138143,2.9496688538,4.64746686962,3.3852992586,2.73122080113,,,3.14749908751,3.29423019292,,,4.55757388788,0.664139449509,,,2.41433451526,1.04365035807,,2.53441372639,4.86128261754
