code,target,ENSEMBL,association,Adipose_Subcutaneous,Adipose_Visceral_Omentum,Breast_Mammary_Tissue,Muscle_Skeletal,DGN_Whole_Blood,Whole_Blood,Artery_Aorta,Artery_Coronary,Artery_Tibial,Heart_Atrial_Appendage,Heart_Left_Ventricle,Spleen,Brain_Amygdala,Brain_Anterior_cingulate_cortex_BA24,Brain_Caudate_basal_ganglia,Brain_Nucleus_accumbens_basal_ganglia,Brain_Putamen_basal_ganglia,Brain_Cerebellar_Hemisphere,Brain_Cerebellum,Brain_Cortex,Brain_Frontal_Cortex_BA9,Brain_Hippocampus,Brain_Hypothalamus,Brain_Spinal_cord_cervical_c-1,Brain_Substantia_nigra,Nerve_Tibial,Cells_Transformed_fibroblasts,Cells_EBV-transformed_lymphocytes,Colon_Sigmoid,Colon_Transverse,Esophagus_Gastroesophageal_Junction,Esophagus_Mucosa,Esophagus_Muscularis,Liver,Minor_Salivary_Gland,Small_Intestine_Terminal_Ileum,Stomach,Adrenal_Gland,Pituitary,Pancreas,Thyroid,Lung,Ovary,Prostate,Testis,Uterus,Vagina,Skin_Not_Sun_Exposed_Suprapubic,Skin_Sun_Exposed_Lower_leg
APOL02,"LPAR2",ENSG00000064547,7.805652,-1.99555107742,-1.85908804742,-0.546788026431,-1.76303468992,-0.9059286602307934,-0.781425700659,-1.05860845995,-1.6429476386,-2.25012619062,0.382261625678,-0.969347840974,-1.99574850787,,,,,,,,,,,,,,-2.9479287806,-0.534585924405,-1.93305870689,-2.64266199082,-1.9696089076,,-0.61196979967,0.0118181163823,,,0.441189695117,,-1.68456625096,,,-1.16422632382,-1.88642340583,,,,,,-2.06096268464,-2.319952401
BLOO01,"LPAR2",ENSG00000064547,7.805153,-5.0173964796,-3.77796091086,-3.39880528228,-3.53924542488,-3.8443503318638887,-3.37181088429,-4.04671028654,-4.5193816925,-2.11376176993,-4.93036109377,-4.92924166938,-2.47426605089,,,,,,,,,,,,,,-1.16086520496,-4.40981106062,-2.46119817605,-2.48036160388,-1.86197529377,,-4.41420372746,-5.04873742189,,,-0.538115063398,,-2.84311082321,,,-3.70991629839,-3.87883301949,,,,,,-3.8278122325,-2.7869023044
BLOO05,"LPAR2",ENSG00000064547,8.424547,-5.35062046495,-5.14989873732,-5.24691972292,-3.98157089613,-5.312122092681415,-5.16756615202,-5.17182914745,-5.46859692155,-2.92278522089,-4.66795714289,-5.84345532419,-3.79708388743,,,,,,,,,,,,,,-4.12412955973,-4.22227434938,0.328386861303,-3.88825275482,-3.43608246817,,-2.64889613721,-4.09375759958,,,-0.190628236221,,-2.95093599047,,,-4.17416459619,-5.14948344172,,,,,,-4.46095497686,-4.03142205346
BLOO08,"LPAR2",ENSG00000064547,9.342132,-5.68714885078,-5.33666504586,-4.82637625273,-4.69379771518,-4.201284888398235,-4.46695213577,-5.45250670643,-5.46256324663,-2.80681301342,-4.48792858661,-5.59672858908,-4.09569543835,,,,,,,,,,,,,,-4.75827547116,-4.73204683145,-1.7408862071,-4.0392847325,-2.8469572067,,-3.92677136709,-3.81892705172,,,-2.04204816602,,-3.55322653917,,,-3.24640158549,-5.32893364123,,,,,,-4.36061089788,-4.35114055616
BLOO11,"LPAR2",ENSG00000064547,5.961300,-4.24531531241,-4.34760168375,-2.87129425185,-3.2478327004,-3.7706087281226552,-3.41846222718,-4.44005324511,-4.50850028735,-3.44165505236,-3.57187161028,-4.27655117715,-3.78058505814,,,,,,,,,,,,,,-3.59824930087,-3.20523983859,-0.741953273142,-2.85668728025,-3.72382859992,,-3.49468172585,-2.85764346274,,,0.752973261714,,-1.90982150167,,,-3.95905394603,-4.43957733183,,,,,,-4.36983380911,-4.00198057264
BLOO14,"LPAR2",ENSG00000064547,9.398179,-5.40338911843,-5.21961941281,-3.71085125632,-4.54793907414,-3.8419437507600533,-4.31489594539,-4.84349003536,-5.19053886309,-2.12882723033,-4.4940766431,-4.90470651867,-3.84890957645,,,,,,,,,,,,,,-4.83613582513,-3.90263537005,-1.31043304019,-4.14145780762,-3.14757981505,,-3.16739476475,-2.97841186304,,,-1.6460517769,,-3.55730260272,,,-2.74274375004,-5.12459091354,,,,,,-4.24565132662,-4.23186675146
BLOO15,"LPAR2",ENSG00000064547,12.667521,-6.09746443598,-6.12966009971,-3.96849149406,-5.02961937247,-4.621773151994654,-5.05267381757,-5.61070526708,-6.01704849288,-2.79611001651,-5.120299373,-5.37057638639,-4.47837375352,,,,,,,,,,,,,,-5.78643114589,-4.20190983372,-1.09802465113,-4.75996037478,-4.19409896148,,-3.2923326518,-3.39048049988,,,-1.43792317317,,-3.89125763221,,,-3.62413067745,-5.943181612,,,,,,-5.24628159216,-5.1447273762
BLOO16,"LPAR2",ENSG00000064547,6.612699,-4.8611893126,-4.37424381465,-2.81976974497,-4.01243401775,-4.045748152373394,-3.68193927315,-4.50369723286,-4.45529182577,-1.57852780792,-4.88963931845,-5.77423165729,-2.78993900863,,,,,,,,,,,,,,-2.96119522245,-3.80570694042,-1.77064330962,-3.59253511062,-2.14514168659,,-3.28597910096,-4.1909165838,,,-0.308623672427,,-2.72933339985,,,-3.49025635747,-4.49806417641,,,,,,-3.60851303902,-3.00886671408
BLOO19,"LPAR2",ENSG00000064547,9.854058,5.19871197261,5.5845348178,2.94578869615,3.98890537717,5.447207687002121,5.30509492097,5.03374973677,5.60338043735,3.3703226247,4.72779403906,4.81260955774,3.60171190411,,,,,,,,,,,,,,5.54900680008,2.8408723498,-1.31794913137,4.43199879489,4.88441073715,,1.06709313378,3.22591105884,,,-0.156146121355,,2.97249220235,,,4.42785693013,5.33924147443,,,,,,5.20263359023,4.76706983833
BLOO24,"LPAR2",ENSG00000064547,9.036269,-3.41477822325,-4.05059140486,-1.23651483562,-2.69400591226,-3.2930600245616235,-3.14468970478,-3.52013727125,-3.85930025108,-3.01626626712,-3.01873626616,-2.4690948657,-2.68137974323,,,,,,,,,,,,,,-4.5153035549,-1.48286662835,0.263947707513,-3.07732572105,-3.97172521946,,-1.27528450904,-1.74640059359,,,0.704511920134,,-1.79382225331,,,-3.38660607594,-3.86264870663,,,,,,-4.23065601174,-3.95703558016
BLOO28,"LPAR2",ENSG00000064547,7.794931,-4.43292476687,-4.7499349886,-2.88758179243,-3.2400285452,-4.796101564318276,-4.94114491955,-4.3090312824,-4.7014565276,-2.52053635878,-4.24307650061,-4.29481470465,-3.13878457956,,,,,,,,,,,,,,-4.52605336652,-2.50874873177,1.37683473482,-4.10645961498,-3.75367045001,,-0.826861405622,-2.70365110936,,,-0.0542415072077,,-2.90047265318,,,-3.50774958951,-4.48932732862,,,,,,-3.98688856822,-3.791270273
BLOO31,"LPAR2",ENSG00000064547,7.589425,5.05865289851,4.85149385556,2.46680435055,4.14335299324,4.2250404959924355,3.96978133971,4.71135465126,4.78355571003,1.61593381564,5.08973364594,5.4309764558,2.92685338287,,,,,,,,,,,,,,4.10512035161,3.34201611152,1.17747320999,4.00192527524,2.52402645576,,2.44261226687,3.90584184472,,,-0.183515811448,,3.05601283058,,,3.61314558717,4.82529674233,,,,,,4.0863149606,3.60096588111
BLOO32,"LPAR2",ENSG00000064547,9.887261,4.8472332626,5.37840883906,2.01239738105,3.72169271926,4.71113583006695,4.51248082971,4.90501115185,5.1864497133,3.32604192628,4.52058041117,4.20570871987,3.50944323913,,,,,,,,,,,,,,5.52955288648,2.48687211081,-0.271033169225,4.16745604298,4.50133597904,,1.69319768776,2.95106346179,,,-0.627530228083,,2.70040246458,,,4.26279953732,5.14575677995,,,,,,5.19742830595,4.83652379995
BLOO33,"LPAR2",ENSG00000064547,13.347502,-6.56984972933,-4.8743226593,-3.91412599612,-4.84483097493,-4.71561223126858,-4.23236645656,-5.13634874879,-5.78656424008,-2.35344905505,-6.25395428752,-6.5462097485,-2.9361054863,,,,,,,,,,,,,,-1.48361941662,-5.75158409868,-2.90546240687,-3.10813885752,-2.40424332564,,-5.36399028426,-6.91308186341,,,-0.547147057083,,-3.62420891369,,,-4.54332763629,-5.02700256977,,,,,,-4.73208738689,-3.11871844198
BLOO35,"LPAR2",ENSG00000064547,7.457262,4.62202722511,4.28139262937,2.89148968313,3.59852790622,3.4433202911696252,4.08620996394,4.04163145719,4.0573105839,1.8935119964,4.69534500623,4.58965599457,3.11863032904,,,,,,,,,,,,,,2.969356541,3.60878726953,1.03900293026,3.74551353864,1.80213145438,,3.11225237862,3.96621683857,,,0.153384292063,,3.11513994647,,,3.22368617548,3.94464948069,,,,,,3.9989467622,2.59594496216
BODY08B,"LPAR2",ENSG00000064547,7.863343,3.88219769213,2.68709647795,0.228605375856,3.14565349769,3.7569983251630195,1.79325115273,3.57740900689,3.81512898197,1.20751326844,3.36294365835,3.02240358198,2.49967098587,,,,,,,,,,,,,,0.988297862904,5.4006392489,0.0893663832741,1.04678836324,1.90127818032,,4.59973784786,3.83999160713,,,3.66329419104,,4.00394678007,,,3.07806492076,3.31140652286,,,,,,2.35394798367,3.2262617759
BODY08F,"LPAR2",ENSG00000064547,6.478430,3.09664664739,2.37565257456,0.163553859085,2.11116298504,3.0252402696742178,1.58223855992,3.37845381439,3.03964267874,1.30843324068,3.32615893577,2.66087592897,3.01713513441,,,,,,,,,,,,,,0.893284477905,4.28272594293,0.136202304108,1.23895719229,1.70478605423,,4.26430856128,3.64212496971,,,3.36501444447,,3.63416787892,,,2.86056928652,2.87388627041,,,,,,1.77729068472,2.74641471753
BODY08,"LPAR2",ENSG00000064547,8.632048,3.92722756826,2.77943315865,0.300279769379,3.13905787013,3.9172769915530066,1.92895701583,3.76946152734,3.88321084389,1.24607318569,3.59989778602,3.12996933501,2.7885508539,,,,,,,,,,,,,,0.882070488548,5.4570212187,0.0561691649346,1.1653565871,2.0269259163,,4.74737352834,4.06413889056,,,3.71479674693,,4.00835952436,,,3.29537245307,3.42370644233,,,,,,2.42226879276,3.32075569617
CHOL03,"LPAR2",ENSG00000064547,6.317846,-1.45749456902,-1.77591772263,-2.51081281152,-1.71341839694,-0.5464149055623265,-1.04903815645,-1.20308481804,-1.18768245956,-2.62883414713,-0.0141078126021,-0.994670121303,-1.92542357683,,,,,,,,,,,,,,-2.99066732949,-1.17338356822,-1.6345041177,-2.65267882234,-2.35843472236,,0.881376986673,0.258153008672,,,-0.709363777881,,-1.64534851195,,,-0.900130720379,-1.65898732253,,,,,,-1.37039978561,-1.99077702544
CHOL06,"LPAR2",ENSG00000064547,11.060551,-2.32252115706,-2.61903622433,-1.88882765519,-2.39862315616,-1.1960612162957782,-1.36101885679,-1.70021229589,-2.04742336991,-3.20497330264,-0.397587406536,-1.27704074377,-2.46227483111,,,,,,,,,,,,,,-3.63162457286,-1.14535013778,-2.34106599365,-3.75252367268,-2.37452470225,,0.0903760813389,0.185400100877,,,-0.12863920843,,-1.14962946859,,,-1.64663495989,-2.47641220577,,,,,,-2.25622608292,-2.96659728071
CHOL14,"LPAR2",ENSG00000064547,7.744004,-1.12405323192,-1.36393009812,-1.32775485052,-1.29688734813,-0.6777741096460765,-0.749002131435,-0.432842402177,-1.10347323687,-2.40855186997,0.949564091479,-0.689102030921,-1.1411363186,,,,,,,,,,,,,,-2.40647730302,-0.588522681275,-0.699907228294,-1.98528491514,-2.20566479964,,0.548714189371,0.813226575329,,,0.182838556573,,-1.47149795234,,,-0.914995019271,-1.39603392433,,,,,,-1.32591537474,-1.69402719507
CHOL16,"LPAR2",ENSG00000064547,8.671437,-1.52752918462,-1.87511073401,-1.62740215918,-1.78363182788,-0.9132748645188067,-1.01325509006,-0.875203865375,-1.37711339715,-2.74299052444,0.243969517716,-0.756494578638,-1.39481446765,,,,,,,,,,,,,,-2.79860204611,-0.521462222974,-1.26242934794,-2.9298947577,-2.34130714088,,0.538451383804,0.692036384694,,,-0.273228906007,,-0.863583302065,,,-1.04069833609,-1.74996048527,,,,,,-1.76677329577,-2.35652914717
CHOL17,"LPAR2",ENSG00000064547,10.001492,-1.35662237373,-1.59217482397,-1.00229405457,-1.21343134026,-0.38816086099357366,-0.364702577269,-0.356874270538,-1.16194810537,-2.23023782866,0.839006381304,-0.527486770328,-1.18446576529,,,,,,,,,,,,,,-2.51629255796,0.0797462812073,-1.52664422281,-2.70806917195,-1.88903250491,,0.216195214803,1.1741645892,,,0.352965209325,,-0.86847118166,,,-0.823455286068,-1.48958882816,,,,,,-1.59179454817,-2.11006593272
CHOL20,"LPAR2",ENSG00000064547,6.487129,-1.84662995221,-1.48159501131,0.112112446871,-1.93300802122,-0.5992103262140692,-0.530410239399,-0.586498322315,-1.55429373357,-1.71052134041,0.356768091315,-1.01963638783,-1.57746102626,,,,,,,,,,,,,,-2.21655039766,-0.435020571809,-2.2287326287,-2.03606928502,-1.42254170347,,-0.65859590762,-0.148840272946,,,0.689994827431,,-1.7202303944,,,-1.06066714122,-1.60207359368,,,,,,-1.62308660416,-1.97222040899
CHOL21,"LPAR2",ENSG00000064547,24.134766,-0.031835843798,-2.22613728876,-3.11002776248,-2.96081935767,-2.4562673387702945,-1.35996984738,-1.62935444384,-2.21228408813,-2.89620748421,-1.76755045081,0.416572950192,-1.07775916526,,,,,,,,,,,,,,-3.86017404671,-0.288069978801,0.207832581014,-3.10416379421,-5.31588125567,,-1.05322654962,1.1541796531,,,-1.49065259635,,-1.5691393599,,,-2.66301599418,-2.84323118769,,,,,,-2.27156132518,-6.53249378172
CHOL26,"LPAR2",ENSG00000064547,6.770139,-1.22277065691,-1.52819181117,-1.6221399456,-1.49025969906,-0.7365127414332628,-0.919558473322,-0.632810874879,-1.17269204762,-2.49834769421,0.687508889233,-0.768395877601,-1.34819975959,,,,,,,,,,,,,,-2.39448230633,-0.674217052174,-0.75413189989,-2.14521539007,-2.2499431157,,0.512967451197,0.489333390165,,,0.0200198919711,,-1.44680281532,,,-1.06974355461,-1.52019465414,,,,,,-1.41924873992,-1.71037600427
CHOL27,"LPAR2",ENSG00000064547,14.099513,-0.695891237895,-2.21292621305,-2.55989983626,-2.59666212029,-2.140642983113673,-1.17077168286,-1.34834462596,-2.5357542038,-2.4686864869,-1.55966186644,-0.428963029306,-0.975375131535,,,,,,,,,,,,,,-2.58194375221,-1.14057165974,-0.177814081039,-2.60882231267,-3.37444584601,,-0.68453557641,0.346969187736,,,-0.792341777951,,-1.26589549502,,,-2.19671263067,-2.70239859827,,,,,,-2.27458301601,-5.3005355763
CHOL31,"LPAR2",ENSG00000064547,12.001893,-1.95984811066,-2.35226757576,-2.02568402509,-2.20388495875,-1.0699261239073052,-1.22559067337,-1.29710006564,-1.75354716738,-3.14475827075,-0.141389964349,-1.09441955069,-2.09721819531,,,,,,,,,,,,,,-3.15052610022,-0.780638064015,-1.94308971046,-3.6077429745,-2.28181966452,,0.255238656735,0.468851766902,,,-0.112647476436,,-1.03196562624,,,-1.2192213484,-2.18577312647,,,,,,-1.96773555753,-2.75480343568
CHOL33,"LPAR2",ENSG00000064547,9.372952,-2.00801523801,-2.20141635711,-0.760241859823,-1.44751625549,-0.9952356797465738,-0.766847098727,-1.17092849525,-1.77350705409,-2.14861150484,0.11135265956,-1.11327655353,-1.83661173788,,,,,,,,,,,,,,-2.84033945754,-0.365856683143,-1.78127373734,-3.12856467661,-1.97290542909,,-0.458170276822,0.502924246336,,,0.574324214357,,-1.00518972936,,,-1.34921039339,-2.13186431191,,,,,,-2.19884566607,-2.57737615558
EDUC03,"LPAR2",ENSG00000064547,6.196884,2.43800774015,1.8553906065,0.612594147172,1.61273758935,0.1106816087631092,1.08403234637,1.07161588362,1.91140368375,1.16351029242,1.16513312455,2.03972302822,0.758753310955,,,,,,,,,,,,,,1.76256530596,1.7889289056,3.04604875967,0.984084377703,-0.489584833749,,1.07534323062,2.59262559952,,,-0.31969944386,,2.74167373402,,,-0.253083927832,1.73883199764,,,,,,1.76294267329,0.623368088633
FATT24,"LPAR2",ENSG00000064547,6.869763,-0.301567418422,-0.343370227119,-1.56052408643,-1.44435204645,0.40112935746482714,0.147752101692,0.440159397643,-0.357298876481,-1.56128510096,0.919985230728,1.45269609403,-0.294249684188,,,,,,,,,,,,,,-1.06065888785,-0.312801883604,-1.77752131686,-1.30727745167,-0.909647669806,,0.68910853441,1.75861744266,,,-1.55406153021,,0.300358296482,,,-0.184765535005,-0.478272141129,,,,,,-0.581433817498,-0.91714899731
FATT29,"LPAR2",ENSG00000064547,8.911297,-1.17781087476,-1.21542100502,-1.90199954927,-2.41788873689,-0.4241742597877544,-0.367893779247,-0.471619759316,-1.16780172453,-2.36608091767,0.119432601931,0.261073668825,-1.54351541125,,,,,,,,,,,,,,-1.93979111269,-0.0444087309998,-1.84188862663,-2.43784777925,-1.91209964938,,0.305480146774,0.93301061777,,,-0.917702417701,,-0.299959199417,,,-1.26138199406,-1.31052909762,,,,,,-1.26168267839,-2.2673812794
FATT31,"LPAR2",ENSG00000064547,6.306405,-0.595667484927,-0.820474414449,-0.998352199116,-1.436379283,-0.2826579482959626,-0.450200768051,-0.187350541211,-0.74232792424,-1.83486682824,0.137216927398,0.0333566578775,-0.962886906484,,,,,,,,,,,,,,-1.382004994,-0.194423300872,-0.690745322303,-1.07509274315,-0.969287639575,,0.473159257978,0.750156175883,,,-0.503336707576,,-0.193433299912,,,-0.29859414678,-0.875035806879,,,,,,-0.6717465108,-1.4232255981
HEIG03,"LPAR2",ENSG00000064547,9.565000,-4.32313608715,-4.42550782248,-1.90331165218,-2.56237868318,-4.6199530443568815,-3.20078300764,-5.91575018236,-4.552110672,-3.90539990857,-5.60496433681,-3.67730836437,-4.21900709169,,,,,,,,,,,,,,-2.91906180321,-3.98788987081,-1.06948219861,-4.29439068695,-2.20755980841,,-1.53185739518,-3.56044403294,,,-1.05267688702,,-2.90550506425,,,-5.02765909588,-4.93503251505,,,,,,-3.05834627151,-5.8685320047
LIPI05,"LPAR2",ENSG00000064547,7.011883,-1.05558119862,-1.37731312717,-1.72179394398,-1.26218497893,-0.5550117992400567,-0.804797113784,-0.781841283932,-0.924497068075,-2.53194826074,0.437382864455,-0.502331068338,-1.4912476568,,,,,,,,,,,,,,-2.24813135079,-0.629942906258,-0.659032976889,-2.09493622644,-2.02000962262,,0.426238513162,0.227696110987,,,-0.287198579608,,-0.2068439333,,,-0.900268699256,-1.32486521951,,,,,,-1.21414112577,-1.64088797511
LIPI10,"LPAR2",ENSG00000064547,9.746226,-1.32004975297,-1.59335680773,-1.17624618593,-1.24626869827,-0.29919389136611435,-0.500893406787,-0.579858186759,-1.06687835689,-2.42491048736,0.496385137244,-0.402496107411,-1.45781351325,,,,,,,,,,,,,,-2.67302831775,-0.193131173399,-1.69914094755,-2.91821471956,-1.82337089248,,0.482892752062,1.08342349564,,,0.206589806799,,-0.580129596443,,,-0.942891106649,-1.49153050293,,,,,,-1.45852993162,-2.10030737557
LIPI12,"LPAR2",ENSG00000064547,7.362330,-1.03810242041,-1.35469557457,-1.70539983739,-1.03653266265,-0.6158610364349719,-0.956204798629,-0.801320776067,-0.988730949655,-2.45211836704,0.389407985495,-0.595077688036,-1.55094799189,,,,,,,,,,,,,,-2.45107275388,-0.761353625221,-0.707427647617,-1.92563755236,-2.47268341195,,0.808808386125,0.500980523114,,,0.223270248869,,-1.09598415543,,,-1.05881679625,-1.39059211854,,,,,,-1.17867631275,-1.59779136249
LIPI13,"LPAR2",ENSG00000064547,9.530414,-0.937694482507,-0.896842782013,-1.1770768544,-1.22624327049,0.5369132299382542,0.303459080645,0.0299878013734,-0.532987718483,-1.92561335091,0.574492253762,0.20063980993,-1.29338044444,,,,,,,,,,,,,,-1.91983469231,0.485931963371,-2.06663495394,-2.03709750633,-1.13486083879,,0.71428600102,0.611997758685,,,0.119387118661,,-0.136482340139,,,-0.617971738239,-0.887684036626,,,,,,-0.916491460562,-1.32232818024
LIPI14,"LPAR2",ENSG00000064547,8.533696,-1.33546002451,-1.81282590753,-1.77048382035,-1.60984253374,-0.706698917969073,-1.13974262242,-1.00351810561,-1.13029617431,-2.85831432461,-0.0249589174405,-0.658226211229,-1.59248783573,,,,,,,,,,,,,,-2.91877466011,-0.676511835151,-1.38971825175,-3.10983935082,-2.08127982311,,0.524841930921,0.590262591321,,,-0.3565289277,,-0.443879439891,,,-0.90917210624,-1.63035278336,,,,,,-1.44829096734,-2.16744268999
LIPO01,"LPAR2",ENSG00000064547,5.812056,-1.57566601223,-1.23141590905,-0.170596393668,-1.61587359726,0.12214282262509338,-0.0211256660212,-0.575479804181,-1.09599051143,-1.72203842629,0.0718904165971,-0.240437739303,-1.72740044462,,,,,,,,,,,,,,-2.15280668065,-0.128894672773,-2.82761092391,-2.09365875355,-1.06906995562,,-0.0223881818866,-0.137382250431,,,0.409743757797,,-0.86198832064,,,-1.05964438179,-1.29839957692,,,,,,-1.46730481117,-1.57803508846
LIPO04,"LPAR2",ENSG00000064547,6.534677,-1.57051843627,-1.8008240669,-2.06562467319,-1.34502498266,-0.9323603409051344,-1.29151250981,-1.36848145281,-1.36705028605,-2.62632407869,0.331892797926,-0.876662884831,-1.79612637709,,,,,,,,,,,,,,-2.86429721057,-1.25686878096,-1.66234239061,-2.83424542774,-2.23354388256,,0.260863300361,0.813093644725,,,-0.27412727968,,-1.58771804603,,,-1.22176144879,-1.81811586418,,,,,,-1.64978213061,-2.21210615774
LIPO07,"LPAR2",ENSG00000064547,7.176767,-1.36497194216,-1.85153171879,-2.11135693898,-1.40574793544,-0.9393880371587665,-1.26289979972,-1.3221886347,-1.1598593599,-2.46690400366,0.165123590268,-0.77322344252,-2.02761193818,,,,,,,,,,,,,,-2.59984213146,-0.868816846492,-1.70358565541,-3.23113099132,-1.77511769361,,0.345949573525,0.539466227489,,,-0.253533488951,,-0.677354954445,,,-1.11012954887,-1.68770921596,,,,,,-1.6305773624,-2.2245617652
LIPO10,"LPAR2",ENSG00000064547,6.983384,-1.43467583882,-0.988122867075,0.293820527466,-1.33318327993,0.17160268016803568,-0.0685614891186,-0.396041644319,-0.943892225314,-2.02006604877,0.467199814843,-0.212706434033,-1.43767873181,,,,,,,,,,,,,,-2.25544731832,-0.286125892506,-2.43092261793,-1.95705536699,-1.1343410023,,0.034800813449,0.332391178816,,,0.829046222319,,-1.43396262561,,,-0.937316087289,-1.10394245528,,,,,,-1.42015191425,-1.57231789568
LIPO11,"LPAR2",ENSG00000064547,9.146107,-1.14035790073,-1.42663650722,-1.25620365125,-1.15131488345,-0.15333991065140118,-0.444353418491,-0.436452419727,-0.881585023867,-2.43255693891,0.568290547056,-0.276409167939,-1.32666314838,,,,,,,,,,,,,,-2.56294063799,-0.111501815196,-1.61010782071,-2.83153110537,-1.77865360832,,0.652240854912,1.16970545625,,,0.105906863198,,-0.504699186977,,,-0.777400148883,-1.31652759841,,,,,,-1.28278776498,-1.95380181557
LIPO14,"LPAR2",ENSG00000064547,9.874356,-0.836230399812,-0.781912071657,-1.10593199162,-1.05478751339,0.6336785396718791,0.365872774572,0.130505344687,-0.409005433762,-1.89819780481,0.681877215989,0.304274372382,-1.21249885608,,,,,,,,,,,,,,-1.84690295398,0.624475369749,-2.03400408355,-2.02772348581,-1.01211008669,,0.83784948818,0.771057941777,,,0.111931568758,,-0.0658888633488,,,-0.469872329803,-0.776643127902,,,,,,-0.786141120338,-1.23935740577
PHLI04,"LPAR2",ENSG00000064547,5.675738,-1.70670418167,-1.39361932137,-0.0456037117672,-1.64284082771,-0.3246360570454151,-0.217696386938,-0.715443562521,-1.30839056576,-1.48061352271,0.198732353986,-0.553882462504,-1.60536317111,,,,,,,,,,,,,,-2.08206449209,0.0398124483275,-2.77091052896,-2.07944958569,-0.997193195845,,-0.227423999292,-0.224620639811,,,0.615530599361,,-1.0190333342,,,-1.02751653722,-1.46971526368,,,,,,-1.73441362972,-1.72638317539
PHLI07,"LPAR2",ENSG00000064547,7.146271,-1.39181814986,-1.54340661526,-2.00520810453,-1.63139195532,-0.8196028998162977,-0.888957939759,-0.744980726984,-1.26784922685,-2.51292704737,0.70907225222,-0.666679133804,-1.44542658644,,,,,,,,,,,,,,-2.47633268186,-0.705835458737,-1.19705752495,-2.26475444001,-1.96150707029,,0.438637791716,0.208834245333,,,-0.543216122559,,-0.934464782364,,,-0.799481894422,-1.5182172988,,,,,,-1.46356982647,-1.9680494971
PHLI10,"LPAR2",ENSG00000064547,8.895103,-1.43660354195,-1.76202890901,-1.55286710866,-1.63791132874,-0.8083416496467273,-0.886204407314,-0.759003234942,-1.24426493826,-2.57678275325,0.3418637959,-0.594761746286,-1.35171720706,,,,,,,,,,,,,,-2.69496633072,-0.440527812479,-1.35373595597,-2.88910780121,-2.10764439842,,0.38184502879,0.670038526038,,,-0.425400381268,,-0.647695978327,,,-0.943203440387,-1.62613057013,,,,,,-1.68996781998,-2.24329039331
PHLI11,"LPAR2",ENSG00000064547,7.469199,-1.33324127197,-1.6321134732,-1.1377142386,-1.22212535453,-0.38642760182898983,-0.477696326969,-0.507857742583,-1.09500624067,-2.40716208694,0.414728798524,-0.603988095204,-1.41839467396,,,,,,,,,,,,,,-2.3449235301,0.107616953029,-1.58355279831,-2.98354920892,-1.63558928688,,0.154998078273,1.03404774384,,,0.329017693558,,-0.479825366432,,,-0.804407700891,-1.52302853381,,,,,,-1.42580244967,-2.05325634214
PHLI12,"LPAR2",ENSG00000064547,5.960943,-1.40566069512,-1.19543694742,-0.670117350084,-1.31277299183,0.250499725597506,0.0812907216266,-0.384707214059,-0.957405234542,-1.56960963061,0.335630153695,-0.153256498575,-1.42255184502,,,,,,,,,,,,,,-2.06574386095,0.2188090966,-2.72312443642,-2.11734109836,-0.835179315596,,0.304222727257,0.229769429629,,,0.321257249689,,-0.387353655565,,,-0.850116939639,-1.22739289561,,,,,,-1.28306352178,-1.49893484429
PHLI13,"LPAR2",ENSG00000064547,6.185014,-1.27328567366,-1.40461845074,-1.69399148313,-1.39048395898,-0.8120863725699405,-0.87025404868,-0.611554449983,-1.15163942862,-2.38263183446,0.750213015383,-0.637297753097,-1.56637908346,,,,,,,,,,,,,,-2.40984613027,-0.74814426496,-1.20146015845,-1.89388074962,-2.25873948036,,0.815871273158,0.487274134605,,,0.102667017538,,-1.77378483145,,,-0.771054297207,-1.42845822743,,,,,,-1.32087388856,-1.67616962288
SCHI01,"LPAR2",ENSG00000064547,7.876148,-5.19658404691,-4.98027157202,-2.44763649536,-5.022302723,-4.73711840705419,-3.59734709236,-4.28474342915,-5.08130175961,-1.88048367125,-3.80793663935,-5.07831606001,-3.55419369279,,,,,,,,,,,,,,-4.41356089115,-3.51539486334,-1.86374560275,-4.34610070577,-3.102311578,,-2.9668691178,-3.58211883325,,,0.187375832013,,-2.87571592383,,,-3.51098895988,-4.88195020611,,,,,,-4.75547144147,-3.90868444111
SCHI02,"LPAR2",ENSG00000064547,8.148271,-5.15251249952,-4.88301792269,-2.2371917549,-4.88342762713,-4.573071474246183,-3.39586743518,-4.24063567387,-4.97746935219,-1.73074758177,-3.93122849006,-5.03142921918,-3.3444884012,,,,,,,,,,,,,,-4.54097104125,-3.47075611652,-1.90931285182,-4.1696879413,-2.88207957541,,-3.07740900864,-3.57192481508,,,0.148822959572,,-2.91562579615,,,-3.37715191953,-4.77495125129,,,,,,-4.61846012933,-3.68427691888
TRGL01,"LPAR2",ENSG00000064547,8.400696,-1.21748691457,-1.43182852621,-1.84702350076,-1.67540187549,-0.4674936963367056,-0.676267548683,-0.447097013009,-1.02350908734,-2.81608195664,0.612880831253,-0.478366394914,-1.48464903199,,,,,,,,,,,,,,-2.57828486062,-0.274564179525,-1.72966450312,-2.66299488668,-2.15546219827,,0.751886602796,0.794530777437,,,-0.177075834214,,-1.11008462935,,,-0.723833258976,-1.35622459057,,,,,,-1.30718135162,-2.1166803608
TRGL03,"LPAR2",ENSG00000064547,15.719786,0.567101022299,-1.359002782,-3.04206801637,-1.74329112593,-0.8709751001485944,-1.0325046314,-0.960498280805,-1.64823627472,-2.73606403266,-0.925451328014,1.13788491996,-1.01235807176,,,,,,,,,,,,,,-2.67158089946,0.498220025724,0.103292595055,-2.13213226307,-5.62962832188,,0.369891612586,0.678442655115,,,-0.940567533936,,-1.43990135701,,,-2.96613630527,-2.06248045391,,,,,,-2.61543410261,-5.26997791445
TRGL05,"LPAR2",ENSG00000064547,7.423037,-0.523237537173,-0.287288634398,-0.257405696446,-0.598806458633,1.2904130743945406,0.842252728046,0.25729281007,0.037988011828,-1.81236271285,0.515342346402,0.725405417266,-1.11585132806,,,,,,,,,,,,,,-1.56902908297,0.957390208579,-2.16690995645,-1.55520123814,-0.690127136263,,0.532560974489,1.16793197745,,,0.0351581526897,,-0.285506433577,,,-0.29516682569,-0.30568068868,,,,,,-0.402439334146,-0.825417583241
TRGL06,"LPAR2",ENSG00000064547,6.059623,-1.05552996386,-1.32616301224,-1.54512418326,-1.29932364244,-0.6665809639300598,-0.81459308015,-0.571360039132,-0.971007153237,-2.27244631439,0.63735012662,-0.593860570383,-1.1843673784,,,,,,,,,,,,,,-2.05836574902,-0.48332912127,-0.711481516127,-1.84373222177,-1.96422231978,,0.437366233991,0.32573567031,,,-0.296006560783,,-0.636015210045,,,-0.679585475041,-1.26098469075,,,,,,-1.19716965412,-1.57760233383
TRGL07,"LPAR2",ENSG00000064547,6.617695,-0.829683371294,-1.25388150027,-1.27241528493,-1.11769879398,-0.5803724328163908,-0.894767492097,-0.422053726672,-0.705186203749,-1.97060047332,0.631348916427,-0.249138135607,-0.895470828236,,,,,,,,,,,,,,-1.96687101356,-0.136518417074,-0.674679914919,-2.22153952593,-1.85392603336,,0.615256533501,0.675170742537,,,-0.543013117321,,-0.143510908559,,,-0.505536905166,-1.0862799865,,,,,,-1.05027254411,-1.60499697513
TRGL09,"LPAR2",ENSG00000064547,7.496291,-0.728433297871,-1.13879765326,-1.41685205771,-0.989339999624,-0.1313709196277555,-0.412485199165,-0.0608873555924,-0.559570516613,-2.40468351384,0.861035894157,-0.125327496553,-0.958715753823,,,,,,,,,,,,,,-2.26784841901,0.259477258871,-1.16838073166,-2.42114902497,-1.79154272256,,0.862487615308,1.22468323141,,,0.0282423207876,,-0.552549073756,,,-0.354976930319,-0.963192945221,,,,,,-1.05540996715,-1.70359233691
TRGL12,"LPAR2",ENSG00000064547,8.817015,-0.460135288507,-0.491230250917,-0.944288691919,-0.624023081909,0.917014438346708,0.500468923771,0.354736401238,-0.0270934971284,-2.11755405353,0.906287365605,0.514378055271,-0.900075163804,,,,,,,,,,,,,,-1.73416283167,0.812639515536,-1.60394408746,-1.99173591485,-1.08951208053,,0.961659235406,1.41996330941,,,0.0756138893048,,-0.0369522800494,,,-0.230339346946,-0.449565879201,,,,,,-0.482699738312,-1.08883436576
