code,target,ENSEMBL,association,Adipose_Subcutaneous,Adipose_Visceral_Omentum,Breast_Mammary_Tissue,Muscle_Skeletal,DGN_Whole_Blood,Whole_Blood,Artery_Aorta,Artery_Coronary,Artery_Tibial,Heart_Atrial_Appendage,Heart_Left_Ventricle,Spleen,Brain_Amygdala,Brain_Anterior_cingulate_cortex_BA24,Brain_Caudate_basal_ganglia,Brain_Nucleus_accumbens_basal_ganglia,Brain_Putamen_basal_ganglia,Brain_Cerebellar_Hemisphere,Brain_Cerebellum,Brain_Cortex,Brain_Frontal_Cortex_BA9,Brain_Hippocampus,Brain_Hypothalamus,Brain_Spinal_cord_cervical_c-1,Brain_Substantia_nigra,Nerve_Tibial,Cells_Transformed_fibroblasts,Cells_EBV-transformed_lymphocytes,Colon_Sigmoid,Colon_Transverse,Esophagus_Gastroesophageal_Junction,Esophagus_Mucosa,Esophagus_Muscularis,Liver,Minor_Salivary_Gland,Small_Intestine_Terminal_Ileum,Stomach,Adrenal_Gland,Pituitary,Pancreas,Thyroid,Lung,Ovary,Prostate,Testis,Uterus,Vagina,Skin_Not_Sun_Exposed_Suprapubic,Skin_Sun_Exposed_Lower_leg
BLOO01,"FMO4",ENSG00000076258,2.136184,0.166996589408,-5.05347216241,-1.61342417598,1.07141765904,-3.263179382744654,,-1.32303432662,,-1.55922796652,3.24688167255,1.11854362099,,,,1.82818513593,0.180969496834,,0.158806690087,,,,0.358541200284,,,,,,,,-4.72438780563,,,-1.64766752679,-1.95609671278,,,,,,-1.70647577336,,-2.65995590508,,-2.09676740975,,,,-1.15202534163,-3.7495684375
BLOO29,"FMO4",ENSG00000076258,5.901391,0.913861163964,9.02702438735,4.12137163805,-0.536635018546,6.50037213214533,,0.627776119305,,1.70338353941,-3.33860429679,-0.500532847168,,,,-3.80292054947,1.16345691343,,-0.247917335937,,,,2.9572953941,,,,,,,,6.04860141708,,,2.61749666221,2.40145041053,,,,,,1.81522899362,,5.01581861817,,3.53274550065,,,,1.86006159168,6.9575578715
BLOO34,"FMO4",ENSG00000076258,7.153434,-0.806305388459,10.5164669732,3.09339838558,-2.00359132433,6.519302043406891,,-0.625083795412,,0.773449269853,-6.28893391771,-1.89841034718,,,,-5.48316778113,-1.28998100659,,-0.733228007165,,,,3.51373502948,,,,,,,,9.73224727794,,,1.31609826406,1.19583185084,,,,,,0.856235030875,,3.70455987659,,2.15378682806,,,,1.25754295924,6.57551583956
LEAN04B,"FMO4",ENSG00000076258,1.243227,-1.00320527142,4.8413670547,0.785819060801,-1.72035874575,1.6543440698926515,,0.82889644488,,1.32189507737,-1.15209749255,-1.98631891967,,,,-1.35799603612,0.440783893873,,1.60581893603,,,,-0.991467618152,,,,,,,,-0.508128311754,,,1.04171366093,1.36891102106,,,,,,1.38735920445,,0.451999202468,,1.67361388087,,,,0.760274465675,-0.0338071864312
LEAN04F,"FMO4",ENSG00000076258,2.276003,-0.744650139545,4.78452029157,1.42992977025,-1.57766389234,2.223182960661428,,2.34186839027,,2.78140031669,-1.07236755921,-1.66451998518,,,,-0.785422337197,0.487962181567,,1.63042237952,,,,-0.854842717007,,,,,,,,-0.488938262204,,,1.99482241847,2.39733282973,,,,,,2.58347323004,,1.45353469651,,2.33948422989,,,,1.61793583542,0.0107726420682
LEAN05B,"FMO4",ENSG00000076258,1.214080,-0.957793770006,4.96165357318,0.812755688515,-1.68585379862,1.5438021977414438,,0.791916134118,,1.30989256813,-1.12803269423,-1.9479339337,,,,-1.39028592814,0.422651439663,,1.63788429502,,,,-1.04882225676,,,,,,,,-0.523921879833,,,1.07660849841,1.37716009737,,,,,,1.33603302503,,0.493227540143,,1.65233516578,,,,0.82188255726,-0.024958417851
LEAN05F,"FMO4",ENSG00000076258,2.127995,-0.684409475738,4.92123808316,1.46597671402,-1.52864787936,2.1048963163836936,,2.28433230053,,2.76173757206,-1.03746916954,-1.62490192751,,,,-0.852829599173,0.48679379416,,1.67970342852,,,,-0.890591282118,,,,,,,,-0.535122047601,,,2.033455668,2.40435124532,,,,,,2.52301854353,,1.4873800255,,2.31730048278,,,,1.69049273483,0.0370034133225
LEAN06B,"FMO4",ENSG00000076258,0.034229,0.0801717795658,5.82979056345,0.691625776208,-0.160924396613,-0.04158541891446563,,-0.316451299985,,0.906706935967,-0.386152497132,-0.142089072967,,,,-0.336911981233,0.48390330882,,1.72915777841,,,,-1.24295046176,,,,,,,,0.332564493004,,,0.6359910448,0.859738660752,,,,,,1.07020889571,,0.918762656147,,0.235030805798,,,,0.885392333568,1.3995777928
LEAN06F,"FMO4",ENSG00000076258,0.098563,0.514247129237,5.20333829457,0.9583430284,0.310443394417,0.16986843256844575,,0.737974819526,,1.64626488061,-0.0468928155079,0.484002979438,,,,0.510397579065,0.54805644348,,1.92836479716,,,,-0.943522049353,,,,,,,,0.711066558759,,,1.28291405295,1.35345966688,,,,,,1.62549014331,,1.54033909317,,0.68040575865,,,,1.37950531984,1.39275705596
LEAN06,"FMO4",ENSG00000076258,0.032054,-0.259202439371,5.33160778873,0.399585014918,-0.488353083104,-0.2317109173899449,,-1.00772696617,,0.247288582532,-0.591738475101,-0.552766472367,,,,-0.897847112479,0.36495507268,,1.31853630862,,,,-1.20770665055,,,,,,,,-0.0381461842048,,,0.0861811015789,0.377478756803,,,,,,0.504075586817,,0.293204233765,,-0.0544934604926,,,,0.415019144728,1.13146932384
