code,target,ENSEMBL,association,Adipose_Subcutaneous,Adipose_Visceral_Omentum,Breast_Mammary_Tissue,Muscle_Skeletal,DGN_Whole_Blood,Whole_Blood,Artery_Aorta,Artery_Coronary,Artery_Tibial,Heart_Atrial_Appendage,Heart_Left_Ventricle,Spleen,Brain_Amygdala,Brain_Anterior_cingulate_cortex_BA24,Brain_Caudate_basal_ganglia,Brain_Nucleus_accumbens_basal_ganglia,Brain_Putamen_basal_ganglia,Brain_Cerebellar_Hemisphere,Brain_Cerebellum,Brain_Cortex,Brain_Frontal_Cortex_BA9,Brain_Hippocampus,Brain_Hypothalamus,Brain_Spinal_cord_cervical_c-1,Brain_Substantia_nigra,Nerve_Tibial,Cells_Transformed_fibroblasts,Cells_EBV-transformed_lymphocytes,Colon_Sigmoid,Colon_Transverse,Esophagus_Gastroesophageal_Junction,Esophagus_Mucosa,Esophagus_Muscularis,Liver,Minor_Salivary_Gland,Small_Intestine_Terminal_Ileum,Stomach,Adrenal_Gland,Pituitary,Pancreas,Thyroid,Lung,Ovary,Prostate,Testis,Uterus,Vagina,Skin_Not_Sun_Exposed_Suprapubic,Skin_Sun_Exposed_Lower_leg
BLOO05,"ENSG00000255098",ENSG00000255098,4.897944,4.20828288073,,0.836594010031,,,,,,,,,,-4.40724999027,-4.65107589145,-3.84359809971,-3.94090961029,-3.95608926876,-4.61953374621,-4.63496441033,-3.14532361953,-4.71756347551,-4.42111433387,-4.66795846525,,,-4.51229998121,,,-4.68291831399,-3.99535406662,-4.53120238708,,-4.27496874881,,,,,,-2.38854051009,-0.918579268868,,,,,-5.22133552664,,,,-3.13077837789
BLOO06,"ENSG00000255098",ENSG00000255098,5.397159,3.38338565411,,2.99285006138,,,,,,,,,,-6.47315138519,-4.56579514754,-4.49221602174,-4.88992888198,-3.56843792637,-5.39737543189,-5.19915446069,-4.78573994246,-4.60530255212,-4.75619244691,-5.48607050273,,,-5.2954614373,,,-4.21823857216,-3.93528725331,-4.82448968009,,-5.53491583682,,,,,,-3.19471118974,0.039617271423,,,,,-5.40657581834,,,,-2.31694015683
BLOO08,"ENSG00000255098",ENSG00000255098,3.495352,3.29926437599,,2.10490018938,,,,,,,,,,-5.11644466009,-3.94100749539,-3.78822707822,-4.65223328381,-2.27350740158,-4.26363242427,-3.53990520236,-3.60487007716,-4.04636274548,-4.15544992757,-4.48910746437,,,-2.18728478136,,,-2.99961815204,-4.285283041,-4.10521557763,,-4.91206340235,,,,,,-3.06824799815,-2.0520210646,,,,,-4.75798624152,,,,-2.5516927872
BLOO09,"ENSG00000255098",ENSG00000255098,4.970697,3.22085912939,,2.79231763197,,,,,,,,,,-6.28765530048,-4.37468536679,-4.3161479965,-4.66347084732,-3.3838457861,-5.23483538684,-4.96217505401,-4.57302176251,-4.41296906163,-4.54317035629,-5.32201740831,,,-5.0198918659,,,-4.01948275767,-3.74481566181,-4.64389445414,,-5.36134964848,,,,,,-3.06358289875,0.161232672033,,,,,-5.20554360957,,,,-2.08565713821
BLOO10,"ENSG00000255098",ENSG00000255098,5.406725,3.59155978755,,2.74869810472,,,,,,,,,,-6.34959662187,-4.57862950186,-4.28273817679,-4.7752812282,-3.55237506693,-5.39450764454,-5.14685685473,-4.63188943445,-4.60947029958,-4.69710171884,-5.5058062615,,,-5.20346784371,,,-4.20005003653,-4.02058507309,-4.82045804335,,-5.4850382264,,,,,,-3.10806625959,0.161637290864,,,,,-5.43441572704,,,,-2.23020980765
BLOO12,"ENSG00000255098",ENSG00000255098,5.529972,3.45504625653,,2.74496565554,,,,,,,,,,-6.4406636403,-4.97652553581,-4.78382846068,-5.15523320706,-3.82049016951,-5.61901861842,-5.32032334379,-4.69327867309,-5.12373052951,-5.09414186858,-5.56963796757,,,-5.05601236147,,,-4.5995478114,-4.10399620104,-5.40151621848,,-5.7903375124,,,,,,-3.35004181216,-0.273519728118,,,,,-5.52237952659,,,,-2.85180857269
BLOO13,"ENSG00000255098",ENSG00000255098,5.252736,3.43411776201,,2.93520010624,,,,,,,,,,-6.47206058405,-4.56221560551,-4.4652259682,-4.89631996445,-3.60733374474,-5.43472634731,-5.21451351989,-4.79072502436,-4.59127434178,-4.81119041075,-5.49722521632,,,-5.2981759458,,,-4.1510135982,-3.92274443198,-4.81604944407,,-5.55983156112,,,,,,-3.2275649746,0.0958011254464,,,,,-5.4260710191,,,,-2.18601883913
BLOO30,"ENSG00000255098",ENSG00000255098,4.592864,3.18044487129,,2.85142455733,,,,,,,,,,-6.29148528302,-4.37029670313,-4.35749027321,-4.67613896489,-3.36780827475,-5.20331545635,-4.94264096567,-4.57458835535,-4.4244372033,-4.51420059614,-5.31969489199,,,-4.99971851926,,,-4.08075194565,-3.73887167648,-4.64755503433,,-5.36345113292,,,,,,-3.05047429315,0.0984358636735,,,,,-5.17286937526,,,,-2.21653221138
BLOO34,"ENSG00000255098",ENSG00000255098,8.927419,-3.91134453429,,-3.23685049877,,,,,,,,,,7.45089158354,5.50471373905,6.3397000823,6.04387482565,5.14007980353,5.75220146492,4.63126576551,4.93196829904,6.14826576153,5.25539947717,6.66348161921,,,4.59242673858,,,5.40444058249,3.65829748384,6.4861047978,,6.32191672973,,,,,,3.42770219603,3.37076930009,,,,,6.58053322534,,,,6.29508812789
BLOO35,"ENSG00000255098",ENSG00000255098,20.924818,-4.62192630845,,-6.04203229749,,,,,,,,,,9.07325148284,8.40878832573,8.5560399015,8.38152647444,6.99935176933,8.77216601025,8.20987234482,6.52248380423,8.9703625744,8.31697336107,8.13941164547,,,6.60379515869,,,6.19493919159,7.76433567202,8.45702222614,,8.17155897527,,,,,,4.53379973436,4.24064763079,,,,,9.27586949843,,,,6.51515022613
BODY08B,"ENSG00000255098",ENSG00000255098,7.898012,-2.19533322311,,-1.62494229705,,,,,,,,,,6.85609886393,5.57917992709,5.59088398637,5.7711508575,6.05376943676,5.56770471364,4.78674631338,5.38030633661,6.32737206591,5.22866504918,6.21496545553,,,6.32020219135,,,5.09256618937,3.43853722032,6.56140272767,,6.62642473122,,,,,,4.23258659543,3.62246118648,,,,,6.98478451494,,,,5.48076012692
BODY08M,"ENSG00000255098",ENSG00000255098,4.971754,-2.45865652351,,-1.12828627217,,,,,,,,,,5.55212257705,4.41224939481,4.60807244549,4.39834639887,5.38825439499,4.60390211733,3.69508332178,4.36219910711,5.15969268233,4.18543530337,5.78570672545,,,5.40475609946,,,4.41521283139,2.81659227272,5.54005183581,,5.59338913391,,,,,,3.24332017955,2.7986800803,,,,,5.75931170134,,,,5.41565709203
BODY08,"ENSG00000255098",ENSG00000255098,6.690136,-1.98335478139,,-1.61207598718,,,,,,,,,,6.69460038171,5.41806769937,5.45946953442,5.75728239026,5.83191928906,5.43788339128,4.74160986983,5.2672111493,6.11457429104,5.1510661172,5.9315947557,,,6.16720806988,,,4.94669535771,3.40052572681,6.30946243678,,6.47457922678,,,,,,4.21898450915,3.44061958956,,,,,6.78854189611,,,,5.03385382631
NEUR01,"ENSG00000255098",ENSG00000255098,9.073313,3.60635244649,,4.20211389464,,,,,,,,,,-6.58020541226,-5.57342057989,-5.83099228531,-7.20243120205,-5.79999224599,-6.01553268664,-5.47170835759,-4.76264597432,-5.7721210842,-5.45144963323,-6.95080606304,,,-4.45987793705,,,-3.04540451272,-3.69770622187,-5.90466129103,,-6.09307597512,,,,,,-3.01167548139,-2.27707272494,,,,,-6.83066619142,,,,-4.20233040967
NEUR02B,"ENSG00000255098",ENSG00000255098,16.071103,2.50443024912,,4.66630843952,,,,,,,,,,-9.1881202559,-8.10942301057,-8.61402814051,-9.89533067308,-7.10642731564,-8.51785250026,-7.49114355444,-8.09828596723,-8.4716921215,-8.17914597936,-8.19251767095,,,-5.858564996,,,-5.63429855551,-3.13826170194,-7.71073858626,,-9.11985113414,,,,,,-5.41896641418,-4.283099045,,,,,-8.85628675226,,,,-5.6378595228
NEUR02F,"ENSG00000255098",ENSG00000255098,5.589847,2.94894863422,,3.17004699185,,,,,,,,,,-6.25600076319,-5.35236567386,-5.79159921547,-7.23040368622,-5.41695700257,-6.04073459895,-5.06784889845,-5.15904501475,-5.61231366353,-5.4637506644,-6.00226899296,,,-3.79191355963,,,-3.47681509382,-2.58133789114,-5.18876566947,,-5.83866500997,,,,,,-3.18740726089,-2.35376926547,,,,,-5.81365577855,,,,-3.29381264177
NEUR02M,"ENSG00000255098",ENSG00000255098,10.978232,0.59825385782,,3.42802602248,,,,,,,,,,-6.73399717101,-6.11135177148,-6.38761492146,-6.76395423688,-4.63466264602,-6.00501411984,-5.52424132768,-6.28827471022,-6.36426927646,-6.10091415686,-5.58486450658,,,-4.49014896733,,,-4.48690818016,-1.86191141311,-5.71290339697,,-7.05494733405,,,,,,-4.47108484156,-3.70243669979,,,,,-6.70735391687,,,,-4.67666973353
NEUR03B,"ENSG00000255098",ENSG00000255098,10.889747,0.527511046838,,4.17227222703,,,,,,,,,,-7.19762057497,-6.75899667532,-6.98140983616,-7.6965356106,-5.36066614863,-6.22533939153,-5.4974460637,-5.93870372323,-6.91900772437,-6.35972910951,-6.16190322591,,,-4.7543392072,,,-5.10604744791,-2.87914806308,-6.28295389098,,-6.75744789711,,,,,,-4.30477286498,-4.52511930697,,,,,-6.72475547542,,,,-4.89136621653
NEUR03F,"ENSG00000255098",ENSG00000255098,3.952647,0.887423332304,,2.75984082499,,,,,,,,,,-4.49049244472,-4.46228148126,-4.82373456376,-5.39282941169,-4.02343395932,-4.21534147546,-3.59414858378,-3.47570429702,-4.52648096415,-4.13090653541,-4.2898834247,,,-2.65142632393,,,-3.62072005652,-1.78891652382,-4.05022169847,,-4.18343883113,,,,,,-1.97982799515,-2.77214485979,,,,,-3.98439007485,,,,-3.41821733399
NEUR03M,"ENSG00000255098",ENSG00000255098,5.738904,-0.108191620991,,3.13146598761,,,,,,,,,,-5.65197882582,-5.07854057786,-5.04853052983,-5.49347988949,-3.57637552628,-4.58167232724,-4.16384491824,-4.87648601617,-5.23797759012,-4.84407032118,-4.42488071838,,,-4.02756628729,,,-3.60382687993,-2.26912857339,-4.81324123098,,-5.33981412969,,,,,,-4.03902972983,-3.60200826486,,,,,-5.47877042949,,,,-3.50090000802
OSTE04,"ENSG00000255098",ENSG00000255098,18.898081,-7.18126853149,,-3.80783353134,,,,,,,,,,9.72326015919,8.17078438898,7.90712104278,9.54577170135,7.40742477277,8.45350449577,8.10964179058,7.05107166051,8.8501484786,8.03434785127,9.60426135812,,,7.84175010762,,,5.12033690744,6.19299692658,9.32450887255,,7.96587362232,,,,,,5.09256248462,2.4563734449,,,,,9.638267032,,,,7.16303142869
