code,target,ENSEMBL,association,Adipose_Subcutaneous,Adipose_Visceral_Omentum,Breast_Mammary_Tissue,Muscle_Skeletal,DGN_Whole_Blood,Whole_Blood,Artery_Aorta,Artery_Coronary,Artery_Tibial,Heart_Atrial_Appendage,Heart_Left_Ventricle,Spleen,Brain_Amygdala,Brain_Anterior_cingulate_cortex_BA24,Brain_Caudate_basal_ganglia,Brain_Nucleus_accumbens_basal_ganglia,Brain_Putamen_basal_ganglia,Brain_Cerebellar_Hemisphere,Brain_Cerebellum,Brain_Cortex,Brain_Frontal_Cortex_BA9,Brain_Hippocampus,Brain_Hypothalamus,Brain_Spinal_cord_cervical_c-1,Brain_Substantia_nigra,Nerve_Tibial,Cells_Transformed_fibroblasts,Cells_EBV-transformed_lymphocytes,Colon_Sigmoid,Colon_Transverse,Esophagus_Gastroesophageal_Junction,Esophagus_Mucosa,Esophagus_Muscularis,Liver,Minor_Salivary_Gland,Small_Intestine_Terminal_Ileum,Stomach,Adrenal_Gland,Pituitary,Pancreas,Thyroid,Lung,Ovary,Prostate,Testis,Uterus,Vagina,Skin_Not_Sun_Exposed_Suprapubic,Skin_Sun_Exposed_Lower_leg
BFPC02B,"FAIM2",ENSG00000135472,7.258967,-1.7464238664,-1.33117722049,-0.782730445243,-1.12889786427,0.23781614038746177,0.515622660338,-1.39506619993,,-1.84028512011,,,2.72909722196,,,,,,,,,,,,-2.1488467456,1.13241011432,0.0261135177808,-1.56833292411,,,,,-1.36078149621,-1.38933497083,,,,1.90118752053,0.143499894275,,,-1.18385838062,-0.992527717782,,,-4.3010547925,-0.697975009324,,,
BFPC02,"FAIM2",ENSG00000135472,7.032293,-1.54271276033,-1.22032609569,-0.611032475701,-1.08008376255,0.29372138847454415,0.585521925973,-1.12769413785,,-1.60283971523,,,2.90107604892,,,,,,,,,,,,-2.04317356058,1.14932445361,0.354417045061,-1.32065491757,,,,,-1.30287595235,-1.18595272962,,,,1.76034551771,0.417838046212,,,-1.06086434948,-0.747691428678,,,-4.43933610513,-0.807602863335,,,
BFPC03B,"FAIM2",ENSG00000135472,7.993192,-1.88893764097,-1.42519159404,-0.914601382324,-1.24404123138,0.18595762782842493,0.489124710196,-1.52756794255,,-1.96813721836,,,2.60770812584,,,,,,,,,,,,-2.07641528896,1.11074046777,-0.0593004708701,-1.6958610502,,,,,-1.47870858128,-1.5574094693,,,,1.79254806121,-0.0398417675092,,,-1.33707617858,-1.13258825703,,,-4.13735468612,-0.671403100877,,,
BFPC03,"FAIM2",ENSG00000135472,6.501469,-1.69672187227,-1.32045576838,-0.750942388973,-1.19451115511,0.21427116540935207,0.528325754408,-1.2892338321,,-1.74848857376,,,2.74281607723,,,,,,,,,,,,-1.95366528619,1.12457314637,0.246593189191,-1.45932779979,,,,,-1.44100565035,-1.37499593328,,,,1.62819480637,0.192335754493,,,-1.24121068495,-0.909739697555,,,-4.22553726097,-0.792471438734,,,
BFPC04B,"FAIM2",ENSG00000135472,22.797348,-1.93400677513,-0.433845372329,-0.337319015876,-0.834441168255,0.24623027036025014,-0.249493635616,-1.36304251939,,-1.62477483045,,,4.94545605728,,,,,,,,,,,,-1.97171302739,0.588075922549,0.468135518476,-1.42164903573,,,,,-0.58607669713,-1.00501394283,,,,1.56134438755,-0.408949403786,,,-0.813492253927,-1.0838730904,,,-5.32304046844,-1.0747101874,,,
BFPC04F,"FAIM2",ENSG00000135472,12.136534,-0.953959168053,-0.500757823306,0.0383936797682,-0.262937342494,1.0601665608175597,0.705030968875,-0.0385963974118,,-0.0328425689215,,,4.13400290527,,,,,,,,,,,,-0.593484801795,0.530840359443,1.60749392151,-0.343143331808,,,,,0.282366229408,-0.324894468789,,,,0.145191902334,-0.441640737742,,,0.327639084166,-0.00115121515684,,,-4.68270721443,-1.28845321091,,,
BFPC04M,"FAIM2",ENSG00000135472,13.820908,-1.8720635457,-0.175476973104,-0.502039277596,-0.936119154806,-0.5615354262115941,-0.947743743207,-1.8612554017,,-2.23037760188,,,3.33730105011,,,,,,,,,,,,-2.23544257979,0.364480955132,-0.721715219722,-1.68229214834,,,,,-1.05607667524,-1.1188379098,,,,2.04882199003,-0.190463445433,,,-1.41096726829,-1.504869942,,,-3.39359511421,-0.392213198755,,,
BFPC04,"FAIM2",ENSG00000135472,22.808270,-1.83854538512,-0.490333025846,-0.290314087524,-0.810944525942,0.508595828829228,0.00731467269308,-1.1467801978,,-1.39549630731,,,5.01253690699,,,,,,,,,,,,-1.86225954704,0.57491799101,0.779990621963,-1.25186209019,,,,,-0.451905204306,-0.913544244825,,,,1.38552980794,-0.380888571943,,,-0.680710868586,-0.91920213482,,,-5.53549051672,-1.18403462863,,,
BODY03,"FAIM2",ENSG00000135472,24.708875,-1.0954037474,-1.36609473701,0.193568686951,-1.12266281971,2.084059150767029,1.6258849958,0.496353937772,,-1.01604331878,,,5.15733552319,,,,,,,,,,,,-0.799378006886,3.4297553537,2.90461493283,-0.632567855,,,,,0.716909432429,0.345776045331,,,,1.38976575476,0.575350110816,,,-1.72109979382,0.16549878973,,,-7.36580416818,-2.21218498059,,,
BODY04F,"FAIM2",ENSG00000135472,14.128433,0.209966096661,0.227475301588,0.717789273042,-0.619439963596,2.3735650475273613,1.29241384606,0.853550191368,,-0.563796876464,,,4.12183840793,,,,,,,,,,,,-1.07984575476,2.05380866104,2.95077975218,0.0529961522717,,,,,0.631043813017,0.721020189872,,,,1.95503368691,0.243033838428,,,-1.40728108883,0.773607571461,,,-5.87242839103,-1.45484610347,,,
BODY04M,"FAIM2",ENSG00000135472,9.304720,-0.872684827657,-2.49300821831,-0.249221972437,-1.15395052613,0.9192890083510971,1.25166805419,0.343692298568,,-0.964930175721,,,3.6843443798,,,,,,,,,,,,-0.0289469023552,2.92333660421,1.60884462258,-0.624224371446,,,,,0.559369388489,-0.00599366266254,,,,0.0307761779031,0.697008667802,,,-1.25315058197,0.0718526158162,,,-5.24705827502,-2.00245657884,,,
BODY04,"FAIM2",ENSG00000135472,20.232369,-0.943733188391,-1.43921480978,0.348675155217,-1.19510263069,2.3582028868020455,1.8256155342,0.700976505811,,-1.01471188771,,,5.53058862717,,,,,,,,,,,,-0.858428609597,3.58960308892,3.19105570269,-0.464547686741,,,,,0.877642522365,0.484640741569,,,,1.47317901342,0.80417129813,,,-1.8479435488,0.430237258198,,,-7.639293398,-2.44315381006,,,
BODY06B,"FAIM2",ENSG00000135472,12.095458,-2.38070725481,-2.1329445677,-0.819295203922,-1.99067137154,-0.13143382397082864,0.182956147889,-2.08241645287,,-2.81144841601,,,2.30805404428,,,,,,,,,,,,-1.91167337537,1.22241992381,-0.394054806226,-2.10858816653,,,,,-1.72576182846,-1.74466135579,,,,1.63806266752,-0.805051853362,,,-2.67763876412,-1.72393968236,,,-4.33838559556,-0.719217340889,,,
BODY06M,"FAIM2",ENSG00000135472,8.063627,-1.88451341005,-1.31811701596,-0.621947754403,-1.41203634714,-0.4305718169686309,-0.25309573981,-1.85124186956,,-2.29468180899,,,1.80412239242,,,,,,,,,,,,-1.38796045956,0.947718113702,-0.805077017904,-1.74703984944,,,,,-0.838274372574,-1.29104876657,,,,1.14631224788,-0.659153056601,,,-1.87775727048,-1.57502572466,,,-2.93160353882,-0.478156606019,,,
BODY06,"FAIM2",ENSG00000135472,12.267437,-2.31331323628,-2.14838243918,-0.789458866325,-2.03573186439,0.08848531372330574,0.378894278587,-1.92550807257,,-2.70305351026,,,2.39407501578,,,,,,,,,,,,-1.96098930795,1.19700208907,-0.148196271034,-1.99478602625,,,,,-1.77644718059,-1.70710560175,,,,1.69593891365,-0.630527043827,,,-2.67966567565,-1.61133707628,,,-4.41153924822,-0.722975534071,,,
BODY07B,"FAIM2",ENSG00000135472,11.641513,-2.48250372841,-2.17935932972,-0.92460959621,-2.10211776078,-0.17081842877810563,0.151789727656,-2.17954730346,,-2.92292214138,,,2.17345397808,,,,,,,,,,,,-1.90598842191,1.17740615458,-0.436944288412,-2.20245862136,,,,,-1.83404132903,-1.86217219661,,,,1.61103824655,-0.976518790923,,,-2.83666996686,-1.82386779272,,,-4.20144865748,-0.777760161416,,,
BODY07M,"FAIM2",ENSG00000135472,7.923178,-1.91988560681,-1.3331973505,-0.659369525712,-1.46040749083,-0.4350356362405428,-0.247002596872,-1.86417851802,,-2.31780089937,,,1.77687189264,,,,,,,,,,,,-1.38187226454,0.942644789094,-0.808416968825,-1.78136440499,,,,,-0.854817705908,-1.32005097093,,,,1.13678935386,-0.667249855039,,,-1.90222082126,-1.58985456022,,,-2.92911634951,-0.451667507787,,,
BODY07,"FAIM2",ENSG00000135472,13.862678,-2.41438959234,-2.18961114599,-0.894228047863,-2.14206868939,0.024470367421448525,0.31588872961,-2.04212759309,,-2.82387014679,,,2.23040805343,,,,,,,,,,,,-1.95596155693,1.14651403662,-0.206420660218,-2.09026586432,,,,,-1.89610858068,-1.83299937992,,,,1.66651845674,-0.831563640221,,,-2.86025794908,-1.72149582988,,,-4.23564633804,-0.797874961986,,,
BODY08B,"FAIM2",ENSG00000135472,23.204864,-2.52826547758,-1.53634528163,-0.363578956239,-1.99374525402,-0.3980159735234087,-0.867872477822,-2.21406864911,,-2.97376050679,,,3.95026568436,,,,,,,,,,,,-0.964569168904,1.52882715201,0.260755826667,-2.00201154355,,,,,-1.063276214,-1.35705498211,,,,0.797103264401,-1.10555399112,,,-3.04952094438,-1.88063062518,,,-5.77132458002,-0.992583243008,,,
BODY08F,"FAIM2",ENSG00000135472,16.314142,-1.98102950534,-1.86139059056,-0.59139414391,-1.76020207228,1.288805397862016,0.760317816632,-0.868011983796,,-1.68092199356,,,2.71639744301,,,,,,,,,,,,-0.852605410187,0.938447149941,1.39568623332,-1.13373019003,,,,,-0.457612445653,-0.85533139507,,,,0.550445977909,-1.07361176145,,,-2.19180132779,-0.870818574053,,,-5.20593798529,-1.12270963804,,,
BODY08M,"FAIM2",ENSG00000135472,20.633839,-1.78102187369,-0.518104944475,0.006800040174,-1.23628427674,-1.6445732235046302,-1.83914352558,-2.30083758604,,-2.64982304307,,,3.10772433228,,,,,,,,,,,,-0.596342581749,1.30122414278,-0.831854570474,-1.78175138915,,,,,-1.06997161945,-1.13324580417,,,,0.625414450106,-0.601776199238,,,-2.3169987902,-1.84005874701,,,-3.48404325074,-0.404705264966,,,
BODY08,"FAIM2",ENSG00000135472,20.719262,-2.53839119861,-1.68333840907,-0.436882100766,-2.06971805676,0.018294543843390527,-0.517077852775,-2.03500566724,,-2.84271750716,,,3.88278188903,,,,,,,,,,,,-1.00442423974,1.461618871,0.531370383628,-1.90464546208,,,,,-0.978537578253,-1.32129039215,,,,0.806751611249,-1.10850519526,,,-3.03617243286,-1.78806448733,,,-5.96966310173,-1.07214704288,,,
FATM02B,"FAIM2",ENSG00000135472,11.238207,-2.19961618644,-1.7990865318,-0.894718813863,-1.49705956493,-0.0851581778973038,0.275952692491,-1.71853641152,,-2.47422539912,,,2.66432713419,,,,,,,,,,,,-2.53809381581,0.810635695139,-0.185103068068,-1.89680538913,,,,,-1.6850995212,-1.5887264152,,,,2.14360160048,-0.323917680585,,,-1.86226525649,-1.31967457991,,,-5.02974767349,-0.61257678994,,,
FATM02M,"FAIM2",ENSG00000135472,6.870085,-1.92922793337,-1.24577665576,-0.795304482251,-1.10704406968,-0.07157404157252688,-0.00399754119507,-1.67127692939,,-2.14663423956,,,2.14184670656,,,,,,,,,,,,-2.25043621511,0.383329896022,-0.724169110623,-1.78446238452,,,,,-0.948489667667,-1.39249162839,,,,2.02359554357,-0.487505255237,,,-1.35175306695,-1.34809938058,,,-3.51182656889,-0.0976315332357,,,
FATM02,"FAIM2",ENSG00000135472,11.030412,-2.09276297206,-1.77816754656,-0.841835660721,-1.56602573333,0.018028476804215952,0.405349759814,-1.53930882343,,-2.35516121824,,,2.70621483718,,,,,,,,,,,,-2.53292254325,0.853791289383,0.0998030232579,-1.73761466245,,,,,-1.75738165574,-1.49062613096,,,,2.09581748771,-0.0996285701048,,,-1.89207048304,-1.17208969517,,,-5.1229392087,-0.722021308424,,,
FATM03B,"FAIM2",ENSG00000135472,10.638650,-2.3113971445,-1.87234121196,-0.998016964774,-1.60602226485,-0.12847837908762746,0.248614544774,-1.81884234018,,-2.58725166902,,,2.54321945531,,,,,,,,,,,,-2.51520942579,0.774579119073,-0.226561258149,-1.99121397431,,,,,-1.77716872309,-1.71293709951,,,,2.10346929374,-0.477016829713,,,-2.02092352571,-1.41666230636,,,-4.87454820036,-0.652222196675,,,
FATM03M,"FAIM2",ENSG00000135472,7.312034,-1.99310016738,-1.28275441056,-0.857391233429,-1.18167886129,-0.10884253632420901,-0.0115311956151,-1.7191451166,,-2.20244226425,,,2.10066145338,,,,,,,,,,,,-2.24424013739,0.370000336109,-0.763717171823,-1.85508026581,,,,,-0.992099484642,-1.45335550791,,,,2.0107304804,-0.515897901728,,,-1.38718419473,-1.38989080514,,,-3.51556764009,-0.0609330370255,,,
FATM03,"FAIM2",ENSG00000135472,10.847773,-2.20194173473,-1.84609798257,-0.940441818173,-1.66413062093,-0.04217460514525186,0.352220639823,-1.65316437119,,-2.47349017822,,,2.55933378007,,,,,,,,,,,,-2.50580948187,0.80719619877,0.051549588674,-1.82705375704,,,,,-1.85538657603,-1.61901618992,,,,2.04944410617,-0.281991885062,,,-2.07284903828,-1.2763776844,,,-4.92248486752,-0.785122117665,,,
FATM04B,"FAIM2",ENSG00000135472,21.990167,-2.77277115797,-1.18255455063,-0.814161135369,-1.7170898347,-0.11041930832613797,-0.410896999509,-2.04583100542,,-2.85962598299,,,4.68533263531,,,,,,,,,,,,-2.18143876712,0.576839455571,0.262393283662,-2.12018448494,,,,,-1.07146312981,-1.50167742788,,,,1.66559395384,-0.934730539664,,,-2.04644998415,-1.73349292761,,,-6.43361638139,-0.908127796609,,,
FATM04F,"FAIM2",ENSG00000135472,14.857955,-1.94320383822,-1.58306264978,-0.694451424832,-1.33031228624,1.3312185944783694,1.03947804721,-0.657154147228,,-1.34591869147,,,3.4825444656,,,,,,,,,,,,-1.15356832393,0.61143686123,1.55659561648,-1.00707718895,,,,,-0.309929581952,-0.800704971368,,,,0.516682416567,-0.764842392624,,,-1.31601441453,-0.686219009497,,,-5.75651062953,-1.51551238068,,,
FATM04M,"FAIM2",ENSG00000135472,17.625380,-2.17159601334,-0.281760652145,-0.531684705075,-1.23743457589,-1.2827750099119217,-1.44980014686,-2.26399796698,,-2.80062572095,,,3.50078356852,,,,,,,,,,,,-2.02969557911,0.277371372134,-0.961088819138,-2.06802352394,,,,,-1.21439453641,-1.39004004743,,,,1.86100913402,-0.638255882485,,,-1.7029893548,-1.80780462935,,,-3.97761634766,0.0376320518516,,,
FATM04,"FAIM2",ENSG00000135472,25.438148,-2.75901328106,-1.3530343381,-0.853503907706,-1.77659395832,0.26210729999320304,-0.0615854424027,-1.85257816897,,-2.70773415582,,,4.65258678904,,,,,,,,,,,,-2.15341692253,0.596919269537,0.581974032595,-1.98886828642,,,,,-0.977473318407,-1.43846995266,,,,1.55438574465,-0.915615644541,,,-2.05914000487,-1.61664552885,,,-6.69271075726,-1.10767158383,,,
HIPC01F,"FAIM2",ENSG00000135472,8.764800,0.562696247451,1.03140123222,1.31351713126,0.760130620747,1.1837899160578138,0.402972528169,0.518120721789,,-0.707724745404,,,4.59169860158,,,,,,,,,,,,-1.40626536796,0.990389485126,1.69358664674,0.212401836371,,,,,0.66965425139,0.685507337886,,,,2.31410164292,0.886591105618,,,-0.630658958371,0.783737824912,,,-4.8512528136,-0.881761165462,,,
HIPC01,"FAIM2",ENSG00000135472,11.067273,-0.370261301864,0.318246288071,0.950536842947,0.201982174292,1.144582495474155,0.523011111935,0.794016212702,,-1.14022330159,,,4.52164019979,,,,,,,,,,,,-1.89453222507,1.91934413889,2.12531401556,0.19362475943,,,,,1.0149916092,0.771191069687,,,,2.22049619984,1.1401088898,,,-1.17784990464,0.705683634708,,,-6.09330997642,-1.71200646814,,,
HIPC02F,"FAIM2",ENSG00000135472,9.741746,0.54634413123,1.005823578,1.28050583897,0.822471875239,1.2658157351604011,0.553039559141,0.48686537589,,-0.586869192097,,,4.49065650754,,,,,,,,,,,,-1.26674822263,0.967164063946,1.59228161785,0.191715973289,,,,,0.66457529838,0.668279220365,,,,2.10551901575,0.86430939268,,,-0.470285470574,0.720913191793,,,-4.69921559382,-0.736078146767,,,
HIPC02,"FAIM2",ENSG00000135472,13.044399,-0.378010099586,0.331545676204,0.924510715227,0.303124085841,1.080023161747571,0.386524561983,0.770387683535,,-0.985784544217,,,4.39996009424,,,,,,,,,,,,-1.7802493544,1.86379436227,1.96302442295,0.186560154865,,,,,1.00440754997,0.750075501826,,,,2.06956655709,1.10889217408,,,-0.976480512718,0.682625840146,,,-5.88837783453,-1.55068398875,,,
LEAN04B,"FAIM2",ENSG00000135472,6.935579,-2.43774105492,-2.55475371115,-1.48240465889,-2.3801062535,0.1461552153456562,0.706724996222,-1.47638616418,,-3.10249926817,,,0.429136430997,,,,,,,,,,,,-1.52930990647,-0.5239412057,-0.217420053145,-1.85214219262,,,,,-1.91152588384,-1.57801682767,,,,0.785406124053,-1.20914380916,,,-3.19008708695,-1.69459839321,,,-3.84861596511,-0.432724345235,,,
LEAN04,"FAIM2",ENSG00000135472,8.161554,-2.11486901165,-2.08591882401,-1.10058770806,-1.83580211495,0.0269003142280009,0.413931382319,-1.22418091732,,-2.61285101446,,,0.91699433769,,,,,,,,,,,,-0.626283636227,-0.722252680372,-0.417591612445,-1.66092238225,,,,,-1.09360913956,-1.28303433747,,,,0.0350722806389,-1.16509964331,,,-2.24706222828,-1.58133816959,,,-3.35532007189,0.0769604615349,,,
LEAN05B,"FAIM2",ENSG00000135472,7.145688,-2.50045764532,-2.56801783023,-1.55924407319,-2.47189632285,0.16388980593703248,0.73619038637,-1.5301012347,,-3.2029261566,,,0.278229357389,,,,,,,,,,,,-1.56507579307,-0.600884822207,-0.199747023795,-1.89249674737,,,,,-1.98572519533,-1.63058925471,,,,0.843131093058,-1.26662830667,,,-3.35855775158,-1.77087465255,,,-3.72105373038,-0.682823849968,,,
LEAN05,"FAIM2",ENSG00000135472,7.006268,-2.1413513916,-2.08097496371,-1.12602959494,-1.88101554499,-0.00021921635197646384,0.387183875831,-1.25867911589,,-2.6648594665,,,0.818808854641,,,,,,,,,,,,-0.664390987762,-0.745972812083,-0.406412454755,-1.6761789864,,,,,-1.13908797936,-1.30286353295,,,,0.0904726120713,-1.19515432954,,,-2.34372619606,-1.60994566916,,,-3.29156499191,-0.0712777024594,,,
LEAN06B,"FAIM2",ENSG00000135472,20.559532,-3.28640856274,-2.71627884377,-1.74410691723,-2.97037602066,0.7671286100683921,0.746973509131,-1.91217281041,,-3.78278252702,,,1.85947499955,,,,,,,,,,,,-1.692732648,0.397211390847,0.634263032909,-2.32286596601,,,,,-1.35974252234,-1.69827244444,,,,1.21946965203,-1.07988010577,,,-3.881508441,-2.00781149968,,,-6.11775653278,-0.992351614195,,,
LEAN06F,"FAIM2",ENSG00000135472,15.616454,-2.97497334649,-2.84720011249,-1.75818562066,-2.89529728417,1.6277956218548937,1.38511842383,-1.38467325991,,-3.1597189812,,,0.945392907086,,,,,,,,,,,,-2.30212168249,0.936023945062,1.1279290954,-1.79459497053,,,,,-1.22180644437,-1.32085893923,,,,1.76506760887,-0.741499669049,,,-4.16145435962,-1.4649285122,,,-5.4974773244,-1.874256665,,,
LEAN06M,"FAIM2",ENSG00000135472,9.778090,-1.74247862991,-0.825808184719,-0.64307861449,-1.25209970379,-1.053524364287836,-0.712422298263,-1.55700811689,,-2.42197444628,,,2.14490829245,,,,,,,,,,,,0.314558566584,-0.691899795611,-0.530623395387,-1.71476034817,,,,,-0.733859085195,-1.23969980707,,,,-0.392902472059,-0.942755188324,,,-1.04103457425,-1.61947403069,,,-3.30865271854,1.00676372327,,,
LEAN06,"FAIM2",ENSG00000135472,20.352236,-2.9002171573,-2.09040075176,-1.41225233533,-2.47051473814,0.04892608631955303,0.150512238332,-1.93158724204,,-3.50326820169,,,2.2421722661,,,,,,,,,,,,-0.851460539371,-0.0294630424945,0.136460543125,-2.28568049904,,,,,-1.16941454004,-1.65883663776,,,,0.582272362965,-1.12017958286,,,-2.88085489427,-2.06747759816,,,-5.42923033612,-0.151062805197,,,
MENA02F,"FAIM2",ENSG00000135472,18.235458,0.778828212199,1.98656089139,-0.737208243563,0.907505070244,-1.7863028241545522,-1.31533135494,0.0483941565953,,1.02419089438,,,-3.5240812589,,,,,,,,,,,,4.20902536866,-3.12065417255,-3.21648589436,-0.349997141537,,,,,0.828969420934,-0.424532004764,,,,-3.92022989571,-1.01978174515,,,2.95893013164,-0.367545963293,,,6.71537284978,1.08775032786,,,
OBES01,"FAIM2",ENSG00000135472,11.014219,0.14114249637,-1.65712088127,0.0231790617126,-0.833491175898,3.0931817616734225,2.5518771385,1.69449174822,,0.0671164872475,,,3.97195656532,,,,,,,,,,,,-0.811581494529,2.47678992484,2.47369675354,0.329838776102,,,,,0.792374840503,0.786311096055,,,,1.45989026501,2.26864611953,,,-1.23242707654,0.949070108809,,,-4.99628903172,-1.96427747441,,,
OBES02,"FAIM2",ENSG00000135472,6.825620,0.405490656933,-0.250202881225,0.444797561266,-0.182753389302,2.6087333844378304,1.92496674834,1.68451408995,,0.350329758905,,,3.67471463181,,,,,,,,,,,,-1.88699621316,1.96407671885,2.50771286667,0.69174471569,,,,,0.591172569367,1.13241020121,,,,2.24463997482,2.31138008568,,,-0.563150009059,1.25860883832,,,-5.33080177183,-1.25392489895,,,
OBES04,"FAIM2",ENSG00000135472,7.840463,-0.182207666138,-0.438022723406,0.318177917198,-0.81542467282,0.7469219856003286,0.446682697236,0.295651911302,,-1.20716759371,,,1.95496599125,,,,,,,,,,,,-2.17106654495,1.36224403172,1.75260737679,-0.0489180995225,,,,,-0.242188125099,0.399501753503,,,,2.04682913996,0.0337463515416,,,-1.65007029451,0.301746725239,,,-5.04973722698,-2.54512434999,,,
OSTE04,"FAIM2",ENSG00000135472,9.095663,0.236958900599,0.620918172921,1.35179174319,0.772526246189,1.1770288229029602,0.569050916235,1.16055230077,,1.70062291899,,,4.34395264184,,,,,,,,,,,,0.0719559101815,1.72685551125,1.82520789914,0.894796500709,,,,,0.590428283909,0.901396599878,,,,0.403799570485,1.61946260276,,,0.91922975159,1.35399049893,,,-5.76267392019,-0.0164692068487,,,
WAIS01F,"FAIM2",ENSG00000135472,6.054605,0.725472701419,0.57790651041,1.25896037295,0.499032944687,0.94779719644299,0.931281998011,0.721049176713,,-0.520752323597,,,3.37438758287,,,,,,,,,,,,-0.469983740316,1.44328661723,1.97941709732,0.532941545633,,,,,0.646270304648,0.952815282306,,,,0.901419318095,0.501782908852,,,-0.876957615951,0.819449548773,,,-4.71234052358,-1.65355538122,,,
WAIS01,"FAIM2",ENSG00000135472,11.264497,-0.759706508952,-0.628282144133,0.613151017089,-0.236307876028,0.7540522614138142,1.06920350693,0.0795598687838,,-1.41610155851,,,3.28543643489,,,,,,,,,,,,-0.707161815866,1.55652950868,1.61274894132,-0.308931231621,,,,,0.250183645565,0.153337632349,,,,0.956206011798,0.3940354252,,,-1.71942400643,-0.0258919960607,,,-5.89448306214,-1.98336892748,,,
WAIS02F,"FAIM2",ENSG00000135472,7.631992,0.70045209606,0.568416296529,1.22593655385,0.622118824616,1.0694159540999486,1.09312008406,0.69543857243,,-0.431101121218,,,3.33042168214,,,,,,,,,,,,-0.411938704204,1.40558952699,1.83199582458,0.4839403051,,,,,0.640267895546,0.927821973625,,,,0.811743738145,0.488620663593,,,-0.752479505074,0.772320260927,,,-4.55043113875,-1.5364202547,,,
WAIS02,"FAIM2",ENSG00000135472,12.989997,-0.802579195182,-0.59457790127,0.593641958902,-0.150310084308,0.7368869898485468,0.998269433999,0.0484683097465,,-1.32788406357,,,3.17793259104,,,,,,,,,,,,-0.621223111603,1.50481045479,1.55622520517,-0.307154346419,,,,,0.260085742839,0.148458783142,,,,0.834188234896,0.38149814406,,,-1.60858244633,-0.0907832184006,,,-5.69930183108,-1.88907501181,,,
WEIG04F,"FAIM2",ENSG00000135472,7.184362,0.144910623149,-0.0243065852817,0.0669002152664,-1.12566028376,2.092020775263244,1.05733715062,1.05081543357,,-0.280070427624,,,3.67196125884,,,,,,,,,,,,-1.19730679965,1.45153326019,2.89186637873,-0.0101483536223,,,,,0.454047404499,0.364046323438,,,,1.14054709597,0.894402689734,,,-0.397454075496,0.734550027579,,,-3.44913860338,-0.510602295652,,,
