code,target,ENSEMBL,association,Adipose_Subcutaneous,Adipose_Visceral_Omentum,Breast_Mammary_Tissue,Muscle_Skeletal,DGN_Whole_Blood,Whole_Blood,Artery_Aorta,Artery_Coronary,Artery_Tibial,Heart_Atrial_Appendage,Heart_Left_Ventricle,Spleen,Brain_Amygdala,Brain_Anterior_cingulate_cortex_BA24,Brain_Caudate_basal_ganglia,Brain_Nucleus_accumbens_basal_ganglia,Brain_Putamen_basal_ganglia,Brain_Cerebellar_Hemisphere,Brain_Cerebellum,Brain_Cortex,Brain_Frontal_Cortex_BA9,Brain_Hippocampus,Brain_Hypothalamus,Brain_Spinal_cord_cervical_c-1,Brain_Substantia_nigra,Nerve_Tibial,Cells_Transformed_fibroblasts,Cells_EBV-transformed_lymphocytes,Colon_Sigmoid,Colon_Transverse,Esophagus_Gastroesophageal_Junction,Esophagus_Mucosa,Esophagus_Muscularis,Liver,Minor_Salivary_Gland,Small_Intestine_Terminal_Ileum,Stomach,Adrenal_Gland,Pituitary,Pancreas,Thyroid,Lung,Ovary,Prostate,Testis,Uterus,Vagina,Skin_Not_Sun_Exposed_Suprapubic,Skin_Sun_Exposed_Lower_leg
ANOR02,"UBA7",ENSG00000182179,10.770651,,,3.96642096515,-5.35691871855,3.986501995735799,3.80684949558,3.24806197125,,4.55921969626,,,3.81313094701,,,,,,,,,,,,-4.76050667801,,4.95150071891,4.30525814624,,,3.82105476017,,3.608638676,,,,3.59771444324,4.01148074005,,,4.08366032261,,3.09012836344,,,,,,2.81765012073,3.58899339088
ANOR05,"UBA7",ENSG00000182179,8.918977,,,3.67335733957,-5.4348164003,3.7105186497917875,3.56529018557,3.70309012452,,4.49679484334,,,3.56371862376,,,,,,,,,,,,-4.73238963459,,4.78086331676,3.95884264628,,,3.67899071992,,3.44013697194,,,,3.59595153377,4.05957006694,,,4.09984963874,,3.10595641245,,,,,,2.64561244454,3.51150767679
BFPC02B,"UBA7",ENSG00000182179,9.601175,,,-5.35887886561,4.78099605016,-5.379053013627268,-5.37011139389,-4.22318771774,,-5.5950100778,,,-5.55651423497,,,,,,,,,,,,5.12908449229,,-5.51980534894,-5.52116117229,,,-4.96586718587,,-5.26567090493,,,,-5.22555392719,-4.54412916239,,,-5.51077039464,,-4.67803338852,,,,,,-3.81981088015,-4.6150857157
BFPC02,"UBA7",ENSG00000182179,10.558116,,,-5.32514862078,4.75124227322,-5.336749480977496,-5.31321659541,-4.2189788984,,-5.54512404849,,,-5.50860196568,,,,,,,,,,,,5.15781453937,,-5.48435008029,-5.40288194494,,,-4.90611945965,,-5.18948131151,,,,-5.19808957157,-4.38590001034,,,-5.37466301977,,-4.58892445687,,,,,,-3.69533487668,-4.53737031351
BFPC03B,"UBA7",ENSG00000182179,11.526805,,,-5.64923762151,4.89945762415,-5.667544653932365,-5.65098533449,-4.28301057228,,-5.78446133873,,,-5.84279809337,,,,,,,,,,,,5.17240272273,,-5.73753402253,-5.76404080816,,,-5.25437756236,,-5.57528536765,,,,-5.41377031791,-4.74254620509,,,-5.75177882541,,-4.94004446214,,,,,,-4.09622548686,-4.8773365974
BFPC03F,"UBA7",ENSG00000182179,7.033591,,,-4.42904973254,3.6927522191,-4.404547697075276,-4.29950961609,-3.07734871342,,-4.24696487832,,,-4.43054637774,,,,,,,,,,,,4.10366330897,,-4.23796843999,-4.16167173537,,,-4.01422436375,,-4.16137136385,,,,-4.04488671825,-3.26310356405,,,-3.91213344388,,-3.70337249289,,,,,,-3.0231047032,-3.62581747026
BFPC03,"UBA7",ENSG00000182179,11.679355,,,-5.66446508917,4.87534039454,-5.673955822768616,-5.64319644332,-4.29287150025,,-5.7717329423,,,-5.84443605813,,,,,,,,,,,,5.20292140833,,-5.73247907915,-5.68875808977,,,-5.24265429258,,-5.55164757397,,,,-5.42187413014,-4.62205341457,,,-5.65184213398,,-4.89238609454,,,,,,-4.0230179325,-4.84191973692
BFPC04B,"UBA7",ENSG00000182179,20.573651,,,-8.57152398171,6.45285324616,-8.613477884376211,-8.53304151035,-5.61011716815,,-7.9963514988,,,-8.92301355138,,,,,,,,,,,,6.36857532119,,-8.83979756884,-8.36546010651,,,-8.05997576409,,-8.404823452,,,,-7.99770443494,-6.89154648191,,,-7.55600039993,,-7.36307670884,,,,,,-6.9233846756,-7.68805261659
BFPC04F,"UBA7",ENSG00000182179,12.051709,,,-6.6730106178,5.35132613963,-6.68884482576422,-6.51746580899,-4.57452535187,,-5.67665395667,,,-6.77677941222,,,,,,,,,,,,5.05312409813,,-6.67981666763,-6.1833542473,,,-6.2209397512,,-6.40930775627,,,,-6.08227652086,-4.87460483195,,,-5.6827490307,,-5.90523944797,,,,,,-4.87821456576,-5.95106145346
BFPC04M,"UBA7",ENSG00000182179,12.066320,,,-6.2043152383,4.38738277012,-6.249076644170058,-6.28423716014,-3.88433977673,,-6.25782820481,,,-6.6045885534,,,,,,,,,,,,4.52845176857,,-6.57206361373,-6.3357583397,,,-5.87986929438,,-6.19691428214,,,,-5.91347037921,-5.40631457361,,,-5.63918449712,,-5.17984896303,,,,,,-5.44729480609,-5.59426560098
BFPC04,"UBA7",ENSG00000182179,19.834311,,,-8.57268407261,6.55800975892,-8.610576959578776,-8.51038860888,-5.75140491134,,-7.94493657206,,,-8.89283766972,,,,,,,,,,,,6.44902587518,,-8.82291007923,-8.30292709684,,,-8.05064038376,,-8.38124811613,,,,-7.99052335526,-6.78541756875,,,-7.54418877927,,-7.40996762945,,,,,,-6.78424764114,-7.65797261726
BLOO04,"UBA7",ENSG00000182179,36.046308,,,0.0880697410819,14.8737146361,0.09974577975869396,1.73071817946,-1.0395680153,,-2.06893083638,,,2.09000854441,,,,,,,,,,,,6.37733107558,,-1.75001704205,0.380780715083,,,-0.0545429971919,,1.09023264198,,,,5.22373947829,0.730610754784,,,-1.45141434642,,-1.53110263973,,,,,,3.24892760538,-0.872699612864
BLOO07,"UBA7",ENSG00000182179,6.154815,,,-2.24184652865,-0.706362942253,-2.2408503215652558,-2.60453586835,-2.50466057883,,-3.72049370215,,,-2.60187112893,,,,,,,,,,,,2.94800355478,,-2.73781672802,-2.17894167769,,,-2.37191245,,-2.03529345702,,,,-2.68749959115,-2.70725156544,,,-2.91152192314,,-2.44137518564,,,,,,-1.23356617979,-1.34931401072
BLOO21,"UBA7",ENSG00000182179,42.756392,,,0.349745241187,15.0030979036,0.36449667608407116,2.1383979644,-1.19284177942,,-2.14822381901,,,2.50639534049,,,,,,,,,,,,5.77907830946,,-1.44602129215,0.768344843089,,,0.334662016913,,0.9977969698,,,,5.9484447457,3.23005595925,,,-0.750659052044,,-0.972001318373,,,,,,3.19309691497,-0.508480302274
BLOO22,"UBA7",ENSG00000182179,46.270463,,,0.278535831462,14.8218728779,0.29058510018655254,2.0763650001,-1.35376861389,,-2.24268900469,,,2.34123354577,,,,,,,,,,,,6.221576017,,-1.45616215827,0.740595273316,,,0.311202699162,,0.890911339643,,,,5.97435229395,3.44288472369,,,-0.85878042554,,-1.0866023797,,,,,,3.34499023119,-0.458362504622
BLOO23,"UBA7",ENSG00000182179,19.780415,,,0.254818622002,10.4577220287,0.27073450739479704,1.74501446924,-0.888105541885,,-1.75926768758,,,1.71184165993,,,,,,,,,,,,4.57541924833,,-0.763150893615,0.889314033965,,,0.546511908583,,0.942509634138,,,,5.32086404927,3.42729782058,,,0.066553608259,,-0.194710168803,,,,,,2.27389873544,0.125314829402
BLOO26,"UBA7",ENSG00000182179,10.592915,,,-2.74041606044,4.98920886397,-2.758497826710784,-3.0319370518,0.475411837076,,-0.466588030809,,,-2.09069389091,,,,,,,,,,,,-2.14553659681,,-2.65639404749,-3.03021578529,,,-3.1636895059,,-2.48959703515,,,,-4.32176412106,-5.30233088513,,,-3.24059433741,,-2.79356750013,,,,,,-4.29928426092,-4.11639845802
BLOO27,"UBA7",ENSG00000182179,8.784019,,,-2.91620062909,5.75353119886,-2.9344747799491264,-3.11199945013,0.0153611404512,,-0.773220065953,,,-2.25133841086,,,,,,,,,,,,-1.26760128969,,-3.05436407327,-2.95574879434,,,-3.25729197836,,-2.65934672108,,,,-4.28053855225,-5.38654848543,,,-3.23542514209,,-2.79130500465,,,,,,-4.21967777683,-4.19293807837
BLOO35,"UBA7",ENSG00000182179,5.140375,,,-2.96037113424,3.84228889723,-2.977213849062915,-2.97374205252,-0.518639326327,,-3.02901001062,,,-3.15378044029,,,,,,,,,,,,4.72108664986,,-3.60075236442,-2.02361100154,,,-2.63058809074,,-2.80720409675,,,,-3.62353458107,-2.9399851197,,,-3.17453624558,,-1.49844358468,,,,,,-1.958306391,-2.4978638143
BLOO36,"UBA7",ENSG00000182179,38.102148,,,0.119428671039,15.3529278853,0.12839761223842447,1.76505066393,-1.09320077037,,-2.05809376234,,,2.26850359653,,,,,,,,,,,,5.79174557885,,-1.82463617611,0.33479820391,,,-0.0985959340866,,0.564719664711,,,,5.1568604991,2.34159508512,,,-1.42023201702,,-1.46676461477,,,,,,2.9978473785,-1.07396142927
BODY04,"UBA7",ENSG00000182179,4.398146,,,-3.20365307893,0.659453712517,-3.1742492506963407,-3.33927300162,-2.43090352456,,-3.78609661749,,,-3.66442631145,,,,,,,,,,,,0.512740440544,,-3.95886739488,-3.67233628731,,,-3.34339904376,,-3.62892062169,,,,-3.53100657165,-2.907414825,,,-2.34652440236,,-3.44406785738,,,,,,-4.76777418394,-3.23599063315
BODY06B,"UBA7",ENSG00000182179,14.138555,,,-6.61212519732,4.98115751502,-6.629265664051881,-6.65450650798,-4.61765017559,,-5.96201874495,,,-6.66773277446,,,,,,,,,,,,2.65596703514,,-6.89376942465,-6.81298175018,,,-6.44020100022,,-6.55172745037,,,,-6.57613313592,-6.41735687028,,,-5.65687687844,,-6.21451730318,,,,,,-6.36115044314,-6.44480517963
BODY06M,"UBA7",ENSG00000182179,7.986489,,,-5.34512329527,3.99425343013,-5.383798625108924,-5.44753342781,-3.88559525989,,-5.01631231166,,,-5.43548541772,,,,,,,,,,,,1.92228029421,,-5.72768839035,-5.7448261084,,,-5.33345412795,,-5.545778417,,,,-5.33011567144,-5.690440366,,,-4.80075741107,,-5.24093121076,,,,,,-5.66581559807,-5.29497016589
BODY06,"UBA7",ENSG00000182179,12.149127,,,-6.36426731759,4.85722328576,-6.376042649002333,-6.39050492864,-4.4437659887,,-5.69482615126,,,-6.424125233,,,,,,,,,,,,2.57704996825,,-6.64073348252,-6.48096352343,,,-6.16294301852,,-6.25278613717,,,,-6.36174732245,-6.00772345543,,,-5.39712077837,,-5.90371843899,,,,,,-5.93948871312,-6.21299264472
BODY07B,"UBA7",ENSG00000182179,13.158059,,,-6.8439400887,5.09554328729,-6.858050333263094,-6.87007170004,-4.71826484137,,-6.06854448231,,,-6.88384645686,,,,,,,,,,,,2.63652222798,,-7.04383968833,-7.02551104625,,,-6.67456814945,,-6.80325175731,,,,-6.68296485278,-6.59722644971,,,-5.83516740846,,-6.42050011697,,,,,,-6.60633263989,-6.66506578571
BODY07M,"UBA7",ENSG00000182179,9.056481,,,-5.36873855499,4.04107210077,-5.407429146591556,-5.46442429924,-3.90393333527,,-5.00800288947,,,-5.45433846528,,,,,,,,,,,,1.90274081774,,-5.75293981152,-5.7661822266,,,-5.3647473759,,-5.56964274206,,,,-5.33324540382,-5.71592164781,,,-4.83436878832,,-5.27831458904,,,,,,-5.68268798763,-5.32908503035
BODY07,"UBA7",ENSG00000182179,13.760726,,,-6.63506799888,4.98031394882,-6.643566059357762,-6.64436247136,-4.57098918588,,-5.82909800994,,,-6.67905039877,,,,,,,,,,,,2.5610495681,,-6.81295983008,-6.7338268518,,,-6.43473952999,,-6.54881688601,,,,-6.492402345,-6.22181650207,,,-5.60132138185,,-6.14057042372,,,,,,-6.23041285344,-6.46748450395
BODY08B,"UBA7",ENSG00000182179,32.031316,,,-10.6374595095,6.63655608022,-10.673622325755753,-10.688121083,-6.42572070055,,-8.61502535372,,,-10.7092495177,,,,,,,,,,,,3.02622943715,,-10.4237337796,-10.5537461795,,,-10.4552886431,,-10.5838619727,,,,-10.0526494281,-10.0815877377,,,-8.13804098347,,-9.878975458,,,,,,-11.1707275106,-10.4753998708
BODY08F,"UBA7",ENSG00000182179,18.304264,,,-7.94275908745,5.8549652798,-7.950023785260646,-7.8348934705,-4.67385177194,,-5.84654209785,,,-7.80860231607,,,,,,,,,,,,2.67425218634,,-7.59961977405,-7.39006336129,,,-7.62994480439,,-7.60760872258,,,,-7.32661803278,-6.93397130236,,,-6.16673604936,,-7.28835333714,,,,,,-7.26718544836,-7.80344287547
BODY08M,"UBA7",ENSG00000182179,18.292379,,,-7.83014463679,4.1116012674,-7.873696628118372,-7.99226353094,-4.83804966493,,-6.84257590354,,,-8.04418173505,,,,,,,,,,,,1.87360303075,,-7.82980270526,-8.18618825275,,,-7.8464522889,,-8.04203799002,,,,-7.55395976904,-7.9263398889,,,-5.91189130124,,-7.34477012968,,,,,,-9.13836086907,-7.72646644326
BODY08,"UBA7",ENSG00000182179,20.798821,,,-10.5591194048,6.91106683646,-10.591796450395385,-10.5782510193,-6.42315976152,,-8.48045673846,,,-10.5897615594,,,,,,,,,,,,3.14954419099,,-10.3282220911,-10.3729506724,,,-10.3336214835,,-10.4455829129,,,,-9.96317765441,-9.87474113305,,,-8.13690039905,,-9.7871190547,,,,,,-10.81603561,-10.3909117076
COAD03,"UBA7",ENSG00000182179,7.997661,,,-3.10527347301,3.76631555554,-3.2676871782593815,-3.16477325329,-0.811712496663,,-2.81210412831,,,-3.53305661277,,,,,,,,,,,,2.91699078465,,-3.66636312944,-2.57025760113,,,-3.06661949518,,-2.98808749603,,,,-3.13559188214,-3.24253115151,,,-2.78174303876,,-2.27567109567,,,,,,-3.19746265827,-3.54776895619
COLL01,"UBA7",ENSG00000182179,4.645661,,,4.14913883602,-3.23597573569,4.084130020149198,4.30320162667,1.25390850169,,2.67076632692,,,4.34100279466,,,,,,,,,,,,-2.91062873125,,4.5983892574,3.66055788861,,,4.237744592,,4.3757120797,,,,4.80210152122,3.825286859,,,3.99254318345,,3.63730250557,,,,,,3.9223072958,4.3819550021
CROH01,"UBA7",ENSG00000182179,11.227334,,,5.57069417154,-7.17389180003,5.574833191233814,5.50065025495,1.5389876407,,4.97521393042,,,5.46833385025,,,,,,,,,,,,-6.55856155773,,6.20264958467,4.48000446084,,,5.33499157303,,4.94631100667,,,,5.36127488137,4.75348708401,,,5.81696892099,,5.63404346601,,,,,,4.18090987675,4.9945329758
EDUC01F,"UBA7",ENSG00000182179,13.549890,,,6.94056644272,-6.88152061866,6.953914890592934,7.06361514931,2.80457390875,,3.91325894665,,,7.21614461502,,,,,,,,,,,,-5.25021065633,,7.52848342075,6.87873185807,,,6.77089067374,,6.97983835368,,,,8.28289771109,7.74697217411,,,6.65566200374,,5.84265094877,,,,,,7.52380253907,7.22491536223
EDUC01M,"UBA7",ENSG00000182179,7.939453,,,5.45543807221,-6.43634519308,5.389627257718988,5.57114628079,1.00993599905,,2.86540033149,,,4.9788236757,,,,,,,,,,,,-3.35048749992,,5.37692925497,5.47518943219,,,5.48985490974,,5.13587516747,,,,7.39662484219,6.90324201143,,,5.99205703155,,5.13006198902,,,,,,6.11072342267,5.90846870101
EDUC01,"UBA7",ENSG00000182179,18.640392,,,8.52244912942,-9.21093985615,8.48918180775111,8.67999755154,2.73054034081,,4.69402993141,,,8.37651223318,,,,,,,,,,,,-5.91723738036,,8.84149760862,8.53650030704,,,8.41386566949,,8.31583185128,,,,10.734378833,10.03313521,,,8.68964952096,,7.50927358557,,,,,,9.42678007104,9.00653621715
EDUC02,"UBA7",ENSG00000182179,10.980468,,,5.7720501174,-6.42455159095,5.773430909306839,5.92748968155,1.38618371377,,3.02222659721,,,6.02161293846,,,,,,,,,,,,-4.68959044937,,5.84489608949,5.53894778094,,,5.72203098763,,5.74275010769,,,,7.36943468456,6.68878927133,,,5.98071252912,,5.09383812149,,,,,,6.00017203191,6.13664373145
EDUC03,"UBA7",ENSG00000182179,45.509676,,,14.5552136498,-13.9398359322,14.531909780204838,14.6749213422,3.77433060068,,8.87781098376,,,14.4351153871,,,,,,,,,,,,-8.18012470103,,13.9690513513,14.0622874919,,,13.8997182374,,13.8629979363,,,,15.7696660966,14.6040021387,,,13.784859685,,12.5828815861,,,,,,14.0998676217,14.8331588362
EDUC04,"UBA7",ENSG00000182179,4.042929,,,3.83774821429,-5.06240186802,3.7457683174741527,3.95488793707,1.55021533051,,2.18381956232,,,3.66425011438,,,,,,,,,,,,-2.29515209168,,4.19199752698,4.04483196275,,,3.89137285412,,3.67459589899,,,,4.18671097665,4.23217291022,,,3.94843125686,,4.16346300425,,,,,,3.58140553067,4.28676963209
FATM02B,"UBA7",ENSG00000182179,11.533726,,,-5.83105710138,4.868233105,-5.852452844933251,-5.88589326194,-4.89995054382,,-5.82632535072,,,-5.99299998363,,,,,,,,,,,,4.10915128214,,-6.0899984909,-6.075479428,,,-5.58698995478,,-5.67017550542,,,,-5.74667697321,-5.47674451478,,,-5.76745970261,,-5.25960786812,,,,,,-4.66270962492,-5.38389826452
FATM02M,"UBA7",ENSG00000182179,6.031340,,,-4.19076325672,3.55879156297,-4.234462031237578,-4.31632701612,-3.69124224148,,-4.52664283928,,,-4.40440405973,,,,,,,,,,,,3.03448095748,,-4.56307622646,-4.60281826534,,,-4.11808091163,,-4.27194357189,,,,-4.20733053961,-4.32502242304,,,-4.52581355942,,-3.96608977607,,,,,,-3.63006853447,-3.9476457536
FATM02,"UBA7",ENSG00000182179,11.025175,,,-5.74531935204,4.77623986602,-5.758516081801871,-5.78115826154,-4.84453429551,,-5.65393523685,,,-5.89692259277,,,,,,,,,,,,3.99449268964,,-5.98242372503,-5.91063266814,,,-5.47598513793,,-5.54286072613,,,,-5.68516169897,-5.26519907314,,,-5.59432971712,,-5.10619812568,,,,,,-4.4783104889,-5.29301025709
FATM03B,"UBA7",ENSG00000182179,11.857830,,,-6.11751619513,4.9728880832,-6.136827660705498,-6.16202018696,-4.97482159463,,-5.98298112967,,,-6.27478373149,,,,,,,,,,,,4.12499910919,,-6.28253530484,-6.30579015611,,,-5.86755358919,,-5.96845980097,,,,-5.91809589072,-5.66387055384,,,-6.0002372131,,-5.51207084361,,,,,,-4.93080392766,-5.64251102717
FATM03F,"UBA7",ENSG00000182179,5.857235,,,-4.54531029358,3.4731927537,-4.519555451426956,-4.4627311885,-3.35285564193,,-3.9346827263,,,-4.52744980513,,,,,,,,,,,,2.84363358434,,-4.3243695327,-4.32459422548,,,-4.219055278,,-4.18721180251,,,,-4.2254362105,-3.63876765131,,,-3.90764552911,,-3.82135475295,,,,,,-3.33091774029,-4.06603358031
FATM03,"UBA7",ENSG00000182179,12.487422,,,-6.07824815014,4.88762317161,-6.089111860735003,-6.10410671526,-4.93491830228,,-5.84116361435,,,-6.22537440194,,,,,,,,,,,,4.01600378706,,-6.19928850204,-6.18116970706,,,-5.80100584475,,-5.89069365504,,,,-5.88860369412,-5.48922965623,,,-5.86141775615,,-5.39678721193,,,,,,-4.79670448456,-5.59031647978
FATM04B,"UBA7",ENSG00000182179,19.606741,,,-9.32570170578,6.08382079093,-9.364652939282294,-9.37800540862,-6.51929707685,,-8.20953346996,,,-9.64486724453,,,,,,,,,,,,4.85340904547,,-9.42832521837,-9.26104444013,,,-9.01044862213,,-9.15033718594,,,,-8.82200293271,-8.30638512092,,,-7.79965568459,,-8.21918617623,,,,,,-8.45048797865,-8.73958328102
FATM04F,"UBA7",ENSG00000182179,16.170831,,,-7.34896837853,5.2811731679,-7.358827888476195,-7.26020577304,-5.48069074965,,-5.68066551805,,,-7.37061444932,,,,,,,,,,,,3.62104284349,,-7.14161934525,-7.01201484635,,,-7.03341914404,,-7.06071524997,,,,-6.92538300612,-6.25630193322,,,-6.06412175832,,-6.60995415172,,,,,,-6.09662397011,-6.93014565108
FATM04M,"UBA7",ENSG00000182179,14.067126,,,-6.61100973973,3.89395722674,-6.6563726861484485,-6.75915222984,-4.33057645186,,-6.49203345221,,,-7.0335609766,,,,,,,,,,,,3.61426338871,,-6.93016376724,-6.80822469947,,,-6.44458740413,,-6.6142957955,,,,-6.27822991842,-6.13354184807,,,-5.59806821289,,-5.71152422306,,,,,,-6.46856859411,-6.15905261184
FATM04,"UBA7",ENSG00000182179,25.312757,,,-9.32931426069,6.25205639897,-9.36382594092687,-9.35650216548,-6.698792723,,-8.09330120709,,,-9.60428480578,,,,,,,,,,,,4.87033496848,,-9.39123420003,-9.20834919875,,,-8.99685240665,,-9.12457004477,,,,-8.85391233594,-8.25758810912,,,-7.81487018543,,-8.24986729316,,,,,,-8.30031978222,-8.73452481847
GLYC19F,"UBA7",ENSG00000182179,2.747657,,,-3.18132773142,4.80365518157,-3.1080008673601416,-3.2038826317,0.102308219795,,-1.63941062961,,,-2.71093766947,,,,,,,,,,,,2.30848898836,,-2.55814417877,-2.09443614865,,,-2.92957736028,,-2.68543133275,,,,-2.73325878017,-2.54070615826,,,-3.64506537992,,-2.98108551239,,,,,,-2.18191928355,-3.16236191475
HEAL01,"UBA7",ENSG00000182179,8.698558,,,5.04921296986,-5.18040088716,5.0869785734982536,5.13430003591,2.04616854661,,2.08858452584,,,5.13950529518,,,,,,,,,,,,-1.49304473813,,5.09665744425,4.61844509368,,,4.87013774745,,4.74223133669,,,,5.40270668614,4.87688615559,,,5.32215543255,,4.38854121776,,,,,,4.66826442744,5.44622912139
INCO01,"UBA7",ENSG00000182179,6.032064,,,3.85930004683,-4.55547980083,3.857066504645863,3.87523757662,1.96930283606,,2.68442234604,,,3.9026971614,,,,,,,,,,,,-2.93499914044,,4.07280487206,3.23667313851,,,3.51059008026,,3.36830249467,,,,4.03052467612,3.22121642944,,,3.68411069894,,3.17946392783,,,,,,3.22627189419,3.96762933133
INFB01,"UBA7",ENSG00000182179,12.231969,,,6.44855647691,-9.34772678074,6.466265398320984,6.42709207871,0.755906526813,,4.76173332885,,,6.13923496631,,,,,,,,,,,,-6.43377314367,,6.80333678773,5.55246737501,,,6.12492929961,,5.67561016787,,,,6.74614041888,5.99226599579,,,6.92013605277,,6.24374380607,,,,,,5.40941508499,6.08660915413
INTE02,"UBA7",ENSG00000182179,5.074507,,,4.30082884437,-3.50195302761,4.306890776464209,4.17151919952,1.23472722868,,2.97326673292,,,4.53259558198,,,,,,,,,,,,-2.55143961841,,4.78292747082,3.86740188659,,,4.26837674589,,4.54705369963,,,,3.98924732222,3.38413670784,,,3.44273560188,,4.11718513221,,,,,,4.458014471,4.46351845699
LEAN04B,"UBA7",ENSG00000182179,5.577673,,,-4.12477169726,1.91620236431,-4.149236436774414,-4.29506318744,-3.61859509173,,-2.64778603166,,,-4.16844847876,,,,,,,,,,,,-1.19828226329,,-4.22375919324,-4.72429695539,,,-4.36208130503,,-3.97526346302,,,,-4.7307954596,-5.06534652768,,,-3.53646642338,,-3.53966777991,,,,,,-4.51863410179,-4.75485001835
LEAN04M,"UBA7",ENSG00000182179,4.167485,,,-3.63256153229,1.93711036285,-3.660661562228245,-3.83887552321,-2.78049873967,,-2.8812739524,,,-3.73673542603,,,,,,,,,,,,-0.143011513361,,-3.70749530779,-4.00729401866,,,-3.87198430488,,-3.75475798121,,,,-4.22673970908,-4.78697891993,,,-3.39181246342,,-3.26273187363,,,,,,-4.25556256372,-4.11854863643
LEAN04,"UBA7",ENSG00000182179,6.509817,,,-4.28786982906,2.19193140317,-4.320315479555205,-4.4954731064,-3.58700988289,,-3.00915460384,,,-4.37854549564,,,,,,,,,,,,-0.829803467504,,-4.41664762761,-4.8428777871,,,-4.55228529538,,-4.2823659739,,,,-4.96628620801,-5.41926146783,,,-3.84258597202,,-3.75064796154,,,,,,-4.81770899334,-4.95964661093
LEAN05B,"UBA7",ENSG00000182179,5.759750,,,-4.2619058966,1.98630580154,-4.283468131532756,-4.42144751961,-3.67286811051,,-2.65950177177,,,-4.30629607174,,,,,,,,,,,,-1.16568921538,,-4.27664590165,-4.81353932786,,,-4.47145375612,,-4.10071364797,,,,-4.77516036766,-5.09891367055,,,-3.62808956014,,-3.59914738719,,,,,,-4.58520546373,-4.86107857219
LEAN05M,"UBA7",ENSG00000182179,4.313114,,,-3.6660670155,1.96317510443,-3.694213536053819,-3.8687733325,-2.79652669423,,-2.87602259758,,,-3.77280230453,,,,,,,,,,,,-0.186317642853,,-3.7393269292,-4.03886621689,,,-3.90869987066,,-3.79180928941,,,,-4.25073665289,-4.80890297426,,,-3.42932112325,,-3.30276357773,,,,,,-4.28396136752,-4.16681801427
LEAN05,"UBA7",ENSG00000182179,6.692055,,,-4.40014408223,2.25032606741,-4.431219635176013,-4.60016577444,-3.64638535998,,-3.02646746407,,,-4.49418177009,,,,,,,,,,,,-0.826635927553,,-4.47616134328,-4.92875569168,,,-4.64774212155,,-4.3906654606,,,,-5.02086093656,-5.46215544002,,,-3.92650740755,,-3.81649908968,,,,,,-4.88169563886,-5.06072647873
LEAN06B,"UBA7",ENSG00000182179,16.968349,,,-7.56742021,3.45481672812,-7.577578211520045,-7.7632165069,-5.98766356508,,-4.82450627394,,,-7.61355210204,,,,,,,,,,,,-0.221187663691,,-7.04527765672,-7.89427045764,,,-7.72264884384,,-7.23245377733,,,,-7.66901521776,-8.28957956631,,,-5.79503492395,,-6.76313306557,,,,,,-8.19247201299,-7.95120650863
LEAN06F,"UBA7",ENSG00000182179,11.428944,,,-6.19321116429,3.60192346601,-6.187691811800264,-6.23551496663,-5.31837724866,,-3.6121594528,,,-6.06376934728,,,,,,,,,,,,-0.137348491071,,-5.76655214932,-6.46326246513,,,-6.26238322747,,-5.71897942018,,,,-6.19832297395,-6.76297233291,,,-4.9040604898,,-5.54785476249,,,,,,-6.16277905256,-6.5167837021
LEAN06M,"UBA7",ENSG00000182179,9.004931,,,-5.04551834972,1.08488687863,-5.0740204981777595,-5.36159490589,-3.33793112631,,-3.74392350515,,,-5.33911003984,,,,,,,,,,,,-0.216209494864,,-4.6962020364,-5.25858085848,,,-5.23869098261,,-5.13688253809,,,,-5.23405195537,-5.55638056317,,,-3.60925383446,,-4.48805255927,,,,,,-6.30918011221,-5.2860603291
LEAN06,"UBA7",ENSG00000182179,15.118501,,,-7.19059611006,2.84677494234,-7.211942121439673,-7.46126182239,-5.37325565536,,-4.81847452867,,,-7.35249046037,,,,,,,,,,,,-0.254357899063,,-6.69526613982,-7.49515971433,,,-7.37214212873,,-7.02537590617,,,,-7.34895444633,-7.87578200756,,,-5.41069306958,,-6.41252645171,,,,,,-8.16282188498,-7.57512659802
LONG05,"UBA7",ENSG00000182179,7.176617,,,-5.0091062103,2.32178147445,-4.9882372754818585,-4.99701786085,-3.24707324364,,-3.6865163306,,,-4.98476882888,,,,,,,,,,,,1.63393275686,,-4.46583933472,-4.87824896859,,,-5.00718627569,,-5.29400660347,,,,-4.51442890714,-4.30011099023,,,-4.16740211337,,-5.09732143308,,,,,,-5.44961427123,-4.65285388568
MENA01F,"UBA7",ENSG00000182179,6.156979,,,-3.36176331494,4.74814294566,-3.2858510322641297,-3.52489887884,-0.747003507807,,0.737958486458,,,-3.27281571682,,,,,,,,,,,,0.832866763119,,-2.42142468257,-2.87852546228,,,-3.02502011161,,-2.45816806499,,,,-4.50395023543,-3.72698357572,,,-3.81216818368,,-3.07015697239,,,,,,-1.87157612323,-3.9903513815
MENA02F,"UBA7",ENSG00000182179,17.605688,,,-5.01898775395,5.79687038658,-5.0244859919647045,-5.33998560194,-1.91346549593,,0.171352076743,,,-5.16512933565,,,,,,,,,,,,-0.0181863532105,,-4.40208262695,-5.29613405298,,,-5.21893716452,,-4.64922919742,,,,-7.37747976693,-6.85306092582,,,-6.19798063148,,-4.11595945772,,,,,,-4.4003856422,-6.84757573035
OSTE04,"UBA7",ENSG00000182179,11.219740,,,-3.49103980383,2.14163536057,-3.49945297384943,-3.48293655624,-4.79862096213,,-6.53314315852,,,-3.90324857707,,,,,,,,,,,,5.11929153652,,-4.45781746856,-3.49007495172,,,-3.29119392626,,-3.40104721067,,,,-2.55393081181,-2.26913530947,,,-3.40962001543,,-3.73395231246,,,,,,-1.96501945034,-2.19866643711
PRSC01,"UBA7",ENSG00000182179,8.826144,,,3.51758125738,-9.08536611548,3.5110822367028875,3.39483553903,-1.20815381223,,0.694349817381,,,1.32380591312,,,,,,,,,,,,-2.92142330441,,1.28763609971,3.03264015563,,,3.49810404878,,2.07859769342,,,,3.55874518337,3.4763556973,,,4.19767539211,,3.69945836938,,,,,,3.69306223824,4.58594128099
REPR01F,"UBA7",ENSG00000182179,10.020452,,,6.12428204942,-3.75348665736,6.164965332313073,6.2233390469,2.64032355639,,4.29810506651,,,6.39420278903,,,,,,,,,,,,-1.20450406723,,6.19297479521,5.5758286263,,,6.28786358118,,6.17313987016,,,,5.82258319309,5.57125739354,,,5.83032126113,,6.90310909825,,,,,,6.45089608609,6.66271099204
REPR01,"UBA7",ENSG00000182179,13.684744,,,7.39940364896,-4.73699932033,7.44304754978206,7.50758546714,3.79052114308,,5.8761302661,,,7.55074999216,,,,,,,,,,,,-2.02041056696,,7.43378885544,6.87177720057,,,7.6183794809,,7.35013753583,,,,7.20348234007,6.8889486927,,,6.88338721316,,8.10316632088,,,,,,7.45489727934,7.7377516111
ULCC01,"UBA7",ENSG00000182179,7.853624,,,5.10529390406,-7.55253055102,5.1114122915173725,5.15928470545,0.362327807604,,3.09977777186,,,4.8521062386,,,,,,,,,,,,-4.01097042139,,5.07342037194,4.76403165869,,,4.79989778749,,4.39696704989,,,,5.60569600692,5.06987442283,,,5.70075942423,,4.76412942609,,,,,,4.51189720973,5.05243188507
