code,target,ENSEMBL,association,Adipose_Subcutaneous,Adipose_Visceral_Omentum,Breast_Mammary_Tissue,Muscle_Skeletal,DGN_Whole_Blood,Whole_Blood,Artery_Aorta,Artery_Coronary,Artery_Tibial,Heart_Atrial_Appendage,Heart_Left_Ventricle,Spleen,Brain_Amygdala,Brain_Anterior_cingulate_cortex_BA24,Brain_Caudate_basal_ganglia,Brain_Nucleus_accumbens_basal_ganglia,Brain_Putamen_basal_ganglia,Brain_Cerebellar_Hemisphere,Brain_Cerebellum,Brain_Cortex,Brain_Frontal_Cortex_BA9,Brain_Hippocampus,Brain_Hypothalamus,Brain_Spinal_cord_cervical_c-1,Brain_Substantia_nigra,Nerve_Tibial,Cells_Transformed_fibroblasts,Cells_EBV-transformed_lymphocytes,Colon_Sigmoid,Colon_Transverse,Esophagus_Gastroesophageal_Junction,Esophagus_Mucosa,Esophagus_Muscularis,Liver,Minor_Salivary_Gland,Small_Intestine_Terminal_Ileum,Stomach,Adrenal_Gland,Pituitary,Pancreas,Thyroid,Lung,Ovary,Prostate,Testis,Uterus,Vagina,Skin_Not_Sun_Exposed_Suprapubic,Skin_Sun_Exposed_Lower_leg
BLOO01,"CTU2",ENSG00000174177,9.267936,3.51268467413,2.62862584585,3.55778087537,,1.2288609709282774,1.38756756997,4.07070973065,,3.2444796685,,,-0.109343499174,,4.54015982555,,,0.42361271075,3.82087482386,2.18612963966,5.37464328722,5.06668475093,,,,,3.45537329255,2.2564660655,2.52637956905,3.02051324304,2.25956641911,2.9935688443,2.10392680076,,,,,3.47362272962,,4.60647402113,2.82801097348,3.73720601014,3.09294575687,2.36497228402,1.40236607988,4.38299651097,1.85313352449,,4.08476183804,2.41881302033
BLOO03,"CTU2",ENSG00000174177,10.373270,2.37110120098,4.34506183582,1.50167445168,,4.018237211734847,5.28411365645,3.757934022,,3.7333819811,,,4.38437300265,,-1.75303815227,,,0.387009342192,-0.606918998312,1.50154507523,-1.38527014839,-2.51225028544,,,,,1.55754904967,3.97913328929,4.22275309626,3.14384402207,3.15200135966,4.9736414581,2.95433776072,,,,,5.28582333767,,2.8115644555,0.632882718635,3.22997926886,2.66540816913,1.59553397251,0.57617819174,2.18370966449,0.967086641243,,1.95699985707,5.51127959156
BLOO04,"CTU2",ENSG00000174177,11.494755,0.416776670905,3.73308044931,0.96802584036,,2.189264419177923,3.71650177863,2.68866226252,,3.92131277391,,,2.56002268353,,-1.53340612938,,,-0.483509077314,-1.50471956431,0.102827037696,-1.16150945612,-1.23095503113,,,,,-0.183287757878,2.09509171426,1.99465017913,1.91030086406,1.21797447611,3.55391692395,1.3203447344,,,,,3.28122094533,,2.11606660251,-1.57170236387,1.6617884716,1.84715700699,-0.736544644148,0.277027650462,1.87241241498,1.68572114592,,0.260585721133,3.93783689887
BLOO25,"CTU2",ENSG00000174177,23.583776,3.51144054781,5.1955095788,3.01134011584,,7.332628937583807,6.4064302095,6.68471168551,,7.48164206505,,,7.68860025642,,-0.207195399673,,,0.0755526737032,1.85552725522,2.38530651258,1.70170627651,-3.01137564741,,,,,2.42038791996,6.65134479531,4.75557242728,6.84216666836,6.96053546934,7.69671241408,8.14007354715,,,,,6.89696124984,,5.13325680909,0.819705866887,3.92614770601,4.41334373835,5.72820559708,2.66475675494,8.35677383772,3.49820617996,,2.31228031046,6.9278226307
BLOO27,"CTU2",ENSG00000174177,10.041173,0.722010036237,-1.72701468369,1.66796997071,,-3.4597742202531925,-1.84301993265,-2.6579894343,,-1.63003595842,,,-2.94472589242,,-0.976608958728,,,0.981208559278,0.274816051149,0.755415787143,-0.522792831718,1.05887907713,,,,,1.00604305609,-2.3266253519,0.0517506304089,-2.11675479779,-3.41144318264,-2.65664197259,-4.90607521436,,,,,-1.29129161799,,-1.10557257614,3.64778961104,0.26651577183,-1.85956224363,0.103001686892,0.37283225888,-5.32500580514,-1.07634049226,,2.42350572376,-1.08715480913
BLOO33,"CTU2",ENSG00000174177,10.034131,3.38171442468,2.94133324979,3.84956181041,,1.6687512118082708,2.15436127751,4.19563362939,,3.61390101756,,,0.662710090266,,3.92647021426,,,-0.208537408035,3.66730602507,2.01064151595,5.0150772227,5.15976426955,,,,,3.42488846434,2.58739752209,2.72072248668,3.3358705859,2.36891512869,3.68614063374,2.44711395026,,,,,3.92023847433,,4.84992451952,1.92712242936,3.96846242606,2.55222741049,2.35768560344,0.924431761071,4.79332522188,2.21789951295,,3.39167737459,2.71098198342
BLOO36,"CTU2",ENSG00000174177,8.233877,0.242689823388,3.10919936036,1.18879006236,,1.5754994794215755,2.99311989033,2.17130927302,,3.59617848634,,,1.92191288087,,-1.362220275,,,-0.421948020846,-1.25673934416,0.0358381328825,-0.882472812621,-0.864768819346,,,,,-0.218363467665,1.5198015326,1.49254882821,1.58582756643,0.704532246377,2.88836159141,0.755914723432,,,,,2.67207858454,,1.82155075461,-1.17809627321,1.35328197255,1.39717261822,-0.55512972564,0.46189021088,1.43492415933,1.68949428537,,0.363289269378,3.28992792743
HEIG03,"CTU2",ENSG00000174177,11.348548,1.61199356984,-0.283014519431,2.47151821774,,-2.2305362918676406,-0.559514962217,1.14456390449,,1.70667483562,,,1.8684809457,,1.26049647329,,,2.53394521739,1.81033325514,1.82756319852,3.02291727733,0.38385409189,,,,,0.789807654516,-0.0588225936383,0.041252171572,0.173651930824,-2.30039141562,-0.0630265792883,-3.33496046311,,,,,-2.02786194754,,2.98455437356,1.30600449224,2.41340001504,0.160351877311,-0.562881748779,-0.0976941225563,-0.443056643009,-0.0291655650753,,2.75859678678,0.634963995275
LEAN04B,"CTU2",ENSG00000174177,5.981966,4.25551628804,2.04842480625,2.85124787647,,1.5547460431392903,2.52313984993,3.46300249872,,3.91684976085,,,2.24696165792,,2.59425253286,,,1.68298092631,4.83377376945,4.44482278818,3.31668100732,2.47794495386,,,,,4.05902243936,2.71178958367,3.85083570001,2.82395924121,2.12701373295,3.04700964454,0.757529458709,,,,,2.36206810204,,3.73392379763,1.56601281312,4.50013938167,3.12386010411,2.31067785114,2.50817183264,1.17422316515,0.795854602587,,4.56080051573,3.98196892849
LEAN05B,"CTU2",ENSG00000174177,5.709120,4.2405226742,2.01915188211,2.75888689842,,1.7062005564757707,2.68271424473,3.49839107307,,3.81425076039,,,2.45726841627,,2.64304254353,,,1.90577314807,4.88302026289,4.42186227985,3.23152310668,2.48200307723,,,,,4.02708596985,2.78922118028,3.88388024039,2.99724705952,2.27113025476,3.1699796733,0.936917449337,,,,,2.53835441617,,3.8168631296,1.49099513245,4.47250887728,3.15573943765,2.35951279639,2.49286126921,1.25574540243,1.01281934952,,4.4747897716,3.98475271687
LEAN06B,"CTU2",ENSG00000174177,8.075690,4.42865203676,1.00050852687,1.4919576284,,1.3886902286785376,3.44528093667,2.92699721872,,4.59536357729,,,2.89803266913,,3.20575543022,,,2.9282502852,5.99432510018,4.60291802534,4.22047037007,2.43177476669,,,,,3.55071289161,2.17429823849,3.69233010044,3.21585938649,1.75510523915,3.23486166634,0.00112495974452,,,,,2.95403996134,,5.21724985101,0.179462252428,4.96241928916,3.74302444173,2.08958012504,2.69172383466,0.260953164789,1.32720572709,,3.69494310135,3.50939069145
LEAN06F,"CTU2",ENSG00000174177,4.452422,3.55162605055,1.06431553444,1.3653450717,,0.8986392611726659,2.04718369484,2.16041722631,,3.55435961125,,,1.67356766676,,3.63408827831,,,2.54025895485,5.29248775621,3.71429062421,3.80469177983,3.26807558164,,,,,3.11504491356,1.70418267102,2.6795418628,2.70642714435,1.3379869499,2.24671336605,0.0701457417403,,,,,2.08439405619,,4.04250878831,0.847189197362,3.91523906642,2.46816297201,1.78710396537,2.56126802959,0.742333510752,0.922579491371,,3.19420689732,2.73639731249
LEAN06M,"CTU2",ENSG00000174177,6.690817,3.06764692291,0.282296356732,0.767878402148,,1.299422402412461,3.51017235533,2.320495754,,3.39276815361,,,3.02795244242,,0.54865958333,,,1.72585306202,3.39047062574,3.15201224223,2.26322777214,-0.383811391321,,,,,2.0406082627,1.56797940119,2.99999485746,2.02752250486,1.32578961099,2.78515328102,-0.107041699565,,,,,2.49401518615,,3.83444197117,-0.978537803104,3.5378884724,3.42957028902,1.27355006707,1.23326717565,-0.654571178922,1.14145696579,,2.19701588223,2.55382072594
LEAN06,"CTU2",ENSG00000174177,8.788426,4.278959364,0.713705292259,1.38295739013,,1.5279314808430147,3.83503655928,2.98171289223,,4.50399579514,,,3.3324523362,,2.3825809064,,,2.71375573655,5.44642081509,4.43500043553,3.77723023392,1.33807411693,,,,,3.20937981879,2.12877314226,3.75862520262,3.01461179141,1.79849212688,3.3969599122,0.0273588804558,,,,,3.02482222895,,5.14062074698,-0.267888387901,4.81179083262,4.0379428529,1.9169723741,2.33085473362,-0.0925263634471,1.34436279553,,3.36051531526,3.44386127682
NEUR02B,"CTU2",ENSG00000174177,6.276791,-2.62574319642,-1.9205649706,-2.01643241672,,-3.6105051721552748,-4.91345495759,-1.91861792863,,-2.72974622762,,,-2.62733560426,,1.96440764111,,,0.789441738583,-0.45890350186,-2.63159758766,2.69673386748,0.530019105436,,,,,-2.52074352543,-3.34789288029,-3.5424029676,-3.46718133601,-2.94960020621,-4.01852240696,-2.55463356312,,,,,-4.18592097026,,-1.5537782629,-0.881444523603,-2.29488551418,-1.52614894541,-2.41184903172,-3.03515572869,-1.2732861044,-2.25418118606,,-2.80509350645,-4.00191761851
NEUR03B,"CTU2",ENSG00000174177,6.209426,-2.71216346817,-2.03151926253,-2.80294321552,,-3.916506615503569,-4.29698952205,-2.28598471734,,-2.96406486596,,,-3.2780424018,,1.64112221404,,,1.12468702057,-0.875408276461,-2.87011262491,2.19619959555,0.360930167763,,,,,-2.87808752501,-3.75335363185,-3.70593391043,-3.28929928715,-3.19230102265,-3.84429004665,-2.841184099,,,,,-4.23681609752,,-1.07914969193,-0.670736827937,-2.40866450722,-2.20317774222,-2.84051686827,-3.05035968216,-1.960703584,-2.4094635436,,-3.3091997069,-4.43283958553
WAIS03,"CTU2",ENSG00000174177,5.791183,2.62126381292,1.21972210742,2.62840430464,,-0.9224039577168349,-0.432963407945,1.37520096653,,2.86889146339,,,0.912265961447,,2.0007872747,,,2.16487802356,3.18415619706,2.41155348377,3.85385505909,2.99795175553,,,,,1.30352132057,0.627971265736,0.716497677605,1.21127860008,-0.324811585059,0.116710644253,-0.723138884179,,,,,-0.245700556154,,4.0506154315,2.26665164064,2.63937275345,1.64085375067,-0.342230259278,1.21384343652,-0.573775351048,-0.4799810651,,3.22381020259,1.2505934023
WAIS04,"CTU2",ENSG00000174177,6.052910,2.47635082917,1.16885276294,2.42600782596,,-0.978597540059948,-0.422496493956,1.34185817026,,2.78833480643,,,0.890498365757,,1.80228092611,,,1.82832772835,2.90569788278,2.33248657898,3.59004153381,2.96722670037,,,,,1.26860877674,0.612790047705,0.699176301811,1.18199592152,-0.323338854543,0.113889162545,-0.705656969766,,,,,-0.239760710726,,3.5496563695,2.10511687795,2.48384347448,1.59359467075,-0.290320195853,1.24164500156,-0.559904277325,-0.468377544263,,3.13063332353,1.23052342498
