code,target,ENSEMBL,association,Adipose_Subcutaneous,Adipose_Visceral_Omentum,Breast_Mammary_Tissue,Muscle_Skeletal,DGN_Whole_Blood,Whole_Blood,Artery_Aorta,Artery_Coronary,Artery_Tibial,Heart_Atrial_Appendage,Heart_Left_Ventricle,Spleen,Brain_Amygdala,Brain_Anterior_cingulate_cortex_BA24,Brain_Caudate_basal_ganglia,Brain_Nucleus_accumbens_basal_ganglia,Brain_Putamen_basal_ganglia,Brain_Cerebellar_Hemisphere,Brain_Cerebellum,Brain_Cortex,Brain_Frontal_Cortex_BA9,Brain_Hippocampus,Brain_Hypothalamus,Brain_Spinal_cord_cervical_c-1,Brain_Substantia_nigra,Nerve_Tibial,Cells_Transformed_fibroblasts,Cells_EBV-transformed_lymphocytes,Colon_Sigmoid,Colon_Transverse,Esophagus_Gastroesophageal_Junction,Esophagus_Mucosa,Esophagus_Muscularis,Liver,Minor_Salivary_Gland,Small_Intestine_Terminal_Ileum,Stomach,Adrenal_Gland,Pituitary,Pancreas,Thyroid,Lung,Ovary,Prostate,Testis,Uterus,Vagina,Skin_Not_Sun_Exposed_Suprapubic,Skin_Sun_Exposed_Lower_leg
FATM04B,"ECI1",ENSG00000167969,7.271224,0.87931568868,1.32549552219,,1.02268504946,,0.348869999309,-1.56479132637,-2.22692031347,-1.74318351373,2.57212576009,1.90721745174,,,,,,,,,,,,,,,1.74688383599,1.88700008384,,,1.67159537765,1.83157789448,0.68501443216,1.44084367784,,,,0.857184670298,0.774327742596,,2.51464707337,-4.96630342863,1.78381938609,,0.54112635798,,,,1.84550085035,1.76843582655
FATM04,"ECI1",ENSG00000167969,7.211888,0.851280166145,1.3644983866,,1.00719389847,,0.348960374328,-1.48873273601,-2.15110701219,-1.79304279522,2.56614985407,1.98536820445,,,,,,,,,,,,,,,1.75950791873,1.95817010293,,,1.72749992265,1.82718032112,0.655193923888,1.43182163981,,,,0.855537665664,0.687136670595,,2.51413155076,-4.90360031203,1.84787128396,,0.504960419163,,,,1.9098270626,1.82079017235
HEIG03,"ECI1",ENSG00000167969,10.284816,0.640448444334,1.20983798131,,1.5670260975,,-1.81103736144,-1.37311727103,-1.69534341127,-2.96567460583,2.56026867496,2.92170717836,,,,,,,,,,,,,,,2.24452288585,2.9990552247,,,1.92220845963,2.58903117564,0.248457988945,1.99106365007,,,,1.73567526475,1.59401958311,,1.82012444185,-3.50330100665,2.24653315544,,0.922586739672,,,,2.58238251556,2.15424811643
LEAN04B,"ECI1",ENSG00000167969,10.666674,-0.572831847728,0.495620089984,,-0.226424214625,,-1.26763252605,-2.90150525807,-1.86868208917,-2.88013683189,1.41993133036,1.18216424695,,,,,,,,,,,,,,,0.703888984931,1.1252761581,,,0.767571231626,0.950004614546,0.201933988578,0.0502268774789,,,,1.03704395848,2.29947564661,,1.35635853654,-4.99163133778,0.881769739452,,-0.183072400172,,,,1.09113689579,0.892759114874
LEAN04M,"ECI1",ENSG00000167969,9.491161,-0.579807975926,0.176319215228,,-0.404578619952,,-2.1509831037,-3.30222299883,-1.12490810618,-2.77593967247,1.24824783601,0.86262426399,,,,,,,,,,,,,,,0.71890909074,0.748927394226,,,0.451590764375,0.810427416488,-0.231090888093,-0.101618375548,,,,0.586408545682,1.41826771105,,1.57824985973,-4.9529296793,0.539648809783,,-0.488254233282,,,,0.764356218799,0.612487257092
LEAN04,"ECI1",ENSG00000167969,11.275634,-0.601637894298,0.379468853611,,-0.360789175891,,-1.86490268752,-3.44681468449,-1.70676725109,-3.14709671389,1.49112797039,1.1200150503,,,,,,,,,,,,,,,0.771586887357,0.995782656732,,,0.677874395475,0.96707144705,0.00720019998189,-0.0329772222309,,,,0.913234122208,2.10285566778,,1.53710402972,-5.52437421804,0.785679409621,,-0.348811127139,,,,1.02393101152,0.831643876772
LEAN05B,"ECI1",ENSG00000167969,9.670236,-0.682270970322,0.348321939812,,-0.340341778683,,-1.23636446399,-2.94469732079,-1.86970519228,-2.94766249811,1.27512699249,1.04635900034,,,,,,,,,,,,,,,0.568662984186,0.916268422538,,,0.629493524556,0.80768661345,0.0838235057336,-0.127807577243,,,,0.94288584774,2.29491864998,,1.21749194966,-4.92220312669,0.734000146906,,-0.336900572526,,,,0.946075610029,0.752333294685
LEAN05M,"ECI1",ENSG00000167969,7.925915,-0.577920474455,0.199576481562,,-0.381120397682,,-2.08388824653,-3.30895274049,-1.1016489434,-2.74501146381,1.26756572883,0.878390802504,,,,,,,,,,,,,,,0.73433134379,0.766737924848,,,0.468652930667,0.828227173812,-0.192731881206,-0.0986997407907,,,,0.614478825023,1.43924497103,,1.59095467709,-4.94047293652,0.556992453119,,-0.542297708685,,,,0.781017768732,0.628636905688
LEAN05,"ECI1",ENSG00000167969,10.499860,-0.658203806112,0.300906141119,,-0.419162954726,,-1.79801865178,-3.45412763084,-1.69233480615,-3.1739888056,1.41077346015,1.04310880126,,,,,,,,,,,,,,,0.694075726931,0.869585624336,,,0.602223823504,0.886841440721,-0.0425217820797,-0.142469663977,,,,0.872060986561,2.10981621094,,1.45665457426,-5.46518703814,0.703448673592,,-0.459540463024,,,,0.942964279503,0.752585172825
LEAN06B,"ECI1",ENSG00000167969,19.637725,0.663743801528,2.17759289999,,1.22521637994,,-0.47515003361,-2.64271590562,-1.79581464477,-2.41991168065,3.32096665497,3.07089724833,,,,,,,,,,,,,,,2.58414503194,2.97027907729,,,2.60592553566,2.70496451809,1.17660176076,1.8360132187,,,,2.5642029723,2.99891919405,,2.82665469936,-7.87650168656,2.7599690247,,0.482805079977,,,,2.91069806624,2.75481677407
LEAN06F,"ECI1",ENSG00000167969,9.272020,0.0526226426902,1.27623870815,,0.743753266505,,0.240760875415,-1.2340779773,-1.87301590501,-1.86497215513,2.21032537712,2.05083566211,,,,,,,,,,,,,,,1.54221886316,1.91743100026,,,1.69326898857,1.64715183601,0.375897855577,0.999423161059,,,,1.73706107982,2.17015738316,,1.76245252249,-5.72311922448,1.80089854467,,0.106639733932,,,,1.9004958264,1.7537028756
LEAN06M,"ECI1",ENSG00000167969,13.389074,1.21285662601,2.24710851104,,1.22435470076,,-1.30147620987,-3.21444562789,-0.565199213584,-1.79412252162,3.01040351536,2.77507729443,,,,,,,,,,,,,,,2.62308261913,2.7872533963,,,2.42833057329,2.69423083294,1.7067217357,2.01605654349,,,,2.27687859429,2.44715700264,,2.75151335785,-6.38324825299,2.56001423646,,0.775065554575,,,,2.69829888379,2.62384745643
LEAN06,"ECI1",ENSG00000167969,18.879755,0.99111512177,2.40010117351,,1.30269158821,,-0.919827665802,-3.2988045629,-1.45335321716,-2.36940694777,3.50362238921,3.1973856894,,,,,,,,,,,,,,,2.83050352944,3.11189845462,,,2.75819707388,2.94245258286,1.53597155648,2.05062343814,,,,2.6896383364,3.13994062098,,2.99077059414,-8.01174416298,2.91064113289,,0.695012694971,,,,3.06993502647,2.93773950631
