code,target,ENSEMBL,association,Adipose_Subcutaneous,Adipose_Visceral_Omentum,Breast_Mammary_Tissue,Muscle_Skeletal,DGN_Whole_Blood,Whole_Blood,Artery_Aorta,Artery_Coronary,Artery_Tibial,Heart_Atrial_Appendage,Heart_Left_Ventricle,Spleen,Brain_Amygdala,Brain_Anterior_cingulate_cortex_BA24,Brain_Caudate_basal_ganglia,Brain_Nucleus_accumbens_basal_ganglia,Brain_Putamen_basal_ganglia,Brain_Cerebellar_Hemisphere,Brain_Cerebellum,Brain_Cortex,Brain_Frontal_Cortex_BA9,Brain_Hippocampus,Brain_Hypothalamus,Brain_Spinal_cord_cervical_c-1,Brain_Substantia_nigra,Nerve_Tibial,Cells_Transformed_fibroblasts,Cells_EBV-transformed_lymphocytes,Colon_Sigmoid,Colon_Transverse,Esophagus_Gastroesophageal_Junction,Esophagus_Mucosa,Esophagus_Muscularis,Liver,Minor_Salivary_Gland,Small_Intestine_Terminal_Ileum,Stomach,Adrenal_Gland,Pituitary,Pancreas,Thyroid,Lung,Ovary,Prostate,Testis,Uterus,Vagina,Skin_Not_Sun_Exposed_Suprapubic,Skin_Sun_Exposed_Lower_leg
BLOO02,"SLC51A",ENSG00000163959,17.946499,-0.295569884704,,1.21355058298,0.00852674080385,,,-0.873905942939,0.903397716638,0.171741561179,-1.61155832152,-1.60856950432,,,0.662207502637,0.545707035346,2.13530958581,0.442574032907,-0.172575543485,0.830815677955,0.0950770649237,,0.812847086692,,-1.13298876562,,0.251544890067,-0.309848320126,,-0.588766622643,,-0.219261169705,,0.385345119647,,,,0.826581668416,-0.185538620892,2.35081127296,-0.239024458002,0.274965808695,0.271657373712,,0.840263783654,-0.162088665368,,,-0.0526403581927,0.991855830872
BLOO21,"SLC51A",ENSG00000163959,6.146375,1.65124567854,,0.871218154895,1.84852327297,,,1.32743382315,0.0402026769721,0.845857818328,1.96220623103,2.30783990641,,,1.23055160187,0.61576422182,0.803180229055,1.51578949351,1.00779226912,0.236094232247,1.61239419596,,1.14959604066,,-1.38375926172,,0.64864532682,0.950012301532,,1.22293642537,,0.337310266411,,0.958328452762,,,,1.39458606933,1.27321302891,1.64361293737,0.497240247259,1.09647691539,1.92313199433,,0.382883426794,-1.25028628771,,,0.547970138444,1.0858731432
BLOO25,"SLC51A",ENSG00000163959,14.300206,1.76261247699,,0.672675286412,1.22691922148,,,1.37506341607,0.631629110658,0.996291200921,1.63811629639,2.84509460495,,,0.717246117419,-0.59168196619,-0.556080346073,0.82068322545,0.808475427827,0.447708357216,0.888955327206,,0.523321051435,,-0.266364737909,,0.633970318988,0.95560148836,,0.389853895616,,0.46162165263,,0.81517850007,,,,0.644498510046,0.44999922574,0.830751957001,0.67578556109,1.17433643808,0.427832231061,,0.639168934985,-0.848510060979,,,0.278829389488,0.771249775427
BLOO26,"SLC51A",ENSG00000163959,52.873901,1.39108722127,,-0.746684383265,0.417118879249,,,1.85775636284,0.299941810417,1.33356110989,4.14267600102,3.47848770663,,,-0.684546372581,-0.903758134064,-1.79518102986,0.726078622153,1.39793440653,-0.00838777815122,0.0228269826552,,-1.04419830817,,2.08874580889,,0.35537919514,0.726792755238,,0.820114635113,,0.491446856113,,-0.0251792422266,,,,0.329675322201,-0.166203854713,0.268883926261,1.01515664204,1.9369388207,0.0800447889486,,0.0588588895494,-1.06743735172,,,-1.28767142205,-1.72972254031
BLOO27,"SLC51A",ENSG00000163959,47.785792,0.92981499197,,-0.925690315332,-0.0285810771462,,,1.5723066842,0.4580062896,1.37920640112,4.15239849246,2.76747860636,,,-1.16957159625,-0.636344230539,-1.67294593488,0.512045697646,1.41540338465,-0.198112291857,-0.0968799705402,,-1.62534672709,,2.98497912868,,0.174848563472,0.70770225101,,0.740759383245,,0.394992813633,,-0.263764810874,,,,0.313681120899,-0.810874965484,0.542785082452,1.15037425536,2.03539507339,-0.170323450494,,0.0473164025781,-1.34166182097,,,-1.79847570529,-2.64567102516
BLOO35,"SLC51A",ENSG00000163959,11.150716,-0.352526760568,,0.65842893067,0.261501410874,,,-0.222059804877,0.110071784753,0.0385632984628,-2.78560950063,-2.12933144723,,,0.441607504295,1.46785068992,1.4880538366,-1.05750455431,0.1117179233,2.07780191871,0.380748114783,,0.276565925273,,-2.04055511267,,0.0222148455363,0.627860841946,,0.102095475498,,0.449565310435,,0.417791935231,,,,0.796357571302,-0.0378475613491,-0.365861329229,0.46287042144,0.323433470708,-0.223068112521,,0.512984741374,0.273679649388,,,0.666605584897,0.970461566354
BLOO36,"SLC51A",ENSG00000163959,7.168143,2.09972289814,,1.33491012823,2.07171462504,,,2.00027839437,1.09306869776,1.65866929156,2.53987840513,2.88552464253,,,1.31391363067,1.21631189688,0.900634685126,2.12809281315,2.28383608875,1.34333831162,2.35593352356,,1.2192440387,,-0.756762219191,,1.45753484155,1.39593493496,,1.57839182954,,0.960558782673,,1.48714229102,,,,1.94448617785,1.15913503078,2.54163497656,0.968757433789,2.34730965491,1.89818360425,,1.40475926851,-1.69619594726,,,0.0793463101681,0.546242663698
BODY08B,"SLC51A",ENSG00000163959,5.724274,-4.96260055561,,-4.83654744048,-3.58084998656,,,-2.89116582858,-2.69976204652,-4.96774915587,-2.32586088973,-4.00105737306,,,-3.00961025819,-3.31868722535,-2.0973459662,-3.36286537839,-4.60027168122,-2.6252925411,-3.14497064803,,-1.89532260958,,-0.868407852335,,-3.04433988259,-4.42570241542,,-2.11583641705,,-3.90996983255,,-4.26352686781,,,,-3.66958098366,0.805184482299,-3.93325744709,-3.62507844313,-4.69824183846,-1.93659331144,,-4.26728585613,2.54224981605,,,-0.341482133255,-1.61080629905
BODY08,"SLC51A",ENSG00000163959,6.193759,-4.90097569725,,-4.71107438496,-3.44570979926,,,-2.88789720942,-2.75694924774,-4.8715850307,-2.33746201112,-3.91830984279,,,-2.82278620533,-3.22618317703,-2.09725102121,-3.20022945865,-4.56080229629,-2.77092384114,-3.13623923664,,-1.74548161775,,-0.840366767697,,-3.10041608023,-4.31978153604,,-2.01045963478,,-3.82234824983,,-4.12772463953,,,,-3.70761395698,1.02668804019,-3.97565382343,-3.63525696157,-4.69260609938,-1.74729722707,,-4.29772294769,2.46233575871,,,-0.011804294429,-1.24981802097
FATM04B,"SLC51A",ENSG00000163959,6.251804,-5.31204750626,,-5.13271271376,-3.76457266327,,,-3.07365773855,-2.57590457743,-5.50594886881,-2.30396161247,-4.20326665916,,,-3.1279488882,-3.75438980223,-2.64010303834,-4.16151810072,-5.01238976719,-3.17553040924,-3.57327671436,,-2.01388171639,,-1.18388443183,,-3.10841482438,-4.83242265825,,-2.38340180128,,-4.38110044561,,-4.41525355735,,,,-3.88423937823,0.610391504517,-3.69580609217,-3.7988673176,-4.86096185582,-1.81254585817,,-4.60009813123,2.58357937037,,,-0.225611675962,-1.5982932573
FATM04M,"SLC51A",ENSG00000163959,3.581566,-4.57751068534,,-4.27407163157,-3.66921254313,,,-3.00073251727,-2.12625053281,-4.84409214133,-2.28191698727,-3.8839042423,,,-3.23148250314,-3.86281498741,-2.28122674878,-3.94032859457,-4.49170259041,-2.4538785014,-3.34626300326,,-2.45329172237,,-1.93729482123,,-2.64966425605,-4.29828621516,,-2.63641704,,-4.01009236009,,-4.08982317251,,,,-3.22915919523,-0.769858768171,-2.03553385164,-2.89813130666,-3.87178936481,-2.31009640509,,-3.5546031062,2.1412775424,,,-1.50255530592,-2.48100817071
FATM04,"SLC51A",ENSG00000163959,6.970494,-5.19572305244,,-5.01299655277,-3.55909272926,,,-2.96379280207,-2.56072381412,-5.34793411721,-2.23143843449,-4.04476271514,,,-2.88719744244,-3.57210795537,-2.52858212816,-3.84730282366,-4.87870544571,-3.22771100281,-3.43475913034,,-1.77836945937,,-1.04025284729,,-3.07818441047,-4.67808542892,,-2.21518611129,,-4.22331435611,,-4.22932496576,,,,-3.84365218568,0.929975776416,-3.83365802182,-3.79132639271,-4.86579124072,-1.55268761207,,-4.60202301478,2.44505969484,,,0.145804588163,-1.21712423976
LEAN06B,"SLC51A",ENSG00000163959,8.674402,-5.04455154473,,-5.05017976114,-4.02047943586,,,-3.5644353944,-3.54408491007,-5.62208482989,-2.22372244252,-4.01713250119,,,-3.27466259671,-2.49886368915,-2.30059604677,-3.83556590337,-4.75120037772,-4.04405385967,-3.84435279897,,-1.79642523623,,0.14534671259,,-3.83428553566,-4.89650034471,,-1.80387248345,,-4.37524905974,,-4.71846970848,,,,-4.3748329465,1.38051207919,-4.47120579759,-4.64160171236,-6.53952866731,-2.19697898683,,-4.50029425949,3.62807475751,,,-0.0370079381079,-1.71929900858
LEAN06F,"SLC51A",ENSG00000163959,5.567303,-3.71431973669,,-3.79128594247,-2.72604266145,,,-2.69664391026,-2.72623797368,-3.8951940765,-1.87199983203,-2.97967641535,,,-2.26382222849,-1.60493744677,-1.75858228531,-2.71891608878,-3.64286871018,-3.49983541414,-2.94174632926,,-1.15768747912,,0.274462348087,,-3.08223102817,-3.40475451227,,-0.937862653516,,-3.27130429351,,-3.26208544219,,,,-3.31340739453,1.26637638963,-4.22079805833,-4.03025699283,-5.23426443882,-1.48764600645,,-3.55772326224,2.33475609501,,,0.810705724442,-0.465289597432
LEAN06M,"SLC51A",ENSG00000163959,4.430053,-4.01211168066,,-3.90212185085,-3.56335715911,,,-2.72020331636,-2.63179655658,-4.85369824035,-1.39727167182,-3.15974771858,,,-2.83288356883,-2.35513951078,-1.72973133394,-3.21260737541,-3.55259824604,-2.39830793393,-2.88257739942,,-1.6859029791,,-0.14643387573,,-2.6418389672,-4.20735039648,,-2.04304193948,,-3.40072895562,,-4.08188803603,,,,-3.33469507636,0.705897642094,-2.10126805433,-2.73134383583,-4.5441979256,-1.94902152089,,-3.1964160202,3.41162635196,,,-1.33988982229,-2.61958054393
LEAN06,"SLC51A",ENSG00000163959,8.862519,-5.18455899969,,-5.13569328559,-4.28977962982,,,-3.7111140627,-3.67983802439,-5.95988700979,-2.1627968214,-4.13103131624,,,-3.45876023256,-2.78429948324,-2.37087140487,-3.94038384012,-4.80953009967,-3.83400351866,-3.91313356682,,-1.9693297925,,-0.111506093504,,-3.82905637786,-5.1677969974,,-2.15685700379,,-4.49037306382,,-5.01298491707,,,,-4.48445064971,1.23735397107,-3.91878896544,-4.31343612832,-6.37337295274,-2.35583004283,,-4.46629263631,3.9831318069,,,-0.677829512688,-2.28471313899
