code,target,ENSEMBL,association,Adipose_Subcutaneous,Adipose_Visceral_Omentum,Breast_Mammary_Tissue,Muscle_Skeletal,DGN_Whole_Blood,Whole_Blood,Artery_Aorta,Artery_Coronary,Artery_Tibial,Heart_Atrial_Appendage,Heart_Left_Ventricle,Spleen,Brain_Amygdala,Brain_Anterior_cingulate_cortex_BA24,Brain_Caudate_basal_ganglia,Brain_Nucleus_accumbens_basal_ganglia,Brain_Putamen_basal_ganglia,Brain_Cerebellar_Hemisphere,Brain_Cerebellum,Brain_Cortex,Brain_Frontal_Cortex_BA9,Brain_Hippocampus,Brain_Hypothalamus,Brain_Spinal_cord_cervical_c-1,Brain_Substantia_nigra,Nerve_Tibial,Cells_Transformed_fibroblasts,Cells_EBV-transformed_lymphocytes,Colon_Sigmoid,Colon_Transverse,Esophagus_Gastroesophageal_Junction,Esophagus_Mucosa,Esophagus_Muscularis,Liver,Minor_Salivary_Gland,Small_Intestine_Terminal_Ileum,Stomach,Adrenal_Gland,Pituitary,Pancreas,Thyroid,Lung,Ovary,Prostate,Testis,Uterus,Vagina,Skin_Not_Sun_Exposed_Suprapubic,Skin_Sun_Exposed_Lower_leg
ATOP01,"TARS2",ENSG00000143374,7.041627,4.65008907172,4.39739066066,4.95182727507,4.61952465694,2.5066703685159695,,,,4.21515051373,4.40818396003,3.32565712068,,,,,,,,,,3.92609543576,,,,,5.13821747719,1.33515814541,,2.54558637529,2.83503012784,,4.72064279772,,,,,,,,,3.32765902002,,,,5.98491108724,,,5.46579487937,3.78316232709
BFPC04B,"TARS2",ENSG00000143374,10.810089,0.508712863577,1.61113544161,4.35391335995,-1.7579007093,-4.749995481552674,,,,5.18940517436,2.97363693083,-1.17668568693,,,,,,,,,,-2.27266185754,,,,,-1.83578169945,-0.212429788221,,-0.532579671219,2.56024843643,,4.57381416433,,,,,,,,,2.60753220674,,,,0.879104560367,,,3.88424225916,2.27527585664
BFPC04F,"TARS2",ENSG00000143374,8.271378,0.256184455944,1.01381904206,3.2430893421,-1.69935486383,-3.9865379996779087,,,,3.49499359585,2.3703267932,-0.837886000043,,,,,,,,,,-1.7474922858,,,,,-1.87143881146,-0.0834650591908,,-1.15359186024,1.23863886196,,3.53932062524,,,,,,,,,1.26619871793,,,,0.752632906046,,,2.71724577715,1.35138275776
BFPC04,"TARS2",ENSG00000143374,13.284272,0.459886490023,1.49966818165,4.27940510515,-1.88172219241,-4.813851495773977,,,,5.0348567448,2.90682467972,-1.22597342016,,,,,,,,,,-2.27074956571,,,,,-1.98592759676,-0.125181641387,,-0.737313749803,2.33501305754,,4.52036098333,,,,,,,,,2.39765364846,,,,0.843724895277,,,3.78436285201,2.13879293958
BIPO02F,"TARS2",ENSG00000143374,6.177668,-2.14276929162,-0.290467412011,-2.02755646428,1.61071831467,0.618237069676981,,,,-2.24440329708,-0.854034751424,-0.446005344827,,,,,,,,,,0.671727670559,,,,,-0.138747299406,-0.772488973591,,0.574232609286,-2.88673486171,,-3.3236145772,,,,,,,,,0.149289873867,,,,-2.16692867498,,,-2.11554937766,-2.11301880896
BLOO01,"TARS2",ENSG00000143374,9.070285,-4.74554355197,-4.60472962769,-4.83637858374,-2.44918122041,0.808876349741856,,,,-6.23703355137,-3.33895093206,-4.15250960116,,,,,,,,,,-1.88399158033,,,,,-2.6182335779,-0.336329926651,,-1.77368362343,-5.33856884251,,-6.42154667843,,,,,,,,,-4.70913873209,,,,-4.02274634367,,,-5.78455532388,-3.03191027752
BLOO05,"TARS2",ENSG00000143374,16.219503,-2.59932607235,-3.96056342541,-5.49659401829,-5.85814910502,1.8431959013474044,,,,-6.93448758598,-2.99121122971,-4.71533638461,,,,,,,,,,-2.7306512886,,,,,-0.726136006147,0.794250415269,,-2.57433523969,-6.21298681211,,-5.58556462831,,,,,,,,,-4.36041993786,,,,-0.798751314275,,,-4.16030200913,-4.05419021046
BLOO16,"TARS2",ENSG00000143374,6.415533,-2.62495510259,-2.88043789294,-2.44721809878,-4.72664647728,-2.6614345608795413,,,,-3.12811164915,-1.55600382609,-2.46650987959,,,,,,,,,,-3.7142990182,,,,,-2.90036485796,0.395361921153,,-2.32466772387,-1.18707971901,,-2.70303503511,,,,,,,,,-1.95395641874,,,,-1.95418539678,,,-2.72774694542,-2.6538674386
BLOO19,"TARS2",ENSG00000143374,8.916820,2.0245986533,2.69852539076,4.57493260123,2.0027008178,-3.146751253500283,,,,6.5802867677,2.02029986227,0.374830796231,,,,,,,,,,1.50943454013,,,,,0.435223816357,-0.798863886925,,1.67241046253,4.27260209531,,5.66343211272,,,,,,,,,2.11407666812,,,,1.81672052872,,,4.68097725632,3.54334643607
BLOO28,"TARS2",ENSG00000143374,11.346730,-1.95799281905,-3.31812273538,-4.63295594745,-3.02935524675,2.7243020754088683,,,,-6.40307492893,-2.72249165439,-1.31062853307,,,,,,,,,,-2.11729807792,,,,,-0.28418640465,0.19424813601,,-2.0399921258,-4.40879344081,,-5.28916730194,,,,,,,,,-2.81229052829,,,,-2.2141118814,,,-4.81519105036,-3.88192103062
BLOO32,"TARS2",ENSG00000143374,4.540125,2.00339824694,0.693342150533,3.23301364671,-0.756616643988,-2.66692630611319,,,,4.90098841977,-0.140279940382,-1.93376052485,,,,,,,,,,0.00514960839769,,,,,1.06371184968,-2.0990945143,,0.511108235497,2.35274174401,,4.93802398349,,,,,,,,,0.0938819493732,,,,0.748606623351,,,3.26306525384,2.11635715658
BLOO33,"TARS2",ENSG00000143374,10.530856,-5.28127574828,-4.3934760975,-6.43357847515,-2.74841898385,0.555699844483891,,,,-6.20997919344,-6.28227193691,-2.44579550543,,,,,,,,,,-2.85837379079,,,,,-3.52737700867,-1.58495995055,,-1.68589351945,-4.07145657946,,-6.32954046273,,,,,,,,,-4.55319855538,,,,-5.76284685163,,,-6.43206137665,-5.41339427372
CHRO01,"TARS2",ENSG00000143374,8.853469,-4.88972033055,-5.79569104857,-4.51747642329,-5.85810028086,-3.249635870487601,,,,-3.28885929113,-5.82631714745,-4.20532731848,,,,,,,,,,-5.58129292802,,,,,-4.63123699479,-4.53200769351,,-2.58484934093,-2.07441716741,,-3.87173869629,,,,,,,,,-4.69676280593,,,,-4.63821345757,,,-3.8469721468,-4.17515803245
ELEC01,"TARS2",ENSG00000143374,1.111394,-2.25768341998,-0.28461401621,-1.26006548494,-2.31344996296,-2.3193566673734165,,,,-0.0781985435527,-3.63107370094,-2.62985088184,,,,,,,,,,-2.98583630082,,,,,-1.26753606122,0.125030660388,,-7.7790721073,-0.324380347406,,-1.47058566428,,,,,,,,,-1.11085518971,,,,-1.7214448082,,,0.184411728267,0.295451563982
FATM04B,"TARS2",ENSG00000143374,7.737312,-0.450357800073,0.383902538221,3.37390350078,-1.96870511066,-5.3691467271415965,,,,3.72008487725,1.69279713354,-1.48942436833,,,,,,,,,,-2.87287864198,,,,,-2.75912361303,0.0404353986021,,-1.47317224646,1.8430191543,,3.38585088206,,,,,,,,,0.975283083356,,,,0.14661877214,,,2.05323298163,0.926558092476
FATM04,"TARS2",ENSG00000143374,8.701868,-0.455565769876,0.293413410852,3.25510595237,-2.06739670494,-5.297359301083364,,,,3.41969209016,1.57000646302,-1.52031007247,,,,,,,,,,-2.83704431289,,,,,-2.8692735382,0.150082495729,,-1.70198082705,1.61751540247,,3.25033245582,,,,,,,,,0.744080600424,,,,0.125422749296,,,1.93297254889,0.840290619723
HIPC01,"TARS2",ENSG00000143374,5.856985,-0.905710742095,-0.33562868623,1.91575964191,-2.22733118384,-3.711594020925376,,,,2.76716197171,0.995834138068,-2.04516293816,,,,,,,,,,-2.39256350771,,,,,-1.09330510617,0.28455758336,,-1.22636253884,0.79225096748,,2.36897484162,,,,,,,,,-0.090637687686,,,,-0.615291667429,,,1.19955404006,0.404822308859
LEAN06B,"TARS2",ENSG00000143374,4.036042,-3.2945825196,-3.43043761043,-1.28245778334,-2.85677049446,-4.833385141726101,,,,-1.87305921405,-2.99232245392,-2.40704886693,,,,,,,,,,-3.67732297223,,,,,-3.85858974707,0.235791680484,,-2.88465879753,-1.28268387804,,-2.04188435929,,,,,,,,,-3.98797789831,,,,-2.69597801662,,,-3.73398237543,-3.26063103564
LEAN06,"TARS2",ENSG00000143374,4.245996,-3.41136461048,-3.57605832372,-1.34309265117,-2.62671158087,-4.829530033378728,,,,-1.58016216004,-3.15510682347,-2.27620625858,,,,,,,,,,-3.74880547612,,,,,-3.76896168626,0.162840757184,,-3.23553484761,-1.17088836114,,-1.95148178268,,,,,,,,,-4.00511507736,,,,-2.90860781271,,,-3.96084452106,-3.47698155133
MENA01F,"TARS2",ENSG00000143374,3.318045,-1.56240162757,-3.25267511146,-4.31632274247,-1.1076421988,1.2112671903725358,,,,-4.90776074653,-1.48745358222,0.0463582101091,,,,,,,,,,-0.326316171731,,,,,-2.12797203849,-0.713327169116,,0.88619224392,-3.11594573699,,-3.83604904397,,,,,,,,,-3.55721269151,,,,-1.81951054146,,,-4.0959732771,-2.52066971842
MENA02F,"TARS2",ENSG00000143374,4.727625,-2.17734964335,-4.03437668988,-5.04859879754,-2.24151172559,1.6823570780973118,,,,-3.7826465099,-1.50496233445,0.158287734771,,,,,,,,,,-0.880972967568,,,,,-3.05759694355,-1.39920868214,,0.952230184945,-3.53044460554,,-4.08054997852,,,,,,,,,-4.58503034439,,,,-2.6798264884,,,-4.40024284929,-3.59922528796
SCHI01,"TARS2",ENSG00000143374,7.470698,-2.11801045537,-0.711076773382,-2.0939012707,1.74296502969,0.022031654602659812,,,,-1.86468679252,-1.06441741416,0.480086542284,,,,,,,,,,0.395177371555,,,,,0.24567835673,-1.38965484019,,1.09605516021,-3.42625915492,,-2.94581278636,,,,,,,,,0.961937542446,,,,-2.1694967636,,,-2.38112820413,-2.28353582137
SCHI02,"TARS2",ENSG00000143374,7.762054,-2.17306239327,-0.716672010868,-2.24777688459,1.73566733056,-0.025674279092884018,,,,-1.84284917073,-1.33158410875,0.246853212925,,,,,,,,,,0.435645309517,,,,,0.130789676982,-1.43612193623,,1.12334291741,-3.28359939222,,-3.21366700569,,,,,,,,,0.925738697718,,,,-2.27273006585,,,-2.54496033842,-2.21324191072
