code,target,ENSEMBL,association,Adipose_Subcutaneous,Adipose_Visceral_Omentum,Breast_Mammary_Tissue,Muscle_Skeletal,DGN_Whole_Blood,Whole_Blood,Artery_Aorta,Artery_Coronary,Artery_Tibial,Heart_Atrial_Appendage,Heart_Left_Ventricle,Spleen,Brain_Amygdala,Brain_Anterior_cingulate_cortex_BA24,Brain_Caudate_basal_ganglia,Brain_Nucleus_accumbens_basal_ganglia,Brain_Putamen_basal_ganglia,Brain_Cerebellar_Hemisphere,Brain_Cerebellum,Brain_Cortex,Brain_Frontal_Cortex_BA9,Brain_Hippocampus,Brain_Hypothalamus,Brain_Spinal_cord_cervical_c-1,Brain_Substantia_nigra,Nerve_Tibial,Cells_Transformed_fibroblasts,Cells_EBV-transformed_lymphocytes,Colon_Sigmoid,Colon_Transverse,Esophagus_Gastroesophageal_Junction,Esophagus_Mucosa,Esophagus_Muscularis,Liver,Minor_Salivary_Gland,Small_Intestine_Terminal_Ileum,Stomach,Adrenal_Gland,Pituitary,Pancreas,Thyroid,Lung,Ovary,Prostate,Testis,Uterus,Vagina,Skin_Not_Sun_Exposed_Suprapubic,Skin_Sun_Exposed_Lower_leg
BFPC04B,"AOC1",ENSG00000002726,11.586248,,-5.0520699711,,,,-1.63474283567,,,-5.5925125866,3.22191064389,2.5371391894,-2.26349867064,,,,,,,,,,,,,,,,,,,-6.68881136702,,-5.90589187895,3.08035916228,,,,,,,-4.95685013182,-1.90823668614,,,0.557945897779,,,,2.70060146065
BFPC04M,"AOC1",ENSG00000002726,10.430170,,-4.56008894694,,,,-1.20514304436,,,-5.67450499941,3.86432013451,3.18118907798,-1.64492376178,,,,,,,,,,,,,,,,,,,-6.67953077068,,-6.00545668819,3.8586831033,,,,,,,-4.91156196555,-1.59656699882,,,-0.278751324666,,,,1.01155783784
BFPC04,"AOC1",ENSG00000002726,9.904831,,-4.93037506144,,,,-1.70617796541,,,-5.26946000781,2.85907667027,2.23771255219,-2.36316494716,,,,,,,,,,,,,,,,,,,-6.3274892112,,-5.57579695927,2.71125309521,,,,,,,-4.69862686353,-1.90176783003,,,0.746615390418,,,,2.99445155211
HEIG02,"AOC1",ENSG00000002726,8.200715,,3.84480803384,,,,0.548767820181,,,5.36236417306,-3.35625268121,-2.99923837541,0.266569142066,,,,,,,,,,,,,,,,,,,4.14331932951,,4.46233478102,-3.42376493022,,,,,,,4.70421516845,0.740489923919,,,0.788135800819,,,,0.46944395918
HEIG03,"AOC1",ENSG00000002726,15.350324,,6.2016084184,,,,1.23825782567,,,6.48389450744,-5.42224345679,-4.56955922513,0.680407156053,,,,,,,,,,,,,,,,,,,6.67926262369,,6.38255580518,-5.40736688689,,,,,,,7.07883069179,1.36923269208,,,2.15336363125,,,,-0.128793372202
HEIG04F,"AOC1",ENSG00000002726,6.022199,,2.86416117791,,,,0.512227150472,,,4.79846476738,-2.99978965164,-2.32575879124,0.41481522711,,,,,,,,,,,,,,,,,,,4.30771582479,,4.57714602098,-2.93389639616,,,,,,,4.12317427576,0.542165363788,,,0.315126519239,,,,-0.0394340052572
LEAN04B,"AOC1",ENSG00000002726,14.634924,,3.52070000496,,,,0.627537568142,,,7.22795515092,-5.52647814428,-5.32829900402,-0.562597396533,,,,,,,,,,,,,,,,,,,6.62276675061,,7.56848321473,-5.68148554682,,,,,,,4.80417747139,0.676220252004,,,1.45933575262,,,,0.108446280759
LEAN04F,"AOC1",ENSG00000002726,4.695553,,2.07374531019,,,,0.278704898356,,,4.16572425319,-4.26392249732,-4.44668738722,-0.402275999818,,,,,,,,,,,,,,,,,,,4.38378335896,,4.9431449913,-4.35564892673,,,,,,,2.82335990645,0.117439521464,,,1.97188993369,,,,0.557056583918
LEAN04M,"AOC1",ENSG00000002726,14.377962,,3.36889457447,,,,0.724259770602,,,7.03751758511,-3.87519389989,-3.27157817474,-0.438441850653,,,,,,,,,,,,,,,,,,,5.66103538362,,6.5639302578,-4.0245231506,,,,,,,4.60060031866,1.03678865849,,,-0.149318974242,,,,-0.591428930737
LEAN04,"AOC1",ENSG00000002726,16.259479,,3.74387816919,,,,0.746286141715,,,7.9422635393,-5.25779931547,-4.77491559296,-0.574497714475,,,,,,,,,,,,,,,,,,,6.83238372549,,7.92012145425,-5.41443605137,,,,,,,5.22017995339,0.890890262762,,,0.69557028517,,,,-0.206815782924
LEAN05B,"AOC1",ENSG00000002726,15.763110,,3.47382079678,,,,0.655494860929,,,7.27078515638,-5.28943191225,-5.10252203121,-0.543136213584,,,,,,,,,,,,,,,,,,,6.54320633107,,7.52786717005,-5.47325036795,,,,,,,4.76426270662,0.669301792808,,,1.1854696014,,,,0.101055129977
LEAN05F,"AOC1",ENSG00000002726,4.707633,,2.00897523762,,,,0.353196929108,,,4.22300593103,-3.95905721581,-4.15403313778,-0.337578375202,,,,,,,,,,,,,,,,,,,4.28740121726,,4.90172941765,-4.08719521939,,,,,,,2.77496404502,0.153893685178,,,1.61574507314,,,,0.5490733694
LEAN05M,"AOC1",ENSG00000002726,13.763916,,3.39653658383,,,,0.674220243205,,,7.07624436256,-3.89580158118,-3.28945215999,-0.496842953311,,,,,,,,,,,,,,,,,,,5.68567485062,,6.58582269967,-4.0462551018,,,,,,,4.62575672732,0.981143011792,,,-0.147415150264,,,,-0.601352880842
LEAN05,"AOC1",ENSG00000002726,16.711594,,3.72317641879,,,,0.740721102521,,,7.98251672022,-5.13047178628,-4.65466705207,-0.583052957662,,,,,,,,,,,,,,,,,,,6.79892141943,,7.90912667662,-5.30612187298,,,,,,,5.20569958777,0.866181796741,,,0.537784497583,,,,-0.223216103738
LEAN06B,"AOC1",ENSG00000002726,23.112124,,5.16574354448,,,,0.431455134834,,,9.7919931334,-6.39231638458,-5.94376064384,-1.45343082879,,,,,,,,,,,,,,,,,,,9.04121511263,,9.97445754204,-6.6316162107,,,,,,,6.15102034342,0.304049628614,,,0.920874799142,,,,0.578770701363
LEAN06F,"AOC1",ENSG00000002726,15.907069,,3.45249481967,,,,-0.681692608903,,,6.9673929718,-4.95652831175,-4.71719218672,-1.87261946179,,,,,,,,,,,,,,,,,,,6.61208154281,,7.25940740566,-5.11946807131,,,,,,,4.16362520678,-0.807656793093,,,1.04546717944,,,,0.699068955061
LEAN06M,"AOC1",ENSG00000002726,18.287569,,4.66222717787,,,,1.91373346076,,,8.17130133849,-4.68938310524,-4.19345682794,0.104769553553,,,,,,,,,,,,,,,,,,,7.26370557436,,8.07149349691,-4.90229098369,,,,,,,5.46712106291,1.86295404961,,,0.154430845809,,,,0.0270731866993
LEAN06,"AOC1",ENSG00000002726,29.299686,,5.33668619067,,,,1.21813334555,,,10.129491366,-6.34976852908,-5.80884512933,-0.835633888764,,,,,,,,,,,,,,,,,,,9.18623953422,,10.1987893602,-6.61952871419,,,,,,,6.5316453486,1.13445774023,,,0.708781580065,,,,0.426883001084
