code,target,ENSEMBL,association,Adipose_Subcutaneous,Adipose_Visceral_Omentum,Breast_Mammary_Tissue,Muscle_Skeletal,DGN_Whole_Blood,Whole_Blood,Artery_Aorta,Artery_Coronary,Artery_Tibial,Heart_Atrial_Appendage,Heart_Left_Ventricle,Spleen,Brain_Amygdala,Brain_Anterior_cingulate_cortex_BA24,Brain_Caudate_basal_ganglia,Brain_Nucleus_accumbens_basal_ganglia,Brain_Putamen_basal_ganglia,Brain_Cerebellar_Hemisphere,Brain_Cerebellum,Brain_Cortex,Brain_Frontal_Cortex_BA9,Brain_Hippocampus,Brain_Hypothalamus,Brain_Spinal_cord_cervical_c-1,Brain_Substantia_nigra,Nerve_Tibial,Cells_Transformed_fibroblasts,Cells_EBV-transformed_lymphocytes,Colon_Sigmoid,Colon_Transverse,Esophagus_Gastroesophageal_Junction,Esophagus_Mucosa,Esophagus_Muscularis,Liver,Minor_Salivary_Gland,Small_Intestine_Terminal_Ileum,Stomach,Adrenal_Gland,Pituitary,Pancreas,Thyroid,Lung,Ovary,Prostate,Testis,Uterus,Vagina,Skin_Not_Sun_Exposed_Suprapubic,Skin_Sun_Exposed_Lower_leg
ANOR02,"DALRD3",ENSG00000178149,13.737383,-3.66520706232,-3.77227461925,-5.53412585478,-1.57201864507,-1.2964185404943513,,,-1.46257516977,-1.10115391605,,,,,,,,,,-0.953586220991,-3.33577677863,,,,,,-3.26166377653,-4.74043763824,,,,-0.648288366103,-5.87379912652,,-1.57212993697,,,,,,-4.18287685667,-1.4974423497,,,-1.09704484603,,,,-7.6995907975,-4.3610102606
ANOR05,"DALRD3",ENSG00000178149,12.093299,-3.0934006111,-3.20474662673,-4.04916580899,-1.6919101675,-0.8997798740102201,,,-1.03120290405,-0.403726964539,,,,,,,,,,-0.45814730087,-3.0247169004,,,,,,-2.84041559052,-4.04363567706,,,,-0.299669769927,-5.40360668312,,-0.379739745929,,,,,,-3.5663507862,-1.15427540506,,,-1.81963032796,,,,-7.30753647472,-5.0013087808
BFPC02B,"DALRD3",ENSG00000178149,4.198391,2.04981900096,2.25244586694,2.95780824658,-0.349439735448,1.771756935684725,,,1.96549889271,-0.170524139323,,,,,,,,,,0.594577690996,3.30078334657,,,,,,2.34083674513,3.24688312518,,,,1.0307359675,3.27310933037,,1.95068545883,,,,,,3.0453544997,1.30013018275,,,2.15857109125,,,,4.72413243244,3.16061050689
BFPC03B,"DALRD3",ENSG00000178149,4.346084,2.04315533259,2.25332352834,2.98190457631,-0.409534576466,1.8022820955419752,,,2.02309009756,-0.124188247008,,,,,,,,,,0.559224049404,3.21877189246,,,,,,2.32799850296,3.25126138256,,,,0.914480825297,3.30043968999,,2.00515788403,,,,,,3.07394862594,1.29355101038,,,2.10158623409,,,,4.72727720666,3.05640056764
BFPC04B,"DALRD3",ENSG00000178149,7.464099,2.3268288691,2.55419607986,3.2072388059,-0.28254016136,3.1868638539956224,,,2.63830849067,-0.300956344689,,,,,,,,,,0.770860048685,1.72088299783,,,,,,2.48421641735,3.53348630054,,,,0.337531647099,3.77884497418,,2.82242383518,,,,,,3.32008283706,0.951076137929,,,2.24125732402,,,,5.63916183954,4.09699324424
BFPC04M,"DALRD3",ENSG00000178149,5.824894,2.01021010421,2.30487764119,2.75049203861,0.210001981831,2.1721705245122154,,,2.20528704627,0.0753965004058,,,,,,,,,,0.697424338254,1.42608220069,,,,,,2.12813108815,3.04514341044,,,,0.0573842622503,3.13747667052,,2.3004101944,,,,,,2.84080453325,1.26441613332,,,1.7820626562,,,,4.58835426654,4.03668543695
BFPC04,"DALRD3",ENSG00000178149,7.027978,2.36370444443,2.55724233965,3.18910235877,-0.271296989672,3.3077619696657483,,,2.643052908,-0.326280675116,,,,,,,,,,0.828510990182,1.76301164077,,,,,,2.51967345457,3.50904330453,,,,0.494300251361,3.80890511295,,2.8458742607,,,,,,3.32799942132,0.860828944361,,,2.22504421812,,,,5.6092272321,3.86189546633
BLOO04,"DALRD3",ENSG00000178149,21.047857,-2.30197934616,-2.48287021647,0.123956741951,0.179563982468,-10.22383790317781,,,-4.88833079157,-4.02232473,,,,,,,,,,-4.40683889044,1.08629202975,,,,,,-3.46063852048,1.90517413821,,,,-3.47656283374,0.811945371629,,-6.16468203111,,,,,,-2.42307766255,-0.0971593844181,,,-3.66068809474,,,,7.75791749753,0.276014299616
BLOO07,"DALRD3",ENSG00000178149,11.649229,5.44467240418,5.44491619303,5.00244527489,2.5132711741,2.965729025615022,,,4.49899393358,1.83166636266,,,,,,,,,,4.79261283351,5.10914109171,,,,,,5.70900235428,4.92137997975,,,,4.96473836478,5.58952118997,,4.11891270598,,,,,,4.43239562824,3.75034234934,,,0.646894937177,,,,2.94988086234,-0.208370036795
BLOO16,"DALRD3",ENSG00000178149,11.723745,5.75137798502,5.75007844794,5.38490056197,2.6335561121,3.6944469977572534,,,4.45497914962,2.04701623836,,,,,,,,,,4.87541241698,5.39459061203,,,,,,5.9117893714,5.38566128653,,,,5.17854174117,5.93173421201,,4.13300213659,,,,,,4.58670631225,3.60040980047,,,1.00424399244,,,,3.44660898394,-0.199997299582
BLOO17,"DALRD3",ENSG00000178149,9.662361,5.11039740092,5.04181301896,4.66082205136,2.89731999926,3.0493181465475665,,,4.46266708221,1.78966549113,,,,,,,,,,4.71710389466,5.03335642417,,,,,,5.50424365732,4.41883955776,,,,5.0686064828,5.14472160504,,3.89303367527,,,,,,4.05659268631,3.85498688435,,,1.22883652238,,,,2.36044146925,-0.0987210055911
BLOO18,"DALRD3",ENSG00000178149,7.589611,4.56777333677,4.47130223485,4.19059151362,2.29159684064,2.911778697773326,,,4.1580759278,1.33224936786,,,,,,,,,,4.25486389374,4.69773700013,,,,,,5.00731331147,3.94658609826,,,,4.6284410784,4.56706244976,,3.49314730474,,,,,,3.56780177198,3.4741309625,,,1.22417774759,,,,1.79139328795,-0.55288995424
BLOO21,"DALRD3",ENSG00000178149,26.440944,-2.44447894506,-2.46461448033,-0.0271581476849,0.491091939536,-7.255627173260801,,,-4.94002708319,-3.85364608817,,,,,,,,,,-4.69630601992,0.792794898899,,,,,,-3.70809079218,1.99358814749,,,,-3.75182513428,0.800710007937,,-6.05857632522,,,,,,-2.05570287285,-0.262382660496,,,-4.20626334261,,,,8.36422704545,0.977760765807
BLOO22,"DALRD3",ENSG00000178149,24.667400,-2.23007012314,-2.25946365292,0.111900924728,0.663648433359,-7.089377841645648,,,-4.48417504079,-3.71090363053,,,,,,,,,,-4.23102640703,1.01829377774,,,,,,-3.39478456689,2.21181133295,,,,-3.26933660514,0.869099332763,,-5.85102228496,,,,,,-1.72929859402,-0.025335854053,,,-3.92664366488,,,,8.10782359832,0.592864373275
BLOO23,"DALRD3",ENSG00000178149,12.333463,-1.67385296581,-1.43873958939,-0.29577037476,0.745246743966,-4.2932075522034445,,,-2.55243544267,-2.18203598033,,,,,,,,,,-2.64673297771,0.330788786061,,,,,,-2.3990235208,1.96804652265,,,,-2.03487841587,0.377510548484,,-3.71093104619,,,,,,-0.194162318935,-0.0250588906713,,,-2.97459220098,,,,5.68852340924,0.238413658392
BLOO26,"DALRD3",ENSG00000178149,13.130182,-4.29828764511,-4.35864260087,-3.72009434022,-4.18945933733,-2.884302947114332,,,-6.26670528197,-3.15141413585,,,,,,,,,,-5.87685836838,-3.51960630026,,,,,,-5.11006873303,-3.86325707835,,,,-7.04980732508,-1.88653886857,,-4.67800054785,,,,,,-4.15881046524,-5.6073812004,,,-2.55053310748,,,,2.09088083831,2.61461105224
BLOO27,"DALRD3",ENSG00000178149,14.668552,-4.288191171,-4.278447159,-3.66617081564,-3.96241922654,-2.9230203790834097,,,-6.13786091638,-3.25029782831,,,,,,,,,,-5.83037051676,-3.30292164774,,,,,,-5.00545111989,-3.40439936201,,,,-6.72042495125,-1.88896313609,,-4.5223829173,,,,,,-3.96422923595,-5.47852109815,,,-2.47405062508,,,,2.23430304374,1.7565566735
BLOO31,"DALRD3",ENSG00000178149,8.266955,-4.82509922972,-4.73862465269,-4.49319722716,-2.60014250944,-2.9889253230726656,,,-4.18943941516,-1.52707490197,,,,,,,,,,-4.27897269096,-4.9078393246,,,,,,-5.12558403918,-4.35468067993,,,,-4.71662451955,-4.89325064199,,-3.63303217435,,,,,,-3.8137263466,-3.20680193136,,,-1.60118842026,,,,-2.36506323986,0.611310428886
BLOO33,"DALRD3",ENSG00000178149,6.310318,3.8345254162,3.8006884381,3.2657528354,2.78608802324,1.7614716858219357,,,3.09547965179,3.16990888615,,,,,,,,,,3.57998508555,3.47108249025,,,,,,3.70237569121,2.71293648416,,,,3.76844680582,2.22193687352,,2.69269768561,,,,,,1.87902063878,3.84967265625,,,1.29486571212,,,,-0.213965604969,-1.42075084269
BLOO36,"DALRD3",ENSG00000178149,22.232102,-2.68617079212,-2.85089628881,-0.134810703195,-0.130375267966,-8.083052612579635,,,-5.60470767081,-4.32516817195,,,,,,,,,,-5.16365721472,0.778050032408,,,,,,-4.00113056283,1.59492746325,,,,-4.29796277533,0.694354260214,,-6.65874442106,,,,,,-2.90205126486,-0.490504657994,,,-4.16912847003,,,,8.19732108925,0.818015010827
BODY08B,"DALRD3",ENSG00000178149,12.883558,-1.26627375659,-0.834675819589,-0.63104091931,-2.97013710328,1.3575786574298907,,,0.321431911451,-3.22060016886,,,,,,,,,,-2.4371713488,-1.7020069003,,,,,,-1.52984107805,0.0218371613585,,,,-3.73930519665,0.357353083113,,0.665966963745,,,,,,-0.425800823725,-1.24249357943,,,0.426018401093,,,,3.05513973376,2.52551136988
BODY08F,"DALRD3",ENSG00000178149,5.843178,-1.56290985044,-1.4696659861,-1.17991507793,-2.42257080163,0.7814333284657158,,,-0.702242854916,-2.59134107717,,,,,,,,,,-2.48293059919,-1.49382646403,,,,,,-1.77290393317,-0.814811242366,,,,-2.72585085477,-0.133779667562,,-0.200568853872,,,,,,-1.27172296774,-1.4374695375,,,0.354341555747,,,,2.4582398883,1.54364678802
BODY08M,"DALRD3",ENSG00000178149,5.947575,-0.402625590723,0.110114053151,0.143256308219,-2.00848184075,1.1954141057574441,,,1.04264950493,-2.20889666154,,,,,,,,,,-1.22534454457,-1.05908139841,,,,,,-0.58618600236,0.727522552221,,,,-2.80456846533,0.605980066311,,1.0893246268,,,,,,0.502967612024,-0.477705868775,,,0.288066116796,,,,2.09477995794,2.15075971114
BODY08,"DALRD3",ENSG00000178149,11.978728,-1.35329665726,-0.981739857844,-0.737713559605,-2.95003040332,1.2473305283427814,,,0.0871157930499,-3.25210678607,,,,,,,,,,-2.57946015568,-1.70808516996,,,,,,-1.62569308034,-0.114343112465,,,,-3.69580086283,0.369106356248,,0.498274201603,,,,,,-0.569959942753,-1.35047178334,,,0.412221523869,,,,3.21734940393,2.56304311181
CROH01,"DALRD3",ENSG00000178149,4.451009,-2.48186387336,-2.28110714522,-3.10748132315,-1.1185576875,-0.8354950825193468,,,-1.97764930313,-2.10582240968,,,,,,,,,,-1.05217967849,-1.57619208425,,,,,,-1.74918255635,-3.29478693119,,,,0.0350722185021,-3.41483922085,,-1.70702857978,,,,,,-2.39739437564,-0.711593585794,,,-1.69617864068,,,,-4.79396869177,-1.6869975954
EDUC01F,"DALRD3",ENSG00000178149,6.848324,0.358900468625,0.190632165037,-0.528178825997,2.63859449604,-0.5685256841581415,,,0.146652283182,-0.430827667441,,,,,,,,,,2.01435702039,0.76874319117,,,,,,0.705187464504,-0.424422482571,,,,2.76801956875,-1.17621273504,,-0.568650985732,,,,,,-0.259140316535,1.17141493008,,,-2.29054293717,,,,-3.29235369652,-1.99905785172
EDUC01,"DALRD3",ENSG00000178149,9.609188,0.902513255506,0.627093203607,-0.558849850919,3.31283843665,1.510969871943161,,,1.52980719401,-0.250083435235,,,,,,,,,,3.15182746356,0.747143656002,,,,,,1.78380699181,0.0647563876349,,,,4.69153660934,-1.22748751932,,0.385214232099,,,,,,1.25514475277,1.68214775592,,,-3.65017905565,,,,-4.42664716904,-3.93512992171
EDUC03,"DALRD3",ENSG00000178149,21.457610,1.98222804057,1.74783847172,0.603671773275,5.7821671363,0.4059332617873638,,,2.46612942836,0.478719244007,,,,,,,,,,5.45082862216,2.98057689026,,,,,,3.51094191224,0.79973566632,,,,7.76120822617,-0.551257322015,,0.191659307065,,,,,,2.3164906437,4.30170943939,,,-4.20182567475,,,,-6.07325317546,-4.00217142599
FATM04B,"DALRD3",ENSG00000178149,6.538396,2.00805558805,2.32847894757,2.62119830049,-1.48784582985,3.4187061888088124,,,2.44626881961,-0.874114988588,,,,,,,,,,0.567542738783,1.10507414089,,,,,,2.0275049926,2.93624263149,,,,0.0376522818775,3.15627740958,,2.86414491481,,,,,,2.36690609371,0.290350336233,,,1.63431223562,,,,4.47107658208,3.39215070074
FATM04,"DALRD3",ENSG00000178149,6.200611,1.91910760697,2.19440239278,2.48250545593,-1.53080648535,3.4388224360872033,,,2.29437816049,-0.918757031938,,,,,,,,,,0.493401156045,1.12890621153,,,,,,1.92438135725,2.79256132742,,,,0.0949848941107,3.09886942155,,2.78405226231,,,,,,2.23981302437,0.136212693149,,,1.57897914081,,,,4.44901634061,3.15401098584
INFB01,"DALRD3",ENSG00000178149,9.456913,-0.878653367647,-0.639942652835,-2.32682050367,1.18552860023,0.25244892921141715,,,0.212703207285,-0.309030242332,,,,,,,,,,1.43392827214,-0.739250422565,,,,,,-0.170924561204,-1.92876448374,,,,2.06111964559,-3.19198739701,,-0.00472460766466,,,,,,-1.28934933407,1.33263324185,,,-1.06011959586,,,,-5.47336814381,-1.75675098341
LONG03,"DALRD3",ENSG00000178149,5.674833,3.19764322197,3.23934860152,2.60699054727,3.8180894534,2.973549820861933,,,3.69574254095,3.70311508836,,,,,,,,,,3.56788872658,1.74049057536,,,,,,3.43850739163,2.10670646619,,,,3.15569262247,1.97156812359,,3.52532668196,,,,,,2.07557738496,3.24193556367,,,1.8713369261,,,,-0.885619156295,0.466096517477
MENA02F,"DALRD3",ENSG00000178149,15.223960,-1.71458770347,-2.09856558559,-1.11719450759,-7.29633375096,-1.4131057154645568,,,-5.66128613454,-3.15705361477,,,,,,,,,,-4.97604604496,-1.81755652572,,,,,,-2.928933073,-1.85962164314,,,,-4.53988930551,-0.304628065875,,-3.06734399978,,,,,,-3.71626527151,-4.86268690154,,,-2.55066854726,,,,1.98706950929,-0.274908498819
OSTE04,"DALRD3",ENSG00000178149,8.347464,5.11717843762,5.20401126811,5.00264303746,3.76448270837,2.8505170499666845,,,5.53662998633,2.9221112887,,,,,,,,,,4.0369324558,5.68085691691,,,,,,5.0675956594,5.48400972839,,,,3.97803602208,4.92426364055,,4.33899374201,,,,,,5.41192838893,4.00486724751,,,4.07235592792,,,,3.69700347439,0.701414420237
PRSC01,"DALRD3",ENSG00000178149,10.057114,3.08205683322,2.79144380893,1.8422972971,1.3107795006,3.811679666417398,,,3.68269295287,1.44923936224,,,,,,,,,,4.93649492951,1.41427497474,,,,,,3.4895182732,0.937909933731,,,,4.51439398617,0.450031929488,,4.3789931915,,,,,,3.22433691448,0.739736095689,,,0.474093502567,,,,-4.29323595365,-2.96977478763
ULCC01,"DALRD3",ENSG00000178149,6.582462,0.640677333904,0.79459793942,-1.02171757814,2.78691733606,0.8874067098311381,,,1.64188030263,1.30378923956,,,,,,,,,,2.87347831491,-0.146833891585,,,,,,1.03511623416,-0.195023998308,,,,2.81754236888,-1.61470617105,,0.974737101566,,,,,,0.192493600355,2.27598966922,,,-0.142227861856,,,,-4.10909653288,-1.14560408848
WHIP03,"DALRD3",ENSG00000178149,3.697907,2.90575024688,3.46449499674,2.59720084755,1.4679645339,4.725740485058755,,,3.17077992171,2.02926953773,,,,,,,,,,2.50010544748,1.36679896105,,,,,,3.35179151004,3.50346129606,,,,1.6472964423,2.99661238927,,1.85105784945,,,,,,3.08017538015,3.25134495307,,,0.486356267855,,,,1.53646076415,0.561954957603
WHIP05,"DALRD3",ENSG00000178149,6.288758,4.09517165348,4.70368220518,3.92307746392,2.72357723965,4.663314771510659,,,4.23252275431,3.00817953843,,,,,,,,,,3.38666353524,2.52856238029,,,,,,4.33945944078,4.85466435695,,,,2.87057992825,4.03583494793,,3.01383933138,,,,,,4.0987655124,3.92082211172,,,1.90955006776,,,,2.48471606181,-0.152227270129
WHIP06,"DALRD3",ENSG00000178149,5.702590,4.01664804764,4.69125961735,3.84785352463,2.67135348249,4.59214396805698,,,4.10718327437,2.9504986686,,,,,,,,,,3.32522244313,2.4315701023,,,,,,4.25075706955,4.7771104163,,,,2.80197244918,3.95844889227,,2.96274329162,,,,,,3.98537909944,3.813171634,,,1.69604128508,,,,2.43707239124,-0.149308341553
