code,target,ENSEMBL,association,Adipose_Subcutaneous,Adipose_Visceral_Omentum,Breast_Mammary_Tissue,Muscle_Skeletal,DGN_Whole_Blood,Whole_Blood,Artery_Aorta,Artery_Coronary,Artery_Tibial,Heart_Atrial_Appendage,Heart_Left_Ventricle,Spleen,Brain_Amygdala,Brain_Anterior_cingulate_cortex_BA24,Brain_Caudate_basal_ganglia,Brain_Nucleus_accumbens_basal_ganglia,Brain_Putamen_basal_ganglia,Brain_Cerebellar_Hemisphere,Brain_Cerebellum,Brain_Cortex,Brain_Frontal_Cortex_BA9,Brain_Hippocampus,Brain_Hypothalamus,Brain_Spinal_cord_cervical_c-1,Brain_Substantia_nigra,Nerve_Tibial,Cells_Transformed_fibroblasts,Cells_EBV-transformed_lymphocytes,Colon_Sigmoid,Colon_Transverse,Esophagus_Gastroesophageal_Junction,Esophagus_Mucosa,Esophagus_Muscularis,Liver,Minor_Salivary_Gland,Small_Intestine_Terminal_Ileum,Stomach,Adrenal_Gland,Pituitary,Pancreas,Thyroid,Lung,Ovary,Prostate,Testis,Uterus,Vagina,Skin_Not_Sun_Exposed_Suprapubic,Skin_Sun_Exposed_Lower_leg
ANOR02,"STX19",ENSG00000178750,3.050576,-3.94972638676,-3.86543345737,-4.22727085774,,,,-4.26700786376,-3.56283292179,-5.03624212357,-4.77341068644,,-2.72833569981,-3.77234691206,,,-4.30338095262,,,,,,-3.76126688947,,,-4.0696776738,-3.03604959332,-3.98690417847,-4.91586985171,-4.45639631822,,-3.68491952196,,-4.14162066549,,,,,-4.21374701967,-4.48595751084,,-3.99230526691,,-3.50909241501,,-4.11175236045,-2.89228415962,,3.48412060575,
ANOR05,"STX19",ENSG00000178750,2.527039,-3.35433491808,-3.47164554743,-3.77744190108,,,,-3.87439147818,-3.09563207521,-4.78844217852,-4.18351287038,,-2.20071884431,-3.63967692322,,,-3.93637416362,,,,,,-3.2553323374,,,-3.65050477525,-2.81806232423,-3.62126969679,-4.21601343191,-3.59136798254,,-3.34946756154,,-3.83907548135,,,,,-3.70038309179,-4.29761241268,,-3.61516370389,,-3.28053955115,,-3.66485984859,-2.58031294833,,2.70997508991,
BFPC02B,"STX19",ENSG00000178750,3.507184,3.23639378426,4.02063289186,4.35680503736,,,,4.22979062235,4.15652570819,4.62697378793,3.19235611921,,2.67714493687,3.53366540166,,,3.95009639991,,,,,,3.20324553686,,,4.11463802114,4.74450174644,3.9286816595,3.09621725736,3.0334328752,,3.81726809471,,3.93540912184,,,,,4.0051957239,4.14845934682,,4.03035143906,,2.63811760952,,3.84394129007,1.22294099279,,-2.24707737688,
BFPC04B,"STX19",ENSG00000178750,12.142047,5.21024560029,6.28763025743,7.63017295944,,,,6.90387642894,6.82818521606,7.33757636134,5.92762506287,,4.34566217333,5.61658361689,,,6.15949038683,,,,,,6.18807885255,,,6.031628952,6.01946761526,6.19668762905,7.06329727259,4.41296172141,,5.72443237299,,6.22397835917,,,,,6.09666226997,5.96132817471,,6.37486319056,,3.81898806974,,6.08748413681,2.67727876918,,-3.98750122202,
BFPC04M,"STX19",ENSG00000178750,8.024674,4.44032154448,5.41958336071,6.5802971928,,,,5.88527171027,6.05312252924,6.31916613195,4.77169488572,,4.33014940638,4.57363348923,,,5.17697419681,,,,,,5.86409447537,,,5.21981626631,5.03183402003,5.15546382507,5.8845660649,4.76055062793,,4.86209568546,,5.61166885057,,,,,5.12477517131,5.33621996931,,5.30605063778,,2.62044674307,,5.16355622835,2.73601328528,,-3.9120623874,
BFPC04,"STX19",ENSG00000178750,11.713005,5.0667285808,6.10686597671,7.40268332061,,,,6.70703612455,6.57290601581,7.13674821551,5.8555576545,,4.07666275956,5.52133397338,,,6.01602857165,,,,,,5.84378826084,,,5.84430448496,5.87868885454,6.06579640816,6.89772998768,4.05483872102,,5.5718828394,,5.95603975404,,,,,5.94827033039,5.7583667843,,6.23591064936,,3.89471816902,,5.92362546913,2.46924977769,,-3.74026414041,
BODY08B,"STX19",ENSG00000178750,10.861603,4.6307129919,6.01900974231,7.66590914085,,,,6.8260204956,6.99419423306,6.89393947593,5.7798114248,,4.7677165417,5.52773999883,,,5.80100941525,,,,,,6.0479841182,,,6.30996903461,5.95767385816,5.9626767076,6.47508071737,4.18447276201,,5.3977703886,,5.89658888299,,,,,5.83854288041,5.70310450356,,6.18089633476,,3.51626871952,,5.9581122675,1.22126514231,,-4.08816649611,
BODY08M,"STX19",ENSG00000178750,8.119781,3.98128724887,5.1729625055,6.67953469613,,,,5.52252740939,5.90943985776,5.70371077519,4.62188621966,,3.97217720122,4.29793904807,,,4.76567005415,,,,,,5.42480167693,,,5.1226709408,4.83026696386,4.91719370619,5.71245595407,4.1875671487,,4.56575001869,,4.99481627608,,,,,4.82321451394,4.81055444044,,5.05754784107,,2.61854669878,,4.96080548055,1.34134605359,,-3.9812881474,
BODY08,"STX19",ENSG00000178750,11.275659,4.38937482032,5.76396711077,7.360794771,,,,6.63284623364,6.72440400575,6.69655024703,5.62672751323,,4.64237892323,5.39413563636,,,5.60416766508,,,,,,5.71170474484,,,6.12480343724,5.77907283628,5.76234968156,6.13484925477,3.86593688588,,5.16519686925,,5.6516457761,,,,,5.64122098151,5.49698560918,,5.98367246117,,3.47817807174,,5.72763168345,1.01909556416,,-3.84315483057,
EDUC03,"STX19",ENSG00000178750,4.701758,-4.7284095704,-4.77542674323,-4.62340932733,,,,-4.80431184885,-4.73238038954,-5.89450179421,-4.45585672997,,-2.97618287733,-4.7375474575,,,-4.44321941937,,,,,,-4.36077019234,,,-4.31704401404,-4.21241472818,-4.56798280112,-4.01049354526,-4.25857108249,,-4.37116613879,,-4.72583126121,,,,,-4.49274381439,-4.46678752328,,-4.75265176161,,-3.37228833579,,-4.67131857515,-2.8909469781,,0.265972747249,
FATM02B,"STX19",ENSG00000178750,3.902708,3.39875660986,4.3448539904,4.81983190038,,,,4.62434024109,4.63497969544,4.76682851009,3.66975077008,,3.11729592877,3.82758255033,,,4.28172353469,,,,,,3.61228527152,,,4.51450428988,4.87461917812,4.31876097311,3.30081844471,3.28714859117,,4.16579338837,,4.24661901747,,,,,4.33196668083,4.27047416751,,4.4151792199,,2.9137563183,,4.2437160789,1.05687496254,,-2.2746129311,
FATM03B,"STX19",ENSG00000178750,3.671967,3.28678097805,4.22926788128,4.65124154632,,,,4.51774613822,4.50400011661,4.58160601119,3.56676728235,,3.0797816914,3.78743388183,,,4.15802491214,,,,,,3.49727080854,,,4.43642327889,4.78166614838,4.20583158079,3.13963724704,3.17201578957,,4.05886708889,,4.12998515067,,,,,4.23334546858,4.24916117161,,4.29223709053,,2.85521183171,,4.1357054756,0.891061344492,,-2.25762108148,
FATM04B,"STX19",ENSG00000178750,11.092513,4.83867391716,6.14678760072,7.73190781856,,,,6.94166960951,6.84304204447,7.22459507443,5.91533107473,,4.58854496895,5.55066402304,,,6.04782727496,,,,,,6.1401206442,,,6.07871588625,5.81338568095,6.13888954913,6.8681443028,4.11740455219,,5.62140899321,,6.12418111166,,,,,6.06767741257,5.95991051,,6.34831969159,,3.81428196199,,6.03225061512,1.99072092186,,-3.93069789929,
FATM04M,"STX19",ENSG00000178750,8.461426,4.38043338487,5.60507557489,7.11002666189,,,,6.07794059197,6.32641749197,6.42389899125,5.06145700843,,4.55474935881,4.65832396497,,,5.26095653484,,,,,,6.11399355035,,,5.34861139123,5.03895830401,5.37466903017,6.20659845996,4.57998330823,,5.02978226023,,5.63830455986,,,,,5.32279846209,5.3284668342,,5.54869278798,,2.85687933943,,5.37776813272,2.14924560845,,-4.21414332327,
FATM04,"STX19",ENSG00000178750,11.167051,4.61327260062,5.85710278808,7.3732478909,,,,6.6769738412,6.49006473232,6.95655719878,5.72431919156,,4.30206878152,5.38556874199,,,5.82360033751,,,,,,5.69106641319,,,5.84378293238,5.61060558805,5.90325644087,6.54466960353,3.72119439319,,5.36567007566,,5.79941172238,,,,,5.83341228176,5.73604371347,,6.10717596097,,3.792479758,,5.76551822066,1.76085582002,,-3.61993926601,
LEAN06M,"STX19",ENSG00000178750,3.046680,2.54221192197,3.308465749,4.99385463456,,,,3.67627999872,4.00364226826,3.8914100088,3.74775795076,,2.55929995405,2.95433037776,,,3.26479135909,,,,,,3.45583353229,,,3.39846186231,2.91332328185,3.5239683617,4.24082268719,1.95470760188,,3.2878870948,,3.28261375867,,,,,3.23856588652,2.90777810116,,3.70793920226,,2.40163476903,,3.6038894896,0.709661722289,,-2.23484824391,
LEAN06,"STX19",ENSG00000178750,4.872701,2.49017249704,3.24227806903,5.25532844909,,,,4.11606209929,4.09753623406,4.45536541421,3.99316128744,,2.7753572028,3.39640014647,,,3.47218325521,,,,,,3.17507858274,,,3.83664294417,3.11310282027,3.64555642792,4.23060777202,1.83711062213,,3.20193620345,,3.39473846197,,,,,3.37291270804,3.39300556007,,3.92666498081,,2.66333135516,,3.68552988624,0.275102991065,,-1.88389855976,
PHYS01F,"STX19",ENSG00000178750,4.945885,-3.5326755214,-4.07815416786,-3.36324208996,,,,-3.71736420537,-2.37291535198,-2.95524313729,-4.19593773939,,1.06419279849,-3.31605402398,,,-4.14607757087,,,,,,-2.31730889248,,,-3.07259026857,-3.15905563672,-4.15625651633,-3.00163105212,-3.95045695229,,-4.22342287729,,-3.88649537834,,,,,-4.20629277698,-3.07345565594,,-4.07732747028,,-4.98862986853,,-4.05011639378,-1.01437116109,,0.45450110297,
