code,target,ENSEMBL,association,Adipose_Subcutaneous,Adipose_Visceral_Omentum,Breast_Mammary_Tissue,Muscle_Skeletal,DGN_Whole_Blood,Whole_Blood,Artery_Aorta,Artery_Coronary,Artery_Tibial,Heart_Atrial_Appendage,Heart_Left_Ventricle,Spleen,Brain_Amygdala,Brain_Anterior_cingulate_cortex_BA24,Brain_Caudate_basal_ganglia,Brain_Nucleus_accumbens_basal_ganglia,Brain_Putamen_basal_ganglia,Brain_Cerebellar_Hemisphere,Brain_Cerebellum,Brain_Cortex,Brain_Frontal_Cortex_BA9,Brain_Hippocampus,Brain_Hypothalamus,Brain_Spinal_cord_cervical_c-1,Brain_Substantia_nigra,Nerve_Tibial,Cells_Transformed_fibroblasts,Cells_EBV-transformed_lymphocytes,Colon_Sigmoid,Colon_Transverse,Esophagus_Gastroesophageal_Junction,Esophagus_Mucosa,Esophagus_Muscularis,Liver,Minor_Salivary_Gland,Small_Intestine_Terminal_Ileum,Stomach,Adrenal_Gland,Pituitary,Pancreas,Thyroid,Lung,Ovary,Prostate,Testis,Uterus,Vagina,Skin_Not_Sun_Exposed_Suprapubic,Skin_Sun_Exposed_Lower_leg
BLOO04,"PIGQ",ENSG00000007541,15.853283,3.46413289535,1.28765797718,3.62984194535,,5.605999486710453,,,,2.40371512869,1.14749598404,,,,-4.20635098233,-6.54888580463,-2.24878029454,-6.5818360916,,,-6.67754444899,-4.78431383853,-5.46687916108,-5.85504251444,,,1.18905289267,,,,,-3.43529735499,,-5.31978310862,,,,,,,,6.68799422537,1.87039024326,,,,,,,3.50735738533
BLOO25,"PIGQ",ENSG00000007541,10.342887,1.85503322685,2.1278844541,2.96642738078,,3.849229194587954,,,,1.06819299383,0.921229054286,,,,-2.09581240837,-4.56670212171,0.215983150515,-5.24951122841,,,-5.05275739479,-3.28981700055,-3.67603416358,-3.6559557,,,1.33962710661,,,,,-3.51738844922,,-3.99852554188,,,,,,,,5.20797921824,2.31680008311,,,,,,,3.0387087277
BLOO33,"PIGQ",ENSG00000007541,5.713970,-0.755150122222,-0.667467843981,-1.17740989406,,-3.157541766749544,,,,1.66039404602,0.757696707974,,,,2.69171719827,4.04157612713,1.51100793893,3.49162272361,,,3.76176220193,2.60722899509,2.2570202087,3.03672513972,,,-0.163067571882,,,,,2.20137525247,,3.68620289907,,,,,,,,-3.55687844217,-1.97065364619,,,,,,,-0.997380852869
BLOO36,"PIGQ",ENSG00000007541,15.600309,2.8432418653,1.22607775539,3.39147351111,,5.189530515793522,,,,2.00333907893,0.789904853206,,,,-3.64767215257,-5.98085375124,-1.56644570499,-6.1354479966,,,-6.17624362501,-4.40631192234,-5.02113316277,-5.37526336233,,,1.12955998007,,,,,-2.99264667466,,-4.97452093028,,,,,,,,6.15794097637,1.5544881923,,,,,,,3.70283330725
HEIG03,"PIGQ",ENSG00000007541,8.934084,2.84224962884,1.3278944079,4.16798388329,,4.565374542700017,,,,0.146865130145,0.499515295313,,,,-4.75048486356,-6.14094618331,-2.28537064947,-4.85325520009,,,-5.17067120543,-4.62119360259,-4.95444009831,-5.86568918787,,,2.16068149197,,,,,-1.89211140804,,-4.34960712002,,,,,,,,5.3874276733,1.43150174002,,,,,,,2.8733332702
LEAN04B,"PIGQ",ENSG00000007541,3.294025,-0.717464341882,-1.03501853261,1.01128868401,,1.9640536401536395,,,,-1.20212266051,-1.83994817072,,,,-4.27624521383,-4.44956491034,-1.98902426955,-2.42323619398,,,-2.98718007565,-1.25285219852,-4.79193769643,-3.66749492543,,,-0.130772417928,,,,,-0.888426095646,,-2.77702137859,,,,,,,,3.47442446259,-0.440193660465,,,,,,,-0.42051725251
LEAN04,"PIGQ",ENSG00000007541,4.292106,-0.695160029069,-1.09282888018,0.976374413166,,2.2855907118684136,,,,-0.815646670084,-1.93083145579,,,,-4.47091981988,-4.8084863508,-2.01437041923,-2.56925890297,,,-3.18270282995,-1.59180599524,-4.99837312989,-3.89890453542,,,0.0442180402431,,,,,-1.28366710597,,-3.1570421678,,,,,,,,3.47423331972,-0.714369108828,,,,,,,-0.399278952375
LEAN05,"PIGQ",ENSG00000007541,4.349624,-0.702887786429,-1.10710372702,0.949896767423,,2.2409259379598567,,,,-0.954181335159,-1.92038300421,,,,-4.42247552657,-4.75839250044,-1.95427352636,-2.51443649227,,,-3.12255662872,-1.49855795306,-4.90512602979,-3.84345221293,,,-0.076513367969,,,,,-1.26338757879,,-3.13273809391,,,,,,,,3.41798428473,-0.7382477096,,,,,,,-0.401582762094
LEAN06B,"PIGQ",ENSG00000007541,7.566486,-1.23588780488,-2.04543303171,1.56520298164,,3.2241007052997555,,,,-0.418089427673,-3.48404218223,,,,-5.00285424462,-5.70390987168,-2.83663843476,-3.37014284909,,,-4.02693475568,-2.36891400984,-6.42682284129,-4.86310228512,,,-0.0141135919173,,,,,-1.13322147312,,-3.80538350241,,,,,,,,4.7500270622,-1.180742585,,,,,,,0.637719905405
LEAN06M,"PIGQ",ENSG00000007541,7.233067,0.0753109843003,-0.464347954013,1.47045621787,,3.981018190455248,,,,0.604389181567,-1.99300219234,,,,-5.56391934903,-5.89947865569,-2.85295079446,-3.84907575959,,,-4.30661804256,-2.63927449327,-5.74978980263,-4.95752636055,,,1.73853626429,,,,,-1.72338391263,,-3.25326899667,,,,,,,,4.39367872993,-0.334447314113,,,,,,,1.13294400962
LEAN06,"PIGQ",ENSG00000007541,8.686512,-0.76932468483,-1.55717895327,1.57764969947,,3.9677293522249255,,,,-0.115122398499,-3.18092782725,,,,-5.83959780725,-6.42478114033,-3.07856650905,-3.9282143773,,,-4.58798205131,-2.69776186378,-6.91705340565,-5.45069113104,,,0.776376125814,,,,,-1.51793870325,,-3.99228070808,,,,,,,,5.08456797252,-0.926497701734,,,,,,,0.835104561416
