code,target,ENSEMBL,association,Adipose_Subcutaneous,Adipose_Visceral_Omentum,Breast_Mammary_Tissue,Muscle_Skeletal,DGN_Whole_Blood,Whole_Blood,Artery_Aorta,Artery_Coronary,Artery_Tibial,Heart_Atrial_Appendage,Heart_Left_Ventricle,Spleen,Brain_Amygdala,Brain_Anterior_cingulate_cortex_BA24,Brain_Caudate_basal_ganglia,Brain_Nucleus_accumbens_basal_ganglia,Brain_Putamen_basal_ganglia,Brain_Cerebellar_Hemisphere,Brain_Cerebellum,Brain_Cortex,Brain_Frontal_Cortex_BA9,Brain_Hippocampus,Brain_Hypothalamus,Brain_Spinal_cord_cervical_c-1,Brain_Substantia_nigra,Nerve_Tibial,Cells_Transformed_fibroblasts,Cells_EBV-transformed_lymphocytes,Colon_Sigmoid,Colon_Transverse,Esophagus_Gastroesophageal_Junction,Esophagus_Mucosa,Esophagus_Muscularis,Liver,Minor_Salivary_Gland,Small_Intestine_Terminal_Ileum,Stomach,Adrenal_Gland,Pituitary,Pancreas,Thyroid,Lung,Ovary,Prostate,Testis,Uterus,Vagina,Skin_Not_Sun_Exposed_Suprapubic,Skin_Sun_Exposed_Lower_leg
BLOO06,"ENSG00000253320",ENSG00000253320,9.305342,4.92223734721,,,4.53063816122,,,5.17183166546,,5.50692762841,3.38982476715,,4.90432463565,,,,,,,-0.438450315973,,,1.26407311407,,,,1.8799058684,5.65990155334,-1.88900325666,5.45239953277,5.58155172648,5.50502283834,5.31759748151,5.77276506228,2.03849604517,,,1.29317335175,,3.01456635804,-1.55843669782,4.44292429584,4.76549045246,,,5.73546543461,,1.78317309037,5.27495968921,5.50008628355
BLOO09,"ENSG00000253320",ENSG00000253320,10.417459,4.91820986875,,,4.74320578088,,,5.32737939801,,5.66828070591,3.63626715272,,5.09904963147,,,,,,,-0.260260352689,,,1.15023968298,,,,1.93403575229,5.76433244794,-1.95882279599,5.64256456049,5.79563918963,5.66177966573,5.43332954481,5.92599277732,2.16842610444,,,1.47571646598,,3.39984108478,-1.30350900281,4.55977678859,4.90776036332,,,5.91415907248,,1.85193540675,5.44922609671,5.57698445045
BLOO10,"ENSG00000253320",ENSG00000253320,11.148375,4.9572333823,,,4.89441787941,,,5.47100120045,,5.7645207972,3.91188352007,,5.23067948133,,,,,,,0.0546965950715,,,1.1604527304,,,,1.85290598193,5.87504727185,-1.78114382488,5.62704296534,5.7812457134,5.72694174265,5.64366754254,5.92877272102,2.18675950954,,,1.41855422496,,3.49954662681,-1.31146808598,4.91077981028,5.15319121804,,,5.75985069207,,1.80851380314,5.64502115589,5.77142922956
BLOO12,"ENSG00000253320",ENSG00000253320,8.497819,4.52978967442,,,4.831791874,,,5.45098695259,,5.57072873576,4.46907590046,,4.87614368667,,,,,,,0.980577082634,,,0.811940479921,,,,1.44527905479,5.67762029098,-1.68210522299,5.28237535361,5.44776570252,5.41762819496,5.44282825346,5.45981226386,2.43111125134,,,1.74776330693,,3.81317369084,-0.811028640858,4.47451962351,5.01717673997,,,5.12793391732,,2.30450515188,5.52042218575,5.52231798061
BLOO13,"ENSG00000253320",ENSG00000253320,9.667077,4.86674133528,,,4.49156451591,,,5.18882726971,,5.52154965257,3.3976093219,,4.91220771386,,,,,,,-0.338412164265,,,1.18134986244,,,,1.96999050682,5.63927555436,-1.88162041751,5.46167448925,5.56240400331,5.49855507007,5.3193561218,5.77318844017,2.03808736455,,,1.21545898379,,3.04554751215,-1.51695684173,4.44775107981,4.77850375029,,,5.76010647679,,1.73487210942,5.2733117142,5.48623797008
BLOO19,"ENSG00000253320",ENSG00000253320,7.057818,3.38956559211,,,2.26260685819,,,2.54170465868,,3.15457749217,0.0461674324588,,2.55547095864,,,,,,,-2.47811050699,,,0.493018068514,,,,1.81478945586,2.8152564822,-1.35166448456,3.4587954553,3.34645019219,3.27459786881,2.33386275199,3.70646513774,0.261176713869,,,-0.0683885551801,,1.84611665263,-1.0971165525,1.10664499086,1.92655972982,,,4.42150733443,,0.0734109354217,2.38688138205,2.46449600259
BLOO23,"ENSG00000253320",ENSG00000253320,6.836242,-4.72661428086,,,-5.21958653421,,,-3.44257492697,,-4.64271204436,-4.08484377118,,-3.51516154531,,,,,,,-0.601074062827,,,0.0629969909187,,,,-2.75901311636,-5.03632430373,-0.523582022584,-5.02210083745,-4.86296172812,-4.94928350209,-4.34256464205,-5.17767339714,-2.07980914882,,,-3.33812954745,,-3.64629894157,-0.579187718959,-3.47799059881,-4.02936297112,,,-4.36121373773,,-0.983854963516,-4.73852379769,-4.23345576308
BLOO30,"ENSG00000253320",ENSG00000253320,11.133228,4.95267401532,,,4.78518302836,,,5.27714310325,,5.63086500437,3.59102157074,,5.0604892322,,,,,,,-0.392156447426,,,1.25266865559,,,,1.80222307297,5.7650337807,-1.99346090801,5.63148577566,5.7932860004,5.65764406459,5.3974512153,5.91642737619,2.098699149,,,1.51905176576,,3.37060373195,-1.34589541241,4.54071419605,4.86164956679,,,5.88510881784,,1.86264715946,5.42726923483,5.55461077309
BLOO32,"ENSG00000253320",ENSG00000253320,6.063728,3.47075248136,,,2.33637341164,,,2.56611718254,,3.22274547863,0.308693313772,,3.13157871844,,,,,,,-2.55898383579,,,1.49236090986,,,,2.106707053,3.2151917426,-1.44887484822,3.56803093401,3.33406562327,3.39139153637,2.91873607683,3.88065690101,0.352320890616,,,0.0290358375755,,0.799450480806,-1.795130719,2.62497111021,2.43943262253,,,4.3346038156,,-0.343783732504,2.76689723462,3.2161642275
