code,target,ENSEMBL,association,Adipose_Subcutaneous,Adipose_Visceral_Omentum,Breast_Mammary_Tissue,Muscle_Skeletal,DGN_Whole_Blood,Whole_Blood,Artery_Aorta,Artery_Coronary,Artery_Tibial,Heart_Atrial_Appendage,Heart_Left_Ventricle,Spleen,Brain_Amygdala,Brain_Anterior_cingulate_cortex_BA24,Brain_Caudate_basal_ganglia,Brain_Nucleus_accumbens_basal_ganglia,Brain_Putamen_basal_ganglia,Brain_Cerebellar_Hemisphere,Brain_Cerebellum,Brain_Cortex,Brain_Frontal_Cortex_BA9,Brain_Hippocampus,Brain_Hypothalamus,Brain_Spinal_cord_cervical_c-1,Brain_Substantia_nigra,Nerve_Tibial,Cells_Transformed_fibroblasts,Cells_EBV-transformed_lymphocytes,Colon_Sigmoid,Colon_Transverse,Esophagus_Gastroesophageal_Junction,Esophagus_Mucosa,Esophagus_Muscularis,Liver,Minor_Salivary_Gland,Small_Intestine_Terminal_Ileum,Stomach,Adrenal_Gland,Pituitary,Pancreas,Thyroid,Lung,Ovary,Prostate,Testis,Uterus,Vagina,Skin_Not_Sun_Exposed_Suprapubic,Skin_Sun_Exposed_Lower_leg
BFPC04B,"DESI1",ENSG00000100418,7.293470,2.02925211408,2.29798813293,3.42833412254,,,4.0333701381,2.26683260212,1.26466990457,1.43436897622,3.31709441421,,,,,,,,,,,2.91471920378,0.725127033812,,,0.556012294704,2.52541761862,,,2.78628322468,,,,2.76843668895,,,,4.55422864231,,,3.17568140016,,3.08576208133,,,,,,0.354773224031,3.46171767852
BFPC04,"DESI1",ENSG00000100418,8.723515,2.32455235383,2.55573951923,3.51299592264,,,4.22335380478,2.6024037451,1.6213681515,1.44677033865,3.36762375724,,,,,,,,,,,3.07730607648,0.719442590207,,,0.793497124631,2.46059950692,,,2.98969800779,,,,3.2100404818,,,,4.65781902906,,,3.1662867003,,3.29371074605,,,,,,0.771547711783,3.65210952645
BLOO11,"DESI1",ENSG00000100418,8.947268,0.173458839501,2.8085913291,2.89882619801,,,2.58939399387,-0.0209204617242,-0.231946629103,-0.0702084477776,0.876779899578,,,,,,,,,,,4.36670987159,4.23377267955,,,2.58486071309,1.13491742213,,,1.24560589248,,,,0.598228043844,,,,4.67614193235,,,3.83318200929,,1.79593879438,,,,,,1.19055619217,1.01041685786
BLOO18,"DESI1",ENSG00000100418,7.427256,0.492448471361,1.8228274564,2.55803568152,,,2.87877364748,-0.3961908193,0.482544308099,-0.327836503623,2.32137730808,,,,,,,,,,,3.40147077689,3.4084391973,,,2.73636387242,0.971675821827,,,2.46258362383,,,,-1.1535361272,,,,4.31389582043,,,2.45296041315,,1.68682285666,,,,,,1.07261246523,1.85476807316
BLOO24,"DESI1",ENSG00000100418,6.927713,0.362357138936,2.95900204322,2.4250828176,,,2.87755885227,0.412319059725,0.44943082829,0.625229497073,2.7513392069,,,,,,,,,,,3.70316992859,4.30028146593,,,1.28456282308,0.821498194902,,,1.36973134384,,,,0.735169863169,,,,5.04719733343,,,3.05391162956,,1.16378541942,,,,,,0.226495910634,1.68641875425
BLOO31,"DESI1",ENSG00000100418,6.990719,-0.632095628781,-2.37984571651,-2.60562837526,,,-3.02238647921,-0.159043165457,-0.997029420763,0.279798972055,-2.64024304511,,,,,,,,,,,-3.74625362396,-3.27800641329,,,-2.99563183584,-1.03045379074,,,-2.7346813091,,,,0.440444202687,,,,-4.75247270517,,,-2.67018760341,,-1.79160227485,,,,,,-1.20057243777,-2.35650070723
LEAN06B,"DESI1",ENSG00000100418,8.214179,4.6119492954,2.69483068444,1.55123117314,,,1.64178314301,4.32804917611,0.212486576205,2.32489204313,1.78217354927,,,,,,,,,,,0.949003115382,-1.47450209799,,,2.24390868262,1.68281961038,,,1.59411004717,,,,4.01113469671,,,,-1.68366121647,,,3.5582256018,,3.69435638979,,,,,,1.24967622182,2.12733431687
LEAN06,"DESI1",ENSG00000100418,6.758329,4.77305826588,2.3357723981,1.62638783574,,,1.30580664777,4.00681614209,0.210465445862,2.62345185873,1.39090463775,,,,,,,,,,,-0.0818361101966,-1.91267752516,,,1.71429534258,1.97455271292,,,1.43250637086,,,,3.71123464609,,,,-1.99645366351,,,3.09533323099,,3.49855004826,,,,,,0.978314355395,1.80268307685
REAS01,"DESI1",ENSG00000100418,2.582844,-2.92339235303,-4.01012796415,-1.8502661629,,,-3.10339255953,-3.05401282962,-2.59769451458,-0.0576791313283,-3.09550678766,,,,,,,,,,,-1.12104080441,1.40505167624,,,-3.74016185506,-2.26400808035,,,-3.52624518079,,,,-3.32158837749,,,,-1.83837515268,,,-2.52778839725,,-4.4555548191,,,,,,-5.21160008838,-3.75035666174
SCHI01,"DESI1",ENSG00000100418,3.210144,1.32216943584,2.55243946975,0.904360916682,,,0.364916683318,1.60231493011,1.00449230893,-0.599070112227,3.1082184322,,,,,,,,,,,1.39310272213,-2.73774628437,,,4.52435434998,0.746361196158,,,2.70348215892,,,,-0.00253261772413,,,,0.994398487903,,,3.01902288498,,3.07519482848,,,,,,5.57205143198,2.50351882177
SCHI02,"DESI1",ENSG00000100418,2.888872,1.05912305807,2.52839233815,0.791241292495,,,0.345491983142,1.71607674076,1.02953925402,-0.673411660001,3.22135467955,,,,,,,,,,,1.52068183736,-2.91924647385,,,4.52785045701,0.77199807314,,,2.82779478879,,,,-0.00206284429029,,,,0.962613077643,,,3.11834636129,,2.9418601453,,,,,,5.47908245008,2.70225081061
WEIG01,"DESI1",ENSG00000100418,4.586399,4.84396741471,4.95415487231,3.10393252335,,,3.12581094577,5.51504463264,3.35143513396,2.32006111475,3.01421945767,,,,,,,,,,,2.64565778507,-2.9726333598,,,3.18107255576,3.37140011988,,,4.71160344826,,,,4.87855823858,,,,3.6872076604,,,5.05364756053,,4.51467714636,,,,,,4.87131478238,4.88270537188
WEIG02,"DESI1",ENSG00000100418,4.381596,5.03017779082,2.44996221854,1.59598728669,,,2.02200545828,4.63250376489,1.72249399356,2.57223598914,2.61838027808,,,,,,,,,,,2.03943508892,-2.13002930175,,,2.6904801559,1.60334777285,,,3.28316055781,,,,4.66575940597,,,,2.16779911076,,,3.02965883599,,4.94213407153,,,,,,2.90046985105,3.61835056715
WEIG03,"DESI1",ENSG00000100418,1.238915,4.80016571191,2.27012347617,1.42079043849,,,1.55163765725,4.38802100911,1.78299393908,2.49581673604,2.36111534961,,,,,,,,,,,1.94119188635,-2.19355629225,,,2.4048201724,1.35836518887,,,3.22228079857,,,,4.77354266521,,,,2.06535058264,,,2.70548888185,,4.60275873963,,,,,,2.84703025334,3.48310284367
