code,target,ENSEMBL,association,Adipose_Subcutaneous,Adipose_Visceral_Omentum,Breast_Mammary_Tissue,Muscle_Skeletal,DGN_Whole_Blood,Whole_Blood,Artery_Aorta,Artery_Coronary,Artery_Tibial,Heart_Atrial_Appendage,Heart_Left_Ventricle,Spleen,Brain_Amygdala,Brain_Anterior_cingulate_cortex_BA24,Brain_Caudate_basal_ganglia,Brain_Nucleus_accumbens_basal_ganglia,Brain_Putamen_basal_ganglia,Brain_Cerebellar_Hemisphere,Brain_Cerebellum,Brain_Cortex,Brain_Frontal_Cortex_BA9,Brain_Hippocampus,Brain_Hypothalamus,Brain_Spinal_cord_cervical_c-1,Brain_Substantia_nigra,Nerve_Tibial,Cells_Transformed_fibroblasts,Cells_EBV-transformed_lymphocytes,Colon_Sigmoid,Colon_Transverse,Esophagus_Gastroesophageal_Junction,Esophagus_Mucosa,Esophagus_Muscularis,Liver,Minor_Salivary_Gland,Small_Intestine_Terminal_Ileum,Stomach,Adrenal_Gland,Pituitary,Pancreas,Thyroid,Lung,Ovary,Prostate,Testis,Uterus,Vagina,Skin_Not_Sun_Exposed_Suprapubic,Skin_Sun_Exposed_Lower_leg
ANKY01,"LYRM2",ENSG00000083099,0.043447,-0.0221801041957,,,,,,,2.55849998459,-3.95248667322,1.7169727746,,,,3.52748942375,0.784855554973,,,,,,,-0.420991493171,,-2.27265930176,,,2.01815691657,,,1.28810780309,,,,,,,,,-1.35205447674,,,,,,,,4.78216734832,,-1.24012163161
BLOO07,"LYRM2",ENSG00000083099,5.575968,2.70358741427,3.53204040647,,0.504655386867,4.064063138916459,,0.316866018594,4.91031185246,3.87431725896,3.41461388195,,1.88757949611,-0.404775294878,0.675583365595,0.482928293299,0.726509892033,0.212473622003,,,-0.113604840554,0.435174387247,0.322224090981,0.863084435733,0.737084732964,0.8081253568,1.66598331021,1.51859719497,,,0.0993954070383,2.76060555958,3.9966799339,2.89639548631,,,,,,1.43317119946,,0.0108888276008,1.17996251021,,,0.943732186154,,3.93053706405,2.4673569973,-0.115988925593
BLOO11,"LYRM2",ENSG00000083099,0.336591,1.37508384209,0.744725205146,,0.592608607859,0.9093173675848187,,0.284522130398,5.5382215037,0.697019843575,0.709838469141,,1.23213242359,-0.319262892356,0.380839786324,0.488442018837,0.795454171928,-0.829134167798,,,-0.169959044987,-0.229166123356,0.0882631233766,0.0719666476779,-0.837858024448,-0.0188605476249,0.848098643846,1.36768522685,,,-0.279513594807,1.60340932129,0.739905487901,1.36997701213,,,,,,-0.459079478299,,0.00502123477002,-0.0108098205973,,,-0.871343119004,,1.68888742783,1.98961038019,0.484265538956
BLOO16,"LYRM2",ENSG00000083099,5.630914,2.89574036526,3.58192800333,,0.551379194328,4.174483852103457,,0.354961214273,5.48142951938,3.86062782351,3.50401961454,,1.84446492408,-0.290589933405,0.779135975648,0.357817550086,0.883161123291,0.187746866628,,,-0.135807392754,0.423835043989,0.0787997783292,0.873946149962,0.826627295238,0.82187920599,1.81675037076,1.47577754147,,,0.299350915483,2.7307512635,3.98687993337,3.09087310482,,,,,,1.29220851698,,0.0982419414358,1.1525280709,,,0.993855884408,,3.95677719363,2.60133209321,0.112782783632
BLOO35,"LYRM2",ENSG00000083099,7.091006,2.54044356267,3.13766353656,,0.557305044292,3.7948779700439617,,-1.8462938745,1.91084818339,4.07449370047,2.01748320339,,2.61817819474,-0.7571288018,-0.82946529458,0.177731809679,-0.728516263082,-0.472044767268,,,-0.0230029050317,0.433079220653,0.577891651112,0.879168828593,0.280213109501,0.97108124176,1.5693867364,1.34437270362,,,-0.0655097288019,2.55856118506,3.70934779429,2.96125955937,,,,,,0.718368071197,,-0.282288246407,0.815365825376,,,0.556604987789,,-0.201204922565,0.592490826445,0.438889779786
BODY08B,"LYRM2",ENSG00000083099,6.834578,1.64066182977,0.47337339246,,0.498251124226,1.3293287960338966,,0.60480032099,1.94244762891,1.30540532145,-0.432492967575,,0.3674580229,-1.17243648065,-0.353670254095,-0.712973606534,-0.0709600412023,-0.149532883657,,,-0.378717459042,-0.572759429845,0.725406769037,-0.672640181482,-0.563830568395,-0.557652107057,1.15462888059,1.87395659463,,,0.831379724864,1.59969429256,1.24192219411,2.72493150977,,,,,,-0.0697001942539,,0.139590301113,-0.815586459329,,,-0.736498854287,,0.236766136318,-0.991070667681,1.65110482483
BODY08M,"LYRM2",ENSG00000083099,7.166445,0.638252820756,-0.756677079999,,-0.270810127197,0.3703082983231467,,-0.422443980544,0.960033308897,0.549597685212,-1.59123869352,,0.322213078215,-1.71455338743,-0.697149606512,-1.99205907958,-1.50198583725,-1.70320595894,,,-1.7978178452,-1.79370981151,-0.0251373208493,-2.32405167067,-1.92267416634,-1.89754390971,-0.424378138153,1.11819110732,,,-0.424944851994,1.24887262471,0.195685992922,2.16021900269,,,,,,-1.53113012271,,-1.12121502423,-1.58566110867,,,-1.85107746104,,-0.988802561226,-0.770408241923,0.961710460133
BODY08,"LYRM2",ENSG00000083099,5.823590,1.83947755579,0.768695051894,,0.67779276112,1.4993208273689356,,0.889382873975,2.00680101267,1.38332733515,-0.0706458756879,,0.333725255143,-0.906276511363,-0.195803561874,-0.275994186769,0.353653756298,0.309424025363,,,0.0778122213628,-0.163465792477,0.853949240264,-0.146255119661,-0.117063879872,-0.186379625693,1.52712450264,1.99732827926,,,1.10612250417,1.47912841319,1.42976468306,2.70104724526,,,,,,0.436264013821,,0.519609008732,-0.523890228045,,,-0.394094960997,,0.641964203027,-0.904862282274,1.70840257069
FATM04B,"LYRM2",ENSG00000083099,6.933525,1.44679698451,0.198525858772,,0.0144780978221,1.1513611121182927,,0.438208806071,1.74126694479,0.963951569268,-1.04497736462,,0.681972852098,-1.48961198188,-0.701070857675,-1.78503633373,-0.665515313758,-0.324784228085,,,-0.929351755705,-1.13043159402,-0.101699203653,-1.45039996247,-1.09207521865,-1.13293761965,0.760302026269,1.20685005536,,,0.734831382465,1.43894612037,0.722650351167,2.4414533165,,,,,,-0.805229856702,,-0.244321829003,-1.04030701301,,,-1.18358107365,,-0.29702765088,-1.36626920179,1.82265362234
FATM04M,"LYRM2",ENSG00000083099,8.080070,0.344664905175,-1.07017964056,,-0.696815607564,0.18476114369282381,,-0.232653751081,0.845531890935,0.220006913176,-2.19781528055,,0.739560330725,-1.8095188184,-0.96073941685,-2.93755092898,-1.97193858516,-1.84663520572,,,-2.1270999467,-2.13010428446,-0.490239421199,-2.94065272704,-2.35078919517,-2.36067281468,-0.71762199836,0.590683606349,,,-0.281228091624,1.17801222117,-0.316954684207,1.97309158573,,,,,,-2.11375021924,,-1.19298584007,-1.57815546802,,,-2.21446743242,,-1.35247285399,-1.21178878225,0.974698406089
LEAN04B,"LYRM2",ENSG00000083099,6.958015,2.2984512409,2.86396510712,,0.701126373719,3.1484054885900865,,1.75523595099,2.21729581365,3.43805506321,1.19323779647,,2.50963782658,0.897677555731,0.442604412015,0.755975973784,0.992369029156,1.34848007157,,,1.07644281281,0.853756454169,1.26631723659,0.771565015553,0.616151062283,0.81570787653,2.61368640988,3.14625614747,,,2.03868351368,4.34026284718,3.24053623845,4.04358415424,,,,,,0.638472240922,,1.5431297852,1.83120803625,,,1.00718254915,,1.33436821755,1.13294384411,3.93815645033
LEAN04,"LYRM2",ENSG00000083099,6.727207,1.8320051524,2.09313440623,,1.29334566076,2.828594313510026,,1.71702471475,1.52605208282,2.79369735649,0.672594945364,,2.08240354316,0.0370235060277,-0.0745027230433,0.10067560033,0.219393604738,0.666770004678,,,0.435452313029,0.598018788062,0.952423904619,0.12258302964,-0.448062289188,0.370012874283,1.85233375658,2.78387961347,,,1.04029924284,3.67246922599,2.87879475827,3.63812752857,,,,,,-0.0136384464249,,0.735347572698,0.91214788329,,,0.291901232361,,0.341586868749,1.3115088132,3.05108170562
LEAN05B,"LYRM2",ENSG00000083099,7.157141,2.34148883522,2.89936659086,,0.782744823619,3.1762741457246713,,1.6747475931,2.37270296139,3.45870996126,1.2464909227,,2.54149612281,0.858944284062,0.571744633902,0.71739916943,0.961831751522,1.38024423959,,,1.09912268173,0.867602353894,1.28339120024,0.779946985499,0.594365570938,0.923233461452,2.64566977572,3.113688016,,,2.1996607247,4.51717122622,3.24237234074,4.09804612605,,,,,,0.698752836452,,1.58147083553,1.82639611138,,,1.03694626556,,1.4578591823,0.942657994859,4.03044471902
LEAN05,"LYRM2",ENSG00000083099,6.953349,1.8613669588,2.09289518397,,1.35226959787,2.840060310997501,,1.64726760442,1.63037417597,2.79813126865,0.683456113603,,2.09067878798,-0.0200552646292,-0.00455537226343,0.0506115162678,0.185807652164,0.662303361391,,,0.422756958332,0.581346593174,0.948284358627,0.100079679316,-0.46887998312,0.422824809143,1.85466228345,2.73873688236,,,1.11283458836,3.77437149786,2.86985415039,3.67152243332,,,,,,-0.00872099427999,,0.719901189568,0.877654156245,,,0.292799550395,,0.431205471693,1.2155592947,3.11590302493
LEAN06B,"LYRM2",ENSG00000083099,7.062733,2.54045976083,2.09784270828,,-0.144967430932,2.471384678415188,,1.05952131697,2.54997148845,2.40265204455,0.0827855750488,,1.61639166254,-0.111203295283,-0.175164031413,0.039168762468,0.981379822154,1.12800913113,,,0.454396902711,0.395679775766,1.20185266063,0.216163685118,-0.231777715262,0.502672045421,2.5516981238,2.51573784221,,,1.26423320002,2.8278262558,2.32756463893,3.79420530873,,,,,,0.343855432273,,0.927448103773,0.71895014614,,,0.085286357805,,0.857256521811,0.951403799615,3.74119413258
LEAN06,"LYRM2",ENSG00000083099,9.171662,1.63351582858,1.00892493914,,-0.206067395723,1.876407138885668,,0.665942168762,1.73138808163,1.69164645424,-0.772698848211,,1.2401279403,-0.928732041776,-0.677640149681,-1.1086883258,-0.203434095992,-0.0557963706636,,,-0.604051680292,-0.499778808386,0.803419901732,-0.956224875828,-1.44042661697,-0.559474654289,1.37781322182,1.95019937118,,,0.306920236273,2.2773282021,1.62759754162,3.28031325622,,,,,,-0.726337035289,,-0.101782316545,-0.224701528908,,,-0.843991110477,,-0.0536687505055,0.794800190391,3.20760895009
