code,target,ENSEMBL,association,Adipose_Subcutaneous,Adipose_Visceral_Omentum,Breast_Mammary_Tissue,Muscle_Skeletal,DGN_Whole_Blood,Whole_Blood,Artery_Aorta,Artery_Coronary,Artery_Tibial,Heart_Atrial_Appendage,Heart_Left_Ventricle,Spleen,Brain_Amygdala,Brain_Anterior_cingulate_cortex_BA24,Brain_Caudate_basal_ganglia,Brain_Nucleus_accumbens_basal_ganglia,Brain_Putamen_basal_ganglia,Brain_Cerebellar_Hemisphere,Brain_Cerebellum,Brain_Cortex,Brain_Frontal_Cortex_BA9,Brain_Hippocampus,Brain_Hypothalamus,Brain_Spinal_cord_cervical_c-1,Brain_Substantia_nigra,Nerve_Tibial,Cells_Transformed_fibroblasts,Cells_EBV-transformed_lymphocytes,Colon_Sigmoid,Colon_Transverse,Esophagus_Gastroesophageal_Junction,Esophagus_Mucosa,Esophagus_Muscularis,Liver,Minor_Salivary_Gland,Small_Intestine_Terminal_Ileum,Stomach,Adrenal_Gland,Pituitary,Pancreas,Thyroid,Lung,Ovary,Prostate,Testis,Uterus,Vagina,Skin_Not_Sun_Exposed_Suprapubic,Skin_Sun_Exposed_Lower_leg
BLOO26,"FIS1",ENSG00000214253,6.188754,-1.90430187611,-2.03675782185,-1.95709729481,,-3.1740046984000094,-2.50743940712,-1.86347414173,,-2.51724890398,-1.80389334007,,,,,,,,,,,,,,,,-1.93366534251,-2.40413578101,-1.86638354986,-1.89042884564,-2.23293370313,-1.92598157316,-2.09395588677,-1.75354672132,,,,-1.29482404529,,,-0.927628699456,-2.05786595788,-1.55900332062,-0.245194111911,,-1.93321477997,,0.0425799381859,-2.28712289434,-3.51979807868
BLOO34,"FIS1",ENSG00000214253,1.144269,2.79453927828,2.94093248846,2.73302131072,,3.2051593601623054,4.38233092646,2.87162964534,,3.06800218344,2.73347365135,,,,,,,,,,,,,,,,2.97437618804,2.83206003185,2.66504670569,2.67916298916,2.46332885523,2.4482368319,2.56144936622,2.67868701997,,,,3.1648219595,,,5.29455334183,2.45055959765,2.50905090363,2.19567552524,,4.16428197509,,2.50125100653,2.97966450791,2.97461278456
CHOL13,"FIS1",ENSG00000214253,6.500313,4.51962283531,4.36481440369,4.25029742496,,4.516679257770003,3.78368367967,4.09010272978,,4.28283235386,4.16634238354,,,,,,,,,,,,,,,,4.47039783699,3.48021960399,4.40728515236,4.56185263203,4.60744052265,4.39365289484,4.40379408474,4.26320244511,,,,3.67987630682,,,3.68013969297,3.83732711849,4.42760685733,4.51369137744,,3.84385821098,,3.76491124203,3.81038461382,4.25339859334
CHOL20,"FIS1",ENSG00000214253,6.397712,4.38656031516,4.18488744444,4.27554353351,,4.527997901682258,3.66391153936,3.74197828018,,4.32885535936,4.0876621998,,,,,,,,,,,,,,,,4.36276011242,3.53713733679,4.31114233049,4.41617828025,4.35547646881,4.18562188174,4.31945895694,4.16945891957,,,,3.2962365665,,,3.17756455566,3.8502409703,4.36544731722,4.22062953067,,3.95641598903,,3.47535553078,3.87124931911,4.17200840715
CHOL28,"FIS1",ENSG00000214253,6.514733,4.71078099179,4.49591729484,4.49487376588,,4.721850527696782,4.17069239549,4.26938513584,,4.55273284875,4.43232092703,,,,,,,,,,,,,,,,4.6567982284,3.71919363561,4.57631303246,4.74941188399,4.73909027211,4.57305099544,4.56642115066,4.48097529443,,,,3.79692161314,,,4.02174906109,4.07352447942,4.59131535949,4.7022728097,,4.26102935637,,4.24971669893,4.07479254078,4.45253421606
CHOL32,"FIS1",ENSG00000214253,5.520497,4.60158577407,4.3858760441,4.39638275515,,4.614257089659393,4.27269035526,4.33802025718,,4.43866292814,4.21735741959,,,,,,,,,,,,,,,,4.55140685275,3.64590855775,4.46283609677,4.63136218705,4.63374544579,4.51166219025,4.50278338211,4.55907182786,,,,3.6220848415,,,3.80728140088,3.96626222835,4.49406238957,4.72877699948,,4.24353419072,,4.38754548552,4.04495350622,4.36311688633
LIPI02,"FIS1",ENSG00000214253,5.902951,3.97612094628,3.69926482395,3.77992763161,,3.9555367373909407,2.8684662984,3.27336433318,,3.79366013597,3.60723786502,,,,,,,,,,,,,,,,3.91848755661,2.8733980574,3.88976580771,4.01669601084,3.91405871712,3.64938345239,3.84923014109,3.61242569995,,,,2.84118663992,,,3.13043733256,3.13300460364,3.9311470057,3.91626854702,,3.25482688717,,2.70989180778,3.31582306124,3.54496271369
LIPI04,"FIS1",ENSG00000214253,5.718739,4.27535158363,4.03764654823,4.06963305873,,4.342652275568313,3.3878175711,3.69183102141,,4.13034821905,3.98200590619,,,,,,,,,,,,,,,,4.20331593044,3.2571372845,4.17404284423,4.33107981036,4.27015145338,4.08966033689,4.13283571879,4.01063646775,,,,3.2538851178,,,3.50551165949,3.50033973247,4.21549711145,4.30124160527,,3.70447819684,,3.44827730859,3.61352101495,3.98718300942
PHLI04,"FIS1",ENSG00000214253,7.581450,4.7653691292,4.55926810842,4.57102395323,,4.630065758095238,3.78233979796,4.20519495189,,4.53241786888,4.3282753555,,,,,,,,,,,,,,,,4.75459096137,3.56044997302,4.67018136202,4.77625437663,4.75289281155,4.47243929949,4.64490365583,4.46698039407,,,,3.5613663326,,,3.61955390323,4.01935557883,4.70529384178,4.56861246529,,4.08424891959,,3.51146201229,4.11933457564,4.31754137292
PHLI06,"FIS1",ENSG00000214253,5.960903,4.45446433889,4.37650354337,4.18650187708,,4.47144762134169,3.55259104216,4.00365125371,,4.29879009655,4.11047358226,,,,,,,,,,,,,,,,4.41508774589,3.33926500198,4.35703564878,4.49713648815,4.61273114743,4.31428895635,4.3344841952,4.18937434075,,,,3.65051042036,,,3.607172788,3.79915916417,4.38351810438,4.53477530097,,3.8194271091,,3.67485307043,3.84070413127,4.16168713294
PHLI12,"FIS1",ENSG00000214253,5.715727,3.9252794754,3.65897994939,3.7705378198,,3.7516281934097773,2.7507373348,3.13611598445,,3.78095407867,3.45972699646,,,,,,,,,,,,,,,,3.88363666234,2.84400586205,3.84755266898,3.95151437668,3.82261338972,3.54774679607,3.78581992314,3.49302078407,,,,2.79028586629,,,3.16708792381,3.04995714663,3.90488337548,3.81653174106,,3.14909551519,,2.26218927404,3.32785148777,3.35304783185
