code,target,ENSEMBL,association,Adipose_Subcutaneous,Adipose_Visceral_Omentum,Breast_Mammary_Tissue,Muscle_Skeletal,DGN_Whole_Blood,Whole_Blood,Artery_Aorta,Artery_Coronary,Artery_Tibial,Heart_Atrial_Appendage,Heart_Left_Ventricle,Spleen,Brain_Amygdala,Brain_Anterior_cingulate_cortex_BA24,Brain_Caudate_basal_ganglia,Brain_Nucleus_accumbens_basal_ganglia,Brain_Putamen_basal_ganglia,Brain_Cerebellar_Hemisphere,Brain_Cerebellum,Brain_Cortex,Brain_Frontal_Cortex_BA9,Brain_Hippocampus,Brain_Hypothalamus,Brain_Spinal_cord_cervical_c-1,Brain_Substantia_nigra,Nerve_Tibial,Cells_Transformed_fibroblasts,Cells_EBV-transformed_lymphocytes,Colon_Sigmoid,Colon_Transverse,Esophagus_Gastroesophageal_Junction,Esophagus_Mucosa,Esophagus_Muscularis,Liver,Minor_Salivary_Gland,Small_Intestine_Terminal_Ileum,Stomach,Adrenal_Gland,Pituitary,Pancreas,Thyroid,Lung,Ovary,Prostate,Testis,Uterus,Vagina,Skin_Not_Sun_Exposed_Suprapubic,Skin_Sun_Exposed_Lower_leg
HEIG02,"BCKDHB",ENSG00000083123,6.110525,,,,,3.6265957170316474,,0.713932289457,0.722469615147,1.48107722831,,,,,,,,,,,,,0.110170997208,,,,2.18988356846,5.18525838852,,,,5.59826222426,-4.40940209335,1.27657816416,,,,0.89883430876,,,1.26674973148,2.19698232485,,,,,,,-4.30711510988,-4.50406243732
HEIG03,"BCKDHB",ENSG00000083123,16.579038,,,,,5.231382907261449,,2.0557205751,2.24640648983,2.9245950403,,,,,,,,,,,,,-2.03412902222,,,,4.57605178761,6.48369389401,,,,10.1187431931,-6.1619478466,3.42395318632,,,,1.11958236683,,,3.36217556724,3.9556498206,,,,,,,-6.73163201607,-5.64521426397
HEIG04F,"BCKDHB",ENSG00000083123,4.593562,,,,,1.9492324689980487,,-0.235160890657,0.511885171129,0.802356363539,,,,,,,,,,,,,-1.78119733617,,,,1.80158295118,3.5033479917,,,,5.81064346844,-3.07528488833,1.23356966929,,,,0.691705240284,,,1.24319262505,1.31444470219,,,,,,,-3.25670248877,-2.74012402885
HEIG07F,"BCKDHB",ENSG00000083123,7.329281,,,,,5.113360759350769,,1.37191433278,3.25120118471,2.96323398675,,,,,,,,,,,,,1.03821652368,,,,4.3797882501,4.24145654269,,,,3.30345367088,-3.00196210385,4.1773388182,,,,0.789771624517,,,4.17412496109,4.2836900881,,,,,,,-3.6829265701,-1.00191659077
HEIG07,"BCKDHB",ENSG00000083123,8.084505,,,,,3.8373067885994816,,0.639274830921,1.75505966005,1.63650506425,,,,,,,,,,,,,1.38818019988,,,,3.2517110439,4.67747032947,,,,3.93670211609,-3.17105027102,2.87195942343,,,,0.0518058255403,,,2.89831760835,3.29037895206,,,,,,,-3.30310405565,-1.22442245439
LEAN04B,"BCKDHB",ENSG00000083123,15.186526,,,,,5.369898907559168,,3.21844021226,2.95660657568,3.77804768351,,,,,,,,,,,,,2.56050323184,,,,5.20446802925,6.52979179487,,,,6.16695236637,-4.10637691718,4.23620867083,,,,1.76859662729,,,4.28894054485,4.61189415294,,,,,,,-4.37023685452,-3.27254979803
LEAN04F,"BCKDHB",ENSG00000083123,10.542527,,,,,4.272446609200478,,1.7376074687,1.95054435095,2.60311126982,,,,,,,,,,,,,2.63886060152,,,,3.7599806414,5.34816889068,,,,5.20898920622,-3.57883828679,2.88000222458,,,,0.440894667493,,,2.92443824893,3.44958751936,,,,,,,-3.37940250454,-2.93345821309
LEAN04M,"BCKDHB",ENSG00000083123,7.323133,,,,,3.5918071816879835,,3.30442088825,2.54345565362,3.09730998859,,,,,,,,,,,,,0.872470448552,,,,4.01393576012,4.15156920244,,,,3.70330377365,-2.31143376269,3.52210167882,,,,2.52795038684,,,3.55434732626,3.3948205212,,,,,,,-3.05989454949,-1.7249004532
LEAN04,"BCKDHB",ENSG00000083123,12.188345,,,,,5.076397800993826,,3.57071287469,3.12780945712,3.87001314814,,,,,,,,,,,,,2.10806417337,,,,5.23834193757,6.00718293462,,,,5.65438432807,-3.55604198628,4.39069219671,,,,2.3533246633,,,4.43978759233,4.57081899723,,,,,,,-4.07122523766,-2.71088956653
LEAN05B,"BCKDHB",ENSG00000083123,13.612486,,,,,5.426653248935303,,3.27663895944,2.99878780684,3.79445874446,,,,,,,,,,,,,2.48869325966,,,,5.23148236756,6.44480932021,,,,6.16162380513,-4.13392314868,4.27659742769,,,,1.76379171855,,,4.32696306522,4.64514241337,,,,,,,-4.39296075806,-3.24017957688
LEAN05F,"BCKDHB",ENSG00000083123,10.945847,,,,,4.387287900815374,,1.82772859869,2.03713794399,2.63425374839,,,,,,,,,,,,,2.59454771889,,,,3.84211440789,5.26446166047,,,,5.21684646285,-3.58766514616,2.97461804189,,,,0.438140808109,,,3.01803945321,3.52910102984,,,,,,,-3.38719055971,-2.85416317196
LEAN05M,"BCKDHB",ENSG00000083123,8.350870,,,,,3.5461355285047818,,3.30291851272,2.51061815412,3.09902670035,,,,,,,,,,,,,0.803982257015,,,,3.96603073054,4.13228041721,,,,3.69441994747,-2.35426209247,3.4793126817,,,,2.54323648222,,,3.50880213615,3.3574761573,,,,,,,-3.10252754705,-1.78192878233
LEAN05,"BCKDHB",ENSG00000083123,13.537153,,,,,5.101078031263013,,3.61010466317,3.15068878389,3.89180108537,,,,,,,,,,,,,2.03329512428,,,,5.24472242761,5.94947618468,,,,5.65622244671,-3.59579074246,4.40924763911,,,,2.35298497772,,,4.45617245285,4.58436049213,,,,,,,-4.10713900006,-2.71620595331
LEAN06B,"BCKDHB",ENSG00000083123,19.393468,,,,,7.408807650456499,,4.75017651211,5.22927403025,5.68942153471,,,,,,,,,,,,,1.23354607027,,,,7.31042025991,7.87482480623,,,,8.65081763905,-4.92052562198,6.16144018612,,,,1.32182297548,,,6.16575962179,6.62344604995,,,,,,,-6.11831777976,-4.13762750071
LEAN06F,"BCKDHB",ENSG00000083123,14.428944,,,,,6.291948208131922,,3.76133788192,4.16941228878,4.69743386124,,,,,,,,,,,,,1.5918684645,,,,6.27094535581,6.69209641395,,,,7.98332547128,-4.22804446341,5.00146480851,,,,-0.0220321578477,,,4.98298160897,5.72352112203,,,,,,,-5.05021735439,-3.41706169703
LEAN06M,"BCKDHB",ENSG00000083123,10.477791,,,,,4.582259684431442,,3.3691834285,3.66190130637,3.73736734108,,,,,,,,,,,,,-0.0898874611908,,,,4.42477048419,4.8613814407,,,,4.34999169411,-2.96534579398,4.17527742043,,,,2.61493646111,,,4.21299045502,3.94320673512,,,,,,,-4.01206777298,-2.70684690588
LEAN06,"BCKDHB",ENSG00000083123,17.412862,,,,,6.927970364321468,,4.62874927231,5.16957599569,5.47309621532,,,,,,,,,,,,,0.808682959166,,,,6.88447905061,7.30682140709,,,,7.56974031397,-4.45243871322,6.03867967581,,,,1.97031335588,,,6.05949851689,6.19792851659,,,,,,,-5.74482110837,-3.81995316619
OSTE04,"BCKDHB",ENSG00000083123,6.751659,,,,,4.647974240163052,,1.27760912637,4.16460564352,2.45688136214,,,,,,,,,,,,,2.87314216666,,,,3.31866824697,2.48888364314,,,,1.06271736897,-1.12211228061,3.65085175785,,,,1.13878117835,,,3.72310466987,4.1727862725,,,,,,,-1.7594566733,0.48015111857
