code,target,ENSEMBL,association,Adipose_Subcutaneous,Adipose_Visceral_Omentum,Breast_Mammary_Tissue,Muscle_Skeletal,DGN_Whole_Blood,Whole_Blood,Artery_Aorta,Artery_Coronary,Artery_Tibial,Heart_Atrial_Appendage,Heart_Left_Ventricle,Spleen,Brain_Amygdala,Brain_Anterior_cingulate_cortex_BA24,Brain_Caudate_basal_ganglia,Brain_Nucleus_accumbens_basal_ganglia,Brain_Putamen_basal_ganglia,Brain_Cerebellar_Hemisphere,Brain_Cerebellum,Brain_Cortex,Brain_Frontal_Cortex_BA9,Brain_Hippocampus,Brain_Hypothalamus,Brain_Spinal_cord_cervical_c-1,Brain_Substantia_nigra,Nerve_Tibial,Cells_Transformed_fibroblasts,Cells_EBV-transformed_lymphocytes,Colon_Sigmoid,Colon_Transverse,Esophagus_Gastroesophageal_Junction,Esophagus_Mucosa,Esophagus_Muscularis,Liver,Minor_Salivary_Gland,Small_Intestine_Terminal_Ileum,Stomach,Adrenal_Gland,Pituitary,Pancreas,Thyroid,Lung,Ovary,Prostate,Testis,Uterus,Vagina,Skin_Not_Sun_Exposed_Suprapubic,Skin_Sun_Exposed_Lower_leg
BLOO01,"CDKN2D",ENSG00000129355,12.563408,2.73891609338,,,3.60471054149,4.427349189978972,,2.85666569751,,2.09011532838,,,,,,1.78892948182,,,,1.56880914452,,,,,,,4.19742627713,,,,,,,,,,4.00439404441,,,3.71815068569,3.65290714308,,,,,3.44262697318,,,4.6745773967,5.22401985247
BLOO04,"CDKN2D",ENSG00000129355,10.876312,-4.31873927165,,,-2.3516446035,-4.615721978292229,,-3.05548787487,,-2.13910097812,,,,,,-1.71560890709,,,,-3.01372885799,,,,,,,-2.70448238703,,,,,,,,,,-5.98703353823,,,-3.17143452236,-1.20599174724,,,,,-2.54636825191,,,-0.393174690648,-1.27631846745
BLOO11,"CDKN2D",ENSG00000129355,4.726443,2.80383949656,,,3.72184310563,-0.5438051484026735,,1.63303561073,,3.35906766695,,,,,,0.0773107170209,,,,2.05506338454,,,,,,,4.01031606344,,,,,,,,,,1.41130739462,,,3.54748090989,5.89984132166,,,,,2.32937834585,,,-1.20211752238,-0.517162995966
BLOO21,"CDKN2D",ENSG00000129355,17.633390,-5.79338324461,,,-2.72223935483,-6.090624871095215,,-3.41161629453,,-2.75728984489,,,,,,-1.59570815396,,,,-3.65421637544,,,,,,,-3.17120832928,,,,,,,,,,-7.64712120245,,,-3.99015224496,-2.24094316636,,,,,-2.7797718123,,,-0.369536180653,-1.49121857344
BLOO22,"CDKN2D",ENSG00000129355,18.140826,-5.67292121089,,,-2.36943854334,-6.1831440636777755,,-3.2631232486,,-2.33746889014,,,,,,-1.85466554291,,,,-3.37705461162,,,,,,,-3.0226309909,,,,,,,,,,-7.83396257885,,,-3.72410400111,-1.92486950116,,,,,-2.68725182479,,,-0.973353562017,-2.1112098798
BLOO23,"CDKN2D",ENSG00000129355,15.454953,-5.45868541963,,,-1.48477874348,-5.705346187058191,,-2.40053269259,,-1.75226499974,,,,,,-1.44574092146,,,,-2.53538203319,,,,,,,-2.23454661403,,,,,,,,,,-7.11655799425,,,-3.07549457976,-2.52488369402,,,,,-1.78520339318,,,-1.49402234612,-2.50532274542
BLOO24,"CDKN2D",ENSG00000129355,8.487916,5.31579232035,,,5.06706728771,2.5325999086091753,,2.02810275452,,3.99002920987,,,,,,1.30925279027,,,,3.57374989504,,,,,,,5.02605645326,,,,,,,,,,2.05247619877,,,5.09937118603,4.64385571732,,,,,4.59024338053,,,0.784788916535,1.66338307872
BLOO26,"CDKN2D",ENSG00000129355,7.412547,-2.43301673371,,,-3.14438431941,-0.6694634553142709,,-2.76167398602,,-3.35918902171,,,,,,2.11595122814,,,,-2.75487931079,,,,,,,-2.59012328332,,,,,,,,,,0.598782711408,,,-2.93231972662,-2.86596075691,,,,,-1.64274641589,,,3.60468528775,3.7849431566
BLOO27,"CDKN2D",ENSG00000129355,6.417039,-1.57059439509,,,-2.8056088845,0.4296310288418462,,-1.86851090199,,-3.33201679421,,,,,,2.25741126651,,,,-2.68228646696,,,,,,,-2.07377988787,,,,,,,,,,0.903462043621,,,-2.55662145924,-2.66442385213,,,,,-1.26615060014,,,4.23262609015,4.36476420209
BLOO32,"CDKN2D",ENSG00000129355,7.865855,-5.18686601615,,,-4.29381116795,-3.4286765771508962,,-2.24945707089,,-2.96038672056,,,,,,-0.810708352869,,,,-3.18771297478,,,,,,,-4.4620489472,,,,,,,,,,-2.51805714259,,,-4.64966893937,-3.67296702935,,,,,-4.13239753467,,,-1.12599845375,-2.19237377949
BLOO33,"CDKN2D",ENSG00000129355,15.701474,3.58345693007,,,4.13044490025,5.430201348820785,,3.86415708006,,2.58808521519,,,,,,1.82295812532,,,,2.16682118488,,,,,,,5.07425468358,,,,,,,,,,4.91855558551,,,4.56909398217,3.86167240051,,,,,4.3588025141,,,5.69536501531,6.4003211783
BLOO35,"CDKN2D",ENSG00000129355,16.976583,6.75278512933,,,6.94814832516,4.81686186544734,,4.36481078981,,5.83400077778,,,,,,1.08630765924,,,,6.74766921759,,,,,,,7.44950677091,,,,,,,,,,2.01107968447,,,7.35035886349,3.59039406887,,,,,5.99880883095,,,-1.81633960166,-1.34865966835
BLOO36,"CDKN2D",ENSG00000129355,13.755105,-4.47969761612,,,-2.78781872429,-4.638826443743725,,-3.26535584323,,-2.76439885315,,,,,,-1.34422186332,,,,-3.37547432834,,,,,,,-2.86192827076,,,,,,,,,,-5.82929431841,,,-3.53930181646,-1.7264197755,,,,,-2.64845388622,,,0.433734888896,-0.434860112727
CHOL02,"CDKN2D",ENSG00000129355,8.740478,2.44459397633,,,3.9159960384,-0.5370789842258558,,1.28682761173,,2.24903696373,,,,,,1.49331935223,,,,2.93631043112,,,,,,,3.65963599868,,,,,,,,,,-2.7762613315,,,3.8730134252,-1.53102833456,,,,,3.32533929518,,,-0.107803168063,-0.447853381234
CHOL05,"CDKN2D",ENSG00000129355,7.004264,2.33923855979,,,3.73041067444,-0.6950770541325381,,1.11066816709,,2.11098311547,,,,,,1.34219488024,,,,2.76938909332,,,,,,,3.47426776256,,,,,,,,,,-2.90738264527,,,3.70260897682,-1.50396916804,,,,,3.10212781097,,,-0.228728547411,-0.516909915158
CHOL10,"CDKN2D",ENSG00000129355,7.194078,2.32269097839,,,2.75195476446,0.907905507049274,,0.964599989069,,0.886453811496,,,,,,1.66436246836,,,,2.15155057173,,,,,,,3.21611619923,,,,,,,,,,-1.70088283673,,,3.06729937786,0.121926277173,,,,,2.80065516092,,,1.09007110307,0.908427076232
CHOL11,"CDKN2D",ENSG00000129355,11.012003,3.12449189618,,,4.45644289269,0.05546245802210654,,1.30839755367,,2.75557477987,,,,,,2.07074593404,,,,3.64846485449,,,,,,,4.31344085342,,,,,,,,,,-2.74601675092,,,4.21550647046,-0.361222791341,,,,,3.96378011229,,,-0.393224919645,-0.901105440925
CHOL13,"CDKN2D",ENSG00000129355,10.783860,3.25246716275,,,4.39727676043,-0.40239079796909966,,1.12477267255,,2.72816812762,,,,,,1.85332407147,,,,3.41004244423,,,,,,,4.15749041263,,,,,,,,,,-3.18479724718,,,4.3448903141,-1.05456735544,,,,,3.80878982724,,,-0.431096980343,-0.725035830603
CHOL19,"CDKN2D",ENSG00000129355,8.015347,2.99401871458,,,3.43712696496,0.8408702627657141,,1.37617944237,,2.00659628618,,,,,,0.878286250625,,,,3.40147092449,,,,,,,3.72376109438,,,,,,,,,,-2.56875010362,,,3.76207534309,0.526089242446,,,,,3.57673836554,,,0.0199750073706,-0.630270905269
CHOL20,"CDKN2D",ENSG00000129355,7.588010,2.4962591299,,,3.59721252472,0.12952285499679195,,1.20250877147,,2.19496927437,,,,,,0.986756894704,,,,3.11399361815,,,,,,,3.4929026858,,,,,,,,,,-2.15316725501,,,3.81070677712,-0.595713759349,,,,,3.6817961774,,,0.336397993758,-0.163199575403
CHOL21,"CDKN2D",ENSG00000129355,4.508568,0.48120381627,,,1.31272739166,1.0424943794723063,,-0.654976415155,,0.0761067342241,,,,,,6.6243123764,,,,1.84899899334,,,,,,,2.11327031755,,,,,,,,,,-0.816734736355,,,1.79146765721,-1.88137497675,,,,,2.25210429048,,,1.18399799501,1.32348510856
CHOL24,"CDKN2D",ENSG00000129355,9.508708,2.66018619942,,,4.14106022049,-0.14604989459308365,,1.48796492859,,2.56834986534,,,,,,1.86958233328,,,,3.25295985329,,,,,,,3.88691192551,,,,,,,,,,-2.43725898385,,,4.06826190121,-1.35050920244,,,,,3.73197076563,,,0.0526538839815,-0.46444274141
CHOL25,"CDKN2D",ENSG00000129355,8.804211,2.94399747928,,,4.27070450285,-0.5109454475153308,,1.27736321958,,2.62851684841,,,,,,1.6995413309,,,,3.27675199544,,,,,,,3.97886892359,,,,,,,,,,-3.22550140222,,,4.31103789802,-1.19454885142,,,,,3.67692771996,,,-0.385494860882,-0.686815111767
CHOL27,"CDKN2D",ENSG00000129355,4.891706,0.478775382861,,,1.38478680032,1.2151812420677786,,-1.16181683697,,-0.346523255463,,,,,,6.67652008982,,,,1.45506908742,,,,,,,2.171395714,,,,,,,,,,-1.84840513185,,,1.76094952177,-2.19728656367,,,,,2.14672956224,,,1.64848541508,1.75764252846
CHOL28,"CDKN2D",ENSG00000129355,6.618795,2.47339617821,,,3.4097798811,-0.6275007935329213,,1.10730809121,,1.78810696404,,,,,,1.19140007772,,,,2.45565906031,,,,,,,3.13141411733,,,,,,,,,,-3.34026765057,,,3.52080421393,-1.69238269897,,,,,2.85561416505,,,-0.249974343641,-0.54815070884
CHOL30,"CDKN2D",ENSG00000129355,6.298354,2.61687308949,,,3.41088659159,-0.49288131566217686,,0.861268662796,,1.91347413204,,,,,,1.16752180643,,,,2.46139203931,,,,,,,3.10651601383,,,,,,,,,,-3.22140417705,,,3.62274078699,-1.64217003638,,,,,2.87715163316,,,-0.271009590446,-0.492019998303
CHOL32,"CDKN2D",ENSG00000129355,6.465441,2.00996958914,,,3.12887561242,-0.6975858880359193,,0.846280436768,,1.58696115748,,,,,,0.862377021978,,,,2.36373869405,,,,,,,3.01872821783,,,,,,,,,,-2.95665169664,,,3.21143383746,-1.75446722641,,,,,2.71741953072,,,-0.247056747706,-0.510808944399
LEAN04M,"CDKN2D",ENSG00000129355,4.577213,1.27551937977,,,1.77707846348,2.505806910839024,,1.557514191,,1.89669372072,,,,,,0.966802867901,,,,0.160558736553,,,,,,,1.60537984817,,,,,,,,,,5.18193249736,,,2.26594934376,1.74646494933,,,,,1.42248095795,,,1.62182428627,2.57880920834
LEAN04,"CDKN2D",ENSG00000129355,5.306458,1.35649884907,,,2.05913606418,2.5359535996873177,,1.6461552956,,2.59072625762,,,,,,0.77327623438,,,,0.648827564004,,,,,,,1.7772221252,,,,,,,,,,5.5166816908,,,2.7848708229,2.13658285711,,,,,1.75228585001,,,1.33083877715,2.30017053845
LEAN05M,"CDKN2D",ENSG00000129355,4.143017,1.3277110513,,,1.83242093023,2.495656880572149,,1.64282311211,,1.94808210467,,,,,,0.96030322938,,,,0.214098010486,,,,,,,1.65149395116,,,,,,,,,,5.19778327477,,,2.32506846325,1.77258160034,,,,,1.47187520422,,,1.59217295561,2.56075559289
LEAN05,"CDKN2D",ENSG00000129355,5.160761,1.31572330219,,,1.98026860715,2.4999503425516174,,1.76062241102,,2.54197858876,,,,,,0.69641175603,,,,0.575650245869,,,,,,,1.67869551404,,,,,,,,,,5.54381870316,,,2.72570715934,2.14381065477,,,,,1.69714648983,,,1.35947802118,2.34977407271
LEAN06B,"CDKN2D",ENSG00000129355,6.827864,1.95892720477,,,1.84844174219,3.2048380434921593,,0.53348362441,,2.77435610816,,,,,,0.528951628945,,,,0.525007324206,,,,,,,1.98334808776,,,,,,,,,,6.85577166096,,,3.09177601886,2.0451446588,,,,,2.13664758629,,,2.41836966252,3.80919497632
LEAN06F,"CDKN2D",ENSG00000129355,4.390480,1.60441609721,,,1.47015004003,2.3852600050562076,,-0.56073334707,,2.5495375048,,,,,,-0.325531274078,,,,0.530444826292,,,,,,,1.55125423194,,,,,,,,,,5.19367271695,,,2.55331074359,1.76760398131,,,,,1.8244490698,,,2.01577605634,3.23117097848
LEAN06M,"CDKN2D",ENSG00000129355,4.098596,1.30460265731,,,1.29943992293,2.510643237998356,,1.91702430906,,1.41245593151,,,,,,1.54014887706,,,,0.191004280235,,,,,,,1.43532769433,,,,,,,,,,5.22301261353,,,2.02558708973,1.21807922315,,,,,1.30567420411,,,1.55436392391,2.36079516583
LEAN06,"CDKN2D",ENSG00000129355,8.045420,1.90795638943,,,1.87029749536,3.2486628397463244,,1.17612518308,,2.46832281909,,,,,,1.18352293413,,,,0.497748133619,,,,,,,2.02283181521,,,,,,,,,,7.01025495375,,,3.01484026606,1.95227090955,,,,,2.05697817272,,,2.24849353184,3.5662503079
LIPI02,"CDKN2D",ENSG00000129355,7.504317,2.51682423169,,,3.94361243907,-0.26720207513858435,,1.47419595834,,2.38200626654,,,,,,1.74525474165,,,,3.10008149,,,,,,,3.71427652594,,,,,,,,,,-2.51428573953,,,3.80006879521,-1.14866929932,,,,,3.5102051114,,,-0.106162944627,-0.688164989658
LIPI04,"CDKN2D",ENSG00000129355,9.306598,2.57849730617,,,3.99588979731,-0.544205623356758,,1.28444773772,,2.33836432414,,,,,,1.50850214733,,,,3.06473046785,,,,,,,3.73258313982,,,,,,,,,,-2.78352081216,,,3.906935758,-1.38183544693,,,,,3.43736112544,,,-0.208093571989,-0.592556774998
LIPI07,"CDKN2D",ENSG00000129355,7.067963,2.30644546615,,,3.63165450867,-0.7776381448215837,,1.05391970387,,2.04655595225,,,,,,1.21368569303,,,,2.72552323375,,,,,,,3.37226068043,,,,,,,,,,-2.88758221708,,,3.63549386724,-1.52432459857,,,,,3.0780777976,,,-0.263446793665,-0.521583418284
LIPI09,"CDKN2D",ENSG00000129355,6.395785,1.97832370853,,,3.2345978406,-0.9285123782429404,,0.830583736321,,1.94709599748,,,,,,0.878059248495,,,,2.58465945738,,,,,,,2.9380104761,,,,,,,,,,-2.93253925561,,,3.32435046604,-1.67733501339,,,,,2.86077652222,,,-0.4704253554,-0.722583189937
LIPO01,"CDKN2D",ENSG00000129355,7.644702,2.44735714995,,,3.83241436578,-0.2678604885418883,,1.47186283824,,2.29919770197,,,,,,1.7067566087,,,,3.01949978222,,,,,,,3.61000611932,,,,,,,,,,-2.44608919089,,,3.66034234276,-1.02258260847,,,,,3.399612544,,,-0.16816116165,-0.774838991171
LIPO03,"CDKN2D",ENSG00000129355,8.294658,2.54064384635,,,3.92872772926,-0.5602786020342251,,1.31291020369,,2.30004002212,,,,,,1.49606746718,,,,3.03506741507,,,,,,,3.6566551713,,,,,,,,,,-2.75701063747,,,3.83539728244,-1.34015093727,,,,,3.40587312471,,,-0.226447866423,-0.634494829983
LIPO06,"CDKN2D",ENSG00000129355,7.089546,2.25586387055,,,3.54828902124,-0.7940981672745122,,1.12712273362,,1.9965730932,,,,,,1.17384465163,,,,2.69177187163,,,,,,,3.27789185999,,,,,,,,,,-2.87404351321,,,3.5643559819,-1.48448817856,,,,,3.04686878645,,,-0.25934164079,-0.5422561599
LIPO10,"CDKN2D",ENSG00000129355,6.033502,1.77106168517,,,2.9082454253,-0.9117532163111715,,0.952108431681,,1.70014270234,,,,,,0.775481259715,,,,2.37520798568,,,,,,,2.63315653309,,,,,,,,,,-2.87838492193,,,3.08760727098,-1.60081145895,,,,,2.68563358081,,,-0.358406600401,-0.67306443263
PHLI04,"CDKN2D",ENSG00000129355,8.606442,2.82374571058,,,4.05639356928,-0.3146881042430729,,1.31159422114,,2.33232542612,,,,,,1.69310870442,,,,3.23987264324,,,,,,,3.91624997158,,,,,,,,,,-2.67186798888,,,3.82145748706,-0.409198672436,,,,,3.54297857788,,,-0.431719649114,-0.960966082427
PHLI06,"CDKN2D",ENSG00000129355,8.763186,2.97700153297,,,4.1058928012,-0.37037099488617514,,1.16634200234,,2.44710505356,,,,,,1.42743013709,,,,3.17741482493,,,,,,,3.84676426167,,,,,,,,,,-2.97951093647,,,4.15988934655,-0.927459022322,,,,,3.62994270274,,,-0.325103160382,-0.636075076001
PHLI12,"CDKN2D",ENSG00000129355,7.868413,2.48842822305,,,3.6816458466,0.17474334863350746,,1.48494494616,,2.22094197768,,,,,,1.88533073706,,,,2.96841845256,,,,,,,3.53515949374,,,,,,,,,,-2.17455098236,,,3.4784063383,-0.608762312202,,,,,3.37265645058,,,0.106404657264,-0.65059628951
PHLI14,"CDKN2D",ENSG00000129355,6.202428,3.61759912042,,,3.65018578433,2.0706005447986144,,1.57236805044,,2.40310764672,,,,,,1.20533428576,,,,3.38635814359,,,,,,,3.81263888311,,,,,,,,,,-0.402521791748,,,4.00149814381,0.892051290795,,,,,3.98008222778,,,0.721152420857,0.662455421324
