code,target,ENSEMBL,association,Adipose_Subcutaneous,Adipose_Visceral_Omentum,Breast_Mammary_Tissue,Muscle_Skeletal,DGN_Whole_Blood,Whole_Blood,Artery_Aorta,Artery_Coronary,Artery_Tibial,Heart_Atrial_Appendage,Heart_Left_Ventricle,Spleen,Brain_Amygdala,Brain_Anterior_cingulate_cortex_BA24,Brain_Caudate_basal_ganglia,Brain_Nucleus_accumbens_basal_ganglia,Brain_Putamen_basal_ganglia,Brain_Cerebellar_Hemisphere,Brain_Cerebellum,Brain_Cortex,Brain_Frontal_Cortex_BA9,Brain_Hippocampus,Brain_Hypothalamus,Brain_Spinal_cord_cervical_c-1,Brain_Substantia_nigra,Nerve_Tibial,Cells_Transformed_fibroblasts,Cells_EBV-transformed_lymphocytes,Colon_Sigmoid,Colon_Transverse,Esophagus_Gastroesophageal_Junction,Esophagus_Mucosa,Esophagus_Muscularis,Liver,Minor_Salivary_Gland,Small_Intestine_Terminal_Ileum,Stomach,Adrenal_Gland,Pituitary,Pancreas,Thyroid,Lung,Ovary,Prostate,Testis,Uterus,Vagina,Skin_Not_Sun_Exposed_Suprapubic,Skin_Sun_Exposed_Lower_leg
BFPC04B,"FBN2",ENSG00000138829,6.866174,-4.13980254801,-4.25069407572,-4.41889478305,,-4.438181446437339,-4.22006350867,-3.92570143143,-4.37514494221,-3.71799645086,-2.72914107761,-0.79336090781,-2.60621830192,,,,,,,,,,,,-1.0492480642,-1.77892494452,-4.62896738364,-4.10815142901,,-3.27394944658,-3.20426590689,-4.42524098501,-4.16308786467,-3.13462766394,,,,,-1.93699163404,-2.0890605482,,-2.75059744052,-4.29558947073,-3.85393549892,-3.29201721495,,-3.14958958088,,-2.3021409014,-3.96988675672
BFPC04M,"FBN2",ENSG00000138829,6.308910,-4.18114807868,-4.36406152521,-4.11149176573,,-4.150400315608394,-4.02491932158,-3.94674352656,-4.34932966016,-4.22864000644,-2.23028889093,-0.187299874585,-2.92041311279,,,,,,,,,,,,-1.41550574988,-2.6670504951,-4.19127894987,-4.15103211941,,-2.80959711285,-1.85279923889,-4.34181633406,-4.13402820374,-1.62054378764,,,,,-1.83068365272,-2.42880831576,,-3.27220876498,-4.39191477938,-3.94547928707,-2.72595176192,,-3.43145114204,,-1.25670031729,-4.04326867213
BFPC04,"FBN2",ENSG00000138829,6.292234,-3.86057541389,-3.96455632349,-4.22049670924,,-4.210043041580146,-3.99049835847,-3.65461414391,-4.09844952293,-3.3372486534,-2.63814140667,-0.842794151099,-2.34396996862,,,,,,,,,,,,-0.911341677492,-1.45249253508,-4.45508860273,-3.78594603645,,-3.1431505834,-3.32205598766,-4.13609496517,-3.89755530471,-3.2174138856,,,,,-1.78772608935,-1.81281932321,,-2.41280083752,-3.9826771575,-3.58233636242,-3.1648824194,,-2.86135440242,,-2.3966307615,-3.69205927113
BLOO35,"FBN2",ENSG00000138829,52.231895,6.62198809381,7.84601102547,5.68640485608,,7.02842667100961,7.89950031194,7.66226145604,6.07545437564,6.37573100678,2.91207005536,-1.85428308621,9.89201871469,,,,,,,,,,,,10.3924210589,9.92234999988,3.43117895163,-0.0603629801169,,4.84416940903,-0.350365465001,7.1445230868,6.20390449583,0.826497805566,,,,,4.25905314631,0.554574917737,,11.4457634325,6.33922533372,5.91527094624,4.88534950434,,6.08852795841,,-5.87288791828,6.42036391944
FATM04B,"FBN2",ENSG00000138829,7.481236,-3.96001092346,-4.30800818337,-4.25633222401,,-4.284324833800922,-4.22827629543,-4.05928155318,-4.14443456265,-3.75736767941,-2.27311564545,-0.0953053293652,-2.80694846553,,,,,,,,,,,,-2.43099722423,-2.35854226785,-4.00890625208,-3.08577928147,,-3.53764096148,-3.42470323759,-4.31637491504,-4.01341449967,-3.25110636425,,,,,-2.62802769608,-1.73549268689,,-3.33184509457,-4.0345549556,-3.49589895548,-3.49491225979,,-3.53938412619,,-1.00353706781,-3.75012629447
FATM04M,"FBN2",ENSG00000138829,6.608783,-4.2924697366,-4.54884716847,-4.08972810543,,-4.248025666171402,-4.28366066944,-4.23670773551,-4.41214817604,-4.50373517876,-2.08791806103,0.181355241033,-3.1500123499,,,,,,,,,,,,-2.55008712186,-3.19466678081,-3.91060309579,-3.29874406512,,-3.10012545388,-2.22556909207,-4.35781462141,-4.26822183459,-2.21515502655,,,,,-2.18894201965,-2.4547542225,,-3.79497722948,-4.44481241354,-3.88157535091,-3.17393168895,,-3.81928316617,,-0.29016128944,-4.00041798726
FATM04,"FBN2",ENSG00000138829,6.162557,-3.62339804881,-3.98606708453,-4.02670030892,,-4.006882787103469,-3.93645992362,-3.74463761982,-3.81331449797,-3.31352730372,-2.15370144324,-0.119650564813,-2.51732095135,,,,,,,,,,,,-2.25460283474,-2.04092254105,-3.79944163036,-2.80098563865,,-3.37706413019,-3.47484107184,-4.01694384049,-3.69331859303,-3.21499710242,,,,,-2.49116762364,-1.40723361078,,-2.98022545972,-3.66539726124,-3.16828515233,-3.30001714721,,-3.22101181645,,-1.09183539351,-3.44482656307
HEIG03,"FBN2",ENSG00000138829,7.311785,-1.46952520123,-2.27492556512,-1.50243385864,,-1.4674555558577076,-1.87067689874,-2.08540956149,-1.65508722571,-2.57121766504,-0.952287581495,-0.58548131336,-1.57347568709,,,,,,,,,,,,-2.00696767704,-2.63517821255,-1.22371201069,-1.65699786785,,-1.33290449102,-1.00644612816,-2.04287048256,-1.47868923813,-1.63228912264,,,,,-2.22026768274,-1.63226893496,,-2.20418025848,-1.75893893627,-1.29288835508,-2.30999184163,,-0.985106503786,,-0.226402754171,-1.77528260827
LEAN06B,"FBN2",ENSG00000138829,7.038869,-1.79074879735,-2.55570190476,-2.05552395388,,-1.9545392673826976,-2.35491752793,-2.62541222633,-1.81449879503,-1.95598323408,-0.745586174314,0.910817500835,-2.16776623262,,,,,,,,,,,,-4.16678266803,-2.49819817304,-1.10366781645,0.47691901657,,-2.22874824533,-1.9818506087,-2.12876017379,-1.90864027081,-1.7162816518,,,,,-2.65074934921,0.0131394284053,,-2.96712534995,-1.71877697463,-1.39848683761,-2.45619233973,,-2.42851851424,,1.60389469685,-1.46610260778
LEAN06,"FBN2",ENSG00000138829,6.297768,-2.39340936511,-3.12760603096,-2.36689295394,,-2.4353409433295363,-2.87802250792,-3.11031059954,-2.39375985853,-2.84100819756,-0.964287957326,0.861244666863,-2.52402514247,,,,,,,,,,,,-4.26796021895,-2.99193683539,-1.5042065601,0.137231950431,,-2.51350607386,-2.18683359952,-2.51479315883,-2.50391221876,-2.30595036405,,,,,-2.64002668088,-0.891899964761,,-3.41036642623,-2.33732977604,-1.89143652012,-2.8292608054,,-2.88553370184,,1.83324870071,-1.97139109538
