code,target,ENSEMBL,association,Adipose_Subcutaneous,Adipose_Visceral_Omentum,Breast_Mammary_Tissue,Muscle_Skeletal,DGN_Whole_Blood,Whole_Blood,Artery_Aorta,Artery_Coronary,Artery_Tibial,Heart_Atrial_Appendage,Heart_Left_Ventricle,Spleen,Brain_Amygdala,Brain_Anterior_cingulate_cortex_BA24,Brain_Caudate_basal_ganglia,Brain_Nucleus_accumbens_basal_ganglia,Brain_Putamen_basal_ganglia,Brain_Cerebellar_Hemisphere,Brain_Cerebellum,Brain_Cortex,Brain_Frontal_Cortex_BA9,Brain_Hippocampus,Brain_Hypothalamus,Brain_Spinal_cord_cervical_c-1,Brain_Substantia_nigra,Nerve_Tibial,Cells_Transformed_fibroblasts,Cells_EBV-transformed_lymphocytes,Colon_Sigmoid,Colon_Transverse,Esophagus_Gastroesophageal_Junction,Esophagus_Mucosa,Esophagus_Muscularis,Liver,Minor_Salivary_Gland,Small_Intestine_Terminal_Ileum,Stomach,Adrenal_Gland,Pituitary,Pancreas,Thyroid,Lung,Ovary,Prostate,Testis,Uterus,Vagina,Skin_Not_Sun_Exposed_Suprapubic,Skin_Sun_Exposed_Lower_leg
BLOO01,"ARHGEF25",ENSG00000240771,6.935280,0.690481524908,-0.560577921982,1.19587219921,0.565263624868,4.211486071107395,,4.4270199199,,-1.80621742022,0.100821522113,-0.833251169134,,,,,,,2.24114478002,,,,,,,,0.959464283001,,,0.883775801431,,1.25480775181,-2.38209052159,4.17397975541,,,,,,,,-1.58726208127,4.06422818768,,1.33944784467,,,,0.422944205427,-0.236756794438
BLOO04,"ARHGEF25",ENSG00000240771,1.429154,1.10163957851,2.22993490231,2.08332393474,0.715153648711,-1.4040262950844387,,-0.150544831219,,2.6234146735,1.98915580698,2.12518672653,,,,,,,0.322160126751,,,,,,,,1.02779755315,,,1.36274059878,,0.625617727136,5.54086868847,0.212785724364,,,,,,,,1.61793745835,0.794399426464,,1.88165050669,,,,1.25357220095,2.63842266704
BLOO21,"ARHGEF25",ENSG00000240771,1.628064,0.78290183089,1.9902728803,2.279733271,0.823946050099,-2.0822050888756722,,-0.445804308702,,2.39083871591,1.60245130234,1.95311744346,,,,,,,0.44687374038,,,,,,,,1.05405529981,,,0.983656575218,,0.48751579535,5.31736971447,0.667813282016,,,,,,,,1.45186003712,0.837529477485,,1.50502010937,,,,1.0287322561,2.69376176202
BLOO22,"ARHGEF25",ENSG00000240771,1.531062,0.88269121945,1.99583682238,2.2175655657,0.817458912137,-1.9897670627737427,,-0.281451826753,,2.57944065251,1.64838673829,1.97172723657,,,,,,,0.38999931019,,,,,,,,1.13404631602,,,1.01200899577,,0.690890849914,5.31775540649,0.643789415728,,,,,,,,1.48796297325,0.792412498808,,1.85298057457,,,,1.11370895519,2.70802160773
BLOO29,"ARHGEF25",ENSG00000240771,1.660926,-1.34739598168,-0.347776115486,-0.320127705516,0.104520453612,-2.02283073510453,,-3.43572475162,,-0.209220831472,-1.23193763226,-0.342531562826,,,,,,,-0.185032775873,,,,,,,,-2.43586768435,,,-2.94706876386,,-1.97002237081,5.99621705919,-1.58218748658,,,,,,,,0.128630072348,-2.25204624643,,-1.55621261177,,,,-0.848619042026,0.549790558578
BLOO33,"ARHGEF25",ENSG00000240771,6.133795,0.397651704673,-0.521880792714,1.14886121508,0.988405633469,3.7705477086689476,,3.17209680543,,-1.78479516648,-0.248343086889,-0.827907241158,,,,,,,2.67124825212,,,,,,,,0.139052420968,,,-0.335292417131,,0.57561706655,0.776074683278,4.04614338976,,,,,,,,-1.38091361009,3.62539220358,,0.567652111573,,,,0.377636411779,-0.213845411979
BLOO36,"ARHGEF25",ENSG00000240771,1.377641,0.87936168589,2.17722966098,2.52972739676,0.722175961024,-1.6387276770135846,,-0.472758852972,,2.27299879716,1.86601688067,2.05098780406,,,,,,,0.380487196116,,,,,,,,0.821722054434,,,1.26005353359,,0.216989017123,5.12407487876,0.181841269474,,,,,,,,1.52513462234,0.69352820687,,1.27511041512,,,,1.01967486028,2.81471039297
HEIG03,"ARHGEF25",ENSG00000240771,7.602286,-0.155671367573,-0.07764215252,-0.971382175394,1.14724167881,-0.24062596076262877,,-1.41616395694,,0.314962577607,0.0412015776345,-0.120701036393,,,,,,,-0.907366023249,,,,,,,,-0.534856133707,,,0.510317336802,,0.206826802306,1.63197482742,-3.25952568223,,,,,,,,1.51102187748,-2.16381835647,,-3.09883474932,,,,-0.580587867313,-2.64911940666
RHEU01,"ARHGEF25",ENSG00000240771,4.208225,-0.697139266255,-1.81964551647,-2.1862186404,-1.18685730563,-0.7560516539644255,,-1.36668352406,,-0.291805972252,-1.47571211601,-2.20088050705,,,,,,,-1.67781898611,,,,,,,,-1.07630072936,,,-2.06333082283,,-0.653967218373,-0.79068090709,-5.22421498819,,,,,,,,-0.850480537728,-2.34529999696,,-1.40534386496,,,,-1.83846685931,-1.31792636203
RHEU02,"ARHGEF25",ENSG00000240771,4.182210,-0.59730020165,-1.81964551647,-2.1862186404,-1.18685730563,-0.7560516539644255,,-1.36668352406,,-0.291800773231,-1.47571211601,-2.20088050705,,,,,,,-1.67781898611,,,,,,,,-1.07630072936,,,-2.06333082283,,-0.65051403115,-0.79068090709,-5.22421498819,,,,,,,,-0.850480537728,-2.34158516598,,-1.40534386496,,,,-1.55307297477,-1.31792636203
