code,target,ENSEMBL,association,Adipose_Subcutaneous,Adipose_Visceral_Omentum,Breast_Mammary_Tissue,Muscle_Skeletal,DGN_Whole_Blood,Whole_Blood,Artery_Aorta,Artery_Coronary,Artery_Tibial,Heart_Atrial_Appendage,Heart_Left_Ventricle,Spleen,Brain_Amygdala,Brain_Anterior_cingulate_cortex_BA24,Brain_Caudate_basal_ganglia,Brain_Nucleus_accumbens_basal_ganglia,Brain_Putamen_basal_ganglia,Brain_Cerebellar_Hemisphere,Brain_Cerebellum,Brain_Cortex,Brain_Frontal_Cortex_BA9,Brain_Hippocampus,Brain_Hypothalamus,Brain_Spinal_cord_cervical_c-1,Brain_Substantia_nigra,Nerve_Tibial,Cells_Transformed_fibroblasts,Cells_EBV-transformed_lymphocytes,Colon_Sigmoid,Colon_Transverse,Esophagus_Gastroesophageal_Junction,Esophagus_Mucosa,Esophagus_Muscularis,Liver,Minor_Salivary_Gland,Small_Intestine_Terminal_Ileum,Stomach,Adrenal_Gland,Pituitary,Pancreas,Thyroid,Lung,Ovary,Prostate,Testis,Uterus,Vagina,Skin_Not_Sun_Exposed_Suprapubic,Skin_Sun_Exposed_Lower_leg
HEIG03,"B4GALNT3",ENSG00000139044,7.625435,0.594945473325,-4.16812468119,,-1.90413842241,-0.11049187324114117,-0.968539849796,-5.53593581191,-4.34764676215,-4.84307344883,,,-1.18247109447,,,,,,-3.12996379233,,,,,0.36770862848,,,2.977285634,,-1.52328748736,,2.20643300151,-0.92017143821,2.43880010044,,,2.2063519511,,,,,,-3.69288096791,,-4.84434360981,,,,,0.731838984574,
HIPC03F,"B4GALNT3",ENSG00000139044,4.280909,-0.443095899503,-3.82109525523,,-1.15155199365,1.0489832086519393,0.252713253032,-4.82051397467,-3.66168171641,-4.38121894878,,,0.0108969921889,,,,,,-1.38783245718,,,,,-0.561279451574,,,1.51326896471,,0.170535056594,,1.64009561122,0.0926072927674,1.29864007584,,,1.45963367651,,,,,,-2.55923156856,,-3.69016971631,,,,,-1.04787702876,
HIPC03M,"B4GALNT3",ENSG00000139044,5.805097,-0.969437550269,-2.86994775157,,-0.609731227061,1.5562298419386569,-1.06940038719,-2.6065004314,-2.5651090549,-2.60120511719,,,-1.42167125236,,,,,,0.665692535893,,,,,0.308554334723,,,3.13740744894,,-2.69888087633,,1.1586263289,-1.07332592518,2.52106162606,,,2.03351756475,,,,,,-3.23804038135,,-3.83876097954,,,,,1.39769623361,
HIPC03,"B4GALNT3",ENSG00000139044,8.412210,-0.177614199132,-4.65030237035,,-1.68533861296,1.1568595991639616,-0.581888762409,-5.38549455998,-4.23578952035,-4.711748546,,,-1.11016327157,,,,,,-1.70806184699,,,,,-0.36526689329,,,3.14422954955,,-0.896508397412,,1.85055753927,-0.555592444977,2.5171933185,,,2.02640392724,,,,,,-3.8052425897,,-4.88807418323,,,,,-0.07856403012,
HIPC04M,"B4GALNT3",ENSG00000139044,5.890725,-1.02042711139,-2.79562512587,,-0.607502243398,1.4361016514844778,-1.01285707602,-2.54489728634,-2.52421747435,-2.57421835549,,,-1.36549133875,,,,,,0.516348831739,,,,,0.328103625136,,,3.17893333648,,-2.62806586478,,1.18291520279,-1.13133354286,2.54171425235,,,2.05266719326,,,,,,-3.24888759545,,-3.77756553024,,,,,1.42219961587,
HIPC04,"B4GALNT3",ENSG00000139044,8.935954,-0.220679996815,-4.50692352025,,-1.65356355346,1.1229942934681547,-0.551870977185,-5.22732489409,-4.13015440081,-4.58700050994,,,-1.05066957994,,,,,,-0.920130481712,,,,,-0.322199576756,,,3.19386455995,,-0.873755355324,,1.69495551042,-0.53380000599,2.51699007302,,,2.00615735257,,,,,,-3.77216166817,,-4.76617187745,,,,,-0.0210587971903,
LEAN06B,"B4GALNT3",ENSG00000139044,6.140189,-2.11941415603,-2.10147792554,,-1.29985349896,-0.9866689100561253,-1.14465681599,-4.40499440395,-4.33712224759,-4.52500683203,,,-1.18835064404,,,,,,-3.57889353185,,,,,0.379017515507,,,4.31692069304,,-1.2203763568,,2.06172128004,-1.04789749213,2.49718577462,,,2.80475830776,,,,,,-2.57399914813,,-4.30005786696,,,,,0.736542509553,
LEAN06M,"B4GALNT3",ENSG00000139044,7.440117,-1.69417679757,-1.3923739226,,-1.21004981878,-0.5178294550467731,-0.439628253162,-4.09650039767,-4.30098682826,-4.53485454902,,,-0.482153974321,,,,,,-3.10552838178,,,,,0.0804402831288,,,4.60010197442,,-0.785224465158,,1.85070699012,-0.551362782368,2.63775535045,,,2.90994450033,,,,,,-3.90197097782,,-3.92096262349,,,,,1.05843910612,
LEAN06,"B4GALNT3",ENSG00000139044,9.316944,-2.23328623906,-2.0349171208,,-1.41763732764,-0.8935757109116418,-0.97391488499,-4.8689210917,-4.9757364649,-5.16236719562,,,-1.01922665184,,,,,,-3.85264766192,,,,,0.339956571026,,,5.10139590683,,-1.17559601221,,2.35321037216,-0.896885551398,3.03750092408,,,3.26898520349,,,,,,-3.55423729682,,-4.75260086148,,,,,1.12651828516,
OSTE04,"B4GALNT3",ENSG00000139044,13.377330,-1.28487197093,-0.657591534802,,1.62800462878,0.49377369682463934,0.401297819676,-6.05702113117,-6.26983871439,-6.20814345933,,,0.201756882295,,,,,,-1.6341560557,,,,,0.319969138019,,,4.46596412526,,0.655761954158,,0.524048673426,-0.491841878597,1.88385581697,,,3.58880191782,,,,,,-2.48612399784,,-6.45267611898,,,,,-0.764697012586,
