code,target,ENSEMBL,association,Adipose_Subcutaneous,Adipose_Visceral_Omentum,Breast_Mammary_Tissue,Muscle_Skeletal,DGN_Whole_Blood,Whole_Blood,Artery_Aorta,Artery_Coronary,Artery_Tibial,Heart_Atrial_Appendage,Heart_Left_Ventricle,Spleen,Brain_Amygdala,Brain_Anterior_cingulate_cortex_BA24,Brain_Caudate_basal_ganglia,Brain_Nucleus_accumbens_basal_ganglia,Brain_Putamen_basal_ganglia,Brain_Cerebellar_Hemisphere,Brain_Cerebellum,Brain_Cortex,Brain_Frontal_Cortex_BA9,Brain_Hippocampus,Brain_Hypothalamus,Brain_Spinal_cord_cervical_c-1,Brain_Substantia_nigra,Nerve_Tibial,Cells_Transformed_fibroblasts,Cells_EBV-transformed_lymphocytes,Colon_Sigmoid,Colon_Transverse,Esophagus_Gastroesophageal_Junction,Esophagus_Mucosa,Esophagus_Muscularis,Liver,Minor_Salivary_Gland,Small_Intestine_Terminal_Ileum,Stomach,Adrenal_Gland,Pituitary,Pancreas,Thyroid,Lung,Ovary,Prostate,Testis,Uterus,Vagina,Skin_Not_Sun_Exposed_Suprapubic,Skin_Sun_Exposed_Lower_leg
BLOO07,"ACVR2A",ENSG00000121989,6.437636,4.1856028778,,3.80799708963,4.40263466869,4.3905043420918055,-1.77703740271,4.61549898748,3.8221882131,4.69136169377,4.21505944471,3.56864267201,3.46612655936,,,,,,,,,,,,,,4.74511708868,,,,4.13877692021,,3.26917636009,4.09504891232,,,3.88883806966,4.21510996415,4.11413636962,,4.67474995658,4.11468285702,4.54190049351,,,2.10099694287,,,,
BLOO08,"ACVR2A",ENSG00000121989,11.141776,5.23670512288,,4.579505031,5.98433170875,6.120151018791106,-0.0837448857711,6.04819142443,5.17590614284,6.0654995354,5.77115479038,4.59119323606,5.44506179454,,,,,,,,,,,,,,5.69992856015,,,,5.3139099884,,4.11986345427,4.76223306483,,,5.56333816789,5.67807149829,5.26263982842,,6.12035243481,4.74412537299,6.03459346881,,,4.68405442013,,,,
BLOO14,"ACVR2A",ENSG00000121989,10.890253,5.25555502001,,4.86221857023,5.96118497409,5.945354046854144,0.283166107558,5.98204500874,5.28789277274,6.08096877844,5.71761656441,4.58434292226,5.77238133456,,,,,,,,,,,,,,5.33375129156,,,,5.32996376102,,3.8040399766,4.5023459823,,,5.49913981994,5.61248783041,5.29773847499,,6.143854304,4.26033983775,6.07945209243,,,5.05068829681,,,,
BLOO15,"ACVR2A",ENSG00000121989,12.393135,5.39832163334,,4.78681550664,5.88030971019,5.798889301490614,0.309224195533,5.95202894607,5.28364168555,6.05186261307,5.64349980706,4.61617468162,5.83956421564,,,,,,,,,,,,,,5.29839120351,,,,5.30818699641,,3.8831858245,4.27555209498,,,5.37256059381,5.55183374974,5.17056650758,,6.07641997677,4.10689430287,5.97267670504,,,5.20605867032,,,,
BLOO16,"ACVR2A",ENSG00000121989,10.113081,4.88103433424,,4.5038480114,5.48841903453,5.304413927657554,-1.86787498154,5.67706591715,4.67358602502,5.70346826453,5.18335506012,4.37738708516,4.3179653334,,,,,,,,,,,,,,5.70904060052,,,,4.85865047151,,4.14659287584,4.91994641043,,,4.9482384616,5.21875286466,4.99669036751,,5.7366315243,4.61689706164,5.60643187049,,,2.91662037267,,,,
BLOO17,"ACVR2A",ENSG00000121989,6.958923,4.11723349147,,3.98027985587,4.28770978103,4.098997936341592,-1.52491265404,4.45334147823,3.72113866934,4.64038748628,4.05339676057,3.58419708281,3.50211811537,,,,,,,,,,,,,,4.37200975019,,,,3.95056828703,,3.05784739839,3.84239494619,,,3.79074139464,4.00217352163,3.99050916178,,4.59856881916,3.57603270669,4.44858097634,,,2.16918455937,,,,
BLOO18,"ACVR2A",ENSG00000121989,7.256490,4.16501919863,,3.89338772564,4.15386370524,3.9530523181780453,-1.48492140027,4.35518666983,3.77229171573,4.54007257553,3.96815278929,3.52254081378,3.4320658433,,,,,,,,,,,,,,4.16587787916,,,,3.85705481404,,3.02218728492,3.77945622844,,,3.67614014212,3.8960493279,3.81423193917,,4.46126581616,3.43738221118,4.28505127898,,,2.18065271332,,,,
BLOO31,"ACVR2A",ENSG00000121989,9.832565,-5.03426115045,,-4.6494873075,-5.33763251681,-5.052023746296174,1.60754403117,-5.54441207495,-4.71215329636,-5.68048910684,-5.04898025909,-4.40003602961,-4.48322751839,,,,,,,,,,,,,,-5.1763868439,,,,-4.78913434046,,-3.81841751756,-4.52002009021,,,-4.78798300172,-5.02272455294,-4.77126910791,,-5.63371416295,-4.05358382806,-5.44594193802,,,-3.33322590729,,,,
EDUC03,"ACVR2A",ENSG00000121989,8.084563,-2.5910303704,,-1.451441971,-1.60374160378,-1.8895601509702145,-0.657113911984,-1.65467232078,-1.63043535933,-1.64291601167,-2.62165380219,-1.85950345546,-2.82528072286,,,,,,,,,,,,,,-0.644186824232,,,,-2.82472072761,,-0.669823259854,-2.36795729758,,,-1.67710595878,-1.73369645741,-1.4848029437,,-1.59225590154,-1.70836263963,-1.44445724284,,,-2.97264388805,,,,
NEUR02B,"ACVR2A",ENSG00000121989,10.971469,-2.23930710677,,-1.09650634605,-1.79396475751,-1.6373115715192086,0.232915444076,-2.19811140443,-1.1406500656,-2.51353526868,-1.95812004313,-0.428770686677,-0.578873831973,,,,,,,,,,,,,,-2.29058822201,,,,-1.39950125529,,-2.0635608362,-1.13785684708,,,-2.16100134253,-1.44980356498,-0.832199315238,,-2.12844366543,0.197385835917,-1.63668886564,,,0.955246583424,,,,
NEUR02M,"ACVR2A",ENSG00000121989,8.584459,-1.96459706396,,-1.77422516707,-1.56696701648,-1.18783336566945,-0.506902277396,-1.88387845094,-0.701674083845,-2.18218939037,-1.47114553139,-1.30126119366,-0.52137074837,,,,,,,,,,,,,,-1.78543679088,,,,-1.25021929688,,-2.55033172984,-0.764324149016,,,-1.47626211006,-1.18690411019,-0.54327812011,,-1.76664167719,0.265439469639,-1.27862759939,,,0.572403782086,,,,
NEUR03B,"ACVR2A",ENSG00000121989,5.907455,-2.1510782739,,-0.527094721888,-1.04784256012,-0.7882981650981438,0.464912650135,-1.62616597547,-0.307154672556,-1.8440019601,-1.55949156454,-0.610219461688,-0.484905073377,,,,,,,,,,,,,,-1.4083592966,,,,-1.16445728233,,-1.33252133843,-1.30646158427,,,-1.0151079646,-0.849753184478,-0.225109089301,,-1.4128594112,0.959100985611,-0.931151306046,,,0.0909637392437,,,,
URAT01,"ACVR2A",ENSG00000121989,8.448757,5.014945263,,4.21330732446,5.86262904024,5.4957974890371215,3.10379483066,5.83515154698,5.85157530284,5.61386701534,5.00846546307,4.86492583504,5.14021865709,,,,,,,,,,,,,,4.99044086873,,,,5.13676281993,,4.72028808061,5.05063748134,,,5.37690871407,5.77339483098,5.78276710905,,5.77338685536,3.36733029166,5.77802776085,,,4.34438835224,,,,
URIN07,"ACVR2A",ENSG00000121989,8.793039,-3.79304773218,,-3.76418094869,-5.28384603813,-4.902491229369789,-4.80439858393,-5.23561412231,-4.903777871,-5.04374584281,-4.69858697508,-4.29795646797,-2.82661123688,,,,,,,,,,,,,,-3.84176562877,,,,-3.47245717683,,-4.89529427854,-3.26860459033,,,-5.35204013893,-5.1172678819,-5.39939025922,,-5.29620602441,-4.02032761009,-5.51606761222,,,-2.10692460448,,,,
URIN09,"ACVR2A",ENSG00000121989,8.516798,-3.80102062513,,-3.77579299848,-5.12810910178,-4.754099757747221,-4.77444526349,-5.03792945282,-4.76267292283,-4.8322173297,-4.55962733898,-4.33123579112,-2.76525811694,,,,,,,,,,,,,,-3.93766898866,,,,-3.30417026468,,-4.36621083985,-3.18706662438,,,-5.05388696021,-5.05870088737,-5.32556498669,,-5.12986192809,-3.52782921025,-5.42851472819,,,-2.44080673021,,,,
