code,target,ENSEMBL,association,Adipose_Subcutaneous,Adipose_Visceral_Omentum,Breast_Mammary_Tissue,Muscle_Skeletal,DGN_Whole_Blood,Whole_Blood,Artery_Aorta,Artery_Coronary,Artery_Tibial,Heart_Atrial_Appendage,Heart_Left_Ventricle,Spleen,Brain_Amygdala,Brain_Anterior_cingulate_cortex_BA24,Brain_Caudate_basal_ganglia,Brain_Nucleus_accumbens_basal_ganglia,Brain_Putamen_basal_ganglia,Brain_Cerebellar_Hemisphere,Brain_Cerebellum,Brain_Cortex,Brain_Frontal_Cortex_BA9,Brain_Hippocampus,Brain_Hypothalamus,Brain_Spinal_cord_cervical_c-1,Brain_Substantia_nigra,Nerve_Tibial,Cells_Transformed_fibroblasts,Cells_EBV-transformed_lymphocytes,Colon_Sigmoid,Colon_Transverse,Esophagus_Gastroesophageal_Junction,Esophagus_Mucosa,Esophagus_Muscularis,Liver,Minor_Salivary_Gland,Small_Intestine_Terminal_Ileum,Stomach,Adrenal_Gland,Pituitary,Pancreas,Thyroid,Lung,Ovary,Prostate,Testis,Uterus,Vagina,Skin_Not_Sun_Exposed_Suprapubic,Skin_Sun_Exposed_Lower_leg
BLOO06,"TNFRSF10C",ENSG00000173535,8.957188,-5.57727613248,,,,-5.794692991767179,-4.89684116859,-5.27996356274,,-5.82174693677,-5.18870189713,,,-3.44783421525,-3.56049627682,-2.77354963995,-2.73938670245,-3.99258346226,,-3.02533135647,-3.40254417133,-3.29923729914,-2.97323396664,-3.00284270842,,,-4.639144479,-4.63253593893,-3.12561965777,,,-1.49012978111,-6.07076075615,,,0.0870597005153,,,-4.41791069447,,,-5.29447388548,,,,-2.30659185098,,,,
BLOO07,"TNFRSF10C",ENSG00000173535,15.504678,-6.50196637167,,,,-5.798353627997456,-5.79599508076,-7.81370679891,,-6.6852911518,-6.18513987553,,,-1.10274894039,-2.71092059964,-1.95562615235,-1.0424040534,-3.01546818571,,-1.08116159878,-1.44752738015,-2.79062549978,-1.53615730433,-1.90989516465,,,-4.95777489826,-5.55945498169,-6.17592259926,,,-3.7744789283,-6.18463219219,,,-0.922349217916,,,-3.36838632355,,,-6.77044369547,,,,-0.683622785889,,,,
BLOO08,"TNFRSF10C",ENSG00000173535,9.691158,-6.30684217824,,,,-5.730961169585138,-5.5500388794,-6.54021224148,,-6.31721203206,-4.90007405478,,,-1.39179555669,-2.32595688694,-1.42420988805,-1.18529991778,-2.78347888874,,-1.02324178879,-1.61646921842,-1.73261844715,-0.972134829806,-1.85759674814,,,-4.11948075199,-5.47829873231,-4.1635441144,,,-2.19715198141,-6.23419514589,,,1.22011647629,,,-3.10474272197,,,-6.13063268504,,,,-0.407169474358,,,,
BLOO09,"TNFRSF10C",ENSG00000173535,10.194710,-6.20529382893,,,,-6.253294559220962,-5.42127937322,-6.05321260491,,-6.42516358789,-5.76126197965,,,-3.44300932044,-3.78070502978,-2.92849057874,-2.75423405267,-4.23773304215,,-3.03688778113,-3.45241752533,-3.52511921594,-2.99238014787,-3.12330806179,,,-5.0140865379,-5.17645270018,-3.66016285967,,,-1.92516997141,-6.59496028277,,,-0.0907453140964,,,-4.69593362034,,,-5.91892639307,,,,-2.3354013768,,,,
BLOO10,"TNFRSF10C",ENSG00000173535,10.736648,-6.28806322574,,,,-6.1839034986699355,-5.1680639749,-5.93859003542,,-6.43645848603,-5.47356052436,,,-3.1176322384,-3.43918245493,-2.53078452913,-2.30049921283,-3.97602868149,,-2.69762223763,-3.10750263336,-3.14479750638,-2.56321506181,-2.80669834299,,,-4.90229090621,-5.21866918874,-3.53566552704,,,-2.03203835032,-6.59337152425,,,-0.05540313452,,,-4.32577470579,,,-5.94390878942,,,,-1.87469898825,,,,
BLOO12,"TNFRSF10C",ENSG00000173535,9.769296,-5.94278707671,,,,-5.85414184464488,-5.34789156009,-6.04168915318,,-6.1136379712,-5.29702811549,,,-2.89915790134,-2.97972677469,-2.56462430608,-2.46059078004,-3.62952677767,,-2.40109937436,-2.92009432535,-3.17994433607,-2.36538325143,-2.3691832614,,,-4.46794521281,-5.07968394071,-3.58173627009,,,-1.89010425112,-6.3475774232,,,-0.195463315945,,,-4.28089382603,,,-6.00966557113,,,,-1.6214917298,,,,
BLOO13,"TNFRSF10C",ENSG00000173535,8.911722,-5.64690071991,,,,-5.8385250289227395,-4.93252885973,-5.35990662703,,-5.88215873691,-5.27184194031,,,-3.41761926972,-3.60122936208,-2.77885735069,-2.75003688922,-4.03193288573,,-3.04845820203,-3.42837730216,-3.31580263127,-2.95441437213,-3.04546660974,,,-4.64838851074,-4.70953333547,-3.13501204869,,,-1.52640706435,-6.12310219972,,,0.0683147527706,,,-4.44403872404,,,-5.34003227002,,,,-2.33658428386,,,,
BLOO16,"TNFRSF10C",ENSG00000173535,18.349576,-7.75201236622,,,,-6.911121385138556,-7.00612611966,-9.01995175314,,-7.904651615,-7.03921445696,,,-1.42913894464,-3.05084310738,-2.2933691997,-1.38395852026,-3.57142790836,,-1.26261871449,-1.75249871848,-3.01399570731,-1.82995132003,-2.2701282477,,,-5.73147159784,-6.67720807898,-6.8270618713,,,-4.0292453922,-7.43061413952,,,-0.908517120354,,,-3.92490713131,,,-7.92611807151,,,,-0.699952388458,,,,
BLOO17,"TNFRSF10C",ENSG00000173535,9.157784,-4.85708462746,,,,-4.220227303078838,-4.39684854803,-6.19263203826,,-4.97850375373,-4.81592872102,,,-0.384862113861,-1.97297991796,-1.36368993265,-0.485218464976,-2.11074489449,,-0.520014705681,-0.717357251917,-1.97928801345,-0.947531676914,-1.27225152154,,,-3.65913816864,-4.10305770073,-5.2485118143,,,-3.47507364412,-4.38347870322,,,-0.899243520671,,,-2.28424214189,,,-5.05036323488,,,,-0.378311767951,,,,
BLOO18,"TNFRSF10C",ENSG00000173535,6.376038,-3.99883707825,,,,-3.305947617795019,-3.69586718085,-5.29904324871,,-4.04502384337,-3.82893828175,,,0.123276459826,-1.2278308629,-0.852592954353,0.174558408631,-1.35941117083,,0.0886796687009,-0.0796533892458,-1.39322740341,-0.350033537279,-0.610458619198,,,-2.83811829885,-3.38744197168,-4.71744408897,,,-3.13675827579,-3.4497695119,,,-0.950863689994,,,-1.56513047209,,,-4.282673861,,,,0.175961701931,,,,
BLOO19,"TNFRSF10C",ENSG00000173535,4.917215,-2.86088339221,,,,-4.067893144148093,-4.06701727366,-3.95928025277,,-3.49384032878,-4.62235069472,,,-3.52828334797,-4.14819257064,-3.63251118735,-4.41624436176,-4.13211911025,,-3.58679571984,-3.87951481124,-3.89621081402,-3.83642831606,-3.97085679348,,,-3.25496514049,-2.35516082875,-2.22636609869,,,-0.639585839115,-3.64854672278,,,-0.623625537091,,,-4.8124538241,,,-3.33610953105,,,,-3.69544038041,,,,
BLOO26,"TNFRSF10C",ENSG00000173535,6.683904,2.33830509176,,,,1.3534014383296977,2.09747032752,2.96379389679,,2.16626513385,1.70179006044,,,-1.74142050739,-0.536313587823,-1.70820628349,-4.94447686487,-0.752479234461,,-1.75542914737,-1.75118727424,-0.794148826246,-0.149244510635,-2.62565239865,,,1.9523830362,2.81265332228,4.40858878212,,,0.980944336914,1.84263898186,,,-0.0123091295159,,,-1.10591586012,,,2.09576466908,,,,-2.09841541085,,,,
BLOO27,"TNFRSF10C",ENSG00000173535,8.675697,0.529890864804,,,,-0.2461285630559007,0.771833867256,1.57821097653,,0.514040968699,0.183134638939,,,-2.6237632252,-1.7958527406,-2.90294006294,-5.13221514235,-2.03779102715,,-2.57520917965,-2.83623489923,-1.80768344388,-0.863834188196,-3.26505673607,,,0.732162458935,1.36290617167,2.81778137488,,,0.245323872662,-0.0572003499063,,,-0.422071707197,,,-1.99476957188,,,0.619513413952,,,,-2.44441111927,,,,
BLOO30,"TNFRSF10C",ENSG00000173535,11.228677,-6.16156463706,,,,-6.237165291658082,-5.38314590054,-6.01391705409,,-6.38983716532,-5.68827009625,,,-3.45502521902,-3.7454010073,-2.90033531623,-2.72931789506,-4.18941817287,,-3.00573685136,-3.42006803515,-3.51280050859,-3.007441314,-3.11200999836,,,-5.04483152656,-5.13910447333,-3.67856071044,,,-1.8673077394,-6.56669962722,,,-0.0460601449887,,,-4.6810946701,,,-5.91978005903,,,,-2.31065998931,,,,
BLOO31,"TNFRSF10C",ENSG00000173535,7.486956,4.6502744121,,,,3.800458123937465,4.25448391063,5.96092896589,,4.65146208258,4.10227202436,,,-0.256135114141,1.16569357345,0.832294581716,-0.205955621461,1.41252210743,,-0.25720240493,-0.0365193068574,1.20416940077,0.353741907505,0.720452817819,,,3.16135129857,3.99246621794,4.9369730837,,,3.1139216434,4.07079608164,,,0.823419066496,,,1.53632988885,,,4.91327678837,,,,-0.450781113688,,,,
