code,target,ENSEMBL,association,Adipose_Subcutaneous,Adipose_Visceral_Omentum,Breast_Mammary_Tissue,Muscle_Skeletal,DGN_Whole_Blood,Whole_Blood,Artery_Aorta,Artery_Coronary,Artery_Tibial,Heart_Atrial_Appendage,Heart_Left_Ventricle,Spleen,Brain_Amygdala,Brain_Anterior_cingulate_cortex_BA24,Brain_Caudate_basal_ganglia,Brain_Nucleus_accumbens_basal_ganglia,Brain_Putamen_basal_ganglia,Brain_Cerebellar_Hemisphere,Brain_Cerebellum,Brain_Cortex,Brain_Frontal_Cortex_BA9,Brain_Hippocampus,Brain_Hypothalamus,Brain_Spinal_cord_cervical_c-1,Brain_Substantia_nigra,Nerve_Tibial,Cells_Transformed_fibroblasts,Cells_EBV-transformed_lymphocytes,Colon_Sigmoid,Colon_Transverse,Esophagus_Gastroesophageal_Junction,Esophagus_Mucosa,Esophagus_Muscularis,Liver,Minor_Salivary_Gland,Small_Intestine_Terminal_Ileum,Stomach,Adrenal_Gland,Pituitary,Pancreas,Thyroid,Lung,Ovary,Prostate,Testis,Uterus,Vagina,Skin_Not_Sun_Exposed_Suprapubic,Skin_Sun_Exposed_Lower_leg
BLOO07,"NEU4",ENSG00000204099,18.376379,-1.78115859869,-1.55160918876,-1.44265544736,-2.62839852304,,-0.437154812976,-0.98710755418,,-1.82883020271,,-6.00949339724,0.568505317374,,,,,,,4.10862715412,,,,,0.505248375614,,-2.4838669536,,,,8.13302707672,-3.54454498617,,-2.59948435718,,-1.36846829118,,,-2.73972204578,-0.772861464345,,-7.37342992326,-1.14401506103,,,-3.8128094952,0.606194859042,,0.757141007143,-1.08572737322
BLOO16,"NEU4",ENSG00000204099,15.535809,-1.67474904762,-1.62779282907,-1.32541999022,-2.64934338992,,-0.622428384319,-0.899488192976,,-1.79947749212,,-5.87224012301,0.00591930200409,,,,,,,3.74962793052,,,,,1.09722514756,,-2.53709677956,,,,7.43208360672,-3.39961756646,,-2.83322839635,,-1.35426213206,,,-2.90718853653,-0.665495834126,,-7.05329698724,-1.15015632318,,,-3.68409993001,0.306650522387,,0.564871419022,-1.20508811319
BLOO17,"NEU4",ENSG00000204099,18.684219,-1.08763038866,-0.854661078826,-0.722426414826,-2.62352419087,,0.291674996634,-0.30700963647,,-1.14433217733,,-5.76961982288,1.37841080115,,,,,,,4.23843611925,,,,,0.519529600699,,-1.90850848223,,,,8.18732357025,-2.69592052133,,-2.33437267732,,-1.79348191127,,,-2.96268374588,-0.281519783842,,-7.37654985478,-0.304004815133,,,-4.20481538726,0.945873410043,,1.27494390101,-0.300376787274
BLOO18,"NEU4",ENSG00000204099,13.445729,-0.894183850779,-0.687574987319,-0.572651117953,-2.36308408889,,0.363903918086,-0.298672769716,,-0.915972213804,,-5.45430739494,1.27807279181,,,,,,,3.81193738197,,,,,0.514810034283,,-1.59664284167,,,,7.29350233078,-2.50744755855,,-2.14673483694,,-1.46495627307,,,-2.64335741474,-0.202016166372,,-6.98542738715,-0.142249604069,,,-3.97143526052,0.782601042643,,1.13692332131,-0.20799624555
BLOO31,"NEU4",ENSG00000204099,11.652865,0.453745901514,0.495891914798,-0.0382676107244,2.40011390882,,-0.394811033919,-0.0690262857978,,0.616671408384,,5.1962514578,-1.00965332771,,,,,,,-3.25162340432,,,,,-0.863195115823,,1.44127463849,,,,-6.55182027817,1.92602151624,,2.19868973558,,1.55281300513,,,2.67718070268,-0.17118176206,,6.49362600181,-0.235225601336,,,3.78015670839,-0.661826478143,,-1.23363644912,-0.100766610991
HEIG03,"NEU4",ENSG00000204099,0.705225,0.0623310010943,0.466596263741,1.00124353144,1.15063896349,,0.102061270846,3.63039154889,,0.491329459826,,2.33018774917,2.37831185433,,,,,,,-5.54689129494,,,,,2.4234989856,,0.645669312609,,,,,4.70837988843,,1.26651709559,,-1.08270951154,,,1.09274518509,-1.72399766985,,-0.087238073349,1.00333049856,,,0.820726093379,-2.1107048868,,0.836145028907,-0.149958686002
HIPC03F,"NEU4",ENSG00000204099,0.256177,-0.440941750102,1.8393234869,3.52888217303,0.879676615207,,-2.12278682468,3.98051579388,,1.98344154813,,1.70162374756,1.4056832191,,,,,,,-5.19241502209,,,,,0.374211253408,,0.424139350659,,,,,2.32015292573,,1.63744437102,,0.119284231439,,,-0.802071754419,-1.40920475897,,,1.82410606745,,,-0.621652123036,-0.842989511932,,-1.30128876221,0.0411439457462
HIPC03,"NEU4",ENSG00000204099,0.169334,-0.736473537889,-0.317811557711,0.431684644297,0.263630990792,,-1.07164777219,3.80545842798,,-0.40911647341,,-0.501198644371,0.750286271713,,,,,,,-5.09972805964,,,,,-0.015902578364,,-0.582304515283,,,,,3.61260287135,,0.456264221201,,0.385019517566,,,-1.06708009135,-1.63674702573,,-0.920949602783,-0.0591461903352,,,-1.06174595193,-1.41578413372,,-1.31604564983,-1.15194974291
HIPC04F,"NEU4",ENSG00000204099,0.266450,-0.433639916706,1.80886496552,3.47044513483,0.85845712983,,-1.70170938782,3.55409918962,,1.90566841932,,1.67344542922,1.38599553846,,,,,,,-5.10643008231,,,,,0.368014447004,,0.476920256923,,,,,2.26289693647,,1.58428586008,,0.117308920865,,,-0.788789622172,-1.38586867294,,,1.8034524751,,,-0.611357719651,-0.671993300985,,-1.33392744255,0.0404626007597
HIPC04,"NEU4",ENSG00000204099,0.043846,-0.717130390168,-0.309885772073,0.478336400757,0.468109997905,,-0.898360971472,3.42623747927,,-0.402936836137,,-0.251670359916,0.733241697944,,,,,,,-4.97254748792,,,,,-0.0155059983365,,-0.507069255354,,,,,3.50162917249,,0.482420031114,,0.375417665238,,,-0.824850949783,-1.59592870498,,-0.713636075644,-0.0395828874766,,,-0.953084447111,-1.17042504493,,-1.35387140365,-0.981125310519
WAIS03,"NEU4",ENSG00000204099,1.032756,-0.624431976406,-0.0632726581303,0.612795353276,-0.514582205689,,-0.815687032121,0.575242763364,,0.370919605465,,0.983149722926,1.05885406966,,,,,,,-5.05915933877,,,,,0.726078039514,,0.569723509638,,,,,2.0033994618,,-0.16915302438,,-1.29697532029,,,-0.395836944878,-0.747959211513,,-0.541295632667,0.035575713421,,,0.385966814455,-0.680154252511,,-1.28286509422,-0.57190993206
WAIS04,"NEU4",ENSG00000204099,1.062016,-0.610184871207,-0.0617430325974,0.548085740822,-0.200201014928,,-0.744217242208,0.280571567882,,0.323285216727,,0.753405664668,1.03105985701,,,,,,,-4.9368542503,,,,,0.708525077918,,0.4493065599,,,,,1.9549671781,,-0.104154025694,,-1.26562097916,,,-0.573637428314,-0.729877307061,,-0.269267610217,0.0566359784576,,,0.492074518463,-0.499676666791,,-1.30861084674,-0.681394746563
