code,target,ENSEMBL,association,Adipose_Subcutaneous,Adipose_Visceral_Omentum,Breast_Mammary_Tissue,Muscle_Skeletal,DGN_Whole_Blood,Whole_Blood,Artery_Aorta,Artery_Coronary,Artery_Tibial,Heart_Atrial_Appendage,Heart_Left_Ventricle,Spleen,Brain_Amygdala,Brain_Anterior_cingulate_cortex_BA24,Brain_Caudate_basal_ganglia,Brain_Nucleus_accumbens_basal_ganglia,Brain_Putamen_basal_ganglia,Brain_Cerebellar_Hemisphere,Brain_Cerebellum,Brain_Cortex,Brain_Frontal_Cortex_BA9,Brain_Hippocampus,Brain_Hypothalamus,Brain_Spinal_cord_cervical_c-1,Brain_Substantia_nigra,Nerve_Tibial,Cells_Transformed_fibroblasts,Cells_EBV-transformed_lymphocytes,Colon_Sigmoid,Colon_Transverse,Esophagus_Gastroesophageal_Junction,Esophagus_Mucosa,Esophagus_Muscularis,Liver,Minor_Salivary_Gland,Small_Intestine_Terminal_Ileum,Stomach,Adrenal_Gland,Pituitary,Pancreas,Thyroid,Lung,Ovary,Prostate,Testis,Uterus,Vagina,Skin_Not_Sun_Exposed_Suprapubic,Skin_Sun_Exposed_Lower_leg
BFPC02B,"POC5",ENSG00000152359,7.094614,-3.59996667806,-2.47971820677,-3.54582398763,-3.37345208242,-3.622657564090665,-3.47038400557,-0.868860995408,,0.163929272606,-4.00007819173,-3.70343396093,-2.91310802672,,,,,,-3.8377430154,-2.14127567427,,,,,,,-1.54456563687,-2.82664411712,-3.26175941194,-3.71063355707,-2.30642258697,,-3.52656268123,-0.35344390342,,,-2.84602592444,-3.68357334147,-3.65599569604,-2.54577316781,-3.70851289878,-3.56957991835,-3.05304909,,-4.04058661165,1.40518519366,,,-3.39126705518,-2.92366992123
BFPC02,"POC5",ENSG00000152359,6.918257,-3.73358030939,-2.54990571434,-3.63198851644,-3.64977862582,-3.8172493261661082,-3.59911562481,-0.732285532225,,0.229093313766,-4.12900597546,-3.81204974953,-2.99457677754,,,,,,-3.88583928196,-2.05955708558,,,,,,,-1.71838808145,-2.93062787668,-3.34133446316,-3.83590269729,-2.41044403121,,-3.64208157886,-0.275876998525,,,-2.81743697781,-3.80812415926,-3.81194296502,-2.65973541938,-3.83763152824,-3.70852964333,-3.18319567624,,-4.16409222831,1.25378804511,,,-3.52789646225,-3.16827890535
BFPC03B,"POC5",ENSG00000152359,8.188237,-3.70917744844,-2.5756714064,-3.65051585313,-3.45036813679,-3.7240493932589755,-3.58179391491,-0.95106441074,,0.116394046376,-4.11081436656,-3.82265255044,-3.01343358731,,,,,,-3.96142019184,-2.16556986235,,,,,,,-1.60415985058,-2.92133280965,-3.37731708899,-3.82837451284,-2.37429483333,,-3.64420178975,-0.500648032634,,,-2.94398272846,-3.79964245138,-3.75587493614,-2.62224754535,-3.82505882533,-3.66981176773,-3.16889776138,,-4.14353736347,1.57851239651,,,-3.48961964341,-3.02478307643
BFPC03,"POC5",ENSG00000152359,9.084843,-3.832601189,-2.63976913074,-3.72714702518,-3.71490055972,-3.908525466047469,-3.70133459327,-0.81785780177,,0.180803619538,-4.22794132753,-3.92392909578,-3.09076972656,,,,,,-3.99783409448,-2.06996683514,,,,,,,-1.76456153574,-3.01653170742,-3.45057624513,-3.94638043024,-2.47398979793,,-3.75331328554,-0.457615383492,,,-2.91183513657,-3.91659972382,-3.90050036326,-2.725301295,-3.94652069077,-3.79943692614,-3.29553911516,,-4.25718278631,1.43315912227,,,-3.613772447,-3.26135229361
BFPC04B,"POC5",ENSG00000152359,21.261521,-6.57391908637,-4.28177946765,-5.64219828275,-5.71919338793,-6.116478234989646,-5.99722635761,-2.6905408762,,0.742857041727,-6.59597917839,-6.39029245025,-5.20497107001,,,,,,-7.59324072828,-3.69764455024,,,,,,,-3.2315337309,-4.92741741605,-5.62116496092,-6.45881750103,-3.79723434865,,-6.1067188793,0.206006194606,,,-4.44522599904,-6.48262383264,-6.05968134592,-5.27072757427,-6.456781208,-6.34098790575,-5.39131477133,,-6.81852775635,4.16100176645,,,-6.46504651452,-5.77956463369
BFPC04F,"POC5",ENSG00000152359,12.571137,-5.23006629052,-3.03949832192,-4.28227339419,-5.45094133316,-4.899098669071169,-4.74731326639,-1.15426733841,,0.578993084507,-4.93667094667,-4.94899239942,-4.22725756055,,,,,,-5.96289456681,-2.5248656907,,,,,,,-2.98707536508,-3.834499773,-4.30967518189,-5.06197892123,-3.15706339715,,-4.7700518862,-0.125749662112,,,-3.17764924879,-5.10243961615,-4.88382756706,-4.04579694753,-5.06945900667,-5.02661797018,-4.29656961603,,-5.30082117601,2.86801254188,,,-5.20621303885,-4.4937230832
BFPC04M,"POC5",ENSG00000152359,14.799286,-4.66267400418,-3.34938316141,-4.17780189136,-3.28594528241,-4.309436855181951,-4.27361058876,-2.75047128652,,0.538524921081,-4.94397908725,-4.64744282302,-3.61731949179,,,,,,-5.453162781,-2.98074596348,,,,,,,-1.93630390612,-3.56734736806,-4.1251092641,-4.64587398031,-2.57610988663,,-4.40662090257,0.394478663567,,,-3.45904197685,-4.64438135854,-4.24321934001,-3.86699300773,-4.63666005368,-4.51217471093,-3.81658359861,,-4.94184158251,3.33119591296,,,-4.5322551792,-4.18809999092
BFPC04,"POC5",ENSG00000152359,20.465225,-6.62700609137,-4.24419070558,-5.66459484664,-5.91877729807,-6.16751302801121,-6.03545340299,-2.52122166245,,0.804871839527,-6.58294057037,-6.40162192657,-5.26897201548,,,,,,-7.66360118316,-3.62862960414,,,,,,,-3.33773075602,-4.92515700367,-5.62356967948,-6.48714146534,-3.83314928235,,-6.12161813797,0.198825654468,,,-4.36791693865,-6.51672171539,-6.10604853973,-5.30733585931,-6.48708643408,-6.38001388065,-5.41997174755,,-6.84666916439,4.11351184945,,,-6.53340933128,-5.82838851043
BLOO01,"POC5",ENSG00000152359,7.327053,3.80043728283,2.07344698048,2.71400556742,3.00707682467,2.8153256241443487,3.51333050181,1.25685990139,,-0.114637997322,3.85634771078,3.19092110894,2.70867339487,,,,,,3.99157648615,1.49328020164,,,,,,,1.97684955569,3.02765454478,3.22100511655,3.64961404193,2.14912479237,,2.93996145262,-0.688785623179,,,1.52523824602,3.64530173236,4.27093848523,3.94488055886,3.7077999245,3.24105805175,2.87655183939,,3.89612112905,-2.90096200154,,,3.82873533899,4.76335205732
BLOO29,"POC5",ENSG00000152359,5.453630,-3.46266846051,-1.0069690832,-0.664864079352,-1.33342794349,-2.1684594519234794,-3.37689016986,-0.603976745365,,-0.351115651723,-3.20228508956,-2.71027697869,-2.60292581412,,,,,,-3.67758266044,-1.29388641209,,,,,,,-2.10068725476,-2.88307419751,-3.09147836231,-3.31047891628,-2.4480702266,,-1.85986619099,1.2123357938,,,-1.31068601634,-3.3056212185,-3.80348010927,-3.27151908752,-3.40709329775,-3.05697086802,-2.50180287751,,-3.67706293104,2.87837123725,,,-3.44801259359,-5.89923780942
BODY03,"POC5",ENSG00000152359,21.094280,-6.21286661252,-5.03975126911,-6.06353766863,-3.9955722798,-5.5121247273007965,-5.81525344499,-1.54182715251,,0.630205950071,-5.73304325377,-6.07100263563,-5.28495795076,,,,,,-7.24156901264,-4.15256997755,,,,,,,-3.36756976201,-4.78013227877,-5.53878857484,-6.20674281696,-3.58620927441,,-6.13596619437,-1.15877813658,,,-3.92735306228,-6.16778135039,-5.98628436687,-3.8590908064,-6.22577079366,-5.64588485099,-5.2253804919,,-6.13862425083,5.28176423849,,,-6.25014128231,-5.94760363059
BODY04F,"POC5",ENSG00000152359,16.640563,-4.65396954184,-3.53457261729,-4.50747228388,-2.5740326628,-4.262292236987081,-4.40880234543,-0.574397868091,,1.08517120226,-4.87043835897,-4.62308139027,-4.05435754591,,,,,,-5.27302627078,-2.94902678597,,,,,,,-2.0695032926,-3.521879183,-4.26437619649,-4.76825665808,-2.44676756801,,-4.41687862963,-0.614192349019,,,-2.94174463501,-4.78363181063,-4.67998858626,-2.49949960463,-4.7620654224,-4.01137539291,-3.80416736114,,-4.80939341663,5.1533345238,,,-4.47970446227,-4.70807874572
BODY04M,"POC5",ENSG00000152359,7.280271,-4.15903402738,-3.40164277109,-4.05990549162,-2.83998246661,-3.4552496565785726,-3.81815492754,-1.36307587045,,0.286769502171,-3.90438396052,-3.96654542905,-3.41066288922,,,,,,-5.07229963165,-2.90851841822,,,,,,,-2.22552862895,-3.11515050877,-3.53374499612,-3.97561107427,-2.37125676382,,-4.24125730261,-0.7392297675,,,-2.57865664101,-4.02629250046,-3.75779155856,-3.01067782812,-4.00626803256,-3.92412921189,-3.48576553105,,-3.98244351393,2.48957753888,,,-4.33881164825,-3.70686020109
BODY04,"POC5",ENSG00000152359,20.476527,-6.29304190471,-4.94773359791,-6.14561073603,-4.02420341627,-5.474678871239566,-5.85369500842,-1.47474614114,,0.945276847788,-5.8799026517,-6.1131744434,-5.33894370179,,,,,,-7.40955268054,-4.2313801387,,,,,,,-3.14051246894,-4.72648505575,-5.5352670894,-6.22206127486,-3.44309565557,,-6.13644343866,-1.00227934443,,,-3.99178892955,-6.27898929375,-6.00546343208,-3.95392822353,-6.24296085999,-5.65336399093,-5.18367854774,,-6.25772056771,5.51816397888,,,-6.32232151613,-5.97265899986
BODY06B,"POC5",ENSG00000152359,9.150974,-3.80140943272,-2.33621668367,-3.19745820377,-3.16325364619,-3.485002498220025,-3.48059605099,-0.429492482177,,1.12353062678,-3.88650363691,-3.85529412222,-3.02269544204,,,,,,-3.91383420936,-2.44805821342,,,,,,,-0.853836168356,-2.638231766,-3.22565458339,-3.82362240435,-2.0148148589,,-3.45649388645,0.725236705681,,,-2.90804174704,-3.81592426958,-3.71431972569,-3.02565482045,-3.82848854505,-3.73152997368,-2.95669133861,,-4.12326244204,1.84917251452,,,-3.65949204583,-3.20635245353
BODY06,"POC5",ENSG00000152359,9.223328,-3.79513520542,-2.3041610995,-3.11226171965,-3.30826989162,-3.5546965260375436,-3.48056550393,-0.249411864925,,1.20527371486,-3.88863899966,-3.84093939053,-2.97738970222,,,,,,-3.8123996122,-2.29372795649,,,,,,,-0.883443166733,-2.62896671028,-3.20107024335,-3.82510374985,-1.97886828227,,-3.44277402353,0.760084964987,,,-2.86262064557,-3.81191670305,-3.73774644155,-2.92963820301,-3.8340633894,-3.70585962581,-2.96392062072,,-4.16087126041,1.78368292174,,,-3.64088734877,-3.17340705984
BODY07B,"POC5",ENSG00000152359,10.526090,-3.91647831254,-2.4455240856,-3.28679311872,-3.25550075671,-3.581548030577818,-3.60397993287,-0.521764888098,,1.06563080666,-4.00070468066,-3.98080639637,-3.14057741902,,,,,,-4.0406532512,-2.53751054319,,,,,,,-0.930684402669,-2.75199486086,-3.34410667782,-3.94818691248,-2.10002710868,,-3.57328223198,0.582261803151,,,-3.01851451025,-3.93736567346,-3.81613793324,-3.15254469396,-3.95266328127,-3.83660142609,-3.06165217962,,-4.23166649679,2.03608266929,,,-3.76063362522,-3.31336276391
BODY07,"POC5",ENSG00000152359,9.891604,-3.90101968075,-2.41089102564,-3.18664848375,-3.38882379993,-3.6408654151763034,-3.5977015227,-0.354149426272,,1.14346900363,-3.99353567463,-3.96104809647,-3.09433056705,,,,,,-3.92814880625,-2.37936073352,,,,,,,-0.954403700057,-2.73931080174,-3.31550703666,-3.94351270253,-2.06538793578,,-3.55644333274,0.585646705473,,,-2.97548067284,-3.92662620427,-3.82653481527,-3.05819271376,-3.95163346056,-3.80201136323,-3.06351520587,,-4.26075023807,1.97239147703,,,-3.73024076737,-3.27757502388
BODY08B,"POC5",ENSG00000152359,32.340103,-7.7784231493,-5.28029074213,-6.27907614737,-6.75393544713,-6.95571755447201,-6.99843386338,-3.19785811334,,1.09409617775,-7.45409706745,-7.46113538464,-6.2222601088,,,,,,-8.80432041093,-4.0646175579,,,,,,,-3.48141362131,-5.68715291294,-6.49999304945,-7.55544599358,-4.42844415845,,-6.98482122286,0.613841066083,,,-5.39925162349,-7.60966383161,-7.163204526,-6.58795191026,-7.56894128188,-7.37756906771,-6.18428681394,,-7.82714668885,5.55977523533,,,-7.76451772191,-7.03569247557
BODY08F,"POC5",ENSG00000152359,17.303792,-5.71419173333,-3.65307603257,-4.49930267794,-5.93726796061,-5.115220995075051,-5.15746651472,-1.32782830229,,0.796275748592,-5.30921564466,-5.39161019498,-4.65138661666,,,,,,-6.36520189793,-2.50458068534,,,,,,,-2.82089912074,-4.17690483356,-4.7269619308,-5.53238912536,-3.38645034084,,-5.12452782046,-0.0816771363368,,,-3.72901495143,-5.57460391327,-5.31740139417,-4.74735659843,-5.5513743781,-5.34982893584,-4.5468486403,,-5.78009101729,3.82757067945,,,-5.69808026332,-4.63296257109
BODY08M,"POC5",ENSG00000152359,19.273094,-5.80628717536,-4.13400639652,-4.78351435935,-4.20792815947,-5.187236360378658,-5.20985262789,-3.25967918516,,0.824807121123,-5.70644417084,-5.64560199605,-4.57560300296,,,,,,-6.66009464914,-3.44577234504,,,,,,,-2.37380366702,-4.24551505099,-4.89224937286,-5.65483600134,-3.19146670114,,-5.21948030004,0.913231573668,,,-4.23367879676,-5.69335245628,-5.29930772104,-4.99965325719,-5.65716514784,-5.56633921513,-4.6124766504,,-5.81683463809,4.37004869152,,,-5.80126504769,-5.70929984897
BODY08,"POC5",ENSG00000152359,25.368810,-7.77828422871,-5.23568994626,-6.26588418177,-6.94009862478,-6.952766884668084,-6.99848062006,-2.98121659653,,1.13698528018,-7.43665297121,-7.43533456783,-6.24615066685,,,,,,-8.81740589249,-3.95288232988,,,,,,,-3.52018737809,-5.66449797334,-6.48382186343,-7.5463111669,-4.4213934936,,-6.98353198772,0.512816863297,,,-5.32640252308,-7.60117617285,-7.1643652661,-6.57732253265,-7.56080937208,-7.35022311391,-6.17806562232,,-7.83335870165,5.53050766899,,,-7.76460056998,-6.92310287378
CHOL02,"POC5",ENSG00000152359,6.508302,3.1321420569,1.85197492872,2.57967311107,3.6176958736,2.502569339932208,2.91033046914,0.347827331973,,-1.04525989535,2.6113453286,3.08682017008,2.88864990036,,,,,,3.14661100787,0.79773000847,,,,,,,1.30946601629,2.13851633428,2.56811913107,2.97844357764,1.66168373894,,2.59956025407,-1.1471936834,,,2.21180135518,3.01905864465,2.82042369165,1.03271914817,2.98235261264,2.71465450115,2.30993222699,,3.0917662277,-3.21060337391,,,3.2131983958,3.04061497178
CHOL05,"POC5",ENSG00000152359,7.457038,3.11337488321,1.82185454305,2.61353800515,3.61681903108,2.4552251449352758,2.83069610426,0.319761597572,,-1.25496989328,2.54639542492,3.04420753435,2.80185356008,,,,,,3.17206418351,0.6482498003,,,,,,,1.20617932624,2.05537715332,2.52723571289,2.9224392993,1.51708421221,,2.6174941382,-1.20384490883,,,2.28921589551,2.97254109513,2.81464131576,1.17537107961,2.92809634272,2.65035460472,2.28716795485,,3.04905030471,-3.28765369509,,,3.22223325824,3.10557525861
CHOL19,"POC5",ENSG00000152359,5.845972,3.88204893025,2.90504352802,3.45760508874,3.76594347404,3.568443759453348,4.02200584245,1.61834211953,,1.01313381456,3.13415076749,4.10400864934,3.59623949141,,,,,,3.71587939903,1.64522630939,,,,,,,2.53239529667,3.39004040058,3.74497049625,3.96111145474,2.96939533416,,3.50339534396,-0.0576844013639,,,3.09600152319,3.9524444107,3.45220440588,0.962688895609,3.94630585155,3.66646397398,3.41690543655,,3.75515967481,-3.75272720105,,,3.79495289935,4.01850354363
CHOL20,"POC5",ENSG00000152359,5.654215,3.62722748763,2.45911758049,2.95126728105,3.73908464111,3.0826039591859518,3.54799148781,1.35709530787,,0.43196344924,2.76159215104,3.58753233599,3.37306278696,,,,,,3.64159476378,1.50317677366,,,,,,,2.38875216222,2.85510654027,3.1378026886,3.49739666072,2.47873892379,,3.0270091736,-0.363687113311,,,2.62171547861,3.6438926623,3.1920470095,0.945959355333,3.49404034274,3.33588342208,2.87264768103,,3.47092522337,-3.48278562854,,,3.75176135088,3.56266917239
CHOL21,"POC5",ENSG00000152359,23.928081,5.91021239638,4.02741564225,5.13987075224,6.04029714188,4.612936923081497,5.10512607433,-0.727760402717,,-3.62698671342,4.7177534965,5.74883045578,4.76158929678,,,,,,7.77082294504,2.48557314721,,,,,,,1.30926061547,3.77589861646,4.80058995185,5.65136577539,2.16154408936,,5.9942687496,-1.53996249113,,,3.11084036682,5.682678442,6.02302284542,4.99301261721,5.67871094447,4.89658605515,4.17573552486,,6.00553720664,-6.183520353,,,6.02548382438,4.80997593727
CHOL27,"POC5",ENSG00000152359,21.322384,5.69016332648,3.67787244993,4.58149231819,5.59177534602,4.251073445473651,4.86937088039,-0.798077638461,,-3.30066783985,4.4959995,5.50716555016,4.57906812542,,,,,,7.3974604712,2.1377868033,,,,,,,0.96584908078,3.52271862897,4.5981628317,5.3982942051,2.07657526288,,5.7456392095,-2.02091797539,,,2.93818188817,5.4987170769,5.77333777668,4.98186081932,5.42091763372,4.85920079211,4.01585378157,,5.77259491032,-5.429747432,,,5.85014303625,4.52703638341
CHOL28,"POC5",ENSG00000152359,7.312828,3.24298438945,1.98087657667,2.62037467446,4.10599615463,2.622345456230803,2.99028874172,0.213942226025,,-1.19478217062,2.81713675748,3.22285038562,2.99535652146,,,,,,3.20630303725,0.69424496767,,,,,,,1.2298795077,2.26783311516,2.68924137136,3.10427415711,1.66540039013,,2.65140106729,-1.21434651228,,,2.36249612378,3.03789508983,2.96403425609,1.35552007492,3.10106688146,2.77529602632,2.43259823351,,3.24261848432,-2.94945176323,,,3.25076116582,3.14647122818
CHOL30,"POC5",ENSG00000152359,7.922705,3.14157679788,1.91555163756,2.60429799365,3.69694227579,2.438958955939526,2.8369449872,0.247309250787,,-1.34160262511,2.68529724623,3.09484946518,2.80801538951,,,,,,3.10675745235,0.582140639993,,,,,,,1.10610513109,2.0880560063,2.56137555583,2.95357284647,1.54148643195,,2.52648120853,-1.1830652363,,,2.28228845704,2.86216306235,2.87867709079,1.46732293588,2.95512836467,2.65669229561,2.30257009964,,3.10298458411,-2.89684386031,,,3.13835972105,3.05741418825
CHOL32,"POC5",ENSG00000152359,8.134600,3.2274509113,1.80906219225,2.52612405375,4.0880614693,2.5868637600838014,2.88830168585,0.404667121469,,-1.07957509903,2.50600299895,3.06157516363,2.86469369231,,,,,,3.39217629906,0.541831281496,,,,,,,1.38614065835,2.20575332974,2.63670311907,2.99704323515,1.55250582062,,2.68779346563,-1.35307823312,,,2.32872388766,3.11726952045,2.91059306765,1.30818791408,2.99653179874,2.73396575615,2.38334912318,,3.08053351918,-3.39879020161,,,3.37887951876,3.2694366239
FATM02B,"POC5",ENSG00000152359,11.276101,-4.66318245657,-3.35893897068,-4.17714746118,-3.97809362994,-4.518523461356015,-4.42072408744,-1.49822161839,,0.0408977199631,-4.94705233736,-4.70570210997,-3.85845526277,,,,,,-4.81363925565,-2.75992580598,,,,,,,-2.20686188726,-3.61520848283,-4.12064988167,-4.68720674984,-3.0648519145,,-4.40055899317,-0.158064877002,,,-3.4128737962,-4.67755832987,-4.69004748477,-3.54780712816,-4.69194162562,-4.63133427864,-3.86615560722,,-5.00732117346,1.64018463424,,,-4.49669566175,-3.99867249455
FATM02,"POC5",ENSG00000152359,11.044024,-4.68289861855,-3.34349793384,-4.0875139959,-4.16518960417,-4.602515814421496,-4.43205994664,-1.31272748678,,0.144267275086,-4.946083852,-4.70073412205,-3.83865801248,,,,,,-4.74045378878,-2.59989581214,,,,,,,-2.26951008935,-3.61718922278,-4.1015364694,-4.70049252071,-3.05717743099,,-4.40673127045,-0.0953555017575,,,-3.35505626612,-4.68985225767,-4.72917677408,-3.55084489656,-4.70928047392,-4.6338797409,-3.88612168492,,-5.03937103474,1.55812054822,,,-4.51972903414,-4.07234083321
FATM03B,"POC5",ENSG00000152359,10.789601,-4.78115281865,-3.45676064563,-4.2863645395,-4.08419587761,-4.629067159753704,-4.54658488176,-1.58624363965,,-0.00580480192605,-5.05713972195,-4.83652023981,-3.97504989161,,,,,,-4.94363376031,-2.80296247293,,,,,,,-2.2825927266,-3.7287314174,-4.24586529397,-4.81618387001,-3.14626767747,,-4.51977504304,-0.288637136295,,,-3.52041348055,-4.80321884547,-4.79917369626,-3.63962826288,-4.82014956049,-4.73933886891,-3.98185733837,,-5.1240413469,1.82417293905,,,-4.60042363101,-4.1122326742
FATM03,"POC5",ENSG00000152359,10.333173,-4.79061001853,-3.43631921427,-4.18866259424,-4.26126979846,-4.70409763816389,-4.55100062029,-1.41167968317,,0.0920903452883,-5.04368175586,-4.82565696893,-3.95204125373,,,,,,-4.85834239114,-2.6324333941,,,,,,,-2.3379443735,-3.72552439093,-4.22247050708,-4.8231089316,-3.13853912,,-4.52020861807,-0.257998195788,,,-3.46306605773,-4.80841125233,-4.82688750319,-3.63475119679,-4.83081857673,-4.73289290424,-3.99749129795,,-5.14732306221,1.74781507383,,,-4.60997011082,-4.1811408783
FATM04B,"POC5",ENSG00000152359,31.044909,-8.13938826098,-5.55703425549,-6.69034589483,-7.15580936355,-7.513124493461751,-7.42105748032,-3.61340184465,,0.618568336159,-7.93805378384,-7.8767777612,-6.56014848099,,,,,,-9.25390311715,-4.28301048808,,,,,,,-4.2347710853,-6.15886385505,-6.92765798215,-7.93229817126,-4.85244813732,,-7.53250841146,0.316852198742,,,-5.6524495164,-7.97546043492,-7.63048733419,-6.77315694077,-7.94394635916,-7.80272284348,-6.64811043716,,-8.29444642447,5.14515320725,,,-8.07902092755,-7.25145874353
FATM04F,"POC5",ENSG00000152359,17.503956,-5.7117888883,-3.47843519899,-4.38786582298,-5.95030986529,-5.206162685329371,-5.11574704512,-1.18854498291,,0.969487085389,-5.31608813265,-5.37326321915,-4.52381992323,,,,,,-6.52100901934,-2.31929117425,,,,,,,-3.06786211385,-4.09626508613,-4.64845560458,-5.49061757953,-3.28554070433,,-5.24820542497,0.284801371654,,,-3.65685925734,-5.54159844789,-5.37533842679,-4.86004901919,-5.50999654768,-5.35511369144,-4.50577288418,,-5.77880796328,3.6378595294,,,-5.72428314449,-4.77308438995
FATM04M,"POC5",ENSG00000152359,21.131115,-6.36892759119,-4.70621409192,-5.49593321999,-4.80865737231,-5.935111718122398,-5.88501424471,-3.97433126512,,0.0292648039577,-6.42800935058,-6.29465028894,-5.20110385313,,,,,,-7.21802939557,-3.93676559909,,,,,,,-3.23215408415,-5.0111177846,-5.60175695722,-6.27132053105,-3.89873828278,,-5.9263188292,0.194594113523,,,-4.68641888951,-6.28747638051,-5.95263002448,-5.2111780448,-6.2708914155,-6.20763017131,-5.3373933282,,-6.52573915685,4.00320733308,,,-6.27510978533,-5.94285825611
FATM04,"POC5",ENSG00000152359,29.721269,-8.06902226545,-5.43392568713,-6.58191557575,-7.2561187697,-7.427136461295648,-7.33238545902,-3.31170713916,,0.747815629182,-7.8085004536,-7.76175229904,-6.49569526463,,,,,,-9.21203048158,-4.07266594588,,,,,,,-4.22115324613,-6.04017529718,-6.81859179181,-7.83883931498,-4.7657396656,,-7.44354149928,0.345547465476,,,-5.50434376322,-7.88788523358,-7.5526575202,-6.77148140628,-7.85208221317,-7.70100596199,-6.54543954723,,-8.21019570888,5.12445859384,,,-8.02619698477,-7.14778407197
HIPC01F,"POC5",ENSG00000152359,11.981216,-4.97504018426,-3.79200545296,-4.49171581855,-3.50036148585,-4.6987736334432455,-4.75142332698,-1.88380199954,,0.156305990282,-5.17841309843,-4.85839008504,-4.15392080198,,,,,,-5.51166686033,-3.68531643007,,,,,,,-2.99221612301,-4.00745653994,-4.52465016673,-4.97590568772,-3.31398445731,,-4.74888973603,-1.34684558432,,,-3.07258362581,-4.97546541585,-4.99224015416,-2.71269155617,-4.9778436451,-4.59559694503,-4.38037756164,,-5.01694779367,3.84209943074,,,-4.88509354167,-4.6998669877
HIPC01,"POC5",ENSG00000152359,13.660608,-5.66560808761,-4.52762145544,-5.20564297478,-4.12566776676,-5.435343714416012,-5.51506767622,-2.14874867374,,-0.0949281491397,-5.8036949931,-5.62826971023,-4.75775214503,,,,,,-5.98807659171,-3.89161986115,,,,,,,-3.29173644035,-4.7833194772,-5.22243159077,-5.74326234735,-3.8779722382,,-5.52682177282,-1.64230457673,,,-3.64415855293,-5.78896860313,-5.69725679434,-3.09158401514,-5.74071216992,-5.44677731247,-5.15905893332,,-5.87457512173,3.44885313908,,,-5.58262509087,-5.64433759062
HIPC02F,"POC5",ENSG00000152359,11.760225,-4.89971382854,-3.75950490417,-4.42833610155,-3.42723757353,-4.670683776222941,-4.70493746934,-1.90275991136,,0.133833857201,-5.13704901239,-4.80486421962,-4.12588241778,,,,,,-5.37126645704,-3.65840456826,,,,,,,-2.97540283394,-3.97902594398,-4.45945168568,-4.92809570122,-3.34231293204,,-4.68795824689,-1.35841130286,,,-3.08712031906,-4.93267959106,-4.93490774005,-3.05283888779,-4.9301308083,-4.53146054997,-4.36293761113,,-4.95400469522,3.71809680473,,,-4.76805290546,-4.64554156892
HIPC02,"POC5",ENSG00000152359,14.121478,-5.56000779513,-4.47578654216,-5.11292902996,-4.09187082906,-5.355954622264826,-5.40856866482,-2.08797033889,,-0.194913104713,-5.63270938074,-5.50536776307,-4.64779550016,,,,,,-5.89449953713,-3.87247513226,,,,,,,-3.30681341496,-4.71241491759,-5.10803626242,-5.65023855043,-3.83112128456,,-5.42377341796,-1.625484865,,,-3.51063861784,-5.68335252872,-5.60558591911,-3.23161040347,-5.65087751024,-5.35697555794,-5.07844500087,,-5.72037996228,3.4436538687,,,-5.52398213331,-5.55173357183
LEAN04B,"POC5",ENSG00000152359,8.861918,-4.74022385665,-3.38397516804,-3.19198964878,-4.21051686298,-4.304775458281318,-4.28662654867,-1.80816947101,,-0.0085739832951,-4.7461481859,-4.55543466925,-4.06630246317,,,,,,-4.71628650357,-2.11502311087,,,,,,,-2.20356358549,-3.50289032528,-3.94271216005,-4.54930680054,-3.12869872922,,-4.22311523572,-0.0328690180219,,,-2.9149630852,-4.59343867021,-4.64951062409,-4.264333581,-4.56004718986,-4.60507686014,-3.811578824,,-4.63005692359,2.27571172965,,,-4.76561088291,-4.51831073774
LEAN04,"POC5",ENSG00000152359,8.501138,-4.92387945554,-3.68135336399,-3.72075362192,-3.87835823263,-4.457541848870323,-4.54104758744,-2.09971246294,,-0.306642845066,-5.14437534694,-4.78739977762,-4.23075503335,,,,,,-4.99850288555,-2.51651606452,,,,,,,-2.50291364212,-3.75263479444,-4.17445527056,-4.74131644781,-3.37063922457,,-4.46339828014,0.0403886522092,,,-3.03435447076,-4.77822640814,-4.90765069487,-4.5575286914,-4.74720360881,-4.89053687184,-4.0516533361,,-4.75429274977,2.12523688162,,,-4.92391920007,-4.91919305669
LEAN05B,"POC5",ENSG00000152359,9.215219,-4.73739244994,-3.4188754151,-3.22886349044,-4.21376632447,-4.313969203213185,-4.3118611396,-1.86113843975,,-0.0547411712752,-4.71301402395,-4.57244489479,-4.0821219086,,,,,,-4.71219334391,-2.17061409105,,,,,,,-2.25559172359,-3.52579434826,-3.95382189153,-4.56438348556,-3.16120716206,,-4.22926413191,-0.0604892731557,,,-2.93796856934,-4.60283724081,-4.62951309496,-4.27322936149,-4.57557305914,-4.60314512586,-3.82199248857,,-4.63087304002,2.32963516553,,,-4.74665931266,-4.54286963661
LEAN05,"POC5",ENSG00000152359,9.454470,-4.96161680967,-3.71707340459,-3.76842985457,-3.92884418802,-4.497522559932883,-4.59081885072,-2.13668526483,,-0.306898674805,-5.16948790626,-4.83478544054,-4.27815635125,,,,,,-5.03730338384,-2.57039500553,,,,,,,-2.54150760458,-3.7939419969,-4.21249027265,-4.78822465734,-3.40469131387,,-4.49899187058,0.0264946782191,,,-3.06608416167,-4.8221619424,-4.92893959088,-4.60591265505,-4.79401315227,-4.92223660028,-4.08728586473,,-4.79476176031,2.18864644553,,,-4.95194229114,-4.95792248243
LEAN06B,"POC5",ENSG00000152359,23.551866,-7.81762388788,-5.62662853391,-5.75741573755,-7.27328963278,-7.0966725454730035,-7.07073350523,-3.43946367917,,0.13994569767,-7.52906211875,-7.41100940521,-6.55431752659,,,,,,-8.52204538061,-2.919244112,,,,,,,-4.12918681176,-5.99352701148,-6.58217821686,-7.47338366861,-4.98564983423,,-7.19373111293,-0.242321038269,,,-5.41140802899,-7.55475126015,-7.50333491627,-7.11825627788,-7.5079532657,-7.38096655577,-6.31092940703,,-7.66308200731,5.2497637196,,,-7.91227493063,-7.28233588569
LEAN06F,"POC5",ENSG00000152359,17.650509,-5.62891835327,-3.77911556639,-3.98212070411,-6.00286929436,-4.939776895464992,-4.90794531091,-1.68829626042,,0.996312862416,-5.24268691826,-5.19161105381,-4.56871860893,,,,,,-6.27050204198,-1.4092911654,,,,,,,-2.5425332596,-4.05837765695,-4.57297767149,-5.31261764936,-3.21035145311,,-5.13305162914,0.00708235966095,,,-3.75805932788,-5.39297110232,-5.33130731234,-5.43466798945,-5.34564883482,-5.09892661945,-4.36041131622,,-5.54838700351,4.35077315849,,,-5.76077653334,-4.87935689179
LEAN06M,"POC5",ENSG00000152359,13.587321,-6.41935606201,-5.0480132038,-4.9841033698,-4.77184700061,-6.096081275572067,-6.09486428502,-4.06102447262,,-1.29007014769,-6.46309211701,-6.31341492063,-5.61996965229,,,,,,-6.78499608159,-3.48425402403,,,,,,,-4.06694137029,-5.32671603157,-5.66672694541,-6.24596007298,-4.69150906066,,-5.98180809857,-0.485505564166,,,-4.66280961637,-6.27833433203,-6.27521140719,-5.3559392472,-6.26152624449,-6.39955034412,-5.47109752172,,-6.24510435455,3.41628538381,,,-6.39584847491,-6.5521423163
LEAN06,"POC5",ENSG00000152359,24.815252,-8.12346489513,-6.04468146176,-6.07513217565,-7.01342773485,-7.510436617515449,-7.48239920993,-4.13151303522,,-0.529482275694,-7.97505050104,-7.81167186804,-6.9322970113,,,,,,-8.79055727725,-3.5322001092,,,,,,,-4.59561804981,-6.4183678696,-6.9673494362,-7.81810536007,-5.430918982,,-7.52963824175,-0.43144184248,,,-5.73922153642,-7.88565905957,-7.85507424611,-7.11968832406,-7.84628744963,-7.82262562829,-6.70448837026,,-7.94219455621,5.05553591031,,,-8.17429220256,-7.80942784449
LIPI04,"POC5",ENSG00000152359,6.204468,3.24013906793,2.00665254912,2.74899845379,3.69744206238,2.6385023970936103,3.03860985168,0.437455006151,,-0.836113764269,2.75474035469,3.20472660029,2.97045313759,,,,,,3.2563677136,0.765216233363,,,,,,,1.43513646398,2.2774146662,2.68954269891,3.08440335042,1.78482798994,,2.68579725002,-0.961838469017,,,2.37282812705,3.1240399329,2.92713833005,1.03153833335,3.08845657582,2.81715499573,2.42633693902,,3.21763558789,-3.16874192753,,,3.32758810958,3.18341632796
LIPI07,"POC5",ENSG00000152359,6.903681,3.16402846739,1.90949142529,2.68648710438,3.60381754141,2.5446154780515253,2.90446145326,0.402766377856,,-1.09146064022,2.59650183842,3.10535165953,2.82011614592,,,,,,3.20118361684,0.588001813158,,,,,,,1.26143711571,2.13070535782,2.59622536464,2.97747844641,1.6036942041,,2.66287622615,-1.12370057598,,,2.3442287162,3.02700948101,2.86004578068,1.16047838813,2.98003138355,2.71112255069,2.34486287371,,3.1240923875,-3.20266962987,,,3.27600374034,3.17857977871
LIPI09,"POC5",ENSG00000152359,7.121174,3.28670160684,1.97541962023,2.79342062325,3.66838839371,2.6845218454428874,3.00009339536,0.671989867197,,-0.821520502602,2.54628647891,3.1906245774,2.83514800834,,,,,,3.40080608158,0.436617448819,,,,,,,1.4257139044,2.30032028682,2.73859176302,3.06530356457,1.70754279156,,2.72487307795,-1.09204129218,,,2.51682059689,3.12412588235,2.97720450705,1.35322565994,3.06810048557,2.80936718102,2.50533194386,,3.20464001671,-3.29201598173,,,3.43007567926,3.31450402232
LIPO03,"POC5",ENSG00000152359,6.947806,3.25023922385,2.04944237189,2.7910647283,3.66844300454,2.6681629568245477,3.06748154182,0.478952298497,,-0.749297217759,2.79366077848,3.22592023215,2.96711554108,,,,,,3.26176375029,0.756329987841,,,,,,,1.46212316493,2.30403362173,2.70972341761,3.09904737077,1.82040142757,,2.69735781655,-0.882739006336,,,2.41362201259,3.13668200481,2.94189642626,0.9728266853,3.10322101614,2.82891111931,2.44840027315,,3.24021881634,-3.13770787326,,,3.33518048248,3.21731393788
LIPO06,"POC5",ENSG00000152359,6.618542,3.20664665885,1.97807201461,2.75491309739,3.59404127217,2.60822927973779,2.96249313366,0.454544951742,,-1.00253430038,2.65746046465,3.15715606513,2.8464999852,,,,,,3.24731950914,0.609692865784,,,,,,,1.31489753764,2.18919615979,2.64785198042,3.02455489248,1.66659721092,,2.70965859026,-1.04839811662,,,2.40502484162,3.07224583672,2.90978340018,1.12804176775,3.02643669844,2.75962400401,2.39688052626,,3.18156553001,-3.19491418589,,,3.31634399374,3.24567558279
LIPO10,"POC5",ENSG00000152359,7.580523,3.38723136948,2.14512248863,2.93338833182,3.68870035572,2.810637584803541,3.13739137964,0.73022745191,,-0.645006440605,2.65181015279,3.32228618644,2.92918828988,,,,,,3.50811364209,0.572061219863,,,,,,,1.56590336999,2.41759907291,2.84917393732,3.18583930377,1.84447071939,,2.88297513005,-0.963190157895,,,2.6311644801,3.23684679625,3.12038284738,1.27031589027,3.18480088926,2.92356099601,2.62019438859,,3.32385151916,-3.47102554775,,,3.51300456379,3.42111941048
OBES01,"POC5",ENSG00000152359,9.186266,-3.2135913698,-2.5306922884,-3.00745526352,-2.07467313247,-2.8231545401541958,-2.91690907202,-0.282935541308,,1.1560512872,-3.42025632681,-3.12220978988,-2.36506845165,,,,,,-4.16525261357,-2.37120685485,,,,,,,-1.19590495833,-2.16663392036,-2.73237875579,-3.14166276857,-1.26808795783,,-3.15103730615,0.692012219958,,,-2.31415626095,-3.17578503708,-3.32851549514,-1.55354229744,-3.15751028494,-2.71805255311,-2.62402446041,,-3.43334208866,4.0069713781,,,-3.15820693681,-3.29979651967
OBES02,"POC5",ENSG00000152359,6.112113,-3.39952239469,-3.13802401949,-2.8870021845,-2.48934186201,-3.169492719898228,-3.10486306588,-0.71740469294,,0.622632158335,-3.24968783599,-3.35258475762,-3.17136901503,,,,,,-3.76579279295,-2.41535314135,,,,,,,-1.68000427086,-2.4941322269,-2.90107880406,-3.35575043493,-1.83382831567,,-3.23366045694,-0.663175152111,,,-2.59802481854,-3.34445059917,-3.31291921555,-1.95794015562,-3.36337521219,-3.02023240493,-3.04005525424,,-3.49109498162,3.18613103583,,,-3.33111765996,-3.30077822653
OVER01,"POC5",ENSG00000152359,7.605338,-3.10750122668,-2.14696143851,-3.2050469289,-1.31661739261,-2.619788513582049,-2.83606245959,0.34176185626,,1.83633844246,-3.07783268167,-3.04654911605,-2.30645481343,,,,,,-3.69584908014,-1.35492059689,,,,,,,-1.01775986509,-2.04564419595,-2.65674006504,-3.07566796157,-1.23280448305,,-2.98127412304,1.13314939471,,,-2.19386023286,-3.0683407108,-3.21663697156,-1.42123112422,-3.09446588696,-2.80380421683,-2.60167104859,,-3.29834644263,3.34167360572,,,-2.9890168385,-3.29986710573
PHLI09,"POC5",ENSG00000152359,6.911155,3.01407404798,1.96347245616,2.49430485948,3.51667814531,2.4434358195789985,2.82725138839,0.304608185592,,-1.20731264223,2.65338729962,3.07620838128,2.7127150642,,,,,,2.83676533428,0.567329291351,,,,,,,1.0348495981,2.08412836408,2.52088803518,2.90907036049,1.58227410427,,2.53433040003,-1.05406798409,,,2.19142203179,2.77720511095,2.81925085332,1.08491943366,2.90423018063,2.58259605086,2.25408983499,,3.10366451359,-2.84639871775,,,2.95973824668,2.91784902882
WAIS01F,"POC5",ENSG00000152359,15.407801,-5.93218363929,-4.40661444159,-5.50407064409,-3.92895707782,-5.620101034392543,-5.57563623403,-1.85641157123,,0.100536405435,-5.95682642213,-5.77891112164,-5.09202780032,,,,,,-6.46640253156,-4.33427059225,,,,,,,-3.34750319224,-4.82475953239,-5.35196096458,-5.91931916256,-4.02038572518,,-5.60448706831,-1.44876744508,,,-3.77537631655,-5.9689069128,-5.85213619961,-3.97931227327,-5.91878432158,-5.44799864648,-5.27887619234,,-5.85852349437,4.24394059166,,,-5.88022275882,-5.43847140856
WAIS01,"POC5",ENSG00000152359,15.689094,-6.31393950167,-4.77856765316,-5.75285156257,-4.44686163084,-5.911573593463626,-5.92298293973,-1.85613435814,,-0.0889004243435,-5.92866486288,-6.15774157053,-5.3111309089,,,,,,-6.74262284187,-4.15710672093,,,,,,,-3.35990327174,-5.20554075005,-5.61120712477,-6.27653003722,-4.11084269233,,-5.9002148035,-1.58240113071,,,-3.88300314425,-6.34042024497,-6.09089692785,-4.20139671786,-6.28660467069,-5.89377353862,-5.51413736544,,-6.32592320718,3.61571003536,,,-6.28656554045,-5.91917258673
WAIS02F,"POC5",ENSG00000152359,15.987331,-5.82304723259,-4.34342661454,-5.4163316031,-3.84851014045,-5.535906541831313,-5.4628259175,-1.86837694851,,0.151675415647,-5.88661763464,-5.67222818278,-5.02108284581,,,,,,-6.3263504135,-4.22563756133,,,,,,,-3.27281628203,-4.7610004405,-5.2460109459,-5.83114168811,-3.97681110762,,-5.52280389556,-1.47859973664,,,-3.77760008244,-5.88384932291,-5.76121272224,-4.30528931,-5.83172137651,-5.3434358243,-5.20530998136,,-5.7383669455,4.22855467406,,,-5.77194726467,-5.35012126149
WAIS02,"POC5",ENSG00000152359,16.300206,-6.11956991365,-4.66489137383,-5.59352888757,-4.34945233233,-5.7376413263805155,-5.71794084608,-1.79788729315,,-0.10995142811,-5.67737142217,-5.94628791232,-5.1041747754,,,,,,-6.53445360303,-3.96894024337,,,,,,,-3.29605756866,-5.06265725493,-5.43314035396,-6.10122089071,-3.96211360049,,-5.73467103033,-1.57238078972,,,-3.7616533038,-6.14525388488,-5.92248973892,-4.24618827938,-6.11381932936,-5.68720483409,-5.34195954669,,-6.0871721678,3.75318197311,,,-6.12644017156,-5.7528440457
WEIG04F,"POC5",ENSG00000152359,6.870310,-2.85307658343,-2.15695683667,-2.48653827348,-1.89186541745,-2.842791072531347,-2.66337592527,0.0530021000273,,1.50425546131,-3.24488244656,-2.92209135161,-2.62544158722,,,,,,-3.01542967179,-1.87419877888,,,,,,,-0.523992037352,-2.06453642143,-2.5619701366,-2.9732662102,-1.34163120762,,-2.78963204628,0.0298123811159,,,-1.99757048493,-2.91427758291,-3.1252551228,-0.728372839206,-2.95707221166,-2.5221664578,-2.28505937795,,-3.23912802005,1.81896546651,,,-2.67714731007,-3.32589780206
