code,target,ENSEMBL,association,Adipose_Subcutaneous,Adipose_Visceral_Omentum,Breast_Mammary_Tissue,Muscle_Skeletal,DGN_Whole_Blood,Whole_Blood,Artery_Aorta,Artery_Coronary,Artery_Tibial,Heart_Atrial_Appendage,Heart_Left_Ventricle,Spleen,Brain_Amygdala,Brain_Anterior_cingulate_cortex_BA24,Brain_Caudate_basal_ganglia,Brain_Nucleus_accumbens_basal_ganglia,Brain_Putamen_basal_ganglia,Brain_Cerebellar_Hemisphere,Brain_Cerebellum,Brain_Cortex,Brain_Frontal_Cortex_BA9,Brain_Hippocampus,Brain_Hypothalamus,Brain_Spinal_cord_cervical_c-1,Brain_Substantia_nigra,Nerve_Tibial,Cells_Transformed_fibroblasts,Cells_EBV-transformed_lymphocytes,Colon_Sigmoid,Colon_Transverse,Esophagus_Gastroesophageal_Junction,Esophagus_Mucosa,Esophagus_Muscularis,Liver,Minor_Salivary_Gland,Small_Intestine_Terminal_Ileum,Stomach,Adrenal_Gland,Pituitary,Pancreas,Thyroid,Lung,Ovary,Prostate,Testis,Uterus,Vagina,Skin_Not_Sun_Exposed_Suprapubic,Skin_Sun_Exposed_Lower_leg
BFPC04B,"DOCK3",ENSG00000088538,3.041264,2.33000039053,1.82406304088,-1.46747644738,,2.412135835126247,,1.41838253528,4.91352262368,1.85036635347,1.69156016498,1.52265510265,,,,,,,,,,,1.76588801783,,,,-2.46167842787,,,,,,,,,,,,,,2.37385325833,1.26696988212,1.95345182667,,,0.54595615945,,,2.06746993266,2.44924511603
BFPC04,"DOCK3",ENSG00000088538,2.847284,2.4588493999,1.89490761992,-1.1774654991,,2.5091567917880324,,1.66574205458,4.99998156369,1.89812066396,1.90435628773,1.76763385255,,,,,,,,,,,1.70661266712,,,,-2.35618910752,,,,,,,,,,,,,,2.41572569066,1.33959087069,2.00296675248,,,0.523401707082,,,2.15170475914,2.55604819494
BLOO04,"DOCK3",ENSG00000088538,39.935205,8.00653068616,8.31586956616,1.30623987966,,-5.414096477638019,,11.9908476842,12.5082965857,10.0282623841,12.1649086531,5.4692383483,,,,,,,,,,,0.557119086983,,,,4.94591728974,,,,,,,,,,,,,,8.63852474201,11.1408184333,9.61234636238,,,-5.19994479886,,,11.4601418522,11.0525397427
BLOO07,"DOCK3",ENSG00000088538,14.062457,-3.3578194419,-2.56844676122,0.439019152,,5.56160850800303,,-4.92536453283,-4.4213160299,-4.86809497309,-4.38233022259,-2.41006100688,,,,,,,,,,,3.59457632414,,,,-3.86562047552,,,,,,,,,,,,,,-2.26813955008,-5.08154432827,-2.28606469517,,,1.12022621254,,,-3.01694728011,-2.60218751439
BLOO16,"DOCK3",ENSG00000088538,11.280064,-2.76331203258,-1.85945432695,0.798287887154,,5.432030257360259,,-4.3591234118,-3.6174274143,-4.12795757653,-3.75712537525,-3.26782102824,,,,,,,,,,,3.43374526554,,,,-2.85095725502,,,,,,,,,,,,,,-1.54217230754,-4.46316350045,-1.81468844272,,,1.67180371772,,,-2.03632186039,-1.92789993356
BLOO17,"DOCK3",ENSG00000088538,13.603278,-3.4370194246,-2.54054791516,0.360504453871,,5.3819368034292605,,-5.20898707559,-4.67619708099,-4.87579630837,-4.63807831356,-3.94296152389,,,,,,,,,,,3.42146419917,,,,-3.56970235495,,,,,,,,,,,,,,-2.29319889665,-5.24177367341,-2.65351540087,,,1.45664146834,,,-3.12286657342,-2.92730090512
BLOO18,"DOCK3",ENSG00000088538,12.690817,-3.11533725701,-2.22260314406,0.311926502172,,5.336942976571715,,-4.93655292929,-4.31701789669,-4.52555749831,-4.28336023844,-3.71095195422,,,,,,,,,,,3.2905474943,,,,-3.92302915773,,,,,,,,,,,,,,-1.98612454136,-4.81734975207,-2.19619034086,,,1.59519282125,,,-2.75297924809,-2.63590481627
BLOO21,"DOCK3",ENSG00000088538,21.439173,7.96639802169,8.15723948879,1.12775524865,,-6.784678740784559,,13.8811283131,13.1202654122,10.7800475324,13.6600034591,9.31066545819,,,,,,,,,,,-0.64776386922,,,,14.8380486005,,,,,,,,,,,,,,8.54502875039,11.6806495051,9.74314725621,,,-3.09251632963,,,11.6100353574,11.4809579743
BLOO22,"DOCK3",ENSG00000088538,33.303294,8.10505524647,8.20297406251,1.22845757545,,-6.593343406902794,,13.764477603,12.9038097271,10.5936683294,13.6512894198,9.30587539011,,,,,,,,,,,-0.381550031135,,,,14.6349891281,,,,,,,,,,,,,,8.57164831387,11.49607714,9.60059267797,,,-3.39738242792,,,11.6176478465,11.4871880505
BLOO23,"DOCK3",ENSG00000088538,40.706549,5.29884590054,5.33397305483,0.167799871145,,-6.044989656689938,,10.5117854795,9.47895961291,7.73532251396,10.2228230328,6.21482757522,,,,,,,,,,,-1.27686148471,,,,12.1914903667,,,,,,,,,,,,,,5.63424044769,8.53665870185,6.5438730473,,,-3.2150706751,,,8.08484703632,7.71391243744
BLOO31,"DOCK3",ENSG00000088538,9.225921,2.29158325754,1.28381433819,-0.5644223753,,-5.217296604152,,3.80951315303,3.39085370806,3.48199123253,3.03219755457,2.73082484154,,,,,,,,,,,-3.15713295632,,,,3.57046006493,,,,,,,,,,,,,,1.0255369189,3.7482544072,1.81180938875,,,-1.41882114372,,,1.58610294572,1.57476635238
BLOO36,"DOCK3",ENSG00000088538,42.607356,7.97753506505,8.35001909643,1.23594744483,,-5.685599066326165,,13.147165663,12.9864138646,10.386001476,13.0324583499,9.21523793955,,,,,,,,,,,0.118591270464,,,,13.6293470204,,,,,,,,,,,,,,8.69866570179,11.2774565784,10.0088587566,,,-2.84513275055,,,11.5565235335,11.5551016907
BODY08B,"DOCK3",ENSG00000088538,9.953037,0.852814814317,-0.248709816227,-3.29647965896,,-1.8313218033913838,,0.113085279749,5.01766616984,1.63495149925,-0.0697944965155,-0.486858793197,,,,,,,,,,,-1.94833763551,,,,-3.04741167889,,,,,,,,,,,,,,0.0658252024702,0.953288924921,5.4656216433,,,0.972001276517,,,-0.304707923212,-0.551870249314
BODY08M,"DOCK3",ENSG00000088538,8.064775,0.580242097045,-0.20656159023,-3.7250712876,,-1.74359964934141,,-0.705933134547,3.39891620688,1.12615951058,-0.85278069132,-1.21398746729,,,,,,,,,,,-1.43777569826,,,,-2.50852995318,,,,,,,,,,,,,,0.0839397427305,0.528427258122,4.31018268196,,,0.78556864542,,,-0.502496043507,-0.915030159232
BODY08,"DOCK3",ENSG00000088538,8.754117,0.955897540523,-0.176753526803,-2.87825113657,,-1.6807261067097459,,0.416493176714,5.15853972836,1.71878152979,0.176395256235,-0.169900247562,,,,,,,,,,,-1.94081365612,,,,-2.93893174615,,,,,,,,,,,,,,0.119269224988,1.07437535906,5.38630593255,,,0.942564217648,,,-0.16143351584,-0.347728090216
EDUC01F,"DOCK3",ENSG00000088538,1.895581,-1.37704318657,-1.80493179015,-0.550932655345,,-2.8721277616868464,,0.402443080769,-5.01901652785,-1.33103784997,-2.27118106787,-0.70240399431,,,,,,,,,,,-0.863837998745,,,,2.84945672759,,,,,,,,,,,,,,-2.01208104266,-1.40884677704,-0.421781342824,,,1.21798649606,,,-2.05399342847,-2.75464358567
EDUC01M,"DOCK3",ENSG00000088538,2.374204,-1.58278048178,-2.28673444691,0.23458587924,,-2.748076718318654,,-0.454265492832,-4.78232388095,-2.1010547607,-1.03726140531,-1.10406545932,,,,,,,,,,,0.0659915704677,,,,2.69575333168,,,,,,,,,,,,,,-2.56616562325,-1.26035837271,-1.0864936976,,,-1.09445891108,,,-2.24146561448,-2.38137048269
EDUC01,"DOCK3",ENSG00000088538,4.182369,-2.01147449106,-2.84592603108,-0.237103941573,,-3.8050037185237042,,0.0168979494952,-6.799405243,-2.3073311382,-2.32298848696,-1.03887988004,,,,,,,,,,,-0.529012425955,,,,3.64382996983,,,,,,,,,,,,,,-3.16907250629,-1.87886980307,-0.988068391121,,,0.20626594608,,,-2.99050885005,-3.61402631175
EDUC02,"DOCK3",ENSG00000088538,6.863470,0.222782694619,-1.38291332487,-1.31321212267,,-4.935162744763617,,1.69303501135,-3.68511845361,0.154094475115,-0.704608698989,0.867334388528,,,,,,,,,,,-3.40230692276,,,,3.91688512416,,,,,,,,,,,,,,-1.76812553877,0.403148089532,0.369600976415,,,0.328826456417,,,-1.43447127981,-2.56728155547
EDUC03,"DOCK3",ENSG00000088538,7.435086,-1.76046025625,-2.86769144899,2.31338725086,,-6.017662896187449,,-0.355823024447,-9.43682114538,-2.12826444016,-2.71952864229,-0.883229617588,,,,,,,,,,,-2.27349811546,,,,5.47707281869,,,,,,,,,,,,,,-3.2925086318,-1.71350885479,-0.268627413308,,,1.38013389483,,,-3.00855337849,-4.48923754507
HEIG03,"DOCK3",ENSG00000088538,13.314509,2.39520712591,1.09329776854,0.52277708367,,5.423982610549537,,1.05590046933,-0.0514219265113,-0.639952346786,0.792050154507,1.2700823132,,,,,,,,,,,2.27213898843,,,,-1.70315227455,,,,,,,,,,,,,,1.1376800121,1.7115478789,-0.173280602685,,,-0.372242969157,,,0.891289230809,1.48276732413
LEAN06B,"DOCK3",ENSG00000088538,6.707744,-0.536509363424,-1.39118694818,-1.73444773572,,1.8601576595312308,,-0.826758938219,1.68722430669,-1.24249989938,-1.820558676,-0.224130676975,,,,,,,,,,,0.220297591952,,,,-3.35615699735,,,,,,,,,,,,,,-1.22713634755,-1.25276841185,3.59959830423,,,2.971285299,,,-1.84510882787,-1.43362470154
LEAN06,"DOCK3",ENSG00000088538,5.636538,-1.02576332435,-1.79825155225,-2.06516832818,,1.6659062230894384,,-1.49855711864,1.13421757928,-1.64720712655,-2.52929617172,-0.983992031947,,,,,,,,,,,0.170426799428,,,,-3.13502650863,,,,,,,,,,,,,,-1.61159698626,-1.66048885085,3.39645131197,,,2.87379455215,,,-2.29955356558,-1.93957100405
MENA01F,"DOCK3",ENSG00000088538,5.086939,1.93254736053,2.15096736433,1.78538743163,,5.122153260313912,,-0.100779238299,3.18572496372,1.34702235274,0.854170434474,2.25287371262,,,,,,,,,,,0.278023009567,,,,-1.33717275784,,,,,,,,,,,,,,2.42021750384,1.39832259571,-0.633700074291,,,1.466696649,,,2.2453260586,2.02415152594
MENA02F,"DOCK3",ENSG00000088538,21.252588,2.53326821053,2.60631082578,2.66444905614,,8.196355092945637,,-0.160891206979,3.69150210538,0.406232994482,0.345244010342,2.89616573514,,,,,,,,,,,3.72015527041,,,,-4.27811899269,,,,,,,,,,,,,,2.97616341064,0.40020705971,-1.12808016346,,,2.34331268602,,,2.44064817985,2.90994307033
PRSC01,"DOCK3",ENSG00000088538,1.362490,-0.788395566587,-1.65776557583,0.812701622186,,-0.43644547452601096,,-0.311858405831,-6.80351127806,-1.39590552721,-1.31522084821,-1.55516195476,,,,,,,,,,,-2.31345720919,,,,2.15742383481,,,,,,,,,,,,,,-2.35508346558,-0.441110688137,-0.018712696167,,,-1.62790498079,,,0.143768725209,-2.9572745101
WAIS03,"DOCK3",ENSG00000088538,5.848232,2.34471761671,0.747981091468,0.160211125289,,2.3095706743102467,,0.26209190675,-0.00872237925837,-0.523176626993,-0.27914320626,0.878843766032,,,,,,,,,,,3.36241913898,,,,-0.488116669068,,,,,,,,,,,,,,0.846105177758,0.659320419723,-0.735955315109,,,-0.783472346227,,,0.668390427694,1.01977511055
WAIS04,"DOCK3",ENSG00000088538,5.940399,2.28803397637,0.732103246457,0.15633809062,,2.201748279636438,,0.26987020445,-0.00851153550642,-0.51052881723,-0.262143409183,0.854955803576,,,,,,,,,,,3.33412219534,,,,-0.471546366295,,,,,,,,,,,,,,0.828359223914,0.630251025181,-0.718163618222,,,-0.764531869561,,,0.65223206421,0.995843176352
