code,target,ENSEMBL,association,Adipose_Subcutaneous,Adipose_Visceral_Omentum,Breast_Mammary_Tissue,Muscle_Skeletal,DGN_Whole_Blood,Whole_Blood,Artery_Aorta,Artery_Coronary,Artery_Tibial,Heart_Atrial_Appendage,Heart_Left_Ventricle,Spleen,Brain_Amygdala,Brain_Anterior_cingulate_cortex_BA24,Brain_Caudate_basal_ganglia,Brain_Nucleus_accumbens_basal_ganglia,Brain_Putamen_basal_ganglia,Brain_Cerebellar_Hemisphere,Brain_Cerebellum,Brain_Cortex,Brain_Frontal_Cortex_BA9,Brain_Hippocampus,Brain_Hypothalamus,Brain_Spinal_cord_cervical_c-1,Brain_Substantia_nigra,Nerve_Tibial,Cells_Transformed_fibroblasts,Cells_EBV-transformed_lymphocytes,Colon_Sigmoid,Colon_Transverse,Esophagus_Gastroesophageal_Junction,Esophagus_Mucosa,Esophagus_Muscularis,Liver,Minor_Salivary_Gland,Small_Intestine_Terminal_Ileum,Stomach,Adrenal_Gland,Pituitary,Pancreas,Thyroid,Lung,Ovary,Prostate,Testis,Uterus,Vagina,Skin_Not_Sun_Exposed_Suprapubic,Skin_Sun_Exposed_Lower_leg
BFPC04B,"KDM2B",ENSG00000089094,9.486596,,,-0.0776727913616,0.860983478752,1.9389868827696168,,,,2.40732155204,1.59778688532,3.06921501609,,,,,,,,,,,,,,,2.77916508424,0.552425358121,,,2.39557220741,3.31293864215,2.96963618127,,,,,,,2.41939611132,,3.57371181848,5.10546421551,,,,,,,0.410161665356
BFPC04M,"KDM2B",ENSG00000089094,8.616095,,,0.353496812655,-0.0412143226902,1.6585131534427677,,,,2.04074000749,1.59990769426,2.29282247256,,,,,,,,,,,,,,,2.3109216812,0.302647051748,,,1.90488526964,2.69055723196,2.64343408257,,,,,,,2.2830529913,,2.62636471915,4.15656773564,,,,,,,0.842874704357
BFPC04,"KDM2B",ENSG00000089094,8.306942,,,-0.192076070508,1.02000640708,1.9170945233173526,,,,2.32996165098,1.4653723973,3.09774394676,,,,,,,,,,,,,,,2.72951516512,0.561561508203,,,2.36600760884,3.29466548919,2.857809026,,,,,,,2.32016601102,,3.61541461719,5.04589071983,,,,,,,0.302320039131
BLOO01,"KDM2B",ENSG00000089094,10.512551,,,1.57800372579,-1.40313968579,1.869167217455238,,,,,-3.61286778139,-0.122029752907,,,,,,,,,,,,,,,,-4.01812223111,,,-1.44803480063,-1.59526926087,2.90609976029,,,,,,,-2.57205804528,,0.455768846466,-1.00861530313,,,,,,,2.55720345508
BLOO02,"KDM2B",ENSG00000089094,0.458121,,,1.03663802355,-3.19868055195,0.7338461831570443,,,,,-1.98104173991,-0.655876471667,,,,,,,,,,,,,,,,0.630934685803,,,4.72972645143,8.23363553172,0.476750151345,,,,,,,0.992570847473,,-0.789243828908,-1.37507124004,,,,,,,1.46962653752
BLOO04,"KDM2B",ENSG00000089094,1.411112,,,2.37860262644,1.36607654734,-1.2880042934995364,,,,,2.39128990426,1.14245369626,,,,,,,,,,,,,,,,1.42588937628,,,3.62486284739,4.72059123021,-0.431830172738,,,,,,,0.17898994895,,0.676011560304,0.177522864463,,,,,,,-0.408330173346
BLOO27,"KDM2B",ENSG00000089094,2.530708,,,2.23325332712,4.07241440066,0.7271671376541005,,,,0.769739831821,4.91298436237,1.17922788821,,,,,,,,,,,,,,,0.669245676418,0.0958486383958,,,-1.69889988937,-1.64052129596,-1.18078192165,,,,,,,0.530818079977,,0.625567881113,1.77901291854,,,,,,,-1.77190682347
BLOO29,"KDM2B",ENSG00000089094,71.384302,,,1.72763129195,5.13536732059,-inf,,,,6.76812617457,15.0653598445,6.12471705957,,,,,,,,,,,,,,,3.30574922305,8.73325067438,,,6.48065159237,4.49820271411,-6.56563298518,,,,,,,4.03900754047,,5.02751467975,8.02120648148,,,,,,,-5.82945249953
BLOO33,"KDM2B",ENSG00000089094,16.113814,,,2.54245665063,1.22627609831,-4.563035032347825,,,,3.36642064413,4.14001145517,3.1871943133,,,,,,,,,,,,,,,2.56963086582,3.51386604759,,,2.40742539416,1.91263842472,-0.773199759975,,,,,,,1.44060315235,,3.16168322944,3.64464935007,,,,,,,-0.644114475787
BLOO34,"KDM2B",ENSG00000089094,24.681582,,,-0.117953347694,1.78838813291,-4.8261735143949664,,,,1.91433458416,7.01815433793,1.77425789184,,,,,,,,,,,,,,,0.386739161825,3.12827384025,,,2.27736014994,1.10182218715,-3.53232503284,,,,,,,1.03052073581,,1.36019998125,2.45475451974,,,,,,,-2.76235474149
BLOO35,"KDM2B",ENSG00000089094,6.168380,,,1.08051968867,1.68273843625,0.3206425720610902,,,,4.23869895426,2.26372034176,4.45626472931,,,,,,,,,,,,,,,3.87592580982,3.44948953867,,,5.06758670641,6.22677898251,2.5807347609,,,,,,,3.1013903518,,4.36867081223,5.22304638824,,,,,,,-0.360708736254
FATM04B,"KDM2B",ENSG00000089094,6.117937,,,-0.661244553113,0.0217820117898,1.867222651124501,,,,1.76735079122,0.856801759519,2.18793339968,,,,,,,,,,,,,,,2.04545684103,0.27497584052,,,1.34209467665,2.23759618645,3.04095617678,,,,,,,2.0039939126,,2.75544193588,5.06189952649,,,,,,,0.392836245702
FATM04,"KDM2B",ENSG00000089094,5.606969,,,-0.855619861379,0.176881058416,1.9333058356398756,,,,1.61163591826,0.655764324033,2.16880700219,,,,,,,,,,,,,,,1.90441696277,0.221832518317,,,1.24330933872,2.16443421148,2.88377889601,,,,,,,1.80349160726,,2.72973762278,4.95164594491,,,,,,,0.148691806255
GLYC19,"KDM2B",ENSG00000089094,5.244773,,,-2.82115610905,-2.00247802559,0.7947485327029028,,,,-3.0368046376,-1.93586746227,-3.10966444016,,,,,,,,,,,,,,,-3.23664901389,-5.41699089439,,,-2.15475777372,-3.32994102753,-2.87388020206,,,,,,,-4.37986475493,,-3.44151093577,-3.71237125745,,,,,,,-2.09424020429
GLYC35,"KDM2B",ENSG00000089094,5.820161,,,-2.83811407183,-1.60648970423,-0.05562268845366127,,,,-3.46902738141,-1.15232673611,-3.89307880402,,,,,,,,,,,,,,,-2.87931118805,-4.92854625081,,,-2.2132912428,-3.43423428244,-2.85120814696,,,,,,,-3.5976874323,,-3.31025888409,-3.82613221608,,,,,,,-0.975774220801
