code,target,ENSEMBL,association,Adipose_Subcutaneous,Adipose_Visceral_Omentum,Breast_Mammary_Tissue,Muscle_Skeletal,DGN_Whole_Blood,Whole_Blood,Artery_Aorta,Artery_Coronary,Artery_Tibial,Heart_Atrial_Appendage,Heart_Left_Ventricle,Spleen,Brain_Amygdala,Brain_Anterior_cingulate_cortex_BA24,Brain_Caudate_basal_ganglia,Brain_Nucleus_accumbens_basal_ganglia,Brain_Putamen_basal_ganglia,Brain_Cerebellar_Hemisphere,Brain_Cerebellum,Brain_Cortex,Brain_Frontal_Cortex_BA9,Brain_Hippocampus,Brain_Hypothalamus,Brain_Spinal_cord_cervical_c-1,Brain_Substantia_nigra,Nerve_Tibial,Cells_Transformed_fibroblasts,Cells_EBV-transformed_lymphocytes,Colon_Sigmoid,Colon_Transverse,Esophagus_Gastroesophageal_Junction,Esophagus_Mucosa,Esophagus_Muscularis,Liver,Minor_Salivary_Gland,Small_Intestine_Terminal_Ileum,Stomach,Adrenal_Gland,Pituitary,Pancreas,Thyroid,Lung,Ovary,Prostate,Testis,Uterus,Vagina,Skin_Not_Sun_Exposed_Suprapubic,Skin_Sun_Exposed_Lower_leg
BLOO01,"FLNB",ENSG00000136068,1.934308,,,,1.39622426538,-2.076453670841473,-2.88577714181,2.35854079391,,1.86363003736,,,,,,,,,1.92859109898,0.810648935849,,,,,,,-0.6185150215,-0.163598323757,,2.67993735523,,,0.808268355304,2.36394297681,,,,1.16361093863,,,0.951110306677,-3.19384681699,,1.64663842875,4.84132885842,,,,-1.41420949648,-1.0427613867
BLOO04,"FLNB",ENSG00000136068,12.659576,,,,-0.885848328967,-1.0593883467419165,-0.541352686506,-0.792360175581,,-3.04692225104,,,,,,,,,-1.64780334594,1.00572798917,,,,,,,-2.9354581454,6.55351361882,,-4.1507739532,,,0.451661170885,-2.704955775,,,,-0.67132159654,,,-0.511747519263,0.255359976818,,-1.17885123104,-0.536312988899,,,,0.5752058447,-0.200528384934
BLOO06,"FLNB",ENSG00000136068,5.707567,,,,-0.444982598757,0.8538084213314385,-0.314110608465,-1.43591270823,,-0.923450063833,,,,,,,,,-0.399329899979,3.23916494151,,,,,,,-2.51179901202,4.95874226765,,-3.40383657529,,,-0.148152758931,-0.487355194878,,,,2.40463208931,,,-0.683973647936,0.917522274871,,-0.842440691614,-2.2120489278,,,,0.489846465184,0.982803662118
BLOO09,"FLNB",ENSG00000136068,5.828186,,,,-0.641528189822,0.8110798573274594,-0.416417665777,-1.40462843698,,-0.850310345683,,,,,,,,,-0.41377965276,3.22377055118,,,,,,,-2.6655951652,4.88974684934,,-3.31713861355,,,-0.328997879408,-0.396373843263,,,,2.45915006033,,,-0.591825658106,0.866463331187,,-0.661087626327,-2.33855005052,,,,0.268454013905,0.830278340441
BLOO10,"FLNB",ENSG00000136068,6.203675,,,,-0.638408955595,0.5283372080034038,-0.506497129589,-1.54479092477,,-0.931536931077,,,,,,,,,-0.455775423829,3.13008742366,,,,,,,-2.80793468724,4.97796863524,,-3.27301994517,,,-0.325025316646,-0.551893629724,,,,2.37593784518,,,-0.647416572989,0.704322893792,,-0.77859704015,-2.2880540402,,,,0.34795782122,0.868172927186
BLOO12,"FLNB",ENSG00000136068,6.772293,,,,-0.448562249478,-0.005312551032038944,-0.621010429184,-1.37514233038,,-1.40357312303,,,,,,,,,-0.255057675327,2.94444065922,,,,,,,-2.80541792551,5.02715887325,,-3.37321025242,,,-0.275322412387,-0.768032840363,,,,1.92777105327,,,-1.28090571863,0.217344852983,,-0.804280462299,-2.19869704198,,,,0.22026460565,0.376268167995
BLOO13,"FLNB",ENSG00000136068,5.734051,,,,-0.461873631547,0.917774295325957,-0.332328419278,-1.34326970593,,-0.855512185826,,,,,,,,,-0.496595879451,3.19337623222,,,,,,,-2.4911929085,4.95782734996,,-3.40001352004,,,-0.160028883512,-0.431510830623,,,,2.42314906559,,,-0.686655475154,1.01449499553,,-0.811470650858,-2.28976402173,,,,0.478282844447,1.03361889236
BLOO21,"FLNB",ENSG00000136068,24.000704,,,,-1.17074557019,-2.4381123356265664,0.00632688162252,-2.2638261124,,-4.5240387062,,,,,,,,,-2.43154795761,1.03768259331,,,,,,,-2.77951940608,8.55283368688,,-6.10597586099,,,0.566223730308,-3.49370884423,,,,-0.571040288385,,,-1.00826123196,1.13250773318,,-1.01891463235,-2.52770519641,,,,1.04779385859,0.0739066270418
BLOO22,"FLNB",ENSG00000136068,20.722322,,,,-1.08715138706,-2.2604890679505267,-0.258549758989,-1.8027434569,,-4.18844553551,,,,,,,,,-2.14026499829,1.36806430634,,,,,,,-2.91696306459,8.40170117055,,-5.62988613763,,,0.381719178876,-3.06587959039,,,,-0.214861893187,,,-1.09519886613,0.925691662122,,-1.11343233462,-1.84582674986,,,,1.02430561982,-0.0754926074566
BLOO23,"FLNB",ENSG00000136068,19.608042,,,,-1.59388018219,-3.138068174373957,0.0165649968119,-2.18305590858,,-4.46171642884,,,,,,,,,-2.22293584982,1.14125884646,,,,,,,-2.12100379724,8.02295248374,,-5.79146794426,,,0.238531168837,-2.67852920965,,,,0.588967380466,,,-1.75344887185,1.3467231471,,-0.850367886701,-3.11034916541,,,,1.00333115854,-0.602818406725
BLOO29,"FLNB",ENSG00000136068,8.340036,,,,-4.50814766533,0.4826292481750514,4.43780604084,-3.71547843964,,-3.87531569799,,,,,,,,,-3.98762648907,-0.973767060743,,,,,,,-0.181224434387,2.03451851125,,-5.72933258912,,,-0.343226153538,-4.39029752823,,,,-1.3113121605,,,-0.6668024368,3.77799621226,,-2.03378219333,-8.50432931292,,,,1.20358842424,0.795045086768
BLOO30,"FLNB",ENSG00000136068,5.579236,,,,-0.619323538973,0.7400847321110786,-0.340826471517,-1.50073914353,,-0.906685816861,,,,,,,,,-0.339540470974,3.24623979387,,,,,,,-2.62527424984,4.8756538515,,-3.3190324573,,,-0.324907250234,-0.484909741918,,,,2.44011914952,,,-0.536328517022,0.782164675143,,-0.688667339573,-2.26340095868,,,,0.293747680631,0.796031536193
BLOO36,"FLNB",ENSG00000136068,18.316863,,,,-0.907785299933,-1.4181576212745974,-0.132946313981,-1.51073537174,,-3.67290154753,,,,,,,,,-2.1471906868,0.559988073916,,,,,,,-2.71265613445,6.98482758007,,-4.96062539299,,,0.799298932524,-3.34829430711,,,,-1.20455338643,,,-0.383465392999,0.68384717212,,-1.13472012066,-1.52256737456,,,,0.739750708356,0.0884291873273
HEIG03,"FLNB",ENSG00000136068,8.520151,,,,-2.09698643344,-1.2138718694971136,-1.10561471404,0.680465713466,,-1.64457352885,,,,,,,,,-2.47311412528,-0.117526197104,,,,,,,-2.12930541283,4.47902527098,,-2.70439659643,,,-2.4123086793,-1.29305897317,,,,-0.0552018204522,,,-1.43047334103,-0.79655638053,,1.20060328512,-1.29034112773,,,,-0.736426256505,-1.64576581883
