code,target,ENSEMBL,association,Adipose_Subcutaneous,Adipose_Visceral_Omentum,Breast_Mammary_Tissue,Muscle_Skeletal,DGN_Whole_Blood,Whole_Blood,Artery_Aorta,Artery_Coronary,Artery_Tibial,Heart_Atrial_Appendage,Heart_Left_Ventricle,Spleen,Brain_Amygdala,Brain_Anterior_cingulate_cortex_BA24,Brain_Caudate_basal_ganglia,Brain_Nucleus_accumbens_basal_ganglia,Brain_Putamen_basal_ganglia,Brain_Cerebellar_Hemisphere,Brain_Cerebellum,Brain_Cortex,Brain_Frontal_Cortex_BA9,Brain_Hippocampus,Brain_Hypothalamus,Brain_Spinal_cord_cervical_c-1,Brain_Substantia_nigra,Nerve_Tibial,Cells_Transformed_fibroblasts,Cells_EBV-transformed_lymphocytes,Colon_Sigmoid,Colon_Transverse,Esophagus_Gastroesophageal_Junction,Esophagus_Mucosa,Esophagus_Muscularis,Liver,Minor_Salivary_Gland,Small_Intestine_Terminal_Ileum,Stomach,Adrenal_Gland,Pituitary,Pancreas,Thyroid,Lung,Ovary,Prostate,Testis,Uterus,Vagina,Skin_Not_Sun_Exposed_Suprapubic,Skin_Sun_Exposed_Lower_leg
BLOO02,"ITFG3",ENSG00000167930,17.695186,3.47021510174,2.42412216906,,-8.2067960999,5.2414819659663445,,3.79868866504,,3.28090088458,-1.01012336897,2.64209933181,2.00225612908,,,,,,,,,,,,,,3.8333697485,0.864417897261,-0.406004854799,,1.06789157367,,4.25082039392,,3.24588845738,10.3863606854,,,,,,-0.0983493924367,7.25068335911,,,7.869843522,,,,2.10216422358
BLOO03,"ITFG3",ENSG00000167930,11.275822,-0.889553591395,-0.494315007688,,5.69613567664,-1.1213195466083044,,0.303305217306,,-0.165494421058,2.48734513665,-0.585396037119,-1.08494979534,,,,,,,,,,,,,,0.284982274317,-0.201227961991,-2.09291596145,,-0.0119781417389,,-0.372615499151,,-2.13442373562,-3.05136416929,,,,,,-0.192166478145,-2.95080342564,,,-3.70595612154,,,,0.0447929712038
BLOO04,"ITFG3",ENSG00000167930,20.471327,-1.37658299902,0.657158345947,,6.70970871477,1.218773417660913,,3.2267329887,,1.26645718321,6.99228110455,2.19267382692,1.04657445923,,,,,,,,,,,,,,2.04361834704,2.37443860468,-3.02400962666,,1.31711231221,,4.87877254694,,0.095947358627,-2.25373798857,,,,,,0.807085388822,-1.69564386777,,,-4.54944453762,,,,2.34033217893
BLOO21,"ITFG3",ENSG00000167930,23.431177,-2.06905577824,0.109997745226,,7.59495446847,0.41147606151717286,,1.89770211756,,0.623404943205,6.79443033869,1.63835122374,0.706277397647,,,,,,,,,,,,,,0.129953492457,1.83091555827,-2.04981936683,,-0.942918755008,,3.27808764655,,-0.250709642985,-3.965186816,,,,,,0.205024360274,-2.92062459334,,,-5.5704205534,,,,1.90399613403
BLOO22,"ITFG3",ENSG00000167930,16.908579,-1.5277991558,0.474330559488,,6.31910331094,1.1470178808333202,,2.49954417226,,1.11671999481,6.58525038292,2.01959569326,0.993647752067,,,,,,,,,,,,,,0.876250972204,1.94388776809,-2.07247679932,,-0.583868868125,,3.93256897115,,0.252708855065,-2.34666509467,,,,,,0.207770795072,-1.79263232828,,,-4.36221952359,,,,2.20009715187
BLOO25,"ITFG3",ENSG00000167930,48.998569,-2.22692752857,0.285554186973,,14.7267119679,-3.645190986747706,,-0.924016071039,,-1.24943572526,7.54620279878,0.390019134618,0.193747743162,,,,,,,,,,,,,,-2.71337554918,1.93223417813,-2.67553021792,,-2.51939510585,,0.644843230214,,-2.53091851088,-11.2140461112,,,,,,0.2731551411,-7.69139913096,,,-11.1655108606,,,,1.36443778851
BLOO26,"ITFG3",ENSG00000167930,66.320336,-6.23409458553,-4.50760497496,,19.8738390897,-9.40993256113573,,-6.01845572419,,-5.22318124264,5.00080584321,-4.8055995725,-4.65072585298,,,,,,,,,,,,,,-7.88313756883,-1.28726512506,-2.05157318366,,-4.81696621766,,-6.69926779123,,-7.94411655662,-20.1996715575,,,,,,0.380077916055,-14.8872592303,,,-16.9671060183,,,,-2.85779912269
BLOO27,"ITFG3",ENSG00000167930,56.668188,-6.15704880262,-5.41058011843,,15.7201664624,-9.3630625965404,,-6.5656595407,,-5.64940265423,1.54071793035,-6.02348379332,-5.59457394254,,,,,,,,,,,,,,-8.04710283515,-2.70642534604,-0.963057529985,,-4.67151299535,,-8.3933827531,,-7.92753789345,-17.5275196683,,,,,,0.176868235206,-13.5941525952,,,-14.2302437528,,,,-4.31232819318
BLOO35,"ITFG3",ENSG00000167930,14.877195,2.19880738345,2.41545532489,,3.88092043657,1.6045714137251161,,3.19724726932,,2.47219736662,6.96907788485,4.38776575947,2.33647175441,,,,,,,,,,,,,,4.067332831,4.6258924746,0.806935669238,,0.693199231856,,4.31481789862,,1.83234932512,-0.762344625548,,,,,,1.72105310695,1.04625419124,,,-1.25316841919,,,,3.8264280241
BLOO36,"ITFG3",ENSG00000167930,27.404548,-2.14798508458,0.152593669678,,8.72195965877,0.15665161949313916,,2.19589888386,,0.582742558473,7.42542801811,1.65847580037,0.655732635547,,,,,,,,,,,,,,-0.0201510696601,2.2685098413,-2.98009494502,,-0.381030971888,,3.98935865604,,-0.698807232912,-4.69669308638,,,,,,0.939988912155,-3.35535353203,,,-6.46073156549,,,,1.9211461312
GLYC22,"ITFG3",ENSG00000167930,12.158615,5.57730916907,3.43168839933,,-6.35421213733,5.736187705284207,,3.316718479,,5.81681486394,1.98467567822,4.26382955511,1.57382696389,,,,,,,,,,,,,,5.49966719663,4.99085509506,1.48654178634,,2.87383179655,,2.93661518097,,2.88173629778,3.62159859466,,,,,,4.19094756298,7.81275447974,,,8.00491488657,,,,3.91457812127
HEIG03,"ITFG3",ENSG00000167930,0.498147,-0.163596592605,-0.905912140483,,-0.641097471298,-0.2996338279504065,,-0.259293722637,,-0.887717973035,-1.16990899272,-0.835606947872,-3.25122360622,,,,,,,,,,,,,,0.912976907572,-1.12783529509,-5.06205002246,,1.98831133278,,1.01181730193,,-0.885838736249,0.806687233912,,,,,,-0.720385057814,-0.298721230079,,,0.50996068696,,,,-0.121006686071
LEAN06B,"ITFG3",ENSG00000167930,4.756813,-0.447883234131,-1.2133454386,,-2.75487076189,1.3714273475096397,,-0.041089296978,,0.144756638749,-0.697376033104,-1.04356908319,-1.50692445037,,,,,,,,,,,,,,0.779449507519,-1.77910506682,-5.40524021979,,0.536191846587,,2.13412683163,,-0.263659436026,1.32135788916,,,,,,-2.22255605999,0.199285322445,,,1.73679038808,,,,-1.17066205075
LEAN06M,"ITFG3",ENSG00000167930,2.604848,0.379366105205,-0.25149143158,,-2.60957469139,1.2534941701882545,,0.48795751481,,0.956694493481,-1.01118550303,-0.746214665888,-0.771707245966,,,,,,,,,,,,,,0.786791063495,-1.1386405167,-5.52263037996,,-0.0445428306714,,2.79251935604,,-0.0511085808156,1.20825288386,,,,,,-1.13942596633,0.648734962131,,,1.49043372933,,,,-1.27414644302
LEAN06,"ITFG3",ENSG00000167930,5.669140,-0.117794822268,-0.805266247266,,-2.99068807982,1.5891015158257098,,0.371930951126,,0.670412451512,-0.842241901821,-0.921555582785,-1.24563803342,,,,,,,,,,,,,,0.977657792737,-1.57603697964,-6.06210889383,,0.523171234486,,2.81804455978,,-0.120532859261,1.6307191406,,,,,,-1.91203295966,0.571302893726,,,1.84202495963,,,,-1.24199781243
OSTE04,"ITFG3",ENSG00000167930,9.625453,-0.102533836823,-1.19237794381,,-0.491494705747,-1.3199537813533764,,1.76167107133,,1.42238266545,0.0604112886171,-0.991138671427,-1.66822672374,,,,,,,,,,,,,,-1.06531302329,2.2745413826,2.00016921557,,3.69255832877,,-0.598255953217,,-1.14391949734,-0.224734739321,,,,,,4.65516754772,-0.179810341977,,,-0.423134108652,,,,-0.724182975355
