code,target,ENSEMBL,association,Adipose_Subcutaneous,Adipose_Visceral_Omentum,Breast_Mammary_Tissue,Muscle_Skeletal,DGN_Whole_Blood,Whole_Blood,Artery_Aorta,Artery_Coronary,Artery_Tibial,Heart_Atrial_Appendage,Heart_Left_Ventricle,Spleen,Brain_Amygdala,Brain_Anterior_cingulate_cortex_BA24,Brain_Caudate_basal_ganglia,Brain_Nucleus_accumbens_basal_ganglia,Brain_Putamen_basal_ganglia,Brain_Cerebellar_Hemisphere,Brain_Cerebellum,Brain_Cortex,Brain_Frontal_Cortex_BA9,Brain_Hippocampus,Brain_Hypothalamus,Brain_Spinal_cord_cervical_c-1,Brain_Substantia_nigra,Nerve_Tibial,Cells_Transformed_fibroblasts,Cells_EBV-transformed_lymphocytes,Colon_Sigmoid,Colon_Transverse,Esophagus_Gastroesophageal_Junction,Esophagus_Mucosa,Esophagus_Muscularis,Liver,Minor_Salivary_Gland,Small_Intestine_Terminal_Ileum,Stomach,Adrenal_Gland,Pituitary,Pancreas,Thyroid,Lung,Ovary,Prostate,Testis,Uterus,Vagina,Skin_Not_Sun_Exposed_Suprapubic,Skin_Sun_Exposed_Lower_leg
BLOO35,"MROH8",ENSG00000101353,13.670216,-0.359731353119,0.641220867113,1.04452886277,0.5998642754,,,1.63161658506,0.312887366977,-0.361386640347,-1.20924021072,,0.19845872341,,,,,,,0.715855496472,3.39063743159,2.61683185481,,,,,-0.0552037826791,-1.4266357216,-0.27072295137,0.417598385126,-0.0430034508643,2.76835366251,0.84466147506,0.978177136467,1.65727850052,,,,,,-0.995782390309,2.65509832683,0.111237267748,,,-0.654257523917,,,2.86652073444,1.39121138149
HEIG03,"MROH8",ENSG00000101353,8.627493,-2.57854481769,-0.820598711104,-1.31057094874,-0.327888202228,,,-2.21038514033,-2.25818871365,-2.46126138265,2.11594242848,,-2.71339430481,,,,,,,-1.70486094835,1.96530533524,0.408941115424,,,,,-2.13016287791,-0.730597156895,1.00705006031,1.10138997283,-1.03576588455,1.22758409882,-2.51277320417,-1.89801677694,2.10486478798,,,,,,-2.56210856591,-0.20645836228,-1.80434156212,,,-2.65611634054,,,0.372738913955,-1.75173653215
LEAN04B,"MROH8",ENSG00000101353,7.010070,-3.15013332678,-0.569880010496,-2.1476180199,0.591122849962,,,-2.26504526015,-3.07630602589,-2.9677747881,1.05554908957,,-2.06298324413,,,,,,,-2.35988377637,0.702604905612,-0.3720991901,,,,,-2.96548816974,-1.93464280031,-0.227751110369,-0.368016430599,-1.85240440737,1.56742782807,-1.07595856686,-2.98802046621,1.1564555037,,,,,,-2.84928118344,-1.22447133179,-2.83580497107,,,-3.77899890156,,,-0.778643641747,-1.50960452207
LEAN04M,"MROH8",ENSG00000101353,6.674361,-3.29669960367,-1.18488128446,-2.47229896692,1.19707927424,,,-1.96793865001,-3.54930944408,-2.72424008865,2.43936869194,,-3.18544070818,,,,,,,-3.06649714987,0.437096345589,-1.30386003988,,,,,-2.82749267573,-0.706033962801,0.0461934679834,0.252915234672,-2.0267550621,1.19015462073,-0.904570299735,-3.12864864367,0.196953020901,,,,,,-3.1089635379,-1.64206175138,-2.81687479463,,,-3.21895711262,,,-1.09112329568,-2.5540923449
LEAN04,"MROH8",ENSG00000101353,8.005212,-3.58914098972,-0.961827242242,-2.53654207507,0.97489866583,,,-2.40477144014,-3.63504765185,-3.17084681428,2.01726888482,,-2.94596205411,,,,,,,-3.03697046632,0.602886546413,-0.967314706624,,,,,-3.1978125719,-1.32346599034,-0.200482704353,-0.0561557767487,-2.12412988584,1.54636180393,-1.04826492382,-3.35765119725,0.814075358176,,,,,,-3.37050199526,-1.56498395482,-3.09902185912,,,-3.91190313421,,,-1.01042655277,-2.28520201489
LEAN05B,"MROH8",ENSG00000101353,6.815394,-3.13836276182,-0.465689152988,-2.2360378191,0.430418424486,,,-2.33656538421,-3.13858493551,-3.01600655472,0.747356390659,,-1.98250262787,,,,,,,-2.35209271758,0.716358043438,-0.43747570135,,,,,-3.05796389093,-2.1855715054,-0.159599216963,-0.417417053641,-1.95297148558,1.54394175252,-0.957160789042,-3.08733670814,1.19863639815,,,,,,-2.83822885524,-1.24779410331,-2.96861120239,,,-3.77566793175,,,-0.858521263269,-1.44217544113
LEAN05M,"MROH8",ENSG00000101353,6.686681,-3.34165096657,-1.20855601068,-2.53764474484,1.17138827435,,,-2.05721154842,-3.62358504955,-2.79071964535,2.36335653399,,-3.1958006038,,,,,,,-3.1009924921,0.396200794039,-1.33500157307,,,,,-2.90079897432,-0.791415086659,0.0496861780122,0.226668821571,-2.08703556193,1.10586362126,-0.880671182936,-3.20532219091,0.150016061536,,,,,,-3.15491135965,-1.69591411337,-2.8942883249,,,-3.23801105221,,,-1.14565886241,-2.58463877005
LEAN05,"MROH8",ENSG00000101353,8.006313,-3.61009283487,-0.896135181377,-2.62494592339,0.85118378282,,,-2.49378094893,-3.71720405768,-3.24220343464,1.77693145774,,-2.89833670673,,,,,,,-3.0505845258,0.598903104136,-1.02794244702,,,,,-3.29939027703,-1.53992132153,-0.162863775209,-0.0958987661295,-2.22093282441,1.4971988185,-0.959530578933,-3.46103913867,0.811944697085,,,,,,-3.3894318971,-1.60843227255,-3.22484377331,,,-3.92616517007,,,-1.08580684634,-2.25566765617
LEAN06B,"MROH8",ENSG00000101353,11.945770,-4.48496170534,-1.76862496217,-3.59723403711,-0.158217695488,,,-3.43477547737,-4.67242546131,-4.48241636725,0.736238088075,,-2.96783956182,,,,,,,-2.79018478549,0.384254302598,-1.04016614789,,,,,-4.47900865679,-3.51011714652,-1.39644791856,-0.902569686498,-3.3465049434,0.791877858554,-2.94424431402,-4.40844523578,0.581240465891,,,,,,-3.97639035011,-2.3444793776,-4.39681774492,,,-6.0441155665,,,-1.64399836084,-2.6760418554
LEAN06F,"MROH8",ENSG00000101353,5.592660,-3.00426883877,-1.23878818532,-2.25930627923,-0.893221658443,,,-2.49194395148,-3.04945157595,-3.17111244158,-0.0418008717454,,-1.63608192993,,,,,,,-1.53041659641,0.315969744517,-0.248329864262,,,,,-3.0683650579,-2.92984509518,-1.6491699422,-1.13415194686,-2.31227967878,0.67548384449,-1.94203176429,-2.9369105009,0.612899926861,,,,,,-2.51026425154,-1.25480888419,-2.9363757944,,,-5.09370262861,,,-0.773723549505,-1.44005811498
LEAN06M,"MROH8",ENSG00000101353,9.575363,-4.03077493811,-1.50447681174,-3.46512269641,1.09303938678,,,-2.78534470588,-4.32329340133,-3.76166357806,1.50068623688,,-3.21964728142,,,,,,,-3.03937085958,0.255674032513,-1.63736132598,,,,,-3.91554333456,-2.25232102707,-0.137687516335,0.0223491116737,-2.89403917732,0.486876659353,-2.69801815288,-3.98460353506,0.174688589444,,,,,,-3.81590831502,-2.59956187363,-3.96170140007,,,-3.79897376354,,,-1.98723752075,-2.95707096968
LEAN06,"MROH8",ENSG00000101353,16.281556,-4.77478233844,-1.82857538534,-3.91399572246,0.364780892938,,,-3.4812781639,-5.01296979834,-4.64933036403,1.17285901575,,-3.39807620331,,,,,,,-3.22135425163,0.398702919434,-1.45564254175,,,,,-4.71119433759,-3.33903706721,-0.936883650917,-0.501409408943,-3.50426692949,0.787525676538,-3.0305563386,-4.68533164995,0.509486644833,,,,,,-4.39567130734,-2.69703576177,-4.67589576257,,,-5.66155577742,,,-1.94637211936,-3.07865461602
