code,target,ENSEMBL,association,Adipose_Subcutaneous,Adipose_Visceral_Omentum,Breast_Mammary_Tissue,Muscle_Skeletal,DGN_Whole_Blood,Whole_Blood,Artery_Aorta,Artery_Coronary,Artery_Tibial,Heart_Atrial_Appendage,Heart_Left_Ventricle,Spleen,Brain_Amygdala,Brain_Anterior_cingulate_cortex_BA24,Brain_Caudate_basal_ganglia,Brain_Nucleus_accumbens_basal_ganglia,Brain_Putamen_basal_ganglia,Brain_Cerebellar_Hemisphere,Brain_Cerebellum,Brain_Cortex,Brain_Frontal_Cortex_BA9,Brain_Hippocampus,Brain_Hypothalamus,Brain_Spinal_cord_cervical_c-1,Brain_Substantia_nigra,Nerve_Tibial,Cells_Transformed_fibroblasts,Cells_EBV-transformed_lymphocytes,Colon_Sigmoid,Colon_Transverse,Esophagus_Gastroesophageal_Junction,Esophagus_Mucosa,Esophagus_Muscularis,Liver,Minor_Salivary_Gland,Small_Intestine_Terminal_Ileum,Stomach,Adrenal_Gland,Pituitary,Pancreas,Thyroid,Lung,Ovary,Prostate,Testis,Uterus,Vagina,Skin_Not_Sun_Exposed_Suprapubic,Skin_Sun_Exposed_Lower_leg
BLOO01,"ACSBG1",ENSG00000103740,7.553478,,,,,0.3111769359872847,,,,,-0.000266748561485,,,,,,,,,,,,,,,,0.132301474038,,,1.00136768337,0.554773360155,0.178083009353,,0.296486115421,-1.52489823652,,-1.25947164044,1.41900761567,-2.51355805638,,,,0.0349844610487,,,-3.27131285036,,,,0.330666955431
BLOO02,"ACSBG1",ENSG00000103740,12.896299,,,,,-0.36128483962861097,,,,,0.720695626498,,,,,,,,,,,,,,,,0.639053427905,,,1.07438092387,1.46110110414,0.815750802488,,0.798746110866,-0.362692856424,,-0.93490787343,1.03695313776,2.34044663247,,,,0.43363238986,,,6.31414217152,,,,-0.0244613558376
BLOO03,"ACSBG1",ENSG00000103740,5.888973,,,,,0.28618999138763823,,,,,1.04757174054,,,,,,,,,,,,,,,,-0.137374144923,,,0.271589555645,0.295722809813,0.0320154307742,,-0.405829716851,1.73927147174,,0.0732422953831,0.536316417304,0.87133151398,,,,-0.533156171921,,,3.70539547403,,,,0.417044375252
BLOO04,"ACSBG1",ENSG00000103740,24.686555,,,,,0.8760894296599605,,,,,1.97288462616,,,,,,,,,,,,,,,,1.63832868723,,,0.947695800316,1.223815896,2.43954806372,,0.94768823701,1.08734703597,,2.04619099631,1.50950336565,2.13540561094,,,,0.233222986467,,,7.00065500948,,,,-0.621128447232
BLOO20,"ACSBG1",ENSG00000103740,14.031172,,,,,-0.5207549886882769,,,,,0.921772483755,,,,,,,,,,,,,,,,-0.161184550529,,,0.0634057230255,0.574932396207,0.177635656583,,-0.204142794762,1.49248798304,,0.127873254357,0.325825200961,2.02411395783,,,,-0.35348191457,,,5.94973671011,,,,0.335931003186
BLOO25,"ACSBG1",ENSG00000103740,17.532303,,,,,2.9287920661891187,,,,,0.89202741299,,,,,,,,,,,,,,,,-0.20837417732,,,0.437746580885,-1.01481929291,-0.452003171249,,-0.728466129943,0.571579499669,,-0.124156641653,0.469692016245,-2.92362246394,,,,-0.920611062814,,,-5.65949492561,,,,0.581434951888
BLOO33,"ACSBG1",ENSG00000103740,8.398951,,,,,-0.16036759055315591,,,,,-0.418590718081,,,,,,,,,,,,,,,,0.135281103765,,,0.92133996987,0.604961695736,0.304443372637,,0.397331637413,-0.937689920114,,-1.71466244085,0.960053849724,-2.41239385452,,,,0.0550331787697,,,-3.32613824073,,,,0.545300329646
BLOO35,"ACSBG1",ENSG00000103740,58.948038,,,,,1.4149359751187187,,,,,3.40917844981,,,,,,,,,,,,,,,,2.9689933935,,,2.20124422076,3.04917756009,3.37673956837,,3.33926162312,-0.986600936442,,2.6193819049,2.19247637245,6.18915845353,,,,2.39173177367,,,12.7873755892,,,,-3.30051725388
BLOO36,"ACSBG1",ENSG00000103740,18.510126,,,,,0.9883525191700804,,,,,1.81356424431,,,,,,,,,,,,,,,,1.4476642377,,,0.64773295957,0.833829790059,2.20641039832,,0.655376890929,1.1706578211,,2.27705758125,1.16801143022,1.64675636389,,,,0.131421337942,,,5.61400491398,,,,-0.509270326031
LONG01,"ACSBG1",ENSG00000103740,0.230261,,,,,0.15833265449795855,,,,,-0.570686563496,,,,,,,,,,,,,,,,-0.31723713312,,,-0.410234661156,-0.0449128042349,-0.367892705467,,-0.11839620624,6.06953739463,,3.72240468608,1.05476592452,-0.713156538594,,,,-0.116629355295,,,-0.654283008532,,,,0.969439366826
LONG04,"ACSBG1",ENSG00000103740,0.911687,,,,,0.15833265449795855,,,,,-0.570686563496,,,,,,,,,,,,,,,,-0.31723713312,,,-0.410234661156,-0.0449128042349,-0.367892705467,,-0.11839620624,6.06953739463,,3.72240468608,1.05476592452,-0.713156538594,,,,-0.116629355295,,,-0.654283008532,,,,0.969439366826
LONG06,"ACSBG1",ENSG00000103740,0.281241,,,,,0.0356468533295609,,,,,-0.775414190047,,,,,,,,,,,,,,,,-0.748747766624,,,-0.210876507866,-0.194399037737,-0.50367996711,,0.170884302264,6.22807773712,,3.52765706539,0.709939258141,-0.696590685815,,,,-0.852760074891,,,0.121299356643,,,,0.864863756115
OBES03,"ACSBG1",ENSG00000103740,4.436887,,,,,0.0070380800932518025,,,,,0.206009645856,,,,,,,,,,,,,,,,-1.42271121876,,,-1.01244685077,-1.38628567345,-0.872145464045,,-1.17473075883,-1.78173214236,,-1.54802958426,-1.16555321552,2.55424819069,,,,-1.28686386647,,,4.90362283072,,,,1.6182325651
OVER01,"ACSBG1",ENSG00000103740,5.336007,,,,,-0.7614137099011399,,,,,-2.24066699252,,,,,,,,,,,,,,,,-1.63894998311,,,-1.41090847723,-1.67285883937,-1.14812967037,,-1.56264280509,-2.01167170193,,-2.51105792193,-0.700021436376,1.74551807049,,,,-1.11887614091,,,4.71076675796,,,,0.868695206889
SCHI01,"ACSBG1",ENSG00000103740,0.354146,,,,,-0.9006135937888001,,,,,-0.0759883156496,,,,,,,,,,,,,,,,0.617864982965,,,0.56771343814,0.637728293511,0.164470347717,,0.537097117532,5.6692024341,,0.651459566691,-0.352359121761,1.43157767273,,,,0.438096916643,,,-2.01643462291,,,,-0.354993844132
SCHI02,"ACSBG1",ENSG00000103740,0.561980,,,,,-1.014508146358341,,,,,0.0849550075899,,,,,,,,,,,,,,,,0.393452843991,,,0.366976090715,0.465965583884,0.00092981522823,,0.343445404136,5.91971678952,,0.792734064649,-0.515957976184,1.73137989216,,,,0.208761908789,,,-2.06918706996,,,,-0.223763818036
SMOK03,"ACSBG1",ENSG00000103740,0.552749,,,,,0.5719195049046413,,,,,1.4437919571,,,,,,,,,,,,,,,,-0.683535919969,,,-0.807216752378,-0.771385800937,-0.697693622349,,-0.571919432627,7.5656185378,,5.50961192639,-1.76886501705,1.59903388695,,,,0.42298456587,,,-0.199294813804,,,,-1.12934024788
SMOK05,"ACSBG1",ENSG00000103740,0.894456,,,,,-0.7917321257781851,,,,,-0.301654985792,,,,,,,,,,,,,,,,0.215887574726,,,0.073871418339,0.153455815716,0.430876231992,,-0.107473051796,5.07948758134,,2.60788410332,-0.392152135754,0.922240131165,,,,-0.340833402327,,,0.0202285142103,,,,0.350395330262
