code,target,ENSEMBL,association,Adipose_Subcutaneous,Adipose_Visceral_Omentum,Breast_Mammary_Tissue,Muscle_Skeletal,DGN_Whole_Blood,Whole_Blood,Artery_Aorta,Artery_Coronary,Artery_Tibial,Heart_Atrial_Appendage,Heart_Left_Ventricle,Spleen,Brain_Amygdala,Brain_Anterior_cingulate_cortex_BA24,Brain_Caudate_basal_ganglia,Brain_Nucleus_accumbens_basal_ganglia,Brain_Putamen_basal_ganglia,Brain_Cerebellar_Hemisphere,Brain_Cerebellum,Brain_Cortex,Brain_Frontal_Cortex_BA9,Brain_Hippocampus,Brain_Hypothalamus,Brain_Spinal_cord_cervical_c-1,Brain_Substantia_nigra,Nerve_Tibial,Cells_Transformed_fibroblasts,Cells_EBV-transformed_lymphocytes,Colon_Sigmoid,Colon_Transverse,Esophagus_Gastroesophageal_Junction,Esophagus_Mucosa,Esophagus_Muscularis,Liver,Minor_Salivary_Gland,Small_Intestine_Terminal_Ileum,Stomach,Adrenal_Gland,Pituitary,Pancreas,Thyroid,Lung,Ovary,Prostate,Testis,Uterus,Vagina,Skin_Not_Sun_Exposed_Suprapubic,Skin_Sun_Exposed_Lower_leg
BLOO06,"ADORA2B",ENSG00000170425,21.343883,9.61072087721,9.38695893805,9.59080649731,9.5032792234,9.74650481761651,6.90324509669,9.39129909864,5.80916918404,9.49903160133,9.33837869468,8.11394907694,7.81378597059,,,,,5.15524021105,8.96124675356,8.96540172123,8.96280165668,,,,,,9.60517968539,-0.91653715161,,9.39345170139,,9.91473083089,9.47149258247,9.71983750428,8.22679440041,,,7.92339805996,9.03137229385,9.17385789147,8.58334814238,9.46252431402,9.2522372444,9.37814484073,9.70318011166,1.35755880392,9.41618471791,,7.52129898834,9.03743878629
BLOO09,"ADORA2B",ENSG00000170425,24.954403,9.65560402969,9.43458889989,9.61883602809,9.52672823091,9.74218832980302,6.90685971166,9.37194727473,5.82062872422,9.54032732086,9.34464961635,8.15833909286,7.84534828928,,,,,5.01362420118,8.99977841273,9.00021552704,9.05461382,,,,,,9.62593930898,-0.948486163144,,9.29886857643,,9.90573808512,9.48805508001,9.73617164042,8.19782661468,,,7.94018682175,9.07830689125,9.18587797196,8.57640142424,9.492693271,9.30003465328,9.4447928147,9.71938466814,1.29321403222,9.4627451402,,7.50873505803,9.07375098118
BLOO10,"ADORA2B",ENSG00000170425,21.205171,9.38995798635,9.1637263953,9.32668629342,9.26144263967,9.499213731370025,6.73329131915,9.14662225275,5.36556233445,9.27937251242,9.07993092105,8.0551957576,7.65516418653,,,,,4.92055296153,8.73091079208,8.75669066217,8.76901747572,,,,,,9.39802549305,-1.07323788208,,8.91700192798,,9.59751867543,9.14192226745,9.43522052668,7.95343400838,,,7.74051664571,8.74511893257,8.95320816554,8.37050297074,9.20683546766,9.08814694145,9.23270986554,9.39825560155,1.08191685035,9.26667785404,,7.1038828513,8.91643087027
BLOO12,"ADORA2B",ENSG00000170425,12.155498,5.89533717775,5.73163654142,5.92951407861,5.81148864695,5.993225106040408,3.48763622955,5.77494374949,2.54376544534,5.84954812445,5.83810440999,4.99701315163,4.43169733729,,,,,2.57481787731,5.35712398168,5.53899777129,5.5087541838,,,,,,6.04406527707,-2.21504848204,,5.61546312187,,6.16335045189,5.69650014657,5.93623922314,5.09014326803,,,4.84572530133,5.35737334063,5.59865452222,5.16915818924,5.76126160802,5.69928868864,5.92600809549,5.81251366088,-0.779799508527,5.81623909181,,4.75196412418,5.74485469833
BLOO13,"ADORA2B",ENSG00000170425,21.000374,9.7242073614,9.49813934169,9.691062323,9.60353568281,9.790709682655885,6.97905789516,9.4775975333,5.81537102097,9.61224052516,9.43408570012,8.20144442626,7.96116715476,,,,,5.15519876257,9.07026435796,9.08674587053,9.06480901767,,,,,,9.70985955353,-0.874957045648,,9.29786429395,,9.98502079533,9.57523286588,9.8207971313,8.25892939743,,,7.99519711931,9.16985289807,9.27949646124,8.63960719462,9.56092535051,9.35045830465,9.48287936247,9.79089829569,1.38556531128,9.51574922797,,7.61700058243,9.14472110736
BLOO19,"ADORA2B",ENSG00000170425,14.237644,7.56794451753,7.49482008891,7.65110002746,7.54418596601,7.589842079983898,5.79585482599,7.28312578693,6.39383644544,7.48436233871,7.47430042412,5.96038837364,6.33607468318,,,,,4.57166727783,7.17970464979,6.89165733696,6.99016604907,,,,,,7.49625746163,0.99600632886,,8.10350428898,,7.92210502244,7.82616189121,7.9043589174,6.50392592717,,,6.57105621695,7.66189995515,7.30657572018,6.7446794469,7.48336138606,7.25677179965,7.05966579435,7.95890846353,2.97379074448,7.31109029274,,6.5013684082,6.5826796466
BLOO24,"ADORA2B",ENSG00000170425,30.955068,-10.680679081,-10.4013613922,-10.5921180649,-10.5276883625,-10.741001588934955,-8.98433924348,-10.3413655767,-8.06205571608,-10.4867162938,-10.1212065652,-8.93967140107,-9.34357854909,,,,,-7.28129904034,-10.0518544801,-9.88982048321,-10.0102879646,,,,,,-10.3133186424,-1.76551501931,,-10.0988492568,,-10.7099266604,-10.5366808639,-10.7103336453,-9.07007019838,,,-8.82961672837,-10.360420511,-10.1387689943,-9.60024709985,-10.5407412659,-10.2734365167,-10.1748408034,-11.22455977,-4.13120252974,-10.4095158629,,-7.86264929217,-9.6939428211
BLOO28,"ADORA2B",ENSG00000170425,3.894354,-4.34408605181,-4.32347075626,-4.47104573062,-4.37958195151,-4.364279465684268,-3.02361262362,-4.19530468791,-3.95938739452,-4.31099753353,-4.46687959194,-3.20204744549,-3.39528630197,,,,,-2.68995098104,-4.09244241503,-3.87841809904,-4.05096045537,,,,,,-4.3421537534,-0.486739432655,,-5.14044774819,,-4.66215805986,-4.6330076034,-4.68696649902,-3.86017027245,,,-4.00496886997,-4.57018364017,-4.25948392056,-3.79711288802,-4.27708587916,-4.09390451723,-3.93030672311,-4.66431480449,-1.79749035686,-4.12651034101,,-4.31688483582,-3.62240832224
BLOO30,"ADORA2B",ENSG00000170425,19.044029,9.51856617117,9.3064390151,9.49956306987,9.40079051236,9.61866806262764,6.80083512611,9.26987325859,5.74005013693,9.4002541298,9.21845659988,8.05474327885,7.69310635526,,,,,5.03278724571,8.87306332007,8.86732683838,8.94874235236,,,,,,9.50245274227,-0.975456952651,,9.09138897296,,9.80969426676,9.36324135194,9.61390204027,8.16676793249,,,7.84871471612,8.92579871351,9.0569350819,8.49884301607,9.36993358182,9.17538104795,9.31024623095,9.62480958773,1.27785510694,9.33946301071,,7.39164413141,8.93486418363
BLOO32,"ADORA2B",ENSG00000170425,19.711617,10.5081393688,10.2431378963,10.4724256322,10.3924177433,10.600373886673728,8.50552200674,10.2120262048,8.088865284,10.3351312041,10.0795147721,8.64365890437,9.08288785641,,,,,6.88538129099,9.88295357691,9.78847683226,9.77386549412,,,,,,10.2129792091,1.49570529909,,10.4326441976,,10.7081386898,10.4963135329,10.6555330593,9.02141832328,,,8.75103831329,10.2733171236,10.0452035096,9.50924151671,10.3848135641,10.0828362562,9.84823149023,11.0452307,4.01312971719,10.1995482653,,8.07772740585,9.41636631854
BODY08B,"ADORA2B",ENSG00000170425,6.595543,-5.3132900279,-5.38343204862,-5.15308215431,-5.23369228056,-4.988700792935877,-5.03658942021,-5.18564994898,-2.86662975528,-5.29735603041,-5.08888786496,-5.09584303345,-5.4386985746,,,,,-2.19933726897,-5.01638578831,-4.78016714693,-5.12827679814,,,,,,-5.08467146741,-0.952751250416,,-4.72316673351,,-4.63924497017,-5.20991310127,-5.17463239639,-4.73018407628,,,-4.78197409939,-5.24814103348,-5.12941520611,-4.80707773067,-5.21774612508,-5.47488120196,-4.6957726416,-4.71143160077,-1.97104219105,-5.43620172696,,-4.36376964754,-4.71310258415
BODY08,"ADORA2B",ENSG00000170425,5.824633,-5.28759438063,-5.35326868972,-5.14283487634,-5.20911306114,-4.921884173360312,-5.02435754111,-5.12376227515,-2.6959352635,-5.27259024806,-5.03274359197,-5.03204624634,-5.38749173563,,,,,-2.24980097483,-5.02264558799,-4.72878911707,-5.14162695527,,,,,,-5.06389827934,-1.27334572281,,-4.61732335245,,-4.63169004785,-5.21690542791,-5.18206107399,-4.6528358672,,,-4.72875142162,-5.24858631791,-5.10595180502,-4.81315384117,-5.21827278856,-5.43141690256,-4.6473519628,-4.66379669654,-2.25770932364,-5.38157362001,,-4.43988238923,-4.7443778153
FATM04B,"ADORA2B",ENSG00000170425,4.151977,-4.55684009656,-4.63783747378,-4.39765635904,-4.44630173564,-4.2027939318811764,-4.4243558892,-4.55435545767,-2.69665798106,-4.50930234112,-4.30116832944,-4.48285805873,-4.57544034698,,,,,-1.62440672621,-4.19329187767,-4.15671103112,-4.61583539825,,,,,,-4.23949977902,-0.937785894769,,-4.24440755137,,-4.09137289817,-4.38956484183,-4.41760327955,-3.99955006011,,,-3.90496770284,-4.27664169641,-4.36965653621,-4.12312373572,-4.44585261374,-4.76960485157,-3.82118703486,-4.22757741903,-1.84575191693,-4.72943683702,,-3.19617144096,-4.03318380987
FATM04,"ADORA2B",ENSG00000170425,4.009089,-4.59616695772,-4.68278562141,-4.47292441705,-4.49341627992,-4.2244749167601,-4.46331202755,-4.56089246828,-2.53828462151,-4.55330221447,-4.30589360095,-4.50262748855,-4.52388151175,,,,,-1.72629834704,-4.25564636973,-4.18828596747,-4.72054609784,,,,,,-4.30202241071,-1.13751802908,,-4.19817317713,,-4.17033275477,-4.46216467286,-4.48380908418,-4.06085698533,,,-3.92413475329,-4.35105903115,-4.40538613585,-4.20352826742,-4.51366314661,-4.79148651269,-3.85981694345,-4.22467659272,-2.05305822185,-4.74305234353,,-3.36913438661,-4.15677195658
