code,target,ENSEMBL,association,Adipose_Subcutaneous,Adipose_Visceral_Omentum,Breast_Mammary_Tissue,Muscle_Skeletal,DGN_Whole_Blood,Whole_Blood,Artery_Aorta,Artery_Coronary,Artery_Tibial,Heart_Atrial_Appendage,Heart_Left_Ventricle,Spleen,Brain_Amygdala,Brain_Anterior_cingulate_cortex_BA24,Brain_Caudate_basal_ganglia,Brain_Nucleus_accumbens_basal_ganglia,Brain_Putamen_basal_ganglia,Brain_Cerebellar_Hemisphere,Brain_Cerebellum,Brain_Cortex,Brain_Frontal_Cortex_BA9,Brain_Hippocampus,Brain_Hypothalamus,Brain_Spinal_cord_cervical_c-1,Brain_Substantia_nigra,Nerve_Tibial,Cells_Transformed_fibroblasts,Cells_EBV-transformed_lymphocytes,Colon_Sigmoid,Colon_Transverse,Esophagus_Gastroesophageal_Junction,Esophagus_Mucosa,Esophagus_Muscularis,Liver,Minor_Salivary_Gland,Small_Intestine_Terminal_Ileum,Stomach,Adrenal_Gland,Pituitary,Pancreas,Thyroid,Lung,Ovary,Prostate,Testis,Uterus,Vagina,Skin_Not_Sun_Exposed_Suprapubic,Skin_Sun_Exposed_Lower_leg
BLOO01,"C1orf86",ENSG00000162585,13.498708,3.87646272505,6.22670128805,,4.58862120487,3.6541049059439197,2.37363298768,4.24771758629,,4.05278343099,3.33212805178,4.95041353278,5.25992162747,,,3.39397844756,1.71482477767,1.53699318831,,2.23198156307,4.23135221591,2.83472307476,-1.61607860773,-0.856737292774,,,4.45331109693,3.8422850786,,2.03956540703,2.66408507124,2.0637660417,,4.05516210618,,,,2.89631160604,,3.00838983678,2.96558251625,1.19693768559,1.1817443073,1.57005249609,,5.21382121734,,,3.56120115869,3.25950170436
BLOO04,"C1orf86",ENSG00000162585,8.448233,-2.22391894681,-4.62513912413,,-2.33069364583,-1.6921821919590265,-2.34725036557,-3.06711098936,,-2.18661385753,-2.21994797481,-2.46478894133,-3.59777468514,,,-2.29748048014,-1.57289821043,-0.0317229797035,,-0.2688322098,-1.72179065114,-2.61386003334,-0.0122613784303,-0.130352360915,,,-2.63594025829,-1.2762257516,,-1.21307310598,-0.876423554873,-1.38283788994,,-1.70796693002,,,,-0.519541284627,,-1.46507473837,-2.24899363297,-1.11738928066,-0.695508852372,-3.57329309955,,-3.06184129814,,,-1.23728088821,-1.07035689151
BLOO21,"C1orf86",ENSG00000162585,6.685080,-1.29653290867,-3.51599311699,,-1.80033718381,-1.3804376286854876,-1.79684436604,-2.77728277709,,-1.48171379271,-2.09817210676,-2.15165255868,-2.64186531682,,,-1.55412021398,-0.528776078913,0.299705782901,,-0.00590602879095,-1.90763472215,-2.60610186291,0.489729182051,-0.415730358831,,,-2.27945144952,-0.764743446954,,-0.640653149276,-0.0974628457559,-1.10703607475,,-1.29306274161,,,,-0.20150017573,,-1.70002329267,-1.84624804121,-0.685392211702,-0.633480884014,-2.93866553419,,-2.4125139975,,,-0.864279915424,-0.555376194527
BLOO22,"C1orf86",ENSG00000162585,7.463871,-1.54319962336,-3.92635236984,,-1.9424859433,-1.6264818937342265,-2.03641774664,-2.87469457937,,-1.67781680898,-2.16782297062,-2.16232915097,-2.76307910834,,,-1.73336943828,-0.778470258719,0.131115122931,,0.0805506241832,-1.76649782224,-2.59883122428,0.657217306768,-0.512548937308,,,-2.4237343711,-0.809680089002,,-0.778087588937,-0.29955952212,-1.11854459181,,-1.40308327454,,,,-0.426355634381,,-1.61899936078,-1.92827702206,-0.782868100404,-0.648403818597,-3.15697914776,,-2.6828234987,,,-1.11316611934,-0.685675476055
BLOO33,"C1orf86",ENSG00000162585,10.833008,3.04514698837,5.51611771434,,3.70277064588,2.596327408135015,2.0241370125,3.3772634128,,3.79784483731,2.7009756357,4.14559325448,4.95335132105,,,2.62019551467,1.46964166909,1.54805305657,,1.82126670007,4.12207851225,2.24518222572,-1.84694809507,-0.76129944518,,,3.6513966954,3.35251835743,,1.54168296692,0.915612243915,1.54096697629,,2.8799172504,,,,2.2136725981,,2.77459752349,1.87790855155,0.810138931456,0.623897968144,0.997290241984,,4.53418725123,,,2.6756063113,2.42452876362
BLOO36,"C1orf86",ENSG00000162585,7.968834,-1.88390447277,-4.2170415376,,-2.22222154794,-1.4135948247543142,-1.97720348587,-3.00818795825,,-1.90969226231,-2.19650094487,-2.55281621227,-3.46815271488,,,-2.15107378129,-1.21254914184,0.195744319585,,-0.428378648955,-1.99707538433,-2.7159529352,-0.22420729131,-0.0586606564955,,,-2.47152599878,-1.14764318088,,-1.10295833096,-0.554793381413,-1.30187282302,,-1.56773829858,,,,-0.227690446429,,-1.56561922323,-2.11153873468,-0.889060317628,-0.509375237298,-3.27625638452,,-2.81151883753,,,-0.834461746323,-0.794131982442
BODY08B,"C1orf86",ENSG00000162585,6.275970,-1.71626276183,-1.86281891234,,-1.53188221237,-1.7703465202988624,-0.698379151777,-0.805393458972,,-0.809319934774,0.27349439435,-1.52466249448,-1.1049217802,,,-2.5752558285,-1.97033164707,-0.191353744403,,-1.99602577718,-2.26235661357,-0.509194501325,1.11498088418,0.797921068158,,,-2.52562744359,-1.16610386043,,0.788944377313,-1.46463668283,-1.91896964828,,-2.23361987209,,,,-0.0931632877442,,-2.67029627834,-1.59638443224,-1.21755077459,-2.58239373737,0.422279299535,,-1.22357384408,,,-1.57803620535,-2.65764514629
BODY08,"C1orf86",ENSG00000162585,5.824894,-1.55046148475,-1.5811558584,,-1.26373117115,-1.6367291968116786,-0.644091234778,-0.645630962348,,-0.635169920793,0.447604669912,-1.49942185653,-0.910109146847,,,-2.4876650223,-1.78400475943,-0.263571969098,,-2.18957542949,-2.17881653653,-0.381302088373,1.18130722081,0.599715934155,,,-2.26859080784,-1.01035246142,,0.821109004535,-1.26383179353,-1.8440129648,,-1.99879983448,,,,0.128904836466,,-2.63379258413,-1.64416175693,-1.37538085813,-2.68043593453,0.385473348944,,-0.9964217048,,,-1.36681296977,-2.40502907613
HEIG03,"C1orf86",ENSG00000162585,13.638915,-0.797874176326,-3.14584317266,,-4.18249542238,-2.66171508397397,-4.27756017357,-4.09996851508,,-2.84851379901,-3.45959853777,-1.4863055033,-4.99612578359,,,-1.55601159743,1.96554371538,0.0495887376706,,2.07358881437,-2.22819246982,-3.53750498901,0.923139353705,1.85290333948,,,-4.10374909814,-1.43779257799,,-5.0027443762,-2.61697680919,-2.29466623349,,-1.80615876935,,,,-0.825182644435,,-0.909195997239,-2.68139273182,-1.00435649968,-0.583170884277,-1.98121114408,,-4.20110898898,,,-4.6900515596,-1.08120957347
HEIG04F,"C1orf86",ENSG00000162585,6.924818,-0.6450852394,-1.12343411436,,-2.39359833817,-1.2954968743736726,-3.05264154235,-2.1897124205,,-1.5283366739,-2.43078078256,-0.186445723246,-2.57675391039,,,-0.016132817384,1.41346734119,0.971982420554,,2.27331059062,-0.34764028905,-2.74435265874,0.489031817372,1.8104240893,,,-2.34109680811,-0.532184863274,,-1.13186626992,-1.54598444565,-1.09358347643,,-0.540520521881,,,,-0.77173068533,,-0.788360542686,-1.38949864683,0.441052534881,-0.196749539936,-1.20423365353,,-2.53246656605,,,-3.05697997495,-0.0590690095782
LEAN06B,"C1orf86",ENSG00000162585,8.517055,-1.60885416631,-3.76759171843,,-3.10352628606,-1.997047749687341,-2.27939099547,-1.70559962223,,-2.03823724085,-2.1021596327,-1.38428617382,-4.73516739261,,,-3.5537558229,0.286312464741,-0.816253806106,,-0.527832749637,-2.92742640968,-3.44988881267,-0.554748723496,-0.217035248553,,,-3.09489929845,-0.422664998868,,-0.963407099568,-1.1665636099,-2.01774276072,,-0.963325718908,,,,0.354579212078,,-1.81251158616,-3.43001318631,-1.74029356396,-1.63944217283,-1.14615721501,,-3.47320028756,,,-2.08728780698,-0.450882139427
LEAN06,"C1orf86",ENSG00000162585,9.000782,-2.01870944339,-4.09056747512,,-3.70069625811,-2.471027167617402,-2.57960548746,-2.08838105537,,-2.43151370648,-2.48584067449,-1.58958501619,-4.68988345871,,,-3.3000194472,-0.0534057852489,-0.696163470264,,-0.386205032331,-2.81108752092,-3.61996936316,-0.401459861107,0.628439004104,,,-3.55292484753,-0.849241986494,,-1.00235655236,-1.58797755797,-2.2489774013,,-1.31959095432,,,,-0.151167605637,,-1.85976389933,-3.57822683414,-1.19092763197,-1.62296144511,-1.18548198268,,-4.04248174057,,,-2.40847185584,-0.984643962345
MENA02F,"C1orf86",ENSG00000162585,6.147587,-1.36416854084,-2.02096631985,,-2.72361682003,-1.4710323018239646,-3.19367863967,-3.16922790428,,-2.37284711089,-2.52611030634,-2.24599744718,-3.0059986095,,,-0.256977714851,0.961232531708,0.805487615114,,0.1095286049,-1.1828185352,-3.40407669797,0.337150068304,-0.688814882616,,,-2.0970261691,-1.79570021237,,-2.38245492386,-1.84560248369,-1.66416571611,,-0.388661658913,,,,-0.661572343149,,-0.198588545573,-2.737762745,-0.584442916013,0.194276642773,-2.12286100283,,-2.95847414341,,,-1.40574408048,-0.0574601343439
