code,target,ENSEMBL,association,Adipose_Subcutaneous,Adipose_Visceral_Omentum,Breast_Mammary_Tissue,Muscle_Skeletal,DGN_Whole_Blood,Whole_Blood,Artery_Aorta,Artery_Coronary,Artery_Tibial,Heart_Atrial_Appendage,Heart_Left_Ventricle,Spleen,Brain_Amygdala,Brain_Anterior_cingulate_cortex_BA24,Brain_Caudate_basal_ganglia,Brain_Nucleus_accumbens_basal_ganglia,Brain_Putamen_basal_ganglia,Brain_Cerebellar_Hemisphere,Brain_Cerebellum,Brain_Cortex,Brain_Frontal_Cortex_BA9,Brain_Hippocampus,Brain_Hypothalamus,Brain_Spinal_cord_cervical_c-1,Brain_Substantia_nigra,Nerve_Tibial,Cells_Transformed_fibroblasts,Cells_EBV-transformed_lymphocytes,Colon_Sigmoid,Colon_Transverse,Esophagus_Gastroesophageal_Junction,Esophagus_Mucosa,Esophagus_Muscularis,Liver,Minor_Salivary_Gland,Small_Intestine_Terminal_Ileum,Stomach,Adrenal_Gland,Pituitary,Pancreas,Thyroid,Lung,Ovary,Prostate,Testis,Uterus,Vagina,Skin_Not_Sun_Exposed_Suprapubic,Skin_Sun_Exposed_Lower_leg
BLOO05,"LRRC25",ENSG00000175489,13.608959,4.48946692958,5.59795853026,,0.899028638431,5.855874606676513,6.32811205924,5.41319280679,,5.61765553829,,,5.46395033791,,,,5.5627298298,,0.228531194477,,,,,,,3.7527120377,6.08812051841,,,,,,,4.58547021397,,,,,,,,5.25559631534,1.94762363349,,,,,2.34940142143,5.11277617497,
BLOO06,"LRRC25",ENSG00000175489,15.657874,-3.83302181495,-6.00971761455,,-3.62821743562,-7.479408219741517,-6.32917375498,-5.31256382485,,-5.59164707537,,,-3.54171421607,,,,-4.29038927324,,0.0576459199244,,,,,,,-2.84164336071,-5.99675310117,,,,,,,-4.12916445845,,,,,,,,-4.3681432799,-0.537539769005,,,,,-1.593730374,-5.04361746351,
BLOO09,"LRRC25",ENSG00000175489,14.886859,-3.57847292788,-5.82636394332,,-3.69301056979,-7.289415974760325,-6.12488082669,-5.20044930966,,-5.37046519159,,,-3.33986961681,,,,-4.24879332944,,-0.0909856461282,,,,,,,-2.77789577075,-5.80075338347,,,,,,,-3.81111788859,,,,,,,,-4.0684492788,-0.358045029992,,,,,-1.4381733993,-4.78002825129,
BLOO10,"LRRC25",ENSG00000175489,11.556190,-2.8719252758,-4.99766369764,,-3.5159805257,-6.382121033155145,-5.19151714863,-4.30775325786,,-4.5715397293,,,-2.57004151745,,,,-3.47211987085,,-0.0747607227129,,,,,,,-2.23971593367,-4.90252811445,,,,,,,-3.15257087336,,,,,,,,-3.26011830851,-0.150265984562,,,,,-1.21676910022,-4.04189820416,
BLOO12,"LRRC25",ENSG00000175489,7.878440,-2.59592426047,-3.94730485933,,-3.09592110433,-5.146642966748477,-3.96973467385,-3.52720729771,,-3.43561571626,,,-1.38443116352,,,,-1.89953033106,,0.32385051472,,,,,,,-0.885063539537,-3.75141035517,,,,,,,-2.98228007647,,,,,,,,-2.70784231026,0.0997288763086,,,,,-1.65254394501,-3.13418178925,
BLOO13,"LRRC25",ENSG00000175489,14.142903,-3.82830163274,-5.99348414499,,-3.68694092461,-7.719144841279116,-6.35588971619,-5.27688193386,,-5.58857124784,,,-3.59648564769,,,,-4.35489584659,,0.0184978718692,,,,,,,-2.91924759315,-6.06166572968,,,,,,,-4.08380727249,,,,,,,,-4.39034547339,-0.496628581056,,,,,-1.51171058483,-5.11137877681,
BLOO19,"LRRC25",ENSG00000175489,32.406924,-7.2083576352,-10.006838688,,-3.97787638742,-12.221100249306154,-11.0742482946,-9.43314109376,,-9.65356014386,,,-7.97401897054,,,,-8.92543896225,,-0.275336770268,,,,,,,-6.01147277791,-10.5461434535,,,,,,,-7.55850620452,,,,,,,,-8.47233878483,-2.16654584403,,,,,-3.57605867528,-8.91379270939,
BLOO20,"LRRC25",ENSG00000175489,6.904656,-2.74366758189,-3.71795673595,,-2.31434681653,-4.13032453200731,-4.60107298108,-2.95144558669,,-3.5850045871,,,-3.77900693828,,,,-3.6623228284,,0.673212532557,,,,,,,-3.71280174613,-5.08500442573,,,,,,,-2.1847153785,,,,,,,,-2.67610869018,0.839932428537,,,,,-0.364894413785,-4.66886559003,
BLOO24,"LRRC25",ENSG00000175489,8.195343,1.86771361075,4.52499814772,,2.35535314822,5.619625091851969,4.90079034513,3.70189068498,,4.62615800765,,,3.48047133243,,,,4.5574660892,,0.674735503237,,,,,,,3.83324565645,4.38330786936,,,,,,,1.93888208547,,,,,,,,2.58246915717,0.913305819611,,,,,-0.709295051823,3.54032589577,
BLOO26,"LRRC25",ENSG00000175489,5.862963,0.761354497956,0.942333629134,,0.691034548105,0.006019368372549669,-0.03908243887,-0.902336655042,,2.92028758646,,,-1.73498657113,,,,-0.611004678936,,-1.33094988451,,,,,,,1.91486309657,-0.107728579092,,,,,,,2.33148906011,,,,,,,,-0.394576784816,-0.0109642791927,,,,,-1.53286864382,-0.864671898442,
BLOO28,"LRRC25",ENSG00000175489,22.350519,7.22798077434,9.53804419925,,3.6871150264,11.602248050001913,10.6450510813,9.27013280642,,9.17052616468,,,7.51479125956,,,,8.23339495255,,-0.120187781712,,,,,,,5.33855834039,10.0833015676,,,,,,,7.6640951891,,,,,,,,8.36426299275,2.39012418429,,,,,4.241639673,8.51813158834,
BLOO30,"LRRC25",ENSG00000175489,15.108095,-3.54003163149,-5.76999718495,,-3.62070221001,-7.47106614185967,-6.03171489757,-5.1350476215,,-5.32832788046,,,-3.24672220733,,,,-4.12286376676,,0.00233661886264,,,,,,,-2.67753825761,-5.63931893712,,,,,,,-3.80967735008,,,,,,,,-4.00590671086,-0.396029955513,,,,,-1.50977041152,-4.66440116248,
BLOO32,"LRRC25",ENSG00000175489,16.290645,-3.97289381706,-6.69932102619,,-2.89974878202,-8.138288480996744,-7.27629755376,-5.75186407145,,-6.67819807573,,,-5.22794965897,,,,-5.99198462039,,-0.55336497039,,,,,,,-4.74598003219,-6.77648063964,,,,,,,-4.181454026,,,,,,,,-4.8285535695,-1.67690012922,,,,,-0.419666287771,-5.71849799445,
BLOO35,"LRRC25",ENSG00000175489,7.751487,0.0697135630819,-2.39073714243,,-2.70159368674,-2.2947477209583504,-2.63403278102,-1.94295557716,,-3.52114999623,,,-1.35870990692,,,,-2.24769760617,,2.61903788882,,,,,,,-4.18859994971,-0.833710565176,,,,,,,-1.64210243328,,,,,,,,-1.25133043542,-2.36882991597,,,,,1.29948714369,0.477454779202,
