code,target,ENSEMBL,association,Adipose_Subcutaneous,Adipose_Visceral_Omentum,Breast_Mammary_Tissue,Muscle_Skeletal,DGN_Whole_Blood,Whole_Blood,Artery_Aorta,Artery_Coronary,Artery_Tibial,Heart_Atrial_Appendage,Heart_Left_Ventricle,Spleen,Brain_Amygdala,Brain_Anterior_cingulate_cortex_BA24,Brain_Caudate_basal_ganglia,Brain_Nucleus_accumbens_basal_ganglia,Brain_Putamen_basal_ganglia,Brain_Cerebellar_Hemisphere,Brain_Cerebellum,Brain_Cortex,Brain_Frontal_Cortex_BA9,Brain_Hippocampus,Brain_Hypothalamus,Brain_Spinal_cord_cervical_c-1,Brain_Substantia_nigra,Nerve_Tibial,Cells_Transformed_fibroblasts,Cells_EBV-transformed_lymphocytes,Colon_Sigmoid,Colon_Transverse,Esophagus_Gastroesophageal_Junction,Esophagus_Mucosa,Esophagus_Muscularis,Liver,Minor_Salivary_Gland,Small_Intestine_Terminal_Ileum,Stomach,Adrenal_Gland,Pituitary,Pancreas,Thyroid,Lung,Ovary,Prostate,Testis,Uterus,Vagina,Skin_Not_Sun_Exposed_Suprapubic,Skin_Sun_Exposed_Lower_leg
BLOO02,"ACADS",ENSG00000122971,26.328809,9.1154408607,,,-5.3832212067,,-6.27252165164,8.27223744168,,9.89032740353,,,,9.64431892029,9.14533477993,7.07038335263,7.64648235586,,8.81656020014,9.78704176573,9.82402476404,7.24818895914,2.17302704805,7.90884657352,,,9.10241641629,7.36485545953,,6.10835847017,7.10988882998,,,5.57448093154,,,,,,,,2.90194912638,8.46301445381,,,6.07479014195,,,,
BLOO04,"ACADS",ENSG00000122971,14.185653,2.95900040614,,,-3.5494834546,,-4.25622420723,-1.20197796689,,2.58734044383,,,,4.27223514491,-0.921530057044,2.04345110962,3.62735962682,,3.65561532502,4.40324849705,2.3214287132,-0.63171992764,-1.09047151464,2.68270422087,,,1.97601177912,-0.697219958085,,-0.184507249985,2.73980756709,,,4.64939582218,,,,,,,,0.748452116719,3.42810598287,,,3.17130910313,,,,
BLOO21,"ACADS",ENSG00000122971,13.142041,-0.952890864192,,,-1.56824034299,,-2.33799600572,-5.45543284201,,-2.2208833883,,,,0.00147733206847,-4.68452424022,-1.00160277233,0.0374741374551,,-0.336513376145,0.073525518004,-2.19630949346,-3.69190021083,-1.81797503038,-1.12487136459,,,-2.18328400857,-4.3115247634,,-3.81252389868,-0.777350276669,,,2.11271335834,,,,,,,,-1.07707769868,-0.684481944577,,,-0.0698138974464,,,,
BLOO22,"ACADS",ENSG00000122971,13.449197,0.404171680191,,,-2.31627688764,,-3.16483782457,-4.22175481031,,-0.713311403924,,,,1.463469407,-3.29013405496,0.00552470707449,1.1619483701,,0.991560421764,1.55654872779,-0.705460139497,-2.52409823288,-1.43360567615,0.0842731706462,,,-0.824457770403,-3.18991732605,,-2.90116401094,0.26942702489,,,2.79359900742,,,,,,,,-0.659123273007,0.611987298054,,,0.845651540355,,,,
BLOO23,"ACADS",ENSG00000122971,12.343270,-3.72650685896,,,-0.0998739662256,,-0.61464865389,-7.21058149143,,-5.12681365031,,,,-3.14636166721,-6.06757754541,-3.13024365048,-2.53769538031,,-3.26407289335,-3.13048834729,-4.91646889551,-4.35349220633,-1.50380429574,-3.54537260281,,,-4.57184565387,-6.05540097801,,-5.73363325697,-3.17033783172,,,0.219299998387,,,,,,,,-2.13473806044,-3.53995732325,,,-2.62595957163,,,,
BLOO26,"ACADS",ENSG00000122971,35.276397,-11.1172927555,,,7.22790232167,,6.82570923611,-12.2696007386,,-12.1356941319,,,,-12.6870143786,-10.4192526755,-9.33029049796,-10.7576865633,,-11.1695753605,-12.8078837627,-12.2439376897,-9.15895591181,-4.07980928221,-10.1081451653,,,-11.6923215429,-10.3553413112,,-7.32128215506,-8.19341132429,,,-5.89257850524,,,,,,,,-1.49248939748,-11.3476189415,,,-7.5544438874,,,,
BLOO27,"ACADS",ENSG00000122971,57.194669,-12.2542177836,,,8.15045282221,,7.04909338368,-13.2351714433,,-13.3993775702,,,,-13.7963055482,-10.622467303,-9.70936384556,-11.4575280486,,-12.5235741728,-13.9496118506,-13.1439542147,-9.73403250845,-4.62678196092,-10.6771142665,,,-12.2590590876,-11.2862415897,,-8.49752648335,-9.27260318231,,,-6.84034542667,,,,,,,,-2.23485739166,-12.3301074534,,,-8.71753415741,,,,
BLOO29,"ACADS",ENSG00000122971,3.512720,-2.32439204265,,,2.17270226804,,3.49840277111,-1.08184835753,,-4.88501905097,,,,-1.52772368802,-1.14339151904,-1.72503393867,0.534348462163,,-2.70496792805,-1.35548163271,-1.48058148684,-1.29453186878,0.301485143602,-0.766542349644,,,0.252681295806,-1.09733806274,,-2.57351304501,0.140076611156,,,2.09527245992,,,,,,,,0.958506127905,0.384034109363,,,-0.37169486682,,,,
BLOO35,"ACADS",ENSG00000122971,23.207223,7.66877993396,,,-5.03530712795,,-5.58950158386,8.97419867763,,8.35667404279,,,,9.52117944002,7.0725584575,8.59073068562,7.41225190665,,8.09766290158,9.47377126062,8.98127794852,7.43831553814,1.51660030634,7.76558617386,,,10.07674188,7.54757112761,,5.94997258268,6.96117224566,,,5.53538386623,,,,,,,,4.58101032642,8.5084880366,,,7.51812183646,,,,
BLOO36,"ACADS",ENSG00000122971,10.499544,0.92856578309,,,-2.37010166184,,-3.02159601712,-3.16357910564,,0.0869182167166,,,,2.12493745572,-2.91467957688,0.579521593109,1.90277655145,,1.68133819909,2.22639326336,0.0687350184297,-2.47330648797,-1.59610237846,0.861192342661,,,0.0280611720703,-2.32130036337,,-1.88250964826,1.11904818076,,,3.11071118791,,,,,,,,0.0389610450932,1.50888179286,,,1.8345636678,,,,
DEPR01,"ACADS",ENSG00000122971,4.546773,-2.37369199833,,,-1.05234255975,,4.92817618068,-0.759268085501,,-1.88399277032,,,,-0.82801253888,-0.933762662238,-0.775472825418,-0.0430388449538,,-0.3338356545,-0.70197707789,-0.645603353695,-1.94358649395,0.259247078263,0.353075697556,,,-0.741729454519,-2.2719029811,,1.41617830717,2.67033583894,,,2.44213624075,,,,,,,,4.31335791295,1.25273268931,,,1.42774829939,,,,
EDUC01,"ACADS",ENSG00000122971,6.042350,-1.22974165713,,,3.93886595692,,1.19072958594,-1.13083710786,,-2.88413309299,,,,-2.70035907006,-0.308949520305,-0.690553299073,-2.03283252036,,-2.8556102137,-2.73708568416,-1.75476121746,-1.45071824537,-1.98412113042,-1.6934120662,,,-3.41619995233,-3.00847943035,,-2.78262784296,-3.30333853496,,,-0.926047160745,,,,,,,,-3.72790197823,-3.18269953568,,,-4.05868756256,,,,
LEAN06B,"ACADS",ENSG00000122971,4.166738,-1.42417125273,,,1.83203215359,,1.03298040097,-1.06713719977,,-1.96848072847,,,,-2.4206658127,-2.1221692221,-0.831946993937,-2.01980418227,,-2.38752966669,-2.48514275294,-1.93542522763,-1.12385141098,-0.711539166922,-2.43109006778,,,-3.67775563868,-1.65803904388,,-2.85754823064,-3.67267251668,,,-3.63517492416,,,,,,,,-5.09241761371,-3.18694781722,,,-3.50978940812,,,,
