code,target,ENSEMBL,association,Adipose_Subcutaneous,Adipose_Visceral_Omentum,Breast_Mammary_Tissue,Muscle_Skeletal,DGN_Whole_Blood,Whole_Blood,Artery_Aorta,Artery_Coronary,Artery_Tibial,Heart_Atrial_Appendage,Heart_Left_Ventricle,Spleen,Brain_Amygdala,Brain_Anterior_cingulate_cortex_BA24,Brain_Caudate_basal_ganglia,Brain_Nucleus_accumbens_basal_ganglia,Brain_Putamen_basal_ganglia,Brain_Cerebellar_Hemisphere,Brain_Cerebellum,Brain_Cortex,Brain_Frontal_Cortex_BA9,Brain_Hippocampus,Brain_Hypothalamus,Brain_Spinal_cord_cervical_c-1,Brain_Substantia_nigra,Nerve_Tibial,Cells_Transformed_fibroblasts,Cells_EBV-transformed_lymphocytes,Colon_Sigmoid,Colon_Transverse,Esophagus_Gastroesophageal_Junction,Esophagus_Mucosa,Esophagus_Muscularis,Liver,Minor_Salivary_Gland,Small_Intestine_Terminal_Ileum,Stomach,Adrenal_Gland,Pituitary,Pancreas,Thyroid,Lung,Ovary,Prostate,Testis,Uterus,Vagina,Skin_Not_Sun_Exposed_Suprapubic,Skin_Sun_Exposed_Lower_leg
BLOO06,"TTC19",ENSG00000011295,19.531121,-9.37280333304,-8.07634642595,-9.1817735738,-5.13139061169,-9.490693300858371,-9.54803805049,,,-9.66991830034,,-5.99650064041,,-7.73311624799,,-5.56943408463,,,,,,,-7.05502488133,,,,-9.60970490204,-9.76400308939,,-9.96346909721,-9.34807540006,-8.89373411153,-8.9655385519,-10.0315373896,,,-8.8648753523,-7.63499589761,-9.38981818364,-8.23957567502,-9.71175825697,-8.99912858737,-9.44147176261,,,-9.49427012335,-8.75155709229,,-8.94839220867,-8.96439588157
BLOO09,"TTC19",ENSG00000011295,28.507645,-9.44685357348,-8.30306381839,-9.27091078342,-5.29918889994,-9.554957379776011,-9.61364801807,,,-9.73435520176,,-6.13281577527,,-7.65925487841,,-5.74027910325,,,,,,,-7.17762639171,,,,-9.67230631134,-9.818944507,,-9.9848971922,-9.44173439657,-8.9039688589,-9.04275497954,-10.0908969689,,,-8.88345899473,-7.43417603844,-9.3999315875,-8.34172383269,-9.76294815199,-9.1181267928,-9.49937655266,,,-9.57213448718,-8.84707761059,,-8.95401839752,-8.98492501885
BLOO10,"TTC19",ENSG00000011295,25.240279,-9.20070076006,-8.11914477675,-9.01110461149,-5.25019311894,-9.284535795231498,-9.32695214805,,,-9.47457364532,,-6.00334074697,,-7.34769619232,,-5.55636964767,,,,,,,-6.88176943541,,,,-9.40018953502,-9.54334666241,,-9.52365753484,-9.1766813561,-8.66959848418,-8.8269000339,-9.72446856586,,,-8.60211682788,-7.15916776062,-9.14083169214,-7.98188079779,-9.47681114468,-8.87669932659,-9.19419051259,,,-9.32375739255,-8.56326952483,,-8.6995339612,-8.68496342286
BLOO11,"TTC19",ENSG00000011295,5.388670,4.21932958427,3.31151772939,4.33879371485,2.69684440179,4.398949392252151,4.23911537839,,,4.55225189731,,2.5138812542,,3.7655552325,,4.15991671242,,,,,,,2.10927179509,,,,4.42383139903,4.31146398978,,4.21835489536,4.33874815357,4.26629194733,3.34309918432,4.17200977337,,,4.84646415972,4.18367429002,4.62007251545,4.12312822355,4.6423849009,4.18728556691,4.31263390319,,,4.20076851764,3.26667540824,,3.98938619865,4.25837046981
BLOO12,"TTC19",ENSG00000011295,10.091236,-5.76658581205,-5.06655162018,-5.43426743865,-3.17519603617,-5.721425613044083,-5.85032598176,,,-5.784599423,,-3.88789162782,,-4.62584514077,,-2.83571701607,,,,,,,-4.80895798602,,,,-5.8141442568,-5.9841174261,,-6.18365858806,-5.68133238184,-5.31449017517,-5.66271453511,-6.33408832646,,,-5.06123231766,-4.14836217489,-5.52861745567,-4.99468089892,-5.80279274093,-5.47759483211,-5.69414991418,,,-5.78951398357,-5.52947703969,,-5.41535611531,-5.27394020913
BLOO13,"TTC19",ENSG00000011295,28.164392,-9.48146357342,-8.2550453897,-9.29296032706,-5.19449769329,-9.654004191145077,-9.65068153994,,,-9.75489706097,,-6.09018096579,,-7.7320175904,,-5.72278096135,,,,,,,-7.17455944639,,,,-9.71353072966,-9.86209625563,,-10.0466486118,-9.44709192991,-8.99292748886,-9.05520365478,-10.1198879983,,,-8.95853485329,-7.68985101609,-9.48944173869,-8.32533999729,-9.80458262348,-9.10874913669,-9.53347983417,,,-9.59192045853,-8.89117581114,,-9.04374247812,-8.92556887717
BLOO19,"TTC19",ENSG00000011295,14.993620,-7.27241214617,-5.98928696481,-7.31119601715,-3.72444764116,-7.573730573341226,-7.56096135294,,,-7.48605055753,,-4.6396568781,,-6.10685714892,,-4.06511251411,,,,,,,-5.40411478109,,,,-7.61507198354,-7.66124562843,,-9.07414639568,-7.41012618675,-6.99477558514,-6.83626346296,-8.54253046247,,,-7.49844847477,-5.80376028194,-7.40974083707,-6.96613766441,-7.86437696502,-7.12640616154,-7.55253000663,,,-7.44499334006,-7.04607557838,,-7.0542648992,-7.27136108066
BLOO24,"TTC19",ENSG00000011295,25.123286,10.6656867282,9.09719881519,10.6348281655,6.47051495021,10.91757105311986,10.8105902444,,,11.1791000282,,6.90366052458,,8.85311071316,,7.7049877315,,,,,,,7.07270352595,,,,11.0049464784,11.051581383,,10.9396108844,10.7906874325,10.2570955378,9.72903125654,11.0817813022,,,10.7180633826,9.1384795198,10.9936522945,9.54598531042,11.2677116441,10.4240096932,10.6944827952,,,10.7790381057,9.39074774138,,10.2221369992,10.258571793
BLOO28,"TTC19",ENSG00000011295,5.255848,4.10387979386,3.1351984571,4.14034633458,1.92149836928,4.313496674517942,4.37547069203,,,4.0811832819,,2.79068242964,,3.57801493529,,1.63405937837,,,,,,,3.4600026939,,,,4.34506919582,4.36623695136,,5.91806372366,4.22352192238,3.91909142889,3.85405627555,5.30487339006,,,4.34204924086,3.0305358479,4.095536647,4.32723715338,4.52577535705,4.0702900229,4.33472105379,,,4.22479729092,4.09689079725,,4.01362482418,4.23803947056
BLOO30,"TTC19",ENSG00000011295,23.339457,-9.33632553955,-8.13747393881,-9.15904961127,-5.27562845655,-9.493891849148808,-9.50225731105,,,-9.64769542164,,-6.0672695138,,-7.60843899565,,-5.60717309907,,,,,,,-7.0243638522,,,,-9.56182200242,-9.71505746801,,-9.92586222373,-9.3445388395,-8.81085471566,-8.96626794485,-10.0138041853,,,-8.7923627615,-7.36760322359,-9.30237365506,-8.25177119059,-9.66409553393,-9.02065437404,-9.40019196021,,,-9.46522742157,-8.68604912503,,-8.86382239479,-8.77145301537
BLOO32,"TTC19",ENSG00000011295,28.459808,-10.3834336036,-8.78693004831,-10.2709466892,-5.88831331979,-10.658903098246629,-10.5766854138,,,-10.8017968653,,-6.61818485489,,-8.80853767997,,-7.00106225371,,,,,,,-6.91752691126,,,,-10.7383931976,-10.804786036,,-11.1618604942,-10.4702945764,-10.0593467821,-9.49595454918,-11.1171895567,,,-10.5235998762,-9.1044618703,-10.7516216936,-9.29957736743,-11.0078063686,-10.1061202294,-10.4552355401,,,-10.4859032399,-9.36009362429,,-10.1370928983,-10.0949383318
BODY08B,"TTC19",ENSG00000011295,7.221270,4.86163775585,4.3233215657,5.22987785626,1.71596646863,4.946207752289189,4.92801461405,,,4.68697091724,,2.65731111264,,3.53428673653,,4.56512557486,,,,,,,4.60467084332,,,,4.85627063127,4.90375932382,,3.43163659136,4.48614559577,4.39923986144,4.34468685144,3.88520476226,,,4.58614755114,4.69684477912,4.80345767542,4.12735359315,4.6751152635,3.86558626507,4.56786970411,,,4.92277381736,4.66633016438,,4.2579224921,4.70051022583
BODY08,"TTC19",ENSG00000011295,7.327117,4.82542264791,4.22586597656,5.18410787662,1.59298103006,4.896991010885164,4.87495562032,,,4.60067750966,,2.56441302811,,3.40749766482,,4.54056050539,,,,,,,4.60948975341,,,,4.82155029818,4.86357537165,,3.4527125848,4.44283803506,4.42328899999,4.30325802035,3.87854587085,,,4.59497370666,4.77653332546,4.73502668427,4.10705701387,4.66823919656,3.84549285041,4.55674469635,,,4.86533409591,4.65280111359,,4.16769517098,4.64360142848
