code,target,ENSEMBL,association,Adipose_Subcutaneous,Adipose_Visceral_Omentum,Breast_Mammary_Tissue,Muscle_Skeletal,DGN_Whole_Blood,Whole_Blood,Artery_Aorta,Artery_Coronary,Artery_Tibial,Heart_Atrial_Appendage,Heart_Left_Ventricle,Spleen,Brain_Amygdala,Brain_Anterior_cingulate_cortex_BA24,Brain_Caudate_basal_ganglia,Brain_Nucleus_accumbens_basal_ganglia,Brain_Putamen_basal_ganglia,Brain_Cerebellar_Hemisphere,Brain_Cerebellum,Brain_Cortex,Brain_Frontal_Cortex_BA9,Brain_Hippocampus,Brain_Hypothalamus,Brain_Spinal_cord_cervical_c-1,Brain_Substantia_nigra,Nerve_Tibial,Cells_Transformed_fibroblasts,Cells_EBV-transformed_lymphocytes,Colon_Sigmoid,Colon_Transverse,Esophagus_Gastroesophageal_Junction,Esophagus_Mucosa,Esophagus_Muscularis,Liver,Minor_Salivary_Gland,Small_Intestine_Terminal_Ileum,Stomach,Adrenal_Gland,Pituitary,Pancreas,Thyroid,Lung,Ovary,Prostate,Testis,Uterus,Vagina,Skin_Not_Sun_Exposed_Suprapubic,Skin_Sun_Exposed_Lower_leg
BLOO05,"TMED5",ENSG00000117500,14.808130,4.39695132394,,,4.32985014933,6.234557884140634,,,,4.17873123966,,,2.90422720127,,-0.0531171860754,4.33845081808,4.20233009866,,4.8031032945,4.6073878572,,5.14549096766,,,,,5.73975878634,3.35286079926,1.84344924119,,4.85607833414,,4.79186117879,,,,,4.66795593956,,,5.32393158375,3.10842208861,1.01090790375,,,4.91271117058,,,,
BLOO07,"TMED5",ENSG00000117500,16.289570,5.23267516319,,,5.91074964635,6.257509591416148,,,,6.84106815913,,,3.44617115064,,3.6045287909,4.43127506423,5.37292824261,,4.81620923164,5.14013838724,,6.73841654183,,,,,5.976918745,5.35256489687,1.66261563615,,6.43057178076,,6.61028452591,,,,,6.57850668181,,,6.62552734968,4.22572232071,3.16000273761,,,6.37061956481,,,,
BLOO16,"TMED5",ENSG00000117500,13.420720,4.68815819095,,,5.47901420342,5.788350677789351,,,,6.59748958647,,,3.04468076396,,3.72383016537,4.25368672101,5.08042284158,,4.77226419013,4.66945294758,,6.43502731992,,,,,5.69085811667,5.0410374806,1.41271047445,,6.06558945926,,6.52788563133,,,,,6.25628356027,,,6.21082423101,4.03062696079,2.76234323059,,,6.08517375298,,,,
BLOO17,"TMED5",ENSG00000117500,13.028668,5.29948453412,,,5.93481053232,6.00172189813761,,,,6.31673162752,,,3.54145738649,,4.18613909899,4.36883251121,5.42297732292,,4.8749108522,5.2092079976,,6.46243712003,,,,,5.48685534748,5.56236740448,2.0073107743,,6.36093677594,,6.27604276759,,,,,6.48772164375,,,6.37370827373,4.41669989732,3.17681661825,,,6.32536548844,,,,
BLOO18,"TMED5",ENSG00000117500,13.246532,5.08175887129,,,5.68124381006,5.752819712191987,,,,6.00363771753,,,3.49645822843,,4.29595056035,4.21246888673,5.25755310346,,4.82747971661,4.92828231933,,6.1943969842,,,,,5.31789426993,5.33867032595,1.81833104054,,6.10697422292,,6.08810973545,,,,,6.24616724967,,,6.10089683098,4.44537917317,3.11942108278,,,6.0798375564,,,,
BLOO19,"TMED5",ENSG00000117500,6.661583,-3.97083815526,,,-3.53725225089,-5.047973801855123,,,,-2.49283125185,,,-2.80115791613,,-1.65503374119,-3.64645624045,-3.80425697371,,-4.42654011408,-4.08938650557,,-3.88971836432,,,,,-4.06928156639,-3.25851625621,-1.70124579556,,-4.09759705122,,-3.59307870162,,,,,-3.7890221396,,,-4.09051508658,-3.2029286908,-1.4378460307,,,-4.16065471299,,,,
BLOO28,"TMED5",ENSG00000117500,13.455771,5.18132532139,,,4.60115309095,6.442721114288156,,,,3.25757322769,,,3.40711220473,,1.57929893145,4.78109121944,4.8387828736,,5.38296627697,5.4299368434,,4.97141532309,,,,,5.12421996393,4.22605257736,2.30305379985,,5.18445564093,,4.50126616849,,,,,4.7475110904,,,5.31815144728,3.78563363626,1.55129605103,,,5.26217908457,,,,
BLOO31,"TMED5",ENSG00000117500,14.217169,-4.69790674957,,,-5.37944217878,-5.442624104955945,,,,-5.87638520492,,,-3.15305140724,,-4.69970149073,-4.11687711672,-5.06149946483,,-4.84002356287,-4.47756139868,,-5.99911769336,,,,,-5.14873194295,-5.05857844118,-1.61628238189,,-5.93227032991,,-6.10274811694,,,,,-6.04366436319,,,-5.80011614339,-4.34898462781,-2.94946767286,,,-5.96132869672,,,,
CHOL22,"TMED5",ENSG00000117500,6.618145,-3.79161261367,,,-4.65655671948,-4.829626684166017,,,,-4.06982273692,,,-1.43024560584,,-0.97758586845,-3.08488456993,-3.45601558076,,-3.02825869892,-3.19627703385,,-4.55775170155,,,,,-3.20182025804,-2.77371553362,-0.413899563763,,-4.89779832626,,-3.81754923375,,,,,-4.75708515226,,,-4.46567807774,-2.80512707828,-3.6064157647,,,-4.75568470309,,,,
EDUC01,"TMED5",ENSG00000117500,6.774510,3.61283432462,,,4.59261282735,4.951782185257026,,,,3.95152328708,,,2.16008033528,,2.58454349478,3.9721503082,3.67072523308,,2.86280800887,4.11740761299,,4.16708652375,,,,,3.24245955186,3.88563226884,-0.42292542185,,4.5580127677,,4.80143016541,,,,,4.6158953619,,,3.85461705444,2.56600030782,4.51274363284,,,4.19389605771,,,,
EDUC02,"TMED5",ENSG00000117500,5.772756,3.16370721007,,,4.74870651363,4.612113777260927,,,,4.12477505863,,,2.69419713622,,2.34031719005,3.93208257205,3.87136416434,,3.27527361897,3.81717612276,,4.24674677998,,,,,3.85631958795,3.89992603943,0.83082526211,,4.28397912034,,4.56754418004,,,,,4.31450374336,,,3.79884806599,3.19377648968,2.5520386344,,,4.22463083061,,,,
EDUC03,"TMED5",ENSG00000117500,13.049752,4.56479584746,,,6.52276960562,6.523689002368208,,,,5.27766826528,,,3.5456959895,,4.83628010498,4.97032472664,4.68733751468,,3.78582695008,4.01172313109,,5.61957568333,,,,,4.69214774642,4.02348536533,-0.339655727723,,6.35298318347,,6.05145994332,,,,,6.09741416882,,,5.1728897049,4.10942717544,5.94816887727,,,5.71132216343,,,,
