code,target,ENSEMBL,association,Adipose_Subcutaneous,Adipose_Visceral_Omentum,Breast_Mammary_Tissue,Muscle_Skeletal,DGN_Whole_Blood,Whole_Blood,Artery_Aorta,Artery_Coronary,Artery_Tibial,Heart_Atrial_Appendage,Heart_Left_Ventricle,Spleen,Brain_Amygdala,Brain_Anterior_cingulate_cortex_BA24,Brain_Caudate_basal_ganglia,Brain_Nucleus_accumbens_basal_ganglia,Brain_Putamen_basal_ganglia,Brain_Cerebellar_Hemisphere,Brain_Cerebellum,Brain_Cortex,Brain_Frontal_Cortex_BA9,Brain_Hippocampus,Brain_Hypothalamus,Brain_Spinal_cord_cervical_c-1,Brain_Substantia_nigra,Nerve_Tibial,Cells_Transformed_fibroblasts,Cells_EBV-transformed_lymphocytes,Colon_Sigmoid,Colon_Transverse,Esophagus_Gastroesophageal_Junction,Esophagus_Mucosa,Esophagus_Muscularis,Liver,Minor_Salivary_Gland,Small_Intestine_Terminal_Ileum,Stomach,Adrenal_Gland,Pituitary,Pancreas,Thyroid,Lung,Ovary,Prostate,Testis,Uterus,Vagina,Skin_Not_Sun_Exposed_Suprapubic,Skin_Sun_Exposed_Lower_leg
BFPC04B,"THBS3",ENSG00000169231,8.279047,,-2.75177280088,-1.50986206027,-1.8373077597,-2.331902460933373,-1.75168778401,,,,,,-2.093302805,-1.37038798263,,-0.741939997009,,-3.29853117142,-1.74505952753,-1.71627476294,-2.15031047345,,,,,,-2.40333646128,,,-5.77281037639,-2.34506327098,,-3.56688497681,-3.00323478028,-1.23309407803,,-2.62764900248,-2.45708146397,-4.01925399023,,-0.874806385119,-1.85726820972,-1.89219420965,,,-2.75695422185,,,-2.34634199809,-3.33472810378
BFPC04M,"THBS3",ENSG00000169231,5.603382,,-1.24366907538,-0.553475675544,-0.163050397444,-0.8156912862663486,-0.362491133793,,,,,,-0.31771677954,-0.690870860224,,-0.867279588801,,-1.29625534525,-0.642153165154,-0.196101767921,-1.41905219005,,,,,,-1.07722306271,,,-4.39767870603,-0.686282345665,,-2.06250952458,-1.60089972683,-0.362716879912,,-2.37938849501,-1.68077120866,-2.57413281742,,0.471990063622,-0.653432943369,-0.690886161557,,,-0.934796063765,,,-0.961724452635,-1.79000051564
BFPC04,"THBS3",ENSG00000169231,8.475422,,-3.04738133536,-1.69880830211,-2.33240918875,-2.7164673104588966,-2.12399799538,,,,,,-2.51692145945,-1.54288347447,,-0.722341376192,,-3.67337830524,-2.08079097519,-2.14074906379,-2.26428217298,,,,,,-2.6825481454,,,-5.82086977857,-2.77961935505,,-3.81556622744,-3.25259959704,-1.49316047559,,-2.57042263954,-2.51078994542,-4.28300972442,,-1.3327236163,-2.19759897156,-2.21423459265,,,-3.17948988259,,,-2.67069587461,-3.66612179222
BLOO02,"THBS3",ENSG00000169231,9.858049,,2.92609077056,4.01110706329,4.24033164918,5.783431844235818,4.63841290523,,,,,,5.39440998258,3.0411079807,,1.73786890443,,2.58934964562,3.59231155331,4.34229216094,4.34841104141,,,,,,3.72227247157,,,2.48807017835,4.75624493722,,5.98830334818,3.1522641522,2.07516405314,,2.56356535348,4.52279094153,2.1341042164,,5.49591888575,4.42626384515,4.45618146021,,,3.3500119044,,,3.92354656711,3.75630745845
BLOO03,"THBS3",ENSG00000169231,17.574922,,3.64984645706,5.74159062146,5.75701675535,7.736262240547272,6.85507696898,,,,,,7.00339648939,3.47304966351,,2.38979471976,,3.06009520491,5.34250028783,6.07290813019,4.18730848713,,,,,,3.21499328597,,,2.83597459537,6.50201598849,,6.66018299476,3.87220077665,4.72424854856,,3.44264454095,5.51429576321,3.04215436052,,7.25793806388,6.27366722516,6.37512701992,,,5.36705338091,,,5.14728610973,5.70677448745
BLOO20,"THBS3",ENSG00000169231,18.497873,,4.4755937595,6.29789723101,6.86365781919,8.518631114008166,7.11583475643,,,,,,7.93266482679,3.9041727427,,2.72564572462,,3.92146301955,5.96596707912,6.94432247716,5.43810052461,,,,,,4.66378959615,,,3.93827566755,7.64440340437,,7.53657805371,4.69233939191,5.21367874801,,4.44707443349,6.34193082201,3.50160136063,,8.27236498071,6.65586839033,7.34645172253,,,6.65774269761,,,6.20367328646,6.82914270664
BLOO21,"THBS3",ENSG00000169231,7.258014,,1.12369353741,3.13484155458,2.24396002563,2.357322998030717,2.12607828542,,,,,,2.76463677793,1.24716077096,,1.77107777392,,0.826706777641,2.27108647831,1.99539663992,1.52721625109,,,,,,1.75376210698,,,0.879133072959,1.815146221,,2.56060082064,2.33318126772,1.70015413789,,1.5103346597,2.27238585475,1.50924036901,,1.65848495011,2.34995816912,1.55936874695,,,2.1816130819,,,1.80519863946,2.19450020533
BLOO22,"THBS3",ENSG00000169231,6.825301,,1.55902237357,3.69575082985,2.84740657286,3.205708570748747,2.71354606116,,,,,,3.57715180515,1.71632790922,,2.06783971987,,1.22956235359,2.76087172108,2.58959981359,2.22136904811,,,,,,2.27337773843,,,1.26718109405,2.49067286106,,3.4631228169,2.83663112325,1.96945317144,,1.9249482657,2.9998146992,1.72545064223,,2.47809790312,2.90749456149,2.20538498747,,,2.71469583512,,,2.37054199726,2.7523428664
BLOO36,"THBS3",ENSG00000169231,11.066573,,0.629099909929,2.48791951279,1.53902522571,1.9209798668049156,1.5351748463,,,,,,2.34136141791,1.14388939391,,1.91698540971,,0.124028908033,1.65460695183,1.22169807371,0.47160542381,,,,,,0.813136354877,,,-0.389978214351,1.00855932213,,1.63675839627,2.25877439529,1.54283702384,,0.374603088236,1.66545308634,0.521417435105,,1.02644509772,1.60877130165,1.23507957015,,,1.3726453696,,,0.967691575445,1.36846819732
CROH01,"THBS3",ENSG00000169231,7.307206,,4.39996403342,3.12377193389,4.21273311165,4.258692075589433,4.36349547706,,,,,,3.39520279981,3.17434599927,,0.828929967126,,2.71574730941,3.96152798817,4.41693128184,1.63428945194,,,,,,3.80746994978,,,3.10908000709,4.54416258887,,3.06777856623,4.06108835307,3.3760672478,,3.99023863251,2.56903053128,4.27259243793,,4.3434339071,4.06807688631,3.82292192852,,,5.45173528568,,,3.56028943844,5.19727203125
GLYC22,"THBS3",ENSG00000169231,5.548582,,3.5254181321,3.31305975316,4.40307550653,4.507027072961359,3.85367562419,,,,,,3.41647803898,1.88067952639,,1.36152421278,,3.42718277968,4.32662741688,4.38395967495,1.31242627243,,,,,,3.22435121786,,,4.60270351767,4.02413058394,,4.36273615872,3.46243637622,4.46397752525,,2.72041578358,1.92819007151,4.08484380318,,4.19505050803,4.21434848865,5.10855109494,,,3.83652438088,,,1.41613000679,4.51556510338
INFB01,"THBS3",ENSG00000169231,7.349887,,4.57036947022,3.08842522554,4.77645002228,4.629885839976814,4.73204708689,,,,,,4.89729894931,3.22833965223,,0.860417372026,,2.57974407229,4.28661127999,4.17774813451,1.45761166815,,,,,,3.83047693781,,,3.35718741876,4.82154158216,,3.36457332837,3.4777291676,4.03951787911,,3.53478986268,3.79755306926,4.19993771928,,4.62398953843,4.73196419616,3.88356497536,,,4.694940252,,,3.79585911276,4.96728875601
LEAN04B,"THBS3",ENSG00000169231,9.437493,,0.200637671466,-2.19428759714,-3.0261592047,-2.9691326973364043,-3.62492781517,,,,,,-4.17742075787,-0.655441006649,,-0.974894896965,,0.809557746965,-2.56896380967,-3.43080265859,-2.39123589213,,,,,,-0.662704668753,,,2.3153606312,-2.66198027774,,-1.27671078545,-2.7523610857,-3.27414840338,,-0.713369592028,-0.540026964561,0.321612264229,,-4.36609523032,-3.07329959337,-0.976834414714,,,-2.60646637244,,,-0.605256499384,-2.00245800306
LEAN04,"THBS3",ENSG00000169231,8.481078,,0.588758493048,-1.54164670267,-2.53908448991,-2.371653749882399,-3.03329377938,,,,,,-3.43994269881,-0.180237783625,,-1.18104912697,,1.72186623275,-2.06032770818,-2.92542001626,-1.91904544188,,,,,,-0.0301757015575,,,2.78710396441,-2.13044260464,,-0.568263178243,-2.45230152372,-3.09561146863,,-0.597317234789,-0.108722161682,0.813056969034,,-4.09995241626,-2.56773559719,-0.551029244651,,,-1.93835900922,,,-0.204281388936,-1.46437181695
LEAN05B,"THBS3",ENSG00000169231,9.896333,,0.11992794743,-2.36080570999,-3.06741909084,-3.1036269214134844,-3.69406373038,,,,,,-4.36754530549,-0.68886660209,,-1.1060186762,,0.678835420351,-2.64564590476,-3.50101822379,-2.55096598736,,,,,,-0.85607158945,,,2.22731916413,-2.69788148779,,-1.45162265359,-2.84578806902,-3.24274251275,,-0.85861147913,-0.671350277146,0.269118427362,,-4.4457335344,-3.13940987996,-0.97809290869,,,-2.68361696957,,,-0.6892077286,-2.05672856445
LEAN05F,"THBS3",ENSG00000169231,5.976295,,-0.410069297819,-2.59763016403,-2.86587698438,-3.066983167160325,-3.42266878905,,,,,,-4.23197696542,-1.18438625202,,-0.50208535891,,-0.74494447328,-2.60637580418,-3.19573500653,-2.51381644226,,,,,,-1.58147904703,,,0.94892461786,-2.60033318696,,-2.00669739229,-2.415586162,-2.56859983998,,-0.84780295858,-1.13893046279,-0.45918250035,,-3.58937572362,-2.95016150438,-1.19107295896,,,-2.81056797385,,,-1.05448077795,-2.2062020934
LEAN05,"THBS3",ENSG00000169231,8.694584,,0.548757848444,-1.63500690319,-2.55468052166,-2.457349984157665,-3.06207072911,,,,,,-3.57138144952,-0.203296369016,,-1.29088215741,,1.63609956965,-2.09781393871,-2.96255875886,-2.02075097078,,,,,,-0.169924194548,,,2.73539984874,-2.13742752778,,-0.670906101058,-2.4979401973,-3.06928877749,,-0.668065907923,-0.196184757876,0.79558109736,,-4.15093804774,-2.59762873655,-0.527782760533,,,-1.98501555532,,,-0.262401986173,-1.48975590251
LEAN06B,"THBS3",ENSG00000169231,10.909566,,1.39014713222,-3.04043010414,-2.76757755385,-2.927480386355291,-3.47466534627,,,,,,-4.71579375167,-1.02976502902,,-1.94846447349,,1.55643309204,-2.42237830459,-3.69317344691,-3.0388143855,,,,,,-1.76380729892,,,2.55959640629,-2.13254137738,,-1.8096756417,-3.18489941321,-2.47720831301,,0.1701514869,0.317919923353,0.495700399201,,-4.39350740073,-2.95494679022,-0.401775586134,,,-2.37523999435,,,-0.243466182533,-1.83145209127
LEAN06M,"THBS3",ENSG00000169231,6.438148,,1.69429345383,-2.27298099328,-1.83638761999,-1.9258460542872513,-1.996958592,,,,,,-2.89672069895,-1.02002714385,,-1.51669591545,,2.96143010504,-1.53328582906,-2.32685160745,-2.43361566975,,,,,,-0.918103427182,,,2.54721911953,-1.24677665675,,-1.02601588621,-1.73938738977,-2.21044699464,,0.173315056995,0.415309007025,1.26898371622,,-3.57320471964,-2.09525482051,-0.41771313977,,,-0.833002008662,,,0.400141116462,-0.77037867795
LEAN06,"THBS3",ENSG00000169231,11.033713,,1.64833040857,-2.9274623089,-2.66817205157,-2.7637746652255144,-3.154458756,,,,,,-4.39288611413,-1.19606144788,,-1.85628402268,,2.39554343113,-2.27502609173,-3.48250562723,-3.0483680509,,,,,,-1.50219774643,,,2.90335543787,-1.93270565495,,-1.56898490115,-2.82606622662,-2.66818422349,,0.261606261626,0.412916188345,0.912640154085,,-4.52932068663,-2.89130826932,-0.423747256232,,,-1.92979694391,,,0.0425730303896,-1.55744570442
URAT01,"THBS3",ENSG00000169231,11.715614,,-2.17659424362,-3.20576853576,-5.490498695,-6.349547399786817,-6.33570518302,,,,,,-5.53805116848,-0.884816184289,,-1.68942588601,,-4.97755891679,-5.45936820968,-5.28582582259,-5.62132380991,,,,,,-4.39841216375,,,-5.07366265595,-5.25401489257,,-6.38066862295,-4.32568440472,-4.90732782544,,-4.03253116084,-4.7702314336,-2.78148624549,,-5.85538834727,-5.85549714163,-3.90232861471,,,-5.14236947767,,,-4.87719256439,-5.11118091976
