code,target,ENSEMBL,association,Adipose_Subcutaneous,Adipose_Visceral_Omentum,Breast_Mammary_Tissue,Muscle_Skeletal,DGN_Whole_Blood,Whole_Blood,Artery_Aorta,Artery_Coronary,Artery_Tibial,Heart_Atrial_Appendage,Heart_Left_Ventricle,Spleen,Brain_Amygdala,Brain_Anterior_cingulate_cortex_BA24,Brain_Caudate_basal_ganglia,Brain_Nucleus_accumbens_basal_ganglia,Brain_Putamen_basal_ganglia,Brain_Cerebellar_Hemisphere,Brain_Cerebellum,Brain_Cortex,Brain_Frontal_Cortex_BA9,Brain_Hippocampus,Brain_Hypothalamus,Brain_Spinal_cord_cervical_c-1,Brain_Substantia_nigra,Nerve_Tibial,Cells_Transformed_fibroblasts,Cells_EBV-transformed_lymphocytes,Colon_Sigmoid,Colon_Transverse,Esophagus_Gastroesophageal_Junction,Esophagus_Mucosa,Esophagus_Muscularis,Liver,Minor_Salivary_Gland,Small_Intestine_Terminal_Ileum,Stomach,Adrenal_Gland,Pituitary,Pancreas,Thyroid,Lung,Ovary,Prostate,Testis,Uterus,Vagina,Skin_Not_Sun_Exposed_Suprapubic,Skin_Sun_Exposed_Lower_leg
BLOO02,"MARCH8",ENSG00000165406,21.856610,-1.39316984653,-2.147807686,0.560496059344,6.80514323854,-3.4821661401884167,,-1.8243377147,,-0.0986554055576,-0.804446179903,-2.46840416428,0.171971590741,-3.55066244048,,-1.17258455885,-1.38120983649,0.554312024339,5.86044092944,7.55143275828,-1.22777117629,,,,2.60993856481,,-1.55110457484,-3.80522973117,0.0738736854449,-3.10527141075,-2.80117120206,-4.78339553641,-3.17919478119,1.55982032327,,2.02844150227,,-0.706987302183,,-0.779002458349,,-1.09875145343,-4.13308938483,,-5.64095212371,,,,-2.21823544007,-3.24390162441
BLOO04,"MARCH8",ENSG00000165406,17.070019,0.540249542268,0.985519308449,2.39753025253,-2.5348717454,0.49697090328361,,1.69785428268,,-0.12269956886,0.67191689129,3.6019240365,-0.230939888087,2.94710956075,,0.393703911078,0.0614421316946,1.47217553302,-5.46397663455,-4.97706341999,0.62252952034,,,,-1.93393183036,,-0.807959163235,2.15399500879,-0.93359298779,-1.57774986842,3.6856495253,1.43434071874,1.63363329258,-0.983648221638,,0.29547520258,,0.677550636923,,0.099769148322,,3.89383012658,-2.15001873148,,3.67902794098,,,,-0.289412894834,1.7910779713
BLOO11,"MARCH8",ENSG00000165406,11.147179,-1.76397931387,-3.05847436376,-0.327955791993,1.80446210396,-3.1465825949351633,,-3.23523205256,,-0.587961496198,-2.57374554949,-2.80520733454,0.425960165889,-3.76826364032,,-2.41013995499,-2.35514818859,-2.11057267229,4.0814660452,4.45240847114,-0.991365987493,,,,1.14456581979,,-2.1558139479,-3.029642563,-1.48961089829,-1.61167476775,-2.21982926996,-3.18890303398,-1.58612705979,-0.186066569853,,0.808380404303,,-1.52356907265,,-1.92337536987,,-1.1099129469,-4.27334814003,,-4.41191881949,,,,-0.416187471476,-0.968009352258
BLOO21,"MARCH8",ENSG00000165406,34.746371,3.95629643065,4.08179896812,6.25746084653,-4.27317578364,4.429419517902676,,4.20711323591,,1.02145819528,2.68543474127,8.93523143911,2.16157312832,5.46163881617,,1.81680865592,3.96723348846,1.94491705545,-11.7806298653,-12.0156269516,4.40580795917,,,,-4.76549732414,,0.299411248358,5.99589859047,-0.433902831991,1.58178859905,11.7419812863,6.68997331248,6.52991460165,1.79378913617,,3.931649613,,5.71756974221,,1.31187843647,,7.77643574947,3.88559085258,,9.666740135,,,,3.42366282109,7.60838657752
BLOO22,"MARCH8",ENSG00000165406,44.345554,3.51359243933,3.66115879225,5.97882289231,-3.47448367956,3.721996771233829,,3.88108561131,,0.884569217752,2.46090218517,8.16317393198,2.00937570496,4.97178896037,,1.61992476562,3.49449333304,1.91967131604,-10.7545841639,-10.7394651746,4.01037019265,,,,-4.24881328689,,0.106027068493,5.34746110723,-0.455263720803,1.03828811047,10.614159108,5.84523711157,5.70926608424,1.64179534722,,3.8265910616,,5.20878793121,,1.1564844157,,7.20260473471,3.13101535069,,8.68239771415,,,,2.85090840385,6.68608861224
BLOO23,"MARCH8",ENSG00000165406,71.723860,5.75041075487,5.60076137962,7.9378979041,-4.17573848647,5.010006999503259,,5.90201804698,,1.99612061526,4.52292119736,11.5562706122,3.89705494132,6.95938582865,,3.08904781176,5.70619432903,2.71342121287,-14.2187813106,-14.7475276268,5.84044881406,,,,-5.42798462626,,1.30116764163,8.14448262897,1.18041756467,2.72341964791,14.5507756718,8.76449810828,8.71089649151,3.17726003513,,5.3471956395,,7.30272590105,,2.52721872861,,9.83170464699,5.99718367096,,12.268410031,,,,4.88646982332,9.33828053155
BLOO24,"MARCH8",ENSG00000165406,9.129942,-3.49405380164,-3.71748503878,-1.86922424277,0.34946071326,-3.8093669322847923,,-3.31721215727,,-2.16735871613,-2.94715503107,-3.85725584021,-1.49281380139,-3.63402835478,,-3.05290511474,-4.21166745705,-3.18849262551,2.95266252142,3.66365193566,-2.03018142096,,,,0.205678525214,,-3.09441963996,-3.02395403183,-1.3421912297,-3.37467928236,-4.45563251625,-4.92401993231,-3.73388589605,-3.17743971706,,0.0852898755436,,-3.90050765226,,-2.92938264893,,-2.23138116846,-5.13391295974,,-4.63188812085,,,,-2.35351080412,-4.44615526514
BLOO26,"MARCH8",ENSG00000165406,46.000809,3.76321187307,3.42803355661,4.99662432754,-7.5879509362,6.289930055621597,,3.20111539784,,-0.203734611915,1.82565445017,8.69513918095,1.32015989599,4.68502505151,,1.03382150311,3.69369587797,-0.0903232795123,-13.3610066081,-14.6295321459,3.03759921412,,,,-7.09808172776,,0.093404524649,5.39129045792,-1.30365157395,2.45010844332,12.3283689981,7.34804691743,7.28001303461,0.472809993486,,1.54486389068,,5.40781086885,,0.401311934318,,6.57937950164,5.09692873715,,10.5143046406,,,,3.49770973788,7.94476246609
BLOO27,"MARCH8",ENSG00000165406,61.661046,4.1667098843,3.96324626041,5.12266994543,-8.01580300362,7.068556530741559,,3.50817718501,,-0.300611592452,2.01721453513,9.39533472464,1.40574104247,5.37122383539,,1.13475368872,4.16041122188,-0.232561152601,-14.4907163384,-16.0470990039,2.77038828082,,,,-7.74040549677,,0.358182590293,5.98789501683,-1.89975171165,2.47628168152,13.4357257014,8.32213064553,8.13773582332,0.771661899026,,2.15838523907,,5.67057580108,,0.457446733631,,7.17061336087,5.98644348159,,11.3509923217,,,,4.09861106724,8.55086577916
BLOO32,"MARCH8",ENSG00000165406,11.783755,4.1853539942,4.46137705357,2.24693378075,0.239258763033,3.9266273351751777,,4.18339181449,,2.73704361757,3.58122814584,4.38706009209,2.31756737679,4.02615152091,,3.83518757798,4.89732438611,3.57908827115,-2.95187979439,-3.88269459875,2.44105261658,,,,0.0216330480902,,3.98721930605,3.71414089751,1.55936445412,4.06440536211,4.9089052397,5.18972010006,4.3447131175,3.7552779854,,-0.357283575242,,4.48999126959,,3.71271089586,,2.40860137786,5.69519376892,,5.49125041172,,,,3.47844436102,4.98390254217
BLOO35,"MARCH8",ENSG00000165406,18.197199,0.621569694161,-0.115417380883,2.32794023962,-2.78209579899,1.2281719393728534,,0.258507147548,,-1.13898260455,0.780176674361,3.06416828876,1.28224381431,0.704960424034,,-0.278685541107,0.538551642941,0.859057576651,-5.60183089029,-5.27102296099,1.27069709626,,,,-3.22140478393,,-1.01337344195,1.88525236802,-1.24312955277,-0.0826924023346,4.03378741349,1.49951080195,1.61952003222,0.104191422565,,2.94848212743,,0.949332737306,,-0.509233416436,,2.97887497714,0.0586674733327,,3.2701814343,,,,0.414864961706,1.31177880837
BLOO36,"MARCH8",ENSG00000165406,22.225155,1.60390389482,1.88513832726,3.4497951906,-3.12234704094,2.6508413474221566,,1.81614071548,,0.048799439625,0.679886112693,4.59093677564,0.248595250162,2.77622515821,,0.446039188949,1.59497175843,0.895855415839,-6.73537990461,-6.71253564444,2.25426586932,,,,-2.79568391845,,-0.47229598471,2.95968095198,-1.40780235754,0.247228999277,6.38742916564,3.37546791523,3.15486706611,0.276681008385,,1.91441012572,,2.83822042539,,0.117361953892,,4.24250761888,1.34641849088,,5.25442637181,,,,1.5043898551,4.38935663234
CHOL22,"MARCH8",ENSG00000165406,6.768454,-3.13036623219,-4.10586624025,-0.938596579945,-3.01907644542,-2.1291683406442337,,-3.68958173539,,-3.85217610592,-3.02196452199,-2.11271557878,-0.569040901307,-3.26034836311,,-3.69622893679,-3.37592178221,-3.1502557863,-1.66634479877,-0.158099629178,-1.92666730105,,,,-2.92593154514,,-3.63090731893,-3.1583399074,-2.69357025055,-3.26245852947,-1.23885614437,-3.10792215197,-2.55268981035,-3.79574165231,,0.263504860614,,-3.35868094433,,-3.84224808711,,-0.91554594089,-3.14458826636,,-2.02774481092,,,,-2.89193232739,-2.65270498625
