code,target,ENSEMBL,association,Adipose_Subcutaneous,Adipose_Visceral_Omentum,Breast_Mammary_Tissue,Muscle_Skeletal,DGN_Whole_Blood,Whole_Blood,Artery_Aorta,Artery_Coronary,Artery_Tibial,Heart_Atrial_Appendage,Heart_Left_Ventricle,Spleen,Brain_Amygdala,Brain_Anterior_cingulate_cortex_BA24,Brain_Caudate_basal_ganglia,Brain_Nucleus_accumbens_basal_ganglia,Brain_Putamen_basal_ganglia,Brain_Cerebellar_Hemisphere,Brain_Cerebellum,Brain_Cortex,Brain_Frontal_Cortex_BA9,Brain_Hippocampus,Brain_Hypothalamus,Brain_Spinal_cord_cervical_c-1,Brain_Substantia_nigra,Nerve_Tibial,Cells_Transformed_fibroblasts,Cells_EBV-transformed_lymphocytes,Colon_Sigmoid,Colon_Transverse,Esophagus_Gastroesophageal_Junction,Esophagus_Mucosa,Esophagus_Muscularis,Liver,Minor_Salivary_Gland,Small_Intestine_Terminal_Ileum,Stomach,Adrenal_Gland,Pituitary,Pancreas,Thyroid,Lung,Ovary,Prostate,Testis,Uterus,Vagina,Skin_Not_Sun_Exposed_Suprapubic,Skin_Sun_Exposed_Lower_leg
APOL02,"ZNF90",ENSG00000213988,5.061450,1.19775141115,1.18750853017,,5.45442245962,0.6404528098444019,1.7982141959,,,,,,1.92452442999,,,,,,,,,,,,,,0.605830236748,-3.12673073041,,,1.89586900616,2.33902551843,1.76057428194,1.04692572671,,,0.933904569584,-0.351665231926,0.842618950685,,2.56309297922,2.08654665451,1.46424718157,,,,,2.07078143035,1.50162997097,2.44401776858
BLOO33,"ZNF90",ENSG00000213988,5.852386,2.80262125706,1.22828324353,,-0.259768284102,-1.019728891607001,-0.50346043645,,,,,,0.970097303161,,,,,,,,,,,,,,0.682646615164,1.72042046476,,,2.59850510293,0.690864055264,2.78835247074,2.46971328914,,,-1.03230365521,0.0992690113235,1.78103240533,,2.14084425885,1.42554862493,1.98508206598,,,,,3.15519976071,0.907052148888,1.8325275359
CHOL02,"ZNF90",ENSG00000213988,3.378242,1.26654171947,1.26374630939,,4.84675088082,0.32092449076129964,1.50066691865,,,,,,1.45119279697,,,,,,,,,,,,,,0.560961176734,-2.11038325718,,,1.80760088346,1.89981192963,1.53136928106,1.07070296589,,,0.779979698544,-0.853829355438,0.742059864659,,2.47197991307,1.90629037282,1.39808177361,,,,,2.27122001008,1.65554380672,2.28369757835
CHOL05,"ZNF90",ENSG00000213988,3.341769,1.32309733288,1.30886621898,,4.85510587881,0.49496578646947953,1.66671504878,,,,,,1.49848996183,,,,,,,,,,,,,,0.644796326824,-2.02387014492,,,1.89336663751,1.99085759065,1.58522998814,1.16428246589,,,0.926953662994,-0.823452336081,0.830436455751,,2.70204136305,1.99812090932,1.52874085656,,,,,2.2864909122,1.57302264441,2.39676434882
CHOL06,"ZNF90",ENSG00000213988,7.046791,1.58664294935,1.95707277911,,6.74814497286,1.7559297548800905,3.08745211916,,,,,,2.55717581104,,,,,,,,,,,,,,0.861947891006,-3.01310073046,,,2.79225283005,3.07676059297,2.29228802081,1.29470406757,,,2.01414740912,-0.232637623475,1.41667005125,,3.2800546799,3.35688159485,2.06401847288,,,,,2.28851111004,2.09964272335,3.45092249799
CHOL11,"ZNF90",ENSG00000213988,3.521838,1.42083856753,1.42856096494,,5.20438653881,0.28435281047189775,1.59763233595,,,,,,1.3350001769,,,,,,,,,,,,,,0.618449814507,-2.5653468631,,,1.79655485097,1.75979190404,1.67493582026,1.11704670651,,,0.814235223594,-0.263672562459,0.940981127565,,1.91332429103,2.08241519941,1.43532307154,,,,,2.30862069152,1.87865689093,2.15935046579
CHOL14,"ZNF90",ENSG00000213988,3.309955,1.64900146909,1.37613750896,,5.52956781393,2.0734052507980096,2.95243835835,,,,,,2.53604531637,,,,,,,,,,,,,,0.983890215393,-1.93618494357,,,2.71353461063,3.03602536474,2.17481654021,1.38410816409,,,2.07657017353,0.826109954304,1.12560215833,,2.57808045119,2.6346730759,2.03730950334,,,,,1.66693764051,1.49823656096,3.10448905491
CHOL16,"ZNF90",ENSG00000213988,5.173770,1.63196294695,1.58816368782,,6.13193756288,1.9260022589392518,2.97480610744,,,,,,2.67444614347,,,,,,,,,,,,,,0.995514036714,-2.74715293567,,,2.63795043622,3.01987376443,2.32954045116,1.43513592037,,,1.97776704303,0.627601324097,1.26549947165,,3.40605261995,3.18314018956,2.04126027376,,,,,2.08063320103,1.88454566038,3.26446399267
CHOL17,"ZNF90",ENSG00000213988,5.501483,1.93264797699,1.93710683537,,6.58189206562,1.870857266025976,2.66577597128,,,,,,2.58201158156,,,,,,,,,,,,,,1.28610391376,-2.65173645347,,,3.03171921426,3.28162938388,2.57803995352,1.82118815397,,,1.88518847524,0.067305269108,1.33171039182,,3.25892732137,2.99843442783,2.2121819765,,,,,2.78792233044,2.63991570564,3.44332991962
CHOL20,"ZNF90",ENSG00000213988,4.220317,1.58564268277,1.36679826372,,5.31867417732,0.5980558026272934,1.8610982805,,,,,,2.04209030454,,,,,,,,,,,,,,0.913148973136,-2.74920039797,,,2.13449309467,2.04689423295,1.80611814026,1.39919397521,,,0.807630133368,-0.0762226665715,0.720785649531,,2.18885033648,2.11073981304,1.67007947714,,,,,2.62969175024,1.93023331709,2.76589882643
CHOL24,"ZNF90",ENSG00000213988,3.869345,1.30929896469,1.39220298602,,5.08475129549,0.14185012284871415,1.40489474796,,,,,,1.44184429137,,,,,,,,,,,,,,0.450675696389,-2.42787333836,,,1.82676457336,1.8877276703,1.63312947676,1.07806598733,,,0.815843327453,-0.648357269067,0.876600042432,,2.1333412399,2.06707769407,1.34329796854,,,,,2.40190033771,1.91217445749,2.27483909477
CHOL25,"ZNF90",ENSG00000213988,2.932892,0.964689320876,0.938714938061,,4.73975290722,0.012622978005035165,1.14045896599,,,,,,1.17580043381,,,,,,,,,,,,,,0.465023519441,-2.46195397848,,,1.45557706011,1.47221988784,1.30507281414,0.835126390009,,,0.54412874234,-0.944140392895,0.454459093671,,2.28458975812,1.56443316892,1.07687954297,,,,,2.13249684324,1.26990578679,1.8917374436
CHOL26,"ZNF90",ENSG00000213988,3.466622,1.79891679919,1.56464332632,,5.55808948671,2.0435615525368913,3.124313515,,,,,,2.5131560287,,,,,,,,,,,,,,1.12621181286,-1.66440709604,,,2.87287215868,3.20284273156,2.35889133766,1.47490948768,,,2.26866704871,0.653105086254,1.26973594591,,2.66410285369,2.81935751375,2.17581191018,,,,,1.90581853804,1.68031594685,3.22792552526
CHOL28,"ZNF90",ENSG00000213988,3.598462,1.21018445144,1.12226493121,,4.72142381285,0.2788219920165811,1.33983610925,,,,,,1.54720699841,,,,,,,,,,,,,,0.513544045638,-2.44369050137,,,1.8087384462,1.77631675853,1.47244974905,1.03326891921,,,0.815749691187,-0.548652055061,0.542123206174,,2.22770334612,1.67108865601,1.37042854392,,,,,2.23465811575,1.37735693592,2.17916319949
CHOL30,"ZNF90",ENSG00000213988,2.943133,1.1724048826,1.10165165131,,4.7829875434,0.23769094174071584,1.30268971256,,,,,,1.38760879751,,,,,,,,,,,,,,0.631497168286,-2.37581017037,,,1.75294000769,1.76595097125,1.4299167067,1.09580713859,,,0.787744645731,-0.635481125635,0.641214278081,,2.55835839386,1.79059362641,1.34488241123,,,,,2.33160074436,1.34590776298,2.18069001502
CHOL31,"ZNF90",ENSG00000213988,8.244194,1.41975183012,1.75927155375,,6.72625531404,1.7858161479058254,3.09247494242,,,,,,2.47675819192,,,,,,,,,,,,,,0.946130224023,-2.98925963111,,,2.6228271612,3.04357408402,2.16910832718,1.16465296112,,,1.93816588103,-0.0505952260793,1.17711918406,,3.25135572982,3.14303410378,1.90639143131,,,,,2.09487506167,1.91272482771,3.24872614183
CHOL32,"ZNF90",ENSG00000213988,3.865440,1.46114158812,1.24666392109,,5.07863411889,0.6744346997422099,1.82460661391,,,,,,1.81938188515,,,,,,,,,,,,,,0.902388439886,-2.0044757041,,,2.13470265237,2.13978085035,1.7428319535,1.19678872539,,,1.25496581568,-0.386518929206,0.922678003837,,2.60715672577,2.10451959433,1.71030141625,,,,,2.45034391924,1.45110810508,2.59957866459
CHOL33,"ZNF90",ENSG00000213988,4.320999,1.8932631805,1.99988875909,,6.54606105369,1.6453086593009951,2.66369082865,,,,,,2.32649223562,,,,,,,,,,,,,,1.03249160528,-2.70369736952,,,2.9119080968,3.00898451646,2.46261441822,1.5740669364,,,1.59825413232,-0.308054696657,1.27131284115,,3.26794950189,2.9345285887,2.176649463,,,,,2.744615926,2.55286206218,3.27066547109
FATT29,"ZNF90",ENSG00000213988,5.191512,-0.5504670998,0.271558227347,,4.77726065989,-0.712219258996211,0.130732163147,,,,,,1.05355613794,,,,,,,,,,,,,,-0.498079820375,-4.06642269082,,,0.38586319095,1.19792817318,0.457124068909,0.453831209832,,,1.44263775074,-1.42003657015,1.06886250923,,1.9349988527,1.15590920822,-0.0680011088967,,,,,1.51977413184,0.539979235819,1.12470352881
LIPI02,"ZNF90",ENSG00000213988,5.081278,1.18279594848,1.29957536187,,5.48066692963,0.07904316558103856,1.49086293034,,,,,,1.38377592457,,,,,,,,,,,,,,0.524504727991,-2.91415545078,,,1.797094923,1.82986571597,1.6293115468,1.10461289075,,,1.07365306306,-0.675044583454,0.952368203424,,2.24397292646,2.22795640515,1.26753322699,,,,,2.45113441539,1.83409881402,2.3353057608
LIPI04,"ZNF90",ENSG00000213988,3.663981,1.20938859407,1.22120682102,,5.01379429914,0.18129531634585944,1.4565731379,,,,,,1.44224062136,,,,,,,,,,,,,,0.561289290143,-2.39029666492,,,1.76430116958,1.81868503114,1.52356258104,1.0863762571,,,0.91330204554,-0.785482999983,0.805381254376,,2.5136012202,1.98558117989,1.3437354487,,,,,2.35715833336,1.61489459551,2.29663284502
LIPI07,"ZNF90",ENSG00000213988,4.014017,1.19646295166,1.15693423715,,4.92457116002,0.37037370041126816,1.54290863047,,,,,,1.48529751575,,,,,,,,,,,,,,0.626822859671,-2.25390435255,,,1.80580109224,1.89262112803,1.51673794923,1.09923424779,,,0.978783157808,-0.76651319853,0.758134730831,,2.8037395605,1.9650807616,1.40486328387,,,,,2.31993981808,1.45226183984,2.36680551911
LIPI09,"ZNF90",ENSG00000213988,5.267799,1.12046506753,0.967393191172,,5.15566412061,0.4539628079468397,1.70588953135,,,,,,1.59653444011,,,,,,,,,,,,,,0.564793371201,-2.50925182332,,,1.79907369377,1.97905384093,1.5071662278,0.920469238993,,,1.1009929463,-0.623695964579,0.657707321994,,2.8871402434,2.05444431077,1.38900869885,,,,,2.24029365114,1.11834437573,2.44876063716
LIPI10,"ZNF90",ENSG00000213988,5.495992,1.70252731125,1.74406626542,,6.28354180775,1.7463612573989908,2.6285690026,,,,,,2.36943028085,,,,,,,,,,,,,,1.09434205812,-2.73254515808,,,2.79875287626,3.04235018733,2.33902455614,1.6213353179,,,1.91449879189,-0.0773230877168,1.36793453097,,3.42148598082,3.10713573157,2.03456461239,,,,,2.58776061896,2.3372537239,3.32755226374
LIPI13,"ZNF90",ENSG00000213988,7.603626,1.66298267836,1.71253935138,,6.49367129254,0.73986424653959,2.172819686,,,,,,1.8884446025,,,,,,,,,,,,,,1.03564826265,-3.32481898096,,,2.60144078124,2.72672471013,2.43536089987,1.77786463349,,,1.87262661784,-0.0911973775218,1.60008542287,,2.69011976632,3.13976158737,1.78443925008,,,,,3.04886857366,2.633589045,3.15532013259
LIPI14,"ZNF90",ENSG00000213988,5.092814,1.37715801459,1.42553422719,,5.66973360852,1.978851659369077,2.9002714081,,,,,,2.48454984132,,,,,,,,,,,,,,0.929476111121,-2.58404131542,,,2.53088354042,2.76073560821,2.02740584057,1.27242406254,,,1.81483324896,0.666008247576,1.09990965726,,3.27716112072,3.07401088579,1.85749765358,,,,,1.57493600905,1.71056472233,3.12281077698
LIPO01,"ZNF90",ENSG00000213988,5.640354,1.10033399575,1.22901052323,,5.59104938477,0.053026790326946516,1.5151665986,,,,,,1.34357231232,,,,,,,,,,,,,,0.531206137325,-3.14115424398,,,1.7692899268,1.81058575125,1.61667166562,1.09872261102,,,1.20460238365,-0.711118560904,1.00620612377,,2.28797773478,2.2752372741,1.2210832526,,,,,2.43542104364,1.78679573457,2.33609727179
LIPO03,"ZNF90",ENSG00000213988,4.632607,1.11990366387,1.17076543915,,5.11823746444,0.1197209782713156,1.42097433371,,,,,,1.40839834822,,,,,,,,,,,,,,0.539685439144,-2.59368639082,,,1.71388430622,1.76608757321,1.49102343286,1.06419944498,,,1.00062362413,-0.832745108229,0.821035580141,,2.54017570476,2.00323851722,1.2735391619,,,,,2.36618307596,1.58747424578,2.27691586427
LIPO04,"ZNF90",ENSG00000213988,4.085519,1.0602358557,0.627699682272,,5.30080844432,1.4762422165830298,2.33380536874,,,,,,1.8971606515,,,,,,,,,,,,,,0.517481064973,-2.68441553816,,,2.1629458228,2.36453629921,1.5657103906,0.706236300603,,,1.41607166493,0.662822405126,0.707395861681,,2.60105193176,2.3688902619,1.41686121793,,,,,1.49802543757,0.967996190385,2.57714294973
LIPO06,"ZNF90",ENSG00000213988,4.483332,1.11995570936,1.09679801606,,5.02541045222,0.29049396195439064,1.48302769179,,,,,,1.46594939555,,,,,,,,,,,,,,0.629096393667,-2.40631905854,,,1.77174832107,1.88529635282,1.4957649562,1.09484674203,,,1.03016553175,-0.748492405739,0.75766684267,,2.84120299651,1.9555688494,1.33472930239,,,,,2.37367126616,1.42911674678,2.35930934352
LIPO07,"ZNF90",ENSG00000213988,4.673398,0.922658323532,0.876840279072,,5.39155335618,1.5703737707145329,2.62324821698,,,,,,1.89619055152,,,,,,,,,,,,,,0.572695894444,-3.21487295533,,,2.16117664053,2.20530200212,1.57493467709,0.783937289064,,,1.29481080994,0.590526320406,0.553435225471,,2.69801261782,2.5784640272,1.40463388442,,,,,1.40533378292,1.34053823918,2.6669651688
LIPO10,"ZNF90",ENSG00000213988,5.072322,1.13222957394,1.00841226183,,5.36144391256,0.410582409111881,1.70866885374,,,,,,1.64036245232,,,,,,,,,,,,,,0.657474547069,-2.84592107216,,,1.8519040848,2.06120543582,1.59791041101,1.10423751129,,,1.16720258145,-0.405328129017,0.681595956393,,2.93123182062,2.10039151153,1.37862613822,,,,,2.47844250893,1.30338875809,2.56936659926
LIPO11,"ZNF90",ENSG00000213988,5.904517,1.63064593209,1.65590971298,,6.06471218932,1.776789081450117,2.61374690709,,,,,,2.38696384385,,,,,,,,,,,,,,1.09996672399,-2.70647812507,,,2.71542760684,3.02479270584,2.28079142137,1.61129603146,,,1.96473358514,0.0211621752005,1.31809471729,,3.42789411024,3.06348318353,1.9813090315,,,,,2.473139268,2.23464775939,3.28204735551
LIPO14,"ZNF90",ENSG00000213988,8.807516,1.51502823598,1.58122730461,,6.4156767006,0.7111057946808035,2.14219204285,,,,,,1.82929461352,,,,,,,,,,,,,,0.988651679642,-3.48143567474,,,2.45585528673,2.61435132492,2.30868671268,1.70972509856,,,1.86080971561,-0.167248025705,1.54798399549,,2.72246049527,3.05988750626,1.68935084545,,,,,2.90144160258,2.48255873141,3.06171352446
PHLI04,"ZNF90",ENSG00000213988,4.858958,1.15393078553,1.27340098441,,5.65279009271,0.2114649724291833,1.72444504769,,,,,,1.37953344904,,,,,,,,,,,,,,0.639933894605,-3.12088119955,,,1.66606647043,1.69477575823,1.58262022005,1.05485027906,,,0.970099358918,-0.473157627307,0.892140717685,,2.12234362681,2.11211052043,1.26655243929,,,,,2.1791739795,1.65408993439,2.2311970293
PHLI06,"ZNF90",ENSG00000213988,4.153484,0.877141608954,0.9332196935,,5.13886197646,-0.13593545285528538,1.15405224706,,,,,,1.2714757684,,,,,,,,,,,,,,0.508997311445,-2.98251689652,,,1.42990756932,1.36881625547,1.32308332019,0.950755690805,,,0.604538635907,-0.648719507879,0.468011905813,,2.50202645694,1.7259585699,0.977003806646,,,,,2.20532149105,1.33996117551,1.99303469632
PHLI07,"ZNF90",ENSG00000213988,4.199757,0.802655141978,0.856850338429,,5.28612463269,1.2115317057910042,2.39346153135,,,,,,1.77512035728,,,,,,,,,,,,,,0.478025796182,-2.76003816667,,,1.99086821235,2.0326284205,1.43556038843,0.704728467776,,,1.75340918224,0.383231312623,0.793269577826,,2.56954607744,2.22349057471,1.29244011706,,,,,0.960535485358,0.93046841497,2.43477072157
PHLI09,"ZNF90",ENSG00000213988,4.673828,1.03340292577,1.00558392363,,5.09408171639,0.14929640800095975,1.21043269053,,,,,,1.51519331366,,,,,,,,,,,,,,0.652124223756,-3.07768711881,,,1.73404999978,1.85508688186,1.45939138625,1.20410976688,,,0.746685912088,-0.188950640083,0.463870965569,,2.64339611613,1.7115438711,1.14152836952,,,,,2.40453912141,1.57456062981,2.27731823982
PHLI10,"ZNF90",ENSG00000213988,5.865950,1.49022393556,1.58475659477,,5.96651939531,1.8196088432312618,2.93542675006,,,,,,2.55735855054,,,,,,,,,,,,,,0.886496886605,-2.88476390191,,,2.49961838883,2.82245868191,2.16790270404,1.36336583678,,,2.05187683879,0.338432434409,1.23547935066,,3.37965220965,3.05962052629,1.9145758122,,,,,1.89075658631,1.79899244698,3.16842222534
PHLI11,"ZNF90",ENSG00000213988,5.430486,1.8277329027,1.98641335,,6.5984398472,1.7180517314772545,2.84944458068,,,,,,2.40535774363,,,,,,,,,,,,,,1.22979873751,-2.8772164869,,,2.91709052767,3.19705203367,2.51294399609,1.74296849091,,,1.92442166042,-0.0970361086161,1.43767928681,,3.46922281752,3.1955050838,2.14761066225,,,,,2.74980262428,2.50553891354,3.43267024598
PHLI12,"ZNF90",ENSG00000213988,5.936029,1.47447327099,1.55859885866,,6.07415990639,0.268417827616447,1.7859466641,,,,,,1.43387078553,,,,,,,,,,,,,,0.791723909511,-2.94032012681,,,2.17348904371,2.21605350004,2.01335898295,1.53471509404,,,1.33714832942,-0.263740783482,1.51953897086,,2.31559240107,2.72363476352,1.53617763994,,,,,2.78437679461,2.26140721436,2.66030366655
PHLI13,"ZNF90",ENSG00000213988,2.394523,0.862295897685,0.65641742243,,4.95562784289,1.2132430261905633,2.29011442631,,,,,,1.65458285587,,,,,,,,,,,,,,0.231210728239,-1.90066875767,,,1.78107811062,2.46273316296,1.2170775678,0.35082307503,,,1.34222810287,0.554877545431,0.293977910616,,1.66344772023,1.76634325259,1.12123529111,,,,,0.965641597934,0.646452917428,2.18571361569
TRGL01,"ZNF90",ENSG00000213988,5.890928,1.04371931351,1.27421245347,,5.77606698509,1.5722791818796509,2.51885180547,,,,,,2.32799655752,,,,,,,,,,,,,,0.888269062567,-3.23996473071,,,2.1319284598,2.64315896807,1.64907963643,1.08816152812,,,1.98039103919,0.168668111113,0.899019731976,,2.88158184486,2.47742671015,1.47005824607,,,,,1.74626738987,1.50485271527,2.83504241748
TRGL05,"ZNF90",ENSG00000213988,6.338026,0.604952381152,0.952848917433,,5.37628329945,-0.20311784906195937,1.17750331599,,,,,,1.14249381071,,,,,,,,,,,,,,0.676674611373,-3.68310779567,,,1.47457617018,1.7627645435,1.47510447709,1.20340328293,,,1.86725220372,-0.939666810429,1.24814702177,,2.42026833316,2.07292825274,0.866637638005,,,,,2.43928689876,1.66607432192,2.13620763628
TRGL07,"ZNF90",ENSG00000213988,3.315173,1.04421148942,1.00896914437,,4.72853330358,1.723594643252973,2.51714350007,,,,,,2.16899986473,,,,,,,,,,,,,,0.628649311063,-2.48095090476,,,2.03489242486,2.21941277106,1.73702297873,1.03119257488,,,1.73929967269,0.595328539817,0.976081491893,,2.88716779,2.49870694366,1.54113163127,,,,,0.889441535813,1.2130286072,2.52892698674
TRGL09,"ZNF90",ENSG00000213988,4.560099,1.42084506125,1.44596344051,,5.43497882034,1.964042214480332,2.55508101716,,,,,,2.47589648076,,,,,,,,,,,,,,1.19519577673,-2.61313742895,,,2.45113418885,2.95033363988,2.0335853977,1.46371501474,,,2.05772241093,0.356326725042,1.02452081772,,3.00918155137,2.6587595629,1.81600251339,,,,,1.97901361851,1.97189400496,3.03428880612
TRGL11,"ZNF90",ENSG00000213988,1.845546,1.7546912969,1.49743719055,,5.12489694183,2.4670944529572627,3.10326212988,,,,,,2.4053628754,,,,,,,,,,,,,,1.17749174803,-0.850266316605,,,2.53910568163,3.41955248294,2.08734227251,1.55609629254,,,2.24445300373,1.5473644184,1.32731406014,,1.84543108378,2.39861695405,2.16554147761,,,,,1.59412109432,1.5385533019,3.07494222288
TRGL12,"ZNF90",ENSG00000213988,7.143779,1.19556753762,1.36324191015,,5.79472670963,0.8799738796078963,1.98827260613,,,,,,1.85840735217,,,,,,,,,,,,,,1.11912928143,-3.46912388787,,,2.21438516943,2.58431764948,2.07794523622,1.67330729994,,,2.10454566679,-0.362818843019,1.44739179425,,3.07774376522,2.73562373603,1.52607775178,,,,,2.6051854868,2.14915329225,2.89988572958
