code,target,ENSEMBL,association,Adipose_Subcutaneous,Adipose_Visceral_Omentum,Breast_Mammary_Tissue,Muscle_Skeletal,DGN_Whole_Blood,Whole_Blood,Artery_Aorta,Artery_Coronary,Artery_Tibial,Heart_Atrial_Appendage,Heart_Left_Ventricle,Spleen,Brain_Amygdala,Brain_Anterior_cingulate_cortex_BA24,Brain_Caudate_basal_ganglia,Brain_Nucleus_accumbens_basal_ganglia,Brain_Putamen_basal_ganglia,Brain_Cerebellar_Hemisphere,Brain_Cerebellum,Brain_Cortex,Brain_Frontal_Cortex_BA9,Brain_Hippocampus,Brain_Hypothalamus,Brain_Spinal_cord_cervical_c-1,Brain_Substantia_nigra,Nerve_Tibial,Cells_Transformed_fibroblasts,Cells_EBV-transformed_lymphocytes,Colon_Sigmoid,Colon_Transverse,Esophagus_Gastroesophageal_Junction,Esophagus_Mucosa,Esophagus_Muscularis,Liver,Minor_Salivary_Gland,Small_Intestine_Terminal_Ileum,Stomach,Adrenal_Gland,Pituitary,Pancreas,Thyroid,Lung,Ovary,Prostate,Testis,Uterus,Vagina,Skin_Not_Sun_Exposed_Suprapubic,Skin_Sun_Exposed_Lower_leg
ATOP01,"STMN3",ENSG00000197457,7.309458,-2.13639409674,,,,2.8614780967516826,3.36103163952,,,-3.41198041919,,,-1.84969442692,,,,,,-3.16297763238,-3.6354022487,-3.55625298985,-1.26353133454,,,,,-2.48014226204,-1.80131179881,,,,,,-3.05480719303,,,-1.25228722072,,,,,-2.5627059516,,,,,,,-4.34061007124,-4.32069398952
BFPC04B,"STMN3",ENSG00000197457,7.875170,-2.30286596113,,,,3.295682763763909,3.96046668654,,,-2.64169086678,,,-0.499935814946,,,,,,-2.36355369075,-5.10847586407,-3.29688834535,0.27433965003,,,,,-2.80029159724,-1.04625069129,,,,,,-4.08120789452,,,1.67961471772,,,,,-4.4281625812,,,,,,,-1.41698036023,-5.4154854075
BFPC04F,"STMN3",ENSG00000197457,6.510407,-2.28833070969,,,,2.254881288298225,3.02202529545,,,-2.10402801587,,,-1.0216944691,,,,,,-1.77838034248,-3.96186940351,-3.05160398461,0.771653400904,,,,,-2.90635453064,-0.8160259908,,,,,,-3.08745978275,,,1.52169557225,,,,,-4.1924326365,,,,,,,-0.874414102527,-4.45728182348
BFPC04,"STMN3",ENSG00000197457,9.273884,-2.40928371385,,,,3.2512014553038857,3.93393918764,,,-2.67285180319,,,-0.544674996832,,,,,,-2.43509537364,-5.0643206789,-3.46577062062,0.459494982071,,,,,-2.91056593614,-1.01664467414,,,,,,-4.05829830794,,,1.72344893694,,,,,-4.47650295856,,,,,,,-1.31088655265,-5.50490081693
BLOO01,"STMN3",ENSG00000197457,8.629616,-1.94976308443,,,,3.6873185170497247,4.83912235549,,,-2.26145241307,,,0.302514879444,,,,,,-4.28691637114,-4.82977915571,-3.39489914764,-1.79275939408,,,,,-2.08717917811,-1.82034257218,,,,,,-4.29634484948,,,0.884436751305,,,,,-0.707250781731,,,,,,,-3.44551728412,-4.64870548103
BLOO02,"STMN3",ENSG00000197457,6.478012,1.08108303387,,,,2.634595066388508,3.34110863442,,,-1.0993988683,,,-2.27238879717,,,,,,-3.49742198799,-3.59592950588,-2.15755768698,-3.38577202583,,,,,0.759819172756,1.05866695603,,,,,,-2.74876302245,,,1.8556131272,,,,,-1.13271186119,,,,,,,-1.84495007335,-2.25934732252
BLOO06,"STMN3",ENSG00000197457,8.665627,0.164747469977,,,,4.669838133877174,4.90057385865,,,-1.43994507331,,,-1.29053744306,,,,,,-4.32010061793,-4.86474860928,-2.69688206524,0.189966720906,,,,,-1.52436117782,0.906344794505,,,,,,-3.91039511374,,,2.31193847538,,,,,-2.42915012344,,,,,,,-2.89091841648,-4.78718902218
BLOO09,"STMN3",ENSG00000197457,9.333257,0.150816096026,,,,4.861596265049469,5.06732116229,,,-1.6714959168,,,-1.58166525255,,,,,,-4.40069348187,-5.12884848783,-2.92597556574,0.32874961193,,,,,-1.58998084601,0.786333781058,,,,,,-4.0884807011,,,2.1884716061,,,,,-2.61380419939,,,,,,,-2.87995519617,-5.00685534929
BLOO10,"STMN3",ENSG00000197457,8.900423,0.192348173128,,,,4.749811582977172,5.05225577604,,,-1.70321008412,,,-1.69155175758,,,,,,-4.38291618089,-5.02227560758,-2.92540440646,0.32474353294,,,,,-1.66896025908,0.829075499004,,,,,,-3.9679755466,,,2.12688523612,,,,,-2.78957372954,,,,,,,-2.83962427158,-5.1378309863
BLOO13,"STMN3",ENSG00000197457,9.131626,0.125618072676,,,,4.748686688539768,5.00958642953,,,-1.52491936804,,,-1.48065521943,,,,,,-4.44373139785,-5.05082625766,-2.8872069614,0.1132035287,,,,,-1.57840849632,0.796067303236,,,,,,-4.00869917757,,,2.23367442247,,,,,-2.48983282952,,,,,,,-2.9379944021,-4.93494115039
BLOO24,"STMN3",ENSG00000197457,10.043692,0.747111474319,,,,-3.7636902672596557,-5.52470617171,,,3.02033209271,,,0.48182243597,,,,,,3.20629111561,5.32597302091,3.29439229986,1.30894380295,,,,,2.52700855336,0.250078187494,,,,,,4.57766879973,,,-1.83150775094,,,,,2.84252939665,,,,,,,3.36671628404,5.03795504076
BLOO26,"STMN3",ENSG00000197457,7.572887,-1.32029838737,,,,-1.3480183107208505,-3.92550733397,,,0.395493255377,,,0.202744124972,,,,,,3.43891165238,2.65831426384,2.93009530699,4.61255898838,,,,,-2.10040631091,-2.53929120052,,,,,,1.70123237816,,,-1.49314206439,,,,,-1.79683738161,,,,,,,1.37236017517,1.34653362778
BLOO27,"STMN3",ENSG00000197457,7.115777,-0.955516549065,,,,-0.8083786641318936,-3.7120357127,,,0.463758500463,,,-0.787274377021,,,,,,3.09293983606,2.25096293685,2.56005172768,5.32965837374,,,,,-2.04849415195,-2.48308366072,,,,,,1.09297789067,,,-1.32945757641,,,,,-1.33012029077,,,,,,,1.2595742566,0.959620707641
BLOO30,"STMN3",ENSG00000197457,7.914246,0.194076678866,,,,4.764037681802065,4.93970867098,,,-1.58921153556,,,-1.38249898165,,,,,,-4.24915745837,-4.94991891236,-2.74502648408,0.376958815338,,,,,-1.52601220196,0.875142448193,,,,,,-3.98516990378,,,2.23830029632,,,,,-2.56952436017,,,,,,,-2.84824868624,-4.86431333502
BLOO32,"STMN3",ENSG00000197457,8.329810,-0.0593697535924,,,,3.428523364901407,4.8663989581,,,-1.72015690518,,,0.209297895757,,,,,,-3.04220061875,-4.59618149594,-2.79319632222,-1.0863638383,,,,,-1.57978911668,0.42187247536,,,,,,-3.89078088201,,,1.85072724716,,,,,-1.88551865914,,,,,,,-2.77853982936,-4.01426907284
BLOO33,"STMN3",ENSG00000197457,10.996367,-1.64149836346,,,,4.873615337202448,5.65019345148,,,-2.81874217675,,,0.0517757845792,,,,,,-4.86334786677,-5.64418867832,-3.8352801369,-2.79168494013,,,,,-2.71847633342,-1.34344968627,,,,,,-5.21238284192,,,1.78386573789,,,,,-1.92607148035,,,,,,,-4.36393664567,-5.96393545623
CROH01,"STMN3",ENSG00000197457,10.408368,-1.31863557857,,,,5.446081435928296,6.14682082269,,,-2.63922242329,,,-0.383044472685,,,,,,-4.91498004958,-6.27491574165,-5.56815973294,-1.11235919819,,,,,-1.1263801072,-0.706953459536,,,,,,-5.15949596152,,,2.45763950148,,,,,-2.23177473214,,,,,,,-4.4232658264,-5.83892405358
FATM04,"STMN3",ENSG00000197457,5.253615,-1.93231208926,,,,2.5456519671431757,3.42027559729,,,-2.07699378349,,,-0.812390064423,,,,,,-2.26336604958,-4.39465321383,-3.51806782646,0.489694946138,,,,,-1.94203315976,-0.491075525421,,,,,,-3.31520030914,,,1.36852953987,,,,,-2.98836099029,,,,,,,-0.615270436827,-4.73068446632
INFB01,"STMN3",ENSG00000197457,16.954873,-1.63934021848,,,,6.83474609847684,6.8786253473,,,-3.52194072056,,,-0.914672012119,,,,,,-6.07613479629,-7.45441862978,-6.70726845554,-1.43675338323,,,,,-0.0194193770197,0.0669151399077,,,,,,-6.88856747512,,,2.33111024459,,,,,-2.96554919446,,,,,,,-4.5229330273,-6.89894849225
LUNG02,"STMN3",ENSG00000197457,3.381168,-2.24400584421,,,,2.6480092559527173,3.63061072974,,,-3.97426183747,,,-1.07335587073,,,,,,-2.6562307455,-4.25585909644,-2.49901753695,-0.873139713467,,,,,-3.25718345734,-1.29528442615,,,,,,-2.81284079692,,,1.87201157819,,,,,-2.08954899889,,,,,,,-2.71504188088,-4.72519416815
ULCC01,"STMN3",ENSG00000197457,11.149133,-0.91040742113,,,,4.883829320182596,4.3064589885,,,-2.3525284661,,,-0.253240209471,,,,,,-4.06846920836,-4.95166552248,-4.45103683799,-0.707599968017,,,,,0.716123274442,0.735524994286,,,,,,-4.91857571668,,,1.29561423705,,,,,-2.11945133021,,,,,,,-2.49697218398,-4.77069830444
