code,target,ENSEMBL,association,Adipose_Subcutaneous,Adipose_Visceral_Omentum,Breast_Mammary_Tissue,Muscle_Skeletal,DGN_Whole_Blood,Whole_Blood,Artery_Aorta,Artery_Coronary,Artery_Tibial,Heart_Atrial_Appendage,Heart_Left_Ventricle,Spleen,Brain_Amygdala,Brain_Anterior_cingulate_cortex_BA24,Brain_Caudate_basal_ganglia,Brain_Nucleus_accumbens_basal_ganglia,Brain_Putamen_basal_ganglia,Brain_Cerebellar_Hemisphere,Brain_Cerebellum,Brain_Cortex,Brain_Frontal_Cortex_BA9,Brain_Hippocampus,Brain_Hypothalamus,Brain_Spinal_cord_cervical_c-1,Brain_Substantia_nigra,Nerve_Tibial,Cells_Transformed_fibroblasts,Cells_EBV-transformed_lymphocytes,Colon_Sigmoid,Colon_Transverse,Esophagus_Gastroesophageal_Junction,Esophagus_Mucosa,Esophagus_Muscularis,Liver,Minor_Salivary_Gland,Small_Intestine_Terminal_Ileum,Stomach,Adrenal_Gland,Pituitary,Pancreas,Thyroid,Lung,Ovary,Prostate,Testis,Uterus,Vagina,Skin_Not_Sun_Exposed_Suprapubic,Skin_Sun_Exposed_Lower_leg
BFPC04,"ATF1",ENSG00000123268,3.965011,-2.57541285071,,,-2.16492779154,3.496146154445532,3.66355686935,-4.47167378381,-4.00484710639,-2.99247200539,-2.67676670987,,,,,,,,,,,,,,,,-2.85926921896,,,-3.52218990382,,-2.57766302713,,-4.23516608648,,,,,,,,,2.8219125526,,,,,0.692934516875,,-4.71322014355
BLOO01,"ATF1",ENSG00000123268,13.002260,3.70096989757,,,3.70427021499,-5.579076295346728,-5.86050022449,5.28015176896,4.28925488004,4.53999314242,5.77654793589,,,,,,,,,,,,,,,,3.86679706559,,,4.76867275284,,4.30639966201,,5.28298573963,,,,,,,,,-4.31988891548,,,,,0.698617705807,,4.63483991748
BLOO06,"ATF1",ENSG00000123268,8.012240,5.2325860309,,,5.65414611502,-2.6716422467192755,-3.51000482786,4.39165306611,4.7283226807,5.0180214238,4.76631396138,,,,,,,,,,,,,,,,4.93823632664,,,5.61004669796,,3.07649880108,,5.30514928261,,,,,,,,,-1.39242947322,,,,,-1.12023364169,,5.4818308029
BLOO09,"ATF1",ENSG00000123268,8.043947,4.98865977932,,,5.67223138261,-2.7992213944224256,-3.5953402041,4.27908981358,4.46839300616,4.76230018429,4.62501300671,,,,,,,,,,,,,,,,4.63492335882,,,5.43659055881,,2.85401100171,,5.06009909061,,,,,,,,,-1.57721988697,,,,,-0.874222256413,,5.32474702736
BLOO10,"ATF1",ENSG00000123268,7.880085,5.04803916958,,,5.47940766812,-2.705945702886401,-3.50687342172,4.37238493301,4.49705072172,4.83452987158,4.71254563337,,,,,,,,,,,,,,,,4.78219607864,,,5.44187750295,,2.89048967083,,5.12431126227,,,,,,,,,-1.49423563276,,,,,-0.649429829813,,5.515998691
BLOO12,"ATF1",ENSG00000123268,8.266811,5.37075906829,,,4.85660898375,-2.4522992842182987,-3.24294683139,4.32228932102,4.73765199881,5.05432166852,5.28549792472,,,,,,,,,,,,,,,,5.17195055062,,,5.57696266185,,3.15940466368,,5.29414387743,,,,,,,,,-1.18618541979,,,,,0.0346916610856,,5.78426415747
BLOO13,"ATF1",ENSG00000123268,7.302814,5.10660134411,,,5.6562603316,-2.634607085861908,-3.46707172773,4.29940044783,4.61408533245,4.90844994574,4.67291876221,,,,,,,,,,,,,,,,4.85701742563,,,5.50967600544,,2.98160182767,,5.18267256463,,,,,,,,,-1.39085254915,,,,,-0.97752343641,,5.38188816196
BLOO27,"ATF1",ENSG00000123268,8.553028,3.1463113588,,,4.07335430596,-4.690321050595049,-5.31346083275,5.39831327351,5.12691257857,4.49626009541,5.2017587687,,,,,,,,,,,,,,,,3.70376074335,,,5.28664007523,,4.39148286473,,5.33119092076,,,,,,,,,-3.86486026532,,,,,1.21497706734,,3.50193447714
BLOO29,"ATF1",ENSG00000123268,3.408112,-3.55969535471,,,0.212552913926,-0.6589471407080241,-0.238564383263,-2.92290886272,-3.1731783049,-3.32888434335,-6.92277070093,,,,,,,,,,,,,,,,-3.58772233783,,,-2.34705369531,,-3.629617682,,-2.6191927135,,,,,,,,,-1.56594762343,,,,,-3.60340683963,,-2.17798823444
BLOO30,"ATF1",ENSG00000123268,7.548874,5.12178944726,,,5.66658048594,-2.8002428247733384,-3.60762216702,4.37090938537,4.54918366823,4.87610000175,4.7487444722,,,,,,,,,,,,,,,,4.73157349841,,,5.52569804259,,2.94182609869,,5.16653171108,,,,,,,,,-1.54682929008,,,,,-0.969674285824,,5.42718889077
BLOO33,"ATF1",ENSG00000123268,12.773091,2.71133489055,,,4.48852641537,-6.548244397853834,-6.77848969027,4.71616667221,3.50094227246,3.87452359138,3.16574005709,,,,,,,,,,,,,,,,2.98578213671,,,4.53876628859,,3.13249686946,,4.99968124965,,,,,,,,,-5.47682981596,,,,,-1.34430833941,,4.64485401723
BLOO35,"ATF1",ENSG00000123268,10.882066,5.69444428281,,,4.02376421845,-3.005761692732769,-4.09576417651,5.46897504898,5.30164249613,6.23293934129,5.36871866242,,,,,,,,,,,,,,,,6.09244319464,,,6.66318355246,,7.08753705141,,5.6248699404,,,,,,,,,-1.25002569009,,,,,2.04982976882,,6.12141660921
HIPC03,"ATF1",ENSG00000123268,5.992210,-1.44229082262,,,-1.32435673249,4.857369036121374,5.10777833579,-3.83383386211,-2.15469207711,-1.95364935564,-2.02881567626,,,,,,,,,,,,,,,,-1.99388438216,,,-2.76453684431,,-3.22487425707,,-2.25178523159,,,,,,,,,4.16221689649,,,,,-1.55789547931,,-2.26439085123
HIPC04,"ATF1",ENSG00000123268,5.219467,-1.40632194954,,,-1.2837730613,4.736232463751546,4.98039682993,-3.67320312278,-2.09880433743,-1.90492784628,-2.01831311938,,,,,,,,,,,,,,,,-1.94415946928,,,-2.71339958232,,-3.14799674377,,-2.18305818529,,,,,,,,,4.05841650407,,,,,-1.51904366616,,-2.20205768978
