code,target,ENSEMBL,association,Adipose_Subcutaneous,Adipose_Visceral_Omentum,Breast_Mammary_Tissue,Muscle_Skeletal,DGN_Whole_Blood,Whole_Blood,Artery_Aorta,Artery_Coronary,Artery_Tibial,Heart_Atrial_Appendage,Heart_Left_Ventricle,Spleen,Brain_Amygdala,Brain_Anterior_cingulate_cortex_BA24,Brain_Caudate_basal_ganglia,Brain_Nucleus_accumbens_basal_ganglia,Brain_Putamen_basal_ganglia,Brain_Cerebellar_Hemisphere,Brain_Cerebellum,Brain_Cortex,Brain_Frontal_Cortex_BA9,Brain_Hippocampus,Brain_Hypothalamus,Brain_Spinal_cord_cervical_c-1,Brain_Substantia_nigra,Nerve_Tibial,Cells_Transformed_fibroblasts,Cells_EBV-transformed_lymphocytes,Colon_Sigmoid,Colon_Transverse,Esophagus_Gastroesophageal_Junction,Esophagus_Mucosa,Esophagus_Muscularis,Liver,Minor_Salivary_Gland,Small_Intestine_Terminal_Ileum,Stomach,Adrenal_Gland,Pituitary,Pancreas,Thyroid,Lung,Ovary,Prostate,Testis,Uterus,Vagina,Skin_Not_Sun_Exposed_Suprapubic,Skin_Sun_Exposed_Lower_leg
ANKY01,"HLA-B",ENSG00000234745,44.790941,,,-3.90213355918,,-31.424188345986092,,-6.6130695343,,,22.1126308441,,,,,,,,,,,,,,,,,3.36625734427,,22.3292694092,,-3.45568919182,,0.690638184547,,,,,,-inf,-3.51845312119,,,,,10.5644296479,,,-31.4151153564,
BLOO01,"HLA-B",ENSG00000234745,33.044957,4.62003354593,,0.999217701904,,3.306566886991184,,-4.40646312549,-5.9843916893,-0.652156829834,-0.184291755074,,,,,-0.196524068713,3.38965749741,-4.41077756882,,-7.62574996401,3.38965749741,-3.00161894395,,,6.60885667801,,,-7.24922159171,,-7.02666697012,-2.96036656042,-8.19401341467,-4.84459769312,-5.99666172774,2.31325748858,,,-2.13262504031,-1.82686543465,1.02303792145,-7.8196671125,2.99724107756,,,,-2.36449535587,,,4.56706523895,4.56706523895
BLOO02,"HLA-B",ENSG00000234745,17.784971,3.37194191133,,0.540665386652,,1.4738267930006064,,-2.34818767282,-1.40878081322,-0.756582558155,-1.20021082117,,,,,7.50706005096,4.56932401657,0.697483897209,,-4.31892217878,4.56932401657,0.908517475292,,,-1.45164620876,,,-0.832402850225,,-8.00844101617,0.813551596197,-0.59423351062,2.04668122143,-7.89921630475,3.15073828843,,,3.39103949923,2.53297185898,3.08952870074,0.0568681540867,-1.00085571562,,,,-2.53577573461,,,6.29764604568,6.29764604568
BLOO03,"HLA-B",ENSG00000234745,16.510843,-0.285553445634,,0.67247663716,,4.597692116053551,,-3.18594409567,-0.0728820189834,-1.39870989323,-3.50537495594,,,,,7.4832983017,2.6173324585,-4.40050363541,,-4.80743632692,2.6173324585,-1.57200385095,,,-7.54268264771,,,2.80956276954,,-7.83082376724,-1.81356533065,-0.33135916036,0.403354483758,-7.01653688379,0.253600089735,,,4.2551359472,-4.22693109512,-4.88665757099,0.0598092810122,-2.15416526925,,,,1.79286117321,,,2.23924469948,2.23924469948
BLOO04,"HLA-B",ENSG00000234745,32.887965,5.53465185528,,1.44585039123,,3.353225369706882,,-2.88550577019,-1.53574883938,-1.73157083988,-4.39359319105,,,,,8.10852050781,6.61678266525,-3.15627145767,,-4.73617095398,6.61678266525,0.908374053999,,,-8.07348442078,,,2.49334779216,,-7.71210364356,-0.97353723089,-2.50970299643,1.42185170966,-6.50249095452,1.431142076,,,4.12545770795,-0.860524475574,-6.7892636552,-0.140206371161,-1.18377385707,,,,-1.5041849321,,,7.02452230453,7.02452230453
BLOO05,"HLA-B",ENSG00000234745,42.323014,5.00273649425,,2.31694627199,,3.5177714922503127,,4.6664621841,-2.22815775871,5.15259981155,0.527021108613,,,,,-3.53667378426,6.00596284866,-6.76468467712,,1.85921136346,6.00596284866,-7.38161495373,,,4.12156963348,,,6.37985011274,,7.08770731874,7.43078015949,-7.63309376404,-13.6171413557,9.6213945515,2.14464990974,,,-0.565290746597,-4.60357475281,-3.48760622409,-4.6018746363,1.13870924686,,,,-1.34981164553,,,1.207862854,1.207862854
BLOO06,"HLA-B",ENSG00000234745,44.318876,12.0044186272,,2.09310494815,,-1.6063742971770847,,8.85436069061,-0.331985771656,4.93789577484,3.41965364845,,,,,1.52885663509,14.2032585144,4.49628829956,,6.22343547321,14.2032585144,0.217494010037,,,3.82344484329,,,4.25594991606,,9.83026141911,9.3190967607,-1.58739376403,-5.73503255815,11.8338282844,3.28917548371,,,-3.54373516213,3.77641773224,5.65353343366,-1.4507876084,3.7770539349,,,,-8.19397843508,,,10.1119718552,10.1119718552
BLOO07,"HLA-B",ENSG00000234745,54.816189,8.73555639784,,3.15005765171,,-0.6443081917354563,,3.56916465548,-6.35224151611,4.27088356018,2.09424772149,,,,,5.54634666443,11.4123487473,4.23861789703,,2.55557696287,11.4123487473,-0.674906304864,,,0.651536822319,,,2.24152479334,,2.74520815263,4.47268855275,-8.17215344971,-1.75465336568,5.46276140348,4.06014430053,,,0.255326621754,2.74690794945,0.275384024557,-5.23247850151,-0.201652092752,,,,-11.1724054694,,,10.9888706207,10.9888706207
BLOO08,"HLA-B",ENSG00000234745,21.668573,5.98523698059,,-0.0672736960784,,-1.0492963651131868,,-0.504229006219,-2.34123635292,1.92563474178,0.506704938436,,,,,1.81242859364,7.79649591446,2.11947917938,,-1.40277445381,7.79649591446,-0.639110884012,,,0.437429368496,,,0.9787448567,,0.743152311438,1.31501687444,-3.4805632454,-4.9393458773,1.72005751209,4.44716126191,,,-2.41338323681,1.68096351624,0.719586117351,-2.18141997258,-0.901095423228,,,,-6.52768926454,,,6.432284832,6.432284832
BLOO09,"HLA-B",ENSG00000234745,56.315765,12.6560063441,,2.21467408345,,-1.5449135313617381,,8.77864703556,-0.70132535696,5.34557580948,3.59823273116,,,,,1.9163544178,15.0407381058,4.58964538574,,6.10712463571,15.0407381058,0.0384375613998,,,3.69188284874,,,4.39876284296,,9.57023680794,9.40606302617,-2.52633149521,-6.08410317375,11.8063259805,3.77008246492,,,-3.28575026018,3.75752830505,5.34307914975,-1.8409075066,3.82980872222,,,,-9.02261458188,,,11.0345678329,11.0345678329
BLOO10,"HLA-B",ENSG00000234745,54.748167,12.5206535271,,2.35731024464,,-1.0994916637593493,,8.92740122816,-0.974516808987,5.68818044662,3.54313325136,,,,,1.4412997961,14.9140625,3.7370390892,,6.11610515514,14.9140625,-0.71275535668,,,3.95670723915,,,4.92025594664,,9.95766247834,9.84892850311,-3.14860435818,-7.17858907509,12.3072119504,3.73982015254,,,-3.14062632276,3.19859290123,4.78004944541,-2.27538813692,3.78522223315,,,,-8.76054123006,,,10.5117807388,10.5117807388
BLOO11,"HLA-B",ENSG00000234745,72.229619,12.2525276197,,3.22461522006,,-2.504607567791085,,4.39009003748,-2.94409561157,5.27178955078,0.294228123809,,,,,0.574987113476,19.9173545837,2.06260681152,,2.74706491848,19.9173545837,-4.28315226022,,,-0.0805497840047,,,8.49664313453,,10.636182109,7.44735581409,-7.42990696913,-11.0675124116,14.1703998427,2.16327451656,,,-3.22215020527,-0.0125334691256,1.82833165355,-0.162098718348,1.62775889313,,,,-9.83425694622,,,13.3391571045,13.3391571045
BLOO12,"HLA-B",ENSG00000234745,72.263882,15.2497051876,,3.542908149,,-1.8148667909027474,,9.61189408762,-2.23694396019,6.93881607056,3.21291506707,,,,,1.34569776058,20.1724376678,3.90129375458,,6.53879667212,20.1724376678,-2.01579271335,,,3.61417984962,,,7.27267121688,,12.5981870792,11.3882065738,-5.77008293375,-10.3456295538,15.9980593497,3.6331413308,,,-3.87104154865,2.87361764908,4.75922100086,-2.30041048636,3.75110639324,,,,-11.1228652445,,,13.9716148376,13.9716148376
BLOO13,"HLA-B",ENSG00000234745,59.519734,8.70612657429,,-0.426189647417,7.66607981982,-4.812557688092445,6.58881370385,4.44800981387,8.94799940133,8.02532773965,1.58241813677,,,,,2.7193965944,8.25152080506,10.0364574078,,1.86839183868,7.602310256,8.0502623301,,3.25375806496,4.70858817158,,4.55276432112,4.00822857014,,4.18961320526,1.31507810726,-0.561523606912,3.24583388948,5.60968779586,3.56538223353,,,1.1391328238,1.92523930485,10.5318281708,-0.0143096644694,4.41246506597,3.43418551405,,,-9.69440547126,,,1.54332860969,6.52981527561
BLOO14,"HLA-B",ENSG00000234745,9.272442,-2.72310168601,,-2.38018708777,-1.24188187692,0.2558242795086148,2.32238739138,-4.80231198558,-0.896475221902,-1.65052920101,-0.793780514281,,,,,0.687979538689,-0.0147628905375,-1.03772018112,,-3.28677631816,-0.76505456099,-1.10430885565,,-1.55528673265,-0.341812781643,,-2.22908837399,-4.28768513908,,-4.31550999999,-1.6888095607,-0.502402903975,-1.85959464613,-2.2020779558,0.247999971382,,,-1.17468006925,-0.52078160765,-1.98796750905,-2.45808841732,-1.28503336546,-1.92388908409,,,-1.30538384759,,,-2.44909242226,-1.58595708968
BLOO15,"HLA-B",ENSG00000234745,8.867516,-3.88628025541,,-3.47795542624,-2.52106015984,0.28739733164063824,1.25803155206,-5.46205094351,-2.29008957223,-2.64101006828,-2.07180494581,,,,,-0.776392175768,-0.897786198385,-1.73954585442,,-3.04573599276,-1.68223465584,-1.99710997037,,-2.50946485497,-1.29486149331,,-3.53489002124,-4.53763452863,,-5.04487892964,-2.57151598492,-1.9266676563,-3.04981418562,-3.47555685934,-0.917829151116,,,-2.66639438052,-1.76905629013,-3.05469084305,-3.38697143597,-2.58704836608,-2.71830146663,,,-0.70832990996,,,-3.25205317656,-2.65170778386
BLOO16,"HLA-B",ENSG00000234745,68.650392,2.8075496676,,-3.79848597628,3.74617770365,-6.163497939778749,1.37972972452,-4.33007390295,3.27817280497,4.7179780948,-0.058223063675,,,,,3.19096292969,7.81749974637,8.33564266921,,3.30871384396,5.94050285742,8.54833829631,,1.28814318661,4.56765776892,,1.46878774797,2.5403238614,,-2.06451460663,-2.18937750666,-3.50702738987,0.715996046828,0.9652637241,1.5291383816,,,1.673975164,1.55005069203,7.9560604694,-1.87009873427,-1.43684345973,-9.32235691556,,,-11.3924527587,,,1.39011672369,5.15410966391
BLOO17,"HLA-B",ENSG00000234745,36.955735,0.00853344697142,,-2.05594594361,1.36369574496,-3.691523844715109,-1.66828731269,-4.77744539052,0.097184969687,2.15616998955,0.776951493281,,,,,3.13717231575,4.44841572193,3.83972719188,,3.31249771026,3.17604301301,5.53995003836,,0.928197820283,2.95863810482,,1.00836147776,1.86966707413,,-2.51097565595,-1.36014087814,-1.47025808259,0.606495511916,-0.164485248874,0.975924730394,,,2.95345342527,1.83940764389,3.97040605065,-0.344006889962,-2.1776408634,-10.7936659368,,,-6.51692498922,,,1.83441679649,3.16970612216
BLOO18,"HLA-B",ENSG00000234745,34.865632,-1.22579396566,,-2.95417405297,0.231064322126,-3.5901643489003634,-2.19654371914,-5.44838761347,-1.02938961507,1.14354063335,-0.454875318832,,,,,1.91962528101,3.60435835359,3.16199151886,,3.07300392398,2.32482485199,4.53554473307,,0.114066030819,2.00176453844,,-0.316986011008,1.20509236007,,-3.16411870507,-2.36754850563,-2.68533398333,-0.405088517257,-1.38282394786,-0.0869663782481,,,1.42370631537,0.754343605755,2.79986345263,-1.14584290059,-3.2629122448,-10.8614914512,,,-5.95689506183,,,0.861075559014,2.0031223485
BLOO19,"HLA-B",ENSG00000234745,36.580523,10.6663223897,,9.83211946917,12.2935852605,-4.576894995432512,4.33337923084,7.8750852435,11.0699703039,9.83873622838,8.38777999877,,,,,9.07300340863,11.3563427746,8.47180617559,,2.02896782981,10.72566616,9.46642970627,,11.8548386893,3.87715206369,,10.2397592994,7.13349469365,,8.95211495838,6.63432100926,6.59130333979,9.47202110582,11.715859465,6.73196493952,,,9.44324812448,11.2953146899,10.0453414317,8.50655201992,9.04437667415,6.85338987484,,,-5.35799985146,,,10.2893412893,11.0505147819
BLOO20,"HLA-B",ENSG00000234745,20.102769,0.360980617785,,-3.84096533947,-0.40796289132,-0.23233650880214923,0.0605119395962,-2.70253579014,0.882490315824,-0.569457761865,-4.20034238091,,,,,-2.29083928408,1.85893343219,1.25217791619,,1.21977037602,0.258627645422,-1.36100911276,,-0.83788330133,3.15241596801,,-0.517306634389,2.57721604028,,-1.97512250595,-2.52460406815,-0.433433777991,0.740254080737,-2.06901563939,-0.0615882800413,,,-2.62008899392,-0.228981152939,2.32980085051,-3.23563858167,-1.51080278389,-1.71437519119,,,-3.62979362536,,,3.21172282303,4.54668087874
BLOO21,"HLA-B",ENSG00000234745,22.933376,-0.973714705483,,-3.320005853,-2.12848867945,-0.14519642141888253,-4.56568514881,-4.27572676348,-2.13634109787,-3.07496973804,-6.63852662421,,,,,-4.51956035114,1.68332919602,0.584469354593,,1.60953836862,-1.31510006133,-1.77565506059,,-1.08751978435,2.92824893923,,-3.55070254508,1.55797893603,,-5.7219755294,-3.78602502239,-3.69049430151,-3.08034482249,-4.68932770722,-2.01263587728,,,-3.28422500027,-0.488857682262,-3.10598647886,-4.49503983217,-4.97396811612,-4.10860415193,,,-1.93308037167,,,1.48555422031,1.08405728511
BLOO22,"HLA-B",ENSG00000234745,25.957858,-0.561521299167,,-3.71947796194,-1.74093429885,-0.05346623961582671,-4.19788205349,-4.76797184315,-1.63706515154,-2.99405026408,-6.72043281133,,,,,-4.58306367921,2.16539168497,1.03153326734,,1.37963198844,-1.02226657304,-1.83012324181,,-0.920582691563,3.94594372366,,-3.39232936792,1.91759883871,,-6.19069857224,-4.12851823028,-3.69785925913,-2.54421721012,-4.62354594476,-1.93138569224,,,-3.37952385716,0.0710443988647,-2.35218460289,-4.96258547327,-4.9045823639,-4.12594627547,,,-2.60257030852,,,2.31242311984,2.23587606515
BLOO23,"HLA-B",ENSG00000234745,7.270463,-2.81598180869,,-1.87444150476,-3.13544142827,-0.03210941141333915,-4.87936525519,-2.84017130623,-3.09958969049,-3.95508837798,-3.95563293972,,,,,-3.71710649966,-1.13133842171,-1.96927454075,,0.191171035552,-2.8437468745,-3.10043787331,,-1.53005265176,-0.57197231344,,-3.97798096271,-0.898252497996,,-3.50806135286,-2.9576514691,-3.5160978007,-3.56665963622,-4.28517859291,-2.12807941169,,,-2.38071673351,-1.29042256354,-4.9952094762,-2.31994441769,-4.69218345176,-2.02096560573,,,1.39643319087,,,-0.66232623815,-2.68046313666
BLOO24,"HLA-B",ENSG00000234745,17.458458,-4.00061183278,,-4.04297310888,-2.65388963756,-1.9203127831767275,-3.12040634932,-3.81347928433,-3.55662957157,-2.64468440324,-5.08529260352,,,,,-3.96713482069,0.423053952365,-0.00513310654949,,-0.0747285914406,-0.659614296016,-1.03972800151,,-1.18042448861,-3.96508962237,,-4.87504391465,-1.07039545826,,-2.63919037151,-4.11316555537,-6.22266454672,-2.97908984989,-3.39797666899,-4.31642815107,,,-5.2065728272,-2.48475331984,-2.27222942815,-3.26054421997,-4.86896219036,-3.02835794904,,,-0.610563801021,,,-1.7815841787,-2.25510146704
BLOO25,"HLA-B",ENSG00000234745,19.112664,-2.65306920602,,-3.33921404542,-4.10133818819,5.0539664432354146,-1.28405062053,-4.69578190711,-5.41599729693,-3.37366754369,-5.05656069883,,,,,-4.88993808782,-2.28973565994,-2.4172709956,,-1.78828766438,-3.68025690156,-3.86581136164,,-4.3783953023,0.806592781328,,-3.30970779594,-0.351566562637,,-5.98836254164,-3.17270606484,-0.342135252696,-3.12221707886,-5.15755257123,-1.03733507877,,,-4.57501585534,-4.25409611061,-4.11696233919,-3.68781261813,-4.0671080192,-3.84465912989,,,4.10631682323,,,-0.589523865883,-1.34634233268
BLOO26,"HLA-B",ENSG00000234745,24.895889,-4.6724887264,,-2.70968994219,-5.50139896651,1.7472725394338882,-3.8902906616,-0.647962108598,-5.72436428695,-2.61926217798,-6.7236831484,,,,,-4.57097148336,-3.59021257842,-3.77926542222,,2.49043735876,-3.95645718047,-2.84179041288,,-4.90223040494,-4.91178760951,,-3.07168494915,-0.502895188613,,-0.588999685728,-1.20767897663,1.0162146578e-05,-5.07555162768,-5.27573964642,-1.21367538597,,,-4.54407782025,-7.63931530356,-6.09569724688,-1.40875275669,-4.38693014418,-2.93868269841,,,4.16738354702,,,-3.86201428822,-5.50660622938
BLOO27,"HLA-B",ENSG00000234745,25.191904,-3.89567630027,,-1.62553494479,-4.27137331628,-1.0713286868088276,-4.03590670615,1.56745667796,-3.79690945539,-1.38150887668,-5.27933488757,,,,,-2.72246286128,-2.78209584054,-2.83669344927,,3.86048457571,-2.61549624717,-1.28750115301,,-3.2308980574,-6.05487748214,,-1.91680442096,-0.383026222766,,2.33392516166,0.0690608292547,-0.0284791061697,-4.15829200855,-3.4101390771,-0.971071669281,,,-2.96739725031,-6.36930020915,-4.62484775265,0.153949701034,-2.94782272924,-1.5633141941,,,2.14251813954,,,-4.06735417491,-5.50567257564
BLOO28,"HLA-B",ENSG00000234745,34.605321,-10.221701132,,-9.59214601556,-12.7122219332,5.6906543495535535,-3.66321566769,-7.24444967574,-10.9622346677,-9.83882174892,-7.48949407685,,,,,-8.64510304629,-12.8100659005,-9.32345918293,,-2.00640172453,-11.8265710339,-10.1309937017,,-13.0147702976,-2.80202455314,,-9.57200853436,-7.40145784295,,-8.98440510864,-5.87426260963,-5.07008786765,-9.5319087766,-11.7783805161,-5.77940797665,,,-8.54738788318,-11.8845642504,-10.4814649676,-8.35335761357,-8.10777437134,-6.44805897063,,,6.11176211133,,,-10.9796143064,-11.5810436048
BLOO29,"HLA-B",ENSG00000234745,48.525187,2.38131819099,,3.75136104522,-0.0487378670963,-7.682953440748615,-0.742929757784,11.6656871081,4.89928370719,4.17931428449,-0.108703905139,,,,,3.87688582132,1.7517788727,3.46320374735,,10.0141867657,1.97834221801,3.29160332207,,3.52443089561,-5.51088027503,,2.78050903679,4.58521784049,,8.60845162112,6.75548611656,5.20095945561,2.44819390975,3.56065759605,2.67782928625,,,1.65773944432,-0.00322567669227,0.0542833682628,8.29822701228,6.00642486513,9.4819581692,,,-1.52909472463,,,-3.19880869941,-4.41549762195
BLOO30,"HLA-B",ENSG00000234745,63.676191,8.91529861314,,-0.412930120709,7.98496011963,-5.188145701514852,6.64521226224,4.1766726498,9.16180990047,8.38460706869,1.69941383456,,,,,3.06305111846,8.87039233706,10.667908014,,2.20732423188,8.11604016412,8.612783038,,3.49848716191,5.20494605764,,4.81732730429,4.21522963235,,3.89902564356,1.17583900989,-0.695620868237,3.39367357301,5.59787759778,3.87395407582,,,1.58048535301,2.25205945226,11.1070065134,-0.0812073274781,4.39140283277,2.52613644747,,,-10.4778847412,,,1.82794228599,6.88432800708
BLOO31,"HLA-B",ENSG00000234745,29.784574,1.84456367749,,3.4652112808,0.365563493581,3.296015043597467,1.91166133779,6.21831579084,1.3807946616,-0.515398077397,1.03531495211,,,,,-1.50209404687,-3.1978511152,-2.70150837969,,-2.28218156661,-1.75447482514,-3.83737628314,,0.525817995415,-1.8038848889,,0.992350569139,-0.43824048273,,4.02029610569,2.81821746077,3.01498119284,1.01925691267,2.1148542066,0.372453899489,,,-0.740073097649,-0.284440337782,-2.08623236221,1.80353895866,3.5600041486,10.3370158431,,,5.74337509359,,,-0.326705863187,-1.45833458473
BLOO32,"HLA-B",ENSG00000234745,19.529854,6.4288384936,,6.32817023414,5.62425358369,0.8936651848983789,3.90791185527,6.47235522435,6.02889600861,4.7402208023,6.40284167781,,,,,5.23821191668,2.05151345379,1.92473206025,,0.0102388070422,3.24192326529,2.79051547262,,4.29657373034,3.69231486917,,6.82509568094,2.77324648054,,5.48171132059,5.51704090143,7.12073677639,5.31770312083,6.4746793888,5.10821146924,,,6.39132096184,5.03471391292,4.26903281093,5.36074115507,6.97293196108,6.30376035905,,,0.222436476533,,,4.21930850692,4.53164241341
BLOO33,"HLA-B",ENSG00000234745,24.508260,-1.38881315621,,-5.06177619315,-0.333996024384,2.586288562589033,0.595855967283,-3.88907756528,-1.78699591763,-1.25250882442,-3.32324139128,,,,,-3.25705220363,-2.77420807389,-0.864281371714,,-1.9342229513,-1.78578571886,-2.73812012288,,-4.00730299783,2.64193266333,,-2.3374887989,-3.74148790447,,-5.41970661148,-2.38546015848,-3.64105492212,-1.49927420471,-4.0626805786,-2.1337751205,,,-4.19733776556,-4.05981566123,0.0773336852057,-6.89407344199,-1.93690086855,-3.58224843242,,,-3.40045057353,,,-1.55134072332,0.163883386543
BLOO34,"HLA-B",ENSG00000234745,21.785686,3.53702442409,,2.15734143014,-1.35322329685,-1.5996676496083309,-4.13839634221,5.87211394731,1.28556038566,1.0691428205,1.4281816173,,,,,-2.33266993079,0.648957860116,0.20308685467,,7.00181520365,-0.9572065628,1.71754715874,,1.01023019656,-0.891451519908,,2.14913488719,7.03502230268,,4.81363078112,4.00632581511,1.34380549705,1.4759505266,0.80022831784,-0.151997491022,,,1.02908320887,0.182571143413,0.962273761065,4.60129788476,1.88706219019,2.5422845616,,,2.94868542391,,,3.21198587911,1.97805078431
BLOO35,"HLA-B",ENSG00000234745,18.646834,3.05333490736,,3.85780230179,3.05364167039,-2.8667704531379616,-1.95795405666,6.9823285557,4.53966479056,3.16344759077,7.83588818489,,,,,3.85738240718,0.118687356667,1.29132257399,,3.3943596302,1.69436657424,3.27682905775,,3.19375850815,-1.12001602774,,3.38595625791,1.95085220697,,5.10895985354,4.7821531032,1.96062214564,3.34850813688,5.96387307141,0.998925073016,,,4.30328936749,3.8074541968,2.38219267568,5.35653079833,4.57191253705,3.56729121641,,,0.123784389903,,,0.998402805896,-0.431241243065
BLOO36,"HLA-B",ENSG00000234745,34.099573,0.774986115759,,-3.8960396594,-0.839635157953,-0.14509991389819155,-3.31005283993,-4.51321035709,-0.918707161161,-1.81459149904,-7.19616135665,,,,,-4.11148311455,3.22823157749,2.30297978557,,1.9764039641,-0.112148990141,-0.672668707019,,-0.860252074261,4.71735696936,,-2.37756129744,2.89972564751,,-5.97978338774,-3.6565735611,-2.97480655049,-2.07690605799,-3.88961791562,-1.28693845121,,,-3.24578136074,-0.045623327926,-1.04600110747,-5.05989713591,-3.91447414219,-4.35414819593,,,-3.77447417727,,,2.64970660618,3.59783051695
BODY06B,"HLA-B",ENSG00000234745,6.110284,0.362812412752,,2.48282624289,0.898453008753,1.9737133917788239,0.906993940947,1.0911592823,0.547432476761,0.0377944009864,1.68719776953,,,,,0.159117246942,-0.179724308925,-1.40615932653,,-3.3182028994,0.221345677991,0.356948779862,,1.13363282418,0.892015677959,,0.669566073137,0.472515439583,,1.04347031899,1.95974777409,0.576187528535,0.524279333188,0.502771476892,1.33889831041,,,1.90461388444,1.82658777768,-0.955778469738,1.37505502628,0.974327835811,2.10437313396,,,3.49963538976,,,1.0944955112,0.691127684325
BODY06,"HLA-B",ENSG00000234745,6.533355,0.207875841362,,2.05109183778,0.5667465469,1.9201477757285919,0.617696633109,0.647011018145,0.0703315506268,-0.300136592019,1.42608077808,,,,,-0.14925781171,-0.283371477344,-1.57514105997,,-3.4550042471,-0.110804949848,0.177746279555,,0.791820904394,0.455840813062,,0.264493708941,0.298565478216,,0.918462776128,1.67205877166,0.306784159134,0.157206531786,0.304786966751,1.11875755317,,,1.46441853484,1.53143728158,-1.38099134244,1.14002692715,0.654010526026,1.98555137595,,,3.54434182963,,,0.832134048712,0.463232484981
BODY07B,"HLA-B",ENSG00000234745,6.689540,0.316011346077,,2.43903059118,0.794863935598,2.0443496481838768,0.827703183238,0.954814870906,0.487302311865,-0.177428027219,1.66165533134,,,,,0.0112684764338,-0.29158875765,-1.54816293889,,-3.4170494193,0.0479800514174,0.29953717231,,1.07585588738,0.953127105033,,0.524789206384,0.444920408288,,0.945404339122,1.94910211174,0.515554456191,0.508713696443,0.426160105995,1.21549116585,,,1.91532459761,1.86389628428,-1.06564085039,1.36316568359,0.881219667921,2.11352763619,,,3.69446535762,,,1.13887917918,0.65846503541
BODY07,"HLA-B",ENSG00000234745,8.180009,0.14856393927,,2.00873837599,0.445211263778,2.009769305578166,0.52581166065,0.506135740513,0.00810941759259,-0.547183155571,1.40116915582,,,,,-0.319087840433,-0.417907571394,-1.74033407383,,-3.56491060968,-0.30564684655,0.117813246168,,0.732292767798,0.53214875819,,0.101537630033,0.274913928582,,0.81045266697,1.67102755234,0.235328485205,0.140280615659,0.219523839805,0.981076257811,,,1.48865621098,1.57587837718,-1.50250484852,1.13875311811,0.543123512976,1.98672974328,,,3.77592983655,,,0.886440444825,0.42109443668
BODY08B,"HLA-B",ENSG00000234745,10.834489,1.13580662242,,3.2323433233,2.12509753229,1.3193067698515264,2.77173531077,1.77180787425,1.69284192192,1.05619828943,3.50026097064,,,,,1.84174848288,0.917496722716,-0.511434407874,,-4.39748990847,1.199911518,2.32350352075,,1.60466940386,1.67139076265,,1.54061600563,0.36480456528,,1.32602931898,2.12333691663,1.77788059618,1.04759275933,2.16698873986,3.01238411475,,,3.75778049469,2.61341278741,-0.0744341719693,2.22425275824,1.92547948159,3.58519480211,,,3.1176196569,,,0.743938586709,1.10914874317
BODY08F,"HLA-B",ENSG00000234745,5.747244,0.268282654454,,0.458527718196,0.241297283028,1.6179121851871883,1.10116397744,-0.0614744506536,-0.545493587029,-0.614931972109,2.08814875975,,,,,0.0523534058604,-1.08796240869,-1.59298864281,,-4.81653181077,-1.26648711627,0.101601341594,,-1.14794014011,0.318795085895,,0.136272550513,-1.01206677986,,-0.241921175263,1.14575162928,0.86271519132,-0.470547679719,1.02403394782,1.00818464574,,,1.23998189548,0.325968041522,-1.36130843208,1.0308650428,0.249707010069,1.84300854308,,,3.27972852991,,,0.284742677052,0.282670861333
BODY08M,"HLA-B",ENSG00000234745,5.752370,1.33070533743,,4.05066739664,2.71689044195,0.43271369490222705,2.86939512732,2.48806737499,2.79347797809,1.97892939413,3.02367164198,,,,,2.48755938503,2.1909031894,0.659317867255,,-1.92688842995,2.73306663592,3.10681384902,,3.18681461142,2.02408328524,,2.00184612007,1.36651946795,,2.02731695265,1.93901786315,1.70637167559,1.84238102944,2.10281407491,3.27812715094,,,4.10396886157,3.31212144746,1.06105645067,2.17646613221,2.43234682568,3.35222263289,,,1.48253750398,,,0.779317680271,1.28225022802
BODY08,"HLA-B",ENSG00000234745,9.999349,1.0538930117,,2.78556492849,1.82735062644,1.384967786372388,2.51622048671,1.44485195393,1.27521106961,0.765762995099,3.41166669275,,,,,1.56773655883,0.623344858213,-0.751769499465,,-4.62030768823,0.729931929182,2.01558495939,,1.13027191205,1.44565933477,,1.32161463583,0.154580851803,,1.04977584464,2.04980267164,1.70432551016,0.755613416268,2.04430583172,2.73446149328,,,3.4060420935,2.24020333309,-0.360918450536,2.10854014494,1.67694074907,3.43271884471,,,3.30435790884,,,0.682755691379,0.985903397763
CHOL21,"HLA-B",ENSG00000234745,11.169411,3.54803036989,,1.45360017283,4.18145760739,1.389591831019037,3.40699337455,0.733849900479,3.28142926407,3.415487648,2.3144659366,,,,,2.017571557,5.19583896379,5.69600335021,,-2.17253229175,4.47619785786,2.59413463337,,2.5751537813,3.90086604431,,2.11167300227,1.33577821665,,-0.948221676128,0.0521876927314,0.0187003448758,2.13470382518,3.19000971261,1.42142505476,,,1.18203771869,3.99450391708,4.85970792385,-0.327729582541,1.4237508789,3.73634172277,,,-1.62234496279,,,1.87590031149,1.82343699386
CHOL27,"HLA-B",ENSG00000234745,7.115924,2.4727505293,,1.31981297711,2.96438689218,2.1401522560191832,3.7634802505,0.799579768916,2.50705038771,2.2018457253,1.76717754748,,,,,1.23705929615,2.83093538306,3.68265560331,,-3.08795241216,3.40351982297,1.67855445601,,2.4914068961,2.71819312688,,1.18651965666,0.704531274758,,-0.311275971957,0.544141555601,-0.371364625425,2.04384433849,2.25810823211,0.451056924055,,,1.11531184297,3.07037082144,3.38983513548,0.0296938529603,1.37964253191,3.279576402,,,-0.547555776812,,,1.39694995632,1.2252661937
CIRR01,"HLA-B",ENSG00000234745,8.913854,-0.572924831524,,2.12202978539,-2.37941218445,-6.665382277879446,-1.43116632426,-0.190669419024,4.29637074382,-2.45785552892,0.133523194437,,,,,0.528070679436,2.78470889694,5.35253668063,,-0.576011963471,2.46161834626,3.64648527348,,2.78923207085,4.28525787403,,0.00589648539119,0.906007595803,,-1.29398789064,-1.99965216781,-0.899621627573,-3.66116797159,0.41718135844,-0.865088333585,,,0.377206696583,3.39289148726,2.63223536078,0.576378252878,-1.03167659118,2.07469869144,,,-4.32385367215,,,-0.386175687633,-2.47214234558
CROH01,"HLA-B",ENSG00000234745,11.584726,5.67036890694,,3.83737957545,6.11486924549,-0.463605094727343,-0.551778674126,4.60679650667,2.61455248486,5.14944651616,1.71334812852,,,,,4.66790338444,4.17210618148,2.80108110576,,1.41489255428,,5.05258048935,,2.18064069748,-1.78530364719,,4.33230585121,3.18190347278,,5.20946314929,1.14376598475,4.44088029818,5.02009365094,5.38674416047,2.58337939188,,,1.82743733013,3.0048635006,4.19813879988,1.27353605035,3.76481688866,,,,-3.10703515584,,,-2.58718535772,4.03791772373
DEPR01,"HLA-B",ENSG00000234745,7.687230,3.07528866442,,2.88708910778,2.27191789308,-1.7174806737738089,3.75869774818,1.18375376191,1.7509368376,1.44565093328,-1.44474875158,,,,,0.517156146513,3.84858950529,1.39417793474,,2.55726099014,,0.971660214294,,0.79330521822,-3.19500462094,,0.752825258419,1.49097601953,,3.04982779178,1.07322049851,1.67723362016,4.28101151949,3.72515566615,2.50885385019,,,0.154944371196,0.525839090347,3.41361262975,-0.0886236276687,-0.23642390919,,,,-3.6222225677,,,-1.75437372302,4.89771818837
EDUC03,"HLA-B",ENSG00000234745,3.790726,-2.77498117903,,-0.840485835076,-4.77197588488,0.6954377958692897,-4.7885389328,-5.47799819389,-6.60099641927,-2.84315112183,1.21596038342,,,,,-5.73567361835,-3.41029969816,-1.76494954054,,0.60828268528,,-6.77069969039,,-3.52971982956,0.733041053211,,-2.85418133616,-4.8546994575,,-4.98880008101,-2.28724457017,-3.50670532598,-5.35376778953,-5.55650901489,-0.679527980211,,,-5.21927648756,-5.59391927719,-4.5505896046,-2.40153730574,-2.41402142916,,,,2.6478112375,,,-1.28252561452,-3.52091112585
FATM02B,"HLA-B",ENSG00000234745,6.384997,0.909762958926,,2.95732013174,0.814934429752,3.1268931205624764,0.762874371041,1.8831197722,0.211438394963,0.440796703779,2.04472300629,,,,,-0.41263075903,-0.83108838319,-1.87360150431,,-2.32358394043,-0.383538681741,-0.13138023773,,0.584587766662,0.858984514062,,1.26084784525,1.07205778792,,1.63076772193,2.39190691482,1.45024892815,0.537388489776,0.601061791341,1.60438114853,,,2.12008909369,1.22545376344,-1.27784070052,1.82883588353,1.17310799959,2.20394898971,,,4.51988944536,,,1.52121669301,0.860359811455
FATM02,"HLA-B",ENSG00000234745,6.682020,0.689013444312,,2.47660079826,0.428608137976,3.2364822665884647,0.534188732218,1.4430682231,-0.36346856267,0.0787082662782,1.78915969012,,,,,-0.711554602804,-1.08835139658,-2.14993817925,,-2.57974045491,-0.825290132293,-0.332243572435,,0.07909723345,0.388308052629,,0.856277245957,0.777295853974,,1.52511233343,2.07709551475,1.2620934166,0.188988303852,0.401931323795,1.42360277423,,,1.6589481497,0.817210178871,-1.76221490003,1.65954528291,0.858617684697,2.10680657154,,,4.74182493382,,,1.19766571262,0.572793043357
FATM03B,"HLA-B",ENSG00000234745,6.595320,0.858449356255,,2.89436618891,0.720744288903,3.2849701148298522,0.689388149279,1.81916247153,0.133298317373,0.255052866712,1.99932933213,,,,,-0.57700583387,-0.974663238025,-2.03395015828,,-2.42290731919,-0.587274046325,-0.187968835486,,0.482655656968,0.952474595398,,1.13386356564,1.05118169274,,1.56195946713,2.40853983638,1.39091427491,0.534906718994,0.525468392743,1.47695679394,,,2.15791570303,1.21363821119,-1.39640220722,1.83867949071,1.07356640141,2.2034519915,,,4.76592452906,,,1.56665997805,0.853151811049
FATM03,"HLA-B",ENSG00000234745,7.201722,0.633941246509,,2.41048631216,0.321844759207,3.426398126723964,0.441325803443,1.38960988136,-0.448087813605,-0.127630054377,1.74294304358,,,,,-0.901082462574,-1.25471831481,-2.3347992602,,-2.67729877584,-1.05531287147,-0.385617969626,,-0.0298011148988,0.503615227246,,0.719781809315,0.776356474064,,1.45405512448,2.10531950297,1.19624987691,0.192483103786,0.32235944996,1.28198895094,,,1.72179747797,0.809055906304,-1.88938575652,1.68444182961,0.74327433278,2.0972046221,,,5.03468784497,,,1.26139057087,0.564550240574
FATM04B,"HLA-B",ENSG00000234745,11.319193,1.06376281541,,3.67139037721,1.28419123403,3.4946376496741713,2.34074573506,2.47876750165,0.427324112746,0.966086699963,3.79185726936,,,,,0.614146707205,-0.696561871066,-2.14838152771,,-3.39622576404,-0.415533086318,1.17524219594,,0.308756065805,1.38714071502,,1.70584687691,0.435192999168,,1.93701211895,3.03335661975,2.46302300251,1.06795730325,1.57316399468,3.1477842229,,,3.62902868086,1.16606546438,-1.35928631564,2.38956978939,1.82545730989,3.28267864629,,,5.1418304231,,,0.945448086405,0.888291896648
FATM04F,"HLA-B",ENSG00000234745,6.996755,-0.0745102333717,,0.766884694221,-0.880841276494,3.551810452182106,0.47459684955,0.919252897805,-1.71728783452,-0.814527972738,2.1470712453,,,,,-1.10522041578,-2.81095937391,-3.32395857061,,-3.66633791347,-2.82823102095,-0.765403766805,,-2.59549671843,-0.216032880716,,0.180810870219,-1.08716125927,,0.669986417822,2.11085673922,1.17751982339,-0.516309849694,0.262883612616,1.28116168381,,,1.23429950083,-1.19303481833,-2.37974357892,1.49703640234,-0.0732169526617,1.13799077951,,,5.21697959685,,,0.156544835665,-0.300290548204
FATM04,"HLA-B",ENSG00000234745,11.846582,0.934884116387,,3.22165348348,0.874765213263,3.656781784237357,2.0217762727,2.28094163276,-0.0497492547227,0.637495868577,3.67688343513,,,,,0.272140435214,-1.14210022467,-2.52972616051,,-3.55264080158,-0.996289329532,0.836642090093,,-0.305458078852,1.0890123322,,1.47548450615,0.202106203042,,1.76773810722,3.00884797213,2.33736268381,0.754979329905,1.37470930907,2.9319356874,,,3.32539955684,0.69134588504,-1.67860956164,2.35744892604,1.53593360588,3.02182099628,,,5.45732236445,,,0.819835868351,0.654972784118
GLYC22,"HLA-B",ENSG00000234745,1.698211,1.20555119328,,3.4491234088,2.61279453785,0.33141762190061896,2.86915584605,1.83103871652,1.80119061684,2.49943825239,3.51690924348,,,,,2.56000961705,1.9420370915,2.68427101508,,-0.925872267818,2.9157351496,1.51893951306,,0.0984109432955,0.962639542946,,2.48946043859,0.648039019496,,0.0600548212345,2.20029325383,1.54132158414,1.20664368169,1.62508762176,2.62225762576,,,5.19565152856,3.75187378717,2.5410813412,3.08082849972,1.8752055441,2.41333974028,,,2.46222979469,,,0.80271373222,-0.588849741632
HEIG02,"HLA-B",ENSG00000234745,6.925440,-3.19104098463,,-1.09093507619,-3.84436829743,1.5036545624272932,-1.25082027185,1.80706050714,-1.9505345752,-2.99763368439,-0.741078585332,,,,,-3.18065251877,-3.69762158001,-4.25487263007,,1.16097391927,-3.3566673019,-1.87279021979,,-1.16089662642,-2.01678625394,,-1.53426209293,-0.856541022459,,0.0253542703126,0.923848160361,-1.2389008497,0.892820951041,-2.02584912589,0.52045547112,,,-1.22671269814,-3.05046878323,-3.30337226227,-1.15416508529,-1.78395238232,-1.37359113848,,,1.91896433537,,,-1.56313008808,-1.02141602178
HEIG03,"HLA-B",ENSG00000234745,27.265840,-0.706672307747,,-0.499172414106,-4.05040307337,0.1022450759341317,-1.75457684008,3.5312849384,-3.80695564318,-2.61272181415,0.94826023084,,,,,-4.84797614648,-5.43808494656,-6.26592808718,,4.04745973263,-5.24440296497,-3.65467950684,,-1.49188846639,-1.54851900216,,-0.273316430773,0.218978662851,,1.66300765351,2.27881402048,0.776712073299,2.53543531322,-2.35172737182,0.903984535272,,,-0.739652249859,-5.47754061919,-3.98024575277,-0.115093327644,0.42695133014,-1.44759134013,,,2.98653329962,,,-1.50265187798,-0.887518533776
HEIG04F,"HLA-B",ENSG00000234745,8.179700,-1.48322040034,,0.169727488522,-2.40170878592,-0.244282059489291,-0.945245433594,0.954277957244,-1.62259515042,-1.47188601587,-0.0384754156236,,,,,-1.908395276,-3.03538907865,-3.75054517386,,2.07211755212,-2.97400533104,-1.81828224687,,-1.26545154591,-1.36357470263,,-0.457279540291,-0.394159301043,,-0.176479665253,0.106012000394,1.16847085674,1.04501892893,-1.48938362114,0.776101757835,,,-0.780532080272,-3.73506707762,-2.46272382061,0.45669510316,0.4775398863,-0.936308218833,,,1.03234331896,,,-1.26402711716,-1.32901400347
HEIG04M,"HLA-B",ENSG00000234745,10.257369,0.944109698441,,0.245362094319,-1.69573347417,0.1305182775844909,-0.887082130296,2.54020303735,-1.37154239976,-1.09435819621,0.0734120289166,,,,,-2.68112908211,-2.76264650791,-2.98549902685,,3.56440447718,-2.83011483485,-1.70431687476,,-1.02151854874,-0.301509317466,,0.467533874965,1.33104990473,,1.6705427339,2.30427941105,0.874065966911,1.28251664232,-1.16033279676,1.68070663583,,,0.850204775613,-2.45317046196,-2.12243233092,-0.0801011378229,1.12020569816,0.319778967591,,,1.81610659232,,,-0.973889877208,-0.194023377311
HIPC03M,"HLA-B",ENSG00000234745,7.990804,-0.830365263434,,-2.10917617684,-2.44684802458,0.013728180793324196,-1.46279400519,1.11581145087,-1.68653089074,-1.31823348386,-0.978188912708,,,,,-2.73653021381,-3.51311151613,-3.41561691279,,2.08345692781,-3.39527286248,-2.41366687684,,-1.46777731709,-0.365458093799,,-0.508569457804,0.584242364907,,0.191438607137,0.910645134725,-0.0662835044402,1.02607703642,-1.8219345889,-0.297937202392,,,-0.562513756581,-2.49228881261,-2.46355611723,-0.555929322742,-0.265791523707,-0.079694342608,,,0.847698352534,,,-0.172523501666,-0.247182736111
HIPC03,"HLA-B",ENSG00000234745,6.641114,-1.20091985489,,-1.72705280937,-3.08063461785,-0.2460507524611222,-0.685622198297,0.982564197571,-1.73435767974,-1.82018074711,-0.380310555387,,,,,-2.86487864143,-2.99219795462,-4.37309790419,,1.97056126027,-3.52759830169,-2.43961159446,,-0.969858613064,-1.03055777169,,-1.01589609793,-0.399232362402,,0.0962437773955,1.22907828789,-0.741764795261,0.604325178368,-1.34590155222,0.566208099064,,,-0.995308084317,-3.01250830626,-2.6150803407,-1.84287640104,-0.491340744881,-1.15040871148,,,1.0770554676,,,-0.367395506761,-0.752669662594
HIPC04M,"HLA-B",ENSG00000234745,7.888502,-0.819230882406,,-2.1669249898,-2.42571263073,-0.05481064337620596,-1.51936662283,0.882348283205,-1.64789209902,-1.36957194257,-1.13828855358,,,,,-2.70757998578,-3.53821450151,-3.33644975375,,1.92035441209,-3.34114722166,-2.51949767214,,-1.44864510245,-0.228539758094,,-0.48249685981,0.73078528232,,0.178363424682,0.884671815397,-0.0474575480257,0.809382208227,-1.78926166658,-0.325955922592,,,-0.891455235677,-2.57944867955,-2.42350102942,-0.487385890673,-0.267408711581,-0.327056125917,,,0.827733574322,,,-0.287142716366,-0.2518367291
HIPC04,"HLA-B",ENSG00000234745,6.614572,-1.00493527461,,-1.68704673832,-2.88599464422,-0.29893945963539026,-0.771879378099,0.81265915066,-1.61279425881,-1.81246751253,-0.584186054102,,,,,-2.75723105908,-2.86573944649,-4.19553011843,,1.8805163778,-3.43962459214,-2.44432646198,,-0.896026633376,-0.803810637134,,-0.856487157258,-0.254457214855,,0.0965481378637,1.20830917558,-0.727680516189,0.517265576059,-1.23686285949,0.530856534254,,,-1.03723927221,-2.79426063074,-2.43589926647,-1.74153023854,-0.419765346236,-1.21260182731,,,1.03879113665,,,-0.402222147089,-0.676560069741
INFB01,"HLA-B",ENSG00000234745,8.528811,0.623254350754,,-0.407028720463,2.45905269937,-0.05601402133184087,-2.57773661613,-0.717631260102,-1.41580883603,0.654780873743,0.394044391587,,,,,1.6933618371,0.767301425026,1.41991762985,,-1.70522367954,,4.5439466568,,0.566404998302,3.29903252979,,-0.602299610611,-1.17608586937,,2.71823674286,1.38066904933,-0.0091577099273,-0.568085402909,2.0773652027,-2.12946867666,,,-3.8154124924,0.795442640781,1.49784629746,-2.61162853538,-1.10526113494,,,,0.0285985705157,,,-0.658550321715,1.31997184277
IRON02,"HLA-B",ENSG00000234745,6.814826,2.21897223683,,3.606724924,3.56704859987,-1.6247853607904092,0.575406498795,2.09295605729,4.12756209679,3.06185339246,2.69931462945,,,,,3.48979518044,3.40134244839,3.96018763494,,0.393749155019,3.35399897169,3.40996042418,,0.750821652435,0.523776648956,,2.98941069622,2.24092444612,,1.19911918809,2.63188506998,2.38584747774,0.815728467339,3.5788637848,0.868563462517,,,3.36865930351,5.85879369228,3.09657940564,3.59810981643,3.31567299096,2.83220459935,,,-1.32389284176,,,2.14674547361,1.04966231494
IRON03,"HLA-B",ENSG00000234745,5.314070,-1.26174828262,,-2.70903334449,-2.16134808357,2.2275658748593257,-0.69692079193,-1.91451542028,-3.89143563796,-1.63799237568,-2.93606748218,,,,,-2.55607769275,-2.24167749601,-2.40272976416,,-0.183523395453,-2.74708097573,-2.46498510048,,-1.2272232797,0.631156605448,,-1.26270478003,-0.342384062503,,-1.97368458251,-2.48316587801,-0.515133968679,-1.3539115267,-2.81413100406,0.285687852812,,,-1.94147441414,-4.72780774878,-2.13858391751,-2.49953031042,-1.49396677798,-2.41971083961,,,0.140328140944,,,-0.640173897026,-0.252425067622
LEAN04B,"HLA-B",ENSG00000234745,34.475617,-3.20561093903,,2.17306971307,-4.21942496825,6.292432325551585,-1.82647752832,2.77464671592,-4.88995470516,-3.57145692786,0.850630711855,,,,,-3.54707308279,-7.00367263989,-7.54570447296,,-2.05572433261,-5.70034098113,-4.26195824015,,-4.67515614168,-3.19147290865,,-1.64031130191,-2.4468205213,,0.613589931338,1.79401892851,1.07194985071,-2.01113678742,-2.94773419896,1.12055458061,,,-0.817474878174,-3.93775557802,-6.07653345116,1.36951999149,-0.440576486208,0.423199390551,,,10.1216947939,,,-2.58475645685,-5.13219063664
LEAN04F,"HLA-B",ENSG00000234745,17.029030,-3.00019656423,,0.522891445131,-4.04839500483,4.536202722418218,-1.80382060368,0.445407322596,-4.96609760378,-3.77420930837,-0.182371847535,,,,,-3.26632966733,-5.88461162545,-6.04483223082,,-2.36870281394,-5.18672810588,-3.69635044298,,-4.49198272253,-3.62725400436,,-2.41565002352,-2.60031229912,,-0.378785848505,-0.253555402429,0.0899549277389,-2.55285389779,-2.77456392745,0.147548916042,,,-1.6592716579,-3.73829204518,-5.75531595171,0.241666934659,-1.11200715885,-0.241697158052,,,7.51724741022,,,-2.97565484659,-4.7817677349
LEAN04M,"HLA-B",ENSG00000234745,19.058449,-1.52142222015,,3.12519165949,-1.86544708388,4.858618153387162,-0.730561538158,4.30913433387,-1.77271994144,-1.09075879345,1.76415352614,,,,,-1.75352855033,-4.2468219002,-4.98740881724,,-0.350006433231,-2.90564975288,-2.42022789986,,-2.04900351023,-0.620922902887,,0.446403149823,-0.730384655165,,1.60826476386,3.54453473191,1.77316031447,-0.0158801895178,-1.37466098558,1.77787117036,,,0.852969681029,-1.79142169282,-2.77639711285,2.09065769979,0.762850711034,1.08387988015,,,7.5070100959,,,-0.448484053462,-2.46093028581
LEAN04,"HLA-B",ENSG00000234745,31.921978,-2.63484576654,,2.89743767136,-3.43778751539,6.147486844730664,-1.54354136271,3.88643931451,-3.7889306523,-2.656275734,1.34915223613,,,,,-3.02993142215,-6.24273717503,-7.01484456886,,-1.25542605996,-4.82552056195,-3.72811129875,,-3.73644476511,-2.30537768464,,-0.755801493547,-1.7879744863,,1.25243392201,2.96838730756,1.54512347496,-1.17345266414,-2.45119811334,1.59252194286,,,-0.0905631103132,-3.27746989225,-5.0310947654,1.87778682741,0.145883915456,0.809690031522,,,9.75443848985,,,-1.78737803267,-4.29432267968
LEAN05B,"HLA-B",ENSG00000234745,29.466190,-3.07696803617,,2.13977199737,-4.17060927841,6.333980002660947,-1.801043107,2.736656395,-4.79697558339,-3.6026452743,0.951282016246,,,,,-3.53743216582,-7.0194801511,-7.5077814578,,-2.16324273492,-5.69441371373,-4.20885057713,,-4.63872149509,-3.10899445959,,-1.6065247769,-2.45308987643,,0.617981707862,1.77647022747,1.14394010268,-1.94540967566,-2.90058009317,1.16695446658,,,-0.764562044477,-3.83885743218,-5.95692022019,1.40361708373,-0.448359386321,0.534618206958,,,10.2200668998,,,-2.50038826615,-5.03399248944
LEAN05F,"HLA-B",ENSG00000234745,17.441952,-2.84387733552,,0.527201496431,-3.98849887423,4.5922631573323915,-1.77166583307,0.456909516403,-4.85237544335,-3.79154285921,-0.0140393102663,,,,,-3.22987315814,-5.92084845017,-5.99910146153,,-2.47300489086,-5.1661493687,-3.60424539483,,-4.42737373702,-3.5368056881,,-2.34590269941,-2.59768160085,,-0.330408919272,-0.239480036752,0.198455047092,-2.46373204575,-2.69357639013,0.237925864015,,,-1.5638123488,-3.61366131015,-5.60376352363,0.335763603386,-1.10938746054,-0.117171820818,,,7.6695904621,,,-2.8789786268,-4.68069214726
LEAN05M,"HLA-B",ENSG00000234745,16.986657,-1.51272427727,,3.08414406748,-1.8626435643,4.878515158761788,-0.73013189824,4.25832913549,-1.76369617907,-1.11729896159,1.72271714188,,,,,-1.79001086463,-4.2375767511,-5.00305931445,,-0.389731002378,-2.92834621181,-2.46150091386,,-2.07479445706,-0.592593212097,,0.421461236508,-0.742438510103,,1.56299132019,3.52454308522,1.76407588664,-0.0137449035985,-1.4053522346,1.74843783701,,,0.826748385705,-1.79028267219,-2.77692327766,2.03634683375,0.755429280714,1.11806936402,,,7.50374952946,,,-0.425869076146,-2.43059458636
LEAN05,"HLA-B",ENSG00000234745,24.393629,-2.56837362944,,2.86299630085,-3.41932485773,6.1843306965719025,-1.53173542983,3.83271849869,-3.73459171092,-2.70569955232,1.38081474961,,,,,-3.04237120239,-6.25689396938,-7.01123662325,,-1.36053530009,-4.84248002193,-3.7286373283,,-3.73608548266,-2.25626931,,-0.75667295026,-1.81431227287,,1.23193189093,2.9450301665,1.58794777274,-1.14016999803,-2.44456383641,1.60654176326,,,-0.0716075812658,-3.21869832146,-4.97965472613,1.87608787023,0.131536714746,0.896277083002,,,9.82143708308,,,-1.7322515756,-4.22998672368
LEAN06B,"HLA-B",ENSG00000234745,49.241444,-3.62560332947,,2.92297377269,-5.58416263174,7.512315894855831,-1.60550775738,4.0928335805,-5.47894055277,-3.8391204269,2.12825040176,,,,,-4.56754711723,-7.85591588728,-9.43312482756,,-2.05760563574,-7.17016549551,-4.32820509537,,-6.22994574168,-3.85110352687,,-2.03326451344,-2.81663356285,,1.34750203297,3.87760619847,1.65610465658,-2.61785339518,-3.25031514844,2.16778775903,,,-0.639270990547,-5.47383596888,-7.20826700559,2.55065894633,-0.574702406389,0.79986914206,,,12.8801600307,,,-3.60454149893,-6.10130502539
LEAN06F,"HLA-B",ENSG00000234745,29.418688,-3.16593509032,,1.55721587032,-4.91906275433,5.939180895808575,-1.77483193543,2.144688434,-5.19394547536,-3.85496798426,1.55791189109,,,,,-3.96290283839,-7.06824850924,-7.76483186566,,-2.71839929712,-6.68303160542,-3.74661663339,,-5.87039707088,-3.42969323548,,-2.26082951639,-2.95579706744,,0.253684847298,2.65741949189,1.09999700826,-2.69653264564,-2.55539584604,0.86501897542,,,-1.12181988546,-4.92395159833,-6.27794211482,1.78384698078,-0.968838522267,0.543949129875,,,10.3779916888,,,-3.01337991542,-5.11226871685
LEAN06M,"HLA-B",ENSG00000234745,25.186126,-2.10474905585,,3.26148045974,-3.17522572171,5.334797909724492,-0.346681059737,4.62098829814,-2.54057323711,-1.44000410468,1.70977650992,,,,,-2.6929291244,-4.23479277431,-6.21990676152,,0.254375994502,-3.50220455824,-2.5613210279,,-2.94203956732,-2.13138488844,,-0.419271189226,-0.856593360879,,2.22538151309,3.39303354661,1.50523125685,-0.872425121409,-2.33053776596,2.87167174123,,,0.514538024792,-2.95142373539,-4.20915030282,2.17545027027,0.397774314076,0.704704638746,,,8.84032191087,,,-2.3030221157,-3.88127319284
LEAN06,"HLA-B",ENSG00000234745,46.025871,-3.31149715131,,3.36918991536,-5.06801114879,7.248990393311099,-1.22521476138,4.72903775279,-4.70781855818,-3.12213066639,2.17280123392,,,,,-4.16683440623,-6.94979383959,-8.91801035129,,-1.17502389606,-6.21341678111,-3.9382223039,,-5.33750043811,-3.47894425255,,-1.50549478967,-2.22363714853,,1.89494460736,4.12381351711,1.7881426044,-2.08589216378,-3.16418230212,2.70108856953,,,-0.234576649522,-4.92977839647,-6.58782693,2.65234285091,-0.188386843891,0.895657691051,,,12.3441293933,,,-3.39931085177,-5.7108884378
LUPU01,"HLA-B",ENSG00000234745,51.363883,-6.48073888375,,-4.42690982707,-3.03466017676,7.7510648630085255,-9.67014980316,1.75974065616,-3.95256128633,-3.9965670412,0.217425173353,,,,,4.58781939757,-8.36162296947,1.21020180249,,-5.77053499222,,2.34775208097,,0.270781934261,3.16363820996,,1.57736655958,-4.70083571812,,-3.23529837937,-1.81994067748,1.78709467618,-2.98069598441,-4.74549409895,-4.71132346467,,,-0.962135967669,0.184309720993,-8.14307541514,0.33547782569,3.05557354486,,,,12.2607128489,,,5.40184607835,-11.9340482954
PRSC01,"HLA-B",ENSG00000234745,87.827747,-6.8111394352,,15.6870637601,-2.97025372352,9.06420791585563,-4.1004504132,4.18707491108,-3.91755032191,1.33995759649,8.81767271687,,,,,2.55330285455,-6.1398481713,-6.10663181051,,-1.06022297588,1.43868455631,-5.586126777,,1.74215241252,-8.97465688503,,7.31950400435,-7.34595829568,,12.991203298,8.56960618059,5.82343640807,-2.15877294456,3.49631325027,0.391928071514,,,5.33243669767,-5.49540666472,-7.03956360233,9.27260713824,0.981513509603,4.60053357415,,,16.8831177947,,,-3.93776772979,-10.3928101462
RHEU01,"HLA-B",ENSG00000234745,77.896984,0.650098350179,,-0.330805982025,5.57449105729,-4.868740859426226,-6.06643910228,5.64691618325,5.46749779467,4.50779457633,1.46869750748,,,,,3.47843219918,4.76518572581,9.95754718472,,7.24895471946,10.7186115712,13.9766650307,,10.0096358638,7.28694754729,,8.19948817097,8.40142638116,,7.60702151608,1.88113052719,-3.9552610867,7.99160299292,5.34263936707,-0.972219244703,,,9.20482675556,9.31215235566,9.75422151287,4.91213915246,3.90497727953,-12.5156936583,,,-10.5584344545,,,9.54292964808,8.59781642275
RHEU02,"HLA-B",ENSG00000234745,75.437148,0.650098350179,,-0.330805982025,5.57449105729,-4.868740859426225,-5.88414513846,5.47083988335,5.28635038507,4.48783530733,1.97724742661,,,,,3.47843219918,4.76088672164,9.9881176371,,7.05953002849,11.4519315919,14.0615065208,,10.0096358638,7.51282568962,,8.19948817097,7.49698152767,,7.60702151608,1.83522277712,-3.92904536814,8.87551766834,5.34263936707,-0.972219244703,,,9.25168916114,9.52260482333,9.7855317492,4.99663822435,1.8390169543,-11.8597058859,,,-9.87252054301,,,9.54292964808,8.58479325329
SCHI01,"HLA-B",ENSG00000234745,19.558603,1.2941200851,,-0.456886449959,-1.76776124763,-2.0157469872528986,2.4174425602,0.569641495367,0.859124921831,-1.56878594082,-0.158198982477,,,,,-2.37278265513,3.03392932858,-0.351048608465,,3.34717392921,,-0.172378345636,,-0.201381862164,-2.44712427178,,-1.66551031673,0.022114743145,,1.25874139188,1.72222426277,-2.58240952553,0.292355049149,1.07799369716,-1.56403992192,,,-0.25268108182,0.569819688797,4.15166095802,-2.7185237869,-2.24368266757,,,,-4.40759539013,,,-3.3727751563,6.12934541576
SCHI02M,"HLA-B",ENSG00000234745,15.253374,1.93714624872,,0.22395449513,-2.00202118843,-0.6889614172751469,3.2857811451,0.174853565436,0.702275414928,-2.12232080783,-1.68137500446,,,,,-1.85380517736,2.05123386776,-0.876319529497,,3.08875083923,,-0.374257679362,,-0.469237327576,-2.47435220148,,-0.993711696433,0.297309593947,,1.24181869883,1.93892020353,-2.06276392592,0.0293331919035,1.07039230077,-1.16876618498,,,-0.571704948418,-0.0996779575944,2.65752089108,-3.03962614018,-1.48841794241,,,,-3.63546364866,,,-2.07051099392,5.71113166566
SCHI02,"HLA-B",ENSG00000234745,17.221285,1.31715305656,,0.256322816866,-1.94177003112,-1.9487327746619025,2.32728695869,0.926962722283,0.882035010558,-2.12752785846,-2.23189333872,,,,,-2.29145320836,2.70260099607,-0.275725245172,,3.33748602867,,-0.135051577366,,-0.257749825716,-2.54546605925,,-1.70241287664,-0.190676318635,,1.50533782303,1.85616272069,-2.43668892657,0.268341373817,1.46385607294,-1.31875450401,,,-0.625179744021,0.569819688797,3.92795469884,-2.79566307272,-2.46446774123,,,,-4.44390893029,,,-3.51036115071,5.99544422166
SCLE01,"HLA-B",ENSG00000234745,12.636501,-2.13452291489,,-4.15053415298,,3.9726669098629652,,-0.818012147542,3.07641146814,,-2.15464019775,,,,,,,,,-3.29902386618,,,,,9.82770061493,,-0.116697214544,1.77792853259,,,2.77242708206,-5.1994304657,-5.42045994787,-0.738328554792,2.0771253109,,,0.937405407078,-4.10794210434,-5.09216403961,4.73762117932,,,,,-7.45620536804,,,,
TRGL03,"HLA-B",ENSG00000234745,10.451463,4.07537498562,,1.88354614653,4.75879069883,1.5082947639383855,0.852406455355,0.978991087348,3.34705679116,4.29013792218,2.52989299589,,,,,2.35094536304,5.9410952155,5.81010107804,,0.685006377734,4.79276108887,3.24802825212,,2.21320574304,6.52607409639,,3.6557741111,3.60045171269,,-0.54512077894,-0.57462294416,0.26149290847,2.72630570814,2.95463602988,1.87665495548,,,3.60228854882,4.96925871489,5.42951453503,0.846232088892,1.89359717471,0.00851886278227,,,-3.60928288895,,,4.12577517139,3.45542456322
ULCC01,"HLA-B",ENSG00000234745,11.178532,-3.29196855858,,-4.30609416006,-1.87579664891,0.014869733089286831,-3.5916428566,-4.33426596424,-3.91484155356,-3.56493088086,-0.328198136419,,,,,-1.07573070252,-2.19503860947,-0.425351635057,,-3.33356714249,,2.4130027152,,-1.44877648354,6.20375878743,,-4.02200307659,-3.73331630786,,-0.305839580606,1.37416121177,-3.21462529151,-5.14586651026,-1.25210486435,-5.28279441686,,,-6.66150490457,-1.59193193913,-0.996513636016,-4.68002469953,-4.13416842834,,,,2.49632632499,,,1.03980550624,-1.32325756257
WAIS03M,"HLA-B",ENSG00000234745,5.818271,1.3972930801,,-2.19457474385,0.0276448727538,0.9562443345213599,0.19151545007,0.624625382908,0.266670143457,0.339173852113,-0.993852637044,,,,,-3.00532836314,-0.784774660835,-0.521392195907,,1.59289232393,-1.41678188392,-0.466656940583,,-1.49793341402,2.01272870081,,0.827051618161,1.07316993853,,-0.966785231212,-1.68369494635,-0.513662948904,0.309614141389,-1.75945601383,0.39349536028,,,-0.163448066857,-0.930753584105,0.142942185208,-1.0015858144,-0.797911960424,-1.50304063554,,,-1.62023816133,,,0.199609820398,0.162604166441
WEIG04F,"HLA-B",ENSG00000234745,5.946960,-1.47394224185,,-0.110385282816,-3.12181726101,1.8257879567104622,-1.47074103676,0.0477764767678,-2.88905513034,-2.33057649281,-1.49574268038,,,,,-3.68280094856,-2.99612707721,-4.24064115471,,1.15546515322,-3.52259506142,-1.62770871537,,-0.161908025384,-1.63960102284,,-1.72671187303,0.120667376968,,-0.113767738779,-1.20919336835,-0.503113678848,-0.1190693391,-2.19533688816,-0.283992424565,,,-0.819828007152,-3.70231475485,-3.55424395023,-0.937980096439,-0.612802302191,-0.197977106163,,,3.38338282111,,,-1.64475594916,-1.5311654213
