code,target,ENSEMBL,association,Adipose_Subcutaneous,Adipose_Visceral_Omentum,Breast_Mammary_Tissue,Muscle_Skeletal,DGN_Whole_Blood,Whole_Blood,Artery_Aorta,Artery_Coronary,Artery_Tibial,Heart_Atrial_Appendage,Heart_Left_Ventricle,Spleen,Brain_Amygdala,Brain_Anterior_cingulate_cortex_BA24,Brain_Caudate_basal_ganglia,Brain_Nucleus_accumbens_basal_ganglia,Brain_Putamen_basal_ganglia,Brain_Cerebellar_Hemisphere,Brain_Cerebellum,Brain_Cortex,Brain_Frontal_Cortex_BA9,Brain_Hippocampus,Brain_Hypothalamus,Brain_Spinal_cord_cervical_c-1,Brain_Substantia_nigra,Nerve_Tibial,Cells_Transformed_fibroblasts,Cells_EBV-transformed_lymphocytes,Colon_Sigmoid,Colon_Transverse,Esophagus_Gastroesophageal_Junction,Esophagus_Mucosa,Esophagus_Muscularis,Liver,Minor_Salivary_Gland,Small_Intestine_Terminal_Ileum,Stomach,Adrenal_Gland,Pituitary,Pancreas,Thyroid,Lung,Ovary,Prostate,Testis,Uterus,Vagina,Skin_Not_Sun_Exposed_Suprapubic,Skin_Sun_Exposed_Lower_leg
APOL01,"DOCK7",ENSG00000116641,6.108814,-0.949207141233,-1.36803770593,,,4.12448831111153,3.70113718486,3.02967335898,,4.25497587613,0.329349263867,,,,-1.41064727436,,,,,,,-1.21047208531,,,,,,4.33435773938,,,,-1.34246383575,3.01934104073,,,-0.0965843674989,1.33994781642,,,,,0.386017791985,3.94632552476,2.90093390531,,,,,3.84852691412,4.2929976921
APOL02,"DOCK7",ENSG00000116641,12.732687,-0.41310300715,0.579421284095,,,5.245416671767284,4.91074683807,4.43432806376,,5.02900394061,0.601259232413,,,,-1.42105372584,,,,,,,-0.490205911089,,,,,,5.27263431471,,,,-0.771591074426,2.61554433577,,,-0.760629273378,1.30301572323,,,,,0.621763475584,5.16391920588,4.59962699866,,,,,5.26999320449,5.63195952568
BLOO01,"DOCK7",ENSG00000116641,9.616885,-0.925148096461,-0.626428066466,,,-5.505843623941903,-5.30215952161,-3.88667066155,,-5.46771261789,-1.61841404263,,,,1.57709057993,,,,,,,0.721815356669,,,,,,-5.26175771999,,,,-1.08790854543,-2.70076122234,,,-0.384656590927,-0.491720160304,,,,,0.0465635122443,-5.39907083461,-3.15853286876,,,,,-5.34511026882,-5.48462305709
BLOO26,"DOCK7",ENSG00000116641,6.171953,-0.817471460297,-0.992333933581,,,4.092401772661797,3.15622829208,3.88016350692,,3.45659367172,0.804988661361,,,,-2.11107470782,,,,,,,1.42270356856,,,,,,3.16071435043,,,,0.688800898172,1.57905589708,,,-0.202006098237,1.36350826786,,,,,1.62174962656,3.73167679964,3.95217853701,,,,,3.582185984,3.38784850977
BLOO27,"DOCK7",ENSG00000116641,6.380302,-2.06440637965,-1.46162892994,,,3.408268970984242,2.34207542032,3.11175211825,,2.69965330101,1.39338264249,,,,-1.84090086123,,,,,,,1.54743464037,,,,,,2.297078798,,,,0.879432416468,1.59303776211,,,0.203973316597,1.17552372282,,,,,1.7450180317,2.75061255503,3.80545106819,,,,,2.64363312962,2.43220625947
BLOO29,"DOCK7",ENSG00000116641,9.536286,-0.173546667808,-0.0367227386638,,,5.0997255727831226,4.86400305853,3.74052002283,,5.06780235143,1.93580756575,,,,-1.17150624129,,,,,,,-0.278243064476,,,,,,5.05706438354,,,,0.819766631119,3.40288264414,,,0.568727720788,1.46162012724,,,,,0.942796124935,4.95393259359,3.11719759643,,,,,4.88065746301,5.26099993011
BLOO34,"DOCK7",ENSG00000116641,27.034149,1.17817592236,0.268026899686,,,11.849810779345358,11.1181573184,10.0525141081,,11.9886575003,2.65121747821,,,,-2.22640949963,,,,,,,-0.82022862201,,,,,,11.8811312029,,,,0.274412359117,7.5662119013,,,1.49748144975,4.90969906122,,,,,3.04833948518,11.8890954594,8.44786423722,,,,,11.6794664545,11.8589645216
CHOL03,"DOCK7",ENSG00000116641,16.365976,0.607193068352,1.63503053855,,,6.330709126933119,5.6387779791,4.47198247341,,5.53544743613,0.757790086241,,,,-2.434597411,,,,,,,-2.16940166397,,,,,,5.90148248094,,,,-1.03142711131,2.00075961743,,,-0.000138020945894,0.957192060495,,,,,-1.17861193102,6.33155357906,4.85833022855,,,,,5.89774448211,6.5562034732
CHOL06,"DOCK7",ENSG00000116641,17.007977,0.345803606267,1.57533992971,,,6.665698396122329,6.00185606251,5.25672427268,,6.16682321221,0.913645891113,,,,-2.2586147229,,,,,,,-1.84103114101,,,,,,6.25476785784,,,,-1.13236242903,2.06801745827,,,-0.479951107522,1.18024175557,,,,,-0.883024878669,6.60405427916,5.31430532985,,,,,6.4085721629,7.03591642083
CHOL11,"DOCK7",ENSG00000116641,9.049630,0.605154816714,0.834902044394,,,4.457290130722856,4.38042267629,3.87545497321,,4.5090830468,0.460289954267,,,,-1.09036476153,,,,,,,-0.491765177966,,,,,,4.6775842705,,,,-0.815987053258,2.87119901677,,,-1.10747040419,2.17519341472,,,,,0.577166254026,4.14820524473,3.73711447163,,,,,4.30226410761,4.88590282349
CHOL14,"DOCK7",ENSG00000116641,19.202767,0.966001711874,1.91769713512,,,7.001865679890153,6.44893332929,5.54699852817,,6.25974382981,1.49490608871,,,,-2.50823221388,,,,,,,-2.36214308197,,,,,,6.84377872182,,,,-0.832328903112,3.221112016,,,0.182478011044,2.32638965973,,,,,-0.445962284439,7.01043002648,5.49271949107,,,,,6.55224494092,7.47963923125
CHOL16,"DOCK7",ENSG00000116641,20.056248,0.903611043864,2.1047145796,,,7.3963312253660645,6.83180568333,5.85278057594,,7.02517534672,1.28804164054,,,,-3.00663032589,,,,,,,-2.46270238936,,,,,,7.29141942376,,,,-0.907931760441,2.96108770635,,,-0.040521294426,2.05183777089,,,,,-0.204452228881,7.55141047185,5.91012121277,,,,,7.08236227827,7.90215718008
CHOL17,"DOCK7",ENSG00000116641,15.422543,0.961417127631,1.59267843224,,,6.363800884838179,5.94946485566,5.44728092653,,5.99961047552,1.48117163212,,,,-1.74049369662,,,,,,,-0.890160759623,,,,,,6.31599187272,,,,-0.838163077045,2.4332922527,,,-1.14044606285,1.93201902402,,,,,0.283929816992,6.41887520974,5.14281729273,,,,,6.33090582294,6.92142097095
CHOL19,"DOCK7",ENSG00000116641,6.365654,-0.307654630694,-0.353224219788,,,4.467420880454013,3.58624566675,3.68890054936,,4.50482632501,0.57936863512,,,,-1.32479538338,,,,,,,-0.894919918144,,,,,,4.25111022018,,,,-2.53653157583,2.9988161747,,,-0.626339570081,1.56638185599,,,,,0.238402514117,4.03446563298,3.0761398422,,,,,4.35464122461,4.58493521518
CHOL20,"DOCK7",ENSG00000116641,9.317413,0.173677195413,0.45914757044,,,4.806488702365766,4.66257959452,4.24765213399,,4.7880673015,1.13747393696,,,,-1.67208037856,,,,,,,-0.715503915106,,,,,,5.00845768228,,,,-1.11942590962,2.71410643057,,,-1.26827920675,1.88724070009,,,,,0.940525042186,4.61322625892,4.1133796252,,,,,4.75865749192,5.31026715065
CHOL21,"DOCK7",ENSG00000116641,42.863216,2.41046084442,-0.387634229949,,,13.483478709955472,8.97428369755,10.7624815654,,13.9716049095,3.45872694654,,,,-2.61767130303,,,,,,,0.58278766182,,,,,,13.7178841368,,,,2.6395339867,7.80384525446,,,1.0808747184,5.16606825661,,,,,2.47908106533,13.6997269065,8.55237577506,,,,,13.7358354239,14.2538905125
CHOL26,"DOCK7",ENSG00000116641,17.156132,0.5138240076,1.57356158189,,,6.628443447320062,6.21277965541,5.48729772579,,5.98536793868,1.32285609466,,,,-2.10252695764,,,,,,,-1.94713969504,,,,,,6.3969400831,,,,-0.969071161067,3.43702963136,,,1.40421334923,1.86429972357,,,,,-0.00554861449464,6.50236081923,5.40170421955,,,,,6.09892543906,6.93434670358
CHOL27,"DOCK7",ENSG00000116641,18.535451,1.31854073774,-0.345068708202,,,8.479415915706634,5.60987383315,6.74039156315,,8.81824494604,2.45112253429,,,,-1.36230097145,,,,,,,1.09189902831,,,,,,8.6036560582,,,,2.09527161495,4.96571141259,,,0.63617839615,2.61687575303,,,,,2.20839867293,8.63603472974,5.53102725339,,,,,8.67953412652,8.98526407449
CHOL31,"DOCK7",ENSG00000116641,20.815223,0.764767954157,1.86506283244,,,7.577268806978921,6.95905788345,6.07929255641,,7.14933712817,1.20632046315,,,,-2.60022533545,,,,,,,-2.18085979729,,,,,,7.30478141395,,,,-0.949697912028,2.79262495203,,,-0.153987010073,1.69349596787,,,,,-0.576481160426,7.53374912921,5.82513109582,,,,,7.21498130586,8.00310347135
CHOL32,"DOCK7",ENSG00000116641,5.799834,-0.379952142436,0.717614632069,,,3.832089403936263,3.63285180944,3.62412682188,,3.7537399399,1.07150791686,,,,-1.55565254224,,,,,,,-0.721848276827,,,,,,3.89741696005,,,,-0.263341192626,1.65715397195,,,-0.682045502957,1.19226406329,,,,,0.981417484551,3.60986227496,3.79297651936,,,,,3.78453559302,4.27649243818
CHOL33,"DOCK7",ENSG00000116641,14.631044,0.574346497915,1.27845118498,,,5.874838858509547,5.46389686026,4.83848390205,,5.63808583584,1.24575976089,,,,-1.88105344831,,,,,,,-0.9374120474,,,,,,5.73303771572,,,,-0.978707194108,2.59003532119,,,-0.930582765236,1.87651343634,,,,,0.0119668992175,5.66974724353,4.61365831753,,,,,5.66355337528,6.32865445986
CROH01,"DOCK7",ENSG00000116641,5.746420,-0.694110539125,-1.03504137631,,,-3.971274521639373,-4.32912527342,-3.74689995549,,-3.8072162921,-2.92079669569,,,,0.900483663248,,,,,,,0.0214212442663,,,,,,-4.12788793823,,,,-0.0111263634579,-1.97879338168,,,0.0713538422882,-4.2934179449,,,,,-2.09699544911,-4.61573030484,-4.1882111083,,,,,-4.37831553512,-4.26194239367
FATT18,"DOCK7",ENSG00000116641,14.758802,-0.362000558847,-0.35138634305,,,6.98027030169589,5.77112694061,5.55441650475,,7.12700669489,0.895601403864,,,,-2.19594521356,,,,,,,-1.35876233946,,,,,,6.66304923171,,,,-2.00808021825,4.33791306797,,,0.291841455288,2.03372277846,,,,,-0.325746137727,6.64283428664,4.27184951807,,,,,6.75386199901,6.99011441743
FATT25,"DOCK7",ENSG00000116641,15.164126,-0.282006704688,-0.371859412073,,,6.421420211202301,5.22765241056,5.10037496072,,6.3762485802,0.739569968308,,,,-2.14527944179,,,,,,,-1.51413914519,,,,,,6.08988865152,,,,-2.55727093595,4.00674049582,,,-0.111314366793,2.20933857905,,,,,-0.0944055067083,6.09544341878,3.89922888809,,,,,6.1697096886,6.42325078014
FATT26,"DOCK7",ENSG00000116641,7.016563,0.417605292505,0.266074240934,,,4.322153505714755,3.14693445912,3.08212882715,,3.83980678106,0.34086499493,,,,-1.67533402641,,,,,,,-2.3883743133,,,,,,3.95627664226,,,,-3.05702500394,2.29255473655,,,0.530524165433,1.25383979078,,,,,-1.09126232569,4.02445401993,3.30939079697,,,,,3.86357479989,4.50659308514
FATT29,"DOCK7",ENSG00000116641,6.520886,-0.489530723107,-0.818242977347,,,4.4173651081263605,3.5193832536,3.76557592337,,3.82381050624,0.661891468419,,,,-0.853951383374,,,,,,,-0.520239627594,,,,,,4.23691963546,,,,-3.92183934583,3.48162400131,,,-0.824810916976,1.38653063814,,,,,0.956962162789,4.08631471312,2.96347537,,,,,3.93867970725,4.39187714919
FATT31,"DOCK7",ENSG00000116641,11.127168,0.307312250963,0.115645754472,,,5.415360355700306,4.15331559249,4.07529296957,,5.06825870641,0.603111373215,,,,-1.87774771911,,,,,,,-2.19831046705,,,,,,5.06720045801,,,,-3.05105010586,3.18671861359,,,0.362780077598,1.7282719157,,,,,-0.696585470745,5.05754618693,3.8715838211,,,,,4.99647272798,5.54626163393
LIPI01,"DOCK7",ENSG00000116641,11.668755,0.435624060213,1.77982490647,,,5.307011892098049,4.80754753361,3.81909736973,,4.39108448901,0.198277774127,,,,-1.93314180893,,,,,,,-2.23191915323,,,,,,4.9316910794,,,,-0.636505826675,1.8386084638,,,0.372913427631,1.27550676663,,,,,-1.27876242695,5.22178387605,4.2639356166,,,,,4.83314144015,5.60271598395
LIPI02,"DOCK7",ENSG00000116641,7.048896,0.50428688898,0.882649990128,,,4.330659667863839,4.11678947071,4.05023553353,,4.16587141705,0.670867873249,,,,-1.31382375444,,,,,,,-0.194290965856,,,,,,4.35718488574,,,,-0.825480073189,2.15931108051,,,-1.25740028229,1.84751749424,,,,,0.704317278451,4.15041010351,4.04746148023,,,,,4.38072073878,4.74227039641
LIPI05,"DOCK7",ENSG00000116641,12.142408,0.275696656078,1.72622892675,,,5.336523937222142,4.50116408178,3.8977744988,,4.5538068023,0.515280076806,,,,-2.18205986473,,,,,,,-2.17986935448,,,,,,4.80373119611,,,,-0.980538495145,1.06694961402,,,0.0307642172863,1.0066642083,,,,,-1.15909091336,5.4653066875,4.44096405618,,,,,4.92489750158,5.56312528285
LIPI06,"DOCK7",ENSG00000116641,5.937380,-0.362632601721,-0.0700641758455,,,3.5431385907394226,3.27089605507,2.83483942856,,4.01634000119,-0.335647239838,,,,-1.43875233637,,,,,,,-1.35281610356,,,,,,3.97512373371,,,,-0.810972956783,2.66826037221,,,0.359530481741,2.88420493812,,,,,0.677150894376,3.55789948301,2.69853790319,,,,,3.50560326031,3.88019468266
LIPI09,"DOCK7",ENSG00000116641,6.619771,-0.268056069147,0.955526941336,,,3.915142043491082,3.69631009778,3.67483534324,,3.74575170688,0.767780751725,,,,-1.71640019124,,,,,,,-0.847906331116,,,,,,4.05153570869,,,,-0.477101273328,1.87089225168,,,-0.888672694446,1.30064902092,,,,,1.04018228161,3.76552736037,4.09097352507,,,,,3.92959768939,4.40317193682
LIPI10,"DOCK7",ENSG00000116641,13.813665,0.737790301632,1.78252146811,,,5.986175674958817,5.37576867618,5.03039164462,,5.44917683279,1.18328474838,,,,-2.09311930483,,,,,,,-1.14428041986,,,,,,5.68037833129,,,,-0.833498682928,1.6424503244,,,-0.787276298929,1.34055265862,,,,,-0.19244273759,6.04176199982,4.93925095364,,,,,5.90225381386,6.42041787897
LIPI12,"DOCK7",ENSG00000116641,13.462508,0.569840796318,1.94438461951,,,5.891855095610308,5.35365196106,4.62082364055,,4.97915245163,0.622089511243,,,,-1.76472939937,,,,,,,-2.19032169198,,,,,,5.59656491634,,,,-0.637365053122,2.29906122342,,,0.325159701578,1.40067163758,,,,,-1.13119911105,5.90883718565,4.70645302936,,,,,5.51566306667,6.22681335501
LIPI13,"DOCK7",ENSG00000116641,17.062949,1.23284822066,1.71372840071,,,6.971583628942534,6.40104810679,6.2148460559,,6.57286825121,0.996249871248,,,,-1.60745986544,,,,,,,-0.582701232842,,,,,,6.81523101294,,,,-0.920727225279,3.08070110457,,,-1.29869111388,2.42421783089,,,,,0.47134688537,6.90318198309,5.5910631065,,,,,6.83676830403,7.34795269267
LIPI14,"DOCK7",ENSG00000116641,11.834548,0.443877134202,1.79455465013,,,5.634743906108673,5.02210998778,4.52329838356,,5.14816054771,0.536837553576,,,,-2.27578035172,,,,,,,-2.21976852258,,,,,,5.27261978609,,,,-0.709760898862,1.09504011437,,,-0.188660180632,0.934439726727,,,,,-0.749442544527,5.9432345792,4.74011677472,,,,,5.47416290061,6.0083898882
LIPO01,"DOCK7",ENSG00000116641,8.630673,0.627256431476,1.02624669716,,,4.6958140174251435,4.43283611762,4.34477918902,,4.4957193062,0.647808928023,,,,-1.39574718914,,,,,,,-0.315812248325,,,,,,4.72591298543,,,,-0.751998624986,2.27434541184,,,-1.22918879857,1.91558091568,,,,,0.671900043148,4.56347711382,4.27514058448,,,,,4.74393000723,5.12188424278
LIPO04,"DOCK7",ENSG00000116641,20.041809,0.405748236463,1.17152269815,,,6.884877357133883,6.12562778819,5.39713349539,,6.24198005997,1.29457805347,,,,-2.32583472122,,,,,,,-1.92999683227,,,,,,6.60822172623,,,,-0.591351695745,2.59066815151,,,0.56864500118,1.41621398783,,,,,-0.253691278988,6.93930251666,5.44636696588,,,,,6.60545758336,7.17456022868
LIPO05,"DOCK7",ENSG00000116641,8.011040,-0.270078787638,0.196000142336,,,4.259142700186699,3.91607053837,3.44912309302,,4.68860111394,-0.275103064693,,,,-1.72422761785,,,,,,,-1.53126092258,,,,,,4.65394609067,,,,-0.733468364744,2.81710673549,,,0.226316664699,3.04209713019,,,,,0.639118527458,4.31369294448,3.24871623089,,,,,4.20275596607,4.64922453992
LIPO07,"DOCK7",ENSG00000116641,16.443661,0.723038376557,1.93012615816,,,5.809202928915833,5.33054133912,5.07199276639,,5.28524704267,1.26055064996,,,,-2.17561380264,,,,,,,-1.301324913,,,,,,5.65721250658,,,,-0.262466283844,1.60079548848,,,-0.128970245477,1.46867297189,,,,,-0.0591726641143,5.93272003344,5.10821954025,,,,,5.68828414135,6.31950999245
LIPO08,"DOCK7",ENSG00000116641,12.334194,-0.186049786222,1.11991245503,,,5.446740029888397,4.72633625333,4.09912690932,,4.90372980436,-0.318670805525,,,,-2.02795280839,,,,,,,-2.57020160169,,,,,,5.22495570565,,,,-0.810765813483,1.91338585101,,,0.373207836988,1.33242244441,,,,,-0.338083659872,5.33156464496,4.38278700924,,,,,4.90705132809,5.67266069938
LIPO10,"DOCK7",ENSG00000116641,7.805958,-0.0552390532658,1.01675396887,,,4.335600245046396,4.04402538161,4.01003666748,,4.14995354108,0.936974961046,,,,-1.75103229032,,,,,,,-0.776391453037,,,,,,4.46975346706,,,,-0.567662935826,2.07962289163,,,-0.952361291866,1.34938643006,,,,,1.10327626372,4.22471158651,4.33189470667,,,,,4.38029366987,4.82672101512
LIPO11,"DOCK7",ENSG00000116641,14.676892,0.77326066358,1.88485638226,,,6.13928856076686,5.50278697389,5.15229969703,,5.57221837945,1.15960033794,,,,-2.15257647341,,,,,,,-1.28056091659,,,,,,5.81920825691,,,,-0.74860914182,1.63700038038,,,-0.660140868965,1.29894848772,,,,,-0.205582033944,6.25538243109,5.02727415368,,,,,6.04590713294,6.56501074282
LIPO13,"DOCK7",ENSG00000116641,15.195254,0.115788253629,1.36571384348,,,6.019494915973235,5.2698074644,4.27434934096,,5.34066815133,0.469540441572,,,,-2.02342766739,,,,,,,-2.37658888059,,,,,,5.70925284057,,,,-1.22146379568,2.08931662353,,,0.110552036487,1.06036777085,,,,,-1.14408124576,5.86859827859,4.76166333786,,,,,5.55685040605,6.25817105867
LIPO14,"DOCK7",ENSG00000116641,19.627309,1.24255834154,1.86342006852,,,7.044994723230969,6.44209746096,6.2644614084,,6.62185094239,1.01892802786,,,,-1.68617177186,,,,,,,-0.703394275969,,,,,,6.8854090833,,,,-0.778422437578,2.93972076534,,,-1.22115791364,2.36086268378,,,,,0.41364760921,7.04039605886,5.65168165978,,,,,6.91921266363,7.4472015216
LIPO16,"DOCK7",ENSG00000116641,7.949852,0.506570759588,1.285195079,,,4.000755154011626,3.60063993436,3.21489488086,,3.59366515722,0.57032585628,,,,-1.79444898675,,,,,,,-2.39365110085,,,,,,3.89368648688,,,,-0.600437413125,0.595914755085,,,0.139796997213,0.370419734309,,,,,-0.897067523444,4.18781063837,3.59975095084,,,,,3.92731145929,4.54546439383
PHLI02,"DOCK7",ENSG00000116641,12.044303,-0.691411706816,-0.351017121367,,,5.73537355499012,4.44409409871,4.01752935625,,5.5090152265,0.260858877019,,,,-2.27459031874,,,,,,,-1.77299550114,,,,,,5.38721619599,,,,-3.48968519083,3.46098977424,,,-0.782192118037,1.84745779986,,,,,-0.478900772383,5.3440115039,3.7370209491,,,,,5.18315905001,5.88782765902
PHLI03,"DOCK7",ENSG00000116641,16.655529,0.946089922622,1.99684951541,,,6.342948330526287,5.89587802277,4.81574267474,,5.48721575749,0.0139659406927,,,,-1.85512145952,,,,,,,-2.83864555284,,,,,,6.1075013966,,,,-1.26493971236,2.44531947203,,,0.135115778609,1.88044664115,,,,,-1.08156823065,6.42051703972,5.00620674883,,,,,5.93404345037,6.69580460519
PHLI04,"DOCK7",ENSG00000116641,11.412940,0.697131781328,1.12276443054,,,5.125867624078621,4.99250234731,4.50493634692,,5.17080559838,0.467984858336,,,,-1.6258798686,,,,,,,-0.841181708002,,,,,,5.35936103082,,,,-0.753177724323,2.84164550053,,,-1.00868716423,2.37291565713,,,,,0.63363513599,4.99142482127,4.43574181004,,,,,5.06288500569,5.64668769604
PHLI07,"DOCK7",ENSG00000116641,16.885789,0.857219298368,1.86126988661,,,6.340605717860412,5.61625562125,4.63097748958,,5.61249771096,0.541421207839,,,,-2.37774366679,,,,,,,-2.45390291865,,,,,,5.93608642705,,,,-0.995406059297,1.87639816625,,,0.28661416343,1.72847550108,,,,,-0.968783540228,6.43202492081,5.25388595967,,,,,5.8730366419,6.67851322857
PHLI08,"DOCK7",ENSG00000116641,8.687780,0.269852269541,0.271518102798,,,4.8351510103809225,4.47679068366,4.0374455626,,5.14615275184,-0.117727595872,,,,-1.3531550616,,,,,,,-1.38952046349,,,,,,5.19868107992,,,,-0.961278720666,3.4355757569,,,0.0482916536459,3.08313633641,,,,,0.795202973755,4.88123640057,3.66100411828,,,,,4.76646104466,5.18749371175
PHLI10,"DOCK7",ENSG00000116641,18.121961,1.01057208547,2.09241739673,,,6.937970651058812,6.41533618526,5.53789231158,,6.58227886764,1.02542726223,,,,-2.92630928132,,,,,,,-2.42218381354,,,,,,6.82880460284,,,,-0.826846905798,2.49323227211,,,0.0205720633819,2.04827740651,,,,,-0.174911449144,7.18569687881,5.80390126012,,,,,6.68496569489,7.46192721679
PHLI11,"DOCK7",ENSG00000116641,18.660409,1.12219539524,1.90429718963,,,7.04438580302812,6.49370985632,5.95273323032,,6.66414106445,1.52376019082,,,,-2.29617852659,,,,,,,-1.15465823469,,,,,,6.86745137825,,,,-0.848393402297,2.78338630871,,,-0.811611814624,1.9254722521,,,,,0.0947768215588,7.05437528024,5.43704445857,,,,,6.8913793724,7.51082980875
PHLI12,"DOCK7",ENSG00000116641,13.954481,1.04721391053,1.30039311124,,,5.758628307747033,5.31350312368,5.11734774073,,5.50760923639,0.726624943948,,,,-1.28511345129,,,,,,,-0.555970627929,,,,,,5.67790756947,,,,-0.758252339525,2.67098728622,,,-1.26918952156,2.1779837708,,,,,0.414284467028,5.61059739828,4.66531363382,,,,,5.63311883763,6.1363569388
PHLI13,"DOCK7",ENSG00000116641,17.159819,1.05967577894,1.97583263043,,,6.7580303902825865,6.39091309889,5.21005548734,,5.97358230661,1.10148050364,,,,-2.14637372192,,,,,,,-2.43798364188,,,,,,6.64744094465,,,,-0.708877456097,3.25278374743,,,0.344642673529,2.37047984445,,,,,-0.643144557091,6.73407210726,5.40029280945,,,,,6.35244789977,7.22356003911
TRGL01,"DOCK7",ENSG00000116641,22.217563,1.00427117433,2.04254827056,,,7.57054938917702,6.88461297223,6.17297224348,,6.9630452322,1.06323420779,,,,-2.50350761457,,,,,,,-2.31030994275,,,,,,7.32041774287,,,,-0.989289145671,2.38686779301,,,-0.32692584818,1.68526327348,,,,,-0.45984140369,7.8141652998,6.01202837671,,,,,7.3822770892,8.08077736549
TRGL02,"DOCK7",ENSG00000116641,14.044716,-0.475276241311,-0.300482162924,,,6.433486299294826,4.91082363878,4.67727514758,,6.05712110747,0.152972942803,,,,-2.23846439138,,,,,,,-1.91563536263,,,,,,5.96659595889,,,,-3.44988947481,3.76710302358,,,-0.262423124467,1.68723864122,,,,,-0.811035594254,6.00206208552,4.25608622237,,,,,5.85356415496,6.48215793272
TRGL03,"DOCK7",ENSG00000116641,46.062623,2.95337955085,0.198746272039,,,13.861625171298742,10.0909634471,10.9642860648,,13.3981403136,2.37165255223,,,,-1.73953390932,,,,,,,0.644466369798,,,,,,13.4982324089,,,,2.51363237783,7.46892887186,,,1.55269167276,5.02089051174,,,,,1.85262214738,13.8320586676,7.27715998367,,,,,13.670582667,14.3239852237
TRGL04,"DOCK7",ENSG00000116641,15.770241,1.04827546029,1.99306603531,,,6.0617031124046035,5.65810730635,4.40606377548,,5.29534928643,-0.121102441802,,,,-1.7614327278,,,,,,,-2.40740889285,,,,,,5.85112792833,,,,-0.798335829955,1.84582792889,,,0.225027006649,1.47368234356,,,,,-1.28253138959,6.08163603657,5.08167145045,,,,,5.7410686536,6.42717257957
TRGL05,"DOCK7",ENSG00000116641,15.035114,0.957913115111,1.47499001736,,,6.3411161679760335,5.66877637618,5.51480018371,,5.87661128171,0.910893154363,,,,-1.64332824579,,,,,,,-0.421742511647,,,,,,6.11989726292,,,,-0.741626200615,2.47751277722,,,-1.24660026889,1.84232245851,,,,,0.390700020126,6.35566767467,4.99157149393,,,,,6.25955587282,6.68610157121
TRGL06,"DOCK7",ENSG00000116641,14.512847,0.688514820237,1.72931383451,,,5.622234934591536,5.0110943819,4.24557376297,,4.98449456317,0.796900241231,,,,-2.22904022895,,,,,,,-2.37907897862,,,,,,5.31955871209,,,,-0.934821307378,1.45758673968,,,-0.0768305463305,1.45678553622,,,,,-0.767026894229,5.9009079826,4.68416904123,,,,,5.27342090777,6.01179763331
TRGL07,"DOCK7",ENSG00000116641,12.750215,0.849021394844,1.87954406515,,,5.706426687725091,5.22756474927,4.52060848036,,5.33284188408,0.804898366166,,,,-2.72591507666,,,,,,,-2.38331781384,,,,,,5.54249727147,,,,-0.721562760941,1.44417255754,,,0.113505246653,1.50170570701,,,,,-0.265737303115,6.10722868217,4.87762515755,,,,,5.48076623421,6.18378457406
TRGL08,"DOCK7",ENSG00000116641,6.307947,0.639494681749,1.57325557485,,,4.071706757728,3.58930611777,3.39795529092,,3.73979255375,-0.239330612187,,,,-1.62258227692,,,,,,,-1.60984013618,,,,,,3.77560033478,,,,-0.157624218682,0.203075482445,,,-0.523201059038,1.00118433152,,,,,-0.48592259435,4.51808211366,3.37021565924,,,,,4.06230736856,4.39533946402
TRGL09,"DOCK7",ENSG00000116641,16.929334,1.16169798269,1.9412781506,,,6.618256217295643,6.08592424433,5.55818934176,,6.07600126549,1.16394911258,,,,-1.93960318542,,,,,,,-1.80081819222,,,,,,6.42834824429,,,,-0.809611925653,1.85527198362,,,-0.467846183517,1.55700979368,,,,,-0.102580375047,6.95356623846,5.37357719058,,,,,6.54118805626,7.11851753131
TRGL10,"DOCK7",ENSG00000116641,19.635975,0.187949968994,0.947521277613,,,7.524189078070928,6.51491369989,5.16594255342,,7.09052192656,0.31884190358,,,,-1.66361099582,,,,,,,-1.69240767877,,,,,,7.22597235816,,,,-2.21631225947,3.9022158687,,,-0.907380767937,0.70684101513,,,,,-1.12894227594,7.32552380238,4.45729826538,,,,,6.82900468025,7.65382658996
TRGL11,"DOCK7",ENSG00000116641,17.947768,0.927691830619,1.96902866004,,,6.500008049730058,6.10751888008,5.12838609923,,5.67164921971,0.941155736055,,,,-1.69866228462,,,,,,,-2.43176880017,,,,,,6.37947116461,,,,-0.645239625485,2.74113395622,,,0.259487625363,1.84665680804,,,,,-0.896332885592,6.61733898924,5.10854544664,,,,,6.15583659818,6.97343354431
TRGL12,"DOCK7",ENSG00000116641,21.573277,1.14283104663,2.09035966857,,,7.021227332129087,6.29935876212,6.07773643351,,6.49082646512,1.24536372867,,,,-1.91185859491,,,,,,,-0.852160475497,,,,,,6.75149338226,,,,-0.578695874222,2.29461550546,,,-1.01921596115,1.72398114219,,,,,0.22112134215,7.18265344479,5.5264548016,,,,,6.95663850488,7.44947011512
