code,target,ENSEMBL,association,Adipose_Subcutaneous,Adipose_Visceral_Omentum,Breast_Mammary_Tissue,Muscle_Skeletal,DGN_Whole_Blood,Whole_Blood,Artery_Aorta,Artery_Coronary,Artery_Tibial,Heart_Atrial_Appendage,Heart_Left_Ventricle,Spleen,Brain_Amygdala,Brain_Anterior_cingulate_cortex_BA24,Brain_Caudate_basal_ganglia,Brain_Nucleus_accumbens_basal_ganglia,Brain_Putamen_basal_ganglia,Brain_Cerebellar_Hemisphere,Brain_Cerebellum,Brain_Cortex,Brain_Frontal_Cortex_BA9,Brain_Hippocampus,Brain_Hypothalamus,Brain_Spinal_cord_cervical_c-1,Brain_Substantia_nigra,Nerve_Tibial,Cells_Transformed_fibroblasts,Cells_EBV-transformed_lymphocytes,Colon_Sigmoid,Colon_Transverse,Esophagus_Gastroesophageal_Junction,Esophagus_Mucosa,Esophagus_Muscularis,Liver,Minor_Salivary_Gland,Small_Intestine_Terminal_Ileum,Stomach,Adrenal_Gland,Pituitary,Pancreas,Thyroid,Lung,Ovary,Prostate,Testis,Uterus,Vagina,Skin_Not_Sun_Exposed_Suprapubic,Skin_Sun_Exposed_Lower_leg
BFPC04B,"SIRT4",ENSG00000089163,7.890388,,,-4.73824698046,,-4.570752261767768,-0.535720099138,,,-4.43664080237,,0.911568036645,,,,,,,,,,,,,,,-4.75935350359,-1.88213827559,,0.938057501548,-3.65512792798,,-4.71849657426,,,,,-4.62189733901,,,-4.90957453269,-4.95840275873,-2.31150580799,,,-2.06403089894,,-3.46768631262,-3.87207621062,-4.5209589967
BFPC04F,"SIRT4",ENSG00000089163,7.942790,,,-4.52043520232,,-4.741206094059099,-1.33264743081,,,-4.35502632076,,0.983258803993,,,,,,,,,,,,,,,-4.71231088046,-2.27688122485,,0.286656874905,-3.17346476892,,-4.53627689861,,,,,-4.70406534349,,,-4.83158371794,-5.19544239858,-2.33465009318,,,-2.22969274676,,-3.18998080239,-4.24917557446,-4.73389816667
BFPC04,"SIRT4",ENSG00000089163,8.217656,,,-4.95955692536,,-4.857667832697315,-0.84178205357,,,-4.68584559908,,0.965015226978,,,,,,,,,,,,,,,-5.02640084256,-2.02196990653,,0.875025781445,-3.81483479566,,-4.95116621185,,,,,-4.91221550106,,,-5.17304843947,-5.28611941092,-2.40777333461,,,-2.29385082277,,-3.65703420456,-4.16064544293,-4.86236025028
BLOO04,"SIRT4",ENSG00000089163,3.147270,,,-0.651294800741,,-0.1226882079987602,0.365342996213,,,-0.415747911003,,-5.00406239155,,,,,,,,,,,,,,,-1.405770216,0.687463285499,,-1.0395817985,-1.75928570018,,-0.613245368826,,,,,-0.65078946438,,,-0.846272142696,-0.943530791032,-1.25954085395,,,1.42444340983,,-1.53589476196,0.00387238137993,-0.450670342858
BLOO21,"SIRT4",ENSG00000089163,7.541151,,,-1.31668189272,,-1.2661995601009626,-0.27558270769,,,-1.60042373832,,-5.95335247972,,,,,,,,,,,,,,,-2.33547452519,1.52905663579,,-1.14177362118,-2.69071164795,,-1.35974840107,,,,,-1.40250118336,,,-1.47865902257,-1.51146064594,-3.06724221646,,,0.768522575908,,-2.73387797156,-0.711689289931,-0.672918308786
BLOO22,"SIRT4",ENSG00000089163,6.890556,,,-1.17063454729,,-0.8092450539478462,-0.16837308485,,,-1.47645661937,,-5.75560059728,,,,,,,,,,,,,,,-2.11564638245,1.40160716771,,-1.20884786784,-2.53118254439,,-1.22623750234,,,,,-1.24618388791,,,-1.38538392086,-1.40825133775,-2.64458462114,,,1.11814201056,,-2.50566459545,-0.549220876034,-0.637501789326
BLOO23,"SIRT4",ENSG00000089163,6.190582,,,-2.0762775155,,-2.2962500327777198,-1.16366298415,,,-2.9824138277,,-5.12115243205,,,,,,,,,,,,,,,-3.11220777017,2.09620748279,,-1.48369731642,-3.02956646657,,-2.30694304551,,,,,-2.22906201772,,,-2.33401675655,-2.19016715987,-4.08640663584,,,0.233183811288,,-3.52591341187,-1.44518411632,-1.28086438304
BLOO36,"SIRT4",ENSG00000089163,4.675903,,,-0.882508905404,,-0.73455036600452,0.255902077888,,,-0.685926775549,,-5.35546646803,,,,,,,,,,,,,,,-1.75702515799,0.893048042882,,-0.887601608631,-1.91670688511,,-0.818104203628,,,,,-0.885984046223,,,-0.984946329669,-1.13064642359,-1.93276637953,,,0.958427412875,,-1.79839162307,-0.268895091524,-0.491582472669
FATM04B,"SIRT4",ENSG00000089163,7.030249,,,-3.77304332901,,-3.410000294660683,-0.109252760726,,,-3.78531737279,,0.493179605008,,,,,,,,,,,,,,,-3.87078997142,-1.09060824065,,1.82476391503,-2.51470861851,,-3.87828064169,,,,,-3.59945823366,,,-3.93962184724,-4.07225294181,-2.09324477723,,,-2.32753803164,,-2.21211822751,-2.96156078012,-3.83836497968
FATM04,"SIRT4",ENSG00000089163,7.883625,,,-4.00741246143,,-3.673611261658039,-0.401973011112,,,-4.0390077971,,0.619021539867,,,,,,,,,,,,,,,-4.10234517444,-1.18504999931,,1.78611576939,-2.72048969799,,-4.1092544355,,,,,-3.9009115033,,,-4.21559778731,-4.40270703257,-2.16518204337,,,-2.54933129352,,-2.44029775935,-3.26527237714,-4.18214437469
LEAN04,"SIRT4",ENSG00000089163,6.266394,,,-0.174428692385,,0.6262193794876966,1.08877760988,,,-0.595089967272,,0.388549839662,,,,,,,,,,,,,,,-0.106848979998,0.759386209593,,2.15222091457,0.950994616284,,-0.234591048728,,,,,0.0783586421456,,,-0.39701003281,-0.733278507825,0.249782886326,,,-0.932679044199,,1.28213511643,-0.716754303062,-0.713952182848
LEAN05M,"SIRT4",ENSG00000089163,5.842785,,,-0.304820508704,,0.7720918555013574,1.59590785493,,,-0.618536292951,,-0.164077795824,,,,,,,,,,,,,,,-0.258194240762,-0.0337598865728,,2.0310742359,0.981128663882,,-0.377157631615,,,,,0.0968348435171,,,-0.356480163841,-0.54970436173,0.0865351278613,,,0.0492705420854,,1.19387839771,-0.659602054644,-0.521130992915
LEAN05,"SIRT4",ENSG00000089163,7.146935,,,-0.232100761305,,0.5266793934700889,1.07185764069,,,-0.643387971067,,0.387745776225,,,,,,,,,,,,,,,-0.104734485987,0.706931846202,,2.19890658351,0.841351752131,,-0.277899751903,,,,,0.0201462238043,,,-0.430708032633,-0.759302734399,0.191294128802,,,-0.895610587466,,1.20980688973,-0.77231276847,-0.731939819117
LEAN06B,"SIRT4",ENSG00000089163,5.823417,,,-0.298898066451,,0.8527169458685645,0.111640181825,,,-1.04438183259,,0.00358601397968,,,,,,,,,,,,,,,-0.109582977426,1.12602850594,,2.78173732062,0.74739628585,,-0.62047348154,,,,,-0.16563712738,,,-0.518745379047,-0.878439077387,-0.541008978565,,,-2.35121308931,,1.17445056424,-0.251127342384,-1.30093956215
LEAN06,"SIRT4",ENSG00000089163,7.659100,,,-0.16346369689,,0.9541572206635789,0.500795542658,,,-0.917394752161,,-0.302024524412,,,,,,,,,,,,,,,-0.0734889984409,0.827644847075,,2.78187646421,1.07341366182,,-0.483414500946,,,,,0.0587570701447,,,-0.252985087084,-0.541379042041,-0.671475754601,,,-2.28040555319,,1.40051733476,-0.0901674919696,-1.11029196687
WHIP03,"SIRT4",ENSG00000089163,4.583376,,,-4.65717665063,,-3.7022101453879537,-0.319129387302,,,-3.35672055507,,1.10536772887,,,,,,,,,,,,,,,-3.92847703909,-2.56732981401,,-0.758534125376,-3.32502938395,,-4.27857899055,,,,,-4.83535860683,,,-3.74985705232,-3.9259080697,-4.27570689289,,,-1.51128405915,,-2.76139174985,-4.52233957844,-3.11750079565
