code,target,ENSEMBL,association,Adipose_Subcutaneous,Adipose_Visceral_Omentum,Breast_Mammary_Tissue,Muscle_Skeletal,DGN_Whole_Blood,Whole_Blood,Artery_Aorta,Artery_Coronary,Artery_Tibial,Heart_Atrial_Appendage,Heart_Left_Ventricle,Spleen,Brain_Amygdala,Brain_Anterior_cingulate_cortex_BA24,Brain_Caudate_basal_ganglia,Brain_Nucleus_accumbens_basal_ganglia,Brain_Putamen_basal_ganglia,Brain_Cerebellar_Hemisphere,Brain_Cerebellum,Brain_Cortex,Brain_Frontal_Cortex_BA9,Brain_Hippocampus,Brain_Hypothalamus,Brain_Spinal_cord_cervical_c-1,Brain_Substantia_nigra,Nerve_Tibial,Cells_Transformed_fibroblasts,Cells_EBV-transformed_lymphocytes,Colon_Sigmoid,Colon_Transverse,Esophagus_Gastroesophageal_Junction,Esophagus_Mucosa,Esophagus_Muscularis,Liver,Minor_Salivary_Gland,Small_Intestine_Terminal_Ileum,Stomach,Adrenal_Gland,Pituitary,Pancreas,Thyroid,Lung,Ovary,Prostate,Testis,Uterus,Vagina,Skin_Not_Sun_Exposed_Suprapubic,Skin_Sun_Exposed_Lower_leg
BLOO01,"MAMSTR",ENSG00000176909,7.662800,,,,4.09523449798,1.1418200863533863,,,,1.98196787244,4.33236149834,4.52615656157,,0.956269776113,,2.20114318501,3.28027491626,,,,1.63066723071,0.480803387494,,4.85634377907,2.76957812609,,,,,3.28189691059,,4.59035829972,,4.5391622544,,,,,4.19601202572,,,,,,,,,,,1.9097873218
BLOO29,"MAMSTR",ENSG00000176909,13.749531,,,,-5.76427716227,-0.9989098984749473,,,,-4.65981560436,-5.33728431322,-5.69453611883,,-2.17445637563,,-3.78946797762,-4.75326206701,,,,-3.15152061559,-1.75850148064,,-6.08779074759,-3.65764146955,,,,,-3.25096521052,,-6.22375033081,,-6.29859999087,,,,,-5.22221696625,,,,,,,,,,,-3.55105301503
CHOL21,"MAMSTR",ENSG00000176909,10.760751,,,,5.67908946154,-1.491698925206016,,,,2.24815334992,4.49302668077,4.28838168608,,3.42564702321,,2.84932059389,5.573430688,,,,4.83427948464,3.07691397234,,6.05071766382,4.01231268191,,,,,4.32286170833,,6.01034816994,,6.08618488401,,,,,5.91627957434,,,,,,,,,,,3.73799832051
CHOL27,"MAMSTR",ENSG00000176909,7.416677,,,,4.09681417005,0.11236550573944645,,,,2.51133871228,2.77576122096,2.91777525374,,2.63357122447,,1.50287232362,4.23832527384,,,,3.65502692885,2.66336657577,,4.65318602896,2.60812803468,,,,,3.41590532402,,5.47080953874,,5.05351611939,,,,,4.86220828696,,,,,,,,,,,2.87369872102
CROH01,"MAMSTR",ENSG00000176909,8.065784,,,,2.59930521501,-1.6835472382903482,,,,1.42729540888,3.60836947055,4.25448113107,,3.1599523285,,2.39901186538,3.61389969369,,,,3.98803623112,1.88417996451,,3.24351548973,2.02602378043,,,,,3.23096619526,,5.28418188545,,5.67991842472,,,,,4.84163662795,,,,,,,,,,,2.42499424358
DIAR01,"MAMSTR",ENSG00000176909,8.868959,,,,-4.17255840906,1.056257423544196,,,,-2.67476388491,-3.80977841668,-4.42352571644,,-3.11294012346,,-2.8551551548,-3.66174643293,,,,-3.52870841267,-0.221985537298,,-4.54126298446,-3.05278510762,,,,,-4.79176627253,,-4.8831907542,,-5.486143059,,,,,-5.77129623671,,,,,,,,,,,-2.80327349622
DIAR04,"MAMSTR",ENSG00000176909,5.326491,,,,-3.14318507651,0.8939378099575545,,,,-1.05401693299,-2.95519749815,-3.570733147,,-3.19814395398,,-2.21874994589,-3.43311302747,,,,-2.69428838295,-0.833712834627,,-3.63484149177,-2.80998067465,,,,,-4.67312866756,,-3.88076659163,,-4.3038327354,,,,,-4.73821059703,,,,,,,,,,,-1.67762410656
HIPC03,"MAMSTR",ENSG00000176909,5.749385,,,,-5.08672970435,1.7542778384499034,,,,-1.72576682672,-4.22834881605,-4.45495813347,,-1.79121493279,,-2.7482386717,-2.96851538097,,,,-1.6702537983,-2.65321872789,,-4.80286843106,-3.87924050773,,,,,-3.10349567517,,-3.34351725168,,-3.41580324907,,,,,-3.25478504329,,,,,,,,,,,-2.61083046283
HIPC04,"MAMSTR",ENSG00000176909,6.130534,,,,-4.95987347256,2.0246784585739195,,,,-1.30733874326,-4.12289941377,-4.30461710367,,-1.74654432428,,-2.67126181857,-2.88503284913,,,,-1.62859987513,-2.57716602852,,-4.68309123164,-3.6489844479,,,,,-3.0132260196,,-3.24248302217,,-3.33061752259,,,,,-3.07597681546,,,,,,,,,,,-2.49281099569
LONG01,"MAMSTR",ENSG00000176909,1.250720,,,,4.34433997844,-1.6792537255808593,,,,1.88322703677,4.49346395215,4.93959684263,,3.07996838007,,3.44629883239,3.13765590363,,,,3.16087844201,1.77561872731,,4.35965500725,1.67108607555,,,,,3.36051403324,,4.74948506578,,4.88457180696,,,,,4.61017949164,,,,,,,,,,,3.09148972785
LONG04,"MAMSTR",ENSG00000176909,7.384702,,,,4.34433997844,-1.6792537255808593,,,,1.88322703677,4.49346395215,4.93959684263,,3.07996838007,,3.44629883239,3.13765590363,,,,3.16087844201,1.77561872731,,4.35965500725,1.67108607555,,,,,3.36051403324,,4.74948506578,,4.88457180696,,,,,4.61017949164,,,,,,,,,,,3.09148972785
MENA02F,"MAMSTR",ENSG00000176909,7.334353,,,,3.59268870674,-0.5228276292514625,,,,1.68791656961,3.18162138553,4.08503842046,,2.88263492539,,1.75441506417,2.95394193708,,,,3.60536185722,0.244038631627,,3.45684436224,2.03683555033,,,,,3.34794762438,,3.94598455295,,4.77810380044,,,,,5.09341045336,,,,,,,,,,,2.1754264478
URIN07,"MAMSTR",ENSG00000176909,8.023462,,,,-4.6645783672,4.410446417347557,,,,-1.04267301555,-3.68491747618,-4.21163795795,,-2.5674956654,,-2.23837381185,-1.93449009568,,,,-1.67026074975,-1.84692895665,,-4.9312134251,-4.48219458744,,,,,-3.09645016227,,-2.32272771138,,-3.44546598909,,,,,-3.45224185938,,,,,,,,,,,-0.521601421276
URIN09,"MAMSTR",ENSG00000176909,7.279766,,,,-4.64195171515,3.7229447138548935,,,,-1.21601106529,-3.49954327193,-3.86649358158,,-2.22499395436,,-2.25141712638,-1.51863630466,,,,-1.30396139794,-1.83141854718,,-4.83437294823,-4.51723306657,,,,,-2.83109608993,,-2.11192700377,,-3.0694624036,,,,,-3.04398805632,,,,,,,,,,,-0.668969127411
WEIG02,"MAMSTR",ENSG00000176909,7.173394,,,,-4.16667166525,2.397371827879505,,,,-1.2577604803,-3.82335744496,-4.22141901169,,-2.38583189604,,-2.40333748418,-2.74133668297,,,,-2.98839188345,-1.86659529124,,-4.08421881564,-3.98055437013,,,,,-4.15804023088,,-4.46172317399,,-4.55988055378,,,,,-4.77594787533,,,,,,,,,,,-1.22162519469
WEIG03,"MAMSTR",ENSG00000176909,6.230047,,,,-3.89662347477,2.4687272431883565,,,,-1.13685084603,-3.63360951468,-3.99223015058,,-2.39719425843,,-2.23788056051,-2.66464655369,,,,-2.91234255194,-1.69478242992,,-3.79485265595,-3.37554910082,,,,,-3.85574362288,,-4.22455396658,,-4.29590753544,,,,,-4.49780620402,,,,,,,,,,,-1.21935795777
