code,target,ENSEMBL,association,Adipose_Subcutaneous,Adipose_Visceral_Omentum,Breast_Mammary_Tissue,Muscle_Skeletal,DGN_Whole_Blood,Whole_Blood,Artery_Aorta,Artery_Coronary,Artery_Tibial,Heart_Atrial_Appendage,Heart_Left_Ventricle,Spleen,Brain_Amygdala,Brain_Anterior_cingulate_cortex_BA24,Brain_Caudate_basal_ganglia,Brain_Nucleus_accumbens_basal_ganglia,Brain_Putamen_basal_ganglia,Brain_Cerebellar_Hemisphere,Brain_Cerebellum,Brain_Cortex,Brain_Frontal_Cortex_BA9,Brain_Hippocampus,Brain_Hypothalamus,Brain_Spinal_cord_cervical_c-1,Brain_Substantia_nigra,Nerve_Tibial,Cells_Transformed_fibroblasts,Cells_EBV-transformed_lymphocytes,Colon_Sigmoid,Colon_Transverse,Esophagus_Gastroesophageal_Junction,Esophagus_Mucosa,Esophagus_Muscularis,Liver,Minor_Salivary_Gland,Small_Intestine_Terminal_Ileum,Stomach,Adrenal_Gland,Pituitary,Pancreas,Thyroid,Lung,Ovary,Prostate,Testis,Uterus,Vagina,Skin_Not_Sun_Exposed_Suprapubic,Skin_Sun_Exposed_Lower_leg
BLOO01,"GRN",ENSG00000030582,13.036944,4.77579414794,3.61164922806,,,-3.6132932096294064,-7.88293685088,7.83879245521,,6.91048357668,6.59795064489,,,,2.12287606111,4.85409691145,,,,,6.82858072823,,,,,,6.41533313497,7.62655906634,,,0.246218545156,,-1.02187423755,6.58838568731,,,0.838056954241,,,,,7.98809156058,,4.28152637535,,0.734444165485,,,,
BLOO04,"GRN",ENSG00000030582,6.300102,0.3269545262,-1.20175899505,,,-3.5100802077602893,-5.27819510882,1.58768393309,,-0.793990695464,0.430556965407,,,,-1.14419916001,2.58003497937,,,,,0.674366276034,,,,,,0.76574193159,1.30574695567,,,0.675026361395,,-1.14175751208,-0.579512366842,,,2.15695418277,,,,,1.12736238243,,-3.06067898107,,0.821642138702,,,,
BLOO08,"GRN",ENSG00000030582,6.650315,-1.48106994975,-2.0849556386,,,2.0502257759750764,1.04610950603,-1.34988623179,,-2.31988294321,-1.44630698707,,,,-2.58589301117,-2.29122142823,,,,,-2.85939300464,,,,,,-0.739354390796,-1.06088288033,,,-0.77800631404,,-2.03890750691,-2.65788549582,,,0.159126355603,,,,,-1.33353876837,,-1.31892492866,,1.91676029168,,,,
BLOO19,"GRN",ENSG00000030582,6.310664,-0.219095083623,0.220837473138,,,3.9962950390067498,3.68262728103,-1.17123595408,,-1.09052657437,-0.163702760558,,,,-0.871673233388,-1.62574138061,,,,,-3.17991804777,,,,,,0.327921771557,-0.769214574564,,,0.56576237596,,-0.63015302406,-0.256660266359,,,0.157854391839,,,,,-1.0452282935,,1.56425173738,,1.65545412957,,,,
BLOO21,"GRN",ENSG00000030582,3.946537,0.96074673256,-0.505521391705,,,-3.547555697611762,-4.9685711519,2.24974610628,,0.0667237271126,0.998015083791,,,,0.307554844373,2.95158065143,,,,,1.88467093012,,,,,,0.736534810494,1.77371520179,,,0.631999142588,,-0.89457202718,0.282285020693,,,2.29863996504,,,,,1.6252430556,,-1.49755515934,,0.626534603703,,,,
BLOO22,"GRN",ENSG00000030582,4.355364,0.853907890775,-0.366908646988,,,-3.2883284000921456,-4.94499735935,2.16339112455,,-0.191811656579,1.06558255011,,,,0.439307207792,2.85228843347,,,,,1.96359379943,,,,,,0.809724588086,1.79675031796,,,0.749159048747,,-1.05445698453,0.269949403374,,,2.56362131548,,,,,1.58322230709,,-1.9461142218,,0.568287189997,,,,
BLOO25,"GRN",ENSG00000030582,6.938208,-0.239579833921,-2.84373005157,,,-3.8410754538304483,-2.94932593578,1.46309368706,,0.664917252577,-0.502565845687,,,,-4.09175031403,-0.112118125123,,,,,-0.152618749906,,,,,,0.402865107163,1.11092566988,,,-1.20678855119,,-2.34081392454,-0.470390449814,,,1.68936052356,,,,,0.329153761337,,-2.71710112186,,1.83974899611,,,,
BLOO28,"GRN",ENSG00000030582,5.951170,0.236356922888,0.214273764141,,,-4.385315620303357,-4.531945425,1.02316240813,,1.13265134236,0.306440340098,,,,0.401929415733,2.09583406656,,,,,3.48731399136,,,,,,-0.501224774664,0.882693706695,,,-0.398045780556,,0.0739533111428,0.439767510223,,,-0.285427606859,,,,,0.992378690582,,-0.994060369115,,-1.73142443783,,,,
BLOO29,"GRN",ENSG00000030582,28.193325,-8.41349713897,-2.84396184869,,,2.8961742259813104,8.17600567558,-10.8566543242,,-8.99393233525,-10.1240646129,,,,0.988140292747,-4.38059093344,,,,,-9.21212963586,,,,,,-9.44552792764,-11.3619395072,,,0.886880881755,,2.03350269565,-9.37001723006,,,0.754174501681,,,,,-10.7012333938,,-2.56762611348,,0.249403348052,,,,
BLOO33,"GRN",ENSG00000030582,5.655509,0.95397972856,2.92613461471,,,-2.467219397024372,-4.41338643015,3.28537459705,,3.1761330596,2.23747003008,,,,2.78668171823,3.11349996819,,,,,3.00292419262,,,,,,2.25299916253,2.73986308512,,,0.156131529948,,-0.107319690053,2.4955423404,,,1.17527287264,,,,,3.41059373857,,3.59483101891,,0.886261475445,,,,
BLOO34,"GRN",ENSG00000030582,12.984808,-6.3868332962,-2.35938867676,,,1.2118229187247256,4.42009629892,-7.79177720295,,-6.62803338101,-7.03054207996,,,,-0.0537285073174,-3.37496031559,,,,,-7.1277085779,,,,,,-6.5503238173,-7.76538144602,,,0.872092514399,,0.7029737806,-5.4572647446,,,0.697996857313,,,,,-7.41149522775,,-2.69687401937,,0.44188398756,,,,
BLOO36,"GRN",ENSG00000030582,6.454248,0.607218404983,-1.58759871421,,,-3.7626077744684423,-5.39185316275,1.80620635782,,-0.433235258332,0.476756948361,,,,-1.37747641888,2.81884556088,,,,,0.616598500121,,,,,,0.800496419384,1.3914938069,,,0.315202123854,,-0.937120789308,-0.520333795615,,,1.76226318158,,,,,1.30071194368,,-2.46208227808,,1.0010013978,,,,
