code,target,ENSEMBL,association,Adipose_Subcutaneous,Adipose_Visceral_Omentum,Breast_Mammary_Tissue,Muscle_Skeletal,DGN_Whole_Blood,Whole_Blood,Artery_Aorta,Artery_Coronary,Artery_Tibial,Heart_Atrial_Appendage,Heart_Left_Ventricle,Spleen,Brain_Amygdala,Brain_Anterior_cingulate_cortex_BA24,Brain_Caudate_basal_ganglia,Brain_Nucleus_accumbens_basal_ganglia,Brain_Putamen_basal_ganglia,Brain_Cerebellar_Hemisphere,Brain_Cerebellum,Brain_Cortex,Brain_Frontal_Cortex_BA9,Brain_Hippocampus,Brain_Hypothalamus,Brain_Spinal_cord_cervical_c-1,Brain_Substantia_nigra,Nerve_Tibial,Cells_Transformed_fibroblasts,Cells_EBV-transformed_lymphocytes,Colon_Sigmoid,Colon_Transverse,Esophagus_Gastroesophageal_Junction,Esophagus_Mucosa,Esophagus_Muscularis,Liver,Minor_Salivary_Gland,Small_Intestine_Terminal_Ileum,Stomach,Adrenal_Gland,Pituitary,Pancreas,Thyroid,Lung,Ovary,Prostate,Testis,Uterus,Vagina,Skin_Not_Sun_Exposed_Suprapubic,Skin_Sun_Exposed_Lower_leg
ATOP01,"MAP3K11",ENSG00000173327,8.447514,4.33685214035,4.37356233785,4.32577668602,4.9119714038,4.274541083100628,4.44986055191,4.61988230187,2.59942467905,4.73625133584,3.79098722504,2.84190856319,4.00526107838,,,,,,,4.12342847575,,,,3.613704219,,,4.21071706761,,,4.18024929344,4.04944016129,4.20035396488,4.45397076762,4.15168371081,1.09926589606,,5.11849966383,4.02238714922,,4.55361698433,2.53674162324,4.11283165922,3.61362991017,,4.15339010811,0.910242231388,0.734028682881,,4.29049783469,4.61581837538
BLOO01,"MAP3K11",ENSG00000173327,20.851428,5.85801881766,5.86734907917,5.93365535859,6.03279755431,6.107076433405672,5.86295792181,6.05676548998,5.64207631654,5.95942925618,6.45570950786,5.3547008603,5.94194882472,,,,,,,6.1923032822,,,,4.55295007832,,,6.07788378116,,,6.42136648093,6.13017971509,6.21050076514,6.44087858896,6.23135046345,0.341162737501,,5.40565989884,5.99040727057,,4.20893179762,4.81507334666,5.84872607891,5.51493994404,,6.30515034144,5.43254922005,7.43171251235,,6.10359649417,6.03233879855
BLOO04,"MAP3K11",ENSG00000173327,7.797294,-0.119418248766,-0.303409875935,-0.0226678957235,-0.339419533429,-0.22954771486097875,0.0973481645246,-0.308458309204,-0.475159364205,-0.460486245348,-1.73038044716,-0.337115370561,-0.857022483256,,,,,,,-0.255218140816,,,,-0.796369406993,,,-0.257881887524,,,-1.72345796707,-0.498504609155,-0.577660709042,-0.693127243109,-0.547641972692,2.68759623204,,-0.558698730306,-1.54690405026,,0.78929656404,-1.72564948971,-0.270316732166,-0.144706408122,,-0.963730510833,-1.89787716159,-3.17204271667,,-0.406407787913,-0.615256177353
BLOO07,"MAP3K11",ENSG00000173327,20.347096,5.26095719202,5.89951076138,5.7113206906,6.25388254076,5.2130998616904005,5.4135856561,7.60863418753,3.46819502651,5.96254342725,5.85786132891,4.03631524013,4.93338234244,,,,,,,5.30803745969,,,,5.53109381711,,,5.19130717119,,,5.87141973716,5.16949264663,6.00190037806,6.174257018,6.03411264603,1.2513781141,,6.02301721692,7.53541743104,,6.08307609327,2.64736404338,5.3331015259,5.20440362346,,5.80281226782,1.2361854974,2.62034883895,,5.57290472855,5.27020977459
BLOO16,"MAP3K11",ENSG00000173327,17.830620,5.00627585767,5.63761473326,5.4304282542,5.99197536417,4.950086071157597,5.16188989257,7.3415841972,3.42133479032,5.71317386116,5.67779684894,3.92586664392,4.77626567747,,,,,,,5.05682772033,,,,5.05250469625,,,5.00205647239,,,5.51911760275,4.9319737906,5.75927953003,6.17195060263,5.83754683589,1.18820204365,,5.87794198888,7.04606257761,,5.7083359364,2.61776134243,5.05164869912,4.79382990513,,5.49244748877,1.19051702745,2.96480651018,,5.30358606798,5.07964801164
BLOO17,"MAP3K11",ENSG00000173327,14.000226,5.03992615444,5.45799289191,5.40767401979,5.84728579477,4.938905285303877,5.10549552466,6.89286166976,3.12056568939,5.61965832725,5.55068201698,3.47337341764,4.7176035847,,,,,,,5.04695092697,,,,5.34329681895,,,4.95234361016,,,5.62516549518,4.94506572984,5.51653773419,5.23599487549,5.61196292591,1.09192745272,,5.6249678483,6.62237283567,,5.75597678325,3.01906427231,5.08311484547,5.02953171543,,5.47480499886,1.15392094946,2.50786171516,,5.24095326741,4.95111012378
BLOO18,"MAP3K11",ENSG00000173327,12.464769,4.64908773087,5.02159091589,4.96826833256,5.38295924182,4.554842820448618,4.70999559287,6.49467483401,2.84248662835,5.11985021335,5.07775166265,3.28315870868,4.33909359174,,,,,,,4.64352922338,,,,4.80560160065,,,4.54109174987,,,5.12405395494,4.56329882411,5.08989040252,4.72018586436,5.25343084524,0.959708801889,,5.10402398774,6.15523676997,,5.41214569402,3.06338226277,4.72682010364,4.52630268079,,4.99557510125,0.809469149559,2.1771249342,,4.8054284069,4.5199626694
BLOO21,"MAP3K11",ENSG00000173327,16.775467,0.701780148981,0.239745451908,0.614800310426,0.36907161581,0.5020928224766783,0.839198158332,0.38731609532,-0.285955878358,0.304108613393,-1.75215571283,0.174425699093,-0.328240352342,,,,,,,0.326374568149,,,,-0.702600650632,,,0.295979392491,,,-1.45630231014,0.0460433908524,0.0586837619132,-0.322102189908,-0.202470217826,3.33173308314,,0.286559229441,-0.914684461269,,2.10457178332,-1.30899090186,0.399812836257,0.492252001196,,-0.239523119046,-2.68444724169,-4.54696556867,,0.238976200971,0.266132601445
BLOO22,"MAP3K11",ENSG00000173327,16.870342,0.668177824553,0.187717895742,0.600437822319,0.328730644642,0.40963719756007616,0.775524190029,0.261720523137,-0.207718166383,0.250246941923,-1.83226656454,0.180051334242,-0.347485301259,,,,,,,0.273870201521,,,,-0.746688100639,,,0.239029407559,,,-1.60062383098,-0.000202742976271,0.00440878350798,-0.406597763816,-0.228376586873,3.4227477561,,0.2093073065,-1.20077420047,,2.18071085855,-1.55022560461,0.384998675092,0.563719708213,,-0.32796725638,-2.77230409723,-4.79294282216,,0.169428765985,0.259494945084
BLOO23,"MAP3K11",ENSG00000173327,19.012204,1.82288752248,1.10192444592,1.59118257062,1.49967599749,1.5375510314104786,1.83233247465,1.36185347249,0.463287248598,1.53619864631,-0.795406596938,0.984581178367,0.958241381696,,,,,,,1.30357033469,,,,-0.0269933020314,,,1.22289657729,,,-0.434115066025,1.09643312013,1.13394118614,0.246384877351,0.768572636427,2.70281794062,,1.53901119347,0.0972290111631,,3.50590002527,-0.444540632063,1.52938809204,1.54536458415,,1.04140448802,-2.81550211095,-4.63488304044,,1.28457807348,1.83497886775
BLOO25,"MAP3K11",ENSG00000173327,7.324781,1.97626205757,1.75914199989,2.09659983346,1.95445154885,1.9357739632608812,1.912210039,2.0231738778,1.56340674444,2.04939632032,1.82447178778,1.18686565419,1.68249789375,,,,,,,1.88863323778,,,,2.32926304018,,,1.95820985419,,,2.33303179419,1.85787017315,1.97018582183,1.87831097968,1.65395788381,0.787516995018,,2.40761799971,1.7665731032,,1.45542697135,1.52605452452,1.69806811544,2.0260683135,,2.16114072466,1.03757860355,2.5946601081,,2.06959677865,1.76826905096
BLOO26,"MAP3K11",ENSG00000173327,13.211231,1.02987128726,1.26965437041,1.38255183324,1.28398394429,1.3161263880725451,1.39382025706,1.00496633957,1.23633877886,1.46447967857,2.40231476931,0.981087411611,1.00290526576,,,,,,,1.23958739846,,,,0.777708046215,,,1.43946404732,,,2.4776270494,1.25292895626,1.44338656753,1.59412448092,1.06019774303,-0.656154492401,,1.57024803935,2.40848408265,,-0.814649466535,1.96939472693,1.04767740349,0.516664853477,,1.31862093206,1.50411381347,4.08918198689,,1.40872468192,0.764703631965
BLOO27,"MAP3K11",ENSG00000173327,9.935617,0.562157381969,0.865745679433,0.847532139439,0.82042628427,0.8901503078626017,0.950905596768,0.623043649756,0.672139732424,0.985354167464,1.92443527174,0.73383784352,0.623041543495,,,,,,,0.844721636963,,,,0.162449489054,,,0.981948024352,,,2.00271240451,0.830700172688,0.963420777756,1.14694646499,0.73909570826,-1.08677980066,,0.955321784623,2.10300677572,,-1.23775066321,1.61288728564,0.675371008044,-0.101001964089,,0.861737236741,1.61564666593,3.41665730043,,0.962045936745,0.338563939905
BLOO29,"MAP3K11",ENSG00000173327,18.411605,-8.899947588,-8.55010858186,-9.13384618552,-9.31275220702,-9.134708726280785,-9.00912566418,-8.60486240365,-7.62813006986,-9.01211815354,-8.69464089615,-8.24176179266,-8.76858514979,,,,,,,-9.11049178566,,,,-7.06517057951,,,-9.02784417296,,,-8.95415175955,-9.0698702878,-9.2541836437,-8.7780151384,-9.43527848142,-2.90258976936,,-8.72763354745,-7.5854048643,,-7.47019248885,-5.79976015024,-9.02972469412,-8.71621264861,,-9.04223805225,-5.87110602451,-7.68448383189,,-8.98958630154,-8.94479163832
BLOO31,"MAP3K11",ENSG00000173327,12.113887,-4.59463074856,-4.92584433475,-4.87394517347,-5.30122011322,-4.4831713059765885,-4.63386367663,-6.29251197451,-2.84363296243,-5.03897109107,-5.09686732307,-3.27879246158,-4.36576577195,,,,,,,-4.57132205547,,,,-4.56570617302,,,-4.52640507037,,,-4.98378668695,-4.53735585431,-5.02221905044,-4.70735022111,-5.23400008203,-0.897953992097,,-5.09769458098,-5.80423917888,,-5.23210016862,-3.16292636565,-4.64027889167,-4.37593739133,,-4.88679256384,-0.927825086581,-2.7326342154,,-4.70603098562,-4.50418909419
BLOO33,"MAP3K11",ENSG00000173327,12.270276,1.98099265296,2.02290938999,1.96552002944,1.90282159034,2.093408685784756,1.9139453364,2.17489830943,2.50047858942,2.02348517226,2.77133927529,1.72892796852,2.03608935962,,,,,,,2.2103719582,,,,1.4520269913,,,2.14375550957,,,2.67589157283,2.13351960989,2.1683244366,2.83666138069,2.0407506839,-0.877810609018,,1.56504592081,2.81838367366,,0.645960746474,2.6576142031,1.81582334716,1.75414249044,,2.3999221114,2.98722489215,4.59212072397,,2.20436671517,2.12636858017
BLOO35,"MAP3K11",ENSG00000173327,16.524765,-5.57832416958,-5.02914626965,-5.43027884746,-5.40478753182,-5.628402191903441,-5.38552307676,-5.49193532721,-4.00915404443,-5.180751719,-4.55311639386,-5.03511589664,-5.18835190637,,,,,,,-5.40565639664,,,,-4.74653201619,,,-5.28354813606,,,-4.78081062095,-5.3992192238,-5.36412620627,-4.05064789811,-5.25806102515,-2.9947551489,,-5.17660343872,-5.52501429242,,-5.65195170662,-4.35753939071,-5.50574165089,-4.82686318252,,-5.94285863921,-2.99859150698,-3.61563916616,,-5.51006398428,-5.18857683076
BLOO36,"MAP3K11",ENSG00000173327,6.218216,-0.210559180851,-0.384053308418,-0.137305553196,-0.435935065366,-0.24955166607707954,0.0270374735763,-0.261685974257,-0.719901974989,-0.536054118356,-1.81119569746,-0.464405702888,-1.00339365507,,,,,,,-0.336560603876,,,,-0.841073720234,,,-0.334396365297,,,-1.69552771698,-0.601958591548,-0.639125429272,-0.739868539674,-0.659182333341,2.57504405912,,-0.559825631716,-1.29575561649,,0.590902482879,-1.55838802168,-0.407476470755,-0.36355224528,,-0.981341118617,-1.98374861837,-3.00272113698,,-0.460364726441,-0.75880700599
BODY08B,"MAP3K11",ENSG00000173327,7.911580,-1.70380327224,-2.44716409754,-1.58395976454,-1.98831118842,-2.257149984325497,-1.81765725213,-3.5777195865,-1.96501563748,-1.50057508536,-0.904062325446,-1.32935231711,-2.01828376832,,,,,,,-2.03287350349,,,,-2.70640585101,,,-1.68711024143,,,-2.06354557211,-1.94211971182,-1.64249411508,-1.27473823003,-2.41935182902,2.10826541914,,-1.30460101878,-3.49577069073,,-2.789081258,-2.72599740525,-2.01440134138,-1.02255042745,,-2.48695447531,-2.1001844291,0.194841844698,,-2.11543637694,-1.61414356046
BODY08,"MAP3K11",ENSG00000173327,7.299928,-1.6138485328,-2.25504827856,-1.43847220997,-1.81125087584,-2.1311645457182844,-1.66765100076,-3.35892590481,-1.92129224416,-1.37691194324,-0.856534222123,-1.2541213448,-1.96955755482,,,,,,,-1.90825900444,,,,-2.62244382162,,,-1.55488629136,,,-1.99558614508,-1.83680814371,-1.51708154885,-1.15457743568,-2.25951110978,2.17640128356,,-1.12055206475,-3.3357279158,,-2.52866718771,-2.90578506169,-1.8783225384,-0.988962293162,,-2.37622045826,-1.94662993138,0.0470726502261,,-1.99829481305,-1.56680907145
DIAB05,"MAP3K11",ENSG00000173327,7.004431,-0.613181693299,-1.75066096405,-0.580503455707,-0.920742699848,-0.6470041727843596,-0.391758757907,-1.01765028192,-0.513258795032,-0.929736531508,-2.36792229435,-0.796170210573,-0.657360763072,,,,,,,-0.658890043772,,,,-2.13653938014,,,-0.609300650287,,,-2.20981849599,-0.992061900717,-0.887594292592,-1.90231167174,-1.11179692014,1.55807357679,,-0.763768823233,-2.83757849867,,0.0507455905694,-0.0754088763846,-0.956068841738,-0.786963990156,,-1.22303296426,-1.76164144362,-2.39645879623,,-0.785415223072,-0.111191799949
HEIG03,"MAP3K11",ENSG00000173327,3.443770,3.43045182867,3.76157276593,3.12488505653,3.82268627461,3.7024506277708387,2.30313471656,3.75499637626,1.9047534046,3.30478973632,3.85213464192,4.49177238979,3.52039146855,,,,,,,3.15578842163,,,,3.71650128866,,,3.38606123287,,,3.95977647873,3.47827082802,3.93057082049,3.76825965527,3.4284010888,2.0833805095,,4.52494465816,4.98878742444,,2.30001907188,2.1792806559,3.43243610272,4.5271930405,,3.82793007337,4.04055645955,4.66456503551,,3.23446350926,3.16854610604
HIPC03,"MAP3K11",ENSG00000173327,5.883924,3.85952259811,4.07534655113,3.87904545621,3.94714492104,4.1120647490897415,3.1860579732,3.25694870836,3.51999634578,4.03768107245,4.1826861652,4.32219817711,3.77032809228,,,,,,,3.86474728584,,,,3.78329911435,,,4.02166952727,,,4.85839185939,4.22205973631,4.09053728427,4.36892072526,3.784056576,0.818802954547,,3.70490509696,4.8023174097,,2.3184986951,2.87016801018,3.84210282483,4.77043816407,,4.19465500531,3.75591601598,1.01016515726,,3.9460671888,2.83772270351
HIPC04,"MAP3K11",ENSG00000173327,6.661982,3.73032824982,3.92829851026,3.79501915978,3.8487081595,4.0093278404666695,3.1066017602,3.17607198243,3.38357459764,3.93698648356,4.07837545138,4.21440810204,3.65464491811,,,,,,,3.76836538315,,,,3.69229824922,,,3.92137423585,,,4.72665115238,4.07428025703,3.98589849189,4.23402307682,3.68968702492,0.76613720541,,3.61250956507,4.68255384361,,2.25166851222,2.7606436282,3.74356263969,4.66565580829,,4.09004570545,3.62085181301,0.984972935818,,3.84765729238,2.76695350728
LEAN04,"MAP3K11",ENSG00000173327,6.093428,-0.104628435642,-0.852025564285,-0.605206253081,-0.484901393273,-0.2754632665940339,-0.816169501247,-1.23072874809,0.0701913383647,-0.403005805176,-0.294578327899,0.027158755443,0.174594062973,,,,,,,-0.433185238958,,,,-0.505626118401,,,-0.431216314304,,,-0.409941623479,-0.237916275558,-0.295731922357,-0.832089448979,-0.460452586754,0.310896681081,,-0.221938030919,-1.15426499122,,-0.844642775848,0.439209780851,-0.35005570791,0.557028384444,,-0.581921726857,0.82340424988,0.937124297501,,-0.583808097828,0.394026252932
LEAN05,"MAP3K11",ENSG00000173327,5.756739,-0.0328267605217,-0.772033657658,-0.547075143323,-0.428534103535,-0.20318476494191332,-0.739035892961,-1.2276139934,0.100234538734,-0.337201140464,-0.25988384759,0.0977083614387,0.274858465824,,,,,,,-0.353169928998,,,,-0.476407558161,,,-0.350859024361,,,-0.343611596616,-0.153674564436,-0.242438903205,-0.849140201974,-0.388083020317,0.338330779711,,-0.185729355821,-1.15779895469,,-0.794242383564,0.542256332276,-0.264854284449,0.595632673648,,-0.499708965576,0.932500935249,1.03765467349,,-0.511561350059,0.471946605795
LEAN06B,"MAP3K11",ENSG00000173327,6.600153,0.217350449175,-0.165302547649,0.0922097739922,0.158428614027,0.09091861438013946,-0.253995998864,-0.75518617119,-0.278774474175,0.244215133813,0.607813146024,1.08249311824,0.510543834466,,,,,,,-0.0593062058973,,,,0.396101553811,,,0.15763553659,,,0.395289055582,0.131494160266,0.554252047659,0.263499176962,0.0836829028503,2.19429221682,,0.902092847804,-0.659994693617,,-0.691329830898,0.0214926486635,0.150920995107,1.36839299218,,-0.145015930193,2.05383721733,1.94456971687,,-0.127772817904,0.586033336149
LEAN06,"MAP3K11",ENSG00000173327,7.745863,0.018312309575,-0.570390976319,-0.181884912699,-0.169724158787,-0.1388438205444636,-0.51626245812,-0.950713147326,-0.190874368493,0.0274672252679,0.485829111578,0.96595229937,0.418276548215,,,,,,,-0.299444830461,,,,0.00360269949944,,,-0.140245864334,,,0.120958406302,-0.0867238806092,0.324409258365,0.137991066007,-0.24296685548,1.99785791052,,0.519209527082,-1.11761967528,,-1.15386902453,0.262268256194,-0.114650391506,1.17211066536,,-0.457790579448,1.69186466159,1.96832467908,,-0.371233371414,0.627290351594
MENA02F,"MAP3K11",ENSG00000173327,8.253810,-0.706444711912,-0.170963601136,-0.462003613539,-0.474698137852,-0.5403413606455414,-0.475542245179,0.112381785254,-0.173796186775,-0.748209381167,0.371969336196,-1.34035035405,-0.354030658225,,,,,,,-0.395365328342,,,,0.139125243822,,,-0.512569418951,,,0.701616519292,-0.284239013302,-0.422279507557,-0.199717744226,-0.0106963727319,-1.27570678444,,-0.748425884857,1.00780478053,,-1.83479605297,-0.119308002479,-0.534148974957,-0.611432592749,,-0.333179590538,0.972001546171,1.67019307348,,-0.418443038547,-0.855773268332
OSTE03,"MAP3K11",ENSG00000173327,6.158615,1.09382470107,2.28407873979,2.73032968377,2.8747176441,1.0592222765239114,1.22589697651,2.46832992864,0.625406337361,1.76355813905,1.35450816464,2.43772419996,2.04507445425,,,,,,,,,,,2.57761685546,,,2.59018131343,,,1.42819440757,2.41490430109,2.59437415683,1.90328276143,1.92317998937,0.720701236065,,2.9434286082,1.87639319621,,2.76518055151,-1.05664712089,3.0706913146,1.45595684672,,2.19578925668,-0.316510331711,-0.281745121632,,2.08542792566,0.334791724452
OSTE04,"MAP3K11",ENSG00000173327,18.124187,5.59100937678,5.52386107371,5.38046510105,5.65243330101,5.193652702375197,5.28096778831,4.36375172939,2.37399993418,5.47292743693,4.60469557318,3.72876340167,5.01008914082,,,,,,,5.07416095055,,,,4.17697032468,,,5.260073631,,,4.0390073309,5.21445926151,5.18169574341,3.67093261446,4.82152353844,3.02876691695,,5.90557724149,4.40468417908,,6.47121848997,2.61821075856,5.37748586842,5.11170939689,,5.20119371836,-1.17115024741,0.855777559121,,5.06925334402,5.19660678868
SCHI01,"MAP3K11",ENSG00000173327,6.045251,-2.75224840921,-2.77009556538,-2.81389218425,-2.72677045709,-3.0929750667801708,-2.76785368875,-2.56593624429,-3.09395036604,-2.6599382687,-2.91397451128,-2.29328016786,-2.70321197059,,,,,,,-2.92448012776,,,,-1.98772353152,,,-2.78834267627,,,-3.69703943011,-2.96086181555,-2.64514839958,-2.9728847482,-3.29825762555,0.103047200976,,-2.22755446461,-3.58266338275,,-1.82126931918,-2.97868279914,-2.92339589833,-2.73540477485,,-3.01504922148,-1.38260647667,-2.67020607131,,-2.89006585516,-2.20308132319
URAT01,"MAP3K11",ENSG00000173327,5.110525,5.30641459355,5.7014361487,5.8254821499,6.06504687922,5.103773573667258,5.34039149702,5.09693135446,6.9430540913,4.8924985536,4.47736402023,6.57733613855,4.41897099783,,,,,,,4.95530080795,,,,4.32322772666,,,4.65845577104,,,5.48850291496,5.09533880105,6.52157102872,5.29873559233,5.53965091338,-0.390421533457,,6.34255714073,3.54763772242,,4.87236022659,1.60857740193,5.48099696549,5.59650634134,,5.07038841152,2.20391332405,-1.00643655893,,5.22480543979,3.33274656739
URIN07,"MAP3K11",ENSG00000173327,6.467577,-4.40179955252,-5.34543075679,-4.98389130574,-5.2511559406,-4.76800715687854,-4.7540199112,-5.55018791381,-3.54182052915,-4.85571440878,-5.07581721459,-4.23983683764,-4.91352304708,,,,,,,-4.48474836349,,,,-5.21248597824,,,-4.93648194529,,,-5.46784278945,-4.84476247847,-5.29047145822,-5.5644862649,-5.02325556746,-2.43037139753,,-5.52030078262,-4.89082808359,,-3.48866457358,-3.48734169741,-4.94449089022,-4.70029243346,,-4.84293003664,-1.72012089087,-0.791007447328,,-4.7002584462,-4.32623416475
URIN09,"MAP3K11",ENSG00000173327,5.535332,-3.51540498445,-4.55352832502,-4.05652892354,-4.37678307945,-3.8360722514490297,-3.83551524596,-4.70477192845,-2.83591415072,-4.03923415083,-4.65869026937,-3.49803223496,-4.09839813441,,,,,,,-3.54008388519,,,,-4.36974497549,,,-4.15480774326,,,-4.83738868835,-4.04011039994,-4.42104065599,-4.74472225786,-4.0079238959,-2.6280205263,,-4.72456374118,-4.63528963187,,-2.51271757021,-2.98227801333,-4.15696665843,-3.92735943543,,-3.9848229479,-1.61648831198,-0.6033712897,,-3.76618926708,-3.55748083825
WAIS03F,"MAP3K11",ENSG00000173327,4.012463,4.5064150605,4.98657526921,4.45479800794,4.9461907913,4.504812050986569,4.13737826879,4.7126653388,2.44372260806,4.52474031591,4.45968068356,4.31805234148,4.27530527236,,,,,,,4.42263793945,,,,4.39694038083,,,4.88242844649,,,4.64086235044,4.63806273914,4.83668278264,3.0758042319,4.48195077485,2.69456267625,,5.06756684871,4.50832938314,,4.2550444987,2.78690646258,4.67887126456,4.24595157876,,4.62790156866,1.94054265716,2.10924922937,,4.47129837144,3.69229131803
WAIS03,"MAP3K11",ENSG00000173327,3.516384,4.44800760336,4.66493440561,4.3593007853,4.7246049733,4.38433389612785,3.94474312247,4.53363626419,2.35074672501,4.31075505102,4.10994405883,4.02758271643,3.96001956828,,,,,,,4.27613687515,,,,4.26346079206,,,4.63412101539,,,4.3411075038,4.42823528439,4.73853140465,3.19113715947,4.23619267752,2.01737458433,,4.78362044173,4.7090322698,,3.97347160228,2.65595266208,4.31335820891,4.56865351959,,4.54303272643,1.43482627443,1.74872139129,,4.33910543478,3.32090688362
WAIS04F,"MAP3K11",ENSG00000173327,4.326371,4.44094677358,4.86749653182,4.39640318278,4.87446010189,4.439942177704597,4.07737714859,4.64064209309,2.23726933618,4.45912165525,4.39500548534,4.25543103608,4.19194845452,,,,,,,4.35850000381,,,,4.33034141401,,,4.8116225256,,,4.55800879741,4.5748295851,4.76654030151,2.99543503949,4.41695270387,2.63826607853,,4.99407594946,4.44294863287,,4.21546161542,2.73586723369,4.56705517951,4.17434370553,,4.56078684368,1.85736401073,2.07866041905,,4.40645473822,3.63874502354
