code,target,ENSEMBL,association,Adipose_Subcutaneous,Adipose_Visceral_Omentum,Breast_Mammary_Tissue,Muscle_Skeletal,DGN_Whole_Blood,Whole_Blood,Artery_Aorta,Artery_Coronary,Artery_Tibial,Heart_Atrial_Appendage,Heart_Left_Ventricle,Spleen,Brain_Amygdala,Brain_Anterior_cingulate_cortex_BA24,Brain_Caudate_basal_ganglia,Brain_Nucleus_accumbens_basal_ganglia,Brain_Putamen_basal_ganglia,Brain_Cerebellar_Hemisphere,Brain_Cerebellum,Brain_Cortex,Brain_Frontal_Cortex_BA9,Brain_Hippocampus,Brain_Hypothalamus,Brain_Spinal_cord_cervical_c-1,Brain_Substantia_nigra,Nerve_Tibial,Cells_Transformed_fibroblasts,Cells_EBV-transformed_lymphocytes,Colon_Sigmoid,Colon_Transverse,Esophagus_Gastroesophageal_Junction,Esophagus_Mucosa,Esophagus_Muscularis,Liver,Minor_Salivary_Gland,Small_Intestine_Terminal_Ileum,Stomach,Adrenal_Gland,Pituitary,Pancreas,Thyroid,Lung,Ovary,Prostate,Testis,Uterus,Vagina,Skin_Not_Sun_Exposed_Suprapubic,Skin_Sun_Exposed_Lower_leg
AMIN02,"GLS",ENSG00000115419,8.273444,-3.48922781211,,-3.66117980915,-3.6344074237,-1.9859346491892254,-0.42876224454,,,-2.54010188703,,-3.71151621092,,,,,,,,,,,-1.96463665978,,,,-4.69306605764,,,-3.69812402741,-3.61366189775,-5.02916466482,-4.31777373691,-2.83315852688,,,,-3.93801951534,,-2.58517965885,,,-2.85451361314,,,-4.4032631873,,,-2.3731502091,-0.570527950433
BLOO04,"GLS",ENSG00000115419,11.291758,-5.09421085696,,-5.67323819799,-5.2100729373,-0.718980948997137,-3.33149319896,,,-2.98504853567,,-5.24849604726,,,,,,,,,,,-0.139340465387,,,,-6.05801693752,,,-5.93251665704,-4.73221241891,-5.34481318693,-5.76234065811,-4.38766102996,,,,-4.96675535557,,-1.42264397856,,,-3.44824763587,,,-5.48256797522,,,-4.45864482291,-2.4360810412
BLOO21,"GLS",ENSG00000115419,13.585277,-5.20694950677,,-5.95533668048,-5.45921140406,-0.10667872797354513,-3.45899433997,,,-3.18010608743,,-5.41892869504,,,,,,,,,,,-0.652373418479,,,,-6.38812772462,,,-6.14309602887,-5.1146313912,-5.44885268102,-5.98944496051,-4.48178646799,,,,-5.33231080811,,-1.6840075515,,,-3.77389651005,,,-5.56019530819,,,-4.50857127991,-2.59208325841
BLOO22,"GLS",ENSG00000115419,14.188653,-5.27566336482,,-5.93816031742,-5.49464879044,-0.4612372942836546,-3.54371996862,,,-3.20312766339,,-5.44839609553,,,,,,,,,,,-0.403314446545,,,,-6.48086429244,,,-6.11966770859,-5.02448088196,-5.68454530579,-6.02915773896,-4.5196741589,,,,-5.20571800162,,-1.69059231543,,,-3.69942287022,,,-5.69106772597,,,-4.69211730094,-2.50813917926
BLOO23,"GLS",ENSG00000115419,12.316080,-4.12428355682,,-4.74027611407,-4.66711072262,-0.5538652930228453,-2.79504490337,,,-2.59536954433,,-4.27080719358,,,,,,,,,,,-0.022651392474,,,,-5.50189825872,,,-4.87872338372,-4.3713899168,-4.91808387461,-4.87987517695,-3.47746497823,,,,-4.23226603422,,-1.82416183411,,,-3.10054694977,,,-4.65780500817,,,-3.44676841626,-1.69624960911
BLOO29,"GLS",ENSG00000115419,12.216082,-5.25603870992,,-4.62496504922,-5.14123767681,-6.154956108737308,1.01061216863,,,-5.45086565797,,-5.04642088579,,,,,,,,,,,-1.69350504726,,,,-5.17482426363,,,-4.75898765781,-3.65060898903,-6.23744967742,-5.22039297591,-3.79513629823,,,,-4.36261883509,,-0.359313700947,,,-3.3339155771,,,-6.02831808816,,,-5.04144184702,-2.5757924693
BLOO31,"GLS",ENSG00000115419,6.433834,1.21817911822,,2.12868019009,2.23761640398,-1.3001487604391433,0.225320576734,,,-0.148369600892,,1.53211470848,,,,,,,,,,,1.6047838128,,,,2.71841768499,,,3.46618619996,2.41368919615,2.18246909794,2.53289901897,0.991685943821,,,,1.54062995039,,0.0525618198972,,,1.3013893608,,,1.83771891599,,,1.96245842784,1.05457615039
BLOO36,"GLS",ENSG00000115419,10.939415,-5.0148525018,,-5.70800250673,-5.17168527346,-0.18731881962470662,-3.30045939439,,,-2.94799318037,,-5.20817221787,,,,,,,,,,,-0.435401380039,,,,-5.954152815,,,-6.02998697588,-4.89272679379,-5.0617135628,-5.72436965287,-4.34768615762,,,,-5.17062506276,,-1.36528579509,,,-3.55857426247,,,-5.32043043956,,,-4.23908118477,-2.53190908485
HEIG03,"GLS",ENSG00000115419,8.225534,4.0407869396,,4.38262656647,4.13618881703,1.4892500807663043,0.0438207924016,,,3.81322818319,,4.2304450539,,,,,,,,,,,-1.24789296528,,,,5.19500127778,,,4.80895204321,4.56237620023,5.27666485096,5.05448396099,2.74890931398,,,,2.86935103886,,1.88053853917,,,1.91238782468,,,4.60662943607,,,2.87803782169,1.66284622736
LUPU01,"GLS",ENSG00000115419,10.975063,2.16693534129,,2.53405931327,4.07741568438,0.366902313152085,1.12419782119,,,0.57223418951,,2.52123398326,,,,,,,,,,,-1.9125697362,,,,4.10892899441,,,5.44691486341,3.5882479344,4.07638021331,3.66863548696,2.58460805313,,,,0.94421568655,,0.0733234366834,,,1.12197086923,,,3.34378430623,,,3.86190586373,-0.244020388395
