code,target,ENSEMBL,association,Adipose_Subcutaneous,Adipose_Visceral_Omentum,Breast_Mammary_Tissue,Muscle_Skeletal,DGN_Whole_Blood,Whole_Blood,Artery_Aorta,Artery_Coronary,Artery_Tibial,Heart_Atrial_Appendage,Heart_Left_Ventricle,Spleen,Brain_Amygdala,Brain_Anterior_cingulate_cortex_BA24,Brain_Caudate_basal_ganglia,Brain_Nucleus_accumbens_basal_ganglia,Brain_Putamen_basal_ganglia,Brain_Cerebellar_Hemisphere,Brain_Cerebellum,Brain_Cortex,Brain_Frontal_Cortex_BA9,Brain_Hippocampus,Brain_Hypothalamus,Brain_Spinal_cord_cervical_c-1,Brain_Substantia_nigra,Nerve_Tibial,Cells_Transformed_fibroblasts,Cells_EBV-transformed_lymphocytes,Colon_Sigmoid,Colon_Transverse,Esophagus_Gastroesophageal_Junction,Esophagus_Mucosa,Esophagus_Muscularis,Liver,Minor_Salivary_Gland,Small_Intestine_Terminal_Ileum,Stomach,Adrenal_Gland,Pituitary,Pancreas,Thyroid,Lung,Ovary,Prostate,Testis,Uterus,Vagina,Skin_Not_Sun_Exposed_Suprapubic,Skin_Sun_Exposed_Lower_leg
BFPC02M,"UQCC1",ENSG00000101019,6.370193,4.32824019664,4.37319594212,2.37122663679,4.0672443389,4.407655679486341,4.81243985032,3.02761703417,,3.90383642925,,,,,,,2.58142875892,,,,4.38160158897,,2.60135938405,,,,4.11118329294,3.88129258216,4.0897721648,,,,4.53015778754,,,4.57322825636,,2.95133967362,,,,3.56822499681,4.20952430692,1.89852138443,,,,,4.41422688713,4.02695859287
BFPC03M,"UQCC1",ENSG00000101019,6.568540,4.35344686284,4.39672985581,2.38807615556,4.09369616811,4.431664601964756,4.8077816479,3.04454558597,,3.92049761006,,,,,,,2.59999725979,,,,4.40523713901,,2.6251382454,,,,4.12252800498,3.91170756827,4.08424381042,,,,4.54527341307,,,4.59504573653,,2.96662525059,,,,3.60889271879,4.24062119787,1.91329443944,,,,,4.43710911981,4.05531831369
BFPC04M,"UQCC1",ENSG00000101019,7.875789,4.78257438276,4.77007059153,2.79373212626,4.37892934526,4.77716771998329,4.96895902924,3.76870588539,,4.08211310531,,,,,,,2.74633821684,,,,4.79091192942,,3.31692551542,,,,4.37522378659,4.5657288667,4.12523266219,,,,4.89804701331,,,4.85224674399,,3.44656286468,,,,4.3643631883,4.48176230865,1.13448939176,,,,,4.75143216558,4.57094054153
CHOL21,"UQCC1",ENSG00000101019,5.138489,3.87652338622,3.8362913161,2.71978941275,3.78855425287,4.1330325658815275,3.75561764806,4.36563958608,,4.32611837167,,,,,,,5.12837919989,,,,3.97202139801,,2.03745349043,,,,2.35766770756,4.11892449688,2.27661383664,,,,4.02764965704,,,4.39371452409,,3.12101950177,,,,5.09620279711,3.85312061557,4.23256046568,,,,,3.80473774721,4.29034413249
FATM04B,"UQCC1",ENSG00000101019,7.961618,-4.58973548477,-4.64054208024,-3.69320815421,-4.81015588118,-4.579509238846822,-4.85227047251,-1.53592910199,,-4.56194387993,,,,,,,-2.95530136891,,,,-4.64258374085,,-2.32016456912,,,,-4.93567506554,-4.5681976285,-4.8159674168,,,,-4.94418345297,,,-4.80589171443,,-4.39991362413,,,,-3.36765695882,-4.969452232,-1.9846232382,,,,,-4.65368749687,-4.62207100487
FATM04F,"UQCC1",ENSG00000101019,9.302108,-4.97161956698,-4.99971004628,-3.68795728472,-5.02717127363,-4.938647801939056,-5.50110465122,-2.27036041967,,-4.99268033381,,,,,,,-2.89645440558,,,,-5.0232799555,,-2.9526405073,,,,-5.57761534011,-4.93183899366,-5.2482408682,,,,-5.34863647949,,,-5.07332952363,,-4.54001309396,,,,-3.85389170852,-5.05957997432,-1.39125010961,,,,,-4.9917379144,-5.10842883176
FATM04,"UQCC1",ENSG00000101019,9.263898,-4.9823247917,-5.03141407932,-3.9807958493,-5.17473307131,-4.966418695765615,-5.30016083105,-1.80992397421,,-4.91314508367,,,,,,,-3.17146951586,,,,-5.03613411436,,-2.58199228981,,,,-5.4135541491,-4.96473874001,-5.22569045046,,,,-5.35200087121,,,-5.17414496746,,-4.71995205704,,,,-3.7196393293,-5.312536514,-1.9977332224,,,,,-5.03894424613,-5.02553223272
GROW01M,"UQCC1",ENSG00000101019,5.991868,-4.62003659475,-4.6149197743,-2.44774071341,-4.54865909379,-4.497133183690727,-4.03118012392,-3.36208733876,,-3.51114218218,,,,,,,-2.88977929274,,,,-4.2985950563,,-2.18463675191,,,,-4.26065823206,-4.37325862289,-4.34130907444,,,,-4.55882056973,,,-4.76028386857,,-3.81433110599,,,,-2.96670977187,-4.21674901487,-3.45888775825,,,,,-4.54167513275,-3.95465947622
HEIG02,"UQCC1",ENSG00000101019,25.126302,-10.1603612805,-10.161278327,-7.94798819338,-9.85141752382,-10.070769179036335,-6.64777687846,-0.0987221781684,,-10.5819246002,,,,,,,-6.35839583356,,,,-10.0975584456,,-1.30467315863,,,,-9.24070277396,-8.61943802763,-5.68307942847,,,,-8.71663904598,,,-10.3812995009,,-7.45485061661,,,,-7.66030916327,-9.11913859339,-2.8741506768,,,,,-10.178050199,-9.86983613369
HEIG03,"UQCC1",ENSG00000101019,59.169764,-19.4753178924,-19.4812113356,-11.7790125846,-19.0511245695,-19.473257905261022,-19.3448791739,-11.4682844578,,-16.569355828,,,,,,,-11.9170243044,,,,-19.3936529811,,-1.40456248864,,,,-17.1328934771,-18.6543373021,-16.6814074141,,,,-20.0108051692,,,-20.1499267342,,-15.2817932206,,,,-13.8594952888,-19.8029462941,-7.11871998502,,,,,-19.4267838694,-18.1883628512
HEIG04F,"UQCC1",ENSG00000101019,26.622931,-9.57716978951,-9.56303447463,-7.01506451005,-9.2508839658,-9.926195856780186,-9.73876364333,-5.24261940177,,-8.31543830846,,,,,,,-6.60378580232,,,,-9.80819752856,,-0.638319006112,,,,-8.72886452153,-9.12032315279,-8.2635602208,,,,-9.5722970223,,,-10.0139849232,,-7.41643823492,,,,-4.45337173794,-9.27704605352,-2.76974139557,,,,,-9.40303459132,-9.19245873684
HEIG04M,"UQCC1",ENSG00000101019,24.589138,-10.2832049577,-10.3157489544,-6.05439622774,-10.0145518272,-10.74915027749404,-10.2773284385,-5.72949786167,,-9.55897190474,,,,,,,-7.60375056502,,,,-10.6240886345,,-1.55030928525,,,,-9.34562594912,-9.57811050946,-8.84796868287,,,,-10.2847372213,,,-11.0120409014,,-8.28358137095,,,,-5.12961652808,-10.4324295365,-4.85844776983,,,,,-10.2745910552,-9.87559801071
HIPC01M,"UQCC1",ENSG00000101019,9.848354,-5.22239641212,-5.36172159599,-4.16135106374,-5.43304962371,-5.379175549800446,-6.24402008462,-4.48416558188,,-4.85858169049,,,,,,,-3.59945710113,,,,-5.40533605121,,-0.00931572121341,,,,-4.87169770087,-5.34021255968,-4.74658781695,,,,-5.8931792854,,,-5.39992264251,,-4.41709345554,,,,-3.50389125913,-5.95325161328,-1.00151648321,,,,,-5.49251763242,-5.37286335843
HIPC01,"UQCC1",ENSG00000101019,14.172011,-5.50919104237,-5.65502440863,-5.50335544384,-5.76274475698,-5.671199990374549,-6.91301190541,-3.85816449272,,-6.19065193973,,,,,,,-4.3901149641,,,,-5.51553768887,,-0.963210015633,,,,-5.04597293893,-6.01317736673,-5.71830478917,,,,-6.30006249009,,,-5.85890482635,,-4.95829140194,,,,-3.41796404871,-5.74600828996,-2.04503107024,,,,,-5.72037941755,-5.8774042473
HIPC02M,"UQCC1",ENSG00000101019,10.424270,-5.04873590609,-5.15253546749,-4.30765596746,-5.28168350794,-5.242279188955802,-6.07051071682,-3.87879805108,,-4.75639981915,,,,,,,-3.55472263256,,,,-5.30953443526,,0.0520715478379,,,,-4.8789922532,-5.20640695292,-4.56840382859,,,,-5.7158638194,,,-5.22656810734,,-4.37164654684,,,,-3.42597052145,-5.73610229032,-0.976851243362,,,,,-5.27413583437,-5.2248551531
HIPC02,"UQCC1",ENSG00000101019,12.831797,-5.25677296571,-5.3633104979,-5.40329029687,-5.54732220914,-5.435420850366704,-6.69127825673,-3.43696011507,,-5.97560861982,,,,,,,-4.26676035318,,,,-5.29054634803,,-0.918081213676,,,,-4.82384000359,-5.7815561936,-5.38707480729,,,,-6.02664580232,,,-5.59564524176,,-4.79073030132,,,,-3.24224759799,-5.51964479434,-1.94636435232,,,,,-5.40956450292,-5.62366719586
HIPC03F,"UQCC1",ENSG00000101019,15.454668,-4.97381416399,-5.20743284671,-4.92434322536,-5.26807156382,-5.24357776150831,-7.04288906906,-5.10564642404,,-5.2052939081,,,,,,,-4.45127430361,,,,-5.00590903349,,-0.680560192412,,,,-3.98545297007,-5.69526441492,-6.28734211132,,,,-6.25878880142,,,-5.5466262673,,-4.72912320239,,,,-4.63869672055,-5.09104832247,-4.16956766343,,,,,-5.32392011815,-5.01707898606
HIPC03M,"UQCC1",ENSG00000101019,22.122923,-8.7679346375,-8.85120665698,-5.19846195484,-8.59558062273,-8.810714700342425,-8.94215381335,-6.65521502568,,-7.23917337033,,,,,,,-5.6143442434,,,,-8.7674855561,,-2.1310076852,,,,-7.83438801689,-8.3828903336,-7.95364498196,,,,-9.12834944999,,,-9.02010530436,,-6.98623158464,,,,-6.22327249753,-9.31461231367,-2.15466164149,,,,,-8.91655110546,-8.72216467811
HIPC03,"UQCC1",ENSG00000101019,35.102307,-9.05409391136,-9.24461424768,-6.78807045519,-9.2202755589,-9.388155128760369,-10.8313027024,-7.90524722632,,-8.28373423873,,,,,,,-6.82589256532,,,,-9.29153136974,,-1.37651798393,,,,-7.36133883719,-9.50647013446,-9.78583286545,,,,-10.3171928074,,,-9.64276191583,,-8.0312109001,,,,-7.25307704647,-9.41150526562,-4.38039120041,,,,,-9.35428867722,-9.14946951262
HIPC04F,"UQCC1",ENSG00000101019,12.958765,-4.84099478631,-5.04165150042,-4.69454450207,-5.14568024606,-5.101067747480147,-6.85629493909,-5.01182786793,,-5.08382613254,,,,,,,-4.37480027869,,,,-4.85618581703,,-0.684262501139,,,,-3.70340207205,-5.53100931577,-5.98517907799,,,,-6.06173846515,,,-5.39712732804,,-4.5931130093,,,,-4.48768491718,-4.95512206703,-4.08505704653,,,,,-5.13695602028,-4.85627372625
HIPC04M,"UQCC1",ENSG00000101019,17.406194,-8.37289446395,-8.44835438,-5.2980180259,-8.42702123222,-8.678855406219206,-8.93888016411,-6.41771625911,,-7.14447250209,,,,,,,-5.52554135495,,,,-8.65884922813,,-2.14556408314,,,,-7.75879597119,-8.27615608414,-7.89979093191,,,,-9.03346324537,,,-8.67328885838,,-6.8481600434,,,,-6.16096762451,-9.00996613839,-2.07849323117,,,,,-8.54968327331,-8.48285113468
HIPC04,"UQCC1",ENSG00000101019,30.100699,-8.78266261633,-8.95267513889,-6.65967321586,-9.01755883903,-9.165843357066567,-10.6745602044,-7.77654841029,,-8.07898869385,,,,,,,-6.65595720765,,,,-9.09450047759,,-1.38343207305,,,,-7.08293090802,-9.27273916426,-9.52916087256,,,,-10.0844793119,,,-9.35709370203,,-7.78423783184,,,,-7.11070777796,-9.18678238302,-4.24504414059,,,,,-9.06748034426,-8.89834663257
LEAN04B,"UQCC1",ENSG00000101019,49.783201,-13.9601750985,-14.0850203819,-8.70780637277,-13.540418069,-13.958540355828804,-14.2953793804,-6.83160496292,,-12.367669135,,,,,,,-9.56882209611,,,,-14.1493397546,,-7.73406905777,,,,-13.4014366458,-13.3384599604,-13.0730507162,,,,-14.7809763916,,,-14.6441567958,,-11.8436664632,,,,-10.9629173192,-14.4395207357,-5.693871283,,,,,-14.1927435357,-13.3222791427
LEAN04F,"UQCC1",ENSG00000101019,22.955578,-7.99674207919,-8.09548226393,-4.42522927762,-7.70539140383,-8.053445198244411,-8.25448983175,-3.93608109337,,-6.80406699523,,,,,,,-6.2433113455,,,,-8.16960772525,,-3.70334486334,,,,-7.87949238057,-7.49049974798,-7.8639650041,,,,-8.69324217226,,,-8.47785053482,,-6.85872391728,,,,-6.2090397767,-8.33309101152,-3.8834174311,,,,,-8.23561477115,-7.75369391127
LEAN04M,"UQCC1",ENSG00000101019,49.259708,-13.6260696417,-13.7083446746,-9.29904423272,-13.2904501638,-13.543828256158026,-13.8667228086,-6.61729287169,,-12.4729784865,,,,,,,-8.29062089563,,,,-13.7223281957,,-8.56427056161,,,,-12.7961033652,-13.2377096819,-12.2298458073,,,,-14.1116089116,,,-14.1679893454,,-11.4651813199,,,,-10.8086961537,-14.0086951363,-4.69693631458,,,,,-13.7053605512,-12.8354772163
LEAN04,"UQCC1",ENSG00000101019,66.509845,-15.3658877043,-15.4769847615,-10.0676247671,-14.9708646364,-15.327157142937518,-15.662678078,-7.56497304299,,-13.8237187566,,,,,,,-10.056424105,,,,-15.5200945801,,-9.05198893664,,,,-14.61318996,-14.8319866351,-14.0728727847,,,,-16.1091534339,,,-16.04118655,,-13.0439999907,,,,-12.1807294183,-15.8319113116,-5.81845117071,,,,,-15.5349814767,-14.6084449918
LEAN05B,"UQCC1",ENSG00000101019,59.163340,-14.1106009076,-14.2364477421,-8.75506864418,-13.7055456912,-14.110212962167452,-14.4943093386,-6.94844375931,,-12.4016928026,,,,,,,-9.59735280165,,,,-14.3015106968,,-7.67637099755,,,,-13.6105401215,-13.5008188281,-13.2700606152,,,,-14.9559326603,,,-14.7679542025,,-11.8989484687,,,,-11.0726521845,-14.5816261792,-5.65272507831,,,,,-14.3433984028,-13.4700635884
LEAN05F,"UQCC1",ENSG00000101019,26.532999,-8.26421742981,-8.36454944379,-4.5252728751,-7.99474155861,-8.323547986270892,-8.57806947455,-4.13268392031,,-6.92481161722,,,,,,,-6.34138070765,,,,-8.43961011246,,-3.70349638324,,,,-8.19431220017,-7.77723889343,-8.16755379783,,,,-8.99702925538,,,-8.72202114685,,-7.00216858198,,,,-6.42455390953,-8.60817671082,-3.8811445909,,,,,-8.50480163617,-8.01868728788
LEAN05M,"UQCC1",ENSG00000101019,53.493481,-13.6036971852,-13.6861661946,-9.30395609723,-13.2617707784,-13.519518775168809,-13.8540875204,-6.59224354303,,-12.444764064,,,,,,,-8.24894248717,,,,-13.7000404877,,-8.51836732348,,,,-12.8046251917,-13.207009119,-12.2307474992,,,,-14.0843751211,,,-14.1339374032,,-11.4336015575,,,,-10.7690180311,-13.9629806871,-4.65022743284,,,,,-13.6810098926,-12.8064713275
LEAN05,"UQCC1",ENSG00000101019,48.568781,-15.4744794207,-15.5870455452,-10.1114935416,-15.0854260604,-15.436089669743438,-15.7961402592,-7.64048734803,,-13.8545555155,,,,,,,-10.0680247387,,,,-15.6307090368,,-9.01886568627,,,,-14.7721143712,-14.9376576915,-14.2139770503,,,,-16.2289929567,,,-16.126811872,,-13.0804235304,,,,-12.2477874528,-15.9272587565,-5.76027080962,,,,,-15.6443586903,-14.7091565881
LEAN06B,"UQCC1",ENSG00000101019,60.187153,-18.9616955838,-19.0864595872,-12.6712847001,-18.6959283427,-19.02924637172425,-20.2297037904,-10.6365360786,,-17.0948783997,,,,,,,-12.6690730513,,,,-19.1003087766,,-10.1247635092,,,,-18.4547271265,-18.5929810206,-18.1597070934,,,,-20.2970899134,,,-19.9252048452,,-15.7229641567,,,,-15.4526694731,-19.8557900225,-7.37967822163,,,,,-19.1898498355,-18.4108562257
LEAN06F,"UQCC1",ENSG00000101019,54.805708,-12.4729640296,-12.5665828588,-7.91930769221,-12.3213766102,-12.573100348195723,-13.6120726843,-7.04800774275,,-11.2587102724,,,,,,,-8.23227423511,,,,-12.5778923534,,-6.54319436747,,,,-12.5610861158,-12.2374183745,-12.3074548732,,,,-13.5756755071,,,-13.0926056604,,-10.049520885,,,,-10.3079980788,-13.1269745192,-3.90315160008,,,,,-12.6905123177,-12.3187846276
LEAN06M,"UQCC1",ENSG00000101019,49.330386,-17.3990158757,-17.4933564446,-12.2836339473,-17.1214766465,-17.372363943009937,-18.0830608607,-9.65208919825,,-15.668458008,,,,,,,-11.7827966758,,,,-17.5037743261,,-9.47406878044,,,,-16.271427924,-17.056788538,-16.0865304135,,,,-18.2677091833,,,-18.3026434581,,-14.8939435214,,,,-13.9648366294,-18.1151463337,-8.26303054771,,,,,-17.5021521199,-16.5687961091
LEAN06,"UQCC1",ENSG00000101019,75.769832,-20.3956034825,-20.5258043258,-13.9324439748,-20.0928063061,-20.434438014289768,-21.4709045214,-11.3649315226,,-18.3360293306,,,,,,,-13.7516534691,,,,-20.5344217073,,-10.9521059986,,,,-19.5058466798,-19.9801586129,-19.2123750815,,,,-21.6533149377,,,-21.446209908,,-17.1408756965,,,,-16.5167533287,-21.3320668284,-8.57610016493,,,,,-20.6039164229,-19.7002835048
WEIG04F,"UQCC1",ENSG00000101019,7.489187,-4.17039993186,-4.14281275385,-4.85145110827,-4.37000494388,-4.370074671287567,-5.32326906718,-1.63170172386,,-4.99617624268,,,,,,,-4.39142311649,,,,-4.49403584348,,-0.682686834849,,,,-4.69847930944,-4.18798689797,-4.21061316309,,,,-4.2435257695,,,-4.45733938862,,-3.83817010496,,,,-0.250654689283,-4.2821740117,-1.48693847984,,,,,-4.07048882536,-4.06780345889
WEIG04M,"UQCC1",ENSG00000101019,8.347058,-5.28520596661,-5.26212830171,-4.181259362,-5.46134976856,-5.551362627407418,-5.28241711928,-3.25065815464,,-5.19093263583,,,,,,,-2.62213318719,,,,-5.67843326225,,-0.345894341837,,,,-5.27364539484,-5.37437296205,-3.64078573696,,,,-5.40392637735,,,-5.45499518031,,-3.92403965603,,,,-3.11881664088,-5.42365228615,-0.709462218052,,,,,-5.2510214977,-5.19126611735
WHIP03M,"UQCC1",ENSG00000101019,7.099950,5.07186369861,5.10940645242,2.94777377157,4.87311396169,5.144257976261745,4.85230899636,4.70722831429,,4.21184492366,,,,,,,3.33842304568,,,,5.06874935305,,1.24272275641,,,,4.36597157907,4.83701233382,4.51667696799,,,,4.98454144105,,,5.11567117776,,4.07960608303,,,,3.97982562868,5.19586365649,1.10809110285,,,,,5.12843790629,5.11861438107
WHIP03,"UQCC1",ENSG00000101019,7.329819,4.57753124328,4.59638354291,1.952950703,4.67167645353,4.694323108624531,4.81619253002,4.6976673015,,3.2542531957,,,,,,,2.47476325274,,,,4.72383700493,,0.548802347344,,,,3.78278799463,4.75083368388,4.87852525228,,,,4.74939772305,,,4.47951765579,,3.64213149188,,,,3.81589569586,4.57480669618,0.85590667643,,,,,4.59830873712,4.44626138671
WHIP04M,"UQCC1",ENSG00000101019,8.370387,4.90225708697,4.94785121126,2.97954646141,4.85793151836,5.157019150227264,5.01057093699,4.8982417633,,4.20843338575,,,,,,,3.30683615284,,,,5.08620379909,,1.30456928237,,,,4.36816222848,4.87620282846,4.71162557501,,,,5.09013195105,,,4.98319303682,,4.04522705552,,,,4.02146831808,5.11920258274,1.05995085535,,,,,5.00163882149,5.04162354134
WHIP04,"UQCC1",ENSG00000101019,7.270924,4.56659493764,4.61775449123,1.91625730005,4.66627885576,4.718697599529164,4.90192855466,4.93495648117,,3.2435546965,,,,,,,2.42625718369,,,,4.73931868347,,0.575969384779,,,,3.74152457364,4.74583137934,5.0460326211,,,,4.85160257374,,,4.47374926538,,3.61010856414,,,,3.86400292928,4.59007855233,0.818020031932,,,,,4.64720576304,4.46944449488
WHIP05M,"UQCC1",ENSG00000101019,12.610657,6.23822505775,6.30963485456,5.01378773024,6.33877950682,6.34984387862351,6.64217277011,6.33225379232,,6.38238522804,,,,,,,4.00463632982,,,,6.33239234239,,1.28533782805,,,,5.43041190538,6.24311924079,4.91694113813,,,,6.37348938059,,,6.2076587513,,5.24265000424,,,,4.76298442801,6.70867336607,0.50727687535,,,,,6.37553371663,6.37767013864
WHIP05,"UQCC1",ENSG00000101019,10.484630,5.31622447202,5.33597769159,3.69833511635,5.56872411451,5.447834925074096,5.88516425286,5.13944140134,,4.51943426872,,,,,,,3.03088698431,,,,5.45441592303,,0.674686525486,,,,4.53232636238,5.60640821022,5.12680063879,,,,5.49661895865,,,5.13868674295,,4.34090182255,,,,3.95521600891,5.26347974176,0.192094623986,,,,,5.33765386214,5.38010358693
WHIP06M,"UQCC1",ENSG00000101019,13.122761,6.02821567729,6.10016243089,4.98951074956,6.27087113225,6.31706263911208,6.72903930626,6.43326346557,,6.33588900519,,,,,,,3.95180876405,,,,6.31330920765,,1.25470205628,,,,5.42901231598,6.23693093242,5.08962913838,,,,6.43000595035,,,6.03886522306,,5.17593624072,,,,4.77851446949,6.56437286427,0.474215463976,,,,,6.19660821437,6.25688717067
WHIP06,"UQCC1",ENSG00000101019,10.645047,5.27478488886,5.31706469356,3.62065739,5.53072474916,5.441878263693692,5.92786986624,5.30949255754,,4.47465160617,,,,,,,2.97705557261,,,,5.44325170288,,0.63223259363,,,,4.45424804382,5.57737651739,5.23767646629,,,,5.56643690976,,,5.10308041455,,4.2988885539,,,,3.98310093315,5.25338250125,0.158405997997,,,,,5.34082850791,5.37285825752
