code,target,ENSEMBL,association,Adipose_Subcutaneous,Adipose_Visceral_Omentum,Breast_Mammary_Tissue,Muscle_Skeletal,DGN_Whole_Blood,Whole_Blood,Artery_Aorta,Artery_Coronary,Artery_Tibial,Heart_Atrial_Appendage,Heart_Left_Ventricle,Spleen,Brain_Amygdala,Brain_Anterior_cingulate_cortex_BA24,Brain_Caudate_basal_ganglia,Brain_Nucleus_accumbens_basal_ganglia,Brain_Putamen_basal_ganglia,Brain_Cerebellar_Hemisphere,Brain_Cerebellum,Brain_Cortex,Brain_Frontal_Cortex_BA9,Brain_Hippocampus,Brain_Hypothalamus,Brain_Spinal_cord_cervical_c-1,Brain_Substantia_nigra,Nerve_Tibial,Cells_Transformed_fibroblasts,Cells_EBV-transformed_lymphocytes,Colon_Sigmoid,Colon_Transverse,Esophagus_Gastroesophageal_Junction,Esophagus_Mucosa,Esophagus_Muscularis,Liver,Minor_Salivary_Gland,Small_Intestine_Terminal_Ileum,Stomach,Adrenal_Gland,Pituitary,Pancreas,Thyroid,Lung,Ovary,Prostate,Testis,Uterus,Vagina,Skin_Not_Sun_Exposed_Suprapubic,Skin_Sun_Exposed_Lower_leg
ANOR02,"MST1R",ENSG00000164078,4.438553,-4.30177242531,-4.74145014278,,-4.32067294868,3.6164133968509455,,,,-5.17304423584,-3.10885067641,-2.789001642,,,-4.21775280588,-4.10638106702,-3.62235894647,,-5.57108044078,-4.30651655262,-4.42968007579,-6.95178316285,,,,,-3.86088072246,-3.76768856482,,-3.86622420233,-1.46486782482,,-5.23261431524,-4.18491538653,-3.16766675354,,,,,,,-2.17153111249,-4.13424082661,,,,,,-3.90225014425,-3.9585271166
ANOR05,"MST1R",ENSG00000164078,4.191499,-4.992492868,-4.80492471225,,-4.22289471528,3.4893636926283897,,,,-4.98958448759,-3.17575384015,-3.09318386058,,,-4.18593958914,-3.89662014756,-3.60297458736,,-5.39808992922,-4.17230988261,-4.3420599835,-6.87798928715,,,,,-3.86015790765,-3.59897373892,,-3.60864499385,-1.82626357411,,-5.1293031513,-4.2807131092,-3.18926392386,,,,,,,-2.04022306035,-4.16432423138,,,,,,-3.97427831436,-4.0427414214
BFPC02B,"MST1R",ENSG00000164078,9.562028,5.7015506932,4.29434766113,,6.00626508901,-5.698283441426374,,,,5.52445929758,4.08194893733,3.6393339756,,,5.43942196725,5.48617300273,5.22058824452,,6.31601217602,5.67428904573,5.94690304994,5.68963706064,,,,,5.4620690592,5.533430848,,4.92324674455,2.8338275496,,6.63494631073,4.65029966359,3.07509970369,,,,,,,3.95461671021,3.89933223731,,,,,,5.19466719249,5.57567064172
BFPC02F,"MST1R",ENSG00000164078,4.739213,3.81096380625,3.11385036851,,4.25155100942,-4.167311246526093,,,,3.79959995267,3.09771590819,2.76736629524,,,3.55753873695,3.9941535472,2.88547116866,,4.09867064018,3.96110692706,4.25976023237,3.86944313374,,,,,3.9366100518,3.99841705744,,4.03836803903,1.34678707503,,4.96748933617,3.88327769132,1.46937628573,,,,,,,2.96448421294,2.74110826593,,,,,,3.5191898555,3.81112574041
BFPC02M,"MST1R",ENSG00000164078,5.675039,4.26936579068,3.03566263657,,4.32047370916,-4.000290429324609,,,,4.05510762268,2.78083539399,2.46970526654,,,4.13181172351,3.86309279033,4.36016159612,,4.82034811583,4.12246744514,4.24036646239,4.21231828372,,,,,3.87675801981,3.91904249719,,3.12979170025,2.53073334913,,4.57010046289,2.90345649855,2.7400331492,,,,,,,2.72115545306,2.82009100197,,,,,,3.85300384827,4.11293598167
BFPC02,"MST1R",ENSG00000164078,10.817557,5.58737813772,4.32602088849,,5.95390882852,-5.741225194272165,,,,5.4704672428,4.08207174677,3.71290330873,,,5.3430502167,5.4439140975,4.972478273,,6.13848142968,5.6334414567,5.92458988169,5.65536745983,,,,,5.45087144155,5.48609803198,,5.02618854769,2.635902353,,6.61727997855,4.74215933423,2.78812552271,,,,,,,3.97776884135,3.79592651615,,,,,,5.07800359672,5.52258854588
BFPC03B,"MST1R",ENSG00000164078,11.398418,5.87240484409,4.30466753509,,6.23569248828,-5.820541572224622,,,,5.64892168116,4.22710626731,3.72991568353,,,5.5514429278,5.74549827857,5.29785793211,,6.43794599198,5.81642910087,6.11933701817,5.80650626716,,,,,5.62220321049,5.79734504808,,5.13791231316,2.96731630104,,6.81128906969,4.85253495961,3.19946651396,,,,,,,4.15833847169,4.13794646887,,,,,,5.3378788853,5.70142828194
BFPC03F,"MST1R",ENSG00000164078,5.710746,4.05323262707,3.13574209179,,4.59353551008,-4.374383284155097,,,,3.9671893073,3.31488256756,2.87185029145,,,3.71938862941,4.37994718814,2.99380441374,,4.26682172272,4.16875164502,4.51556893715,4.08727053641,,,,,4.178943379,4.403257913,,4.34717255711,1.48191543333,,5.17384276158,4.11284485041,1.62470376826,,,,,,,3.30568434994,3.10916518993,,,,,,3.71844277051,4.00306533848
BFPC03M,"MST1R",ENSG00000164078,5.145560,4.29734782662,3.02774219032,,4.3441824123,-3.991144610059425,,,,4.08054231271,2.79358508553,2.50000236054,,,4.14752928322,3.89071905378,4.37727335296,,4.84368748088,4.13920064317,4.25752116812,4.19107089353,,,,,3.88918025475,3.9381002998,,3.15728113771,2.59895637419,,4.62746427611,2.97588290225,2.78177317659,,,,,,,2.71377739472,2.83834113024,,,,,,3.87879780638,4.12189876487
BFPC03,"MST1R",ENSG00000164078,10.932000,5.78135774533,4.34573719597,,6.22274273226,-5.889291794908009,,,,5.61248136888,4.25651993125,3.81082175308,,,5.47171442034,5.74749255328,5.06028382303,,6.27472795409,5.79939791579,6.12479326417,5.80621525772,,,,,5.64189876151,5.79741632067,,5.27103147308,2.77752861109,,6.80769443504,4.96350239642,2.92777078421,,,,,,,4.22669828666,4.07941303075,,,,,,5.24276006098,5.67366347885
BFPC04B,"MST1R",ENSG00000164078,25.464541,8.13538885446,6.50963238099,,9.60340838637,-8.522850924813095,,,,8.76121539565,6.73600735878,6.50236253163,,,9.1398373393,8.98937708954,8.88066566824,,10.1116782399,9.60783951774,9.08829620081,8.59580180331,,,,,9.13021169995,8.91930331624,,6.79595285669,4.75533276225,,9.74723926546,8.15941097594,5.12345064455,,,,,,,7.00643245388,6.54668261632,,,,,,8.49197605666,8.91831889183
BFPC04F,"MST1R",ENSG00000164078,14.434188,6.10412806573,4.63719213705,,7.29121295123,-6.384986843614693,,,,6.78172814266,5.30299431706,5.11277863101,,,6.76846724314,6.89138084657,6.1236099735,,7.30188268524,7.25354594809,6.89691866168,6.31726891289,,,,,6.93042765591,6.80127118987,,5.64413401077,2.79504069632,,7.46202209416,6.00237381526,3.90855927662,,,,,,,5.29003510939,4.55654709757,,,,,,6.29315771884,6.62566360397
BFPC04M,"MST1R",ENSG00000164078,14.012580,6.08361338939,5.08019413838,,7.11022983809,-6.38400965911057,,,,6.37388901778,4.82680635882,4.66250187937,,,6.91306634922,6.59830244086,7.10405939246,,7.806967597,7.1488381944,6.73215752607,6.54229013918,,,,,6.76106871801,6.57835048671,,4.62110583781,4.21695086044,,7.16285193115,6.20637885153,3.77681407629,,,,,,,5.2123198649,5.20176161576,,,,,,6.41784947073,6.72706946559
BFPC04,"MST1R",ENSG00000164078,20.785050,8.10535343665,6.49660149393,,9.59477991375,-8.554078006413093,,,,8.81972601712,6.76156578677,6.54016358772,,,9.13265115885,8.981390479,8.74001221172,,10.0439942484,9.62442057286,9.10580723685,8.60691829016,,,,,9.14929431262,8.90116907879,,6.92754324245,4.54513367035,,9.7629439702,8.05857462311,5.1423162044,,,,,,,6.99996536405,6.41209645643,,,,,,8.4304595566,8.91494312322
BLOO04,"MST1R",ENSG00000164078,28.973794,2.64677642453,-1.31361732157,,-0.332766276724,4.488390358473765,,,,6.5384122704,-4.05388139054,1.26337727951,,,-1.62978289874,-0.775288512255,-1.84240858586,,1.56487208419,0.116467201748,-0.571294577073,2.48363787829,,,,,-1.47656027059,-2.20224124264,,-0.634375753951,-0.342329969625,,6.08513820344,4.39513177396,0.214671517412,,,,,,,-9.76779412825,-2.52275174071,,,,,,2.45003080015,-1.40406468295
BLOO07,"MST1R",ENSG00000164078,3.662820,1.22892108001,1.17880637619,,2.806711651,-4.978808550177933,,,,3.31470428925,1.57640859021,1.57799460451,,,3.87541227955,2.44501250582,3.59666901479,,4.19654279682,3.76748879996,4.12496019869,2.75916274314,,,,,2.97818586042,2.8484411957,,2.88713292486,0.491683516594,,1.37683701944,-1.47258761346,3.90278580965,,,,,,,4.12645503883,2.56173305971,,,,,,1.93451000515,2.830669639
BLOO21,"MST1R",ENSG00000164078,36.791129,6.07092649466,-1.69245285734,,-0.403274293579,4.666191068275365,,,,6.70793267563,-4.50136284035,1.08268014646,,,-1.62700579288,-0.987034460579,-1.82628146459,,1.73931653631,0.288206424473,-0.9924687122,4.46213287257,,,,,-1.43250771964,-2.47083879096,,-1.12043016823,-1.53053371136,,6.30170539697,5.37867167475,-0.207435002402,,,,,,,-10.1390585108,-3.31509912528,,,,,,1.98118370342,-1.48612912203
BLOO22,"MST1R",ENSG00000164078,32.489174,6.09037610805,-2.03412182667,,-0.392131755122,4.4708706089262185,,,,6.56306066907,-4.65488061236,0.836803763043,,,-1.700951008,-0.977434723465,-2.04580650682,,1.63343329517,0.202094045453,-0.83372807533,4.39449688985,,,,,-1.52245778744,-2.4402056426,,-0.756685248675,-1.64456041028,,6.32342296044,5.15578227544,-0.191961472719,,,,,,,-10.0916879042,-3.42996696902,,,,,,1.78154085091,-1.52207946268
BLOO23,"MST1R",ENSG00000164078,25.424535,4.57308940251,-2.54933380705,,-0.342352712727,3.147265268233556,,,,4.4301743967,-4.07515022343,0.200339900961,,,-1.51410800242,-0.856342363367,-1.77582027725,,1.24874919479,0.110910940341,-0.846778763874,3.42441104489,,,,,-1.25480270536,-1.9053197746,,-0.574090034964,-1.91033873948,,5.01808033421,4.6063492014,-0.559249292832,,,,,,,-7.52427520747,-1.7107970545,,,,,,1.15335877223,-1.39946810213
BLOO26,"MST1R",ENSG00000164078,8.108959,1.94177158227,4.8095684999,,3.21580154262,0.2032281626045399,,,,3.01397346913,5.34659358596,3.22014592891,,,3.263309912,3.34310804476,4.47121019697,,3.23937115648,2.88770117949,1.46776231489,2.73495634779,,,,,3.71653428655,3.04484772377,,-0.532486500716,4.47910193036,,3.20577829829,3.74779913864,3.84145689867,,,,,,,1.29428010449,3.2872577709,,,,,,4.58024390862,3.35497370325
BLOO27,"MST1R",ENSG00000164078,9.350928,2.1641857913,5.33306025455,,3.5873330793,-0.29862377290663006,,,,3.58010445998,5.31664925911,3.79019798394,,,3.67836034565,3.55312639872,4.75928687213,,3.693776863,3.41330259944,1.94516012375,2.79508620359,,,,,4.08703756875,3.18466811952,,-0.10992607767,4.97803869778,,4.07364231922,4.70364525303,3.70739156975,,,,,,,1.24206080943,3.44151460489,,,,,,5.02226613146,3.83653779897
BLOO35,"MST1R",ENSG00000164078,4.367067,2.5056116065,2.18364878655,,3.48740613915,-3.9685709503532163,,,,2.55258698334,3.00215257167,2.64702083221,,,2.65744185913,3.02437013557,1.87960526226,,3.8800305899,2.77492958675,3.3391127483,4.48586275961,,,,,3.13567998788,2.88881832587,,3.91680499656,1.90109817279,,5.02559150223,5.02943694106,1.116444917,,,,,,,1.5581619177,3.95220348357,,,,,,2.71245405337,2.73400708149
BLOO36,"MST1R",ENSG00000164078,29.600326,5.97429330504,-0.950018214774,,-0.25373949553,4.7809468916697675,,,,6.91317725097,-3.82354824711,1.61719521164,,,-1.45260544438,-0.719832911727,-1.48127158339,,1.76889178795,0.329065537104,-0.727411958481,4.02757527728,,,,,-1.27144119442,-2.19562548867,,-1.11514109453,-0.645720857359,,6.23587095223,4.98041031307,0.219097768216,,,,,,,-9.89308621501,-3.53141343357,,,,,,2.23577766721,-1.27400090058
BODY03,"MST1R",ENSG00000164078,7.032663,2.99826366168,1.6387525248,,4.24360318661,-3.656139179277298,,,,3.49888086707,3.39037485163,4.17287861144,,,4.52940583177,3.83187068255,5.03066529463,,4.6461581128,4.59337717231,3.46309111861,3.55998685621,,,,,4.66782599437,3.77949053487,,2.29792925843,2.67788993927,,3.69640663509,2.50607844575,4.38685040707,,,,,,,4.27806682131,2.2874282105,,,,,,4.98023022155,4.35197934835
BODY04M,"MST1R",ENSG00000164078,6.348867,1.76112391355,1.23662497248,,3.74418548798,-3.218876876784568,,,,3.45770482015,3.54120887508,2.8542404275,,,4.05854898039,3.36200882181,4.74537410315,,4.30747755064,4.25425111239,2.73621233155,2.94349203297,,,,,4.44127217546,3.3023440451,,1.79446042592,2.67281555094,,2.98026541339,1.45830943787,4.38216578905,,,,,,,4.15401448971,1.27705019116,,,,,,4.71377600022,3.77044909988
BODY04,"MST1R",ENSG00000164078,7.609489,3.02907866078,1.70470475539,,4.38768342788,-3.73841150056163,,,,3.70811383036,3.54618528548,4.33043806598,,,4.7519959126,4.04084396861,5.23925130991,,4.88800987111,4.84131293546,3.64256662351,3.63414341242,,,,,4.86118913577,3.96447951723,,2.45700087198,2.73401859787,,3.81418030023,2.58144084936,4.57190361875,,,,,,,4.47323928313,2.30836316492,,,,,,5.14382235719,4.44771499341
BODY06B,"MST1R",ENSG00000164078,20.253685,6.07287015217,5.76820200133,,7.89206563901,-5.986081222526512,,,,7.71348602348,6.07738796595,5.81849348265,,,7.47826236734,7.19767776765,7.7153281372,,7.95774228578,7.95160033752,6.5882953956,5.83752029253,,,,,7.90977534804,7.14540217456,,4.22631126773,5.29215551163,,7.85238217015,6.48848703727,5.24073340031,,,,,,,5.97800665749,5.50374583825,,,,,,7.88178425722,7.75924660506
BODY06F,"MST1R",ENSG00000164078,5.898322,3.39708904223,3.4368742764,,4.47424365114,-3.4029507451622463,,,,4.3729452812,3.85509425912,2.91195663305,,,4.04913619431,4.17885036142,3.51236349247,,4.0824109144,4.58320144907,3.72166834371,3.03707788543,,,,,4.62159509168,4.15308710231,,2.7674398291,2.09636583304,,4.624622762,4.16901639109,2.14340308735,,,,,,,3.48417600561,2.90522572342,,,,,,4.45584257728,4.29685778057
BODY06M,"MST1R",ENSG00000164078,13.019869,5.04806166165,4.63492145811,,6.51106884056,-4.93138092497602,,,,6.3624403385,4.70352103355,5.09218007836,,,6.31400144906,5.86378861082,7.01730264176,,6.88796776958,6.50145383839,5.44587377735,5.02501440697,,,,,6.42118135052,5.81791036552,,3.20674892407,5.05043575501,,6.3471161553,4.98131128341,4.95012541877,,,,,,,4.86096208639,4.70393877765,,,,,,6.50859313489,6.47927240779
BODY06,"MST1R",ENSG00000164078,17.346209,5.8667021523,5.64805254714,,7.60020578555,-5.74068814283295,,,,7.4490998707,5.95129207867,5.60474246203,,,7.1646139529,6.93515173439,7.22776739615,,7.50700349667,7.68355617046,6.3208446677,5.57322735069,,,,,7.66253907026,6.87755102686,,4.12174522452,4.93186802913,,7.61424443759,6.43639209445,4.75757922218,,,,,,,5.74687630045,5.18241567945,,,,,,7.6113672118,7.46570180428
BODY07B,"MST1R",ENSG00000164078,16.292234,6.2408610416,5.76089808047,,8.08196397476,-6.036386406908324,,,,7.81572617246,6.18255476967,5.91330980571,,,7.56331533429,7.40470514334,7.78566790548,,8.04253032639,8.06830361739,6.69563663986,5.87891924666,,,,,8.0451312942,7.35261502559,,4.38266314452,5.48472158798,,8.03006571999,6.72640857086,5.37899798581,,,,,,,6.12736657742,5.73643947659,,,,,,8.02556400955,7.8714661236
BODY07F,"MST1R",ENSG00000164078,6.734805,3.61653542292,3.42113243451,,4.76693563174,-3.5227361406273117,,,,4.52289161373,4.00721987513,3.06322702852,,,4.18074049901,4.49253121421,3.63267523362,,4.2221737803,4.76836659232,3.88985790724,3.14810610073,,,,,4.83915111142,4.47909919523,,2.97842380466,2.32778444115,,4.87056397702,4.45868279089,2.33417290266,,,,,,,3.73980434445,3.25844787637,,,,,,4.67288599536,4.4756540646
BODY07M,"MST1R",ENSG00000164078,13.329504,5.09384395148,4.6385938612,,6.52852428537,-4.9050809122556425,,,,6.3793167602,4.7176602776,5.10149440353,,,6.32455479236,5.88535801153,7.02460573871,,6.89452656886,6.50864520636,5.45449082858,4.99707169783,,,,,6.42649215996,5.83011606866,,3.24041543061,5.12530881192,,6.38349843099,5.05777362202,4.98741130628,,,,,,,4.85409264516,4.73048650259,,,,,,6.52587570686,6.48744552527
BODY07,"MST1R",ENSG00000164078,18.543953,6.05860183968,5.647860511,,7.82597629171,-5.8131283917091245,,,,7.56784488603,6.07705952261,5.71966244415,,,7.26431561975,7.1781979098,7.31114661466,,7.60522528596,7.82272240516,6.44950500578,5.64003299776,,,,,7.82838237647,7.1233995572,,4.29671766953,5.14359714357,,7.81545640799,6.69554898833,4.91101888652,,,,,,,5.93214869789,5.45807984061,,,,,,7.78003215266,7.605836845
BODY08B,"MST1R",ENSG00000164078,40.355010,8.67899374876,8.25430873337,,12.3927010659,-9.005200718282873,,,,11.4693203767,9.53525815891,9.20076670207,,,12.0790435955,11.6239623768,12.6232822938,,12.5628474954,12.6201131138,9.87341574195,8.47643460177,,,,,12.4416973387,11.4923789156,,5.66048034784,8.11151412651,,11.5332786507,10.6552090725,8.68461782014,,,,,,,10.096067751,9.19166476238,,,,,,12.3296508594,11.8897106652
BODY08F,"MST1R",ENSG00000164078,24.451169,6.66943601362,5.77925179107,,9.04250400278,-6.334328542564579,,,,8.60823304278,7.26439725536,6.38954298703,,,8.83994749705,8.56910300088,8.42625218811,,8.89131933365,9.24475979605,7.2257789424,6.37216173108,,,,,9.01407508684,8.37931658709,,4.73776181033,4.65552198998,,8.51817484087,8.06842161538,6.39084915116,,,,,,,6.93303245273,6.12200661799,,,,,,8.7641319479,8.46843728705
BODY08M,"MST1R",ENSG00000164078,25.126180,6.22608223537,6.40066158329,,9.3024035554,-6.962490603689359,,,,8.40223368292,6.89673846403,7.18179144703,,,9.04531156301,8.65056803307,10.145175501,,9.66436471324,9.44283222764,7.39388600858,6.20143986928,,,,,9.39400386121,8.63238506736,,3.73438807848,7.16663140403,,8.56769679994,7.74748466375,6.47238334914,,,,,,,7.94905235046,7.40089713438,,,,,,9.45191769164,9.10100310355
BODY08,"MST1R",ENSG00000164078,33.640563,8.73870956898,8.21809324793,,12.2827232656,-8.869502387572105,,,,11.4697523726,9.52529335913,9.03060903017,,,12.0008090906,11.5304675499,12.3281413164,,12.405894947,12.5334702867,9.78042136757,8.54791238813,,,,,12.3378299473,11.3675866319,,5.73776330082,7.71190352737,,11.4865294,10.6354342003,8.61231280541,,,,,,,9.85494874582,8.93080179761,,,,,,12.1854423868,11.7629626589
CHOL22,"MST1R",ENSG00000164078,5.915424,-1.88720253483,-1.58580903406,,-3.33986464082,4.246405976932327,,,,-2.87503999104,-2.91927763325,-2.53293296089,,,-5.03442101909,-2.87117854514,-3.98236326212,,-4.09777567772,-4.37686626168,-4.08123103374,-3.44658487838,,,,,-3.74591386049,-2.70309278113,,-2.76614852158,-1.12523392334,,-3.14770293382,-2.38529711657,-4.63173130193,,,,,,,-3.51116824222,-3.21179473191,,,,,,-3.20527627548,-3.67617940241
COAD03,"MST1R",ENSG00000164078,4.270390,2.1468603806,1.92254558097,,4.08708481055,-2.7116165616352306,,,,3.20828247226,3.61386996282,2.63942911717,,,3.31016600889,3.4192837405,2.94703645744,,4.29830256769,3.63389904525,3.0693829017,2.33067456566,,,,,3.67965027512,3.26119773099,,1.41920059604,3.59343012291,,5.80115111545,4.48341571754,2.77245448933,,,,,,,2.00747724058,3.83189169946,,,,,,4.19344242113,3.30943222576
CROH01,"MST1R",ENSG00000164078,7.731469,-4.47118033386,-2.32517772183,,-5.68300759364,4.337773495641454,,,,-5.35525176526,-4.38874896232,-4.41009536988,,,-4.45720198251,-5.46165790579,-4.71825099242,,-6.80760079683,-4.99527725512,-5.74621868225,-4.95891056136,,,,,-4.79963220984,-5.30008074853,,-5.07365130423,-2.47964945208,,-7.35227546561,-4.98068893916,-5.86919626157,,,,,,,-2.2874266707,-4.74864906662,,,,,,-5.13388627579,-4.1517138466
EDUC01F,"MST1R",ENSG00000164078,16.368282,-6.55551635634,-4.59030141713,,-7.77771685137,5.364516037328892,,,,-5.68548953719,-7.77180545237,-6.31231192014,,,-6.58503895449,-7.28767161918,-6.70879661888,,-7.60157569449,-6.61812782682,-7.28570808814,-6.35433050781,,,,,-7.16966273081,-6.93897311647,,-4.70549116427,-4.28867345979,,-8.10885873289,-8.2026724418,-5.94759343962,,,,,,,-4.76655389473,-7.16478274899,,,,,,-7.57862503871,-6.61505925621
EDUC01M,"MST1R",ENSG00000164078,14.803741,-5.44363501488,-4.99202292752,,-5.99255040428,3.4517626611146826,,,,-5.75934367484,-7.25151008838,-5.02236836264,,,-5.62619751504,-6.04528707824,-6.80174267013,,-6.89481596871,-5.54917761473,-4.84469790894,-4.40958863254,,,,,-6.24644848819,-5.68552891959,,-2.83987640462,-5.45539564872,,-6.11757628636,-6.63754014541,-5.09004160772,,,,,,,-3.71493972785,-4.3866123992,,,,,,-7.14431581481,-5.58949191345
EDUC01,"MST1R",ENSG00000164078,26.727300,-8.3406897823,-6.57672368181,,-9.41750985822,5.968210262454412,,,,-7.80605451123,-10.3032760871,-7.83728346778,,,-8.35221924563,-9.12636696706,-9.13960981753,,-9.84229466856,-8.28075859961,-8.35167913814,-7.55256750421,,,,,-9.15640762209,-8.65787026692,,-5.21026912307,-6.63304703143,,-9.59546230155,-10.2194364372,-7.53971070632,,,,,,,-5.86700545702,-8.01758498546,,,,,,-10.1195670379,-8.32110133462
EDUC02,"MST1R",ENSG00000164078,16.668026,-5.13754737861,-3.34752360772,,-6.61954865367,4.081771875028567,,,,-5.22971363339,-7.29666002967,-5.22101871479,,,-5.67253770698,-6.22222192339,-6.17960613924,,-6.84494258859,-5.51094309187,-6.13751496414,-6.08113326058,,,,,-6.50471619477,-5.9177301782,,-3.60300333456,-3.77497866489,,-6.49654953271,-6.59993562881,-6.39400258561,,,,,,,-3.78527438651,-6.20562531197,,,,,,-6.84522866062,-5.64435948267
EDUC03,"MST1R",ENSG00000164078,50.187013,-11.4044951116,-9.05960350201,,-14.688425343,8.63083098197591,,,,-10.7240036668,-15.1530302171,-11.6412513244,,,-11.7045469628,-14.873547144,-12.4265801553,,-13.7603827491,-11.9687408105,-12.6182375998,-10.1179112686,,,,,-13.3932241412,-14.4100309197,,-9.17016576033,-9.36934071317,,-14.8518619766,-14.5133487021,-10.4496492048,,,,,,,-9.55647981284,-12.2274721582,,,,,,-14.5598481524,-12.0180448726
FATM02B,"MST1R",ENSG00000164078,14.218553,5.91538813344,4.97443233695,,6.79155163913,-6.258402372738944,,,,6.68285971537,4.87777459366,4.25268374116,,,6.33313137139,6.14572146906,6.06590050998,,6.9985716245,6.69903280879,6.3730046113,5.55760233862,,,,,6.47202681966,6.17831319359,,4.68109563191,3.69563155661,,7.1339440108,4.92347328228,3.74333503813,,,,,,,4.80957488598,4.78189370724,,,,,,6.02518006492,6.52067120531
FATM02F,"MST1R",ENSG00000164078,6.775596,3.67208826767,3.56784163649,,4.58343924905,-4.190093943517594,,,,4.43013356623,3.61351894324,2.94115398943,,,4.02993610799,4.2698371517,3.28723328099,,4.20858825237,4.57394510395,4.26529889083,3.24144758989,,,,,4.49466717024,4.27891220246,,3.50889684219,1.79186006643,,4.97776492698,3.81432829152,1.83786251249,,,,,,,3.51620832006,2.97397087761,,,,,,3.96534432508,4.31470457129
FATM02M,"MST1R",ENSG00000164078,7.192797,4.64240089582,3.5476644283,,5.05261355102,-4.681689758278999,,,,5.02992328374,3.38913811354,3.10697319721,,,4.89435864942,4.48056040879,5.11501746704,,5.59014205654,4.94339703048,4.7680785459,4.51851492348,,,,,4.72039928619,4.51448569321,,3.22261044664,3.27286135382,,5.18496322649,3.29677526356,3.29861281397,,,,,,,3.37674940724,3.74737553026,,,,,,4.55624456936,4.91654384245
FATM02,"MST1R",ENSG00000164078,12.405729,5.73434652107,4.99153022867,,6.68170396333,-6.191107623937715,,,,6.56728043243,4.86946985226,4.25701243181,,,6.18742040895,6.05327343537,5.76777626229,,6.71715151701,6.61415152765,6.26641797653,5.38512874571,,,,,6.41220637812,6.08171990257,,4.68716446174,3.48204827693,,7.0264263252,4.96609890621,3.42658830213,,,,,,,4.80709474306,4.58954886521,,,,,,5.88110851564,6.42053158637
FATM03B,"MST1R",ENSG00000164078,13.958173,6.08921490702,4.98352818789,,7.01348448407,-6.363652413390926,,,,6.7696607171,5.01397070377,4.33231527607,,,6.42710342479,6.39889392648,6.12056181571,,7.0884973559,6.8184622576,6.52496894808,5.63427181359,,,,,6.61953202758,6.43698647127,,4.9109457705,3.86421048306,,7.31356407177,5.13131930911,3.86385475381,,,,,,,5.01599165474,5.04419541239,,,,,,6.15562224327,6.63854040406
FATM03F,"MST1R",ENSG00000164078,7.330553,3.88197271557,3.57286877992,,4.90501412849,-4.379298023578593,,,,4.53859220234,3.80539369802,3.03238096144,,,4.16157055253,4.63375448034,3.36076383539,,4.33582784127,4.74347668947,4.48743896182,3.39996742206,,,,,4.71250424669,4.66312264269,,3.83126595198,1.98056305776,,5.20426375588,4.04119291205,1.99686049245,,,,,,,3.84355524255,3.36579163523,,,,,,4.14447339194,4.48705475037
FATM03M,"MST1R",ENSG00000164078,8.111461,4.70057423924,3.55053883028,,5.08313244184,-4.666920398839451,,,,5.05329374399,3.4088674915,3.13467205425,,,4.91052666588,4.51750453565,5.13088465193,,5.60669408422,4.96003784486,4.78665517608,4.49621304302,,,,,4.73530939843,4.54302932652,,3.26162869039,3.34549758473,,5.23306401809,3.37965652415,3.33309342642,,,,,,,3.38229116758,3.77964437137,,,,,,4.58126378091,4.93074243155
FATM03,"MST1R",ENSG00000164078,13.331968,5.925492241,5.00460545538,,6.94081039125,-6.321491002541884,,,,6.66310090555,5.03162578497,4.34358897793,,,6.29390182577,6.34768719049,5.82908547426,,6.81839492934,6.75164162073,6.44227789301,5.48956682001,,,,,6.58722381268,6.38507256085,,4.9483981502,3.66564425396,,7.22521399782,5.18987671976,3.56704826406,,,,,,,5.05475697624,4.8993871326,,,,,,6.03168264723,6.56095515336
FATM04B,"MST1R",ENSG00000164078,29.126180,7.93328380182,7.26105471991,,10.7073498721,-9.307403962089236,,,,10.0521193875,7.87764407903,7.2355598384,,,10.4258496957,9.98389775665,10.247076069,,10.9979325457,10.9698635159,9.58660019035,8.03583799697,,,,,10.5093012563,9.96317483646,,6.35647900285,5.85185392034,,10.1544421254,8.45269820695,6.30066160647,,,,,,,8.5435836263,7.79404976873,,,,,,9.71440622208,10.1665240141
FATM04F,"MST1R",ENSG00000164078,17.566758,6.10586543677,5.45409958601,,8.3347651361,-7.024625202024471,,,,7.94956000128,6.47379619763,5.6908110053,,,8.08076219,7.78720901749,7.36585804408,,8.11360334028,8.57768935161,7.37067183367,5.96872825003,,,,,8.22984356215,7.7112406778,,5.24227135755,3.77601790078,,7.84021146565,6.45608797004,5.26856335193,,,,,,,6.62063017536,5.42287861613,,,,,,7.41803668821,7.86909145181
FATM04M,"MST1R",ENSG00000164078,18.643458,5.74779305734,5.37603051505,,7.67889699352,-6.863870298325108,,,,7.10122363154,5.35994500944,5.138405201,,,7.50730081477,7.14625596399,7.86907232441,,8.26871643293,7.83508861875,6.95395464976,6.00779916628,,,,,7.49482104173,7.1827487353,,4.31128907335,4.85860903626,,7.33547194796,6.16842928769,4.20822461162,,,,,,,6.15235595849,6.13932820898,,,,,,7.08805059556,7.32928579488
FATM04,"MST1R",ENSG00000164078,27.745114,7.93394483023,7.30354596157,,10.7298998617,-9.331007813517214,,,,10.1335891204,7.96738020471,7.25193112909,,,10.4769353749,9.98833067985,10.1326391903,,10.9428669725,11.0292759196,9.59910044773,8.06572683883,,,,,10.5696556775,9.94898935839,,6.45198657063,5.66180481494,,10.1793850875,8.40346743432,6.40323223049,,,,,,,8.54090249268,7.63553679708,,,,,,9.6904975695,10.2165661592
HEAL01,"MST1R",ENSG00000164078,7.198617,-4.15237055715,-4.2424615278,,-5.00300746032,2.9012058468504582,,,,-3.44080042729,-5.35538456048,-4.61432794324,,,-4.26304137077,-5.14959632162,-4.55677056859,,-4.33168439237,-3.99718711574,-4.27785985085,-2.34929818573,,,,,-4.41598579614,-4.97968770441,,-3.73415159133,-5.09749242699,,-5.56143496389,-5.35240056797,-3.1696025673,,,,,,,-3.21350201735,-4.81294654862,,,,,,-4.65222623859,-4.24941249674
INCO01,"MST1R",ENSG00000164078,4.351328,-4.03848699724,-2.5834391054,,-4.12572272307,3.228539998377119,,,,-2.64248152606,-4.09452445433,-4.20253537674,,,-3.04792347031,-3.79970591791,-2.97680579528,,-3.62795185174,-3.3844702995,-4.08641688515,-2.69478382024,,,,,-3.70778343859,-3.83055364206,,-3.01859220967,-2.36164201484,,-5.06815150843,-4.15734308038,-2.1947324465,,,,,,,-2.12914718894,-3.90817879425,,,,,,-3.47309669244,-3.51041514436
INFB01,"MST1R",ENSG00000164078,9.585846,-4.79213285519,-3.81660516167,,-6.39288051396,3.9794598755874,,,,-6.18339313169,-6.16068294815,-4.77679212893,,,-5.00632543717,-6.38488315733,-5.3898329626,,-7.26390935318,-5.26230958557,-6.24581385345,-5.55011743652,,,,,-5.5732121606,-6.12533808304,,-5.28633655075,-3.00859740016,,-8.3485181548,-5.69421436783,-6.71093285492,,,,,,,-2.19633554226,-4.85035395931,,,,,,-6.27996171259,-4.91587675134
LEAN04B,"MST1R",ENSG00000164078,8.809500,2.79322701248,5.02710154169,,5.0500463107,-3.7093960944900286,,,,5.58195029028,4.95895014489,3.01183564095,,,5.14431559174,4.71596383331,5.10170394706,,4.72245885521,5.45438573476,3.87836370494,2.12690498151,,,,,5.47032401905,4.65017456505,,1.40791627737,3.43754559663,,3.69486259742,3.1843135967,2.90017253571,,,,,,,4.93833904693,4.27106013263,,,,,,5.12181569448,5.25439005995
LEAN04M,"MST1R",ENSG00000164078,6.667804,2.9456099067,3.6531433867,,4.53954685092,-3.6757073815450028,,,,4.44277711643,4.07097337464,2.92705995325,,,4.54211788861,4.1300523348,4.90877983284,,4.50507988587,4.39927362707,3.58696214575,3.06295739039,,,,,4.62034349078,4.06420744762,,1.6350211325,3.42457658697,,3.5216216076,3.10609163669,3.19064346961,,,,,,,3.96839961088,4.32760767837,,,,,,4.45283683295,4.49884629272
LEAN04,"MST1R",ENSG00000164078,11.065426,3.23812159534,4.89188753543,,5.31153336226,-3.977651007439433,,,,5.59813649465,5.03625774479,3.32445092129,,,5.35589875851,4.90214231297,5.51332937111,,5.04838309081,5.47412965937,4.08275853249,2.7864301398,,,,,5.59557703369,4.81815287196,,1.61543894512,3.87680522292,,4.02886389428,3.60038122415,3.25164391317,,,,,,,4.90109612128,4.69550554587,,,,,,5.37414100647,5.3984438738
LEAN05B,"MST1R",ENSG00000164078,10.151398,2.87585936993,5.04333861476,,5.13630746039,-3.731177925761047,,,,5.53590118373,5.00880095759,3.03879254491,,,5.12072933826,4.82085018207,5.02855670845,,4.67205809681,5.45315311966,3.91502029521,2.110133951,,,,,5.5053888952,4.75899625137,,1.56965632523,3.53336149677,,3.80728417193,3.31195248085,2.86069411057,,,,,,,5.00414243938,4.41358781942,,,,,,5.15512624525,5.27815048626
LEAN05M,"MST1R",ENSG00000164078,6.866206,3.02390539542,3.67390781511,,4.56790198323,-3.650411544548777,,,,4.45278129555,4.10216601844,2.94563461256,,,4.55394701158,4.16288687858,4.92034088069,,4.50149079565,4.40689813545,3.59744688859,3.04844004008,,,,,4.63624745827,4.09119980921,,1.66404864945,3.49200268513,,3.53294718167,3.17681511187,3.19841158672,,,,,,,3.98723901292,4.3770414949,,,,,,4.47782725572,4.51874780308
LEAN05,"MST1R",ENSG00000164078,9.283988,3.33976910402,4.92675170668,,5.39392439509,-3.992491455108245,,,,5.58530794389,5.0965132153,3.3616685945,,,5.35936479424,4.99601915006,5.48193141297,,5.02369915824,5.49067606836,4.12348717168,2.78218774875,,,,,5.6419983555,4.91203142462,,1.73360803857,3.9744449022,,4.11313850466,3.71513688368,3.23116538042,,,,,,,4.96821091964,4.81948904278,,,,,,5.42102202208,5.44138804946
LEAN06B,"MST1R",ENSG00000164078,23.238576,4.46414621774,6.91390999713,,8.81055737382,-6.98799308289373,,,,8.67001862553,7.81640589733,5.50760840709,,,9.03408999465,8.34762306256,9.01199183723,,8.46522505753,9.25526412393,6.89396115472,3.83377785717,,,,,9.0939838025,8.35599398699,,3.21551264798,5.28447784637,,6.66273124079,5.54073958134,6.1906078255,,,,,,,8.3528882678,7.36031923532,,,,,,8.48785216093,8.67256730294
LEAN06F,"MST1R",ENSG00000164078,15.334175,3.87402289963,5.95844499097,,7.18611374543,-5.428788163571358,,,,7.33007627908,6.51968678111,4.39779334981,,,7.59420895069,6.81909513449,7.07205467072,,6.86962090453,7.77140170788,5.70131599166,3.11743789014,,,,,7.44315745041,6.71462742993,,2.7944315822,4.14896217319,,5.66541162662,4.85949992938,5.38775973276,,,,,,,6.54694701373,5.50215577909,,,,,,6.88136762218,7.22950794341
LEAN06M,"MST1R",ENSG00000164078,12.780887,2.62791406977,4.13561515876,,5.91157335423,-5.114366539545568,,,,5.41064211985,5.01671954227,3.84132248299,,,5.70733240987,5.58471567541,6.48104581077,,5.73324757846,5.86153545297,4.50251426803,2.58665151012,,,,,6.06031545815,5.76623696557,,1.89305690472,3.79616296759,,4.10735693235,3.18323143334,3.62224573482,,,,,,,6.02434463493,5.72455326857,,,,,,5.75643064422,5.57372777941
LEAN06,"MST1R",ENSG00000164078,19.121789,4.18965550543,6.40649256212,,8.3893277634,-6.753496979823664,,,,8.09403121744,7.35784715317,5.26732140439,,,8.42171407063,7.94720418284,8.76175168329,,8.06705196652,8.63167373009,6.44959502785,3.71805859889,,,,,8.63562884578,8.02357537126,,2.88265498402,5.14113321369,,6.19730196152,5.11142658474,5.60184134767,,,,,,,8.0658441079,7.34848668269,,,,,,8.17359576553,8.13061889535
LONG05,"MST1R",ENSG00000164078,5.957582,4.25124536337,3.30139041429,,4.92505112958,-3.793114197341506,,,,3.59436397546,3.94504931197,3.88293909604,,,3.69074490349,4.92751829701,4.36934617166,,4.1876564554,4.05788643444,4.58760369955,3.69760650741,,,,,4.42421878999,5.08418442287,,3.37873695816,2.81423497319,,3.70437701745,3.65338175856,3.15943312035,,,,,,,4.65639479727,4.1482456394,,,,,,4.05926715688,4.43201890608
MENA01F,"MST1R",ENSG00000164078,5.833481,3.98699759368,5.190522302,,3.33660157414,-1.3535213336523275,,,,2.28772667907,4.38901461147,1.28629558072,,,3.35876240747,3.5588611407,2.9851932324,,2.60403751529,2.76545680608,2.47786383181,1.88175120384,,,,,3.20771648078,3.38372531528,,2.14757971482,1.87430132004,,2.67132062112,2.07126304564,2.85517300174,,,,,,,1.77819680807,2.24662488679,,,,,,2.93179747177,3.25541343713
MENA02F,"MST1R",ENSG00000164078,16.616310,5.10880235544,6.38490768716,,5.62860704315,-2.877870836347823,,,,4.13623296814,8.55938283599,3.57001244546,,,5.21840673425,5.5058058208,5.40644504426,,4.09639646849,4.65596280447,4.21495731371,3.24823857353,,,,,5.65658106199,5.14988998445,,1.74939111655,3.52118734244,,3.79322985881,4.93309468833,4.74530583513,,,,,,,3.80625951446,5.2785296778,,,,,,6.24187291043,5.62727016671
OSTE04,"MST1R",ENSG00000164078,10.061836,2.4121023642,2.10569318504,,4.39472199739,-6.03434217745628,,,,5.2614721297,0.704371108561,3.85202633156,,,4.63271054241,3.63940077613,4.34656504092,,5.12731050356,5.2253933666,5.39925725865,4.24530012872,,,,,4.15306670275,3.85060440174,,4.0112226561,0.582204436813,,4.66957711509,1.61148854193,1.88655759942,,,,,,,3.79890361614,1.4910105134,,,,,,2.97198341322,4.30319479803
PRSC01,"MST1R",ENSG00000164078,3.822262,-2.5043976728,-1.22105141993,,-3.20926271502,0.5997455915674884,,,,-3.55264142747,-4.78550216805,-3.22045244653,,,-1.51326585126,-3.48316731702,-3.37348186391,,-3.7880891096,-2.27272996376,-1.41476837391,-1.63661475391,,,,,-3.16023176577,-3.00636669876,,-0.648712856432,-2.84284636099,,-5.79487888372,-3.70862285574,-2.70335527953,,,,,,,3.20614085673,-2.41038169623,,,,,,-5.27805660707,-2.53218617215
REPR01F,"MST1R",ENSG00000164078,9.723377,-4.56401037461,-1.68663320916,,-6.57577396644,4.496299181577271,,,,-4.79980776759,-5.51732897065,-5.80134441352,,,-6.11036504825,-6.54461844614,-6.67219244969,,-6.11167703378,-6.04838845997,-5.8940034919,-3.5201163975,,,,,-5.92349541829,-6.46968555772,,-4.32554986133,-5.09243716435,,-6.18924438556,-4.71591485846,-6.2937708208,,,,,,,-5.42593739852,-4.26594904332,,,,,,-6.38469495985,-5.6045164717
REPR01M,"MST1R",ENSG00000164078,5.754068,-4.53570326361,-2.89832144074,,-4.79453773007,3.5475460739300257,,,,-4.24302223171,-4.24257115467,-4.1458224119,,,-4.24872979762,-4.60481173278,-4.58368683469,,-4.44773038373,-4.50787567836,-4.17662987238,-4.02831811229,,,,,-4.50860466852,-4.70597521471,,-3.31871079804,-3.11914620316,,-4.31519327798,-4.8874980862,-3.33240235247,,,,,,,-4.29218854145,-3.10768087905,,,,,,-4.93860806452,-4.45905487768
REPR01,"MST1R",ENSG00000164078,13.185227,-6.19014133473,-3.01390229744,,-8.06835285416,5.78807928584759,,,,-6.46712267851,-6.82169658767,-7.07977068814,,,-7.41396149651,-7.92701788959,-8.03911486898,,-7.57403501237,-7.56049705049,-7.2241915744,-5.03429292162,,,,,-7.46352168114,-7.93454037395,,-5.38464515168,-6.08866303811,,-7.63790130295,-6.51116907433,-7.1840296065,,,,,,,-6.83460475545,-5.26082294032,,,,,,-7.99737457315,-7.15548749905
ULCC01,"MST1R",ENSG00000164078,7.323993,-3.56212331437,-3.6390078017,,-4.86954225733,2.55421330956472,,,,-4.37091857156,-5.52985335429,-3.75367083001,,,-3.98460258066,-5.06583317978,-4.04485746177,,-5.02723356315,-3.72750052283,-4.73376599177,-4.10388274088,,,,,-4.22219882097,-4.87697863016,,-4.12297131169,-2.59270671066,,-6.20413200953,-4.40438075255,-4.98189924434,,,,,,,-1.57538726329,-3.68589081485,,,,,,-4.97193120188,-3.94870500969
