code,target,ENSEMBL,association,Adipose_Subcutaneous,Adipose_Visceral_Omentum,Breast_Mammary_Tissue,Muscle_Skeletal,DGN_Whole_Blood,Whole_Blood,Artery_Aorta,Artery_Coronary,Artery_Tibial,Heart_Atrial_Appendage,Heart_Left_Ventricle,Spleen,Brain_Amygdala,Brain_Anterior_cingulate_cortex_BA24,Brain_Caudate_basal_ganglia,Brain_Nucleus_accumbens_basal_ganglia,Brain_Putamen_basal_ganglia,Brain_Cerebellar_Hemisphere,Brain_Cerebellum,Brain_Cortex,Brain_Frontal_Cortex_BA9,Brain_Hippocampus,Brain_Hypothalamus,Brain_Spinal_cord_cervical_c-1,Brain_Substantia_nigra,Nerve_Tibial,Cells_Transformed_fibroblasts,Cells_EBV-transformed_lymphocytes,Colon_Sigmoid,Colon_Transverse,Esophagus_Gastroesophageal_Junction,Esophagus_Mucosa,Esophagus_Muscularis,Liver,Minor_Salivary_Gland,Small_Intestine_Terminal_Ileum,Stomach,Adrenal_Gland,Pituitary,Pancreas,Thyroid,Lung,Ovary,Prostate,Testis,Uterus,Vagina,Skin_Not_Sun_Exposed_Suprapubic,Skin_Sun_Exposed_Lower_leg
BFPC04B,"CDC42SE1",ENSG00000197622,8.392706,4.02102451016,,,,3.7690193258076654,,,,,,,-0.577576013558,,,,,,,,,-0.445486948513,,,,,4.28601151864,,,,,3.62494982532,-1.18093619046,3.78745468544,-0.876408543994,,,,,,,3.82246788738,3.80588650383,,,,,,1.69744233291,3.05943459207
BFPC04F,"CDC42SE1",ENSG00000197622,6.803409,2.88458866371,,,,2.404928720039678,,,,,,,-0.842422805965,,,,,,,,,-0.750489327073,,,,,2.72434349834,,,,,2.1947430967,-0.995962618777,2.25232586467,-0.283749826745,,,,,,,2.34637433371,2.33847717227,,,,,,0.679254168469,1.96902347412
BFPC04,"CDC42SE1",ENSG00000197622,8.209447,3.98366325682,,,,3.525636857159926,,,,,,,-0.634987378762,,,,,,,,,-0.468962823057,,,,,4.07998511268,,,,,3.40849307956,-1.19215514497,3.59449130546,-0.836380993826,,,,,,,3.63651723197,3.58572853909,,,,,,1.51242431925,2.94502833454
BLOO05,"CDC42SE1",ENSG00000197622,4.878210,2.66305521146,,,,-0.23697790999035254,,,,,,,0.822034432126,,,,,,,,,1.11414063248,,,,,0.996195946983,,,,,0.175183442155,7.96692110628,1.12732030359,-1.96334953973,,,,,,,0.729823994047,0.71977092542,,,,,,4.49771464827,0.860910223462
BLOO19,"CDC42SE1",ENSG00000197622,5.137821,-1.82561869009,,,,0.2865212023670335,,,,,,,-1.10571608547,,,,,,,,,0.267349063842,,,,,-0.808711763449,,,,,0.0367538478194,-6.13659935807,-0.669165488255,-0.496167555973,,,,,,,-0.546015084449,-0.507790755413,,,,,,-3.97340880624,-0.268434245408
BLOO28,"CDC42SE1",ENSG00000197622,7.189767,3.01526989681,,,,0.8044738059452211,,,,,,,0.726313768319,,,,,,,,,0.214858947666,,,,,2.07889787443,,,,,0.995855048966,7.00000101911,1.85633595018,0.115781431489,,,,,,,1.77067048625,1.8230226519,,,,,,5.16388689914,1.13303327373
BODY03,"CDC42SE1",ENSG00000197622,6.427512,4.17083875379,,,,2.488412976287332,,,,,,,-1.3704350056,,,,,,,,,0.0977572542476,,,,,4.54423957121,,,,,3.83335026764,1.88078942673,4.26717404702,-1.48915365532,,,,,,,4.16097567333,4.54453866367,,,,,,2.77488661203,4.32834589899
BODY04,"CDC42SE1",ENSG00000197622,6.606671,4.21308031311,,,,2.416284533003704,,,,,,,-1.51354739765,,,,,,,,,0.058776753351,,,,,4.68544293784,,,,,3.95133816382,2.02148323596,4.43962196985,-1.54988017419,,,,,,,4.32522291911,4.74588768855,,,,,,2.73798498105,4.41875510663
BODY06B,"CDC42SE1",ENSG00000197622,6.187655,2.57103585126,,,,3.9190595467455664,,,,,,,-0.102450986128,,,,,,,,,-0.0656920510308,,,,,4.27694959961,,,,,3.61157023629,1.10223601888,3.80269955317,1.10450906078,,,,,,,3.78818715954,3.62317784917,,,,,,3.56035593838,3.36213187276
BODY06,"CDC42SE1",ENSG00000197622,6.038057,2.54781140453,,,,3.818890089934744,,,,,,,-0.316259468313,,,,,,,,,-0.0604402391813,,,,,4.01850983151,,,,,3.35826395274,1.10779071338,3.48134251735,0.689015237799,,,,,,,3.47625414948,3.41148450036,,,,,,3.57160748545,3.38481360653
BODY07B,"CDC42SE1",ENSG00000197622,6.302370,2.75586860284,,,,4.061207055259207,,,,,,,-0.00208327891849,,,,,,,,,0.085736319517,,,,,4.43514264204,,,,,3.72856264788,1.29308794719,3.96861971979,1.09284493999,,,,,,,3.96501474322,3.74289160491,,,,,,3.6894068082,3.5391309364
BODY07,"CDC42SE1",ENSG00000197622,6.213859,2.74637050857,,,,3.961316477734662,,,,,,,-0.211601425504,,,,,,,,,0.115857183976,,,,,4.1810779218,,,,,3.47461813122,1.32394214486,3.65170670499,0.672298243209,,,,,,,3.66262287343,3.52630770336,,,,,,3.71346798161,3.58321297078
BODY08B,"CDC42SE1",ENSG00000197622,13.416133,3.02850345002,,,,3.6325133727931576,,,,,,,-0.572718270577,,,,,,,,,0.210164881162,,,,,5.72316944061,,,,,4.85425741258,0.911626603115,5.32794929903,3.12471291712,,,,,,,5.41025054824,5.13544510604,,,,,,3.23398820392,4.20901889597
BODY08F,"CDC42SE1",ENSG00000197622,7.958963,1.74077972822,,,,2.3746046638770206,,,,,,,-0.703882326249,,,,,,,,,0.106680944497,,,,,3.52811459643,,,,,2.94345020496,0.499213157948,3.16819730477,1.38459127769,,,,,,,3.27854510729,3.20659658634,,,,,,1.78058220629,2.79776485121
BODY08M,"CDC42SE1",ENSG00000197622,7.400248,2.67706884228,,,,2.963649173975515,,,,,,,-0.183081245873,,,,,,,,,0.196247116409,,,,,4.85074814146,,,,,4.15614991194,0.823860202078,4.61512019708,3.11137330461,,,,,,,4.63421019916,4.31773271494,,,,,,2.92373250281,3.39334245743
BODY08,"CDC42SE1",ENSG00000197622,13.720949,2.80258059546,,,,3.3952887039309023,,,,,,,-0.582022242233,,,,,,,,,0.242569255553,,,,,5.41899344735,,,,,4.58043034443,0.909922423024,5.05202811995,2.91695674012,,,,,,,5.13086203133,4.86143646394,,,,,,3.03766579636,4.14887008857
FATM04B,"CDC42SE1",ENSG00000197622,9.731961,3.483297863,,,,3.3322600454154734,,,,,,,-1.21808972844,,,,,,,,,-0.899491867455,,,,,4.42997629193,,,,,3.74201085621,-0.858314322831,3.91509987087,0.740565144556,,,,,,,4.0992037148,3.83743988957,,,,,,1.95249667933,2.85738593304
FATM04F,"CDC42SE1",ENSG00000197622,6.373701,2.21668930817,,,,2.3299609754990915,,,,,,,-1.33635266676,,,,,,,,,-1.04850133634,,,,,2.71353698679,,,,,2.23850430201,-0.754274926116,2.21189579686,0.454907169527,,,,,,,2.39516319282,2.35609542515,,,,,,0.926201406295,1.72887822094
FATM04,"CDC42SE1",ENSG00000197622,9.595235,3.37725317682,,,,3.1756600949286824,,,,,,,-1.26022063812,,,,,,,,,-0.925772105862,,,,,4.2154263018,,,,,3.53915079813,-0.828999267569,3.71099362332,0.665753051735,,,,,,,3.894404367,3.63384028361,,,,,,1.80271131829,2.76277074284
GLYC15,"CDC42SE1",ENSG00000197622,5.982883,1.96280162585,,,,1.4673453044555684,,,,,,,-1.33333308417,,,,,,,,,-0.224174210334,,,,,2.05490819616,,,,,1.95995703758,0.748452633551,1.70896310425,-0.720196660328,,,,,,,1.54233640627,1.62766261688,,,,,,0.79910991246,2.09247825751
LEAN06B,"CDC42SE1",ENSG00000197622,6.841306,1.09998316058,,,,0.7796022853389469,,,,,,,-2.43005039478,,,,,,,,,-1.88074986712,,,,,2.77422777722,,,,,2.42752147944,0.430003819983,2.55979598548,2.77604999535,,,,,,,2.90331981148,2.2865024871,,,,,,1.75284082793,1.33474169302
LEAN06,"CDC42SE1",ENSG00000197622,6.898219,1.17829112308,,,,0.5416595017552815,,,,,,,-2.2059891671,,,,,,,,,-1.90223606182,,,,,3.07294961576,,,,,2.70074699013,0.687090224862,2.90184185695,3.43068329601,,,,,,,3.22004471943,2.54356194856,,,,,,1.94947603362,1.50814299418
