code,target,ENSEMBL,association,Adipose_Subcutaneous,Adipose_Visceral_Omentum,Breast_Mammary_Tissue,Muscle_Skeletal,DGN_Whole_Blood,Whole_Blood,Artery_Aorta,Artery_Coronary,Artery_Tibial,Heart_Atrial_Appendage,Heart_Left_Ventricle,Spleen,Brain_Amygdala,Brain_Anterior_cingulate_cortex_BA24,Brain_Caudate_basal_ganglia,Brain_Nucleus_accumbens_basal_ganglia,Brain_Putamen_basal_ganglia,Brain_Cerebellar_Hemisphere,Brain_Cerebellum,Brain_Cortex,Brain_Frontal_Cortex_BA9,Brain_Hippocampus,Brain_Hypothalamus,Brain_Spinal_cord_cervical_c-1,Brain_Substantia_nigra,Nerve_Tibial,Cells_Transformed_fibroblasts,Cells_EBV-transformed_lymphocytes,Colon_Sigmoid,Colon_Transverse,Esophagus_Gastroesophageal_Junction,Esophagus_Mucosa,Esophagus_Muscularis,Liver,Minor_Salivary_Gland,Small_Intestine_Terminal_Ileum,Stomach,Adrenal_Gland,Pituitary,Pancreas,Thyroid,Lung,Ovary,Prostate,Testis,Uterus,Vagina,Skin_Not_Sun_Exposed_Suprapubic,Skin_Sun_Exposed_Lower_leg
BFPC02,"THAP3",ENSG00000041988,6.042015,0.698747538549,,0.535344696706,2.72310371883,4.496441767315403,0.0820318298328,0.154938355113,0.597816941303,0.600617036034,1.54481176058,3.20383858015,0.78316326655,,0.72451416407,,,,,,,,,,,,2.55012445065,0.935341263487,,,,-0.893976239531,0.456441768296,0.626934703443,1.2714059023,,,0.731327233555,1.57715738077,,,-0.849430667275,1.50576636767,,,4.63550575307,,,,1.3541430761
BFPC03B,"THAP3",ENSG00000041988,5.967784,0.501061125257,,0.321642567732,2.48793537056,4.247822878821995,0.0502626714508,0.00923744598376,0.350406269529,0.350040150644,1.30132179022,2.99234009749,0.511106976673,,0.695419988356,,,,,,,,,,,,2.34295502587,0.718193338728,,,,-0.906222129518,0.213102986353,0.424693441671,1.1733920473,,,0.525985992836,1.34638057116,,,-0.995074269167,1.2659961845,,,4.45714710305,,,,1.12237871412
BFPC03,"THAP3",ENSG00000041988,6.058469,0.491065212602,,0.326326450693,2.52290841375,4.4358542255401545,-0.00552009488442,-0.0341195164223,0.348743743756,0.383219565089,1.33830207023,3.10263898235,0.645049614323,,0.580972377535,,,,,,,,,,,,2.46354044364,0.736864020594,,,,-1.01981874013,0.22048761679,0.409912198417,1.24138822367,,,0.512183165594,1.36953425672,,,-1.04989727759,1.33356082316,,,4.6989577599,,,,1.15181366835
BFPC04B,"THAP3",ENSG00000041988,11.314581,1.27200485368,,1.00277127427,3.57665760035,5.6053031775696045,0.568322066144,0.44846283528,0.862426127744,0.869184533158,2.06519584138,3.56349656144,1.77934578929,,1.4742330371,,,,,,,,,,,,2.75567236516,1.20549331281,,,,-0.476348405469,1.28009773746,1.09263582239,2.26169554324,,,1.24549190079,2.40910145706,,,-1.06476714223,1.81450192399,,,5.35523616124,,,,1.95428408314
BFPC04M,"THAP3",ENSG00000041988,6.866301,1.002471124,,0.698795203484,3.00837404451,4.710886874267365,0.147378373622,0.226326448053,0.593305405707,0.413175622993,1.67986072204,2.96497666778,0.347579421477,,1.22697628824,,,,,,,,,,,,2.2407465342,0.830545806398,,,,-0.426123846033,1.51170071042,0.760272155974,1.52557331503,,,0.894990552205,1.93149706398,,,-1.16651985767,1.46679930693,,,4.69680990627,,,,1.50541860274
BFPC04,"THAP3",ENSG00000041988,10.103656,1.28754195378,,1.04260893311,3.47250997854,5.413213434338913,0.656593981288,0.517482547317,0.90706592671,0.950324995867,2.03456793122,3.4640429868,2.09134743721,,1.41091479992,,,,,,,,,,,,2.72000957157,1.24330471471,,,,-0.427945161493,1.15287907296,1.12908043798,2.17849814377,,,1.27398326908,2.38171239525,,,-0.929424719824,1.8115557901,,,5.07159793065,,,,1.95165096096
BODY08B,"THAP3",ENSG00000041988,6.527829,-0.611741434568,,-0.7864516231,1.1312142215,3.7410664735415895,-0.701244042133,-1.25282089561,-1.15706509585,-0.75540109703,0.00414334815256,1.41855140743,1.05964696029,,-0.26517323473,,,,,,,,,,,,0.864441178553,-0.638294284386,,,,-2.04482004316,-0.11703655775,-0.841089458646,1.92227631037,,,-0.747903199525,0.0568794601457,,,-2.418524907,-0.295218909924,,,4.26895282723,,,,0.00500024788716
BODY08,"THAP3",ENSG00000041988,6.109149,-0.306766315631,,-0.466682860638,1.37270354671,3.764171046439954,-0.458064660217,-0.913323059941,-0.824421182502,-0.402413912745,0.289378298295,1.66096649916,1.47007627652,,-0.0363106423603,,,,,,,,,,,,1.11745016656,-0.298150897743,,,,-1.65756018933,-0.00930044022235,-0.522660474357,1.81377746155,,,-0.437854534428,0.349222013908,,,-2.20776883179,0.0456236708203,,,4.0740922816,,,,0.302506742154
FATM04B,"THAP3",ENSG00000041988,7.095506,0.291895687634,,0.135570778204,2.27031365765,4.41749719311753,0.0885317634324,-0.327231501215,-0.214798374386,0.10407969347,1.01137912131,2.42947340376,1.43446821749,,0.73765829909,,,,,,,,,,,,1.8296938618,0.37453570884,,,,-1.39250601577,0.533912884231,0.161879528824,2.16322260297,,,0.258850599676,1.07032838519,,,-1.66371270492,0.696775613266,,,4.5471341119,,,,1.00183505265
FATM04,"THAP3",ENSG00000041988,6.516670,0.463469782423,,0.322942002911,2.3110760353,4.285677840261246,0.295635460996,-0.098118895674,-0.0256059854843,0.33007769215,1.128922728,2.46943548348,1.78281647132,,0.801271462473,,,,,,,,,,,,1.9142892964,0.563649239746,,,,-1.16264589787,0.495323351981,0.347626737699,2.0133966153,,,0.435105048211,1.19415269081,,,-1.46234269393,0.873594255443,,,4.24838101675,,,,1.14341934791
