code,target,ENSEMBL,association,Adipose_Subcutaneous,Adipose_Visceral_Omentum,Breast_Mammary_Tissue,Muscle_Skeletal,DGN_Whole_Blood,Whole_Blood,Artery_Aorta,Artery_Coronary,Artery_Tibial,Heart_Atrial_Appendage,Heart_Left_Ventricle,Spleen,Brain_Amygdala,Brain_Anterior_cingulate_cortex_BA24,Brain_Caudate_basal_ganglia,Brain_Nucleus_accumbens_basal_ganglia,Brain_Putamen_basal_ganglia,Brain_Cerebellar_Hemisphere,Brain_Cerebellum,Brain_Cortex,Brain_Frontal_Cortex_BA9,Brain_Hippocampus,Brain_Hypothalamus,Brain_Spinal_cord_cervical_c-1,Brain_Substantia_nigra,Nerve_Tibial,Cells_Transformed_fibroblasts,Cells_EBV-transformed_lymphocytes,Colon_Sigmoid,Colon_Transverse,Esophagus_Gastroesophageal_Junction,Esophagus_Mucosa,Esophagus_Muscularis,Liver,Minor_Salivary_Gland,Small_Intestine_Terminal_Ileum,Stomach,Adrenal_Gland,Pituitary,Pancreas,Thyroid,Lung,Ovary,Prostate,Testis,Uterus,Vagina,Skin_Not_Sun_Exposed_Suprapubic,Skin_Sun_Exposed_Lower_leg
BLOO01,"SLC12A9",ENSG00000146828,6.975391,,,,,-4.0223008272335745,-4.04214731711,3.37230775994,,0.596307234791,2.56850000711,3.0555614426,,,,,,,2.17389682043,2.98544759983,2.14043589831,,,,,,1.0488758955,,,,,,2.70000713983,,,,,1.06282731901,,3.24190670469,,2.27242431655,3.33457947584,,,,,,2.75587161155,1.78905847837
BLOO02,"SLC12A9",ENSG00000146828,30.645411,,,,,7.785280587745657,7.6361727051,-7.42121985586,,-1.85508003575,-1.30172832337,-1.49292930002,,,,,,,-3.38669750162,-2.33503762375,2.58691178927,,,,,,0.186382222498,,,,,,-2.06875920437,,,,,-2.94684182816,,-2.04511838324,,-0.617923682438,-5.22104898213,,,,,,-2.70441142653,-3.05929499879
BLOO03,"SLC12A9",ENSG00000146828,11.723377,,,,,5.090767781808372,4.8906276038,-2.77044441342,,-0.189021472658,-0.949229910269,-1.33027890709,,,,,,,-2.71254085413,-1.58752105441,1.42339101008,,,,,,-0.933601202675,,,,,,-1.69704049875,,,,,-2.63905334578,,-1.31193268611,,-0.979070148544,-2.70143281339,,,,,,-1.73176506077,-2.25248215935
BLOO20,"SLC12A9",ENSG00000146828,14.509578,,,,,6.05810608028479,5.92205477945,-3.80597794166,,-0.204296189458,-0.568264770289,-0.687307777486,,,,,,,-2.09226436483,-1.19638774748,2.26082314294,,,,,,0.25017904028,,,,,,-1.30123230612,,,,,-2.21247363071,,-0.930943965603,,-0.125786264884,-3.04475865396,,,,,,-1.50430062072,-1.6507429652
BLOO21,"SLC12A9",ENSG00000146828,7.273094,,,,,-2.3190259235672364,-2.34764126221,4.46030069531,,0.589693540633,2.16292270851,3.12316211193,,,,,,,3.55310654208,4.21549853303,2.19349055065,,,,,,3.78124355929,,,,,,3.51493927419,,,,,2.51938630953,,3.45610301843,,4.35653261154,4.36188240977,,,,,,2.78283094469,3.11130858315
BLOO23,"SLC12A9",ENSG00000146828,8.334297,,,,,-1.3370872786574837,-1.22020598905,4.47532104663,,2.31291835451,2.70025158974,4.88543963765,,,,,,,4.632233048,5.66991211647,2.045829574,,,,,,5.53552390247,,,,,,4.85261182163,,,,,3.05246607036,,5.41442924029,,5.77520129601,5.1100433459,,,,,,4.48703945508,4.84599812906
BLOO25,"SLC12A9",ENSG00000146828,10.662601,,,,,-3.0365482679136075,-3.06397103884,2.87519499427,,0.0792285561371,-1.64021172987,-1.87450503495,,,,,,,-1.50194461855,-1.05572474166,-1.8812387723,,,,,,-3.39812902591,,,,,,-1.18827187028,,,,,-1.00546002362,,-1.05407426468,,-2.24830251842,1.14692509985,,,,,,-0.564261235506,-1.33505392299
BLOO26,"SLC12A9",ENSG00000146828,25.264489,,,,,-5.077312960192501,-5.08588341965,7.17247324464,,2.45322230586,0.440569830505,0.0165170123043,,,,,,,1.38181273699,1.0378027353,-2.13318755527,,,,,,-1.96987509543,,,,,,0.514513251657,,,,,0.726908516829,,0.951060440106,,-0.716437058476,3.93717299349,,,,,,1.42369127947,1.46745419192
BLOO27,"SLC12A9",ENSG00000146828,24.483637,,,,,-4.583781752677258,-4.66112743499,6.99995724254,,2.79861937138,1.53638173995,1.38879461317,,,,,,,2.47804905142,2.11816111329,-1.32976274336,,,,,,-0.217234634549,,,,,,1.51313275517,,,,,1.52120111901,,1.94774976911,,0.678628549863,4.3059463694,,,,,,2.23723957316,2.50186909673
BLOO34,"SLC12A9",ENSG00000146828,8.868125,,,,,2.279133737614393,2.1575143001,-2.64983518768,,-1.25190486293,-3.01919905113,-4.20900239331,,,,,,,-2.59779855593,-3.67460757549,-2.44415035797,,,,,,-2.77581028721,,,,,,-3.38850465249,,,,,-2.61874958226,,-3.65693458354,,-2.86546047595,-3.85626262807,,,,,,-3.33285303533,-2.39622155456
BLOO35,"SLC12A9",ENSG00000146828,10.016473,,,,,2.2721771422816777,2.35759492209,-4.54653853618,,-0.50384986938,-0.57485334702,-0.461495761919,,,,,,,-1.39689066205,-0.540301683356,-0.921008725555,,,,,,1.38157876919,,,,,,-0.0737948720204,,,,,-0.764751381249,,-0.177386208215,,0.294801629966,-2.59874899624,,,,,,-0.175645902226,0.591973314404
HEAR01,"SLC12A9",ENSG00000146828,13.348819,,,,,1.4083567187271935,1.18537748172,2.90750193659,,-1.21252224104,1.69210718442,5.61794164255,,,,,,,7.06958777896,6.33555367379,4.83279291663,,,,,,5.79334210044,,,,,,5.75637548723,,,,,3.93694167777,,5.57007732347,,7.20563821839,5.18204998519,,,,,,6.01604186984,4.80979905205
OSTE04,"SLC12A9",ENSG00000146828,6.203863,,,,,2.594348058988908,3.00346165785,-1.76874416895,,-0.740783333656,-1.92506386566,-4.17446656915,,,,,,,-3.07033127285,-3.88973506301,-1.46703530109,,,,,,-3.54571986623,,,,,,-4.13831663517,,,,,-3.7024831837,,-3.9520863366,,-3.58645774444,-3.69746277152,,,,,,-3.8540314106,-2.69448716702
