code,target,ENSEMBL,association,Adipose_Subcutaneous,Adipose_Visceral_Omentum,Breast_Mammary_Tissue,Muscle_Skeletal,DGN_Whole_Blood,Whole_Blood,Artery_Aorta,Artery_Coronary,Artery_Tibial,Heart_Atrial_Appendage,Heart_Left_Ventricle,Spleen,Brain_Amygdala,Brain_Anterior_cingulate_cortex_BA24,Brain_Caudate_basal_ganglia,Brain_Nucleus_accumbens_basal_ganglia,Brain_Putamen_basal_ganglia,Brain_Cerebellar_Hemisphere,Brain_Cerebellum,Brain_Cortex,Brain_Frontal_Cortex_BA9,Brain_Hippocampus,Brain_Hypothalamus,Brain_Spinal_cord_cervical_c-1,Brain_Substantia_nigra,Nerve_Tibial,Cells_Transformed_fibroblasts,Cells_EBV-transformed_lymphocytes,Colon_Sigmoid,Colon_Transverse,Esophagus_Gastroesophageal_Junction,Esophagus_Mucosa,Esophagus_Muscularis,Liver,Minor_Salivary_Gland,Small_Intestine_Terminal_Ileum,Stomach,Adrenal_Gland,Pituitary,Pancreas,Thyroid,Lung,Ovary,Prostate,Testis,Uterus,Vagina,Skin_Not_Sun_Exposed_Suprapubic,Skin_Sun_Exposed_Lower_leg
BFPC02,"PPP1CB",ENSG00000213639,5.417789,-2.72982895464,-2.79269227253,-3.74180144372,-3.06166741417,-2.8686337104374746,-2.72732595584,-2.49171711106,,-2.73391923505,-3.17169536548,-2.55440488404,-2.16289612509,,,-1.28340780496,,-2.30885395535,,,-2.82515609338,,,,,,-2.13264126777,-2.94699326448,-1.0654613641,-3.66401183733,-3.52597321716,-2.82389880961,-4.71845835107,-3.68050035184,-2.49234463473,-1.93547938434,,,-2.75461328738,-1.31128055012,-4.49502518412,-3.68281827492,-3.04130484009,,-2.70959821777,-2.58975801556,,,-3.51604928667,-2.95537155525
BFPC03F,"PPP1CB",ENSG00000213639,6.425841,-2.10293140017,-2.36126266537,-3.44216696792,-2.72266533694,-2.131616887733323,-2.15651926715,-2.07669988101,,-2.38014495798,-2.57462903979,-2.43483426538,-1.76630844768,,,-1.13346207869,,-1.82414687083,,,-2.28051425549,,,,,,-1.90376606371,-2.51199275662,-1.05630477788,-3.3178578251,-3.30429613889,-2.19619646138,-4.7493753866,-3.49725940234,-2.02187669933,-1.62673597231,,,-1.86496517853,-0.653213522786,-4.35174374362,-3.35554340789,-2.39218628632,,-2.09363188232,-1.95769245411,,,-3.40203987338,-2.37124029574
BFPC03,"PPP1CB",ENSG00000213639,6.398255,-2.6382671812,-2.77377973296,-3.80135929161,-3.01934567556,-2.7412793574845065,-2.67303258363,-2.40077990805,,-2.72319831837,-3.18280979874,-2.57398572902,-2.08023325628,,,-1.23135187771,,-2.20480282832,,,-2.84078292046,,,,,,-2.14687558093,-2.84625794554,-1.14816046639,-3.66934108668,-3.57860366501,-2.72838146667,-4.8451179085,-3.6560622071,-2.42043817414,-1.97821836371,,,-2.74099732448,-1.24098114041,-4.58430235621,-3.67966292552,-2.96976321158,,-2.80146766323,-2.55201455051,,,-3.52342031771,-2.90954622817
BFPC04B,"PPP1CB",ENSG00000213639,6.796423,-3.5216913829,-3.16904622925,-4.4358146049,-3.98709925339,-3.676651694330577,-4.00966637222,-3.18540793139,,-3.41560813239,-3.58492875372,-3.30287749216,-3.25836633478,,,-1.77103309847,,-3.23626437158,,,-3.78216938749,,,,,,-2.31704117074,-3.74617536798,-1.09905407754,-4.34811774503,-4.36253666288,-3.80161779858,-4.67109567921,-4.13278184169,-3.52215605876,-2.45817697207,,,-3.47766348104,-2.40552221404,-4.64215779631,-4.20137445265,-3.86501673921,,-3.66171038308,-3.71718280018,,,-3.957267871,-3.90480473912
BFPC04F,"PPP1CB",ENSG00000213639,9.033609,-3.72250330379,-3.0516478837,-4.85814474961,-4.35812138444,-3.5984848496120865,-4.08685259805,-3.41139695942,,-3.86108293588,-3.1041462523,-4.0520693208,-3.29555120699,,,-1.32865002888,,-3.47217754058,,,-3.88029095015,,,,,,-2.40450107978,-4.04155635457,-1.18824907308,-4.72715691689,-4.83314685853,-4.01969760011,-5.21533737406,-4.82790750195,-3.75781658685,-1.20106786549,,,-3.60321435159,-2.66521184297,-5.13814831677,-4.60235176737,-3.76246715549,,-3.0034929979,-3.8484204247,,,-4.61776871782,-4.11469952023
BFPC04,"PPP1CB",ENSG00000213639,7.707545,-3.68248608705,-3.24944724039,-4.6885876199,-4.200525392,-3.78783442723419,-4.15854764821,-3.33586307511,,-3.62947380445,-3.6089536682,-3.57480458196,-3.38927511049,,,-1.73997297065,,-3.40076752279,,,-3.9330154857,,,,,,-2.40238455099,-3.93780901152,-1.16236235396,-4.58412047577,-4.62187610004,-3.98495275706,-4.97334763285,-4.42824599677,-3.67440384803,-2.33866243233,,,-3.62366269708,-2.49196084956,-4.92739300422,-4.44207860316,-3.96604128613,,-3.68294792147,-3.86888637162,,,-4.22960323376,-4.080566151
BODY03,"PPP1CB",ENSG00000213639,6.536197,-3.45381526455,-2.78800095207,-4.08194366122,-3.5341225671,-3.390394580015984,-3.16075453812,-2.86905811682,,-2.10872082553,-2.49278954155,-2.33904170933,-2.78092897981,,,-2.66799711242,,-3.58241193798,,,-3.54462550491,,,,,,-2.29139013335,-3.12058468858,-0.913365980048,-3.86294399813,-3.35729538659,-2.38108974549,-3.83682340265,-3.53262203256,-3.14035159502,-0.687916151461,,,-2.87977983665,-1.71173511855,-4.44652002082,-3.65968099627,-3.07246371293,,-2.04776723229,-3.04555195459,,,-3.43193501785,-3.28218790691
BODY04,"PPP1CB",ENSG00000213639,6.444760,-3.64838080882,-2.93446590918,-4.16947388136,-3.66317724779,-3.4699535671507347,-3.29444244987,-2.97893957085,,-2.19609930376,-2.59834937491,-2.4285166329,-2.96691982834,,,-2.98705871658,,-3.74351840126,,,-3.65575727887,,,,,,-2.46875548683,-3.27981958339,-0.967101772352,-3.97608623628,-3.41940055256,-2.51708095554,-3.90008654466,-3.68750244424,-3.29221953949,-0.601460151019,,,-2.93052582308,-1.73885816054,-4.45921664679,-3.79142265556,-3.2204085757,,-2.11255666367,-3.16511530553,,,-3.4571886878,-3.38002234799
BODY06B,"PPP1CB",ENSG00000213639,7.725680,-3.62296234784,-4.0875539829,-4.55824188668,-3.8238844798,-3.648276575611396,-3.49166324408,-3.42460363665,,-2.99252589624,-3.85914642684,-3.02419720538,-2.99380933675,,,-2.20001608936,,-2.43518650156,,,-3.42095861691,,,,,,-2.82185236493,-3.72660198335,-1.62577665278,-4.42967252778,-4.25934761545,-3.78164917808,-5.15870695959,-4.41344816572,-3.29222952141,-1.79812228877,,,-3.15098488324,-1.83040040364,-5.28673995443,-4.52276249043,-3.82651742989,,-2.91806397388,-3.21939453965,,,-4.18083518741,-3.63488237595
BODY06F,"PPP1CB",ENSG00000213639,6.544333,-3.2702457422,-3.44064118441,-4.02142163935,-3.47080414896,-3.341244303583949,-2.99098691721,-3.13746645231,,-2.70842030825,-3.38729220956,-2.84695853435,-2.97527427149,,,-1.89942747084,,-2.07866168973,,,-2.9669355841,,,,,,-2.58632645359,-3.43051386418,-1.31410816824,-3.97163336141,-3.8741447598,-3.32670688368,-4.69205283951,-4.26901206193,-2.87953196297,-1.87924338684,,,-2.45669961486,-1.43895104547,-4.70406416348,-4.02662388288,-3.27054052635,,-2.72654626644,-2.85598215595,,,-3.9610515,-3.14154147075
BODY06,"PPP1CB",ENSG00000213639,8.317088,-3.71943061829,-4.09923693021,-4.70738337192,-3.94935555341,-3.7614007412611965,-3.56247084679,-3.51848992669,,-3.05041288052,-3.95845617271,-3.14224066065,-3.1716729689,,,-2.20391569438,,-2.49112357013,,,-3.52158103723,,,,,,-2.84682219222,-3.8461932758,-1.58618476506,-4.57680700971,-4.41658844852,-3.8836830864,-5.35445631305,-4.65876356495,-3.3543998078,-1.95285633212,,,-3.15051928154,-1.81129717587,-5.49679000084,-4.64893295991,-3.8958290204,,-2.92067099376,-3.32955372102,,,-4.35566797058,-3.72365941319
BODY07B,"PPP1CB",ENSG00000213639,7.343346,-3.55784687879,-4.02434348582,-4.58569218059,-3.79976047808,-3.550902970603847,-3.44595014629,-3.34931650238,,-3.00344005816,-3.89586986458,-3.03019065098,-2.94455429553,,,-2.15640800936,,-2.30048875892,,,-3.42331927016,,,,,,-2.81924862959,-3.65864135756,-1.6513131898,-4.43718300343,-4.27613774804,-3.68333055057,-5.27937329086,-4.39297774878,-3.20575667987,-1.82699305876,,,-3.11872241222,-1.73873486106,-5.35318946515,-4.51685590982,-3.78157719242,,-3.00033980488,-3.17616579393,,,-4.20429177801,-3.59624496321
BODY07F,"PPP1CB",ENSG00000213639,6.363863,-3.22607726831,-3.39989518063,-4.11651407695,-3.47587122725,-3.2652059837397642,-2.97593987931,-3.07242927719,,-2.75215639449,-3.46581425356,-2.89081102162,-2.95569002661,,,-1.7905982508,,-1.9115777997,,,-2.99229042392,,,,,,-2.60925365016,-3.38142316912,-1.34693916913,-4.03235900128,-3.94881788482,-3.23921563895,-4.90324000529,-4.28822294347,-2.80398853083,-1.94792885084,,,-2.4306084262,-1.35140412317,-4.85265246903,-4.0544274187,-3.26226612707,,-2.86638073721,-2.83625159009,,,-4.03560687073,-3.12092549349
BODY07,"PPP1CB",ENSG00000213639,9.273542,-3.65861497733,-4.04030196027,-4.75822982731,-3.93211931921,-3.6668920262521816,-3.52310342034,-3.44429574285,,-3.06626251563,-4.00778032944,-3.15952487537,-3.12846464864,,,-2.14129654466,,-2.33826668331,,,-3.53317119881,,,,,,-2.85244496386,-3.77896654549,-1.62084591737,-4.599734759,-4.45174290242,-3.78163327426,-5.50798496961,-4.64429740747,-3.27168754054,-1.99138230882,,,-3.11998603301,-1.7169315207,-5.58649114995,-4.65376988568,-3.85620782581,,-3.01055610011,-3.29411027373,,,-4.39055156497,-3.68908071753
BODY08B,"PPP1CB",ENSG00000213639,9.030472,-4.52925987458,-4.37271795656,-5.20963685305,-4.88639895704,-4.197794298723857,-4.98164492124,-4.16426907764,,-3.46937287837,-4.17446387785,-3.8762665605,-3.84389955582,,,-2.2590258823,,-3.45657093096,,,-4.44174189188,,,,,,-2.89068615619,-4.6773664119,-1.35573165159,-5.22201195696,-5.1363606178,-4.73240211763,-5.32029636226,-5.05822554707,-4.3343862359,-2.71665335525,,,-3.87428381632,-3.02061110535,-5.46796868851,-4.93142043374,-4.8081744181,,-3.68884873547,-4.35405176801,,,-4.71444536293,-4.71903788953
BODY08F,"PPP1CB",ENSG00000213639,9.120990,-4.73385068157,-3.7535519339,-5.21178862409,-5.0202913968,-4.145670111364142,-4.91930516977,-4.32877269311,,-4.14835753673,-3.77161383402,-4.37601596372,-4.44586735411,,,-1.93262484407,,-3.57475084719,,,-4.62584443202,,,,,,-3.03018869262,-4.83920732839,-0.685264550251,-5.29583258997,-5.13822759378,-4.7874238404,-4.97167404393,-5.30634313174,-4.48290055632,-1.51912839728,,,-4.24272020787,-3.50190346684,-5.31850628324,-5.07590679086,-4.70696493754,,-3.52055563781,-4.59168131997,,,-4.85501885972,-4.87113812288
BODY08,"PPP1CB",ENSG00000213639,10.658763,-4.77843776497,-4.4117414446,-5.48693673495,-5.15677838102,-4.379159493548996,-5.20791362597,-4.40256073793,,-3.79134243642,-4.29037425315,-4.16804470868,-4.20199936901,,,-2.28200031076,,-3.67227496644,,,-4.73347774588,,,,,,-3.0489150564,-4.94294947835,-1.20118596869,-5.50840768367,-5.39093363155,-4.98228041794,-5.52032736538,-5.37417660701,-4.58175634362,-2.6336739376,,,-4.15505871976,-3.2629219111,-5.73873464873,-5.21010574305,-5.01621423893,,-3.81072819739,-4.6405616501,,,-4.97826684577,-5.00027468044
EDUC03,"PPP1CB",ENSG00000213639,7.938171,-3.51135711615,-1.72411972427,-4.29860870179,-3.90631470274,-4.45411919590737,-3.84322616836,-4.04463619855,,-4.33956284967,-2.82958070524,-3.4080953797,-4.70662168182,,,-2.18985260988,,-3.34175124112,,,-4.95908192884,,,,,,-3.30834954707,-3.87329732808,-0.126259084509,-4.28169442347,-3.34135183989,-4.0510258871,-2.5723922753,-4.52041653672,-4.28650875044,1.0343734156,,,-4.79372410628,-4.58750543135,-4.08816586903,-4.03489741717,-3.95376801718,,-3.61187908385,-4.70780265743,,,-3.73976756909,-4.67561051093
FATM02B,"PPP1CB",ENSG00000213639,7.158021,-3.63457190954,-3.78332410414,-4.42648457052,-3.71854065143,-3.5364358873282984,-3.41190424002,-3.16580079844,,-2.88830919953,-3.85251177417,-3.09630458487,-2.72075864143,,,-2.09537655869,,-2.70759425333,,,-3.32875452145,,,,,,-2.85943126562,-3.54697300337,-1.38867143868,-4.30388880341,-4.1936339851,-3.51601943227,-5.31201855922,-4.29794403232,-3.15137229339,-1.75271883158,,,-3.12332310488,-1.73769002547,-5.16157502242,-4.44659011163,-3.70775693375,,-3.07358572254,-3.06491464972,,,-4.19585935393,-3.50085360662
FATM02F,"PPP1CB",ENSG00000213639,6.098378,-2.95669662138,-3.02484679,-3.90712075677,-3.21023306236,-2.8556227466277404,-2.68623985383,-2.71126075904,,-2.47881283335,-3.05210690097,-2.78409172544,-2.37562473322,,,-1.91249425122,,-2.21979576524,,,-2.65610493864,,,,,,-2.36536976427,-3.07381661253,-1.28304294695,-3.77727585641,-3.77313542573,-2.8703877182,-5.01933444202,-4.08413858732,-2.58228535357,-1.42989877474,,,-2.1026445861,-1.04289547141,-4.72181094303,-3.86058490579,-2.92795101303,,-2.51479710702,-2.44333375998,,,-3.88712253254,-2.79388016784
FATM02,"PPP1CB",ENSG00000213639,7.484789,-3.64098325108,-3.77566825752,-4.52211190105,-3.75787647814,-3.535572897382674,-3.38806588505,-3.18117525342,,-2.86086894006,-3.84466660688,-3.14807724333,-2.75803548913,,,-2.08167139518,,-2.71632568141,,,-3.30152070425,,,,,,-2.81590895985,-3.59175291924,-1.38408667856,-4.38131930952,-4.30433918022,-3.52732947717,-5.53057600993,-4.49518481485,-3.12312449622,-1.82925713529,,,-2.98062898949,-1.56488752243,-5.34794015705,-4.51746362579,-3.6848357142,,-3.00032927302,-3.05080879719,,,-4.31561493386,-3.47343847055
FATM03B,"PPP1CB",ENSG00000213639,7.173776,-3.56262416156,-3.74459186214,-4.45789128247,-3.68657252237,-3.4276033026538535,-3.35803352709,-3.08629645662,,-2.89720418188,-3.88245561469,-3.10559061856,-2.66506461856,,,-2.05751082229,,-2.57543480007,,,-3.33206313,,,,,,-2.85944347306,-3.46719982262,-1.43428779953,-4.305463216,-4.22801128772,-3.42181708996,-5.42544858702,-4.28040191141,-3.06698551116,-1.78769243077,,,-3.09922588607,-1.65235489193,-5.23040780792,-4.44532968054,-3.65066756004,,-3.15605961666,-3.03025911041,,,-4.20819622276,-3.4582000245
FATM03F,"PPP1CB",ENSG00000213639,6.953661,-2.90077182549,-3.00254507964,-3.99212613446,-3.20830374358,-2.7622610787811017,-2.66452530826,-2.63377061913,,-2.52913432869,-3.1371250526,-2.83305561042,-2.344545128,,,-1.83339341161,,-2.0628759906,,,-2.68712496666,,,,,,-2.39544728459,-3.01140018096,-1.35364033523,-3.82572608237,-3.85563767916,-2.79136134367,-5.19797247985,-4.102342909,-2.50108925139,-1.51362505099,,,-2.09506369379,-0.959272152771,-4.86266837781,-3.89384197534,-2.90418512521,,-2.64676298542,-2.43220298772,,,-3.93845624327,-2.76912659525
FATM03,"PPP1CB",ENSG00000213639,8.567624,-3.5669064026,-3.73758206073,-4.57328794548,-3.73083932468,-3.4252271594520702,-3.33809915966,-3.09715565304,,-2.87295241885,-3.89119749863,-3.16792179898,-2.70619450354,,,-2.02816458082,,-2.56876272387,,,-3.31380933883,,,,,,-2.82423727474,-3.50880435221,-1.44164392557,-4.39549454436,-4.35493769881,-3.42695868119,-5.67186755281,-4.48155456186,-3.03816248079,-1.8726557891,,,-2.95897863839,-1.47596584586,-5.44090959701,-4.52333572295,-3.62867692073,,-3.09422186548,-3.01917574778,,,-4.33477046393,-3.43281693781
FATM04B,"PPP1CB",ENSG00000213639,8.367300,-4.54629131022,-4.10140979928,-4.96089601802,-4.66077378698,-4.125215693069626,-4.79872227484,-3.87896130189,,-3.3864945708,-4.25280435465,-3.77470817631,-3.65403123232,,,-2.45185607582,,-3.95909738689,,,-4.25174840938,,,,,,-2.77196113539,-4.46431682757,-1.38701079059,-5.01109619387,-4.91484215626,-4.42599390148,-5.25183047403,-4.82817437428,-4.04823451231,-2.38911917608,,,-3.80414649691,-2.70239504109,-5.25398671265,-4.89343622319,-4.57227066157,,-3.69595826748,-4.09147572031,,,-4.5759424611,-4.47818635033
FATM04F,"PPP1CB",ENSG00000213639,11.146685,-4.94124840925,-3.78876781627,-5.5479293385,-5.1895336243,-4.328800559299544,-5.00882357958,-4.29807289754,,-4.22662184735,-3.87134166657,-4.65331045717,-4.23332320286,,,-2.1730452444,,-3.99739940618,,,-4.72012614901,,,,,,-3.13962877437,-4.92060900911,-1.34084703869,-5.57744392784,-5.50408594467,-4.68160358616,-5.71811634313,-5.56426155426,-4.5013891336,-1.11357523506,,,-4.34672655212,-3.33912367968,-5.8163773057,-5.48993613731,-4.69542472104,,-3.47939316043,-4.49045763542,,,-5.30784709706,-4.94749444188
FATM04,"PPP1CB",ENSG00000213639,11.889444,-4.8186569379,-4.18666079417,-5.29877495448,-4.97045455446,-4.328863673226573,-5.03513717729,-4.1220285547,,-3.69493441793,-4.3566168761,-4.11568017211,-3.93645575893,,,-2.48251905502,,-4.12932861919,,,-4.52966595424,,,,,,-2.9586142497,-4.74692627156,-1.41199191664,-5.34492253393,-5.2446400985,-4.67311791215,-5.58196078901,-5.19450696866,-4.29334945128,-2.28113441753,,,-4.06934888452,-2.90252284238,-5.61188662959,-5.23091766966,-4.77538486671,,-3.81382050997,-4.33701481764,,,-4.91932401589,-4.76073548951
LEAN06B,"PPP1CB",ENSG00000213639,6.703006,-4.59920916341,-3.80557442426,-4.17843298546,-4.19799632561,-3.12009643069743,-4.14691446508,-3.54996099286,,-2.15137261044,-4.10475692562,-3.2186514336,-3.02767529103,,,-2.7103727322,,-3.27457103946,,,-3.77921951358,,,,,,-3.18964087916,-4.00025566401,-1.17509195654,-4.50327672738,-4.10316865842,-3.80221276993,-4.5281154358,-4.34803590621,-3.3759767045,-0.562910130761,,,-3.22489694284,-2.00693891739,-4.7400472934,-4.62699251414,-4.02072958219,,-2.52580134517,-3.12329010375,,,-4.11720345754,-3.9297482694
LEAN06F,"PPP1CB",ENSG00000213639,5.886525,-4.27731963665,-3.12718444056,-4.12503506237,-4.15166747691,-3.0451587960692437,-3.9035420815,-3.38742919994,,-2.58222686208,-3.74109080306,-3.27738712014,-3.28431746442,,,-2.05756175148,,-2.92038312595,,,-3.95479940088,,,,,,-3.17489952072,-3.85165773032,-1.05330006317,-4.4379985719,-3.93336181768,-3.54841160651,-4.20751232429,-4.24842150001,-3.37793350916,-0.0762478445764,,,-3.42617995554,-2.37190990712,-4.62171641204,-4.46598400346,-3.86768043878,,-2.52820871736,-3.08870940859,,,-4.01306814487,-3.94967512455
OSTE04,"PPP1CB",ENSG00000213639,11.863819,-5.09426591713,-5.02345274087,-6.0919909078,-5.4192807531,-4.890778183581155,-4.48555941073,-4.74862012787,,-4.37196085654,-4.38242242621,-5.25146714975,-3.65425290489,,,-3.06220465406,,-2.4736240479,,,-4.75687740558,,,,,,-5.59891247798,-4.8377841295,-2.09104184047,-5.8343760778,-5.7128085085,-4.83110918867,-6.5524397393,-4.65646320488,-4.78226165454,0.0969860410241,,,-4.99379996959,-3.17218001822,-6.48011450927,-6.28137194288,-4.87975368349,,-4.95641161171,-4.53700265047,,,-5.79047114033,-5.03432746411
