code,target,ENSEMBL,association,Adipose_Subcutaneous,Adipose_Visceral_Omentum,Breast_Mammary_Tissue,Muscle_Skeletal,DGN_Whole_Blood,Whole_Blood,Artery_Aorta,Artery_Coronary,Artery_Tibial,Heart_Atrial_Appendage,Heart_Left_Ventricle,Spleen,Brain_Amygdala,Brain_Anterior_cingulate_cortex_BA24,Brain_Caudate_basal_ganglia,Brain_Nucleus_accumbens_basal_ganglia,Brain_Putamen_basal_ganglia,Brain_Cerebellar_Hemisphere,Brain_Cerebellum,Brain_Cortex,Brain_Frontal_Cortex_BA9,Brain_Hippocampus,Brain_Hypothalamus,Brain_Spinal_cord_cervical_c-1,Brain_Substantia_nigra,Nerve_Tibial,Cells_Transformed_fibroblasts,Cells_EBV-transformed_lymphocytes,Colon_Sigmoid,Colon_Transverse,Esophagus_Gastroesophageal_Junction,Esophagus_Mucosa,Esophagus_Muscularis,Liver,Minor_Salivary_Gland,Small_Intestine_Terminal_Ileum,Stomach,Adrenal_Gland,Pituitary,Pancreas,Thyroid,Lung,Ovary,Prostate,Testis,Uterus,Vagina,Skin_Not_Sun_Exposed_Suprapubic,Skin_Sun_Exposed_Lower_leg
BLOO11,"TRIM13",ENSG00000204977,1.123742,1.59917633386,0.27251343953,0.868205542853,,4.999819293595464,1.97761560797,,-1.19317374277,0.917547016877,0.867706893539,-0.27954510342,1.15029768566,-1.26721484376,,-0.521931410218,-0.139704101077,,1.01519849381,0.538064511253,,1.6389862408,,,,,1.78340944937,,,,,,0.591035299076,,,,,,0.0335079723053,,,0.662453683885,1.15934912455,,,,,,-1.35647234327,1.39643405125
HEIG02,"TRIM13",ENSG00000204977,5.908474,-1.0895632143,0.316079360954,-0.267522296638,,-0.5346389356316937,-2.62772669377,,-2.07333060568,0.0407845645094,-1.55041446544,-0.266499591517,-0.651017111035,-2.67558531454,,-3.33774358246,-1.18667251337,,0.326412406193,-1.97971848478,,0.00825468340688,,,,,-1.17899281726,,,,,,-1.43620237746,,,,,,-0.284749098107,,,-1.19447478445,-0.921792227315,,,,,,1.53816964195,-1.71782329345
HEIG03,"TRIM13",ENSG00000204977,13.383882,-1.70777082869,0.582811853159,-0.74786759789,,-1.8596682127547823,-4.80976406722,,-1.71927938883,-0.0946056726862,-1.38620723583,0.121860992501,-0.99458949777,-4.20297145417,,-4.91314989291,-2.13128178668,,1.63911276856,-1.06963997841,,-0.293205832724,,,,,-2.7761199296,,,,,,-1.33478408339,,,,,,-1.88423676233,,,-1.12745591492,-1.06224020192,,,,,,2.99868195218,-2.61306260636
HIPC03,"TRIM13",ENSG00000204977,6.468138,-2.58928807519,-0.180334077135,-0.6936012911,,1.7173902423462053,-3.26578863338,,-2.61075551025,-1.35372236055,-1.01864627943,0.679298431659,-1.36199566872,-1.80429920165,,-1.37365051849,-1.04192795247,,1.06216321417,1.47320442185,,-0.570347702506,,,,,-2.0873198828,,,,,,-2.08570529546,,,,,,-1.40840927144,,,-1.067191554,-1.45231941708,,,,,,1.08267797282,-4.02916645923
LEAN04B,"TRIM13",ENSG00000204977,8.602651,-2.55125154119,-1.52709851439,-2.36742923899,,-3.4225163752837626,-5.08390487026,,-0.872261836022,-1.62877502631,-0.697075383184,-0.876871232143,-2.46569637037,-2.63428053676,,-2.43400964615,-2.86693540521,,0.430449055274,-2.44264512325,,-0.390306885297,,,,,-3.43039068983,,,,,,-2.23799458575,,,,,,-1.42299104738,,,-1.84965126935,-2.48943117531,,,,,,1.25413173914,-2.70582716253
LEAN04M,"TRIM13",ENSG00000204977,9.621966,-2.33472133267,-1.17035208467,-2.68091336615,,-3.473406013379895,-4.97277771952,,-0.697843880438,-1.76229090277,-1.657823944,-0.676268985529,-2.61933943961,-2.32605296718,,-2.50556508851,-2.49382176751,,0.0563331696216,-3.06927812783,,-1.06288366613,,,,,-3.68056272417,,,,,,-1.87897695573,,,,,,-1.23232602234,,,-2.70629201735,-2.60623000716,,,,,,0.718978773532,-2.21307688119
LEAN04,"TRIM13",ENSG00000204977,12.907701,-2.73604809188,-1.46432259065,-2.76212104201,,-3.898039360582689,-5.58406699985,,-0.984960783567,-1.82515557218,-1.27738416365,-0.767755306203,-2.81653591706,-2.69445372623,,-2.77511942372,-2.9627381869,,0.337084719652,-2.96218664104,,-0.867165047109,,,,,-3.9504999389,,,,,,-2.39543285285,,,,,,-1.49575568731,,,-2.53324506993,-2.80027466934,,,,,,1.05972464666,-2.84866053702
LEAN05B,"TRIM13",ENSG00000204977,10.360643,-2.57963220982,-1.47329394253,-2.42409392451,,-3.326243021681947,-5.09124587032,,-0.897855001964,-1.59679514451,-0.775423820653,-0.931225511547,-2.47970518188,-2.63824095386,,-2.2713119435,-2.77961111548,,0.451437248346,-2.38200990107,,-0.50694075933,,,,,-3.47205449576,,,,,,-2.40471571412,,,,,,-1.30107198012,,,-1.89610542775,-2.44904626236,,,,,,1.28479105045,-2.75991757225
LEAN05M,"TRIM13",ENSG00000204977,7.808130,-2.34275059041,-1.18095235451,-2.69607506721,,-3.453628805210563,-4.95988733285,,-0.764133519502,-1.74255717637,-1.63246944511,-0.681130990266,-2.60608684637,-2.318679903,,-2.48453999816,-2.51011127282,,0.0816740346736,-3.06988417649,,-1.03325314341,,,,,-3.68151753982,,,,,,-1.87703907534,,,,,,-1.22239519183,,,-2.72513005628,-2.59025954114,,,,,,0.688855221757,-2.21625597452
LEAN05,"TRIM13",ENSG00000204977,11.380698,-2.76509421684,-1.45134930078,-2.81840953476,,-3.8272755454414304,-5.59341848011,,-1.03984132095,-1.80810297764,-1.30550461283,-0.815048133306,-2.82799049261,-2.70527264337,,-2.67562555043,-2.9321191907,,0.350858197191,-2.94553429445,,-0.928197683083,,,,,-3.98965712178,,,,,,-2.49303833394,,,,,,-1.43385882231,,,-2.57819958846,-2.77843060599,,,,,,1.06252132466,-2.88745591676
LEAN06B,"TRIM13",ENSG00000204977,12.557661,-1.79407014264,0.0221499455949,-1.4897539169,,-4.350216812535544,-5.42020512652,,-1.67117902438,-0.267463872668,0.276048594957,0.978107285341,-1.26526492674,-3.85340233415,,-2.86990746626,-3.53120926972,,1.54870122655,-1.26038642676,,-1.12672422543,,,,,-3.20240732221,,,,,,-1.77732296485,,,,,,-0.496880257288,,,-1.7486427826,-1.46329860871,,,,,,3.44707162018,-2.91921412964
LEAN06F,"TRIM13",ENSG00000204977,7.012504,-0.995988866357,0.0232580792489,-0.618341108593,,-3.375757097392899,-3.65745223539,,-0.70140954745,0.353891287062,1.17303691473,0.946336935162,-0.55800381463,-2.93726702557,,-1.90765178951,-2.51400286185,,1.19828854069,0.01146540537,,-1.02311371926,,,,,-1.82085654676,,,,,,-0.986067719788,,,,,,0.0901581407636,,,-0.404672095335,-0.567655709797,,,,,,3.00169432306,-2.19247682727
LEAN06M,"TRIM13",ENSG00000204977,8.018231,-1.93869645365,0.00724073810128,-1.93690677645,,-3.1891536183778144,-4.83571723483,,-2.1559911072,-1.07850809499,-1.30574391373,0.42098973792,-1.59417474296,-2.90601281247,,-2.60517801349,-2.94591522267,,1.13950003617,-2.48660218628,,-0.597639928487,,,,,-3.39164786476,,,,,,-1.92613499012,,,,,,-1.11436116092,,,-2.77640752796,-1.9666871928,,,,,,2.01204152733,-2.25559236149
LEAN06,"TRIM13",ENSG00000204977,15.010052,-2.0797380874,0.0836927137145,-1.83782419492,,-4.313288165542688,-5.78062545708,,-2.08099285795,-0.648587959928,-0.484099458262,0.939696187085,-1.55173672259,-3.74795557275,,-3.09804837318,-3.67450614762,,1.61624775195,-1.88541480967,,-1.03582230975,,,,,-3.64707291018,,,,,,-2.07939726636,,,,,,-0.828803532926,,,-2.49055758047,-1.85993708712,,,,,,3.0536149757,-3.03105417322
OSTE04,"TRIM13",ENSG00000204977,3.369806,1.23327606251,1.23275469399,0.903434900814,,-0.4497100912502067,3.25810070476,,2.71662554626,1.57801867453,1.64595325689,1.51718125104,1.27275576252,1.37499063324,,5.35206326457,1.73438828964,,1.59488442578,3.22081761784,,1.24439166315,,,,,2.47396781887,,,,,,0.58731477236,,,,,,1.27169370262,,,3.13949872127,1.15675160638,,,,,,-1.66737059409,1.14293957663
