code,target,ENSEMBL,association,Adipose_Subcutaneous,Adipose_Visceral_Omentum,Breast_Mammary_Tissue,Muscle_Skeletal,DGN_Whole_Blood,Whole_Blood,Artery_Aorta,Artery_Coronary,Artery_Tibial,Heart_Atrial_Appendage,Heart_Left_Ventricle,Spleen,Brain_Amygdala,Brain_Anterior_cingulate_cortex_BA24,Brain_Caudate_basal_ganglia,Brain_Nucleus_accumbens_basal_ganglia,Brain_Putamen_basal_ganglia,Brain_Cerebellar_Hemisphere,Brain_Cerebellum,Brain_Cortex,Brain_Frontal_Cortex_BA9,Brain_Hippocampus,Brain_Hypothalamus,Brain_Spinal_cord_cervical_c-1,Brain_Substantia_nigra,Nerve_Tibial,Cells_Transformed_fibroblasts,Cells_EBV-transformed_lymphocytes,Colon_Sigmoid,Colon_Transverse,Esophagus_Gastroesophageal_Junction,Esophagus_Mucosa,Esophagus_Muscularis,Liver,Minor_Salivary_Gland,Small_Intestine_Terminal_Ileum,Stomach,Adrenal_Gland,Pituitary,Pancreas,Thyroid,Lung,Ovary,Prostate,Testis,Uterus,Vagina,Skin_Not_Sun_Exposed_Suprapubic,Skin_Sun_Exposed_Lower_leg
BLOO01,"PACSIN3",ENSG00000165912,4.411168,3.34055995978,3.88107457168,,,-0.6676434490810239,,5.5734601416,,3.70378893397,,,3.2040744298,,,,,,,2.83911384977,,,,,,,2.23781177236,0.52466351013,,0.549580775073,,,3.39520536924,,,0.193136765543,,2.91877886366,,,,3.10573945314,1.84061958274,1.71497909242,,,,-1.5261923998,4.41664359367,4.74933554977
BODY08M,"PACSIN3",ENSG00000165912,6.685669,1.58746853459,0.278890131728,,,-2.091972095509775,,-1.11061698708,,1.00691949396,,,1.73220435262,,,,,,,1.77740475782,,,,,,,1.56583668453,-1.47751844794,,0.0997698274206,,,1.71968740642,,,2.31997688692,,1.48169504312,,,,2.01073327465,2.80001234516,3.1044923724,,,,2.8874685841,0.677060762501,0.267568821472
CHOL22,"PACSIN3",ENSG00000165912,7.811747,1.55657436552,1.18895449148,,,-1.605766065151348,,5.41809432981,,2.51386703739,,,1.27890935675,,,,,,,0.996402140636,,,,,,,0.426703938958,1.916252786,,-5.08120845579,,,3.67934461723,,,0.787502679527,,0.581504544295,,,,1.26366982366,2.93081205678,1.79518564454,,,,0.749395223218,3.42389134939,2.77548914318
GLYC03,"PACSIN3",ENSG00000165912,23.742225,5.06559967803,2.87994750989,,,0.2130337460265404,,4.41384094517,,4.95262100318,,,5.43577442488,,,,,,,5.41233344148,,,,,,,3.8347577004,-2.65209545034,,-0.731264637961,,,6.61412663008,,,4.88253971515,,5.25093427054,,,,5.41618261086,8.94039394464,1.23004242929,,,,4.59506786439,5.86802542726,5.90975581788
GLYC04,"PACSIN3",ENSG00000165912,3.465276,3.56943250932,1.73062621723,,,-0.5662138376861078,,3.63138286357,,3.63599924384,,,3.63016919817,,,,,,,3.31349882278,,,,,,,3.09189828452,0.831191306186,,-0.728796088886,,,4.50360031259,,,3.09701156507,,3.29763701272,,,,3.64719010495,4.83649490316,2.41816420858,,,,2.62810953774,4.32328370718,4.08765206077
GLYC19F,"PACSIN3",ENSG00000165912,5.187401,2.49563767689,0.693934108397,,,0.2321492584452079,,3.76856253651,,2.88631660566,,,2.47068909307,,,,,,,2.44679114256,,,,,,,2.33660172406,-0.648673320951,,-1.20676818913,,,3.58553469799,,,1.44987417973,,2.46144821652,,,,2.42775230722,4.83886967396,2.54367746215,,,,2.86668957235,3.09902730008,2.81194601242
GLYC19,"PACSIN3",ENSG00000165912,10.317232,3.25745178199,1.02129169247,,,0.0878266186152827,,4.68033629541,,3.82989373473,,,3.18969593671,,,,,,,2.96686508978,,,,,,,2.70516172292,-1.12127956057,,-2.16629695889,,,4.78953862009,,,1.78882414586,,2.7869851984,,,,3.11739766476,6.11972076262,3.12104821926,,,,3.92646609674,4.36635124119,4.05347250569
LEAN04B,"PACSIN3",ENSG00000165912,5.644414,4.67331725847,3.77584659724,,,-1.5985574980039894,,4.97410021529,,4.17662297866,,,4.6196411471,,,,,,,4.38454037329,,,,,,,3.66113975922,-0.119175209756,,0.455176069656,,,4.77426361313,,,2.61129750894,,4.40805031085,,,,4.64822697935,4.96001543179,2.0756632591,,,,0.893121286793,5.19939461141,4.58216585192
LEAN05B,"PACSIN3",ENSG00000165912,5.627511,4.82578422574,3.77462724725,,,-1.5150277464417037,,4.99777260396,,4.28340877244,,,4.75776665783,,,,,,,4.52523694687,,,,,,,3.80855513089,-0.00833327554983,,0.515768663112,,,4.90630171394,,,2.71211965057,,4.55788210733,,,,4.77427408065,5.14238517144,2.06083503651,,,,1.05163114945,5.32392244739,4.71829675252
LEAN05F,"PACSIN3",ENSG00000165912,3.816901,4.27169134853,2.73683457585,,,-0.7294747719129192,,4.48583951526,,4.07539815021,,,4.28029696679,,,,,,,4.20673746845,,,,,,,3.0678852234,0.218670190758,,0.688402560272,,,4.41270690749,,,2.62211333538,,4.35619663437,,,,4.36786931414,4.75829780674,1.70144662795,,,,1.53182023264,4.74345403263,4.15356645513
LEAN06B,"PACSIN3",ENSG00000165912,9.505818,5.35298767384,3.34000138536,,,-2.284424585719389,,6.75209604237,,5.48807770083,,,5.46272105864,,,,,,,5.423265013,,,,,,,4.17672536869,-1.17106332857,,-0.593545916342,,,6.22669740588,,,2.92596470815,,5.40246724312,,,,5.60341083836,6.63915032903,1.68616916327,,,,1.36429161907,6.76914334497,5.42617542124
LEAN06F,"PACSIN3",ENSG00000165912,5.193156,4.29505721555,2.54541718552,,,-0.6883016716763658,,5.79190603331,,4.63533928456,,,4.46244496751,,,,,,,4.44809793565,,,,,,,3.21431947947,-0.160540860126,,0.195699788899,,,4.88094581752,,,2.58764348222,,4.66051355321,,,,4.54196344699,5.55886228248,0.918214812762,,,,1.12348402721,5.49083872073,4.39412478437
LEAN06M,"PACSIN3",ENSG00000165912,6.306405,3.70369531441,2.52012997184,,,-3.3795419140626084,,4.08649462228,,3.43530820978,,,3.6550479269,,,,,,,3.60150711812,,,,,,,3.10385828717,-2.03532713675,,-1.46805760689,,,4.49069631189,,,1.65529866558,,3.22692425365,,,,3.8046000648,4.23137108147,1.84675225651,,,,0.898132150292,4.59175486511,3.68987094385
LEAN06,"PACSIN3",ENSG00000165912,8.796722,5.04341181557,3.23043229281,,,-3.017464547472972,,6.13020525938,,5.03139146222,,,5.1064081808,,,,,,,5.09188331943,,,,,,,3.97212294998,-1.67917257554,,-0.981956989102,,,5.96537034986,,,2.56752190164,,4.9271751581,,,,5.27523894256,6.13311188335,1.89169163031,,,,1.28915416386,6.33951017433,5.04460460465
NEUR02B,"PACSIN3",ENSG00000165912,6.115159,0.47060290214,-0.257109216593,,,2.932960083183301,,-1.27256291863,,-0.139710798347,,,0.00660170632571,,,,,,,-0.504080635882,,,,,,,0.559297967948,4.60099473164,,4.12284049433,,,-1.5401630214,,,-1.0881731125,,0.180480378711,,,,-0.195615171426,-2.469131966,1.03489948148,,,,-1.90864279909,-0.0866454738632,-0.0322345755679
OSTE04,"PACSIN3",ENSG00000165912,34.286358,5.13847660292,5.64233239797,,,-8.211640307470677,,5.90007035073,,6.64601281744,,,5.39867638485,,,,,,,6.42718765939,,,,,,,4.73985235065,-7.81885888898,,-8.51239981446,,,8.89948950912,,,5.11870874712,,5.1851422881,,,,5.72158136084,7.2436835435,0.102072767496,,,,-0.482228717818,7.35347211851,5.59960683724
