code,target,ENSEMBL,association,Adipose_Subcutaneous,Adipose_Visceral_Omentum,Breast_Mammary_Tissue,Muscle_Skeletal,DGN_Whole_Blood,Whole_Blood,Artery_Aorta,Artery_Coronary,Artery_Tibial,Heart_Atrial_Appendage,Heart_Left_Ventricle,Spleen,Brain_Amygdala,Brain_Anterior_cingulate_cortex_BA24,Brain_Caudate_basal_ganglia,Brain_Nucleus_accumbens_basal_ganglia,Brain_Putamen_basal_ganglia,Brain_Cerebellar_Hemisphere,Brain_Cerebellum,Brain_Cortex,Brain_Frontal_Cortex_BA9,Brain_Hippocampus,Brain_Hypothalamus,Brain_Spinal_cord_cervical_c-1,Brain_Substantia_nigra,Nerve_Tibial,Cells_Transformed_fibroblasts,Cells_EBV-transformed_lymphocytes,Colon_Sigmoid,Colon_Transverse,Esophagus_Gastroesophageal_Junction,Esophagus_Mucosa,Esophagus_Muscularis,Liver,Minor_Salivary_Gland,Small_Intestine_Terminal_Ileum,Stomach,Adrenal_Gland,Pituitary,Pancreas,Thyroid,Lung,Ovary,Prostate,Testis,Uterus,Vagina,Skin_Not_Sun_Exposed_Suprapubic,Skin_Sun_Exposed_Lower_leg
ANKY01,"ATF6B",ENSG00000213676,63.045883,-8.2141828537,,,,-2.882031202316284,,21.3503093719,,,,,,,,,,,,,,,,,,,-2.80287710057,13.74862957,,,9.56244182427,0.382913172942,-3.04441729588,,,,,1.50903254133,,,,,-8.2141828537,,-15.0166327581,,,,,-17.2161267054
ATOP01,"ATF6B",ENSG00000213676,6.840854,3.44285373318,0.207335308194,4.51278074006,4.23633614728,2.24357363979867,0.982301805738,2.19564492089,0.257550299168,-0.987542033195,2.98210387099,3.03891121353,,,,,,3.02971958236,,,,,,,3.68127797057,,1.85126805028,1.24898320062,,0.341570675373,3.58245830811,3.62729049491,-0.820228719485,4.24803688498,-0.305375725031,,,3.18021818678,-0.21079275012,,2.02164617639,3.61616492271,-2.37539940027,,-0.319858798652,,,,1.81929308107,0.260227242134
BFPC04B,"ATF6B",ENSG00000213676,11.826697,4.05098775881,3.62548361192,3.8869030828,4.45770211357,2.665262551536082,2.40960712152,2.82334316499,3.67738225177,3.67455054163,4.04171359319,3.23445103176,,,,,,3.98612138004,,,,,,,4.85178071099,,3.73196616477,3.83212049031,,3.628221305,2.30994834033,4.78656337435,3.15863922219,4.4915906397,3.32301778818,,,2.81481812508,3.58227414625,,4.04361958862,2.6231218906,2.86132380915,,2.18867306092,,,,1.81676229958,3.5600184624
BFPC04M,"ATF6B",ENSG00000213676,10.092605,3.82754464853,3.66728834962,3.88522425759,4.70322422525,2.9888036786601773,2.16069464557,3.08934045793,3.59463313874,3.76081812491,3.69241594072,3.31832650197,,,,,,3.61473771904,,,,,,,4.87334545905,,3.72083979661,3.98194631339,,3.6878548265,2.40435887608,4.43803733279,3.11738661267,4.14860771656,3.55194564706,,,2.61153961975,3.53866207207,,4.35748277036,2.78855390286,3.1120585142,,2.94807418215,,,,2.11994178206,3.56683965188
BFPC04,"ATF6B",ENSG00000213676,11.075700,3.84679845675,3.35192043196,3.70098692485,4.07423108699,2.4540567563332014,2.37920508586,2.59991677724,3.43092594457,3.37198555669,3.84440307058,2.97516560309,,,,,,3.80182207583,,,,,,,4.51287501308,,3.48329266208,3.55130780108,,3.35048087529,2.12791829612,4.54420055876,2.99351153166,4.29337811476,3.02894082104,,,2.64768355198,3.35607949681,,3.71379428954,2.35834089532,2.61214911659,,1.82296381746,,,,1.60687413546,3.35660308884
BLOO13,"ATF6B",ENSG00000213676,54.483055,4.77229392173,7.2415240674,4.60069327449,10.212145139,-9.419401017251099,-1.55177292381,0.26825495889,4.73346974509,5.29046901948,8.04335800674,6.98842804493,,,,,,5.56646247063,,,,,,,8.70317676501,,2.95718906953,8.81092275311,,7.97035938113,1.61204271723,7.13173696616,5.6532039106,8.17506365541,8.85217356364,,,8.80093060291,7.43012867708,,9.49301096971,6.0926802805,4.48761041632,,2.9977417494,,,,3.65782281903,3.72512459703
BLOO16,"ATF6B",ENSG00000213676,49.680894,7.49794304874,9.49921342728,5.20833819608,11.2238864613,-9.08854248818176,-2.31502154778,2.03079515294,8.57368766252,8.74010219764,9.10373543701,10.4604078388,,,,,,7.16767082737,,,,,,,9.66431980801,,2.94601945316,10.721917365,,10.3636884914,4.381716611,6.99152736159,6.69204957525,8.84906341366,10.4459476484,,,9.74845849106,10.0520025449,,10.4620563295,9.21751032526,6.10250784229,,5.14638315218,,,,4.75212197464,4.42065544542
BLOO17,"ATF6B",ENSG00000213676,22.220743,5.48985186499,6.2543820043,3.48895399487,6.71923980522,-3.743924207863988,-0.788407191777,2.56289431019,6.32360843706,6.68363968569,5.48009646967,7.4224234334,,,,,,4.99259064481,,,,,,,5.73780910274,,2.33448257444,6.98721515622,,6.77019791858,4.01458807597,4.03154738578,4.12256164601,4.7938500776,6.47425529379,,,5.57018655058,6.83971471963,,6.58996095792,5.90782964997,3.72193414487,,4.46823040944,,,,3.36301249413,3.22478916993
BLOO18,"ATF6B",ENSG00000213676,19.225512,4.84285925772,5.59743062187,2.79495057794,5.79008576179,-4.040487686847338,-1.39423087461,1.93639242769,5.71385792229,5.84654413659,4.8532607811,6.76754266854,,,,,,4.38749435088,,,,,,,4.83466467646,,1.53731691733,6.16273397413,,6.06981887818,3.32749697658,3.20463788821,3.83064483243,4.29187726503,5.78363068757,,,5.07912335644,6.08758479306,,5.71082512483,5.51911192874,3.50279797497,,3.61215018744,,,,2.97331018574,2.66818835015
BLOO19,"ATF6B",ENSG00000213676,13.102422,1.70918340907,1.1591042426,2.87205474689,2.64562694915,-0.13592910006083853,3.16552136968,2.4790499368,0.336999919416,1.39275151607,2.5849139514,0.922649791152,,,,,,1.15570009547,,,,,,,2.16301223902,,3.57648676152,2.89228210879,,1.23203141311,0.904550682377,2.57014595287,1.31095755583,0.991953395168,1.80727887181,,,0.061946150878,1.21749341623,,4.38263609392,0.812516076282,0.593689672133,,4.30175003914,,,,0.598204519961,3.40853255981
BLOO20,"ATF6B",ENSG00000213676,17.772396,-3.04226453801,-1.0550312587,-2.6788984523,0.21066969553,-8.711086253129269,-6.32327429701,-5.55887587223,-2.08657694106,-1.04789583446,0.800693105168,-0.384461548008,,,,,,-0.818227905394,,,,,,,-0.56151085479,,-3.32914438272,-1.11321148318,,-0.361974541166,-2.52009061415,0.142645098768,-2.42698537231,-0.790900943986,-0.528684720554,,,0.634070384496,-0.767642560945,,-1.47762259579,0.770093380505,-3.03112376588,,-1.74968704027,,,,-2.05760399499,-4.21066963094
BLOO21,"ATF6B",ENSG00000213676,16.260072,-3.94842399728,-1.56498270956,-1.97889521288,-1.00036461826,-8.009396141478161,-8.10963735172,-5.9517036405,-2.28592417114,-1.70134790097,-0.906393435203,-1.65995766563,,,,,,-1.89695453283,,,,,,,-1.51130939906,,-3.40233770623,-1.44858666691,,-1.13631401574,-4.81123711404,-1.89907035161,-1.58217160549,-2.34511808067,-0.759221981427,,,-0.0533678640883,-1.5615523116,,-0.669956857483,-0.237609058384,-3.11673337267,,-2.81552625144,,,,-3.02737511886,-3.04736555252
BLOO22,"ATF6B",ENSG00000213676,22.230268,-4.03544558551,-1.34752003203,-2.17992834554,-0.535769746699,-9.406634797852886,-9.07221144505,-6.66834691593,-2.29454109635,-1.49003932928,-0.436865318199,-1.38944846928,,,,,,-1.70792267005,,,,,,,-1.14299693127,,-3.71952851438,-1.30329633823,,-0.802089754242,-4.90601377289,-1.46920921089,-1.68984170667,-2.02395777276,-0.470384728131,,,0.419051300223,-1.32609927776,,-0.62779002833,0.206611504338,-3.50385086389,,-2.67610952466,,,,-3.35058408399,-3.40394463713
BLOO24,"ATF6B",ENSG00000213676,12.728066,-0.881094581797,-0.93183422628,-1.76344170534,-1.85676084803,-3.1631216042616557,-2.90557290411,-1.69711345456,-1.05965951139,-2.03961199951,-0.631336770493,-0.387065421018,,,,,,-1.05705262429,,,,,,,-2.16842468748,,-2.7882935152,-1.26612812969,,-0.899618097345,-1.84192641985,-2.64011395524,0.347393591809,-0.408443130066,-1.14823873497,,,-0.341497063557,-1.34985511738,,-1.12887513976,0.559539951934,0.297256141388,,-2.28449556872,,,,-1.12840593235,-1.39862750201
BLOO25,"ATF6B",ENSG00000213676,12.103353,-4.87243494575,-3.20433144834,-3.37188276746,-3.67325568949,-5.971712103951216,-5.86094455818,-5.95962277015,-3.80045773518,-3.49858462,-2.20849514019,-1.60463226033,,,,,,-2.0891601343,,,,,,,-3.70344503845,,-4.61682281501,-2.95086414158,,-2.88055033528,-5.04691712025,-3.52121331098,-3.1974216907,-3.50398065179,-3.28497033193,,,-2.22588032656,-3.04953018567,,-3.55588676393,-3.2045919794,-3.84423468242,,-4.79351613199,,,,-3.75445986637,-3.87770469808
BLOO26,"ATF6B",ENSG00000213676,18.549074,-4.7509421828,-4.43700130922,-2.55471597053,-5.35013299032,0.1749574093993019,-0.933008165206,-2.4954211038,-4.3896773119,-4.57351588717,-4.23189965973,-3.394168356,,,,,,-2.96031139417,,,,,,,-5.27639117524,,-2.80021682612,-3.57601347394,,-4.50925986534,-4.24699846157,-4.43758193147,-3.58422520359,-4.95454127568,-4.59919993116,,,-4.51897071726,-4.07550203359,,-3.89818850853,-4.62344874604,-1.57587013388,,-5.79816645291,,,,-0.815964505812,-3.25770168689
BLOO27,"ATF6B",ENSG00000213676,17.030663,-3.05414147266,-3.51560111815,-1.32714024784,-4.28127892861,3.0080335095961117,1.6307458664,-0.0696638544848,-3.17032745011,-3.54822342931,-3.75568110906,-3.2816908263,,,,,,-2.3851942752,,,,,,,-4.29451843587,,-0.80842116734,-2.57389974977,,-3.77110585418,-2.23320144395,-3.3259253598,-2.39143837028,-3.99716931195,-3.59241535655,,,-4.07069894068,-3.23845612511,,-2.54151814154,-3.57465534344,-0.0196333222618,,-4.04496364879,,,,0.880245196909,-1.88371629627
BLOO28,"ATF6B",ENSG00000213676,13.501524,-1.22225668419,-0.595672458376,-2.35345813152,-1.95025192071,1.4689640969604985,-1.96660091551,-1.859606634,0.36474955204,-0.555061806817,-2.32571135542,-0.556334176257,,,,,,-0.573068446571,,,,,,,-1.26453694142,,-2.65460172971,-2.42289056942,,-0.704310619782,0.0204832885601,-1.61500517291,-1.18244527078,-0.534372269357,-1.26322106446,,,0.447543245413,-0.5144457577,,-4.15673486091,-0.878178746751,-0.481663376989,,-3.79890724522,,,,0.0831094696688,-3.2000037328
BLOO29,"ATF6B",ENSG00000213676,35.348005,-3.69162946212,-3.82792752501,-2.48398054273,-4.63456917987,2.101426434394568,1.40041965602,-0.430894338432,-3.29664028796,-3.47533699695,-2.94102282395,-3.79933555911,,,,,,-3.01026177693,,,,,,,-4.70737566203,,-0.27209265907,-1.80471993538,,-3.8765702346,-2.61485390193,-2.72812322562,-4.72791827414,-3.74141539653,-2.70844142372,,,-4.31413059573,-3.53839146652,,-1.81688484367,-4.51070528045,-1.60996423141,,-0.108013444391,,,,0.172258341578,-3.39177601834
BLOO30,"ATF6B",ENSG00000213676,54.074884,5.02088627653,7.62833575327,4.76228710113,10.6843414931,-10.218184961171051,-1.99017475312,0.24630761329,5.08600422204,5.68226179749,8.41398031672,7.56741096872,,,,,,5.94353177908,,,,,,,9.01111332758,,2.93995451347,9.29057249511,,8.44435433479,1.70005335448,7.34863282736,5.83137800274,8.42264507194,9.31260169786,,,9.15999391307,7.86516235406,,10.0609339777,6.49631005761,4.631042703,,3.35033274493,,,,3.72694265975,3.88361721717
BLOO31,"ATF6B",ENSG00000213676,15.418403,-4.48869993331,-5.19004587845,-2.60651260252,-5.37506180399,3.92602645763512,1.48744748947,-1.68852949732,-5.53048879828,-5.49267710624,-4.44903331876,-6.23515826219,,,,,,-3.8385492,,,,,,,-4.62453026174,,-1.1695649617,-5.60042003032,,-5.63358449121,-3.18797620623,-2.95517448112,-3.43627201743,-4.15532447702,-5.29276381009,,,-4.7615632748,-5.64669820821,,-5.00102026946,-5.41521972227,-3.48010387389,,-3.13648643286,,,,-2.64274258925,-2.37264390958
BLOO32,"ATF6B",ENSG00000213676,10.093687,0.418659154677,0.0403376576731,1.60506168534,1.0779098558,3.3742838863009847,3.50714306363,1.68208360496,-0.110928959549,0.852643375417,0.381823288251,-0.674208554636,,,,,,0.432819679251,,,,,,,1.31982151193,,2.96279903697,0.691832748313,,-0.0727109831143,1.07494899654,2.1172782991,-0.511274022961,-0.145015199413,0.279991163754,,,-0.650246999621,0.264011526519,,1.04451218526,-1.28810373392,-0.724808337237,,2.3035690474,,,,0.549530132501,1.65948456808
BLOO33,"ATF6B",ENSG00000213676,14.108507,2.85942748427,3.44677377828,2.45558825602,4.92707274478,-4.595489405409356,-0.56982799981,-0.702921939985,2.78669096762,3.12757543439,3.35742022462,2.49080791423,,,,,,1.77752820803,,,,,,,4.42147182524,,0.101435720426,2.34720244466,,3.56366160871,2.58273185661,3.37513214119,3.62210025922,3.61976947193,3.74630618638,,,5.30190467166,3.38417235709,,2.34877662393,5.38423615104,1.85594189966,,-0.0311343043502,,,,4.4138506598,1.58299449616
BLOO34,"ATF6B",ENSG00000213676,13.807433,-4.56318655853,-4.36282536857,-2.31017243523,-4.75108381613,0.11916669538015134,-0.369208357488,-3.57741133542,-3.24230547986,-4.61431381134,-3.26407410415,-2.49839977748,,,,,,-4.20624059911,,,,,,,-4.26989540776,,-2.34140022995,-3.62080437841,,-4.25068365137,-4.19079285086,-3.54981911058,-4.51142086599,-5.36394999598,-4.08795326253,,,-4.28219801087,-3.55097421702,,-2.93875435656,-6.13783459611,-5.25609863538,,-2.75952042016,,,,-1.7202917803,-3.88836121108
BLOO35,"ATF6B",ENSG00000213676,11.448587,0.318380193794,-1.71288748804,-1.009704841,-2.25551716668,3.6601976469851314,4.18526995584,1.5188554684,-0.508051778719,-1.77314796375,-2.70667709975,-2.65491660426,,,,,,-2.85764262799,,,,,,,-1.74568883108,,-0.161627598663,-1.75131735963,,-2.11472854848,0.50217040685,-1.39597372752,-0.570585750891,-1.8944672649,-1.68062704982,,,-2.47676439124,-1.72000685527,,-0.765037748602,-1.54705102534,-2.22075793587,,1.11059575758,,,,-1.32684945138,-1.73254219007
BLOO36,"ATF6B",ENSG00000213676,24.870342,-3.3002301122,-0.243421789019,-1.65205090614,0.956026634342,-10.581671840299167,-9.15464916255,-6.87603979092,-1.47012445114,-0.536829349928,0.909390074873,-0.0801807532301,,,,,,-0.486064920722,,,,,,,0.124967247543,,-3.19592036468,0.177767291993,,0.484966241377,-4.28694757002,-0.203226555667,-1.21042996651,-0.77099766083,0.871689078335,,,1.847274902,-0.198257827778,,0.97501089491,1.33426346585,-2.94426104384,,-1.90809497074,,,,-2.73970611071,-3.12919413651
BODY08B,"ATF6B",ENSG00000213676,9.270860,1.06780718958,-0.520531083809,1.31185008746,-0.0500361688322,3.7575952045072674,2.86993354672,1.46433244184,0.654204091777,-0.309612388707,0.124015393991,-0.320299067939,,,,,,0.612352172289,,,,,,,0.353425146988,,0.508403117238,0.175925925894,,-0.485939054573,-0.575256444485,0.633335237825,-0.287593229008,0.753989081076,-0.666378423475,,,-0.969417049493,-0.0710065058033,,1.37426642584,-1.21390604106,0.331525885487,,1.05294664458,,,,-1.00913365164,1.9844572606
BODY08F,"ATF6B",ENSG00000213676,5.713925,-0.259331424744,-1.38881191346,0.179154047512,-1.30968510569,1.2638712872543325,1.53751901698,-0.313997963533,-0.737205587848,-1.35140147093,-0.637737919485,-1.22251381929,,,,,,-0.0488912344603,,,,,,,-0.878975828939,,-0.8180040784,-0.860221242089,,-1.36685342098,-1.37546868783,-0.520858698723,-1.02936711585,-0.249131756887,-1.62556253312,,,-1.51975014407,-0.950082310227,,-0.24603332744,-1.57861443758,-0.898782402344,,-0.888532318462,,,,-1.79820772183,-0.0407337952964
BODY08,"ATF6B",ENSG00000213676,9.289908,0.896112241574,-0.672805874167,1.24953174031,-0.256226168345,3.4626973927393125,2.77280689587,1.17941010772,0.427344249901,-0.499304411208,0.0347733886577,-0.477081180761,,,,,,0.595798031251,,,,,,,0.165098842789,,0.314751402093,0.0507186981016,,-0.632697124159,-0.712465926624,0.481777035319,-0.375064776251,0.656155852779,-0.840205977832,,,-1.07605045084,-0.188763695417,,1.18871827261,-1.31867320797,0.151906233779,,0.716914188894,,,,-1.19704841752,1.74481938077
CHOL21,"ATF6B",ENSG00000213676,6.924490,-0.381773945491,0.724064677697,-0.760045611293,1.4673943748,-2.81158325656026,-6.06557473182,-2.55785906072,0.142512971222,-0.141259828429,0.951944933506,0.026480655447,,,,,,-0.045335539037,,,,,,,1.10710648308,,-1.00242795079,0.438783695091,,0.602397343832,-1.95000282487,0.715112519567,-0.131473600636,1.93966432257,0.967442022072,,,0.615615223275,-0.0378006146986,,0.529877454731,2.04827650774,-0.805139070557,,1.82606611819,,,,-1.66406666436,-1.33834613798
CHOL27,"ATF6B",ENSG00000213676,1.966979,0.14832818348,0.783165333539,-1.08506375443,1.02515463052,-1.1791019767629287,-4.79731507125,-1.19998136053,0.319151321046,0.251362894632,1.07449090685,0.12013034797,,,,,,0.507415657344,,,,,,,0.848586837746,,-0.261783807499,0.28612069745,,0.693271023116,-0.985784365931,0.722771585999,0.195083129192,1.88654407215,0.973435636986,,,0.51903004543,0.184799083336,,-0.193294033117,1.36887268494,0.0350633786002,,1.11492233921,,,,-0.995188755281,-0.360688649696
CIRR01,"ATF6B",ENSG00000213676,14.606214,-1.66972062745,-0.726479412158,0.510007041683,0.25268485669,-2.7562053199803414,-0.470146165821,-1.62188076654,-0.183005183543,-0.700594242137,-0.96502456697,-3.22998889424,,,,,,-1.64254896196,,,,,,,-0.187540202637,,-1.38357389056,-0.0490280066216,,-0.737727065918,-2.4429616158,-2.01171156529,-1.33039271703,-0.612952518511,-0.819003794182,,,-1.4732171581,-1.37173189271,,0.448784328771,0.488247061234,-0.636067882163,,3.18174559356,,,,-0.818027189583,-0.845669131999
COAD03,"ATF6B",ENSG00000213676,6.231251,3.16121138142,3.13677078551,1.89313684553,3.28380995392,0.8263001958792482,0.879695516021,3.15355261736,3.10529317727,3.16703636521,2.51868381933,2.43352754781,,,,,,2.59746518446,,,,,,,2.81254420836,,2.12593095289,3.1170459128,,3.13568737055,2.14662434287,2.05370557507,3.18103773349,3.04902671456,3.17436911607,,,2.78130021773,3.05751290218,,2.94705386973,3.23071714271,2.56869778715,,2.94158978674,,,,2.10981240326,1.27750862653
CROH01,"ATF6B",ENSG00000213676,10.231480,1.12212795389,-2.36996030807,-4.12101971373,-2.69117865862,-4.255400413335944,-0.549351860963,-2.91791349593,-0.989129066467,-1.45344591141,-1.9684490513,-2.72831764568,,,,,,-3.99324225404,,,,,,,-3.88468957185,,-2.42958875594,0.889557729943,,-2.1248395443,-3.85516653322,-3.66007209678,-0.272106933446,-4.08749242322,-0.335563570261,,,-2.1683664501,3.49001145363,,-0.326751326927,-3.6982395649,-3.30199163598,,0.390140122651,,,,-5.70413200986,-1.5320828278
EDUC03,"ATF6B",ENSG00000213676,9.561584,-5.16025500463,-3.63038396835,-2.8326909674,-3.62584862542,-1.408122271160044,-0.80161442361,-3.07056952334,-0.629533290863,-3.51788544655,-4.09653302359,-4.43071934695,,,,,,-0.158148210342,,,,,,,-2.70457806738,,-4.19434189074,-3.43843630566,,0.0903614386916,-2.73184905266,-2.56158671982,1.32868381411,-3.5217627785,-0.0137868924066,,,-4.59972739497,-2.21007442474,,-5.48905694052,-3.55015802383,-0.738594666416,,-2.80537840258,,,,5.59829376512,-0.690308851873
FATM04B,"ATF6B",ENSG00000213676,11.959675,0.865450379233,-0.634472885492,1.41104934564,-0.409127025545,3.51488668347774,2.66374220756,1.91994101893,0.340371171153,-0.276684012337,0.011719824555,-0.0389051722076,,,,,,0.501450307454,,,,,,,0.487956738823,,0.804187976269,-0.180500988163,,-0.600414563198,-0.358688962816,0.971864509741,-0.227048970104,0.741841705996,-0.89467648558,,,-1.08414747399,-0.0679246127092,,-0.0515313645122,-1.89712696391,0.144973162996,,-0.60114515777,,,,-0.800502926263,1.1838565608
FATM04F,"ATF6B",ENSG00000213676,6.542663,-0.393895781585,-1.62150960632,0.0746092782717,-1.85912806908,1.3819198357925113,1.64936214111,0.123361903573,-0.91846665919,-1.40102557496,-0.865522282452,-1.17521440316,,,,,,-0.261485556295,,,,,,,-1.00585064879,,-0.517756514345,-1.33888556175,,-1.60051258999,-1.15341796527,-0.514813779707,-1.15823658122,-0.354530887906,-1.9658109124,,,-1.62899179199,-1.07584972791,,-1.49212597925,-2.36410326873,-1.15953824392,,-2.21590495975,,,,-1.61127263013,-0.524373346441
FATM04,"ATF6B",ENSG00000213676,11.986278,0.658952564232,-0.883150675171,1.27969592839,-0.751728762397,3.2866469522946122,2.65025658931,1.65748451282,0.0755895134834,-0.551624857437,-0.171497165619,-0.29513276666,,,,,,0.38020465884,,,,,,,0.195050552763,,0.566198049466,-0.410786168698,,-0.849405429548,-0.537852687334,0.710576391866,-0.391939220933,0.574160567653,-1.16897543281,,,-1.26599273969,-0.271656599248,,-0.336707792439,-2.13669417166,-0.115901881281,,-1.01588860713,,,,-1.02504625348,0.918636657518
HEIG02,"ATF6B",ENSG00000213676,5.721041,-3.31435439587,-3.39758362183,-2.58077751054,-3.67988523768,-0.809002799980891,-0.815135567337,-2.55836241652,-3.45140500243,-3.49829485346,-3.55016971532,-2.9014593692,,,,,,-3.52027810725,,,,,,,-3.24426526622,,-2.63381006764,-4.00906350185,,-3.41788555323,-2.37779618514,-3.42497260191,-3.17205723294,-4.234502488,-3.59853550594,,,-3.18577381968,-3.119294091,,-4.69087855478,-5.44228950283,-3.46365113872,,-3.95921679423,,,,-1.55527340069,-2.64454445074
HEIG03,"ATF6B",ENSG00000213676,17.218424,-6.48601197573,-6.64362569559,-5.34342088673,-7.63128632238,-0.5052713300702814,0.640470900014,-3.03178756579,-6.39183685536,-6.53323105425,-6.400943138,-5.40696243603,,,,,,-6.09911389474,,,,,,,-6.64417671752,,-5.10297309244,-7.71562667214,,-6.67726644858,-4.26671725464,-5.2496256724,-5.70495616679,-7.36108141664,-6.66365775085,,,-5.9810588935,-5.91135918118,,-8.36976203102,-9.23313888179,-6.05479215054,,-8.67048487581,,,,-3.87461372868,-4.68684626785
HEIG04F,"ATF6B",ENSG00000213676,5.161579,-3.86718104049,-3.75166271758,-2.13064848507,-3.95622922022,-0.2744431869830239,0.198897018703,-1.61163410779,-4.16133600399,-3.34658410165,-3.47539026994,-3.52867477727,,,,,,-3.29795410594,,,,,,,-3.44735134162,,-2.60529078183,-4.22939298408,,-3.75287693435,-2.42953190329,-2.42822569733,-3.0345719297,-3.73096098164,-3.6111567659,,,-3.7224408761,-3.23210933887,,-3.69027739588,-4.75515300412,-3.04557503183,,-5.06630855721,,,,-1.76640418015,-2.1172696052
HEIG04M,"ATF6B",ENSG00000213676,5.495054,-4.40587184548,-4.75178333751,-2.51443912281,-4.96427590824,-1.5505603824056429,0.780295902968,-2.36673184621,-4.22122056087,-4.8067827268,-4.17922723007,-3.74699936807,,,,,,-4.60161111923,,,,,,,-4.3396378411,,-3.64594590792,-5.09063005395,,-4.66218262438,-2.98142357101,-2.84992120958,-3.3632165969,-4.44174418217,-4.49131994384,,,-3.90577842408,-4.42174037812,,-5.06891392725,-5.60553483201,-3.44080088377,,-5.38019719345,,,,-2.89076711155,-3.51813909666
HIPC03M,"ATF6B",ENSG00000213676,5.914816,-3.22745223211,-3.28853830927,-2.9130854979,-3.54066901231,0.2673842995529252,0.154016429526,-2.58042750551,-3.28851919692,-3.31122798471,-3.13732653029,-3.29699710097,,,,,,-3.56550149543,,,,,,,-3.24633234658,,-2.65951201463,-3.84871046158,,-3.3550236963,-1.7731661794,-1.91019472074,-2.77147315215,-4.19632786194,-3.2422041123,,,-2.95649247582,-3.21160608134,,-4.0157589081,-4.79149045313,-3.15576447568,,-4.0379895407,,,,-2.16858547155,-3.54817111389
HIPC03,"ATF6B",ENSG00000213676,6.502573,-3.15049779228,-3.17698760098,-3.2541292745,-3.58122960634,0.8142666070294271,0.276962590916,-2.42764571133,-2.92765225015,-3.03954083804,-2.82699849195,-2.90746943219,,,,,,-3.55316562695,,,,,,,-3.29282042198,,-2.49103267954,-4.04219864323,,-3.2369069633,-1.92286302626,-2.12431740681,-2.6395654475,-4.32751562338,-3.10173464296,,,-2.46752096252,-2.94447308819,,-4.33780662108,-4.82047602553,-3.16073472628,,-4.24227882461,,,,-1.5638990775,-2.55553000809
HIPC04M,"ATF6B",ENSG00000213676,5.839531,-3.15107074692,-3.18527218449,-2.86677787676,-3.43823869143,0.04168102496649632,0.847988199088,-2.53958339641,-3.04311701046,-3.22536769895,-2.96357759119,-2.8586588848,,,,,,-3.50239581949,,,,,,,-3.19137943131,,-2.49833510989,-3.7240859289,,-3.28470401341,-1.60120580115,-1.665788664,-2.64076431673,-4.19958708578,-3.10929508241,,,-2.76425291474,-3.08711803761,,-3.85099007419,-4.60134997231,-2.97831704643,,-3.93158363205,,,,-2.09837487614,-3.44981012031
HIPC04,"ATF6B",ENSG00000213676,5.894251,-3.04194331285,-3.03953761283,-3.18102362011,-3.42725384224,0.7595939773436112,0.370592736103,-2.40088346812,-2.70045893341,-2.92316648301,-2.7191564613,-2.76533363867,,,,,,-3.47488525988,,,,,,,-3.20328955896,,-2.30064721155,-3.91933661093,,-3.13502871168,-1.80349949225,-1.90378701876,-2.57157593877,-4.26678695468,-2.94627862774,,,-2.31039273665,-2.75825612139,,-4.13782556273,-4.63092004257,-2.97256906678,,-4.0644927539,,,,-1.52151860456,-2.53358761396
INFB01,"ATF6B",ENSG00000213676,12.099622,3.83318308933,0.411682605743,-2.53687554101,-1.39623528015,-2.1893901690440196,-1.59427540135,-2.52351064906,-0.982583761215,-4.76966667175,-3.93544226647,-4.2062635683,,,,,,-1.7712001648,,,,,,,-3.63268345768,,-4.08133949654,-0.513250935361,,-6.83493709564,-4.26579944369,-3.87314386194,2.42308502542,-2.49587747457,1.54628872871,,,-2.65231990218,4.47565603256,,-2.0541223995,-2.26488661766,-4.41138505447,,-2.09152260004,,,,-2.43880716186,-0.221534937975
LEAN04B,"ATF6B",ENSG00000213676,31.368952,-6.78879694355,-9.06902964781,-4.82201879049,-10.0752341865,2.8945382423919805,0.571659144721,-1.58015814122,-7.48944864486,-8.08834839084,-8.45895323611,-7.1753693209,,,,,,-7.42741723661,,,,,,,-9.09965551461,,-5.6701917758,-8.68395992909,,-9.00124818575,-6.2581822335,-7.85890805601,-6.76121765418,-7.8195404258,-9.02445147276,,,-8.51297737793,-7.67369037541,,-8.33514424717,-9.65368634484,-6.00976174053,,-6.03956269075,,,,-5.17117075131,-4.76500966019
LEAN04F,"ATF6B",ENSG00000213676,19.128591,-5.94798497554,-7.39600682976,-3.66073860438,-8.23529421179,0.9843702126888346,-0.50042277372,-2.32901962259,-6.64554525682,-6.67641493961,-6.72835590911,-5.83484861604,,,,,,-5.53503468333,,,,,,,-7.42040066624,,-4.97033520921,-6.85205040928,,-7.35929578774,-5.49644145017,-6.76202891611,-5.19895178899,-6.22398326408,-7.41666109048,,,-6.98281817818,-6.52101853196,,-6.52193275563,-7.46946618109,-4.84050398889,,-5.29142571352,,,,-4.35307510433,-4.14069301991
LEAN04M,"ATF6B",ENSG00000213676,16.301734,-3.77809549257,-5.81002791367,-3.47474331866,-6.4282675317,3.753726958525706,1.71706195676,0.423899755434,-4.04987543004,-5.07016151666,-5.65652291056,-4.62103936837,,,,,,-5.48929050621,,,,,,,-5.82996473278,,-3.15411331571,-5.8858104037,,-5.74062764923,-3.46581253857,-4.54372017148,-4.76865726687,-5.22406610912,-5.70198487148,,,-5.39940230374,-4.55063600615,,-5.7222047182,-6.75049545657,-3.94483858201,,-3.36061273455,,,,-3.12415400743,-2.70780299543
LEAN04,"ATF6B",ENSG00000213676,29.619554,-5.95217037319,-8.30548581326,-4.56810778368,-9.20762894793,3.63221677299723,1.186181809,-0.733197195152,-6.47707523489,-7.3441361802,-7.85740036515,-6.5862244399,,,,,,-7.13793385073,,,,,,,-8.32004772643,,-4.92027715811,-8.1126694749,,-8.22525421527,-5.46402926916,-6.91671780911,-6.43369019453,-7.25790256264,-8.20387167917,,,-7.74938258601,-6.85150119907,,-7.81752386698,-9.12552357201,-5.50657728087,,-5.30411765303,,,,-4.61233375557,-4.10264000965
LEAN05B,"ATF6B",ENSG00000213676,32.533770,-6.72175944604,-9.039192828,-4.6424447865,-9.99517301479,2.9869740346287874,0.716220926274,-1.56069172797,-7.46930466508,-8.0312957092,-8.41098564246,-7.16796515219,,,,,,-7.33710327482,,,,,,,-9.03000621243,,-5.62207280854,-8.6123402223,,-8.96855360354,-6.26859344698,-7.72850628824,-6.72505677128,-7.76659245858,-8.9920880397,,,-8.4973776144,-7.64440648267,,-8.30419598008,-9.64298257178,-5.947308226,,-5.93432345959,,,,-5.03209957158,-4.65818939795
LEAN05F,"ATF6B",ENSG00000213676,17.757086,-5.87151912118,-7.38166046568,-3.4690482048,-8.16445635338,1.1322224458272778,-0.306101008865,-2.2881273899,-6.6370227075,-6.62452082336,-6.69645862414,-5.85213349222,,,,,,-5.44129121989,,,,,,,-7.35395605391,,-4.92063382447,-6.78476023605,,-7.33825251832,-5.52004178171,-6.61436900842,-5.17638633313,-6.18966005473,-7.39714901605,,,-7.00592856166,-6.49601882334,,-6.5072184771,-7.49752592521,-4.79214054761,,-5.17718409137,,,,-4.19923887673,-4.03664142852
LEAN05M,"ATF6B",ENSG00000213676,15.761728,-3.77525707113,-5.79760793222,-3.43871170289,-6.40756314109,3.73877648961076,1.71871605415,0.413285124214,-4.03550050258,-5.05836540639,-5.63798010067,-4.60050948691,,,,,,-5.48472277575,,,,,,,-5.81980088089,,-3.14596722932,-5.87599970963,,-5.73215720375,-3.45971557316,-4.53100452126,-4.75601013089,-5.1976608291,-5.69127285523,,,-5.35800969757,-4.54695690923,,-5.71128655968,-6.71998714236,-3.91644904137,,-3.3414108794,,,,-3.10237039814,-2.67028327078
LEAN05,"ATF6B",ENSG00000213676,24.003296,-5.93115648538,-8.30685877097,-4.45106722579,-9.17271994503,3.6853919623579237,1.25795982939,-0.736731996007,-6.48005594246,-7.3230495674,-7.84503592002,-6.59762710729,,,,,,-7.10015102422,,,,,,,-8.29878793808,,-4.90497797031,-8.08811360335,,-8.22503318632,-5.48189053392,-6.85240458448,-6.4320378416,-7.2349750851,-8.20639499599,,,-7.74492956607,-6.8574529749,,-7.81708492959,-9.12239152773,-5.4684421633,,-5.24124728212,,,,-4.53444463172,-4.03191795756
LEAN06B,"ATF6B",ENSG00000213676,43.424535,-7.76845909596,-10.5408797997,-5.61518865097,-11.949096191,2.401874482388919,1.0162623847,-2.30967786979,-8.23423530246,-9.9388974459,-9.68929400498,-8.09958724067,,,,,,-8.31838478142,,,,,,,-10.2956418016,,-7.19516064467,-10.0598523162,,-10.5036185071,-6.97768110379,-8.83143645611,-7.97048327203,-9.08070451569,-10.5263472337,,,-9.71582454251,-8.91109090322,,-10.004175234,-11.9268074397,-7.2607557949,,-8.02768817644,,,,-6.92909673193,-5.65681375103
LEAN06F,"ATF6B",ENSG00000213676,27.648610,-6.60089472078,-8.72420178395,-4.48105276798,-9.86829517038,1.3457040217734355,0.566074143401,-2.56087657486,-7.12837072088,-8.26265186745,-7.96570443264,-6.90500928699,,,,,,-6.5198318808,,,,,,,-8.40390681486,,-6.08069788593,-8.13247808505,,-8.69652246421,-6.07034991531,-7.61876900702,-6.48458946709,-7.33400730057,-8.76983116904,,,-8.23175306471,-7.45785472194,,-8.1339741285,-9.49652833005,-6.20430411697,,-7.06722959835,,,,-6.03033018978,-5.24425302562
LEAN06M,"ATF6B",ENSG00000213676,19.588212,-4.79912969325,-6.87541387622,-3.92316991862,-7.82676744791,2.570067169679788,1.09982010475,-0.491483519905,-4.8798227809,-6.42489983759,-6.40443345991,-4.96607756486,,,,,,-5.99993041767,,,,,,,-6.89820427872,,-4.49917260469,-6.86648264596,,-6.84601321215,-4.09016165661,-5.27439173582,-5.37609783838,-6.2075349246,-6.77548870107,,,-6.03906464787,-5.68317720565,,-6.75534766339,-8.36912171127,-4.4325565538,,-4.57166530264,,,,-4.05718802567,-2.81077728137
LEAN06,"ATF6B",ENSG00000213676,42.987542,-7.13663755728,-9.84691328414,-5.34850084861,-11.1858856078,2.7652437057843766,1.16136845289,-1.71848858328,-7.46086557151,-9.25028109154,-9.07039497022,-7.40673002426,,,,,,-7.97260758803,,,,,,,-9.72381584509,,-6.60994216771,-9.53340742766,,-9.80104536148,-6.28143329238,-8.01109511398,-7.52492975928,-8.62111335491,-9.78672469378,,,-8.9218410977,-8.24753071524,,-9.43509206124,-11.445978458,-6.62728616905,,-7.1965052996,,,,-6.26840618978,-4.82686649345
LUPU01,"ATF6B",ENSG00000213676,55.532348,3.64760993139,7.92984437943,-6.80615694224,-6.65713493749,11.935511260548907,6.91884951215,-5.46109736407,6.77985715866,7.56759738922,-6.95026322666,-8.47428086445,,,,,,0.848865951623,,,,,,,-7.86153154226,,0.596822464401,-1.68283697096,,1.12075376511,-7.27209253273,-7.89638004523,2.07364233591,-6.78284955291,1.30409145355,,,-9.60646721138,3.74797844887,,-8.92010354656,-7.8069562912,17.9177702429,,3.98136984208,,,,3.22147043011,4.1069288377
MENO01F,"ATF6B",ENSG00000213676,8.066543,3.63495509602,4.50408986937,3.58760739878,5.07030402006,-1.9151088491077588,-0.940692170095,1.52112543628,3.80415786162,4.16313890197,4.70177209478,4.35356836505,,,,,,5.24696787016,,,,,,,4.42450413771,,3.94867723116,4.39844636449,,4.51930385827,3.53065336914,3.62694701356,3.90604801358,5.06752554345,4.29962199149,,,5.08167935921,4.33401283917,,4.60768107722,5.35992707625,3.42189513214,,4.26016465585,,,,3.54418142961,3.31901806917
NEUR02B,"ATF6B",ENSG00000213676,10.597395,3.997113564,5.3531919006,1.57931314919,5.18640098506,-3.055369938815552,-0.34405721644,3.32815698737,4.70641371927,5.02953225982,5.45600453403,5.21826984814,,,,,,4.51095997027,,,,,,,4.96755865464,,4.40349787648,4.7591656675,,5.27838349386,3.03764745593,4.78160166609,3.99749458939,4.94557492634,5.78317489456,,,5.79898319665,4.82933661561,,3.68422705833,4.1632986623,3.53671092075,,3.02349784192,,,,2.26046315954,3.90795985637
PRSC01,"ATF6B",ENSG00000213676,65.457299,3.82948859028,-6.44529266759,-2.89830941461,-8.50840294587,18.594000699901937,11.3395611703,6.00122437369,-6.36742419714,-3.58518458541,-8.38647578012,-6.89056461752,,,,,,-5.42400936932,,,,,,,-6.74272204258,,-0.187493731744,-7.18244752856,,-6.34023707431,3.62165150351,-5.96087151322,-1.67802440974,-4.89339526488,-6.33227588816,,,-8.84232785441,-4.83371598166,,-6.54305571091,-8.76193051534,2.63494944508,,-0.959493370607,,,,1.55091672316,-2.58643319305
RHEU01,"ATF6B",ENSG00000213676,89.319828,17.5790514085,22.0311435163,23.7767981578,27.7216938921,10.21003338136661,1.12314082471,8.1785640948,22.0372135301,23.3973890638,18.0930000556,17.3598240779,,,,,,21.6045931635,,,,,,,26.264409525,,25.5713993367,20.7560598888,,22.0196891096,15.7618473862,24.354160251,18.3856235786,17.6021470331,21.8372056301,,,19.9144346306,20.8907683644,,22.5698058324,13.8350831171,14.494811113,,14.1829394377,,,,16.7939342586,19.7811239322
RHEU02,"ATF6B",ENSG00000213676,118.963371,17.5790514085,22.0311435163,23.7767981578,27.7216938921,10.21003338136661,1.39911056652,8.82054750431,22.0372135301,23.3973890638,18.1153789401,17.3747415089,,,,,,21.6045931635,,,,,,,26.264409525,,25.5713993367,20.7560598888,,22.0196891096,16.370467242,24.354160251,18.4291894723,17.6021470331,21.8582516061,,,19.9144346306,20.8907683644,,22.5698058324,13.8350831171,14.4985515868,,14.1829394377,,,,16.7939342586,18.5798659867
SCHI01,"ATF6B",ENSG00000213676,17.191769,-0.194727346175,-6.65268182755,4.90003687263,5.49902880904,-5.295769348029672,-4.61535342207,2.88516239643,-5.18108415604,-2.51598572731,3.07783848422,3.51656718377,,,,,,2.77364813493,,,,,,,4.64545960179,,0.868947083074,0.380682504966,,2.03910040855,4.30034611036,4.68246385727,-0.205198817634,4.38729436475,2.54301667213,,,3.60218908964,-3.51978302002,,2.83191577314,4.3621339798,-6.79155953125,,-4.25817516959,,,,1.01616362976,0.856668289458
SCHI02M,"ATF6B",ENSG00000213676,15.665808,-0.743267753694,-6.21547365189,4.89240945485,5.3918602439,-4.979074272328146,-3.77954702136,2.85608211944,-5.54396390915,-2.40960049629,3.57919414828,4.05196101291,,,,,,2.76933764049,,,,,,,4.5708188589,,0.984059954156,0.0867374347409,,1.39837658405,4.30840331409,4.46529609794,-0.619683494363,4.62104061941,2.91569256783,,,4.31782042416,-2.62570381165,,3.43575002243,4.76806926727,-7.029547021,,-3.53069525311,,,,0.363702652469,0.393180306559
SCHI02,"ATF6B",ENSG00000213676,16.348897,-0.598726427633,-6.7990655899,5.19427067182,5.72965116081,-5.363044624858635,-4.64015120279,3.17135096238,-5.23666954041,-2.88109207153,3.04229814726,3.70178639319,,,,,,3.15255771109,,,,,,,4.79247401305,,0.787023440842,0.626725244449,,2.00803089142,4.42191790882,4.78306473804,-0.124018477092,4.69038735474,2.54301667213,,,3.70860058525,-3.84797120094,,3.09606350165,4.68278741837,-6.80293006311,,-4.25355474661,,,,1.46092330613,1.03329255118
SCLE01,"ATF6B",ENSG00000213676,7.976665,-7.54158306122,,,-8.25261036897,0.0029302833223362485,,0.613871872425,,,,3.90978050232,,,,,,,,,,,,,,,-1.71106077528,-5.63087272644,,,-5.63087272644,-7.01751364821,7.3063531926,0.80398154255,-3.72308921814,,,,,,4.46507692337,7.46190536982,0.940034210682,,,,,,3.35954833031,-7.54158306122
TRGL03,"ATF6B",ENSG00000213676,8.242733,-0.31704838217,0.0850965488407,-0.604569104591,0.826378408867,-2.0328497805522843,-2.57398114544,-2.39488231727,0.301622353346,-0.55626934682,0.368069807385,0.0372697355605,,,,,,-1.09125900159,,,,,,,0.0219599058503,,-2.08656667735,0.127288199102,,-0.0583404740791,-1.57980531589,-0.384562890436,-0.838852688953,-0.228283153205,0.033695804308,,,-0.112107448256,-0.25737846147,,1.17964055886,1.87238032126,-1.88110360975,,2.54240227552,,,,-1.62063258734,-1.07198095123
ULCC01,"ATF6B",ENSG00000213676,18.034149,4.65201851259,2.28967785835,-0.139523807074,0.305761139855,0.25166342315672896,-1.5263422906,-1.32666154281,-0.59701102972,-5.82268381119,-4.55807511883,-3.73578383177,,,,,,0.552465578756,,,,,,,-1.97360133647,,-4.00715562704,-1.70072715002,,-8.29259967804,-2.95014029594,-2.52807705706,3.52091601892,-0.221107484407,1.93240129948,,,-2.22736256053,3.33847379684,,-2.65986264264,-0.208165168762,-3.79600620461,,-3.24921588316,,,,0.920397176299,0.511391811651
WEIG04F,"ATF6B",ENSG00000213676,4.646065,-2.87527985621,-3.09886363979,-1.30302538486,-3.80087925517,0.548898839550008,1.16068844807,-1.50986405841,-2.76983946291,-3.19219289338,-3.13382761634,-3.39638421138,,,,,,-2.79230516681,,,,,,,-2.98407060609,,-2.14686329132,-3.92451506599,,-3.17366653949,-2.43005439308,-2.31232301323,-2.18926637144,-3.34479104342,-3.20264801363,,,-2.92548392038,-2.92347667491,,-3.71057062618,-4.15753893793,-1.94079027123,,-5.58769612446,,,,-1.432423616,-0.885559908135
WHIP05,"ATF6B",ENSG00000213676,6.053071,2.06668985056,3.17808409411,1.66970769973,3.70195920583,-3.3230721573761275,-3.4845049566,0.341901650325,2.61611103064,2.44704107011,3.38122789393,2.79504071311,,,,,,3.32942373316,,,,,,,3.43456680506,,2.27635201576,3.49883729613,,3.37900617094,0.346438057661,3.04935805817,1.95206552714,3.39896162439,2.86532350373,,,2.85187200103,2.69440633111,,3.59079810195,3.60513181956,1.74512961796,,2.63983672031,,,,1.18548732387,1.62350257297
