code,target,ENSEMBL,association,Adipose_Subcutaneous,Adipose_Visceral_Omentum,Breast_Mammary_Tissue,Muscle_Skeletal,DGN_Whole_Blood,Whole_Blood,Artery_Aorta,Artery_Coronary,Artery_Tibial,Heart_Atrial_Appendage,Heart_Left_Ventricle,Spleen,Brain_Amygdala,Brain_Anterior_cingulate_cortex_BA24,Brain_Caudate_basal_ganglia,Brain_Nucleus_accumbens_basal_ganglia,Brain_Putamen_basal_ganglia,Brain_Cerebellar_Hemisphere,Brain_Cerebellum,Brain_Cortex,Brain_Frontal_Cortex_BA9,Brain_Hippocampus,Brain_Hypothalamus,Brain_Spinal_cord_cervical_c-1,Brain_Substantia_nigra,Nerve_Tibial,Cells_Transformed_fibroblasts,Cells_EBV-transformed_lymphocytes,Colon_Sigmoid,Colon_Transverse,Esophagus_Gastroesophageal_Junction,Esophagus_Mucosa,Esophagus_Muscularis,Liver,Minor_Salivary_Gland,Small_Intestine_Terminal_Ileum,Stomach,Adrenal_Gland,Pituitary,Pancreas,Thyroid,Lung,Ovary,Prostate,Testis,Uterus,Vagina,Skin_Not_Sun_Exposed_Suprapubic,Skin_Sun_Exposed_Lower_leg
BLOO25,"PABPC4",ENSG00000090621,12.081278,6.07903818814,6.03493211213,5.81485581391,5.71975599647,5.638352843858066,,4.58999739875,,5.71049927934,,,3.1151362509,,,,-1.23913960173,,,,,,,,,,5.22198932165,6.03412465549,,,,5.31381892772,5.48949391018,4.2740740629,,,4.72458568656,,4.09703420019,,,4.60011377094,5.21589855361,2.32002722523,3.01591258847,3.93371640641,,,6.31613375672,5.64164995514
BLOO26,"PABPC4",ENSG00000090621,15.700645,7.49855300428,7.32816047049,7.31856159553,6.74509130531,6.46448463493336,,5.73855559817,,7.17976401056,,,3.79785882716,,,,-0.691153251869,,,,,,,,,,6.94289016203,7.52372197306,,,,6.51797052648,6.55826842085,5.47934389725,,,5.44871325368,,4.86477001255,,,5.4725722615,6.43519405523,4.49197654238,3.54296225157,5.13053364484,,,7.39644632325,6.88957725671
BLOO27,"PABPC4",ENSG00000090621,9.506988,5.25956884772,5.2199134367,5.37465781461,4.71165895583,4.254528017192624,,4.13367279091,,5.12382385646,,,2.83207161144,,,,-0.185999095291,,,,,,,,,,5.23431283465,5.39317538309,,,,4.53989564088,4.6927231617,3.71714060968,,,3.59914012112,,3.06917406556,,,3.94224910553,4.6870246817,3.62613088067,2.6971767679,3.96241575846,,,4.97919423115,4.80484073161
BLOO35,"PABPC4",ENSG00000090621,19.566662,-7.32663562623,-7.97605539286,-7.7178522667,-7.45632450318,-7.1437729032762824,,-5.77204881952,,-7.63412065145,,,-4.88504343334,,,,1.67552267185,,,,,,,,,,-6.87698028722,-8.02930065356,,,,-7.2697725824,-7.69454987824,-4.54414416547,,,-6.46594282059,,-5.32745334115,,,-6.68890184729,-7.13801982565,-3.46244374551,-3.4040784192,-6.22245609449,,,-7.87911534928,-7.11794958135
BODY08B,"PABPC4",ENSG00000090621,9.744848,-3.47813981116,-4.60919722567,-3.47169403339,-4.26965237079,-5.2109272364652925,,-3.47206426219,,-4.69119064536,,,-4.00769602127,,,,1.77353312859,,,,,,,,,,-3.01307945589,-4.64006332746,,,,-4.04038240241,-4.55167566846,-3.31706307113,,,-3.77263653541,,-3.96328977723,,,-3.44303968959,-4.0113948931,-3.54161470361,-0.227962702952,-3.60127963376,,,-3.71178038245,-4.74360327919
BODY08M,"PABPC4",ENSG00000090621,6.836719,-3.12190463733,-4.27457600216,-3.1896193625,-3.93790220144,-4.453769566792824,,-3.69432208061,,-4.29727646482,,,-3.78853215818,,,,1.21599190314,,,,,,,,,,-3.17542345061,-4.33102967741,,,,-3.92000085939,-3.84541666566,-3.35918419372,,,-3.40426071701,,-4.21908830959,,,-2.78263783984,-3.52619816697,-2.84751293641,0.226816208915,-2.80525704913,,,-3.77610303274,-4.55347392501
BODY08,"PABPC4",ENSG00000090621,11.133051,-3.33077480732,-4.37465379706,-3.30525883382,-4.09207542906,-5.079747395938882,,-3.09918111806,,-4.49708163128,,,-3.7659969735,,,,1.82501511591,,,,,,,,,,-2.81417194855,-4.40212139733,,,,-3.81980808279,-4.4471005885,-3.14637622743,,,-3.64491723261,,-3.63962055531,,,-3.4437588186,-3.87585153986,-3.48866122755,-0.320863581386,-3.58920571916,,,-3.44703377385,-4.4519229279
CHOL22,"PABPC4",ENSG00000090621,10.411594,5.50651172625,6.46428090994,5.94848652232,6.327523598,6.9093539587206845,,7.10470228782,,6.07537378285,,,3.61497201622,,,,-1.84665510321,,,,,,,,,,5.69786371826,6.54036076547,,,,6.43621374266,6.4427207333,5.49818674864,,,4.47075347365,,5.75395471826,,,4.27061452369,6.49553409539,2.89654648039,2.49188339623,3.91307115273,,,6.60051861079,6.47237064471
FATM04B,"PABPC4",ENSG00000090621,5.820908,-3.60936399093,-4.37474340259,-3.45557764412,-3.81875191632,-4.817417676268676,,-3.57713826512,,-4.41829949786,,,-3.71796461395,,,,1.37761221165,,,,,,,,,,-3.15580054412,-4.44177535905,,,,-3.83902982745,-4.13035593116,-3.30848976616,,,-3.61306572501,,-3.69157511278,,,-3.2123937289,-3.78755427815,-3.28611975369,-0.229624900106,-3.14507875171,,,-3.96730851981,-4.48353016335
HIPC01M,"PABPC4",ENSG00000090621,4.937380,-3.9911932522,-4.64380446003,-4.26304103837,-4.04323774406,-5.247311919512125,,-4.95444166454,,-4.71489264881,,,-3.16907464734,,,,-0.208380327949,,,,,,,,,,-3.74138385475,-4.65722180429,,,,-4.33909160512,-5.06510647373,-4.07629932028,,,-4.1171983709,,-4.03445427983,,,-3.92438868834,-4.22907609888,-2.3566573859,-2.2631943747,-3.22982217872,,,-5.03873909586,-4.63901892092
HIPC02M,"PABPC4",ENSG00000090621,5.440908,-3.8831252515,-4.50531801178,-4.15412504526,-3.91646344483,-5.151621752542243,,-4.83893308116,,-4.62832097267,,,-3.07389899361,,,,-0.205882460092,,,,,,,,,,-3.62536709117,-4.54996999279,,,,-4.20768953868,-4.98591369776,-3.98669499646,,,-4.01421312491,,-3.95473169388,,,-3.83104707973,-4.12860610027,-2.35201169217,-2.19325357236,-3.19110591409,,,-4.96019941615,-4.51302359312
LEAN06B,"PABPC4",ENSG00000090621,5.806653,-3.3954041566,-4.00531892508,-3.17336239728,-3.11734090637,-4.740591208607216,,-3.62288644627,,-4.44132733881,,,-3.31044689636,,,,1.99478212765,,,,,,,,,,-3.61029120611,-4.05239898648,,,,-4.18944429154,-4.53377428608,-3.13313975859,,,-3.28843685768,,-3.53286404398,,,-4.26968740853,-4.13870310271,-4.96736128683,-0.397243171748,-4.06309945565,,,-4.07607944321,-3.79207621401
LEAN06,"PABPC4",ENSG00000090621,7.041976,-3.78492165407,-4.62688358124,-3.64552818105,-3.68589912871,-5.248002204983469,,-4.29112850162,,-5.01916425688,,,-3.8590285997,,,,1.18379802469,,,,,,,,,,-4.46153000444,-4.67291668361,,,,-4.53380070742,-5.02629232823,-3.47114181737,,,-3.98212410679,,-4.29237394717,,,-4.83255501512,-4.66866658997,-4.96753528611,-0.917788320516,-4.49272431379,,,-4.73801354499,-4.35027903249
TRGL03,"PABPC4",ENSG00000090621,6.543239,-4.24388024098,-5.29269931101,-4.69749349199,-4.15295340575,-5.174518878305462,,-4.95195717343,,-4.68065315229,,,-2.54693275826,,,,1.02986765664,,,,,,,,,,-4.06865657525,-5.34188616153,,,,-4.4155487447,-5.32444065557,-3.68885636473,,,-3.73665890442,,-4.38674655716,,,-3.30818926837,-4.76679887209,-1.32236900512,-2.06621538894,-2.42392169165,,,-5.39460278741,-5.12239835183
WEIG02,"PABPC4",ENSG00000090621,6.670155,4.59534787338,4.70180184264,4.55474646105,3.83217068903,3.9089341643139024,,3.77317303855,,4.57752522628,,,3.01558114322,,,,1.50981379515,,,,,,,,,,4.09394021836,4.70864558163,,,,2.9667641878,4.49806046963,2.48912594426,,,3.73022000703,,2.86725498343,,,3.87957588105,4.55361438137,2.3268742802,1.6421633909,3.37369410177,,,4.36724765869,4.11133258599
