code,target,ENSEMBL,association,Adipose_Subcutaneous,Adipose_Visceral_Omentum,Breast_Mammary_Tissue,Muscle_Skeletal,DGN_Whole_Blood,Whole_Blood,Artery_Aorta,Artery_Coronary,Artery_Tibial,Heart_Atrial_Appendage,Heart_Left_Ventricle,Spleen,Brain_Amygdala,Brain_Anterior_cingulate_cortex_BA24,Brain_Caudate_basal_ganglia,Brain_Nucleus_accumbens_basal_ganglia,Brain_Putamen_basal_ganglia,Brain_Cerebellar_Hemisphere,Brain_Cerebellum,Brain_Cortex,Brain_Frontal_Cortex_BA9,Brain_Hippocampus,Brain_Hypothalamus,Brain_Spinal_cord_cervical_c-1,Brain_Substantia_nigra,Nerve_Tibial,Cells_Transformed_fibroblasts,Cells_EBV-transformed_lymphocytes,Colon_Sigmoid,Colon_Transverse,Esophagus_Gastroesophageal_Junction,Esophagus_Mucosa,Esophagus_Muscularis,Liver,Minor_Salivary_Gland,Small_Intestine_Terminal_Ileum,Stomach,Adrenal_Gland,Pituitary,Pancreas,Thyroid,Lung,Ovary,Prostate,Testis,Uterus,Vagina,Skin_Not_Sun_Exposed_Suprapubic,Skin_Sun_Exposed_Lower_leg
BALD01,"CRTC3",ENSG00000140577,10.038437,4.48275618198,0.779069801058,2.43319630623,1.01203668562,3.044533312045552,5.13231112417,1.67565371403,-0.0796813542479,2.09155885683,3.38979305874,,,,,,,,,-2.89932693446,,,,1.2648155633,,,2.04040533445,,,,,,4.87212166604,1.0998512162,-0.983985139099,,2.1078356376,,,-0.567465342578,,1.83720648787,-0.441981427111,,,,3.76618338307,,,5.05832478396
BLOO07,"CRTC3",ENSG00000140577,11.364737,3.24665705898,0.501646111625,2.17607045174,4.87522694821,-0.6002831724046864,2.94526750136,1.17522868269,0.450464371643,1.18819242224,2.62974367513,,,,,,,,,-5.57013565945,,,,-1.42313268159,,,1.5666752452,,,,,,2.94777032713,0.565274597568,0.727865569853,,0.993044833842,,,-1.49754869459,,0.559319683254,2.61091233082,,,,2.34511969222,,,1.9314448181
BLOO08,"CRTC3",ENSG00000140577,12.853376,2.78429453607,-0.828484262106,0.706624269485,1.86483578446,4.59080966744257,6.63529488495,0.0380715947022,-0.482861077501,0.839761951633,2.22708708716,,,,,,,,,-2.21190029141,,,,0.857925584946,,,0.800955583264,,,,,,6.88914691408,1.99545061845,-2.27516585269,,3.5974802414,,,-2.57643912734,,1.44315669536,0.434974308461,,,,4.87049793637,,,6.30774239526
BLOO11,"CRTC3",ENSG00000140577,23.055448,0.350507292559,-0.00477908153755,0.0352254100144,4.03463582583,-7.712313193212744,-5.5927014464,0.0207640945161,1.2338021815,-1.17145664264,-1.51331750913,,,,,,,,,-1.80496764184,,,,-2.39884184224,,,-0.132755287317,,,,,,-4.94855954326,1.06377682058,1.37126139321,,-4.81475442333,,,3.17711528771,,-2.42775109183,2.18619007762,,,,-3.86205685351,,,-6.31544186572
BLOO14,"CRTC3",ENSG00000140577,17.802196,2.74155727863,-0.440690709157,0.464345812798,1.16499167218,5.789663524791111,7.4425729278,-0.0933018455559,-0.260555622921,1.02550848153,2.18927046533,,,,,,,,,-1.73697740583,,,,1.3698898906,,,0.360848077413,,,,,,7.55816732154,2.2339231716,-2.21454751094,,4.31470664714,,,-3.31848212917,,1.97552346656,0.212906365373,,,,5.10346900418,,,7.26854255956
BLOO15,"CRTC3",ENSG00000140577,8.870020,2.51140441524,-0.200908620387,0.424501657486,1.17860662992,4.469576207073245,5.93862288576,0.0453497032937,0.270303011657,0.948668526067,1.74225776278,,,,,,,,,-1.33072787983,,,,1.08932411797,,,0.185245885645,,,,,,6.17608679135,2.43339099068,-1.67632779421,,3.10820845217,,,-2.74890182043,,1.53475125036,0.44906013162,,,,3.78975881218,,,5.62117698494
BLOO16,"CRTC3",ENSG00000140577,12.935954,3.81536324288,-0.144780945637,1.98919212818,5.14028900976,0.7430005500417319,4.71226942867,0.827086148781,0.320071251311,1.06990169696,2.82928726594,,,,,,,,,-6.0047030341,,,,-0.906450844087,,,1.40869450317,,,,,,4.57821422654,1.09090275163,-0.0216151217197,,2.03599623819,,,-1.98962270997,,0.858876602603,2.48446311273,,,,3.27378961724,,,3.65509549087
BLOO17,"CRTC3",ENSG00000140577,9.725403,2.90887617214,0.628312048044,1.80701458454,4.14748647791,0.2295211791570338,3.40118152355,0.926655864821,0.390503216782,1.0885541827,2.33652497894,,,,,,,,,-5.02798070281,,,,-0.999750368674,,,1.06072864269,,,,,,3.14727227716,0.831751321191,0.844189595654,,1.34070856979,,,-2.20774384754,,0.569450704418,2.16885788812,,,,2.28243118699,,,2.37692143726
BLOO18,"CRTC3",ENSG00000140577,7.350821,2.59446150983,0.815938690388,1.51726412773,4.05141800634,-0.8088814304387626,2.21221176682,0.816129000565,0.618387834206,0.860174735283,1.79695479208,,,,,,,,,-4.54619996543,,,,-1.15624005503,,,0.744313149406,,,,,,2.09537047981,1.01756364552,1.19885818646,,0.590947207606,,,-1.77448391354,,0.191270574941,2.31784958375,,,,1.31092576593,,,1.19634566649
BLOO24,"CRTC3",ENSG00000140577,14.089237,-0.33972742765,1.0142409588,-0.702929019928,2.13879964477,-6.503776347345308,-5.44734825128,-0.236501183651,1.43816446632,-1.12343269016,-2.2081122268,,,,,,,,,-0.0937745065276,,,,-1.75354432809,,,-1.30909750237,,,,,,-5.02180092031,1.59781047249,1.68452038426,,-4.01419370059,,,2.28214325367,,-2.15320283683,1.87131685023,,,,-4.60327284584,,,-6.02136643512
BLOO31,"CRTC3",ENSG00000140577,10.177080,-3.22725777447,-0.272876904378,-1.33309686184,-4.37209304259,-0.5697671979460196,-3.99461794492,-0.517271554037,-0.749977707651,-0.777852546311,-2.02855565785,,,,,,,,,4.98457515289,,,,0.56206550084,,,-0.545724362623,,,,,,-3.88344100319,-1.63244284532,-0.507744176204,,-1.55539761295,,,2.2205469559,,-0.715210671141,-2.46916841342,,,,-2.30136734231,,,-2.96563490496
BLOO32,"CRTC3",ENSG00000140577,9.900388,-0.270682944478,-1.31050223243,0.357122629881,-2.32525149846,4.48392167348464,3.29246460396,0.045212719176,-1.49623334235,0.583467011754,1.27242815355,,,,,,,,,0.593808788444,,,,1.16379052315,,,1.04296789493,,,,,,3.15775838933,-1.75298135605,-1.27770789227,,2.94586506625,,,-1.1643286772,,1.25982564973,-2.16752654926,,,,3.14645971695,,,3.89314856254
BLOO35,"CRTC3",ENSG00000140577,1.860467,-0.0332326178166,2.00172249592,0.130842372775,-0.388542568644,-2.4904384468987146,-2.68623287183,-0.0692964787018,-0.202008044148,-0.399971885691,-0.438867475595,,,,,,,,,0.300325314931,,,,3.54029500385,,,4.82321399843,,,,,,-3.64027758551,0.11175355805,4.4401975597,,-5.69418013739,,,2.56219790106,,1.14553373215,2.02605315535,,,,-2.88553111006,,,-2.02811155966
OSTE04,"CRTC3",ENSG00000140577,14.615987,3.01042592436,0.864140174965,1.20729291439,2.01167885176,4.297377140698831,6.84405934732,0.894492287609,1.79522779544,1.27118307206,2.91180194388,,,,,,,,,-1.76063397564,,,,-0.700702373812,,,1.8660977611,,,,,,6.51086986824,1.63438102017,-1.33645254411,,3.93069426933,,,-0.522843817631,,3.34953054761,2.30729353411,,,,5.75835380278,,,6.49072531119
