code,target,ENSEMBL,association,Adipose_Subcutaneous,Adipose_Visceral_Omentum,Breast_Mammary_Tissue,Muscle_Skeletal,DGN_Whole_Blood,Whole_Blood,Artery_Aorta,Artery_Coronary,Artery_Tibial,Heart_Atrial_Appendage,Heart_Left_Ventricle,Spleen,Brain_Amygdala,Brain_Anterior_cingulate_cortex_BA24,Brain_Caudate_basal_ganglia,Brain_Nucleus_accumbens_basal_ganglia,Brain_Putamen_basal_ganglia,Brain_Cerebellar_Hemisphere,Brain_Cerebellum,Brain_Cortex,Brain_Frontal_Cortex_BA9,Brain_Hippocampus,Brain_Hypothalamus,Brain_Spinal_cord_cervical_c-1,Brain_Substantia_nigra,Nerve_Tibial,Cells_Transformed_fibroblasts,Cells_EBV-transformed_lymphocytes,Colon_Sigmoid,Colon_Transverse,Esophagus_Gastroesophageal_Junction,Esophagus_Mucosa,Esophagus_Muscularis,Liver,Minor_Salivary_Gland,Small_Intestine_Terminal_Ileum,Stomach,Adrenal_Gland,Pituitary,Pancreas,Thyroid,Lung,Ovary,Prostate,Testis,Uterus,Vagina,Skin_Not_Sun_Exposed_Suprapubic,Skin_Sun_Exposed_Lower_leg
AMIN01,"SPRYD4",ENSG00000176422,8.600672,3.1387481743,3.13016725138,,1.07045574397,6.3306320233466105,6.12133946683,,,,,,,,,,,,0.645474693674,,,,,,,,,6.21350732188,5.73579206233,,,,4.8293910627,,,,,,2.132187627,,,-0.807403553757,6.60711629007,,,6.13790630951,,,6.8515924992,6.33775995549
AMIN02,"SPRYD4",ENSG00000176422,44.999826,-5.26020873614,-9.7178104494,,-4.50573859724,-17.023865430325845,-16.7065711532,,,,,,,,,,,,-0.977962759057,,,,,,,,,-17.5352145613,-15.9651625399,,,,-14.9867954754,,,,,,-0.72309521593,,,-2.48781029657,-15.7748224668,,,-17.5960335064,,,-14.6259386534,-17.3164065562
AMIN04,"SPRYD4",ENSG00000176422,6.448330,2.87890671551,4.00658581978,,-0.588871481101,4.976696557137865,5.4416342797,,,,,,,,,,,,1.00824067614,,,,,,,,,5.3068418356,4.29092645393,,,,4.78823796596,,,,,,1.22310831796,,,-0.610949850075,4.53688517256,,,5.248701482,,,4.16193065549,5.39357338333
AMIN08,"SPRYD4",ENSG00000176422,5.004141,1.66226581296,2.46562477951,,1.30365268487,4.7219307204114225,4.74374656351,,,,,,,,,,,,1.68046419141,,,,,,,,,5.07643655278,4.33758076039,,,,4.03979227334,,,,,,1.65945172336,,,-0.136729423764,5.40442495207,,,5.12867334065,,,3.7030285074,4.92566444565
BLOO17,"SPRYD4",ENSG00000176422,0.790485,-1.74840058614,0.839367032646,,0.987400553393,-0.5655234289968373,-0.698435077064,,,,,,,,,,,,2.09455007802,,,,,,,,,-0.917886453479,-0.66148002276,,,,-0.212944948046,,,,,,-0.212783603932,,,4.75472037378,-0.753671090253,,,-0.926889489866,,,0.415251973558,-0.94947855618
BLOO26,"SPRYD4",ENSG00000176422,2.264872,0.0783295549029,-0.198298547799,,1.4823965996,3.780145287074308,3.01529750044,,,,,,,,,,,,-1.68712854155,,,,,,,,,3.38749714977,3.35393446882,,,,2.63191965587,,,,,,2.20447528468,,,2.89179063156,5.02233131011,,,3.39458176778,,,2.6818101019,3.0444344196
BLOO29,"SPRYD4",ENSG00000176422,4.238877,-5.01030867663,2.72473681917,,2.22368741705,-1.3402956088179658,0.188162861438,,,,,,,,,,,,0.255205825066,,,,,,,,,-0.240428746745,-1.1882761548,,,,1.50030761141,,,,,,-3.15261714955,,,-0.076298039088,-2.09122497382,,,-0.269374507748,,,-1.009626848,-0.428717616683
BLOO34,"SPRYD4",ENSG00000176422,4.327487,-5.04436546545,3.11120895053,,0.677708159858,-3.118991046610875,-1.78851581481,,,,,,,,,,,,-1.10824694,,,,,,,,,-2.30964031013,-2.88094080619,,,,-0.475106942848,,,,,,-1.80994903215,,,-0.432936901399,-4.11927850452,,,-2.32458113179,,,-3.09390408251,-2.35538637499
BODY08B,"SPRYD4",ENSG00000176422,3.182666,0.301460487628,-5.16670071349,,-0.696182165847,-4.184348453286008,-3.75347448761,,,,,,,,,,,,-0.106757307199,,,,,,,,,-4.05697643448,-3.88371409354,,,,-3.80140090205,,,,,,-0.603626772381,,,-4.92499314643,-4.04662172914,,,-3.98654189699,,,-4.1151728745,-4.31739452794
BODY08,"SPRYD4",ENSG00000176422,3.307620,0.475913868267,-5.0691336884,,-0.907895897933,-4.244809340315403,-3.79184922049,,,,,,,,,,,,-0.282505909525,,,,,,,,,-4.07278315264,-3.93387513697,,,,-3.80826710173,,,,,,-0.608417256825,,,-4.84915951358,-4.15492517902,,,-3.98472983842,,,-4.08617343964,-4.31981906124
EDUC01M,"SPRYD4",ENSG00000176422,0.085837,-0.518324338412,2.22000718234,,-0.999502585019,0.3867872580818013,0.242519164061,,,,,,,,,,,,0.962657617344,,,,,,,,,0.3192485726,0.156238844716,,,,0.357445939515,,,,,,0.439906795017,,,4.90857852414,0.209905356947,,,0.340861676161,,,0.730699294223,0.270452478759
EDUC01,"SPRYD4",ENSG00000176422,0.579236,-0.898629968787,2.78078254897,,0.824950234729,1.363243245930683,0.97629377437,,,,,,,,,,,,1.66325322617,,,,,,,,,1.30583601574,1.39533681359,,,,1.51317011804,,,,,,-0.364282210758,,,5.44897785357,0.940419650095,,,1.3050626256,,,1.67010798451,1.25407466342
EDUC03,"SPRYD4",ENSG00000176422,1.937230,-1.58884515562,3.20672596412,,1.03875032648,1.7415027756197807,1.02254935474,,,,,,,,,,,,1.79856842132,,,,,,,,,1.57620690985,1.79412128725,,,,1.52248697418,,,,,,-0.205435918169,,,7.25928743511,1.44988215609,,,1.57381165643,,,2.25512294221,1.52664802872
EDUC04,"SPRYD4",ENSG00000176422,1.590676,-1.35912003709,0.746222379584,,0.224297107553,-0.012188539930927325,-0.305393786118,,,,,,,,,,,,0.712266147137,,,,,,,,,0.1325601099,0.141177077667,,,,0.144147940034,,,,,,0.865587581624,,,4.80219313415,0.0413494637367,,,0.19110305152,,,-0.14832035914,-0.0688730363924
LEAN06B,"SPRYD4",ENSG00000176422,5.675738,-1.14674513867,-2.01962808036,,1.3036936942,-3.1176233332689907,-3.17134230249,,,,,,,,,,,,-1.42538957874,,,,,,,,,-3.5190059036,-3.20893998531,,,,-3.1513516118,,,,,,3.36011003822,,,-3.40752110372,-4.5429903836,,,-3.40372329272,,,-3.78043925654,-3.50697147511
