code,target,ENSEMBL,association,Adipose_Subcutaneous,Adipose_Visceral_Omentum,Breast_Mammary_Tissue,Muscle_Skeletal,DGN_Whole_Blood,Whole_Blood,Artery_Aorta,Artery_Coronary,Artery_Tibial,Heart_Atrial_Appendage,Heart_Left_Ventricle,Spleen,Brain_Amygdala,Brain_Anterior_cingulate_cortex_BA24,Brain_Caudate_basal_ganglia,Brain_Nucleus_accumbens_basal_ganglia,Brain_Putamen_basal_ganglia,Brain_Cerebellar_Hemisphere,Brain_Cerebellum,Brain_Cortex,Brain_Frontal_Cortex_BA9,Brain_Hippocampus,Brain_Hypothalamus,Brain_Spinal_cord_cervical_c-1,Brain_Substantia_nigra,Nerve_Tibial,Cells_Transformed_fibroblasts,Cells_EBV-transformed_lymphocytes,Colon_Sigmoid,Colon_Transverse,Esophagus_Gastroesophageal_Junction,Esophagus_Mucosa,Esophagus_Muscularis,Liver,Minor_Salivary_Gland,Small_Intestine_Terminal_Ileum,Stomach,Adrenal_Gland,Pituitary,Pancreas,Thyroid,Lung,Ovary,Prostate,Testis,Uterus,Vagina,Skin_Not_Sun_Exposed_Suprapubic,Skin_Sun_Exposed_Lower_leg
BFPC02F,"TEX40",ENSG00000219435,4.286467,,2.64935349684,,,,-0.602396088564,,0.695169320162,,,,-0.485561639071,3.72999791772,3.68858357512,3.97125007665,4.12005450409,,4.15338552248,3.90317691719,3.60783967154,2.48801593218,3.17088506858,1.65991371363,,,,,2.77971300471,,,,1.88584041041,,,,,,,,,4.02337469056,4.22858166844,,,3.60002802608,,,5.13002826196,3.76359148233
BFPC03F,"TEX40",ENSG00000219435,4.807795,,2.77160649823,,,,-0.710034239969,,0.644438212572,,,,-0.330525398254,3.82214206814,3.81105679133,4.09547671762,4.25703796415,,4.31105018216,4.05830109959,3.76176774286,2.48868602321,3.31732272348,1.7457608014,,,,,2.75381009723,,,,2.0199152034,,,,,,,,,4.19042330432,4.38048648869,,,3.76993010497,,,5.30570262167,3.94784384787
BFPC04B,"TEX40",ENSG00000219435,6.148846,,1.37430921548,,,,-1.24292217919,,0.384247055628,,,,0.665847718716,4.56411762649,3.07691370907,4.77952971427,4.36511010055,,4.16863958933,4.01240493742,3.78301456423,2.00630928336,3.66119336438,1.29582491383,,,,,4.27104319807,,,,0.00575494621753,,,,,,,,,4.7448800924,4.23402867471,,,3.70395534124,,,4.39289046743,4.9804624989
BFPC04F,"TEX40",ENSG00000219435,9.397745,,2.46440062909,,,,-1.94843957065,,-0.0447497005582,,,,0.932897269726,5.44569483709,4.12729710546,5.38143989167,5.63329847784,,5.65548056483,5.56783351765,5.05716500973,1.72252023553,4.65675373645,2.16846413193,,,,,3.98264243394,,,,1.9950195381,,,,,,,,,5.73832124045,5.59796308222,,,4.8312419458,,,6.13992936544,5.59216359352
BFPC04,"TEX40",ENSG00000219435,7.359857,,1.73150701463,,,,-1.45729749306,,0.340771212238,,,,0.794746994972,4.99573160578,3.45089553501,5.15602036698,4.87871119313,,4.71054583712,4.57638694693,4.2398755677,2.00535220627,4.09179175954,1.59418697304,,,,,4.44385120443,,,,0.420529173219,,,,,,,,,5.2459404252,4.7549988876,,,4.15266274319,,,5.05654615304,5.38337554504
BLOO01,"TEX40",ENSG00000219435,8.916784,,1.78936105693,,,,-0.555993682545,,0.905160781838,,,,-1.45020985603,5.13999464613,4.68483801639,4.36720061796,4.91982752655,,5.25784697794,5.08561565038,3.96117869449,2.55194216454,4.59225537742,3.82044491655,,,,,4.72383972683,,,,2.49681057668,,,,,,,,,5.20377522511,5.33602138195,,,4.54006535704,,,4.4770256638,4.39206800642
BLOO02,"TEX40",ENSG00000219435,6.939000,,0.798558369595,,,,-0.505993067886,,-3.17294561258,,,,-0.0396150872111,-0.600095074927,-1.44394381441,-0.970375285358,-0.12588288572,,-0.0482366487083,0.334573635389,-0.615710769213,-1.93503870734,-0.235551583541,-1.13395399407,,,,,-2.25765406015,,,,0.46776340786,,,,,,,,,-0.0404887800557,0.043566747296,,,0.190970485175,,,-0.288604534077,-0.0743880024485
BLOO07,"TEX40",ENSG00000219435,6.161762,,0.235205992212,,,,0.372006071893,,-1.80724269094,,,,0.0933821126819,0.735991447683,1.49668036097,1.01054752356,1.5640988776,,1.41996737016,1.59033471882,2.12536598836,0.254131232851,1.4310328013,0.721778342253,,,,,0.784714468416,,,,2.5078996408,,,,,,,,,1.64377144201,1.37068197022,,,2.28470375123,,,1.23770967954,1.55748489838
BLOO17,"TEX40",ENSG00000219435,7.455188,,0.899115351546,,,,0.309597927516,,-1.87932634503,,,,0.0388625189662,0.840806440318,1.97081610194,1.3800408329,1.73362640778,,1.63689548627,1.83680458364,2.38865529112,0.981235196332,1.51205331591,1.01809863939,,,,,1.38719579792,,,,3.14364802135,,,,,,,,,1.75671665778,1.53037074589,,,2.29513652215,,,1.63539341595,1.71546313301
BLOO21,"TEX40",ENSG00000219435,7.327311,,-1.00991433627,,,,1.8552990892,,1.26161351097,,,,-1.52123844624,-4.67695410161,-5.10288167411,-4.07016306904,-4.76267350243,,-5.20748390454,-4.61991614639,-4.49712497509,-2.94048304829,-5.28076946698,-2.96077650933,,,,,-5.26334995078,,,,-3.74007005959,,,,,,,,,-4.50713775402,-5.18749798808,,,-4.75606523673,,,-3.86566423727,-5.21473240687
BLOO22,"TEX40",ENSG00000219435,8.849581,,-0.838714416503,,,,1.7272506496,,0.743763970926,,,,-1.46069192886,-4.71624377976,-5.27125298467,-4.16981700919,-4.73667654288,,-5.15408729957,-4.51158138204,-4.55254275758,-3.1890625456,-5.25658553911,-3.16838418629,,,,,-5.58586733319,,,,-3.65865396377,,,,,,,,,-4.48711391711,-5.12670884645,,,-4.67660718391,,,-3.84782246642,-5.17711682942
BLOO23,"TEX40",ENSG00000219435,8.601296,,-0.686726649451,,,,1.7739684966,,0.133395125502,,,,-1.50353944302,-4.57749647704,-5.14780279651,-4.46520485355,-5.07820666197,,-5.44984246929,-5.16454590844,-5.43269994715,-2.79484590341,-5.51044640275,-1.97251684199,,,,,-4.9936494606,,,,-2.5787921812,,,,,,,,,-4.7776988704,-5.41149454471,,,-5.03555808052,,,-4.44743675771,-5.65299525784
BLOO33,"TEX40",ENSG00000219435,7.203905,,1.43084582742,,,,-0.296667872924,,1.4907802415,,,,-0.540575802326,4.66695700639,4.72327894821,4.11239328673,4.43744345361,,4.79184353791,4.54706904652,3.71348075159,3.05927488139,4.19763157946,2.85371744858,,,,,3.68646562476,,,,2.26372984393,,,,,,,,,4.59593120256,4.89934135449,,,4.17073174989,,,3.86308194619,4.30820261908
BODY08B,"TEX40",ENSG00000219435,5.139470,,2.0010580032,,,,-1.03402461014,,0.470052700614,,,,1.48811125755,4.38501097841,2.5410269795,4.41944025468,4.13414525883,,4.0369721704,3.90445534595,3.98853406343,1.91048476602,3.12113112767,1.05605476709,,,,,4.31708644331,,,,-0.377494467984,,,,,,,,,4.45019010375,3.94922824341,,,3.32392047357,,,4.30950016357,4.98869879895
BODY08F,"TEX40",ENSG00000219435,6.571040,,2.70629760442,,,,-1.79084615633,,0.339328019181,,,,1.8484609127,4.66972167972,3.36454191174,4.69963687832,4.71916755298,,4.80390352084,4.65622343302,4.54900440375,1.30823092733,3.56308684719,1.91845096096,,,,,3.58953382028,,,,1.35753410687,,,,,,,,,4.90305734964,4.65592355189,,,4.11081868179,,,5.76837754938,5.01700224994
BODY08,"TEX40",ENSG00000219435,6.548551,,2.29342140507,,,,-1.22512587628,,0.507442702144,,,,1.62233483791,4.67723176626,2.85122659894,4.7274368452,4.46557428646,,4.40384400977,4.26944820328,4.28682974017,1.88065157125,3.38694905897,1.31796934748,,,,,4.38801830077,,,,-0.0574255759054,,,,,,,,,4.80614946855,4.30127448541,,,3.64281064913,,,4.89093501557,5.22807300687
CIRR01,"TEX40",ENSG00000219435,6.706240,,-0.105507667124,,,,1.03798915948,,-1.72627977538,,,,,-1.31708414172,-1.53149697348,-1.02404649164,-0.956958274383,,-1.04442648543,-2.06705021134,0.276760086937,-0.511387245987,-1.05772944748,-0.178097519593,,,,,-2.68510383792,,,,-0.417083963303,,,,,,,,,-0.0639063728382,-0.919771046421,,,-1.59062457667,,,0.297300677184,-1.29404378039
FATM03F,"TEX40",ENSG00000219435,4.148228,,2.82001317959,,,,-1.40203231432,,0.0811317196592,,,,0.0124557577074,3.65137990544,3.67458933212,3.5091000505,3.97242180199,,4.14482783542,3.81913603513,3.48362634923,2.11378390023,3.19068700887,2.09603645659,,,,,3.25105448636,,,,2.44891310786,,,,,,,,,3.91410069256,4.22377425901,,,3.68896837584,,,4.78862557467,3.71566042704
FATM04B,"TEX40",ENSG00000219435,6.461514,,1.17765935804,,,,-2.09523573699,,-0.320764915214,,,,1.03241598606,4.91722978355,3.21260198679,4.80512016801,4.51248841728,,4.40166709309,4.2290584089,4.1805847401,1.91991708001,3.77781292199,1.5122351352,,,,,4.55701705598,,,,-0.121180715743,,,,,,,,,4.74477843056,4.41310576887,,,3.84221451566,,,4.41708611767,5.3609011559
FATM04F,"TEX40",ENSG00000219435,7.926392,,2.27428065362,,,,-2.62648025851,,-0.296186587745,,,,1.44864046574,5.08509028111,3.82006487461,4.87287020028,5.05357762817,,5.2131387925,5.04575671667,4.71594722528,1.20844473382,4.13687803595,1.96228549622,,,,,3.96487640639,,,,1.86743769015,,,,,,,,,5.13303883864,5.12026782182,,,4.5286302207,,,5.56838313175,5.29445428893
FATM04,"TEX40",ENSG00000219435,7.350500,,1.50366055114,,,,-2.32843966135,,-0.318944563102,,,,1.19395470619,5.21008797416,3.50550290349,5.06817788253,4.86564362605,,4.80378554466,4.63430610598,4.49270027052,1.81633607966,4.07013862523,1.73224500407,,,,,4.67232172559,,,,0.290511974399,,,,,,,,,5.11049703274,4.79622883565,,,4.18591297474,,,4.93681923531,5.62536685649
URAT01,"TEX40",ENSG00000219435,3.354863,,-0.336974174035,,,,4.79778417522,,-2.80492861883,,,,,0.183879597474,-1.80600731261,-2.03522422777,-0.4721857133,,-1.16053533639,-1.16890208292,-0.561021035653,-0.652922203628,0.206985897802,-0.4159906383,,,,,-2.98396229744,,,,-0.554809484653,,,,,,,,,-0.0647489732736,-0.813687529349,,,-1.70757056015,,,-1.8657136116,-0.398833618754
