code,target,ENSEMBL,association,Adipose_Subcutaneous,Adipose_Visceral_Omentum,Breast_Mammary_Tissue,Muscle_Skeletal,DGN_Whole_Blood,Whole_Blood,Artery_Aorta,Artery_Coronary,Artery_Tibial,Heart_Atrial_Appendage,Heart_Left_Ventricle,Spleen,Brain_Amygdala,Brain_Anterior_cingulate_cortex_BA24,Brain_Caudate_basal_ganglia,Brain_Nucleus_accumbens_basal_ganglia,Brain_Putamen_basal_ganglia,Brain_Cerebellar_Hemisphere,Brain_Cerebellum,Brain_Cortex,Brain_Frontal_Cortex_BA9,Brain_Hippocampus,Brain_Hypothalamus,Brain_Spinal_cord_cervical_c-1,Brain_Substantia_nigra,Nerve_Tibial,Cells_Transformed_fibroblasts,Cells_EBV-transformed_lymphocytes,Colon_Sigmoid,Colon_Transverse,Esophagus_Gastroesophageal_Junction,Esophagus_Mucosa,Esophagus_Muscularis,Liver,Minor_Salivary_Gland,Small_Intestine_Terminal_Ileum,Stomach,Adrenal_Gland,Pituitary,Pancreas,Thyroid,Lung,Ovary,Prostate,Testis,Uterus,Vagina,Skin_Not_Sun_Exposed_Suprapubic,Skin_Sun_Exposed_Lower_leg
BFPC04B,"UBN1",ENSG00000118900,8.247237,-4.45128231681,0.883511096803,-4.44484283574,-2.48252838163,0.7516621040433373,,-5.00791000356,,-4.75506301272,,,0.205301856076,,,,,,,,,,1.11542700357,,,,-5.48110917715,0.689221895961,,,,-4.13794245984,-5.23367914559,-5.18449669569,,,,,-2.86731500698,,,,,,,,,,-5.15466633208,-5.0379806542
BFPC04,"UBN1",ENSG00000118900,8.434011,-4.38616273554,0.838642537122,-4.62335606856,-2.47150915409,0.6950522330033126,,-5.13587422029,,-4.83596898991,,,-0.0684914667008,,,,,,,,,,0.838685650194,,,,-5.54194431723,0.383294893161,,,,-4.11957160543,-5.21928975165,-5.14679629364,,,,,-2.91318236168,,,,,,,,,,-5.14152286785,-4.99172628541
BODY08B,"UBN1",ENSG00000118900,5.808661,-3.93433673492,0.88472722444,-4.00810094093,-0.400169518763,0.4637409540026108,,-4.27251994717,,-3.65176908064,,,0.543245730059,,,,,,,,,,0.606751259488,,,,-4.30866271089,0.0442745389037,,,,-3.54360249097,-4.1541910833,-4.27684287703,,,,,-1.75717522193,,,,,,,,,,-4.1011682517,-4.20778233553
BODY08,"UBN1",ENSG00000118900,6.319819,-3.85478231686,0.820963333547,-4.03243300411,-0.517524227461,0.5153117235849259,,-4.3104267867,,-3.75873755086,,,0.433256909819,,,,,,,,,,0.431618375094,,,,-4.42619959592,-0.277549631645,,,,-3.50024360762,-4.19245026666,-4.24549088519,,,,,-1.71695895786,,,,,,,,,,-4.09160886173,-4.16005399916
FATM04B,"UBN1",ENSG00000118900,9.974244,-5.13156776412,0.54725194211,-5.41686607943,-1.82034077949,-0.2538565041046058,,-6.02967934163,,-5.22792589705,,,0.447039417011,,,,,,,,,,0.610282067371,,,,-5.79263569033,0.644965345828,,,,-4.59948934459,-5.72238746871,-5.89886469944,,,,,-3.23531252221,,,,,,,,,,-5.73405925242,-5.95009037313
FATM04F,"UBN1",ENSG00000118900,5.989700,-3.7585488172,0.267915202765,-4.5508562928,-1.24999100176,0.19058369893064414,,-4.6187542534,,-4.18362024607,,,-0.649823564805,,,,,,,,,,-0.975425014826,,,,-4.60359205432,-1.05428240007,,,,-3.27679558932,-4.24183580865,-4.18038655292,,,,,-2.43529511101,,,,,,,,,,-4.16904915997,-4.10328347077
FATM04M,"UBN1",ENSG00000118900,6.228009,-3.87920841773,0.5254874679,-3.60041618312,-1.44844610459,-0.5104865752129452,,-4.38897408946,,-3.65277248391,,,1.16901679992,,,,,,,,,,1.67349285437,,,,-4.07423331559,1.78810800947,,,,-3.55855741785,-4.28554387395,-4.58121939802,,,,,-2.39166463552,,,,,,,,,,-4.36347375459,-4.71778658273
FATM04,"UBN1",ENSG00000118900,10.785527,-5.03016710234,0.526849290224,-5.51845793039,-1.82918632919,-0.22869489580295538,,-6.03148287221,,-5.2582484717,,,0.255667888033,,,,,,,,,,0.326717452661,,,,-5.81462847026,0.351343038982,,,,-4.52789080624,-5.67009403717,-5.7975582714,,,,,-3.19690585718,,,,,,,,,,-5.65904293355,-5.84602298291
HEIG03,"UBN1",ENSG00000118900,6.012593,-3.52848034906,-2.15080352702,-3.40890309665,-0.914653228043,-1.65931569702733,,-4.32550134328,,-3.31659679206,,,-1.3645780051,,,,,,,,,,0.826977086075,,,,-2.7791748829,-0.604085913164,,,,-2.45103281983,-3.52904145379,-3.96549774377,,,,,-2.07960021305,,,,,,,,,,-3.80750353469,-4.25835178319
HIPC01F,"UBN1",ENSG00000118900,6.388861,-4.12249805497,-0.28194136962,-4.55247080634,-2.9666464681,-0.25114756906740326,,-4.80373883833,,-4.59680366354,,,0.175264080399,,,,,,,,,,-0.63427183161,,,,-4.38880474342,-2.17110970539,,,,-2.89637625828,-4.5032894521,-4.62387307675,,,,,-3.47136560583,,,,,,,,,,-4.58099601756,-4.79847446714
HIPC01,"UBN1",ENSG00000118900,7.774122,-3.8974422355,-1.15598721503,-3.95728234741,-2.00660825337,-0.5598423387635391,,-4.30057924552,,-4.13819887809,,,-0.517623910944,,,,,,,,,,-0.637307105814,,,,-3.97842902692,-2.31828872194,,,,-2.32282942516,-4.06824417349,-4.13960078311,,,,,-2.72267939532,,,,,,,,,,-4.20891248002,-4.36020112706
HIPC02F,"UBN1",ENSG00000118900,7.564394,-4.03775878047,-0.27485562366,-4.41547993708,-2.85818163016,-0.24483573385722665,,-4.77593376509,,-4.48127688343,,,0.186409460566,,,,,,,,,,-0.528890480994,,,,-4.27850537756,-2.11768452337,,,,-2.8235845696,-4.41635418984,-4.5175493706,,,,,-3.43322163756,,,,,,,,,,-4.50694018149,-4.67787934759
HIPC02,"UBN1",ENSG00000118900,7.300813,-3.78341622363,-1.12433573006,-3.84244456358,-1.91869186005,-0.5445136036490758,,-4.23909417422,,-4.02489308077,,,-0.478205748832,,,,,,,,,,-0.572674436048,,,,-3.86949780563,-2.25512997107,,,,-2.2592292748,-3.97274344798,-4.03224118778,,,,,-2.65211472581,,,,,,,,,,-4.11854159098,-4.24081678468
LEAN04B,"UBN1",ENSG00000118900,7.608025,-1.82602959757,-0.398915250249,-3.46682744748,0.776144696126,-1.614452334263295,,-3.27057883415,,-2.18371146369,,,0.19064954991,,,,,,,,,,-1.29593554942,,,,-2.71445028312,-0.302380393041,,,,-1.73191008979,-2.47972875298,-2.74652468014,,,,,-0.661480115255,,,,,,,,,,-2.43052572477,-2.97863337028
LEAN04M,"UBN1",ENSG00000118900,7.135074,-2.81530189716,-0.403209256666,-4.41947773905,0.0252823910751,-1.861573872575265,,-3.74423499149,,-2.60318004381,,,0.354177316208,,,,,,,,,,0.251778112015,,,,-2.86943132645,0.489409803149,,,,-3.00974488549,-2.98396546859,-3.35633076477,,,,,-2.07297795512,,,,,,,,,,-3.13904108819,-3.72913493549
LEAN04,"UBN1",ENSG00000118900,8.612486,-2.56034811391,-0.370836121251,-4.37411373235,0.484042617111,-1.8229211736043314,,-3.90249574335,,-2.71375767192,,,0.275933779673,,,,,,,,,,-0.699011873974,,,,-3.15719705269,-0.000118871947755,,,,-2.66494159413,-3.1020212347,-3.45179904098,,,,,-1.47764994357,,,,,,,,,,-3.13264408128,-3.77342351051
LEAN05B,"UBN1",ENSG00000118900,7.458571,-1.86551097578,-0.433009864167,-3.46822829463,0.845218082527,-1.5390864004960483,,-3.13404090684,,-2.12294839662,,,0.0839005447888,,,,,,,,,,-1.15709903838,,,,-2.6568164598,-0.28749614626,,,,-1.65108059667,-2.38197112153,-2.64580791917,,,,,-0.541610039719,,,,,,,,,,-2.34197645321,-2.89606957152
LEAN05M,"UBN1",ENSG00000118900,7.005410,-2.78470661075,-0.432061813456,-4.41292162742,0.0473840549707,-1.8610433984207613,,-3.71563388174,,-2.5687776214,,,0.331925904469,,,,,,,,,,0.242856534694,,,,-2.84860434674,0.47036729506,,,,-2.98817667861,-2.97193261222,-3.34699883223,,,,,-2.01272666766,,,,,,,,,,-3.12342150685,-3.71714532991
LEAN05,"UBN1",ENSG00000118900,8.610692,-2.56045895872,-0.397220714684,-4.36082635921,0.543037106719,-1.7694436709802084,,-3.7962170731,,-2.65115335588,,,0.209563258144,,,,,,,,,,-0.621776577279,,,,-3.10618605219,0.00517067551404,,,,-2.59492085618,-3.02855093914,-3.37559485023,,,,,-1.36105718472,,,,,,,,,,-3.05969065335,-3.70699627135
LEAN06B,"UBN1",ENSG00000118900,11.132044,-3.84223241986,-0.256260958519,-4.86537704442,0.259347914921,-1.796053955839993,,-4.9410654599,,-3.74311066394,,,0.614936663001,,,,,,,,,,-1.50705451349,,,,-3.98654368892,-0.983208200731,,,,-3.26511110411,-4.02958013027,-4.44955535461,,,,,-1.81007647815,,,,,,,,,,-4.02572205999,-4.83629508225
LEAN06M,"UBN1",ENSG00000118900,9.485107,-3.58289091636,0.0739985962101,-4.51559140562,0.488775215062,-2.436717915743762,,-4.71547201616,,-3.01371541443,,,0.859395659759,,,,,,,,,,-0.08043383661,,,,-3.00208746508,0.746464011649,,,,-3.18284903351,-3.44504001372,-4.12409667766,,,,,-1.85453764112,,,,,,,,,,-3.6759782705,-4.46257560348
LEAN06,"UBN1",ENSG00000118900,14.231318,-4.12546359468,-0.0589369633129,-5.26767142102,0.396981901669,-2.184841113976046,,-5.36956827029,,-3.84729030124,,,0.80785623042,,,,,,,,,,-1.03091967786,,,,-4.00091477116,-0.382348873835,,,,-3.61953997055,-4.23726263279,-4.81306051677,,,,,-2.03973069239,,,,,,,,,,-4.32506607319,-5.2145701816
WAIS01F,"UBN1",ENSG00000118900,5.941043,-3.29119877929,-0.0774752094544,-3.95187597233,-2.73942770458,0.4726243583910803,,-4.61364548634,,-4.80142987087,,,0.623479749119,,,,,,,,,,0.327084515514,,,,-4.73692307683,-2.915905697,,,,-3.03099700118,-4.67335578822,-4.61991867869,,,,,-3.3414687957,,,,,,,,,,-4.58096923213,-4.50767879952
WAIS01,"UBN1",ENSG00000118900,6.445850,-3.8240919527,-0.126273444148,-3.7858945026,-2.74939191973,0.792988372172255,,-4.83444613148,,-5.17835016924,,,-0.64934453071,,,,,,,,,,0.134882965875,,,,-5.18782310788,-3.24049914709,,,,-3.691373849,-5.12340837706,-5.06567813426,,,,,-3.50032493226,,,,,,,,,,-5.11604711993,-4.82653147567
WAIS02F,"UBN1",ENSG00000118900,5.930628,-3.20202940574,-0.0754429647832,-3.82857248664,-2.65454520151,0.46022694607462206,,-4.58562529759,,-4.67548344678,,,0.595862706864,,,,,,,,,,0.383913298096,,,,-4.6126687178,-2.84076112169,,,,-2.95149087613,-4.57703211088,-4.50862520136,,,,,-3.29578297778,,,,,,,,,,-4.50191394375,-4.38943768791
WAIS02,"UBN1",ENSG00000118900,7.072173,-3.71853329214,-0.122255724165,-3.64502466505,-2.66749784605,0.7677572969109969,,-4.68468045222,,-5.01358697998,,,-0.65046505826,,,,,,,,,,0.150646554873,,,,-5.02275851539,-3.13480114351,,,,-3.57392280487,-4.96153857773,-4.90493124504,,,,,-3.40295265625,,,,,,,,,,-4.95505865672,-4.67296240859
