code,target,ENSEMBL,association,Adipose_Subcutaneous,Adipose_Visceral_Omentum,Breast_Mammary_Tissue,Muscle_Skeletal,DGN_Whole_Blood,Whole_Blood,Artery_Aorta,Artery_Coronary,Artery_Tibial,Heart_Atrial_Appendage,Heart_Left_Ventricle,Spleen,Brain_Amygdala,Brain_Anterior_cingulate_cortex_BA24,Brain_Caudate_basal_ganglia,Brain_Nucleus_accumbens_basal_ganglia,Brain_Putamen_basal_ganglia,Brain_Cerebellar_Hemisphere,Brain_Cerebellum,Brain_Cortex,Brain_Frontal_Cortex_BA9,Brain_Hippocampus,Brain_Hypothalamus,Brain_Spinal_cord_cervical_c-1,Brain_Substantia_nigra,Nerve_Tibial,Cells_Transformed_fibroblasts,Cells_EBV-transformed_lymphocytes,Colon_Sigmoid,Colon_Transverse,Esophagus_Gastroesophageal_Junction,Esophagus_Mucosa,Esophagus_Muscularis,Liver,Minor_Salivary_Gland,Small_Intestine_Terminal_Ileum,Stomach,Adrenal_Gland,Pituitary,Pancreas,Thyroid,Lung,Ovary,Prostate,Testis,Uterus,Vagina,Skin_Not_Sun_Exposed_Suprapubic,Skin_Sun_Exposed_Lower_leg
BFPC04B,"FLYWCH2",ENSG00000162076,0.243242,1.36894595679,,,1.01907087035,0.17038336446289207,0.602442375636,,,1.70500908326,,,1.64166587631,,,-1.09829404744,,,0.82848785917,5.12271421104,,,,,,,0.510738607142,0.032667116285,,1.13998600811,,0.998933552095,,1.88045112863,,,,,1.09507311799,,,-1.32712227518,0.717028605549,,,,-0.911112272076,,0.624408979996,
BFPC04,"FLYWCH2",ENSG00000162076,0.208015,1.61040548762,,,0.9549801393,0.36512646770046325,0.755572098557,,,1.91551981861,,,1.8849470312,,,-0.886125868951,,,1.09909393859,5.07466497065,,,,,,,0.556800922593,0.173963106288,,1.36369085609,,1.58379431884,,2.21568103011,,,,,1.21157870154,,,-0.960901463111,0.973219517251,,,,-0.901013069538,,0.911285196132,
BODY08B,"FLYWCH2",ENSG00000162076,1.095766,2.08540094302,,,2.37046835326,0.42258240191246765,0.746310898263,,,2.57930141123,,,2.58712905946,,,-0.378053622789,,,2.25178621881,5.28203830759,,,,,,,1.24051683443,0.136914138105,,1.545293344,,1.55336058321,,2.12324183044,,,,,1.85085245852,,,-2.11743603951,1.52405224382,,,,-1.68560063337,,1.01113791052,
BODY08M,"FLYWCH2",ENSG00000162076,0.615181,0.425154565706,,,1.94023077907,-0.9061062862528355,-0.51926131928,,,1.00313619276,,,0.879546172809,,,-1.45328488391,,,0.511147490564,4.71659697868,,,,,,,0.582912501097,-1.02081719748,,0.0473845579367,,-0.903481850872,,0.173865621375,,,,,0.711563488367,,,-3.03497609817,0.113051918101,,,,-0.95973575442,,-0.535788578246,
BODY08,"FLYWCH2",ENSG00000162076,1.047140,2.33691056068,,,2.30624378751,0.6688258787293888,0.973936832786,,,2.79607118332,,,2.78331282574,,,-0.0355434834163,,,2.4748761571,5.05621811646,,,,,,,1.3338560834,0.346506172437,,1.77992049957,,2.08200254045,,2.48759705285,,,,,2.02817490612,,,-1.81443497141,1.75464162412,,,,-1.68093686468,,1.32229169093,
FATM04B,"FLYWCH2",ENSG00000162076,0.548628,2.1147050878,,,2.30532283363,1.0941691266368874,1.63064240926,,,2.75416999343,,,3.11039394371,,,-1.29462365284,,,0.881927387507,6.01579959087,,,,,,,0.73999298791,0.813077434012,,1.61546597127,,1.60374551548,,1.50587631651,,,,,1.72969423639,,,-1.42705244761,1.89313423294,,,,-0.423279273095,,1.35325822272,
FATM04M,"FLYWCH2",ENSG00000162076,0.330265,0.696530126073,,,1.85640822143,-0.116587891935537,0.440445177857,,,1.32944580385,,,1.31275897165,,,-1.82213463337,,,-0.372046987812,5.03709511624,,,,,,,0.508560189664,-0.23107724875,,0.426488707922,,-0.587321857125,,-0.0438093548948,,,,,0.551502356429,,,-2.3958920072,0.532096391742,,,,-0.436618146244,,-0.00732004233841,
FATM04,"FLYWCH2",ENSG00000162076,0.530104,2.35667329635,,,2.26353370437,1.300531921174004,1.79825166288,,,2.96211867309,,,3.34571194042,,,-1.02167173771,,,1.1290540957,5.90115155279,,,,,,,0.797589072789,0.981369284343,,1.8115449584,,2.15126807097,,1.8524037082,,,,,1.93919156092,,,-1.11652395692,2.12034323907,,,,-0.345613114479,,1.64987681466,
LEAN06B,"FLYWCH2",ENSG00000162076,0.578923,1.58087025333,,,4.02327295175,1.7476110316819202,2.15385996581,,,2.4383970704,,,4.79987725756,,,-1.75811837961,,,-0.368760247566,4.43747809199,,,,,,,0.0594032176394,1.44182285399,,0.579802156478,,1.55519803693,,-0.678845693233,,,,,2.04366800708,,,-1.79807200697,1.69644923929,,,,1.47013582641,,1.14966738112,
LEAN06,"FLYWCH2",ENSG00000162076,0.355975,1.14050353921,,,3.94328624825,1.219656370880679,1.76298060333,,,2.26954640387,,,4.14987312329,,,-2.20788893234,,,-0.755652520244,4.82680598696,,,,,,,-0.0287448511383,0.896577723825,,0.185394812515,,0.866940401228,,-1.06266942583,,,,,1.36289005874,,,-2.14396539464,1.43473161075,,,,1.36313715685,,0.648836828545,
