code,target,ENSEMBL,association,Adipose_Subcutaneous,Adipose_Visceral_Omentum,Breast_Mammary_Tissue,Muscle_Skeletal,DGN_Whole_Blood,Whole_Blood,Artery_Aorta,Artery_Coronary,Artery_Tibial,Heart_Atrial_Appendage,Heart_Left_Ventricle,Spleen,Brain_Amygdala,Brain_Anterior_cingulate_cortex_BA24,Brain_Caudate_basal_ganglia,Brain_Nucleus_accumbens_basal_ganglia,Brain_Putamen_basal_ganglia,Brain_Cerebellar_Hemisphere,Brain_Cerebellum,Brain_Cortex,Brain_Frontal_Cortex_BA9,Brain_Hippocampus,Brain_Hypothalamus,Brain_Spinal_cord_cervical_c-1,Brain_Substantia_nigra,Nerve_Tibial,Cells_Transformed_fibroblasts,Cells_EBV-transformed_lymphocytes,Colon_Sigmoid,Colon_Transverse,Esophagus_Gastroesophageal_Junction,Esophagus_Mucosa,Esophagus_Muscularis,Liver,Minor_Salivary_Gland,Small_Intestine_Terminal_Ileum,Stomach,Adrenal_Gland,Pituitary,Pancreas,Thyroid,Lung,Ovary,Prostate,Testis,Uterus,Vagina,Skin_Not_Sun_Exposed_Suprapubic,Skin_Sun_Exposed_Lower_leg
BLOO05,"GRPEL1",ENSG00000109519,27.950433,-9.21369481471,-5.63128778333,,-8.58105363163,3.626646400525868,,,,-7.14626560912,,,,,,,0.963966074286,,-5.74411851848,-8.40669530264,,,,-1.14363909658,,,-4.72568982737,-6.63102435586,-8.51983110404,-8.18932655382,,,-8.0659023737,-9.62295034441,-4.34393365588,,,,,,,-6.14863792212,,,,,,,,-9.69999859577
BLOO06,"GRPEL1",ENSG00000109519,6.618777,-3.29982125722,-0.924119689098,,-2.78357945311,1.4220277010177242,,,,-2.3574577546,,,,,,,0.308977474272,,-2.21688818069,-3.03866501648,,,,1.01454736521,,,-2.70350524638,-2.99520173533,-3.2516587184,-3.01465424226,,,-2.4027968983,-3.48625134295,-0.669347336591,,,,,,,-2.10677852323,,,,,,,,-3.91302359759
BLOO09,"GRPEL1",ENSG00000109519,5.650121,-3.12942991461,-0.854621403887,,-2.58438919694,1.1486608949102644,,,,-2.07465026689,,,,,,,0.271744920141,,-2.11806723803,-2.83566729378,,,,0.887524359217,,,-2.65171583041,-2.81116978886,-3.05613153085,-2.81088148012,,,-2.24309605612,-3.27803777934,-0.707572028055,,,,,,,-1.80537386082,,,,,,,,-3.73914354826
BLOO10,"GRPEL1",ENSG00000109519,8.558273,-4.05283662731,-1.40312834485,,-3.4488340479,1.364808507558263,,,,-2.82262327046,,,,,,,0.180571933341,,-2.67019243216,-3.67948857358,,,,0.702423487699,,,-2.97641374928,-3.45880669103,-3.91085941117,-3.64548278727,,,-3.08658416913,-4.21718571714,-1.1659203284,,,,,,,-2.4299761627,,,,,,,,-4.67933075133
BLOO13,"GRPEL1",ENSG00000109519,6.429644,-3.23524794266,-0.854143899797,,-2.69897487789,1.8441519353536444,,,,-2.29552102486,,,,,,,0.34340245011,,-2.2015098874,-2.96327793635,,,,0.928512943821,,,-2.78810286626,-2.89742871883,-3.17880130319,-2.93681445309,,,-2.33287877358,-3.41422172517,-0.623913247787,,,,,,,-2.02218441503,,,,,,,,-3.87886456641
BLOO18,"GRPEL1",ENSG00000109519,5.271809,4.14019319317,2.46549320571,,4.09573496035,-3.0935904511255576,,,,4.29304737299,,,,,,,-0.671078048139,,2.19426743809,4.14553301224,,,,0.0698835211554,,,2.41524832288,3.29269719011,4.05146886362,3.99578497055,,,3.80445959152,4.73586570959,0.521752948312,,,,,,,3.45521560995,,,,,,,,4.13352095161
BLOO19,"GRPEL1",ENSG00000109519,10.456814,5.5102767121,4.14275723267,,5.3527771796,-3.0140439666554677,,,,4.44091276186,,,,,,,-0.407655036878,,3.32807285625,4.94610527474,,,,1.79278950306,,,1.91318927469,3.60661185153,4.82229988716,4.71688727137,,,5.23776223513,5.70341972246,3.40775601511,,,,,,,3.83630860693,,,,,,,,5.34011068006
BLOO24,"GRPEL1",ENSG00000109519,10.016148,3.79913469664,1.77158005031,,3.67060845437,-1.9315182324107694,,,,3.3951454236,,,,,,,-0.577282170683,,2.79224635387,3.89173673134,,,,-1.12884382984,,,3.22824481704,3.5343803435,3.95095817057,3.80446854633,,,3.32684030151,4.31861492125,1.48208220967,,,,,,,3.07076802755,,,,,,,,4.44904230072
BLOO28,"GRPEL1",ENSG00000109519,15.326196,-7.32116328684,-5.1639264758,,-7.06234256433,4.1697878316573105,,,,-5.99112297053,,,,,,,0.799816223127,,-4.60924708286,-6.6704757274,,,,-1.55879871937,,,-3.15937768749,-5.02557325421,-6.61059320828,-6.44895980277,,,-6.82229998105,-7.75401782603,-4.07416001368,,,,,,,-5.25589140937,,,,,,,,-7.41945854822
BLOO29,"GRPEL1",ENSG00000109519,7.037958,-0.448668146178,-0.401863851111,,0.163626154287,-0.425115281983457,,,,0.682891001186,,,,,,,0.0445288388046,,-0.947646589852,-0.16968090347,,,,-0.863361737266,,,-1.60268488315,1.92407311637,-0.53596523399,-0.454029132248,,,-0.0740073089153,-0.827133124086,-1.85926185946,,,,,,,0.532510001327,,,,,,,,-1.00582051058
BLOO30,"GRPEL1",ENSG00000109519,5.780704,-3.13710868431,-0.84948455087,,-2.59616494883,1.6944618747258293,,,,-2.08410875672,,,,,,,0.262403606855,,-2.09134494608,-2.83938879436,,,,0.956367730397,,,-2.54631302015,-2.82531900171,-3.05931264344,-2.81713687559,,,-2.233784128,-3.28739493094,-0.762490797597,,,,,,,-1.80689952677,,,,,,,,-3.71665736961
BLOO33,"GRPEL1",ENSG00000109519,9.851799,-4.51806726813,-2.17812075044,,-3.81614790775,3.2160496957810056,,,,-3.89287865593,,,,,,,-0.445048641978,,-3.1858564808,-4.06167998558,,,,-0.748348307608,,,-2.4473903258,-3.48292243705,-4.63228067487,-4.51372458296,,,-3.42896899275,-4.32508601592,-0.825545089678,,,,,,,-3.03945512422,,,,,,,,-5.18052725517
HEIG03,"GRPEL1",ENSG00000109519,5.754068,-4.23333561998,-1.65371787288,,-3.85662489347,2.1473342884341875,,,,-3.2431844389,,,,,,,1.10157683334,,-2.60083994581,-3.557521075,,,,-0.654274868705,,,-1.25090028357,-3.15052476751,-3.85601302652,-3.78724551201,,,-3.2012395467,-4.50848010366,-2.25509508417,,,,,,,-3.14638168183,,,,,,,,-4.72122005016
