code,target,ENSEMBL,association,Adipose_Subcutaneous,Adipose_Visceral_Omentum,Breast_Mammary_Tissue,Muscle_Skeletal,DGN_Whole_Blood,Whole_Blood,Artery_Aorta,Artery_Coronary,Artery_Tibial,Heart_Atrial_Appendage,Heart_Left_Ventricle,Spleen,Brain_Amygdala,Brain_Anterior_cingulate_cortex_BA24,Brain_Caudate_basal_ganglia,Brain_Nucleus_accumbens_basal_ganglia,Brain_Putamen_basal_ganglia,Brain_Cerebellar_Hemisphere,Brain_Cerebellum,Brain_Cortex,Brain_Frontal_Cortex_BA9,Brain_Hippocampus,Brain_Hypothalamus,Brain_Spinal_cord_cervical_c-1,Brain_Substantia_nigra,Nerve_Tibial,Cells_Transformed_fibroblasts,Cells_EBV-transformed_lymphocytes,Colon_Sigmoid,Colon_Transverse,Esophagus_Gastroesophageal_Junction,Esophagus_Mucosa,Esophagus_Muscularis,Liver,Minor_Salivary_Gland,Small_Intestine_Terminal_Ileum,Stomach,Adrenal_Gland,Pituitary,Pancreas,Thyroid,Lung,Ovary,Prostate,Testis,Uterus,Vagina,Skin_Not_Sun_Exposed_Suprapubic,Skin_Sun_Exposed_Lower_leg
ANKY01,"TAP1",ENSG00000168394,1.383892,,,,,,,,,,5.67421261073,2.33171749115,,,,,,,,,,,,,,,,,,,,,,-0.712799370196,,,,,,,,,,,,0.0262320712209,,,-1.03054135158,2.32703351974
BLOO01,"TAP1",ENSG00000168394,5.607075,1.28060723251,,,,,-0.164681503638,-3.25025892258,,1.36009454727,-8.54864091698,5.08264468687,,,,,,,,-8.7481884916,,,,,,,-0.250515818825,9.35933293865,,,,-0.478637444322,2.84828653742,13.6718559218,,,,,,,,,,,,-3.25353417291,,,1.84783881737,11.5370110711
BLOO03,"TAP1",ENSG00000168394,6.332640,1.61126691588,,,,,-1.76156110458,-5.36466407776,,0.670875251293,-1.9835908089,0.420030125389,,,,,,,,2.71289141015,,,,,,,-0.845442705313,0.14806561997,,,,-2.34893735572,0.382965495136,-1.42474657242,,,,,,,,,,,,1.85070502586,,,-0.626879018889,-0.891014104833
BLOO04,"TAP1",ENSG00000168394,8.375883,1.00059036728,,,,,-1.449827521,-6.01037025452,,0.859617352486,-6.90195138184,0.981651510125,,,,,,,,2.33167665039,,,,,,,-0.443781249247,0.723196104583,,,,-0.891282204103,1.5158530496,-1.31915945791,,,,,,,,,,,,0.15526243947,,,1.4535543424,0.263965767276
BLOO05,"TAP1",ENSG00000168394,4.278552,2.65956066373,,,,,2.27169189352,-2.7983148098,,3.51274681091,-7.3127059864,0.644848298254,,,,,,,,4.48569658935,,,,,,,-1.61586330861,1.03900781753,,,,0.49528888205,3.15361651846,0.856481915194,,,,,,,,,,,,0.210674594904,,,0.131198041454,-2.09275074387
BLOO07,"TAP1",ENSG00000168394,3.871536,2.262761977,,,,,-2.64873797746,-0.187077328563,,2.79270100594,-8.86336718358,1.23172093188,,,,,,,,0.0911271736062,,,,,,,-1.6146406028,4.97588135391,,,,1.79475845726,1.43069314905,1.56995057461,,,,,,,,,,,,-2.90992569837,,,-0.133432183291,5.68800601495
BLOO11,"TAP1",ENSG00000168394,6.529869,-0.804785077268,,,,,1.31325029109,-5.84407186508,,-1.10698592663,-6.44728701473,1.15946248998,,,,,,,,3.18279938587,,,,,,,-3.34014758517,2.39072728664,,,,-1.47101552143,3.95718062391,-1.72407681917,,,,,,,,,,,,-1.06011264581,,,-0.0515839031103,-0.390550773565
BLOO12,"TAP1",ENSG00000168394,4.808829,-0.184468428154,,,,,1.02587594929,-4.51405382156,,1.64340102673,-6.55859541925,1.30778239975,,,,,,,,3.54679527714,,,,,,,-1.93701806258,3.10536812461,,,,-0.107963099051,3.91155006721,-0.039822284089,,,,,,,,,,,,-0.369919621362,,,-0.497573124581,-0.0830236416767
BLOO13,"TAP1",ENSG00000168394,18.046888,-6.0349727348,,,,-2.8711882581822925,1.89031336494,-3.65872260003,,-0.0199972774063,-3.5640682585,-3.36911814946,,,,,,,,1.01611199931,,,,,,,-2.80946251007,-4.45948297756,,,,-2.50115480211,-5.79179975357,2.328627973,,,,,,,,,,,,6.83650330911,,,1.99838206367,1.66142814423
BLOO16,"TAP1",ENSG00000168394,25.951675,-6.12906229056,,,,-0.848260454105456,2.66529771967,-3.72023534618,,-0.91449968202,-5.00730603989,-3.06356782803,,,,,,,,-3.42626033874,,,,,,,-3.28082954752,-6.23714778281,,,,-1.601071121,-8.38459081535,5.34768906577,,,,,,,,,,,,4.30938216637,,,2.93106921961,7.65054990975
BLOO17,"TAP1",ENSG00000168394,8.815621,-3.47715863558,,,,1.380805111329133,2.47264926891,-1.5083556796,,-0.630125816007,-2.5482676658,-1.59176346515,,,,,,,,-4.31465296573,,,,,,,-1.78345101967,-4.36082804916,,,,-0.208801728318,-4.6008455445,3.86674903119,,,,,,,,,,,,0.496428472286,,,2.08999893407,6.74554592446
BLOO18,"TAP1",ENSG00000168394,7.313435,-2.9811269821,,,,0.9296619314621456,2.03967945803,-1.42864912287,,-0.551903551517,-2.85342068761,-1.41918879211,,,,,,,,-3.67614926123,,,,,,,-1.56812242941,-3.6336538531,,,,-0.000441088122993,-4.60961575453,3.93017879438,,,,,,,,,,,,0.963786040303,,,1.6190966978,6.17443624798
BLOO20,"TAP1",ENSG00000168394,10.034615,-5.06690780354,,,,-4.04365286692513,-2.77195128168,-3.36008479888,,-1.33093768888,-3.92789329198,-4.51405530309,,,,,,,,1.7665194887,,,,,,,-2.34492424838,-0.686780997374,,,,-2.8096634677,-0.964951128178,-2.49972457976,,,,,,,,,,,,8.06465286557,,,-0.657945333077,1.66402184763
BLOO21,"TAP1",ENSG00000168394,6.724527,-1.45323941045,,,,-3.616701784028081,-1.77044237736,-2.22285608895,,0.755037888343,-4.81595810231,-3.597766164,,,,,,,,1.90452811073,,,,,,,-0.467402067106,0.651872133739,,,,-0.513145531457,-1.96606514055,0.639721105149,,,,,,,,,,,,8.56840383084,,,1.82979023053,2.98977067089
BLOO22,"TAP1",ENSG00000168394,9.985186,-2.18958506845,,,,-4.323979232559438,-2.02937452009,-2.85548585223,,0.534759518578,-5.57901424026,-4.41468700852,,,,,,,,2.25081244399,,,,,,,-0.904674992563,0.380955083674,,,,-1.04661836219,-2.5033173438,0.339248611057,,,,,,,,,,,,9.76398360966,,,1.80991007381,3.29125704017
BLOO24,"TAP1",ENSG00000168394,5.648107,0.951974244658,,,,-2.1601330966008816,-1.32369271436,-0.430621580051,,-0.679776384817,-2.0914957183,0.195118770645,,,,,,,,2.26775413124,,,,,,,0.0736499230959,1.82315182256,,,,0.449077727513,-1.22012494795,1.93578297401,,,,,,,,,,,,2.76372013867,,,-1.55031376045,-0.234483451897
BLOO25,"TAP1",ENSG00000168394,10.255167,-0.73315210738,,,,-4.409693365161272,-3.79779162654,-2.93730004887,,0.181821418772,-3.09917646667,-3.53023346086,,,,,,,,3.39812496467,,,,,,,-1.92502711218,0.542537394841,,,,-1.04782346977,-2.00954467748,-4.2289972494,,,,,,,,,,,,5.21479301515,,,-0.919280816911,-0.149952309307
BLOO26,"TAP1",ENSG00000168394,10.086138,0.128680922763,,,,-0.30737918695716726,-2.23048787194,-0.0223015571802,,0.252813585166,0.807409691194,0.683383864496,,,,,,,,0.359600228268,,,,,,,-0.376395809843,1.32595995951,,,,0.598129280249,2.88922264371,-1.78684903466,,,,,,,,,,,,0.799121104751,,,-0.232799341226,-0.376097434024
BLOO27,"TAP1",ENSG00000168394,6.728182,0.412970683899,,,,1.777538558096808,-0.924771098949,1.47344853085,,0.23645888674,2.11847806078,2.39133401032,,,,,,,,-1.19032450056,,,,,,,0.608134332845,1.30169979674,,,,1.19669730769,4.18230199132,-0.0653817025069,,,,,,,,,,,,-1.71465172129,,,-0.0710441439193,-0.635764504783
BLOO29,"TAP1",ENSG00000168394,15.879558,4.14063544342,,,,5.037486357578046,1.12457793682,6.97320702124,,2.69723116103,2.33078465274,2.14063312899,,,,,,,,1.36155544529,,,,,,,6.38580430844,6.24139150308,,,,6.55525563271,8.48282753815,0.00817533460667,,,,,,,,,,,,1.83053333174,,,-2.14405439331,0.391708366368
BLOO30,"TAP1",ENSG00000168394,22.718512,-6.58551478612,,,,-2.891498925828166,2.05709530983,-3.95752303656,,-0.136025193176,-3.88914399103,-3.61325892761,,,,,,,,0.705198433454,,,,,,,-3.10673407255,-4.96697527395,,,,-2.53299381293,-6.48138760854,2.43219626331,,,,,,,,,,,,7.04681513569,,,2.18210107707,2.25763375203
BLOO31,"TAP1",ENSG00000168394,6.714218,2.8498772057,,,,-0.6316439178217159,-1.47988009328,1.66435827795,,0.795218682923,2.91765856791,1.26156654463,,,,,,,,3.60340502381,,,,,,,1.75199215996,3.59576902332,,,,0.261644944169,4.87736135347,-3.8274611312,,,,,,,,,,,,-0.906872525113,,,-1.67997640165,-6.11044986134
BLOO33,"TAP1",ENSG00000168394,6.259977,-0.417627675745,,,,-1.2572378497681942,1.13193990019,-1.24676198931,,0.688581050334,-4.8104688114,-0.663726280433,,,,,,,,-3.6295087625,,,,,,,0.326888170423,-0.529284024871,,,,-2.04987380111,-0.731274344187,5.59776670307,,,,,,,,,,,,0.953292776773,,,1.18655860902,10.3494732097
BLOO34,"TAP1",ENSG00000168394,13.003983,4.16037209782,,,,6.642279446958463,4.21293940264,7.51255071764,,3.71591626564,1.52612648626,-0.526395533472,,,,,,,,-0.719484118118,,,,,,,6.92440342092,4.95097326147,,,,5.39322464075,7.81933257862,1.14976099185,,,,,,,,,,,,2.72818115099,,,0.208217563917,0.694818051278
BLOO35,"TAP1",ENSG00000168394,8.100634,5.7823380717,,,,5.486741480770075,5.5788492523,5.13288299715,,3.35259648536,5.17924759462,5.15283079454,,,,,,,,-3.09839430883,,,,,,,3.80703764113,2.21860532268,,,,4.30666726331,1.85627582045,5.31420089982,,,,,,,,,,,,-4.03769455641,,,0.796722185789,1.13026873542
BLOO36,"TAP1",ENSG00000168394,17.739523,-3.18193864068,,,,-5.288293183741572,-2.82385032985,-3.90987975688,,0.257224283949,-6.61006711092,-5.3488366347,,,,,,,,2.38784188347,,,,,,,-1.57401163269,-0.525662257197,,,,-1.6714680479,-3.13401594368,-0.503472050784,,,,,,,,,,,,10.4464484419,,,2.30576932088,3.49041138164
BODY08B,"TAP1",ENSG00000168394,5.523284,0.108889441449,,,,3.926235556718257,3.61221300762,1.68261219817,,-0.0504339317913,4.82908257637,3.19113382329,,,,,,,,-1.90856496343,,,,,,,0.781610671492,-1.09817934482,,,,0.209126766511,1.18347370165,-0.46908743905,,,,,,,,,,,,-5.3296424582,,,1.64163270927,-3.36838636286
BODY08M,"TAP1",ENSG00000168394,5.620876,-0.183520159793,,,,4.427167233053175,3.27384088533,2.47457687935,,0.154203799076,3.61183999913,2.35656345042,,,,,,,,-1.54925414517,,,,,,,1.2387218891,-0.502875571275,,,,0.800741882557,0.960569124707,-1.68814414682,,,,,,,,,,,,-4.27275297442,,,1.66271242048,-2.90177659383
BODY08,"TAP1",ENSG00000168394,4.421315,0.211855892571,,,,3.5315720779830633,3.48266331437,1.38214359733,,-0.0591751877118,4.81671038655,3.15283080104,,,,,,,,-1.89271524704,,,,,,,0.632610963476,-1.16872003548,,,,0.0905078588948,1.1960722753,-0.0978897418802,,,,,,,,,,,,-5.22073999234,,,1.44559193445,-3.28095244263
CIRR01,"TAP1",ENSG00000168394,7.580788,-3.18973245814,,,,-3.3798323716816814,-0.707153543669,-4.57666282753,,0.240430426437,-0.260204813528,-1.26487989734,,,,,,,,-3.70887883358,,,,,,,-4.25803257708,-3.59920327074,,,,3.21395917185,-6.99401341976,0.27002967548,,,,,,,,,,,,-1.23500425548,,,4.78592216739,1.51958502868
LEAN04B,"TAP1",ENSG00000168394,11.709364,4.23239120778,,,,3.6511054891049786,0.71872309357,3.54096001484,,0.183839874262,5.66182776911,4.43083147816,,,,,,,,-0.89657298364,,,,,,,3.89143881834,2.50047589499,,,,1.1820598865,4.1956414172,-0.171931932164,,,,,,,,,,,,-2.59428402976,,,-4.37772440804,-0.810564357734
LEAN04M,"TAP1",ENSG00000168394,11.446105,3.62696436311,,,,5.7654863155960046,3.02296038956,4.54201587391,,0.849181719285,5.1217112326,4.72128275132,,,,,,,,-3.14791712713,,,,,,,4.57605135793,1.74329553741,,,,1.48244290235,3.5249386908,1.51188822738,,,,,,,,,,,,-3.63285113184,,,-1.55055548536,0.0966207178486
LEAN04,"TAP1",ENSG00000168394,12.545140,4.37314903855,,,,5.087197704303325,2.0035505719,4.37442358975,,0.518298866199,5.92092299699,5.01219231786,,,,,,,,-2.18462393757,,,,,,,4.62451746185,2.32794893192,,,,1.4246660293,4.42763483079,0.768307076546,,,,,,,,,,,,-3.42757046087,,,-3.48109536225,-0.44868516321
LEAN05B,"TAP1",ENSG00000168394,12.185167,4.22281315348,,,,3.6491694947358577,0.830364154138,3.60958627368,,0.350573344396,5.68535714291,4.44659697655,,,,,,,,-0.768569106291,,,,,,,3.97696733219,2.63429475174,,,,1.23841300981,4.41885702496,-0.284001717749,,,,,,,,,,,,-2.5060531517,,,-4.20366698586,-0.798703236616
LEAN05M,"TAP1",ENSG00000168394,9.989742,3.60679513553,,,,5.767124262785577,3.03015479858,4.53539301317,,0.860992200946,5.10041512542,4.69304573106,,,,,,,,-3.13496492736,,,,,,,4.57993966625,1.74079677169,,,,1.47707560316,3.57147874368,1.47962217583,,,,,,,,,,,,-3.64145464119,,,-1.55304139945,0.0800136817108
LEAN05,"TAP1",ENSG00000168394,12.214841,4.36826957335,,,,5.091940484141807,2.06884826416,4.41760905199,,0.628352430452,5.94510391449,5.01852925637,,,,,,,,-2.10572508473,,,,,,,4.68795962816,2.41290983235,,,,1.46031901124,4.58286884855,0.69033747432,,,,,,,,,,,,-3.38612228113,,,-3.37656084967,-0.448956807866
LEAN06B,"TAP1",ENSG00000168394,15.291732,6.05240604061,,,,4.601277818649021,1.91941864366,4.56961756524,,0.967123783492,6.96755939492,6.29509177589,,,,,,,,-1.09453870796,,,,,,,4.86122716474,3.23798900856,,,,2.10586887631,4.67730418876,1.80328909885,,,,,,,,,,,,-3.65069510896,,,-4.39752861818,0.664336414618
LEAN06F,"TAP1",ENSG00000168394,8.942790,4.48418490989,,,,2.213454678445434,0.592483666605,2.17127973645,,-0.041764262423,5.52839098843,4.6216721201,,,,,,,,-0.702884915071,,,,,,,2.3717674824,1.84285910536,,,,0.951968320828,3.35538897592,1.53461452108,,,,,,,,,,,,-2.51669831368,,,-3.97151844966,0.323139121082
LEAN06M,"TAP1",ENSG00000168394,9.805486,4.77293793218,,,,5.503783025994317,2.81477944604,5.50560636883,,1.94921261369,4.92286232122,5.02538939811,,,,,,,,-1.03251835869,,,,,,,5.75728971405,3.42039343789,,,,2.61356007639,3.8618961003,1.09344212194,,,,,,,,,,,,-3.17104211281,,,-2.35280875161,0.788212628768
LEAN06,"TAP1",ENSG00000168394,14.521102,6.07170143072,,,,5.561976259730738,2.59765191907,5.4706166063,,1.55538326826,6.74944460258,6.32020186488,,,,,,,,-1.29895791841,,,,,,,5.79362706264,3.56588566387,,,,2.56904531462,4.77467679647,1.79238805861,,,,,,,,,,,,-3.86129111365,,,-4.00477857389,0.787487272814
LUPU01,"TAP1",ENSG00000168394,26.719217,2.59342179532,,,,4.3023476715923765,-1.9905500689,3.3140300101,,0.327526967577,6.59740194556,3.93942452348,,,,,,,,-5.42327485353,,,,,,,1.02790665822,1.44580753597,,,,-0.883496289607,0.0,-4.61966729153,,,,,,,,,,,,-3.41570193265,,,-2.24369038523,-1.10348111597
PRSC01,"TAP1",ENSG00000168394,56.256875,14.0703968219,,,,9.567824311120301,2.82809548132,9.47894555021,,-0.75671020597,16.6107465328,15.2948949619,,,,,,,,-2.93561489139,,,,,,,5.54175537942,7.16280912419,,,,5.64830742728,0.36940366557,6.36565298471,,,,,,,,,,,,-16.1390922453,,,-4.58588184655,-5.57609610995
RHEU01,"TAP1",ENSG00000168394,35.742345,-23.0673607293,,,,-1.1952395107726588,5.61283697001,-9.67052571321,,-6.35119974199,-2.94746409383,-12.2382500209,,,,,,,,-15.3776098276,,,,,,,-6.758284996,-21.4895294717,,,,-14.0081203842,-3.36420219448,9.90068912727,,,,,,,,,,,,-2.38150317862,,,9.13627770589,10.2775273358
RHEU02,"TAP1",ENSG00000168394,54.107516,-23.0673607293,,,,-1.1952395107726588,5.36926584764,-9.67052571321,,-6.01762503366,-2.8813941431,-12.2382500209,,,,,,,,-15.3776098276,,,,,,,-6.45897956924,-21.4895294717,,,,-14.0081203842,-3.36420219448,6.00467969791,,,,,,,,,,,,-2.38150317862,,,9.13627770589,10.2775273358
SCHI01,"TAP1",ENSG00000168394,11.696739,-2.16785259784,,,,-3.518069972452067,0.921697950705,-2.90265511617,,-0.92546958569,-6.47877276259,-3.93950208164,,,,,,,,2.70612080316,,,,,,,-0.649440298766,-1.41218914883,,,,-1.4855744901,1.92140121051,4.71040606484,,,,,,,,,,,,3.94457582756,,,-1.20068455449,2.69932361336
SCHI02M,"TAP1",ENSG00000168394,10.154480,-2.74035852301,,,,-3.934466493303958,0.650701150776,-3.55453149227,,-1.60254670416,-6.14577105229,-3.43863905765,,,,,,,,2.67001907327,,,,,,,-1.43325566786,-2.09436492756,,,,-2.19523072102,2.07869983967,2.55228723542,,,,,,,,,,,,3.87604019039,,,-0.530197287208,0.924554812865
SCHI02,"TAP1",ENSG00000168394,11.205603,-2.14506943431,,,,-3.530730068076888,0.819474362777,-2.89512695324,,-0.950270151515,-6.5178914744,-3.63733496407,,,,,,,,2.66343692998,,,,,,,-0.654315161129,-1.45011177621,,,,-1.57298844624,1.83366179537,4.56291279652,,,,,,,,,,,,3.83570801364,,,-1.19675739662,2.56167693867
SCLE01,"TAP1",ENSG00000168394,8.998007,-3.11267518997,,,,0.9400342106819153,-1.18524149592,-3.11267518997,,,-3.24675344058,-3.2008773946,,,,,,,,,,,,,,,-3.11267518997,,,,,,,-2.96070318203,,,,,,,,,,,,7.54158306122,,,,-7.46087005149
ULCC01,"TAP1",ENSG00000168394,8.378107,-0.168178353363,,,,-3.169867266102739,-1.90979758997,-1.07594389458,,0.157943687305,-0.489379165919,-0.638691656128,,,,,,,,2.05963909738,,,,,,,0.777471924137,0.771777349736,,,,-2.61398989355,0.420248442481,-0.56179244494,,,,,,,,,,,,2.87152665116,,,-2.764587258,1.14478932821
