code,target,ENSEMBL,association,Adipose_Subcutaneous,Adipose_Visceral_Omentum,Breast_Mammary_Tissue,Muscle_Skeletal,DGN_Whole_Blood,Whole_Blood,Artery_Aorta,Artery_Coronary,Artery_Tibial,Heart_Atrial_Appendage,Heart_Left_Ventricle,Spleen,Brain_Amygdala,Brain_Anterior_cingulate_cortex_BA24,Brain_Caudate_basal_ganglia,Brain_Nucleus_accumbens_basal_ganglia,Brain_Putamen_basal_ganglia,Brain_Cerebellar_Hemisphere,Brain_Cerebellum,Brain_Cortex,Brain_Frontal_Cortex_BA9,Brain_Hippocampus,Brain_Hypothalamus,Brain_Spinal_cord_cervical_c-1,Brain_Substantia_nigra,Nerve_Tibial,Cells_Transformed_fibroblasts,Cells_EBV-transformed_lymphocytes,Colon_Sigmoid,Colon_Transverse,Esophagus_Gastroesophageal_Junction,Esophagus_Mucosa,Esophagus_Muscularis,Liver,Minor_Salivary_Gland,Small_Intestine_Terminal_Ileum,Stomach,Adrenal_Gland,Pituitary,Pancreas,Thyroid,Lung,Ovary,Prostate,Testis,Uterus,Vagina,Skin_Not_Sun_Exposed_Suprapubic,Skin_Sun_Exposed_Lower_leg
BFPC04B,"DYNC2LI1",ENSG00000138036,2.756739,2.10399543731,1.99076968986,2.68227586733,1.81626725307,2.632179288344563,,2.26768893434,,3.4071421517,2.80787067099,1.99068277272,2.48079251888,,,,,,-0.0322809844639,,,,,,,,2.93569600216,1.70561191759,3.47198077106,1.98101993258,1.36368782966,2.31874439169,2.41660138211,1.9629877194,,,,1.47474688349,1.10449037492,,1.8824147691,4.10408909577,,,,,,,4.73787659816,2.16279036628
BFPC04,"DYNC2LI1",ENSG00000138036,2.794904,2.35855797204,2.17855717938,2.76755503571,1.96057473924,2.6673400300097247,,2.42494891574,,3.6313777043,2.92410655757,2.19985069034,2.65091332212,,,,,,-0.00933207923536,,,,,,,,3.11434290324,1.72625750114,3.66318664146,2.22751631402,1.33877273007,2.48599446944,2.61987562069,2.17474999416,,,,1.68033029838,1.27207812849,,2.11432216231,4.33716541332,,,,,,,4.939575869,2.35760735689
BLOO01,"DYNC2LI1",ENSG00000138036,7.116765,-0.17756955606,0.637561163861,-0.544083779545,0.307343676931,1.2501066140309223,,1.23453547511,,0.840259455553,0.819805575416,0.619595252112,2.36503591727,,,,,,-0.704306318941,,,,,,,,1.2239187279,1.27377430842,0.853877284516,2.42852381715,1.51612837074,0.588027069058,1.80928921823,0.696911528701,,,,1.15740026149,-0.621256995623,,0.680123977779,0.175071932396,,,,,,,1.7185499693,0.833193383592
BLOO02,"DYNC2LI1",ENSG00000138036,5.871762,-1.96778739559,-0.0419340452294,-2.11041549757,1.07810326784,-0.2787103010545733,,0.20611511033,,-2.80074422311,0.225717173857,0.208641803968,-0.639900640292,,,,,,1.26311885838,,,,,,,,-1.29243336937,1.3479831632,0.992972440035,-0.172634396237,0.220093824383,-0.752351673198,-0.0356299722642,0.31522132587,,,,0.945400749344,-0.0510973573643,,-0.479003083899,-1.14818255232,,,,,,,-1.42464755892,-2.74661783271
BLOO20,"DYNC2LI1",ENSG00000138036,6.306097,-2.08819763437,-0.000756777446062,-2.91630393593,1.41462660973,0.03359031075446002,,0.353590758806,,-3.29543869777,0.151829952893,0.105184510114,-1.45328506508,,,,,,1.58548668565,,,,,,,,-1.93484007312,0.50249099043,0.626522989815,-1.28232391741,-0.183201342533,-0.550727204047,-0.355087592028,0.276522413567,,,,0.998776826873,1.02915337948,,-0.712996688176,-0.550066828549,,,,,,,-1.20916753733,-2.99567773338
BLOO33,"DYNC2LI1",ENSG00000138036,7.064735,-0.0805186069623,0.184570149437,-0.59284398373,-0.299316602908,1.1564589910089746,,0.97838919968,,0.721175059861,0.0926921715068,0.179171167252,2.04004589871,,,,,,0.592904905445,,,,,,,,1.16188822277,1.10671145816,0.309884277089,2.20328433413,0.826342558243,0.486308243727,1.77955743986,0.274022021375,,,,1.08344777063,-0.818390656244,,0.310112068826,0.38145513077,,,,,,,2.47594550909,0.872149762696
CHOL11,"DYNC2LI1",ENSG00000138036,3.447733,1.99112746539,0.936805254764,1.62361596563,0.333715697733,2.0330043657877686,,1.16562690069,,3.15650855349,1.40504471889,1.08290091903,1.36699487656,,,,,,-0.878983840609,,,,,,,,3.03245522965,1.47489560701,0.276876053137,2.03294766532,3.33705281506,1.55649599896,2.02938032045,1.20717525649,,,,1.21468585451,2.03231855591,,2.58512637451,2.19153732243,,,,,,,4.88803678557,2.15945061324
CHOL13,"DYNC2LI1",ENSG00000138036,4.376958,2.69003437822,0.878609457878,2.51440847035,-0.0387634247176,1.8424637180830805,,1.06503793172,,3.59389769333,1.20910656218,1.03809087096,1.25801653589,,,,,,-0.854671169183,,,,,,,,3.25365914702,1.11478289238,-0.00160044960856,2.40805252468,3.48882924546,1.6605723212,1.98726236564,1.10300846677,,,,1.08471433951,1.80242306828,,2.56838903526,2.35141087983,,,,,,,4.91296674808,2.75426122221
CHOL21,"DYNC2LI1",ENSG00000138036,7.999479,2.6698557102,-3.01981110002,0.164031494813,-4.10642305261,-1.719380406484642,,-2.64360766952,,1.19583638879,-3.05736237472,-3.13886564018,-0.262985605542,,,,,,-0.789658468173,,,,,,,,0.510661562976,-1.75634402653,-3.1015666164,-0.573930780712,-1.79434181092,-2.30470710429,-1.11218657582,-3.09342027802,,,,-2.50005732374,-1.92674096009,,-0.424419639781,0.355520794078,,,,,,,6.02003183523,-0.0584681072273
CHOL27,"DYNC2LI1",ENSG00000138036,8.491416,2.6908018455,-3.14990736257,-0.520795597307,-4.23840347128,-1.6640084151133756,,-2.90437374971,,1.36172475581,-3.14497024329,-3.29349970023,0.277436457463,,,,,,-0.513328233076,,,,,,,,0.489478527452,-1.7600403013,-2.42652369366,-0.67015733733,-1.08923799602,-2.2139196661,-1.30055255375,-3.27994943356,,,,-2.5796335934,-2.69209297449,,-0.322010575777,0.445130516779,,,,,,,6.46672248282,-0.188387393157
CHOL28,"DYNC2LI1",ENSG00000138036,3.956009,2.68187102587,0.949753907984,2.49013698114,0.152847863044,2.044010884629595,,0.978561950776,,3.54303144267,1.34273861476,1.08614024473,1.09469358075,,,,,,-1.22461964056,,,,,,,,3.12376047163,0.957517660317,0.376905407667,2.44841655885,4.00862770978,1.73048204019,1.78616803762,1.04752284073,,,,1.0374467705,1.89752272666,,2.28966898278,2.29332816335,,,,,,,4.81634059072,2.8472593823
CHOL30,"DYNC2LI1",ENSG00000138036,3.688564,2.77410061998,0.811937635839,2.72739097344,-0.108916388865,1.8868762009257523,,0.909309123523,,3.42284430036,1.13326491894,0.923976419921,0.950898581766,,,,,,-1.00573379601,,,,,,,,3.05850237018,0.84186686041,0.223612027251,2.49061534297,3.73371966513,1.59133327967,1.75991122608,0.924707914239,,,,0.884599055355,1.56129952537,,2.18367395059,2.32911375083,,,,,,,4.78769432485,2.75389291493
EDUC03,"DYNC2LI1",ENSG00000138036,0.215447,-0.501409794728,-0.543904055368,-0.324017393653,-0.368997011799,-1.3875151754316994,,-1.02316636049,,-0.692920883907,-0.599449903552,-0.584128905939,-0.691261060348,,,,,,0.255888182744,,,,,,,,-0.881124014308,-1.77997195857,-4.97615208066,-0.840266524846,0.936519305811,-0.515775572943,-1.01835552001,-0.626274763961,,,,-0.762135244121,0.799341122499,,-0.83304873161,-1.1822881062,,,,,,,-2.46395044764,-0.00489044478737
HEIG03,"DYNC2LI1",ENSG00000138036,0.232473,0.921347343487,-1.60532489247,-0.239336580243,-1.19967532578,-3.050115169699057,,-2.47377460884,,-1.48585895434,-2.20295719308,-1.63467946837,-2.51102328243,,,,,,1.84739119503,,,,,,,,-1.37266773458,-0.86027273081,-5.5243818719,-1.39631236654,-1.08757434526,-1.58698712859,-1.54709610418,-1.65120164739,,,,-1.38667008234,-0.661782824219,,-1.78899508432,-1.4331341831,,,,,,,-1.49853007427,-0.0125116526232
LIPI04,"DYNC2LI1",ENSG00000138036,3.764724,2.31089692481,0.951567879653,2.6213020217,0.244473940972,1.8245135718763756,,1.03919516721,,3.51014388092,1.37136558653,1.09497569038,1.31924219645,,,,,,-1.07232395842,,,,,,,,3.11278993994,1.0601128581,0.574978542216,2.25287414135,3.67167269807,1.70617494981,1.8664475442,1.14145333911,,,,1.02376199105,1.76179380882,,2.52055566646,2.25597864229,,,,,,,4.77380073413,2.63544583208
LIPO03,"DYNC2LI1",ENSG00000138036,3.843602,2.30270700773,1.07730063043,2.66670595331,0.351255689112,1.931536453595789,,1.13876635653,,3.58111333694,1.49560468291,1.21451581558,1.48070738871,,,,,,-1.00519973254,,,,,,,,3.20305713691,1.19635901339,0.655966622252,2.28317163415,3.74208847697,1.81874909591,1.96751178049,1.26671234698,,,,1.12790903487,1.81099681143,,2.62838665547,2.3348527845,,,,,,,4.78483239433,2.71740218426
PHLI04,"DYNC2LI1",ENSG00000138036,3.165764,1.93578482198,1.33232853472,1.88107336106,0.736779029047,2.4085606984060486,,1.45715750109,,3.34062242688,1.87850610479,1.485903293,1.72299056688,,,,,,-0.761795252232,,,,,,,,3.25886358964,1.86824366543,0.70607578303,2.24648133477,3.56773807361,1.95718291895,2.29094330528,1.61073988257,,,,1.50120553863,2.28272252909,,2.88850258902,2.43773813234,,,,,,,4.9154597849,2.49887453173
PHLI06,"DYNC2LI1",ENSG00000138036,4.140028,2.66011645506,1.20641501086,2.71169248798,0.335017278293,2.1974877849882803,,1.29117121773,,3.76012083065,1.60927827649,1.38478593323,1.47056256903,,,,,,-0.743171378504,,,,,,,,3.45909034651,1.44514711468,0.429332887362,2.596467759,3.66152045343,1.99479278532,2.18775983141,1.43126809814,,,,1.33666765256,2.13498694769,,2.77060028608,2.55648748199,,,,,,,4.84170230557,3.00554427839
