code,target,ENSEMBL,association,Adipose_Subcutaneous,Adipose_Visceral_Omentum,Breast_Mammary_Tissue,Muscle_Skeletal,DGN_Whole_Blood,Whole_Blood,Artery_Aorta,Artery_Coronary,Artery_Tibial,Heart_Atrial_Appendage,Heart_Left_Ventricle,Spleen,Brain_Amygdala,Brain_Anterior_cingulate_cortex_BA24,Brain_Caudate_basal_ganglia,Brain_Nucleus_accumbens_basal_ganglia,Brain_Putamen_basal_ganglia,Brain_Cerebellar_Hemisphere,Brain_Cerebellum,Brain_Cortex,Brain_Frontal_Cortex_BA9,Brain_Hippocampus,Brain_Hypothalamus,Brain_Spinal_cord_cervical_c-1,Brain_Substantia_nigra,Nerve_Tibial,Cells_Transformed_fibroblasts,Cells_EBV-transformed_lymphocytes,Colon_Sigmoid,Colon_Transverse,Esophagus_Gastroesophageal_Junction,Esophagus_Mucosa,Esophagus_Muscularis,Liver,Minor_Salivary_Gland,Small_Intestine_Terminal_Ileum,Stomach,Adrenal_Gland,Pituitary,Pancreas,Thyroid,Lung,Ovary,Prostate,Testis,Uterus,Vagina,Skin_Not_Sun_Exposed_Suprapubic,Skin_Sun_Exposed_Lower_leg
BLOO21,"B3GNT8",ENSG00000177191,6.318045,-1.77795789011,,-0.171128161518,,-1.3209446785863148,,-0.794889215549,,,-0.59233473095,-1.25135414664,,,,,,,-4.32465093187,-4.16932687616,,,,,,,-1.61758883532,,,,-4.21074184123,,,-1.15562193638,,,,-4.42291966157,,0.258290431652,,,-3.04693710093,,,,,,,-0.302622128678
BLOO22,"B3GNT8",ENSG00000177191,5.891773,-1.7399360285,,0.313087946027,,-1.2092957734021978,,-0.875177588603,,,-0.541265887315,-1.18636405743,,,,,,,-4.26313820117,-4.08514114624,,,,,,,-1.52371977784,,,,-4.11834201746,,,-1.05897721949,,,,-4.39398442812,,0.122045906412,,,-2.98651532145,,,,,,,-0.12288805439
BLOO36,"B3GNT8",ENSG00000177191,5.841185,-1.55440851019,,-0.00278769936482,,-1.4265403719169858,,-0.668077760187,,,0.0414776128001,-1.00682272774,,,,,,,-4.28643646818,-4.22608037478,,,,,,,-1.43058549966,,,,-4.20388248131,,,-0.983153336614,,,,-4.11791663492,,0.445779891044,,,-3.1051818242,,,,,,,-0.494612726998
HEIG03,"B3GNT8",ENSG00000177191,17.019365,5.9661527759,,2.48664613185,,1.1924404150482129,,2.4502002661,,,1.16033837927,4.74016434294,,,,,,,7.69727465276,7.64378657948,,,,,,,4.6333026886,,,,7.53128950398,,,3.54975988893,,,,6.67461746518,,1.86137515828,,,6.59695430346,,,,,,,3.08535025993
HEIG04M,"B3GNT8",ENSG00000177191,10.297673,3.62940977166,,1.59599364631,,1.746470742188113,,1.97514907988,,,1.20127124305,2.87179500437,,,,,,,5.22119451805,5.11536345321,,,,,,,2.81608885459,,,,5.19868280991,,,2.49663001994,,,,4.4859380465,,1.62032517098,,,4.42429058721,,,,,,,2.58485704668
LEAN04B,"B3GNT8",ENSG00000177191,5.631899,2.60484227374,,1.06309228704,,-0.36275255252484473,,0.292874913564,,,1.09160157625,1.66060904987,,,,,,,4.22169339328,4.02590051377,,,,,,,1.46598038273,,,,3.94149409928,,,1.34553862868,,,,3.94968231345,,0.790887433582,,,3.29438609325,,,,,,,3.17694544868
LEAN04M,"B3GNT8",ENSG00000177191,6.842030,2.45322753213,,0.388647540962,,0.5806868338927,,1.51194164043,,,0.625114929852,2.23123890909,,,,,,,4.55335270569,4.43949258559,,,,,,,2.29012588931,,,,4.60063137134,,,2.20356583335,,,,3.84947971731,,2.79860644992,,,4.04357410546,,,,,,,2.68304373237
LEAN04,"B3GNT8",ENSG00000177191,7.350344,2.78302430199,,0.80473494511,,0.07847793583346001,,0.909359680702,,,0.941037925697,2.1136648001,,,,,,,4.85122422781,4.68269469415,,,,,,,2.00403845816,,,,4.72743123177,,,1.89363871007,,,,4.32519377443,,1.91979714984,,,4.04781567377,,,,,,,3.25223431033
LEAN05B,"B3GNT8",ENSG00000177191,6.254933,2.54180861169,,1.27339347662,,-0.4262979803955485,,0.286302911545,,,1.04347059551,1.62720639855,,,,,,,4.15701099299,3.95835191333,,,,,,,1.38069361387,,,,3.88299357713,,,1.27039853146,,,,3.89703458205,,0.864415148561,,,3.24342996894,,,,,,,3.17189780271
LEAN05M,"B3GNT8",ENSG00000177191,6.513669,2.45961224651,,0.389400390588,,0.6195422713825254,,1.50320645343,,,0.613146788134,2.22097117724,,,,,,,4.57325460098,4.45982856376,,,,,,,2.28813081692,,,,4.6275255375,,,2.18855077863,,,,3.85917749079,,2.787407059,,,4.05642995298,,,,,,,2.68647374091
LEAN05,"B3GNT8",ENSG00000177191,7.888334,2.76455237241,,0.926587881017,,0.06880958527027498,,0.901063717555,,,0.906285635903,2.10376349515,,,,,,,4.83277351659,4.66020156977,,,,,,,1.96260878401,,,,4.71536952649,,,1.84806535555,,,,4.31028670414,,1.96208661073,,,4.03781513845,,,,,,,3.27082858765
LEAN06B,"B3GNT8",ENSG00000177191,8.061535,2.59756754283,,1.2243333834,,0.22695890969641677,,0.281700568474,,,0.704739338616,2.07688172895,,,,,,,4.91588509051,4.65061069078,,,,,,,2.01497811952,,,,4.59064506546,,,1.70493658871,,,,4.37154226124,,1.82139567305,,,3.7067477996,,,,,,,3.26968167015
LEAN06M,"B3GNT8",ENSG00000177191,13.042321,3.62245152657,,0.372648629017,,1.044194328097621,,2.86774721734,,,1.5357447567,3.34224255749,,,,,,,6.04432735159,5.70383790159,,,,,,,3.43959761093,,,,5.87802643048,,,3.2704013319,,,,5.06077992064,,2.69457675481,,,5.0037522982,,,,,,,3.19093665806
LEAN06,"B3GNT8",ENSG00000177191,11.068669,3.37664543561,,1.0069244638,,0.691647470528363,,1.50493026507,,,1.17425729193,2.96046657926,,,,,,,6.0522363367,5.71775766373,,,,,,,2.96220214115,,,,5.77449136771,,,2.68297767062,,,,5.26300326046,,2.49293746635,,,4.81502470125,,,,,,,3.7267564902
WAIS03,"B3GNT8",ENSG00000177191,6.043908,4.21316831854,,0.901172981931,,-0.2871073353895573,,2.56674915726,,,1.94544462547,3.26186718544,,,,,,,4.00544073591,3.66327604259,,,,,,,3.14062213898,,,,3.8986431232,,,3.16755319959,,,,3.57687978532,,0.921748253935,,,3.35851459113,,,,,,,1.95013396741
WAIS04,"B3GNT8",ENSG00000177191,6.880513,4.11131488338,,0.967185384031,,-0.11702668996338107,,2.48625617042,,,1.89841343898,3.16449927799,,,,,,,3.91080091652,3.59899618831,,,,,,,3.06469750404,,,,3.80341480702,,,3.09097749288,,,,3.49040862512,,0.896279219989,,,3.27732242577,,,,,,,1.92769546306
