code,target,ENSEMBL,association,Adipose_Subcutaneous,Adipose_Visceral_Omentum,Breast_Mammary_Tissue,Muscle_Skeletal,DGN_Whole_Blood,Whole_Blood,Artery_Aorta,Artery_Coronary,Artery_Tibial,Heart_Atrial_Appendage,Heart_Left_Ventricle,Spleen,Brain_Amygdala,Brain_Anterior_cingulate_cortex_BA24,Brain_Caudate_basal_ganglia,Brain_Nucleus_accumbens_basal_ganglia,Brain_Putamen_basal_ganglia,Brain_Cerebellar_Hemisphere,Brain_Cerebellum,Brain_Cortex,Brain_Frontal_Cortex_BA9,Brain_Hippocampus,Brain_Hypothalamus,Brain_Spinal_cord_cervical_c-1,Brain_Substantia_nigra,Nerve_Tibial,Cells_Transformed_fibroblasts,Cells_EBV-transformed_lymphocytes,Colon_Sigmoid,Colon_Transverse,Esophagus_Gastroesophageal_Junction,Esophagus_Mucosa,Esophagus_Muscularis,Liver,Minor_Salivary_Gland,Small_Intestine_Terminal_Ileum,Stomach,Adrenal_Gland,Pituitary,Pancreas,Thyroid,Lung,Ovary,Prostate,Testis,Uterus,Vagina,Skin_Not_Sun_Exposed_Suprapubic,Skin_Sun_Exposed_Lower_leg
BFPC02B,"SHISA4",ENSG00000198892,7.897841,-1.76889351422,-2.4097152841,,,-0.3621632301414978,,,,-0.732222090427,,,-1.67266817239,,,1.35001454826,0.445742724984,-0.488171642727,,,,3.47287547794,,-0.504476890607,1.1513628486,,-0.179039549988,-2.0576544968,,1.27588643228,-1.7675420164,-0.792048294659,-1.33460104153,0.619169026511,,,,,,,,1.83401761115,-1.63101119898,,-0.0716819098542,0.864731810912,,,0.134414192887,0.000121716690579
BFPC02,"SHISA4",ENSG00000198892,6.953778,-1.55961951345,-2.20741591701,,,-0.5835889015079765,,,,-0.581382269267,,,-1.65015746062,,,1.42957101051,0.668088088902,-0.562559149257,,,,3.48325396539,,-0.21687655258,1.29019856296,,-0.0148780940175,-1.89005223757,,1.49926038966,-1.64291077173,-0.662309521375,-1.12109813055,0.86157524642,,,,,,,,1.85140165863,-1.47149159483,,0.0406022952637,0.754996930991,,,0.279004571927,0.198344803282
BFPC03B,"SHISA4",ENSG00000198892,7.082841,-1.73598418697,-2.5261594289,,,-0.27878305266295866,,,,-0.824028219893,,,-1.64082017901,,,1.29380444468,0.481322602969,-0.474819580662,,,,3.46448200293,,-0.561043088085,1.13665598688,,-0.257998405144,-2.14609449437,,1.24225186663,-1.86247035389,-0.887261881986,-1.40932807548,0.518440266405,,,,,,,,1.76589002776,-1.70460384958,,-0.0751996991499,0.823106046155,,,0.12873952057,-0.0713678857067
BFPC03,"SHISA4",ENSG00000198892,7.619337,-1.52486923453,-2.35082674726,,,-0.47854236478795814,,,,-0.698473800647,,,-1.60170974582,,,1.35116550667,0.688854646226,-0.538806184113,,,,3.46544225277,,-0.303865545974,1.26290607873,,-0.121383884452,-2.00262108365,,1.4458466284,-1.75129012675,-0.787962039963,-1.20884457763,0.726539294507,,,,,,,,1.76345393589,-1.56685679793,,0.0401577102813,0.709114578759,,,0.250163338835,0.0979879748487
BFPC04B,"SHISA4",ENSG00000198892,11.116952,-4.01252366735,-4.59596092125,,,0.8404611429047991,,,,-2.92792120103,,,-2.59386783798,,,-0.0737851616951,0.104235969294,-0.857207065927,,,,1.95776142879,,-1.67395690862,0.196039958523,,-1.87843833724,-4.42045467325,,0.485930852585,-2.43844987194,-1.97186284168,-3.43638951659,-0.77983253995,,,,,,,,0.84425973938,-3.67519914383,,1.09870804252,-0.714128254553,,,-2.01017968405,-0.687639084457
BFPC04F,"SHISA4",ENSG00000198892,6.672968,-3.00631773823,-3.86959792486,,,-0.30007612389386273,,,,-2.75774649122,,,-2.09032935039,,,-0.503213471895,0.461991655721,-0.290088129779,,,,0.92679930947,,-0.95843525665,-0.120996309389,,-1.77005468263,-3.98615117191,,0.320280726772,-1.86594798211,-1.9457559297,-2.68745696288,-0.76290051713,,,,,,,,0.215142791754,-3.23576553181,,0.745568796568,-0.741313949408,,,-1.48560092981,-0.728395577729
BFPC04M,"SHISA4",ENSG00000198892,6.260032,-3.00540847379,-3.07692375402,,,1.4266593309629094,,,,-1.71043748018,,,-1.8168974156,,,0.328468937871,-0.251029793687,-0.93921392707,,,,1.92776172291,,-1.51156157896,0.376113989644,,-1.09542541518,-2.73369144233,,0.401870663256,-1.79179459853,-1.07617911249,-2.4770724204,-0.431205706048,,,,,,,,0.988484230131,-2.34002020224,,0.887597174146,-0.357602707297,,,-1.52281916528,-0.334323373846
BFPC04,"SHISA4",ENSG00000198892,11.985774,-3.99364488667,-4.58955714098,,,0.6484083264373472,,,,-2.97989180991,,,-2.61598869129,,,-0.147125645732,0.162721056598,-0.811727969012,,,,1.88879923401,,-1.56049506547,0.146633594595,,-1.90784039323,-4.48764181933,,0.47159294475,-2.48054294678,-2.03268755403,-3.41920316072,-0.781460639746,,,,,,,,0.749437000087,-3.7388704081,,0.987444164889,-0.758126261321,,,-1.92124847703,-0.743268758864
BODY03,"SHISA4",ENSG00000198892,11.295129,-4.72301122315,-5.91610394242,,,0.958593729534764,,,,-4.2019956097,,,-4.00568089739,,,-1.76697855891,-1.56089625649,-0.864106921823,,,,1.43690075815,,-2.73852792817,-1.56558791778,,-4.22595468048,-6.02127583178,,-1.08545491608,-2.24704874182,-3.58674427609,-4.68509467989,-2.16392230713,,,,,,,,-0.553446848846,-5.24626047802,,0.94485281291,-0.237017402312,,,-4.33902030358,-3.52910644702
BODY04M,"SHISA4",ENSG00000198892,8.152872,-5.02532363246,-5.30776675365,,,1.0291136865593888,,,,-3.91782192351,,,-2.85623245496,,,-2.68870641124,-1.80771693923,-2.10236988367,,,,1.26794381296,,-3.18420088858,-1.81207499648,,-4.02617819343,-5.45375661956,,-0.954403181194,-2.68355250768,-3.43742441707,-3.88477436174,-2.05314523411,,,,,,,,-0.823821247681,-4.30678987635,,0.96445763828,-0.98653734563,,,-2.26723593438,-2.70250384479
BODY04,"SHISA4",ENSG00000198892,10.814968,-5.00254833553,-6.30899372534,,,1.2283838912051024,,,,-4.6814667832,,,-4.28969382577,,,-1.91355465755,-1.6434912891,-0.778602239707,,,,1.49119605497,,-2.94264468088,-1.6998024339,,-4.59335145414,-6.44272914749,,-1.12485937095,-2.49698884661,-3.92015154693,-5.09552009084,-2.38404314777,,,,,,,,-0.727070856353,-5.70161497518,,1.08445964324,-0.373270633571,,,-4.77632235992,-3.94348592422
BODY06B,"SHISA4",ENSG00000198892,14.878604,-2.58254672058,-3.95507518762,,,-1.0648006152593075,,,,-1.68527074501,,,-2.11143553233,,,1.03714603047,-0.316048698525,-1.22290880352,,,,3.23252993079,,-1.02621309508,0.893335480497,,-1.01308617944,-3.23777868486,,1.50166934602,-3.55186158392,-1.34451489171,-2.48988432616,0.381581044414,,,,,,,,2.13271230481,-2.42139769164,,0.117829357505,0.990019100612,,,-0.729848178572,-0.920401236335
BODY06M,"SHISA4",ENSG00000198892,10.267196,-3.04256958644,-4.33080498493,,,0.05269498297173246,,,,-2.40982110265,,,-2.07760277078,,,-0.0794426254836,-1.28590552734,-1.00697019719,,,,2.29104910725,,-2.31808126087,-0.246821086265,,-1.99327352825,-3.71272259213,,0.0468307617349,-3.668629956,-2.08892310626,-3.24993209408,-0.937136147364,,,,,,,,0.95169752856,-2.99289380504,,-0.539404136065,0.473550599866,,,-1.31884946822,-2.16084446213
BODY06,"SHISA4",ENSG00000198892,13.950549,-2.24702186353,-3.48171526492,,,-1.362404427410246,,,,-1.30926456116,,,-1.88888833349,,,1.26373839222,-0.0601640192903,-1.23906740121,,,,3.28108889793,,-0.571539740098,1.14261665705,,-0.615463181021,-2.8034367131,,1.81618514915,-3.23604348265,-0.988664788867,-1.98991941985,0.759113022347,,,,,,,,2.28752601372,-2.01997326732,,0.230456202942,1.03148696321,,,-0.380905645473,-0.48018120757
BODY07B,"SHISA4",ENSG00000198892,14.457685,-2.52854411168,-4.06878911516,,,-1.0072364635396187,,,,-1.75940378353,,,-2.08372602155,,,1.00342566293,-0.268582432606,-1.17867372968,,,,3.20203325221,,-1.06959628929,0.889775956868,,-1.08212590974,-3.3247061613,,1.48630450231,-3.63585906923,-1.41706013008,-2.54389519194,0.306024831264,,,,,,,,2.09791388168,-2.47967267109,,0.0981708842387,0.961700383587,,,-0.727440282758,-1.02593011082
BODY07M,"SHISA4",ENSG00000198892,9.892553,-3.04492164872,-4.34701072174,,,0.069756887432722,,,,-2.42212240382,,,-2.09730992526,,,-0.0837729459889,-1.27402631331,-1.01655654614,,,,2.27573109768,,-2.30789002104,-0.26035653221,,-2.00665854425,-3.71901212187,,0.0518334462145,-3.67726526314,-2.09914377867,-3.28656979374,-0.946971959471,,,,,,,,0.931792430058,-3.00706644567,,-0.566124885943,0.451671163468,,,-1.29380031818,-2.1659294751
BODY07,"SHISA4",ENSG00000198892,14.695057,-2.18667894609,-3.61690039633,,,-1.299880572278068,,,,-1.39617051881,,,-1.85002419687,,,1.22437054804,-0.0131106691344,-1.17515637438,,,,3.25118686706,,-0.628697924416,1.14255254569,,-0.699410391282,-2.9067891367,,1.79285756718,-3.32966159223,-1.07374796911,-2.04803748982,0.667893406981,,,,,,,,2.25369544431,-2.08550019674,,0.212053692499,1.01109270149,,,-0.385791177838,-0.613185766833
BODY08B,"SHISA4",ENSG00000198892,17.605811,-5.32749683323,-6.30599397262,,,0.47357139387379343,,,,-3.78079982661,,,-3.16588524505,,,-0.502478025769,-0.396017619052,-1.34960898265,,,,2.00926413251,,-2.1618331197,0.0634482625005,,-2.80311611599,-5.69401072154,,0.679495877046,-4.21353519629,-2.53100934809,-4.47279563052,-0.853842345964,,,,,,,,1.40107845574,-4.54890267037,,1.55900554516,-0.229667660243,,,-2.45745254016,-1.84540635742
BODY08F,"SHISA4",ENSG00000198892,10.240015,-3.83488618301,-4.41187506752,,,-0.22553037304616616,,,,-2.90042573489,,,-1.92961972801,,,-0.763709183127,-0.333741512189,-1.00020417335,,,,0.72552062514,,-1.09851392139,-0.159536760667,,-2.08897698307,-4.33532703841,,0.399607509615,-2.65281937057,-2.01972764148,-3.03104749964,-0.844072583472,,,,,,,,0.428893234813,-3.41627068268,,1.28958365004,-0.569000087685,,,-1.65369611507,-1.33172399211
BODY08M,"SHISA4",ENSG00000198892,15.521664,-4.04511445282,-4.89557453791,,,0.844322866348394,,,,-2.7177042067,,,-2.70025302399,,,-0.0380526131674,-0.260416444062,-0.997287793894,,,,2.14097541532,,-2.03704017955,0.223669243437,,-2.06611770647,-4.1202449676,,0.592851186346,-3.52298656143,-1.75227650979,-3.5565471038,-0.451347155337,,,,,,,,1.55895124925,-3.33182142686,,1.0383243975,0.171292858261,,,-1.96406778826,-1.3994903571
BODY08,"SHISA4",ENSG00000198892,21.697128,-5.28902236823,-6.11597337813,,,0.3351291465823765,,,,-3.71607246585,,,-3.02494458941,,,-0.596932778919,-0.507114667989,-1.44495918536,,,,1.88327690497,,-2.00596488314,-0.00610157545511,,-2.76131448154,-5.62648904736,,0.636369196008,-4.09870963972,-2.53644899361,-4.33154748295,-0.871866528768,,,,,,,,1.21093223963,-4.48535120814,,1.48361743616,-0.337726722894,,,-2.29732239489,-1.83836647058
COAD03,"SHISA4",ENSG00000198892,6.341950,-2.80505467323,-2.43547194001,,,-0.6013654550216408,,,,-0.714453086327,,,-2.55737303128,,,0.625951040365,1.04947487629,0.643325138539,,,,1.08316678072,,-0.747453950583,0.353709452754,,-0.925717202171,-1.82742894236,,1.25087512348,-2.16333516939,-0.554126260604,-1.91038732306,0.341039039382,,,,,,,,1.05036715274,-1.20599310134,,0.76210228806,0.256594626643,,,-0.194572129202,0.209796040902
EDUC03,"SHISA4",ENSG00000198892,10.501042,4.31819698422,4.20794789559,,,0.5808165201015119,,,,2.95547392324,,,2.9924594022,,,0.933870601399,0.378553943378,0.922325056109,,,,-0.481123055125,,1.64989106272,0.720853092672,,2.21783256797,3.61144846911,,-0.417930024048,2.32737386983,1.60297419929,3.09106530114,0.383081599779,,,,,,,,-0.123230990454,3.24326860363,,-0.915625380238,-0.200972987796,,,0.701310034851,1.13700452017
FATM02B,"SHISA4",ENSG00000198892,11.396801,-2.31403999054,-3.0220916382,,,-0.4458467283729236,,,,-0.930685321975,,,-1.7405680417,,,1.35337185067,0.366344433241,-0.877251666323,,,,3.61615735317,,-0.628158313981,1.14055884321,,-0.426122492607,-2.48803934436,,1.55000541138,-2.65109572458,-0.949896819539,-1.72505812117,0.731243735945,,,,,,,,2.28556778765,-1.84773208041,,0.277273779323,1.32607665048,,,-0.0605032030652,-0.463331952989
FATM02M,"SHISA4",ENSG00000198892,7.863375,-2.60988707215,-3.1202188258,,,0.4711465831049847,,,,-1.36998711066,,,-1.57938586545,,,0.683564185652,-0.396485558141,-0.436124909354,,,,2.77713067961,,-1.60555623668,0.296592620148,,-1.00133611809,-2.58132389893,,0.398410305837,-2.57420150533,-1.30260297,-2.14832517574,-0.339719108878,,,,,,,,1.46123070126,-2.12278701287,,-0.393658503791,0.979970693065,,,-0.349467033897,-1.37143090303
FATM02,"SHISA4",ENSG00000198892,9.996971,-2.08362705903,-2.73909297113,,,-0.6875306218896442,,,,-0.725151696822,,,-1.61874705585,,,1.40314002869,0.534250282708,-0.992831768096,,,,3.61461599757,,-0.322789151521,1.27484973859,,-0.233095638663,-2.26198491843,,1.76793110737,-2.48642413017,-0.782451340968,-1.43939706729,0.976642417431,,,,,,,,2.30754238892,-1.61713132901,,0.401293615668,1.250142434,,,0.0667566418528,-0.193310868965
FATM03B,"SHISA4",ENSG00000198892,11.005498,-2.29506334795,-3.17763904651,,,-0.33914681015432663,,,,-1.05260364688,,,-1.76209434504,,,1.29469845688,0.403268025815,-0.818610322427,,,,3.58878145449,,-0.70197693087,1.10123414041,,-0.534906292345,-2.62041088769,,1.49632545034,-2.76114589853,-1.07389517982,-1.82312015618,0.605112068236,,,,,,,,2.21742410819,-1.95435515228,,0.269054091065,1.27538847509,,,-0.0834885424757,-0.575855835112
FATM03M,"SHISA4",ENSG00000198892,7.557975,-2.61861447266,-3.13841967776,,,0.4822515315406561,,,,-1.37957919559,,,-1.60406502011,,,0.680110309159,-0.3706447864,-0.446377375143,,,,2.77266711176,,-1.57928136904,0.293425689369,,-1.0122079882,-2.58509298477,,0.407976648052,-2.59040209704,-1.30805638588,-2.18464467922,-0.346017738712,,,,,,,,1.4477812365,-2.13270601215,,-0.420191123587,0.961714798276,,,-0.32264553414,-1.37207670933
FATM03,"SHISA4",ENSG00000198892,10.948153,-2.06046247789,-2.92329321577,,,-0.5546280813577212,,,,-0.872044123441,,,-1.63473954509,,,1.32999604674,0.564962522383,-0.911689541645,,,,3.58054370298,,-0.425642799058,1.22594754644,,-0.36666302051,-2.42088856633,,1.69455692446,-2.61185239745,-0.933352522609,-1.54820627394,0.819172902102,,,,,,,,2.2280109025,-1.74459354815,,0.394194697504,1.20168174675,,,0.0231951498013,-0.338328148189
FATM04B,"SHISA4",ENSG00000198892,16.814146,-4.9036661403,-5.66514972975,,,1.1828758123550698,,,,-3.61197729604,,,-3.0488410331,,,-0.679446459581,-0.29349715929,-1.1840590083,,,,1.68865181127,,-2.28002083493,-0.250766144283,,-2.75338393828,-5.29282232838,,0.154410902772,-3.68899366003,-2.65982309831,-4.17997313519,-1.1859917735,,,,,,,,0.796298637845,-4.34565345683,,1.68471943225,-0.60703731191,,,-2.28653869482,-1.92142038045
FATM04F,"SHISA4",ENSG00000198892,9.552997,-3.71053140507,-4.46937039108,,,-0.3477798483247668,,,,-3.08950358947,,,-2.18830837762,,,-1.11346299229,-0.233136746169,-0.879283717106,,,,0.669505771827,,-1.35695202057,-0.470555495474,,-2.36533919049,-4.52543263358,,0.107026239162,-2.66549987229,-2.2866029149,-3.08666403637,-1.10920582879,,,,,,,,0.19735699489,-3.53689410731,,1.34324224438,-0.689395601567,,,-1.8167930091,-1.56578228332
FATM04M,"SHISA4",ENSG00000198892,10.713184,-3.60785479088,-4.01140145988,,,1.930100014850173,,,,-2.35399027829,,,-2.34436377099,,,0.0112311267336,-0.207621997135,-0.881918423268,,,,1.76032112273,,-1.99627288604,0.0549977408603,,-1.78414134982,-3.45007283297,,0.122401428594,-2.82079452794,-1.72342514764,-3.14001920605,-0.691657471642,,,,,,,,0.930880329361,-2.98510961124,,1.17888845694,-0.249942149408,,,-1.60837213035,-1.31953355421
FATM04,"SHISA4",ENSG00000198892,17.214727,-4.90567229128,-5.61368937111,,,0.9149704783415247,,,,-3.62610249441,,,-3.0157449063,,,-0.797783503884,-0.342891412566,-1.24394668933,,,,1.62461274561,,-2.15436799938,-0.313366791657,,-2.77503239005,-5.33996734202,,0.148048220625,-3.6862863617,-2.69053945546,-4.12658168845,-1.20181877348,,,,,,,,0.694661072326,-4.36666011445,,1.61103373829,-0.668377013287,,,-2.22877742061,-1.96991635553
HIPC02,"SHISA4",ENSG00000198892,5.890556,-2.34163074489,-3.30348932519,,,0.777556766381353,,,,-2.06737108659,,,-2.75209755399,,,-0.00310010463593,-0.907122448211,0.0127844347239,,,,1.53793823876,,-0.658975811928,0.212064763795,,-1.88719906852,-3.46673278357,,-0.158823809866,-1.8996905676,-1.74728278577,-2.79175557448,-0.438298608743,,,,,,,,0.601907326153,-2.95070478487,,0.469191922055,1.0067775136,,,-3.35656440739,-1.52320854688
LEAN04B,"SHISA4",ENSG00000198892,11.533310,-2.02545959503,-3.07878627255,,,-0.973096384217874,,,,-1.09030484175,,,-0.875153233818,,,0.434287803374,0.0617106138892,-1.87541661089,,,,2.23685136945,,-0.40891317892,0.587733174645,,-0.870669709337,-2.43439572908,,1.80315152159,-3.003857581,-0.854996208385,-1.45234538856,0.789552492446,,,,,,,,2.234852486,-1.22952216424,,0.892337873995,1.63458782059,,,-0.401024407015,-0.696179077246
LEAN04M,"SHISA4",ENSG00000198892,10.350470,-2.37275531484,-3.54570011838,,,-0.40809046012073,,,,-1.70771317251,,,-1.49831254012,,,0.180453924241,-0.183706255976,-0.79812714972,,,,1.70509922022,,-1.36890768634,0.0745587459589,,-1.4693576571,-2.73353532145,,0.971400068663,-3.07965360509,-1.44446266896,-2.16786347174,-0.126231373655,,,,,,,,1.27496499478,-1.96214239288,,0.57591079867,1.30804481845,,,-0.552521658438,-1.84973589179
LEAN04,"SHISA4",ENSG00000198892,13.697409,-2.37926915022,-3.58611914169,,,-0.8523317527969755,,,,-1.48525452356,,,-1.23342598991,,,0.375918621031,-0.109548892357,-1.58980520644,,,,2.2006339329,,-0.899771682545,0.402057515124,,-1.21181136372,-2.78871421114,,1.609850619,-3.30662162464,-1.20089463359,-1.86038637901,0.471634958271,,,,,,,,1.99413342177,-1.65569036283,,0.845660528726,1.69176510751,,,-0.382892916295,-1.29301450353
LEAN05B,"SHISA4",ENSG00000198892,10.970941,-2.04538180623,-3.29881777526,,,-0.8845173694072005,,,,-1.21551654878,,,-0.957760691381,,,0.391420352465,0.0795672125819,-1.7610400592,,,,2.25606154081,,-0.512159021299,0.52098029611,,-1.01056374835,-2.64951845542,,1.75892543604,-3.15084081541,-0.985898337137,-1.57643185899,0.665806000203,,,,,,,,2.20957468012,-1.36343597424,,0.872506071937,1.63304813248,,,-0.448536068038,-0.911119477699
LEAN05M,"SHISA4",ENSG00000198892,10.343404,-2.44603648215,-3.6202211307,,,-0.3817325867829578,,,,-1.7846408884,,,-1.54672421447,,,0.115664787737,-0.230355873756,-0.827008873617,,,,1.64412402864,,-1.41577025211,0.00778220802176,,-1.55418598748,-2.80758801345,,0.9227398553,-3.09853163875,-1.52294306242,-2.25688590163,-0.202500939288,,,,,,,,1.20096281455,-2.04338568449,,0.577299945755,1.229640386,,,-0.582847212043,-1.90508176816
LEAN05,"SHISA4",ENSG00000198892,13.904168,-2.4362023931,-3.76117208366,,,-0.7970771823498961,,,,-1.59873286371,,,-1.31129308903,,,0.327672995407,-0.119351262426,-1.53130060242,,,,2.18986134545,,-0.976608958325,0.338228961261,,-1.33492417798,-2.95716570171,,1.56624702924,-3.40569474877,-1.31279464734,-1.97985766285,0.366116419396,,,,,,,,1.95241719776,-1.77270011067,,0.831559627709,1.65971204616,,,-0.41241822672,-1.44590430825
LEAN06B,"SHISA4",ENSG00000198892,17.808353,-4.90711847307,-6.22681017355,,,0.6324551099163985,,,,-3.82040987271,,,-2.63463424768,,,-1.9358258901,-1.08986391881,-1.73002717038,,,,0.687030901457,,-2.9283489571,-1.24672455839,,-3.71530505139,-5.71915148589,,-0.191967174884,-4.54191457908,-3.17819882965,-4.15737920783,-1.63948565976,,,,,,,,0.437449870893,-4.20227844911,,1.59073212799,-0.0398999014321,,,-2.36935305598,-3.75521145947
LEAN06F,"SHISA4",ENSG00000198892,9.388266,-3.74351458576,-4.60251358279,,,0.12211705505026428,,,,-2.89528969532,,,-1.63312157214,,,-1.92407992903,-1.19383040406,-1.81658913269,,,,0.451763886506,,-2.12266160594,-1.06370284133,,-2.88070608719,-4.47862813674,,-0.236265352537,-3.34418960887,-2.3025982347,-3.13220497782,-1.42401387477,,,,,,,,0.161402814764,-3.15219673959,,1.22770902165,-0.24003732762,,,-1.93571428707,-2.93304238893
LEAN06M,"SHISA4",ENSG00000198892,13.951170,-3.70172960684,-4.92631546981,,,1.039066488313313,,,,-2.91117083149,,,-2.57546808724,,,-0.75893848619,-0.254574455822,-0.525402745081,,,,0.631878657056,,-2.38488468764,-0.76339907443,,-2.72812612953,-4.13067969136,,-0.00330360556163,-3.61564029337,-2.58694552456,-3.19578215523,-0.963375485765,,,,,,,,0.59959352325,-3.25171656384,,1.17468291327,0.298732538037,,,-1.58545367014,-2.72565849307
LEAN06,"SHISA4",ENSG00000198892,19.126273,-4.92614478209,-6.25592816031,,,0.8226449460402192,,,,-3.79095201809,,,-2.84958546635,,,-1.61882983754,-0.958716087044,-1.47019956988,,,,0.750121767722,,-3.00236892026,-1.1983884106,,-3.65971912797,-5.59945117192,,-0.127192224831,-4.57179280753,-3.28131942648,-4.10967317897,-1.50474587561,,,,,,,,0.492420381745,-4.1787871204,,1.53207079962,0.104319681434,,,-2.17237129685,-3.68116614082
OBES01,"SHISA4",ENSG00000198892,6.124025,-3.49196326843,-4.25963422431,,,1.353100409398988,,,,-3.15439039269,,,-3.42705178901,,,-1.20659876807,-0.894323667213,0.00251938881818,,,,1.21112941372,,-2.3158687202,-1.26503654125,,-2.93670827809,-4.23935640157,,-1.21997463607,-0.976091845775,-2.56817335053,-3.94052427344,-1.57742359112,,,,,,,,-0.212070033512,-3.95080166808,,0.606278917009,-0.451242474766,,,-2.67748061604,-2.5710264368
WAIS01,"SHISA4",ENSG00000198892,5.814203,-3.44755626838,-4.57193576139,,,1.4843349233435579,,,,-3.69979693385,,,-2.99594953076,,,-1.36787523158,-1.25916622859,-0.719039699928,,,,0.764860771221,,-1.68653809393,-0.845484016375,,-3.20692626005,-4.78416261556,,-0.942229623862,-1.69333146463,-3.05193288613,-3.94191961156,-1.73699726011,,,,,,,,-0.544647127075,-4.51787514482,,0.59271210334,-0.448726332911,,,-4.64708776393,-2.75350324068
WAIS02,"SHISA4",ENSG00000198892,6.019542,-3.33786302891,-4.26790231942,,,1.4303491150740772,,,,-3.25812729759,,,-2.84286810082,,,-1.21799953365,-1.11907768563,-0.691910183935,,,,0.817303740607,,-1.51734031366,-0.767355597351,,-2.90215654993,-4.41401808294,,-0.815907193676,-1.55272605425,-2.71666146334,-3.72026410479,-1.56527656716,,,,,,,,-0.38213713499,-4.14015993362,,0.570752434827,-0.417972796777,,,-4.17750836332,-2.52739077758
