code,target,ENSEMBL,association,Adipose_Subcutaneous,Adipose_Visceral_Omentum,Breast_Mammary_Tissue,Muscle_Skeletal,DGN_Whole_Blood,Whole_Blood,Artery_Aorta,Artery_Coronary,Artery_Tibial,Heart_Atrial_Appendage,Heart_Left_Ventricle,Spleen,Brain_Amygdala,Brain_Anterior_cingulate_cortex_BA24,Brain_Caudate_basal_ganglia,Brain_Nucleus_accumbens_basal_ganglia,Brain_Putamen_basal_ganglia,Brain_Cerebellar_Hemisphere,Brain_Cerebellum,Brain_Cortex,Brain_Frontal_Cortex_BA9,Brain_Hippocampus,Brain_Hypothalamus,Brain_Spinal_cord_cervical_c-1,Brain_Substantia_nigra,Nerve_Tibial,Cells_Transformed_fibroblasts,Cells_EBV-transformed_lymphocytes,Colon_Sigmoid,Colon_Transverse,Esophagus_Gastroesophageal_Junction,Esophagus_Mucosa,Esophagus_Muscularis,Liver,Minor_Salivary_Gland,Small_Intestine_Terminal_Ileum,Stomach,Adrenal_Gland,Pituitary,Pancreas,Thyroid,Lung,Ovary,Prostate,Testis,Uterus,Vagina,Skin_Not_Sun_Exposed_Suprapubic,Skin_Sun_Exposed_Lower_leg
BFPC04B,"COL16A1",ENSG00000084636,9.632458,-3.48759275693,,-0.618127831202,,,,,,,-0.872270660074,,,-0.967815386576,-0.524147106683,-0.398253751452,1.26224890787,0.964400061163,-1.01691025876,,-0.108130228898,0.688677488625,1.55662136231,-0.44960719254,0.979212073386,,,3.81100368265,,,,,0.800862758405,,,-1.29466599724,,,,,,0.826572581747,,,,,,,,0.229188884371
BFPC04M,"COL16A1",ENSG00000084636,6.583543,-3.22232675179,,0.805254578453,,,,,,,-0.477088634668,,,-0.407216964923,-0.428314288316,-0.309107450416,0.899220670392,0.393303769141,-0.520535559268,,-0.235672005783,0.416967541781,1.17733249472,-1.08918215686,1.23624906245,,,3.45197604311,,,,,0.555086441641,,,-0.641236493468,,,,,,0.800815328139,,,,,,,,-0.0312684156576
BFPC04,"COL16A1",ENSG00000084636,9.372993,-3.25607487004,,-0.91983581522,,,,,,,-0.895511197898,,,-1.10910454025,-0.475698347477,-0.354412288914,1.28084219678,1.06448553198,-1.03922259381,,-0.0362372747131,0.69627270037,1.56105298759,-0.20830061093,0.836849932095,,,3.65142624437,,,,,0.804116207945,,,-1.35615837795,,,,,,0.771880700713,,,,,,,,0.271387643689
BODY03,"COL16A1",ENSG00000084636,8.414224,-1.49163134076,,-1.23617388096,,,,,,,0.973393023959,,,0.915515704524,-0.196177908395,1.07351039851,2.00016734902,2.34139147798,-1.05649806193,,1.02612432499,2.5795488165,1.87044657017,0.808887858477,1.92974348535,,,3.26143747061,,,,,2.45619618501,,,0.0418817097623,,,,,,2.60942151748,,,,,,,,1.8047831361
BODY04,"COL16A1",ENSG00000084636,7.865982,-1.51748248389,,-1.4005178553,,,,,,,0.984684920965,,,1.09433271029,-0.153035143738,1.15962939315,2.01542586828,2.49582130839,-1.07677225395,,1.11270832688,2.66852996668,2.00643644491,0.870004597138,2.0882837033,,,3.36393220821,,,,,2.62721917831,,,0.0258259389064,,,,,,2.77947272098,,,,,,,,1.90108852487
BODY08B,"COL16A1",ENSG00000084636,12.152791,-3.34000487506,,0.137974666713,,,,,,,0.854374425577,,,0.518754975139,0.14577395087,1.01169964117,2.29325384776,2.19998545011,-1.01285372307,,1.05621947567,2.11061667071,2.6134617442,-0.0156875745089,2.35556197558,,,5.10829413298,,,,,2.48385780864,,,-1.47930436545,,,,,,2.58809589191,,,,,,,,1.93205053909
BODY08M,"COL16A1",ENSG00000084636,7.685122,-2.73041772498,,0.844955177486,,,,,,,1.18542161675,,,0.168759778165,0.233291914455,0.79713602827,1.87128322159,1.24881328641,-0.692185684961,,0.878751072715,1.58813335855,1.92199118411,-0.664047523312,2.13282462137,,,3.97899589187,,,,,1.97121242145,,,-1.22875684547,,,,,,2.05678869461,,,,,,,,1.49240423049
BODY08,"COL16A1",ENSG00000084636,11.861950,-3.22747054468,,-0.0529427688104,,,,,,,0.694516580889,,,0.579008603404,0.204756405765,1.03998122302,2.24904657084,2.29015047081,-0.941148386888,,1.05786997113,2.06610978108,2.63105171389,0.227348302513,2.21495936945,,,5.04016852817,,,,,2.4152770442,,,-1.4393113852,,,,,,2.52423212895,,,,,,,,1.86680207415
EDUC01,"COL16A1",ENSG00000084636,5.711952,3.78334562123,,1.68982901742,,,,,,,0.354436221142,,,-0.132854623361,1.49227587366,0.0686022291626,0.288735271829,-0.176012364575,-0.965125207974,,0.285974181518,-0.37510982223,-0.333613488746,0.679353394442,-0.0903173470835,,,-2.29398910065,,,,,-0.156957092874,,,-0.232778450582,,,,,,0.193831958005,,,,,,,,0.215608735152
EDUC03,"COL16A1",ENSG00000084636,12.387767,5.47179739887,,1.23185309182,,,,,,,0.980154403509,,,1.42386286272,3.18312165194,2.3257730375,2.33578749613,1.73764544827,0.489880754582,,2.00200788224,1.66553703435,1.691956361,3.14359205181,1.58476227451,,,-1.771899079,,,,,1.78467047118,,,-0.175393887729,,,,,,2.29361834426,,,,,,,,2.11782223476
FATM04B,"COL16A1",ENSG00000084636,12.808801,-3.61442242897,,-1.12496573127,,,,,,,-0.941732096859,,,-0.204163955111,-0.0090316255387,-0.0376620886027,1.68755864664,1.42143212394,-1.25240692141,,0.357630910393,1.31160704423,1.95701831413,-0.445721491055,1.92928990199,,,4.69582350765,,,,,1.49035654066,,,-2.91835318143,,,,,,1.68152122445,,,,,,,,0.798908012156
FATM04M,"COL16A1",ENSG00000084636,8.861192,-3.04661972583,,0.334647528299,,,,,,,-0.453894742533,,,0.0138591567451,-0.0299703890116,0.0236230235755,1.33011320848,0.747433757851,-0.579040889594,,0.328861029973,0.999005516834,1.56266855125,-0.988444408697,1.99335681685,,,3.97723070045,,,,,1.23616893448,,,-1.92656561667,,,,,,1.48920008322,,,,,,,,0.580744306696
FATM04,"COL16A1",ENSG00000084636,11.619879,-3.45618201366,,-1.42999461813,,,,,,,-0.986788596227,,,-0.284365273228,0.0515505389347,-0.0074819258521,1.67723974475,1.51152347152,-1.28797389384,,0.37479329274,1.28354365852,1.93963185931,-0.213841185108,1.76093867537,,,4.55268429106,,,,,1.43869701313,,,-2.95187532039,,,,,,1.60470330333,,,,,,,,0.78074306001
INTE02,"COL16A1",ENSG00000084636,5.719854,-1.39193301873,,-0.610018328823,,,,,,,-0.813737128274,,,0.0201362286007,0.233062593626,-0.432667558114,0.0108077720943,-0.508866341856,-1.2144978982,,0.241984626815,-0.19290181996,-0.229295221972,0.762326662956,-0.290215922257,,,0.0630089492664,,,,,-0.599894030321,,,1.03735287363,,,,,,0.0737438331764,,,,,,,,-0.497360914799
LEAN04B,"COL16A1",ENSG00000084636,6.558509,-1.99946557234,,-0.0878041211881,,,,,,,-0.167480015279,,,-0.213842736189,-0.648992744412,-0.132733806462,0.84255196952,0.77711510624,-1.84180643069,,0.316461345909,1.00862007485,0.914809037501,-0.638569626442,1.42100299266,,,2.92957124306,,,,,0.939730939329,,,-2.82386832957,,,,,,1.25464550859,,,,,,,,0.677362737922
LEAN04,"COL16A1",ENSG00000084636,6.381157,-1.9805235396,,0.169160768479,,,,,,,-0.525295057806,,,0.0192620799907,-0.721883317116,-0.135377427784,0.746397868636,0.428313595231,-1.69294607388,,0.400484451156,0.873429319505,0.789530112584,-0.860282473523,1.33380340412,,,2.4894473228,,,,,0.733179884906,,,-3.32126435329,,,,,,1.11547580706,,,,,,,,0.490564493001
LEAN05B,"COL16A1",ENSG00000084636,6.494118,-2.09811593204,,0.00456312630759,,,,,,,-0.166479859134,,,-0.10289445594,-0.481852105337,-0.0496449882374,0.948596272735,0.890611121621,-1.75094177056,,0.439071643726,1.06438737462,1.08231967699,-0.46599727272,1.56369326443,,,2.95051156757,,,,,1.04043725296,,,-2.91175819409,,,,,,1.35760957235,,,,,,,,0.804050876486
LEAN05,"COL16A1",ENSG00000084636,6.460234,-2.07938228999,,0.212098213437,,,,,,,-0.525834566986,,,0.113223372947,-0.604916935394,-0.0758997172023,0.822406191302,0.516380126564,-1.62077736802,,0.489293562369,0.925390024761,0.906581525113,-0.73645421172,1.4382629156,,,2.52695240548,,,,,0.81217948823,,,-3.35081248982,,,,,,1.19530706894,,,,,,,,0.579895478459
LEAN06B,"COL16A1",ENSG00000084636,14.913533,-1.16181715317,,-1.39055958681,,,,,,,-0.297638364196,,,1.04385731337,1.02284923902,0.587995284816,1.43998536283,1.82690455279,-1.52675217259,,1.04065383785,1.63319945805,1.71868063963,0.0900948155876,2.69068184012,,,3.62431462073,,,,,1.81683986762,,,-5.33232792738,,,,,,2.43519307526,,,,,,,,1.28918937087
LEAN06F,"COL16A1",ENSG00000084636,7.066761,-0.786413443729,,-1.53422982935,,,,,,,-0.345651751825,,,0.821785457843,0.817875025668,0.314184816896,0.858190955843,1.54615474521,-1.17194526655,,0.598525518719,1.01334699643,1.24342773237,0.260119453435,1.84780931876,,,2.74965747068,,,,,1.13321002833,,,-3.95572486427,,,,,,1.71203194447,,,,,,,,0.761038739345
LEAN06M,"COL16A1",ENSG00000084636,10.232295,-1.03206944751,,-0.306921551934,,,,,,,-0.0399306865799,,,0.74668688908,0.710115010774,0.652233250979,1.4616938673,1.14059583926,-1.14324096711,,1.09018800967,1.59603348205,1.40137125313,-0.233940882936,2.3482908581,,,2.75939062566,,,,,1.76609163192,,,-4.18943721562,,,,,,2.06366623511,,,,,,,,1.32066716141
LEAN06,"COL16A1",ENSG00000084636,14.905669,-1.26690802086,,-1.08187721596,,,,,,,-0.278712417056,,,1.1248534916,1.10538427077,0.709306839892,1.60305815687,1.69313155176,-1.42718138717,,1.20361789152,1.76973516634,1.78644263416,0.0161328829767,2.80544731698,,,3.62091191126,,,,,1.9684362265,,,-5.44006643732,,,,,,2.52276984505,,,,,,,,1.3923226803
