code,target,ENSEMBL,association,Adipose_Subcutaneous,Adipose_Visceral_Omentum,Breast_Mammary_Tissue,Muscle_Skeletal,DGN_Whole_Blood,Whole_Blood,Artery_Aorta,Artery_Coronary,Artery_Tibial,Heart_Atrial_Appendage,Heart_Left_Ventricle,Spleen,Brain_Amygdala,Brain_Anterior_cingulate_cortex_BA24,Brain_Caudate_basal_ganglia,Brain_Nucleus_accumbens_basal_ganglia,Brain_Putamen_basal_ganglia,Brain_Cerebellar_Hemisphere,Brain_Cerebellum,Brain_Cortex,Brain_Frontal_Cortex_BA9,Brain_Hippocampus,Brain_Hypothalamus,Brain_Spinal_cord_cervical_c-1,Brain_Substantia_nigra,Nerve_Tibial,Cells_Transformed_fibroblasts,Cells_EBV-transformed_lymphocytes,Colon_Sigmoid,Colon_Transverse,Esophagus_Gastroesophageal_Junction,Esophagus_Mucosa,Esophagus_Muscularis,Liver,Minor_Salivary_Gland,Small_Intestine_Terminal_Ileum,Stomach,Adrenal_Gland,Pituitary,Pancreas,Thyroid,Lung,Ovary,Prostate,Testis,Uterus,Vagina,Skin_Not_Sun_Exposed_Suprapubic,Skin_Sun_Exposed_Lower_leg
BFPC02B,"CMTM3",ENSG00000140931,7.371356,-1.59755455549,-0.530944340091,,,-0.36829491328103453,-0.718277873367,-0.143387734787,-2.83089108563,,,,-1.14580255549,,,,,,,,,,,,,,,-1.36297901358,,,0.0169399184226,,-0.794398224424,-1.80071434465,,,,-0.443581901747,-0.870913706201,,,-1.18588629313,-0.479274912753,,,,,,-0.975766470601,-0.760445598187
BFPC02M,"CMTM3",ENSG00000140931,6.206797,-1.80716490364,-0.742218714161,,,-0.6487212106780247,-0.942806435667,-0.83385139939,-2.72934663126,,,,-1.29045064878,,,,,,,,,,,,,,,-1.47330114696,,,-0.440145958228,,-1.0185890976,-1.76252075513,,,,-0.846173446993,-1.11145336656,,,-1.58958296869,-0.598736916456,,,,,,-0.932095367517,-1.11220259633
BFPC02,"CMTM3",ENSG00000140931,7.343528,-1.41943559577,-0.440588993655,,,-0.3222899855433116,-0.671528701928,0.0680418406725,-2.70025289642,,,,-1.02938214267,,,,,,,,,,,,,,,-1.23735136147,,,0.0453062723288,,-0.710945909907,-1.64774145677,,,,-0.331178054046,-0.763291716182,,,-0.99538995971,-0.438071310358,,,,,,-0.901947299211,-0.667729097144
BFPC03B,"CMTM3",ENSG00000140931,8.385177,-1.60016430074,-0.570444291204,,,-0.35028249979150144,-0.700335795768,0.0324123838803,-2.79967689955,,,,-1.17470503477,,,,,,,,,,,,,,,-1.38018511778,,,0.105392035542,,-0.775939890094,-1.71162428974,,,,-0.583865719523,-0.848135630695,,,-1.24431952851,-0.443155113809,,,,,,-0.993347709926,-0.801149818127
BFPC03M,"CMTM3",ENSG00000140931,6.292694,-1.82577550292,-0.765292900421,,,-0.6914117621417791,-0.984365560161,-0.786257870682,-2.72298541152,,,,-1.31705301118,,,,,,,,,,,,,,,-1.50315134881,,,-0.479769997752,,-1.04107853751,-1.78091771382,,,,-0.85371819305,-1.1319117832,,,-1.64750087668,-0.632220439056,,,,,,-0.950769733529,-1.13341421831
BFPC03,"CMTM3",ENSG00000140931,7.494755,-1.41804998788,-0.483481202424,,,-0.2875572127661287,-0.637380543341,0.271871675418,-2.66412312675,,,,-1.0548020031,,,,,,,,,,,,,,,-1.24743943125,,,0.162902857486,,-0.680098781207,-1.53488155508,,,,-0.486991639808,-0.732930968499,,,-1.04225624421,-0.384589829001,,,,,,-0.917913706165,-0.70790581596
FATM02B,"CMTM3",ENSG00000140931,6.167881,-1.38874818059,-0.421170261198,,,-0.14836176630208625,-0.593488667826,-0.0944556153897,-2.95734053431,,,,-0.936871443236,,,,,,,,,,,,,,,-1.10166464078,,,0.244499448936,,-0.304842605392,-1.34462209177,,,,-0.662201678634,-0.818286240603,,,-1.04819795683,-0.509267752841,,,,,,-0.5644935809,-0.826894490787
FATM02M,"CMTM3",ENSG00000140931,5.918149,-1.43524937564,-0.335540763788,,,-0.19905231127412212,-0.603311093769,-0.61652752221,-2.71959483738,,,,-0.832704892167,,,,,,,,,,,,,,,-0.974330595358,,,-0.0455411783239,,-0.21953858908,-1.05076618762,,,,-1.03382920309,-1.05662146561,,,-1.27027354847,-0.468987597058,,,,,,-0.193046677427,-1.16669146089
FATM02,"CMTM3",ENSG00000140931,5.803769,-1.24616665094,-0.410662435368,,,-0.16359429033367964,-0.594624494559,0.092501834923,-2.82860918465,,,,-0.888242154435,,,,,,,,,,,,,,,-1.04775098068,,,0.220356187222,,-0.335654835759,-1.2951381611,,,,-0.528070948084,-0.724410655747,,,-0.909840558387,-0.504429944299,,,,,,-0.603240621206,-0.703139654941
FATM03B,"CMTM3",ENSG00000140931,7.015441,-1.37446931803,-0.408790307013,,,-0.09749957354142694,-0.538723850525,0.0850444679681,-2.90814306779,,,,-0.910830549051,,,,,,,,,,,,,,,-1.06765129481,,,0.324873296248,,-0.280827822896,-1.24308562172,,,,-0.775628518242,-0.789198243897,,,-1.05533376767,-0.456695757422,,,,,,-0.539913213583,-0.838901994072
FATM03M,"CMTM3",ENSG00000140931,6.186466,-1.43277358871,-0.339317460241,,,-0.2213146198476694,-0.624320380586,-0.566127563588,-2.71750467255,,,,-0.834697499927,,,,,,,,,,,,,,,-0.979750678323,,,-0.0722955821573,,-0.23011051902,-1.05201658068,,,,-1.03764300261,-1.07557645252,,,-1.31456963528,-0.490687316419,,,,,,-0.180734641177,-1.15539676652
FATM03,"CMTM3",ENSG00000140931,5.662142,-1.23509452616,-0.398874495454,,,-0.09701406339278608,-0.524001928574,0.296368495539,-2.77214663267,,,,-0.857122317886,,,,,,,,,,,,,,,-1.00639242044,,,0.32357427816,,-0.302440256362,-1.17585109057,,,,-0.658379107567,-0.68501812072,,,-0.903162010032,-0.437256338589,,,,,,-0.579548415995,-0.723263051666
