code,target,ENSEMBL,association,Adipose_Subcutaneous,Adipose_Visceral_Omentum,Breast_Mammary_Tissue,Muscle_Skeletal,DGN_Whole_Blood,Whole_Blood,Artery_Aorta,Artery_Coronary,Artery_Tibial,Heart_Atrial_Appendage,Heart_Left_Ventricle,Spleen,Brain_Amygdala,Brain_Anterior_cingulate_cortex_BA24,Brain_Caudate_basal_ganglia,Brain_Nucleus_accumbens_basal_ganglia,Brain_Putamen_basal_ganglia,Brain_Cerebellar_Hemisphere,Brain_Cerebellum,Brain_Cortex,Brain_Frontal_Cortex_BA9,Brain_Hippocampus,Brain_Hypothalamus,Brain_Spinal_cord_cervical_c-1,Brain_Substantia_nigra,Nerve_Tibial,Cells_Transformed_fibroblasts,Cells_EBV-transformed_lymphocytes,Colon_Sigmoid,Colon_Transverse,Esophagus_Gastroesophageal_Junction,Esophagus_Mucosa,Esophagus_Muscularis,Liver,Minor_Salivary_Gland,Small_Intestine_Terminal_Ileum,Stomach,Adrenal_Gland,Pituitary,Pancreas,Thyroid,Lung,Ovary,Prostate,Testis,Uterus,Vagina,Skin_Not_Sun_Exposed_Suprapubic,Skin_Sun_Exposed_Lower_leg
BLOO05,"TMEM150C",ENSG00000249242,15.004053,,6.30111545704,,7.43747883238,-0.14020582248843055,,,,1.66739081267,,9.14814141822,2.04397547403,,,-1.14800589791,,,,,-2.18335285195,,,,,,,1.79139757321,,,,4.83762291848,-1.90146251732,7.5880694903,,,,,-0.502664317926,5.76133019336,6.72147098862,9.01996332282,-0.462638692647,,,,,-0.374760395313,4.36472458022,
BLOO07,"TMEM150C",ENSG00000249242,18.286736,,8.36942055466,,10.1453474912,0.8911823704691795,,,,2.91316521976,,12.139501167,1.57995976982,,,0.0896745311328,,,,,-2.73715896909,,,,,,,2.89507262439,,,,8.1768589806,-0.185519179443,10.1939017646,,,,,-1.12885522863,7.98560435448,10.1728587928,12.0448944852,-0.189843872556,,,,,0.297655365682,5.58883420341,
BLOO08,"TMEM150C",ENSG00000249242,5.071942,,3.07396964878,,4.54514335954,-0.839359221827161,,,,0.187787723125,,5.25169480159,2.92822175381,,,0.047673217047,,,,,-0.0225577520218,,,,,,,1.81869648321,,,,3.76754860168,0.679333492166,4.43930758362,,,,,1.34504080808,4.18569589056,3.68048638073,4.94655802461,-0.201686485183,,,,,0.229095846627,1.35930376546,
BLOO09,"TMEM150C",ENSG00000249242,2.924307,,3.00893889151,,4.61534155531,1.5126580994230487,,,,-0.280438424795,,5.49782817948,1.55112209126,,,-1.02730553207,,,,,-0.505419718072,,,,,,,0.0484697589103,,,,1.78684648695,-0.620246393779,4.26869681129,,,,,-0.0504365090917,4.40610261558,2.77829263366,5.11134646579,-0.0233732872985,,,,,-1.00859098753,1.97293352686,
BLOO10,"TMEM150C",ENSG00000249242,4.615862,,3.53450432085,,5.24798424736,1.4939093381101944,,,,-0.108908507092,,6.30552325162,1.83017472777,,,-1.04077811827,,,,,-0.706932427944,,,,,,,0.27734382519,,,,2.17849577298,-0.990012754311,4.87367443519,,,,,-0.110031360834,4.92462490061,3.48147865671,5.87945082765,-0.22228736828,,,,,-0.962754241078,2.32875957558,
BLOO11,"TMEM150C",ENSG00000249242,10.136059,,4.96678879589,,6.07282369735,1.507908655288592,,,,1.17156246647,,7.58652303956,2.91669120373,,,1.55162992362,,,,,-1.07586572276,,,,,,,1.61802523967,,,,4.54164427245,-0.036870760939,5.71183737846,,,,,0.57701613449,6.71323665916,6.81509001902,8.52125995496,-0.188648217525,,,,,0.541278483525,2.49827924832,
BLOO12,"TMEM150C",ENSG00000249242,8.715524,,4.7518508011,,6.54332445348,1.5496545417769416,,,,0.438027068321,,7.9044682935,2.47994851061,,,-0.330784839986,,,,,-0.878714171218,,,,,,,0.576029437471,,,,3.38430099557,-0.581993604025,6.17600866738,,,,,0.293100408282,6.3973167833,5.32716284888,7.88613467962,0.00433034951941,,,,,-0.667967922925,2.93722443394,
BLOO16,"TMEM150C",ENSG00000249242,17.137284,,8.22598186245,,10.0476270837,0.5443678715046518,,,,2.80196618922,,12.0136835786,1.94192603485,,,0.25980032237,,,,,-2.34302393692,,,,,,,3.03279487393,,,,8.06990207715,-0.220655942155,10.1705646172,,,,,-0.719600991869,7.86529314238,9.87326670229,11.8371234236,0.00543240009226,,,,,0.211917264876,5.53986188592,
BLOO17,"TMEM150C",ENSG00000249242,14.252518,,7.02133292253,,8.28407846106,0.4042604899208506,,,,2.9144289135,,9.76073407324,0.594741307874,,,0.150281347512,,,,,-2.62767469027,,,,,,,2.67312940765,,,,7.2974585339,0.0201012888134,8.38523770277,,,,,-1.31892396172,5.93754693551,8.77570306111,9.74653706489,-0.14011647405,,,,,0.808238547947,4.70964407365,
BLOO18,"TMEM150C",ENSG00000249242,14.549936,,6.96007617132,,8.07494111563,0.09029140565981582,,,,2.96294059844,,9.62586596976,0.698722896269,,,0.431161385641,,,,,-2.47293588877,,,,,,,2.8735260847,,,,7.26389193234,0.344153619045,8.23196588328,,,,,-0.991800272379,5.83520595061,8.76897228786,9.79702479007,0.133221251292,,,,,0.99228102307,4.72325796213,
BLOO30,"TMEM150C",ENSG00000249242,2.709832,,3.1181247309,,4.58459445831,1.467558731107978,,,,-0.336536601055,,5.43276900077,1.39608121545,,,-1.15228245511,,,,,-0.685375808791,,,,,,,0.00421855326078,,,,1.74448287368,-0.742661464021,4.24090322537,,,,,-0.237737445777,4.37937716922,2.71893372047,5.00981570601,-0.219803345375,,,,,-1.09081800657,1.99311794775,
BLOO31,"TMEM150C",ENSG00000249242,13.606899,,-6.63133352469,,-7.68214550586,0.3806915480947049,,,,-2.86498181524,,-9.13952009037,-1.03886136256,,,-0.703997312241,,,,,2.0735448866,,,,,,,-3.0606243608,,,,-7.11705875289,-0.319957794996,-7.92330900373,,,,,0.526978657458,-5.59722995317,-8.31904547198,-9.22503965545,-0.261372404169,,,,,-0.846265198457,-4.44156842234,
BLOO32,"TMEM150C",ENSG00000249242,1.635505,,-2.70391672637,,-2.80946008671,0.4858373540153711,,,,-1.5515455789,,-3.52576533944,-1.23735549623,,,-1.76102028199,,,,,0.711284121555,,,,,,,-2.02237128828,,,,-3.57860742803,-0.49626350103,-2.87133315613,,,,,-0.124624715046,-2.38979300172,-4.78098449803,-4.34495754574,0.162383833671,,,,,-1.3669869584,-1.38213591121,
