code,target,ENSEMBL,association,Adipose_Subcutaneous,Adipose_Visceral_Omentum,Breast_Mammary_Tissue,Muscle_Skeletal,DGN_Whole_Blood,Whole_Blood,Artery_Aorta,Artery_Coronary,Artery_Tibial,Heart_Atrial_Appendage,Heart_Left_Ventricle,Spleen,Brain_Amygdala,Brain_Anterior_cingulate_cortex_BA24,Brain_Caudate_basal_ganglia,Brain_Nucleus_accumbens_basal_ganglia,Brain_Putamen_basal_ganglia,Brain_Cerebellar_Hemisphere,Brain_Cerebellum,Brain_Cortex,Brain_Frontal_Cortex_BA9,Brain_Hippocampus,Brain_Hypothalamus,Brain_Spinal_cord_cervical_c-1,Brain_Substantia_nigra,Nerve_Tibial,Cells_Transformed_fibroblasts,Cells_EBV-transformed_lymphocytes,Colon_Sigmoid,Colon_Transverse,Esophagus_Gastroesophageal_Junction,Esophagus_Mucosa,Esophagus_Muscularis,Liver,Minor_Salivary_Gland,Small_Intestine_Terminal_Ileum,Stomach,Adrenal_Gland,Pituitary,Pancreas,Thyroid,Lung,Ovary,Prostate,Testis,Uterus,Vagina,Skin_Not_Sun_Exposed_Suprapubic,Skin_Sun_Exposed_Lower_leg
BFPC04B,"L3MBTL2",ENSG00000100395,3.802885,,0.985101163511,,1.18104116798,3.4918039770859,3.0210959888,1.01579015622,,-1.46896740816,,4.46646826356,,,3.97517061409,3.4759333997,1.3514397597,,,3.24600817513,2.7654432498,1.96888034459,,,,,,,,,,,4.2636731163,,3.44799636021,,3.83094200726,,,4.74427074911,,,,,,,,,3.81290982437,3.14297600611
BLOO07,"L3MBTL2",ENSG00000100395,7.464099,,-0.587942702659,,2.15578895816,-0.37764258842311677,-1.67035258672,6.01440306406,,5.42187258843,,2.38822546162,,,1.66369762218,-0.690267609059,-6.48211680116,,,-0.135842046287,3.05948253125,-0.257275826922,,,,,,,,,,,1.1608041341,,-0.134698379913,,-4.29537643471,,,1.05461192022,,,,,,,,,1.21335823518,-0.726311233259
BLOO16,"L3MBTL2",ENSG00000100395,6.216840,,-0.212664202187,,2.36216357638,0.10804271058292729,-1.08581589804,6.16527775474,,5.14477995478,,2.89739003606,,,2.35754335597,-0.0407621271013,-5.92407685383,,,0.459351602448,3.02687306899,0.498399648507,,,,,,,,,,,1.82273846208,,0.6670582625,,-3.99773400553,,,1.85483300234,,,,,,,,,2.00884873514,-0.259462885174
BLOO17,"L3MBTL2",ENSG00000100395,7.177590,,-0.837199490082,,2.65735037769,0.2968736198188479,-1.04131747414,5.9335528724,,5.09057083724,,2.07944472674,,,1.98432470935,-0.21508718037,-6.15202082104,,,0.248789032075,3.68791533048,0.23769753628,,,,,,,,,,,1.70945026621,,0.193720381077,,-3.39089384446,,,1.46238973668,,,,,,,,,1.33666554968,-0.0198973156646
BLOO18,"L3MBTL2",ENSG00000100395,7.172327,,-0.514801792072,,2.79181967351,0.0757899049134099,-1.18201692986,6.38924375565,,5.43811694546,,2.22365877101,,,2.02086945974,-0.266104277098,-6.43476627347,,,0.172877053278,3.50502702537,0.343618116136,,,,,,,,,,,1.7952054108,,0.108165462053,,-3.41892929639,,,1.63713045053,,,,,,,,,1.74744864076,-0.10614918754
BLOO31,"L3MBTL2",ENSG00000100395,8.008234,,0.355516188171,,-2.86292412938,-0.3512687274700726,0.88473064281,-6.58088046199,,-5.30296859012,,-2.54435432521,,,-2.37454072988,-0.102124724891,6.06292913602,,,-0.458364634415,-3.27925589429,-0.901657049713,,,,,,,,,,,-2.21744778769,,-0.595909961944,,3.28690779912,,,-2.11034458578,,,,,,,,,-2.21274230891,-0.15661703819
BLOO35,"L3MBTL2",ENSG00000100395,4.226901,,1.75341226728,,0.445752427487,1.4243988181807172,2.34011133366,-4.90718977973,,-3.90152568453,,-1.59934543289,,,0.0187037138794,1.38194054579,4.34546783505,,,1.25704930259,0.678523405867,-0.0125412419954,,,,,,,,,,,0.228196455176,,0.944133550196,,2.93555181467,,,0.0166563503616,,,,,,,,,-0.0725192736591,1.33437424097
BODY08B,"L3MBTL2",ENSG00000100395,3.629728,,3.07120949273,,1.21085579942,3.710134321450068,3.83502310808,-2.4479307301,,-3.31514636334,,2.09892009109,,,2.4033266581,3.34481301891,3.12746841559,,,3.12242522814,2.96345935409,1.08559511878,,,,,,,,,,,2.81665664555,,2.92436206767,,6.13021887021,,,3.41883944036,,,,,,,,,2.13291295671,3.36239264061
BODY08,"L3MBTL2",ENSG00000100395,3.713993,,2.96661925566,,0.984471993493,3.6347362058843853,3.81646748777,-2.13678539748,,-3.12284631505,,2.32021444121,,,2.52221996811,3.37190796319,2.96656908714,,,3.10378451457,2.8971486345,1.24419029602,,,,,,,,,,,2.93681255526,,3.00546238062,,6.06581153892,,,3.40885273569,,,,,,,,,2.29228077802,3.31680022075
DEPR01,"L3MBTL2",ENSG00000100395,7.715051,,-0.0949363396448,,0.558503495101,1.3171904159897523,0.415407362195,5.55396856691,,3.92250440046,,2.68236404097,,,2.27753717333,1.47441697066,-3.26397742267,,,2.11200155207,2.30364537758,2.38744854639,,,,,,,,,,,2.45704624512,,1.20248403696,,-0.792216702032,,,2.17022091418,,,,,,,,,4.22924731804,1.69600168066
NEUR02B,"L3MBTL2",ENSG00000100395,7.887227,,-0.122828146201,,1.39675476867,3.1485185040464674,2.77778604648,2.89316212411,,2.03866485831,,3.44914542613,,,5.11567366994,4.00254789273,-0.114890339058,,,4.58358972847,3.96614043063,3.98176716902,,,,,,,,,,,4.93818963057,,4.23168414597,,1.70885384233,,,3.88096069319,,,,,,,,,3.92142234579,4.00453724229
NEUR02M,"L3MBTL2",ENSG00000100395,5.850104,,1.28680761901,,1.01232849369,1.4475312961297773,2.14838257993,3.13385073008,,2.17897321385,,2.88556570466,,,4.13246497911,3.182439657,-0.49778703193,,,3.60166544868,3.02683164247,3.46162351114,,,,,,,,,,,4.00291473106,,3.43666548746,,1.27401511389,,,2.71574881422,,,,,,,,,3.56101112155,3.15795807626
OSTE04,"L3MBTL2",ENSG00000100395,6.539222,,-0.672572619875,,0.492044522791,-1.5947455121058882,-2.64030585171,5.44812487638,,4.0727953389,,0.0873477754481,,,-0.0144886915606,-1.68184389595,-4.42769932158,,,-1.43445235382,-0.914430570553,0.627923513322,,,,,,,,,,,-0.171807145289,,-1.82202311866,,-3.07707110923,,,-0.490224727186,,,,,,,,,0.476536122327,-1.51626858
SCBP01,"L3MBTL2",ENSG00000100395,3.995249,,-0.816333382742,,2.5529757727,-1.4117822821757566,-2.25667114721,5.11029386943,,4.2155227432,,0.00465163548657,,,0.441692319269,0.158098868002,-2.0646242703,,,1.88345999524,-0.504537991157,0.301835859585,,,,,,,,,,,-1.8711810112,,-0.0336925486395,,-2.05435219623,,,-1.43804424806,,,,,,,,,1.56351563257,1.09406992335
SCHI01,"L3MBTL2",ENSG00000100395,9.017688,,-1.70508299981,,3.50856790407,2.042344162839624,1.94545485311,4.46733083768,,3.60151232936,,2.40058515016,,,4.07032500481,2.56732254067,-1.61117651591,,,3.20733576224,2.812287888,3.8818609263,,,,,,,,,,,3.14448819465,,3.45870906001,,-0.463554298853,,,0.941375175734,,,,,,,,,3.17730205614,3.04814778744
SCHI02F,"L3MBTL2",ENSG00000100395,6.575707,,0.689750849233,,2.09051181272,2.131863045420995,1.87465707085,3.82206085335,,2.74590081842,,1.4574037503,,,3.10527987564,2.36201418948,-1.4055799574,,,3.00538938208,2.85522707121,3.80466315463,,,,,,,,,,,3.13966446351,,3.10217367936,,0.0897805466725,,,1.29862425702,,,,,,,,,3.31841777039,3.17657813512
SCHI02,"L3MBTL2",ENSG00000100395,10.052277,,-2.06197312891,,3.50567958998,1.8987839127137809,1.77297142063,4.75805234608,,3.92483455357,,2.23012122524,,,4.02886294859,2.45447021018,-1.99184301005,,,3.01748276151,2.69440987473,3.64839782456,,,,,,,,,,,3.15155574773,,3.24947165965,,-0.637733565878,,,0.651160019047,,,,,,,,,3.10170727009,2.88703337335
