code,target,ENSEMBL,association,Adipose_Subcutaneous,Adipose_Visceral_Omentum,Breast_Mammary_Tissue,Muscle_Skeletal,DGN_Whole_Blood,Whole_Blood,Artery_Aorta,Artery_Coronary,Artery_Tibial,Heart_Atrial_Appendage,Heart_Left_Ventricle,Spleen,Brain_Amygdala,Brain_Anterior_cingulate_cortex_BA24,Brain_Caudate_basal_ganglia,Brain_Nucleus_accumbens_basal_ganglia,Brain_Putamen_basal_ganglia,Brain_Cerebellar_Hemisphere,Brain_Cerebellum,Brain_Cortex,Brain_Frontal_Cortex_BA9,Brain_Hippocampus,Brain_Hypothalamus,Brain_Spinal_cord_cervical_c-1,Brain_Substantia_nigra,Nerve_Tibial,Cells_Transformed_fibroblasts,Cells_EBV-transformed_lymphocytes,Colon_Sigmoid,Colon_Transverse,Esophagus_Gastroesophageal_Junction,Esophagus_Mucosa,Esophagus_Muscularis,Liver,Minor_Salivary_Gland,Small_Intestine_Terminal_Ileum,Stomach,Adrenal_Gland,Pituitary,Pancreas,Thyroid,Lung,Ovary,Prostate,Testis,Uterus,Vagina,Skin_Not_Sun_Exposed_Suprapubic,Skin_Sun_Exposed_Lower_leg
BFPC04B,"CYP21A2",ENSG00000231852,11.056649,4.3847524776,,2.0596884321,1.90158546662,5.218159596846826,1.20578023583,2.36850761183,,4.7860714143,2.93623061419,,,,,,,,2.22085324555,1.83035208158,1.70110153517,,,4.47962640532,,,5.79807649729,-0.423814864632,,5.5369571447,1.75894524913,3.74027245119,-0.457761118061,5.54324613145,1.33537030821,,4.00489673343,2.11539552203,,3.38811730436,,2.71347257839,2.74259652712,2.76275214679,2.77927958649,2.65872953174,,,2.08311938873,1.69845686479
BFPC04M,"CYP21A2",ENSG00000231852,9.044091,3.90731678611,,2.83512315268,1.54783699521,5.0401093887424615,0.30780960356,1.63249685754,,3.40009819457,3.77940665539,,,,,,,,2.51323811692,1.25785257014,1.11471718638,,,5.14801340867,,,5.89909015919,-1.45338868737,,5.12863162689,2.79347646495,3.26984752686,-0.167024406927,5.5314347225,2.30278440946,,4.03749285202,1.64526342402,,3.18352134039,,3.65188840789,3.21233567958,2.761104685,3.03053308543,2.11616912247,,,1.70099251475,0.808484027403
BFPC04,"CYP21A2",ENSG00000231852,10.814033,4.26858782586,,1.75366297742,2.00648983338,5.029141290504353,1.43843408981,2.48965442,,4.91456069585,2.60645325459,,,,,,,,2.09907586796,1.98229377616,1.79215980157,,,4.06872338772,,,5.43456601778,-0.0483804523794,,5.29638703505,1.35513334455,3.57079111102,-0.482543240412,5.21385749264,0.981310752751,,3.70636614766,2.13699374415,,3.27415256399,,2.26008766461,2.52591906229,2.61149230597,2.56745575901,2.71148391808,,,2.11790350942,1.93751811974
BLOO01,"CYP21A2",ENSG00000231852,7.827251,2.45036186664,,-6.93139182477,-1.78415945622,-6.83630164920473,-3.60558540824,-1.26844237882,,-0.392192068954,,,,,,,,,-7.95477325639,-8.38187682508,-3.55647871149,,,,,,-3.96788970454,-7.30339839186,,1.75900317019,0.551430366007,0.975760445816,-5.72944248328,3.2896924722,-6.07027616063,,5.11959028244,-1.61489796258,,-1.66848260348,,1.02453822563,-8.97901270218,0.621455430984,-7.28643493499,-6.96517608841,,,-7.22128517029,-6.80532347991
BLOO02,"CYP21A2",ENSG00000231852,4.450788,-1.5727750065,,-6.48151862915,-0.339534438424,-10.670222490491883,-9.07666757613,-6.19900118224,,-8.00882409325,,,,,,,,,-8.39189108885,-10.3840301559,-3.12927815136,,,,,,-7.65622661839,-8.57832451008,,0.259571262853,1.09946366594,1.69889988846,-1.55702286511,0.627219408225,-3.65200736798,,1.88700246811,2.37979095258,,-1.04328098973,,-0.46255857913,-8.41548494756,-1.87888646126,-6.14143517506,-11.2349681602,,,-9.63349114731,-8.93201875268
BLOO03,"CYP21A2",ENSG00000231852,3.967220,-7.16575201756,,-9.50866663225,0.976016385793,-10.451983034115091,-9.82749859127,-7.47959731433,,-11.0600827643,,,,,,,,,-10.6397053463,-9.45644005043,-5.8312060302,,,,,,-12.0215514946,-9.17464982797,,-2.6103113004,0.190080780219,-0.000395127029354,-3.99238284347,0.341893843222,-6.15987666813,,-3.42775249481,1.01040311444,,-5.45035910246,,-2.8177244467,-7.79685559684,-2.12185406685,-9.2157285653,-11.4198531657,,,-10.7345660768,-10.205471412
BLOO04,"CYP21A2",ENSG00000231852,8.309476,-5.53908068013,,-9.78556173667,-2.64905075293,-12.032440162523104,-12.7163015424,-9.04848335305,,-11.2607268596,,,,,,,,,-12.1564905977,-10.4035573305,-5.11578333475,,,,,,-11.599008155,-12.7060813755,,0.0956222022413,-0.0203353589809,0.518478031686,-4.07644293894,3.20386010197,-5.46121939455,,-5.36816883087,3.10885502362,,-3.10756326124,,3.01325010212,-8.79430409279,1.29129910469,-9.6655835761,-13.6268546226,,,-12.2646410873,-11.7599192656
BLOO05,"CYP21A2",ENSG00000231852,10.741506,-3.36888546532,,-3.66022784302,-4.88392438285,-10.688868380532488,-11.1857336578,-9.18334703373,,-7.60495724133,,,,,,,,,-10.684982643,-8.91508079256,-1.99503322981,,,,,,-11.4211327092,-14.1910282134,,-0.755707588045,9.03912644703,4.0594488772,-2.79726036477,4.83623832256,-4.04676969551,,2.24668765068,-10.4690262358,,-5.62779357191,,3.56162950432,-8.37639478849,2.93681669235,-6.04813148595,-12.5589919212,,,-10.1445516383,-11.1936504512
BLOO06,"CYP21A2",ENSG00000231852,14.901876,5.85187394659,,3.11173038424,-7.16257787295,-10.139522142988618,-9.53234009882,-8.10087348413,,-6.28677679385,,,,,,,,,-5.78558346542,-3.73515161988,3.85452790555,,,,,,-2.17026424902,-10.4946633704,,2.42558152915,4.8674556639,1.32749999133,0.00496448633231,2.73032487217,0.911944399327,,3.0645468235,-5.83253462454,,2.07690435622,,7.79145379443,-4.26318744046,2.48624229431,0.838999502327,-10.3439161568,,,-8.28251327847,-7.83855674772
BLOO07,"CYP21A2",ENSG00000231852,17.821570,3.92154745682,,-5.97265421568,-6.68378187027,-11.941367968459241,-11.8610262143,-3.82241035657,,-10.9239411145,,,,,,,,,-8.81738696005,-6.59558154776,3.98857716847,,,,,,-4.12136751486,-10.0494223932,,-3.80461157819,4.33706426748,2.24992989586,-5.63664892917,3.72527684112,-1.84219249197,,-2.42543625832,-3.98069247795,,2.61628225474,,2.7315933071,-8.82871609917,-1.26575732231,-7.5218944194,-12.2036896223,,,-12.2236229065,-9.26141425311
BLOO08,"CYP21A2",ENSG00000231852,5.102708,1.43384952286,,0.188934616017,-3.16367934061,-6.52558036575417,-6.76193776815,-4.05922648297,,-4.38347778311,,,,,,,,,-4.21237257729,-4.48266795133,0.798281756651,,,,,,-2.93445967691,-7.38252229571,,2.43183666325,3.33799157088,1.4524445444,-0.210345138104,3.61943341944,-0.629080274215,,0.669933795929,-2.85445692097,,1.13481355803,,0.265583536157,-4.14956286301,0.0825617685914,-0.705090746251,-6.89613130806,,,-5.12014986533,-5.52452880662
BLOO09,"CYP21A2",ENSG00000231852,18.650878,5.92526410433,,2.41180554576,-7.58932554421,-11.161787337781231,-10.6458401646,-8.58934558644,,-7.34905551988,,,,,,,,,-6.70304612538,-4.41792056331,3.97398257944,,,,,,-2.73250022852,-11.3916346408,,2.17228905129,5.18845010871,1.45452253564,-0.487783342954,3.2417941629,0.638175554893,,2.76852893829,-6.1439634914,,2.1056923334,,7.81574952773,-5.12563157736,2.35545563698,0.0420783447178,-11.5102552468,,,-9.34954761841,-8.77460715042
BLOO10,"CYP21A2",ENSG00000231852,19.664362,5.22874417391,,1.8438920342,-7.851415054,-11.867687884058663,-11.488324588,-9.15935324367,,-7.83525102282,,,,,,,,,-7.57228670345,-5.2462805901,3.59133487767,,,,,,-3.90923687584,-12.4180634127,,1.85630182549,5.99414616863,1.82160044014,-0.749205000746,3.60569811445,0.192314260719,,2.93616271019,-6.89516221812,,1.38468151156,,7.81941176782,-5.84095368259,2.56863474846,-0.640809653628,-12.3903323626,,,-10.0669806948,-9.61710183171
BLOO11,"CYP21A2",ENSG00000231852,11.455039,1.42610632056,,2.67330372296,-8.0275199268,-12.785539669618137,-12.19198497,-10.8668601609,,-9.83458095063,,,,,,,,,-5.95185987997,-6.76321842379,1.95975646528,,,,,,-6.33210286305,-17.7306925401,,5.55214954901,10.1058123663,0.293495905752,3.44322081004,7.11873959432,-0.795564279835,,1.03772091866,-7.51873416093,,0.861064144628,,5.31219131571,-4.17288602377,-0.952191233635,-0.518514844747,-11.7938758258,,,-6.3005009939,-9.87550963051
BLOO12,"CYP21A2",ENSG00000231852,23.942829,4.96944229463,,2.38163681598,-9.8179818636,-15.11310836965835,-14.4386174508,-11.6841352643,,-10.545527713,,,,,,,,,-8.9147687612,-7.2801484226,3.57390867071,,,,,,-5.85864852387,-17.2177182196,,3.51517512533,8.92538230313,1.45590752869,0.524974013612,5.79908948417,-0.311228208097,,3.06059193611,-8.9811694528,,1.53339211067,,8.63263178409,-6.7611176498,1.80502986908,-0.981971094131,-15.16501718,,,-11.1660213936,-11.9584127747
BLOO13,"CYP21A2",ENSG00000231852,36.007884,-3.18368326482,,5.69981288496,-4.38260078351,4.903222951698132,-10.5520370403,-9.80157808716,,-6.24599805451,9.00777485326,,,,,,,,-2.97930638889,-6.1828086413,0.451476473815,,,7.96513705151,,,7.26653741548,-5.91303014138,,3.75092542327,3.91715981901,3.47427956748,-3.09320541637,7.03961055581,2.77713401033,,4.8989729264,-5.74969233223,,-0.877033877845,,8.87721365789,2.42143940845,3.57714244812,2.93701495914,-5.71245937403,,,-11.0573156836,-9.25735002234
BLOO16,"CYP21A2",ENSG00000231852,56.604080,-7.18304130689,,3.03841502452,-6.15989159327,5.262023107816913,-13.3049088907,-9.31995203201,,-9.07822147489,9.9556746544,,,,,,,,-3.6442048976,-7.04608679609,0.445574064915,,,8.36683547877,,,7.26554347018,-10.1706505731,,5.16509848193,3.13365326714,3.03776707752,-4.8373690027,6.69429532551,5.88858174946,,4.06822225005,-8.87374492678,,-0.499143497634,,10.7332016381,0.739980327828,5.28577791406,-0.12736528436,-6.03075431403,,,-11.2718320527,-11.2044010297
BLOO17,"CYP21A2",ENSG00000231852,20.979722,-5.24070640861,,0.487194596672,-4.06808272023,3.1439815770713277,-7.90420581844,-3.97269720993,,-5.77707146363,6.34097680097,,,,,,,,-2.42832364137,-3.94916404737,-0.328928811149,,,4.82954925797,,,4.48842502016,-7.61741967197,,3.1118116207,1.02611862509,1.58795482209,-3.44754608517,3.16289831126,4.49201058355,,2.20450797042,-5.54392365887,,0.194989060499,,6.56767279829,-0.422634029,3.56558706723,-1.42109574801,-2.93952635881,,,-5.58848524884,-6.55559707304
BLOO18,"CYP21A2",ENSG00000231852,17.215311,-5.17515425045,,0.152180076239,-3.86514939854,2.5618529161324024,-7.62507873241,-4.03433891812,,-6.05061466344,5.78524216668,,,,,,,,-2.08739683435,-3.6793491293,-0.0143680732596,,,4.17661741978,,,3.59379816453,-6.93483969091,,2.69571591074,0.985672570778,1.03707377667,-3.17911657322,2.6163337819,4.21161694428,,1.44779315176,-5.34309883867,,-0.0122043448634,,6.00679216178,-0.498794589969,3.24754379292,-1.63322511178,-2.90101217227,,,-5.60317172847,-6.22232174137
BLOO19,"CYP21A2",ENSG00000231852,8.315684,4.2978544897,,8.33750269922,1.02135454712,4.92408954207685,1.15449408858,2.97422511783,,4.58151937763,4.3535136618,,,,,,,,3.06014312147,2.64378973275,1.15816561725,,,5.13550657546,,,6.73124339036,1.15361108036,,2.80156028768,1.79706195609,3.4732156569,-1.84411451233,3.951316575,1.69611731871,,4.46231228503,1.41249937353,,5.30300142699,,4.03048044187,4.29541130287,4.11336869663,5.78142906087,2.13927724097,,,1.9366041489,1.92713709189
BLOO20,"CYP21A2",ENSG00000231852,16.564442,-8.81190314255,,-2.82867572273,-6.51078518334,-4.529311305113925,-8.29500781351,-8.31566410742,,-9.54737072394,-0.655464449184,,,,,,,,-6.53397770959,-6.84336943703,-5.15096430474,,,-1.26489492327,,,-3.18349926589,-3.90716971942,,-2.62682974686,-4.04836796575,-2.4589980088,-5.04617811585,-3.04035153729,-2.26418965484,,-3.5892001102,-6.12904641006,,-7.30640614561,,-1.06792960408,-5.45405568937,-6.19477571242,-3.09447570771,-7.65938017971,,,-8.45020836015,-8.68435041985
BLOO21,"CYP21A2",ENSG00000231852,15.160384,-8.73937559231,,-3.14268454416,-8.52248228781,-5.482660142237362,-7.43657215914,-8.13263905606,,-9.43735972408,-0.760079554188,,,,,,,,-6.46607435665,-7.08154435185,-2.76054343705,,,-3.7626988611,,,-4.85004355171,-5.85806561425,,-3.13691981477,-5.64739920588,-5.53498762661,-3.75140914798,-3.46000917577,0.390152215962,,-4.73265989605,-2.99669169386,,-5.25463506183,,-1.04399397729,-3.94028896286,-0.711901005963,-2.36972993812,-7.39861461162,,,-8.37832815095,-7.32625586366
BLOO22,"CYP21A2",ENSG00000231852,20.531860,-10.1271377484,,-3.48741054188,-9.68648779059,-5.93478469018819,-8.98812573716,-9.34212245415,,-10.6748912605,-0.553986501516,,,,,,,,-7.47467376335,-8.34864268657,-3.63124102386,,,-3.6340839905,,,-5.11600870519,-6.58021478191,,-3.08959441584,-5.94303125564,-5.65609127824,-4.58039439689,-3.47781388116,0.141371092985,,-4.86189306173,-3.76265322465,,-6.13798457701,,-0.981088556312,-4.73478794046,-1.11344309536,-2.64296786188,-8.68627021795,,,-9.701786123,-8.87607462874
BLOO24,"CYP21A2",ENSG00000231852,8.367320,-0.380009396962,,0.678624741668,0.0522245310941,-0.5463643105804412,-0.848717547559,-0.918672591775,,-2.00758030063,-0.0526826356225,,,,,,,,2.4905574502,1.15074238566,3.19995007105,,,-0.264629449116,,,-1.73489069511,2.07093062043,,0.048774650907,0.80957960535,-1.15638239215,0.295895831895,-0.06539923807,0.699631296854,,-1.81540698048,-0.884047476522,,0.533606895733,,1.08044536741,1.14785403807,1.65704766211,-0.158181334999,0.427142734343,,,-1.52676799507,0.704793183527
BLOO25,"CYP21A2",ENSG00000231852,7.792904,-6.93434246741,,-5.72412939289,-5.74170270251,-5.513263544782994,-4.32108626001,-6.46546149905,,-8.35665420998,-2.39513532036,,,,,,,,-6.75335504592,-6.31590121497,-2.99941592939,,,-5.81758790326,,,-6.86989891778,-3.42470793635,,-4.25794426237,-5.44673943446,-5.51450848277,-4.7148577764,-3.91004109593,-4.53153858295,,-4.8937364914,-2.11880557589,,-5.65134499531,,-4.31691843592,-6.3515183112,-3.599723994,-3.02349851371,-4.89864174067,,,-5.89585116052,-4.32011183706
BLOO26,"CYP21A2",ENSG00000231852,11.736648,-0.926867231501,,-3.30882945968,0.742014402393,-3.9446920311229516,2.52051954466,-1.32102193953,,-3.94595493706,-4.13337921988,,,,,,,,-1.63990698625,0.525868935172,0.418719364756,,,-5.01510230395,,,-4.75465666985,0.845509705508,,-5.34816603045,-4.7894075662,-4.18083127734,-0.752458066044,-5.69579062075,-3.21400255486,,-4.96613219944,-0.498951130478,,-3.35043912255,,-4.46503473045,-2.69829546049,-6.34234945539,-2.87109358074,0.566430452426,,,-0.353488891,2.27725472878
BLOO27,"CYP21A2",ENSG00000231852,10.325984,2.40017174186,,-0.632164841557,3.54683058624,-1.6095139590915823,4.95975111892,1.54809598224,,-0.400258432052,-3.2957272142,,,,,,,,1.64866514874,3.7098132299,1.95542286829,,,-2.68172620699,,,-1.8381119228,2.63727810624,,-3.88815392032,-2.72117123114,-2.12293990528,1.74983663726,-4.41464853951,-1.24940716335,,-3.21827279101,0.182081000322,,-0.897903578218,,-2.70345168986,0.352926504667,-5.63194981032,-1.57213982482,3.07787403997,,,2.3765820507,4.6434659695
BLOO28,"CYP21A2",ENSG00000231852,7.782227,-4.63188773325,,-9.488939357,-1.05722907391,-4.93369327598844,-0.910372900268,-2.92647635452,,-4.24499482642,-4.64318945366,,,,,,,,-4.21323364654,-3.25534659495,-2.27796065453,,,-5.46095430446,,,-6.71610783777,-2.07703978194,,-2.95449968972,-2.20082206185,-3.04959254368,2.07559567895,-4.18610555097,-2.07151260035,,-4.10185693572,-1.12510089859,,-5.9384955174,,-4.74204710881,-5.03379738182,-4.96004951641,-6.29801376792,-2.31817344071,,,-1.53480992635,-2.24605865036
BLOO29,"CYP21A2",ENSG00000231852,27.705137,3.46572299128,,7.89527267572,5.77719565869,1.766755730432326,5.15746356841,3.34824855226,,0.855532829543,4.11197083477,,,,,,,,6.18541481793,6.24069410622,0.0636407125249,,,1.58080032397,,,3.4185432556,2.74077627248,,-2.15440183086,3.35958907523,2.44611590429,3.99178902771,0.0746375760863,1.48776335196,,2.1131091953,2.84126036039,,2.85410409742,,2.65293049218,5.55927982335,-3.98893996004,2.19260882722,1.54407623347,,,4.90658186165,5.84079741307
BLOO30,"CYP21A2",ENSG00000231852,38.190063,-3.81430255421,,5.78561459183,-4.867299185,5.039323761317705,-11.4013806624,-10.3696585531,,-7.01346258377,9.72953070439,,,,,,,,-3.22426529243,-6.58131692361,0.392769578688,,,8.41243353426,,,7.73075181667,-6.6256931443,,3.94950229467,3.96843513113,3.56273201925,-3.53611238648,7.27706277849,3.1322042831,,5.12588187414,-6.1042448296,,-0.97695234688,,9.50362061734,2.34054496281,3.82075076458,2.77812433966,-6.03440584881,,,-11.737748021,-10.0255586245
BLOO31,"CYP21A2",ENSG00000231852,13.197876,5.30309092612,,0.0748644037016,3.72943372485,-2.195991621219003,7.35289844214,4.07481510535,,5.75122762051,-4.84030791897,,,,,,,,2.1335698551,3.66515910909,0.0290801229206,,,-3.75652625975,,,-3.05786510602,6.57040754853,,-2.73880406663,-0.944645452806,-0.811986065789,3.11348193006,-2.53662929952,-4.07014052432,,-1.17731589786,5.48738145519,,0.226976762151,,-5.47054908578,0.682817025856,-2.86308358366,1.77795777568,2.92028978575,,,5.32717902087,6.06963146228
BLOO32,"CYP21A2",ENSG00000231852,6.729088,2.76065921607,,1.91804350361,1.21681523361,1.5288055140718344,2.58651037684,2.54537263758,,4.06962127731,0.23484520978,,,,,,,,-0.433950597849,0.73093944148,-1.89445283732,,,0.971649523289,,,2.64990623317,0.489712698129,,0.330691027363,-0.240493421421,1.67126532172,-0.0640608040023,0.693632034976,-0.872383284786,,2.28647035832,1.97995244714,,1.25877765113,,-0.848525659008,0.507222128091,-0.542317808579,2.1130678847,1.11695198216,,,2.8828897102,1.43980350703
BLOO33,"CYP21A2",ENSG00000231852,12.764522,-6.44930607257,,-4.67901093589,-3.98291668053,-2.5381214035162536,-6.2985367773,-6.18700378698,,-6.24211303144,-0.87052899719,,,,,,,,-4.95099562272,-5.83312609104,-1.56466896249,,,0.776299928365,,,-2.25527177292,-4.92270144528,,0.312345455186,-0.000675123381749,1.35289201702,-2.26788876875,0.0557142749402,-1.38505005076,,0.297925608496,-2.16733785538,,-3.59026247986,,-0.273679966553,-3.23473950759,-1.12253979029,-5.48545000939,-4.74801824441,,,-7.46132178867,-6.95368508309
BLOO34,"CYP21A2",ENSG00000231852,11.183195,-0.209112848857,,1.16456863605,0.309295131422,-1.531803154981156,0.258575967859,0.593540783752,,-2.12606903499,2.96735596867,,,,,,,,0.0400915267323,2.15625071495,-1.32563765822,,,-2.07115042387,,,-0.0736817735237,2.2117112443,,-3.76238155349,-1.46535852744,-0.453338790778,-1.23173642953,-1.27058389489,-3.55639188414,,-1.34345532468,-0.409477141955,,-0.996484858312,,-0.880428677134,-0.876053844484,-3.33153198339,-2.18155755781,-1.17971773557,,,-0.0863770096441,0.893542629411
BLOO35,"CYP21A2",ENSG00000231852,8.855146,5.77765726518,,4.82697337457,5.0635793038,4.060777432532284,4.94066408176,7.06109175182,,7.36287107032,1.63918851622,,,,,,,,5.12216827261,5.98628589154,3.45514569013,,,1.30654173333,,,3.35454758502,4.91407218499,,2.08031832416,3.71130289651,2.96132202396,5.8013697762,1.73142517043,4.18742090831,,3.39574859662,4.3326040173,,6.3501535014,,2.88339388883,5.85518869898,6.92690790651,3.6732288515,5.8554530342,,,5.69488552995,5.80602894877
BLOO36,"CYP21A2",ENSG00000231852,17.012946,-11.1334344911,,-3.45370616505,-10.7106103728,-5.57080129530348,-10.6784049358,-11.4876899607,,-12.1671712871,1.39548404485,,,,,,,,-8.37835458933,-9.40901102644,-4.00169675223,,,-2.91308460266,,,-4.74078056621,-8.13861584567,,-3.07477094914,-6.29917328074,-5.2471984671,-5.94230904847,-2.67342066206,-0.559476614747,,-5.05148245062,-4.62969838403,,-6.46146577576,,-0.20156800287,-5.13108614058,-1.09708740405,-2.59003941952,-9.91923208811,,,-11.5094374162,-10.6655394779
BODY06B,"CYP21A2",ENSG00000231852,3.753896,5.43044063871,,0.331332485457,3.4888225112,1.7161158683506998,4.15526777078,4.25623863629,,4.39193510372,1.05457751595,,,,,,,,3.35952967941,3.54826916124,0.612295320049,,,1.77287438453,,,2.58449611881,2.3279015706,,2.97581896519,1.96986651519,1.32958662713,2.24733741285,2.49649870637,0.307217952819,,1.31306051848,2.20757775501,,3.13771130545,,0.15764252176,2.41403491402,0.996190240901,1.66929428961,4.45979842247,,,4.08953833025,4.07960756918
BODY06,"CYP21A2",ENSG00000231852,3.959952,5.24309480215,,0.225403190898,3.52602830038,1.5173234653640995,4.13697475304,4.04795840589,,4.45144410897,0.884106322318,,,,,,,,3.18304926162,3.5317493991,0.776891193573,,,1.49992007954,,,2.24966509866,2.5379387978,,2.88302034963,1.63031283599,1.17064301336,2.12988689325,2.2899660364,0.173873046633,,1.0589342678,2.11102463117,,2.86650084866,,-0.162340617824,2.15731904572,0.872260822946,1.72303942089,4.3586600053,,,4.01590203035,4.08883257566
BODY07B,"CYP21A2",ENSG00000231852,4.451635,5.48498747121,,0.270221203709,3.45733253172,1.633789694959742,4.18722679471,4.34526364185,,4.41965623392,0.935749485418,,,,,,,,3.30164619903,3.53072162973,0.60810614023,,,1.71778355247,,,2.53227962303,2.28607858208,,2.94703538039,1.837626631,1.27992158908,2.07983292277,2.47341731595,0.240538355666,,1.2973849454,2.27137348926,,3.08568038553,,0.0173244798166,2.28798193103,0.885816363354,1.56856246437,4.47520412438,,,4.11999952636,4.0990719217
BODY07,"CYP21A2",ENSG00000231852,4.659278,5.31184562446,,0.169388162008,3.49166270801,1.4328084606477858,4.17834944103,4.16594591801,,4.49525547129,0.750254203532,,,,,,,,3.12071630213,3.51844406495,0.774056885814,,,1.43916152416,,,2.19795001009,2.48237554655,,2.85269187588,1.47590831808,1.10600105053,1.94923630992,2.26979045991,0.112656066476,,1.04877750994,2.17039553402,,2.80309903322,,-0.316984457112,2.0241994074,0.737984459328,1.60301884411,4.37994642753,,,4.05502114913,4.11590262417
BODY08B,"CYP21A2",ENSG00000231852,8.838213,6.99017975927,,1.39761458788,4.68108574426,4.299518693084555,4.42394083908,4.5829615566,,6.5308642118,2.05118583376,,,,,,,,4.24902380626,4.497162129,1.89491039041,,,2.58214146035,,,4.69067040208,2.02727787835,,4.67162443391,1.30251648613,2.08287128124,0.897091963296,3.99081643267,1.2133553267,,2.04627858199,3.02566562135,,4.94208522985,,1.13322102684,3.16350947863,1.7678207157,3.48601377826,5.47369660871,,,5.36510135828,5.34285375954
BODY08F,"CYP21A2",ENSG00000231852,6.545033,4.75578842026,,-0.204324860651,3.16574914209,1.9697999399195765,3.90861736822,3.06117122049,,4.7323361299,0.0374945039895,,,,,,,,2.37737082941,3.1626669942,2.04157593976,,,0.363129801309,,,1.83709189907,2.45365053259,,3.0322008498,-0.348375286326,0.963961386042,0.419276892556,2.07233870285,-0.0573308319408,,0.851506468047,2.19397527279,,3.1730443109,,-0.493979335573,1.54012542143,0.606323381607,2.21859408622,3.97442300822,,,3.38498871159,4.25679857678
BODY08M,"CYP21A2",ENSG00000231852,3.932111,5.54532560943,,2.09400759124,3.72900635047,4.219838058592509,2.74166378644,3.68214995483,,4.93191506669,2.78640301307,,,,,,,,3.80660431386,3.47791577353,0.855349672246,,,3.23681348068,,,4.8751495201,0.6899980917,,3.82797226417,2.09080953431,2.03960453538,0.87264963015,3.71437975283,1.71318094854,,2.08297488527,2.28185736953,,4.07822755804,,1.97656000679,3.0301286986,1.91234340138,2.89556798054,4.12535391633,,,4.48110156584,3.70449716352
BODY08,"CYP21A2",ENSG00000231852,9.621166,6.89621984036,,1.15632951818,4.69669523693,4.1043902166817485,4.5592054186,4.52060673249,,6.51568519966,1.85364454941,,,,,,,,4.15865132545,4.52408525094,2.09135972235,,,2.32320341939,,,4.3532609823,2.22197440334,,4.58498914362,0.971943642983,1.94498643621,0.834024509534,3.82915114164,1.00749338512,,1.88718586368,3.01982130451,,4.83771771476,,0.840248080507,3.01130413871,1.67079864719,3.41100686201,5.44456661518,,,5.2436028004,5.42291659811
CHOL21,"CYP21A2",ENSG00000231852,7.071302,-1.81362251697,,3.07328544272,-0.859315428343,3.1402849235921804,-3.15016685068,-2.28467421642,,-0.42663302682,6.03293017173,,,,,,,,0.198542942304,-1.19064299855,-0.120354862313,,,3.14015005653,,,2.39459898983,-1.19268020298,,2.81102443722,1.87758692228,0.914124685086,-0.986250239863,5.18284281825,3.62851756868,,2.2253497049,-0.797083802305,,2.32174722478,,3.19145672445,2.97914401265,3.47265244474,2.92093215373,0.113545571583,,,-3.48924531595,-2.3041054588
CIRR01,"CYP21A2",ENSG00000231852,0.541559,6.77551622454,,6.47464529996,2.36009555104,2.574860493764821,1.60725964107,1.26679424901,,0.784809059076,2.10304570435,,,,,,,,6.66368356395,6.51589861937,-0.214895081638,,,6.4642642468,,,6.01957007892,-11.4055272137,,5.41962297586,1.52198488478,2.86084477786,0.856232963808,5.28514550571,6.57624050279,,4.35597179642,-0.332277817631,,3.9277137357,,7.11169644016,4.8934112397,2.76045514907,2.22735743278,-3.22958283797,,,1.29748935113,-1.00954372526
COAD03,"CYP21A2",ENSG00000231852,2.155877,0.65882366184,,3.63795282116,1.99027711135,4.416429454711728,-0.548350601474,0.469136584698,,0.980446766255,2.03599420894,,,,,,,,2.08964796146,1.15035228054,1.24638699518,,,4.49063561109,,,4.46769253063,-0.312897816083,,2.8466755369,3.74369930468,1.82063788868,-0.462526061155,3.64815697107,2.0364344472,,2.71434580173,-1.09524104394,,2.56947513079,,4.84187648088,3.84264824951,2.20142918432,1.40222673639,0.609610754024,,,0.244800395782,0.221100419579
CROH01,"CYP21A2",ENSG00000231852,7.005995,-1.84864240803,,-0.452962409998,-2.56412753073,-1.3439138253235103,-3.77991008749,-1.40390469507,,-2.87530149297,-0.0961884209295,,,,,,,,-0.346321610186,-2.51864821235,-1.06357791495,,,-0.836162111651,,,0.227056272158,1.42025693245,,0.834087458683,0.206568107576,-1.20972071035,-0.424526696354,0.659083824007,1.38778029993,,-0.187633014088,-2.29588184583,,2.27592681728,,1.21800925048,0.766239725255,4.75947617963,3.12528177326,-0.853022317993,,,-3.24749031686,-3.63467092115
DIAB02,"CYP21A2",ENSG00000231852,0.655686,2.39116800544,,4.60912509846,0.82830756049,4.314983416047303,1.07226820749,2.68997471714,,1.58317977021,3.18347977663,,,,,,,,3.09603271096,1.6788656987,2.05899026257,,,4.15689271376,,,4.79548941128,0.527181634841,,2.25204134083,3.46640866208,2.4691777873,0.863473317771,4.11308543797,3.5174249082,,3.39445505704,0.521519251665,,2.62932329783,,4.86745386546,4.08215909028,2.41897823643,2.83038375481,0.87796445017,,,1.10631342975,1.32592551725
DIAB06,"CYP21A2",ENSG00000231852,3.707966,2.11206481613,,5.20178971357,0.745959365837,3.03488045346668,0.685084487787,1.57427562319,,1.5878608969,4.09305265195,,,,,,,,2.2249554179,1.16393815906,1.48170594888,,,3.97255050835,,,4.22918176713,-0.150368181746,,3.45023133331,2.45680236639,1.73979607295,1.64652637455,4.09583292263,3.8114976524,,3.79844648015,0.724120065998,,3.0141634263,,4.19817363435,3.63460242849,1.27432303103,2.74418842795,1.95661649184,,,1.49703015675,0.505405408077
EDUC03,"CYP21A2",ENSG00000231852,4.958686,-1.3291787935,,-4.21009174189,-3.36943995721,-5.748478476399168,-0.222767863621,-3.82131165889,,-2.05716990487,-4.97144758118,,,,,,,,-2.6061514999,-4.08219565598,1.29102355339,,,-4.59433235138,,,-5.10791943312,0.160535397657,,-5.60150235778,-4.0507707083,-3.80170890782,0.0864894291388,-4.55098562873,-0.990364931071,,-5.22469072018,0.677341112878,,-6.77138533627,,-5.36548111136,-4.8850339526,-5.86210570235,-5.37936808838,-1.89266339254,,,-1.10746391225,-1.22064310892
FATM02B,"CYP21A2",ENSG00000231852,4.125518,4.71327447696,,-0.153380267334,2.93409308631,1.2496714557174948,4.18909837098,3.99940539694,,4.03805423695,0.243393266689,,,,,,,,2.42782421064,3.05569894813,0.197307613576,,,1.00834860456,,,1.77502280579,2.37319482452,,2.00703074683,1.52841830104,1.24626038737,1.85359162003,1.62104882727,-0.857673720411,,0.808689538115,2.21326124229,,2.28992691438,,-0.789844757404,1.78469447143,0.459499145344,1.13116021498,3.95467236689,,,3.69927917256,3.79809941007
FATM03B,"CYP21A2",ENSG00000231852,4.324781,4.76697457588,,-0.252570395906,2.86158083465,1.1896957137294666,4.22444100977,4.06994921189,,4.06479376804,0.129017904181,,,,,,,,2.36329969244,3.02311884828,0.206621581387,,,0.918272967762,,,1.6919542566,2.3225131465,,1.93957903464,1.38661760781,1.18543844631,1.66939757549,1.5614631856,-0.94496428414,,0.792327459184,2.25267174897,,2.26126779052,,-0.912397051852,1.6654031071,0.39381529888,1.0016755706,3.95461660886,,,3.71087627264,3.83970353153
FATM04B,"CYP21A2",ENSG00000231852,9.039739,6.32888764239,,0.275259791785,4.29646606747,3.938480006157726,4.96586066191,5.05308243882,,6.63278990469,0.377802241862,,,,,,,,3.35227492185,4.46335981504,1.69942828941,,,1.49726678221,,,3.63943248182,2.81218168807,,3.2027433641,0.490805795718,2.39661528096,0.791230117906,2.65926202935,-0.347534770689,,1.56894977706,3.17483434773,,4.01411756038,,-0.301934626409,2.41124858979,1.2940137911,2.21781761089,5.37949269689,,,5.28149706342,5.7741242133
FATM04F,"CYP21A2",ENSG00000231852,6.249661,4.27682684535,,-1.32725433514,2.98246684569,1.50421142485007,4.54400398415,3.67436769712,,4.88535849148,-1.47131111614,,,,,,,,1.57608531828,3.38979070251,1.67501466293,,,-0.745365952719,,,0.956364408855,3.22804291388,,1.405093058,-1.37614307661,1.18639877433,0.348774114606,0.597963510639,-1.5717987461,,0.192006572249,2.24197855201,,2.44232467819,,-1.76419983484,0.706549058979,0.151941012643,0.602470974572,3.88654647709,,,3.46689963014,4.84028670259
FATM04M,"CYP21A2",ENSG00000231852,5.119684,5.09529009471,,1.50914367455,3.39239949196,4.148196710699779,2.98640118662,3.84478782657,,4.99595668082,1.77415089415,,,,,,,,3.28446752835,3.27439284168,0.915334091302,,,2.69992308307,,,4.20695813727,1.13264170985,,3.2210261905,1.85259290338,2.29790387301,0.794064377924,3.16115770478,0.853277720489,,1.9997990616,2.47330611823,,3.45815092988,,1.08207580118,2.72459655172,1.65815558166,2.54990864514,4.1133552328,,,4.33877158239,3.84647805645
FATM04,"CYP21A2",ENSG00000231852,10.245033,6.26270283069,,-0.0390366616778,4.37051488369,3.729187216649793,5.20968477053,5.09754071784,,6.68561263497,0.0877694103192,,,,,,,,3.24553209217,4.59752854059,1.86045613501,,,1.14733706446,,,3.29135776785,3.12744465315,,3.00508463015,0.0736460255741,2.22173839606,0.744664051422,2.38362693633,-0.654081567462,,1.32349651654,3.17716608015,,3.92993686676,,-0.668186906304,2.23485643694,1.13821548421,2.00680922062,5.41267464196,,,5.23148232272,5.9867494192
GLYC22,"CYP21A2",ENSG00000231852,3.268492,3.43332710583,,2.83374248301,3.67739132957,2.4951411523887024,4.13097317422,4.40354772523,,3.76640240459,0.577166263675,,,,,,,,3.89283344497,4.07718157987,2.5412381792,,,2.60493159945,,,3.0583886913,3.03575821335,,4.78604916343,3.81434145925,2.28601097767,2.88879878778,3.73357789903,3.509048458,,3.22381831492,2.92112846129,,4.69188448052,,1.99391340671,3.90401457459,2.44948542403,4.22492152102,5.30166149135,,,4.54693803145,4.85132064316
HEIG03,"CYP21A2",ENSG00000231852,11.412469,-1.10279720561,,-6.67258562716,0.844160312014,-5.32581198599776,2.57816905327,1.27108594941,,-1.41073129642,-5.64411499281,,,,,,,,-2.74502917577,0.586904619909,-1.03690135291,,,-7.14533614636,,,-7.58313449886,2.4588947101,,-6.23237241858,-6.22162726101,-4.58549778138,-0.220247043032,-7.92070080469,-6.05767966152,,-6.0621160027,0.282761466069,,-4.6421051238,,-6.91130294931,-5.48200179423,-5.69119926649,-6.37808673079,-0.702319743884,,,1.4520710046,2.85552328794
INFB01,"CYP21A2",ENSG00000231852,14.808409,-4.51702564556,,-5.63054784041,-3.79326042811,-5.431213269815445,-1.68663843203,-4.6849679706,,-2.24457464969,-2.19159854619,,,,,,,,-1.12850057305,-4.61337827405,1.26934274305,,,-3.62297365592,,,-4.28863791155,1.16848597311,,-3.94435277219,-5.64870420972,-6.58342747837,1.14383621032,-3.09258027441,-0.700064264478,,-5.48363197983,2.1911863073,,-1.99182026441,,-4.09952721825,-3.24541211638,4.66571182385,-2.20081249638,-3.36730515386,,,-1.8477313561,-3.27700919423
IRON02,"CYP21A2",ENSG00000231852,1.146332,3.83254512062,,5.99352759697,2.8926394342,4.317380573203111,2.4049189525,3.62674998025,,4.54333446179,3.75082274793,,,,,,,,4.46982959895,4.53366493164,1.24830820005,,,4.62820703281,,,4.83364856227,-0.0141889887363,,4.72038808884,3.65296592977,5.83893140654,2.27198255041,4.8923482067,5.03374297253,,3.61903070148,2.66115792333,,3.84653603807,,5.36012041487,5.4840774566,1.95945575592,6.34871924891,3.91708845958,,,3.09547463904,2.97253931911
IRON03,"CYP21A2",ENSG00000231852,0.672886,-3.06933708322,,-3.89830407342,-2.40208976117,-1.7465725634455191,-1.62686424665,-3.01668168739,,-3.08624494896,-2.32394980908,,,,,,,,-3.03774510805,-3.23886478277,-0.34322864827,,,-2.46803281936,,,-2.66797771718,0.0516774810205,,-2.4133870771,-3.33664045262,-3.26607155792,-0.546248322252,-2.75535180555,-2.05391913544,,-2.50150414828,-2.13424297488,,-2.99083607101,,-2.29656708893,-2.54856891004,-2.89339382778,-4.71913060964,-2.05249997861,,,-2.63893394863,-1.83462305994
LEAN04B,"CYP21A2",ENSG00000231852,27.253350,5.18751725423,,-4.38454558313,5.824366814,-3.0790283874502724,8.44348373204,6.15492129489,,4.84769633107,-6.69381921156,,,,,,,,2.23296123495,5.83422755363,-0.302698788994,,,-6.3218388921,,,-4.77701232935,8.39815070307,,-4.37699157046,-2.59578225969,-2.3660708007,3.67743712171,-6.07144086555,-4.93787468783,,-4.93021505032,2.04343975362,,0.210026111959,,-7.43958468705,-1.28920662478,-3.32966659949,-1.39265713692,5.81164362989,,,6.54503209,8.41925017907
LEAN04F,"CYP21A2",ENSG00000231852,19.899767,3.2101090144,,-3.77982215118,4.24590153142,-3.278226559105601,6.13391566692,3.67834700053,,2.7450929021,-5.15386892302,,,,,,,,0.865407886063,3.82458837785,-0.243263950171,,,-5.55109587994,,,-4.72078086846,6.13036480388,,-4.12398897077,-2.80336062819,-2.47833011759,1.95339850262,-5.39779721718,-4.49399854294,,-4.51363674702,1.190869952,,-0.794725687773,,-6.54798241762,-1.92942685928,-2.88725293442,-0.788368123806,3.48339122688,,,3.92968244809,5.93408654568
LEAN04M,"CYP21A2",ENSG00000231852,16.157116,4.72529060879,,-2.52371776115,4.4162845696,-0.9083369687316823,6.4270105258,5.79021417803,,4.75989089638,-4.71179573388,,,,,,,,2.73099101844,5.008638597,-0.211775217328,,,-3.49916386806,,,-1.91727285297,6.37037845146,,-2.0267170919,-0.703362022938,-0.751311428539,3.79419792619,-3.26891487734,-2.50778726022,,-2.47081366504,1.9558529552,,1.467106067,,-4.0915614016,0.382845469993,-1.89343794203,-1.38046269253,5.45690389766,,,6.1182625867,6.66237942789
LEAN04,"CYP21A2",ENSG00000231852,25.884789,5.48128143987,,-3.85728656169,5.6457884316,-2.2918253878902557,8.22761963863,6.52744348819,,5.2986237689,-6.43559388152,,,,,,,,2.69388319871,5.96571928004,-0.287790449813,,,-5.58059748936,,,-3.86563095043,8.18835115464,,-3.67216568851,-1.96341884129,-1.79612551087,4.10829238268,-5.3047565281,-4.21023063268,,-4.20596138071,2.14831340206,,0.803543254857,,-6.48856452485,-0.627564402513,-2.98095352414,-1.54840936862,6.17117098778,,,6.99076281898,8.35936029335
LEAN05B,"CYP21A2",ENSG00000231852,28.022665,5.16276852424,,-4.39307140175,5.8084458072,-3.1659508818441697,8.3962785267,6.15778201586,,4.81754449619,-6.71246380942,,,,,,,,2.12797901365,5.78104369695,-0.392284517034,,,-6.31739059265,,,-4.75121012781,8.40239028513,,-4.45176002625,-2.6795966813,-2.32267266821,3.45829405931,-6.06638569124,-5.04689935479,,-4.93276402579,2.0320646432,,0.0312666386429,,-7.59946027391,-1.43807935017,-3.45815291281,-1.50915332885,5.72045957989,,,6.45326052132,8.34060769798
LEAN05F,"CYP21A2",ENSG00000231852,18.991230,3.22100103798,,-3.76336590122,4.24329461669,-3.35259851657874,6.11979200031,3.75063420626,,2.75868670521,-5.1953719081,,,,,,,,0.759268403196,3.78934282063,-0.337879393077,,,-5.55162451718,,,-4.67397258977,6.19286880148,,-4.22983697815,-2.91405351327,-2.42542926912,1.74246216231,-5.40208573004,-4.60610783033,,-4.52517051968,1.17538173894,,-1.00932755767,,-6.76032255998,-2.08520965897,-3.04561202875,-0.905894899509,3.42399914036,,,3.8622817841,5.8837551384
LEAN05M,"CYP21A2",ENSG00000231852,16.601661,4.69298776462,,-2.56923666868,4.41109023502,-0.9544652508853471,6.39303113111,5.72817063887,,4.7169246891,-4.70734667678,,,,,,,,2.71205344926,4.99105823158,-0.238423533433,,,-3.49902642015,,,-1.934987571,6.32022543718,,-2.01271773505,-0.69304805533,-0.745702618104,3.72211032459,-3.26076188335,-2.54914464188,,-2.46290926288,1.96879508117,,1.46354972602,,-4.08875014907,0.346434153572,-1.90548011911,-1.43223909755,5.40960298216,,,6.0848382649,6.62606076621
LEAN05,"CYP21A2",ENSG00000231852,23.470981,5.46525846923,,-3.88187377867,5.64882192371,-2.378984418251752,8.19810877712,6.50903240835,,5.2769113368,-6.45461877412,,,,,,,,2.63136198669,5.93957484522,-0.354144220139,,,-5.58886126075,,,-3.86431811372,8.17245840347,,-3.71390752029,-2.01689221557,-1.77024501332,3.94515347767,-5.30515749055,-4.30117027765,,-4.2072575533,2.16196068066,,0.69624459351,,-6.598432558,-0.735719717723,-3.07269085094,-1.64181995832,6.10012044512,,,6.93474925236,8.31111900035
LEAN06B,"CYP21A2",ENSG00000231852,37.728275,6.37294234919,,-5.53903760664,6.70031738511,-2.5165932671562095,10.1928180899,7.20745467025,,6.2678581346,-6.80144006165,,,,,,,,2.54373113087,7.10293892853,0.41243703356,,,-7.66486506546,,,-4.78259308326,9.14770516243,,-5.06249175226,-3.93724145876,-2.99397797829,2.55854536361,-6.70099458723,-5.64298020924,,-5.87720357211,3.12166740357,,1.94824123508,,-8.38225364203,-1.21785543779,-3.52437127756,-1.68856940528,7.68784074178,,,8.09017238675,11.0676601741
LEAN06F,"CYP21A2",ENSG00000231852,24.173640,5.28830107517,,-4.76328554408,5.20012667207,-2.5097286010449182,8.44804336406,5.38168076074,,4.86819168994,-5.53614322697,,,,,,,,1.89964958392,5.63486178157,1.07936482667,,,-6.38912963015,,,-4.4345963709,7.56483015404,,-3.95891423903,-3.89380691034,-2.81046434558,1.63843606416,-5.4519965463,-4.57662940589,,-4.86368863894,2.53546246085,,1.43659570609,,-6.95411418858,-1.07915362774,-2.59166403005,-1.21088420011,5.99019283192,,,5.90812903766,8.91880751882
LEAN06M,"CYP21A2",ENSG00000231852,17.993705,4.13198605837,,-3.33171763823,4.90555017526,-0.9683129456487154,6.62475646815,5.61213698874,,4.58177279607,-4.58058294005,,,,,,,,1.97598175512,5.01021967344,-0.895052841897,,,-4.9276017979,,,-2.36757020812,5.97251996304,,-3.65965445188,-1.56527115099,-1.43002457347,2.41625451733,-4.51488190648,-3.82067364441,,-3.83157581682,2.10450970435,,1.54640267088,,-5.43592975065,-0.682366853913,-2.8087413625,-1.39668601704,5.59789010203,,,6.50392028332,7.59412351487
LEAN06,"CYP21A2",ENSG00000231852,39.343854,6.00144495305,,-5.0824275811,6.57553306423,-2.0469620866746987,9.56334212206,7.19573003784,,6.12119578616,-6.41502634358,,,,,,,,2.58074449026,6.86237408538,-0.117687923996,,,-7.17722285344,,,-4.19668988983,8.56783669975,,-4.94567201807,-3.31404387877,-2.56900730676,2.76980419461,-6.39545160183,-5.36351458273,,-5.57622349069,2.99474270561,,1.94353692498,,-7.88607678994,-1.15426382438,-3.4945787102,-1.72698916796,7.46361537706,,,8.19847287225,10.5704088672
LUPU01,"CYP21A2",ENSG00000231852,48.523531,-1.85691040549,,-0.948574138636,11.8862313528,2.3573243006507503,19.7805488331,7.65528009715,,17.2977057007,-5.42508701776,,,,,,,,5.52630064063,7.43770724873,0.133095394598,,,-2.11984105133,,,-2.73378956023,1.68537686067,,-1.65072804092,-2.11465387092,-5.14873526906,2.63560992778,-4.42621599947,-5.38429236288,,-1.62697213677,3.56628840061,,1.76969194748,,-3.4579842518,3.54459068666,2.1933712823,0.148847882072,4.54208836454,,,18.847229007,18.6889547146
MENO01F,"CYP21A2",ENSG00000231852,7.437422,-1.45768390065,,0.664311393458,-2.74003585751,1.686827038473661,-3.48927230421,-2.32900174506,,-1.21363033775,4.27931252933,,,,,,,,-0.880444305012,-2.429144178,-0.27292849448,,,2.06508227405,,,1.37461293941,-3.11908030651,,-0.439933000727,1.70048592718,2.38898917449,-2.40204710979,2.08300679293,-0.870694972573,,2.51059264304,-0.0294968346381,,-1.44811538574,,0.34298057082,-1.07560148938,-0.239236313785,0.687748488609,-3.04253923374,,,-3.65377521681,-3.50963308818
NEUR02B,"CYP21A2",ENSG00000231852,8.301047,-2.95026984282,,-0.972330993589,-2.26897554573,0.7114839249948559,-4.1260556924,-3.42584782934,,-1.46643202967,2.67912604366,,,,,,,,-1.71723652579,-2.72013650127,-0.662810255651,,,1.51788843599,,,0.474097999115,-3.82402609035,,-0.715910345869,0.592979893794,2.55421377539,-2.40240267314,0.911627955618,-0.903908724366,,2.02017480189,-1.20474992277,,-0.208131476062,,1.73553463995,-1.5576536751,1.4430268571,0.449532418145,-2.9183645752,,,-2.84257185656,-3.47579895991
PRSC01,"CYP21A2",ENSG00000231852,64.325957,16.1293060429,,7.48097992568,17.688346348,2.1479022940620136,25.9973657743,23.8073323631,,19.5251488761,-11.5462664778,,,,,,,,14.8026175208,17.0349896812,11.9823367573,,,-0.349358514091,,,0.40989976918,15.2325780285,,3.15391274013,7.75567692471,1.94415333442,17.0293762146,-0.0795510439199,5.13448794948,,1.12168285144,10.7294499277,,7.84256516983,,-4.44711795791,8.91629152,7.54210137809,3.84004583953,25.4710025609,,,26.9446334413,24.3522349213
RHEU01,"CYP21A2",ENSG00000231852,70.426908,8.32905214724,,18.5208420096,-10.6794417621,7.618613525211218,-19.2945841468,0.879868062852,,5.30947370499,19.5569151667,,,,,,,,-5.28108890562,-6.22372694671,4.65332916397,,,19.7020494182,,,20.0727903187,-10.119613552,,3.8090034441,2.92246707405,15.3461747488,-6.06942767291,9.24158333288,5.11787152607,,12.91587649,-11.9665167192,,-11.8894649009,,11.5498500599,-2.64242186543,3.05041939773,-5.11153761326,-14.863271383,,,-7.80414266079,-19.8964791151
RHEU02,"CYP21A2",ENSG00000231852,112.961579,8.07564866141,,18.5208420096,-8.25013514395,7.618613525211218,-19.0357355468,0.880934834749,,5.07082664128,19.5569151667,,,,,,,,-5.0882117305,-5.62305934203,2.39076550779,,,19.7020494182,,,20.0555326619,-9.22758620352,,3.81701213645,2.92246707405,15.3461747488,-6.00284538573,9.83099005203,5.11787152607,,13.0212512859,-8.62775391072,,-13.7051000823,,10.37635962,-2.92009890894,2.99183131814,-5.11153761326,-15.1410631186,,,-6.89532825495,-19.7276054271
SCHI01,"CYP21A2",ENSG00000231852,13.349168,1.69519098436,,-0.492109082149,-6.35248578644,-1.8351552832748597,-7.68884780333,-2.58292246699,,-7.42770012527,3.82058395387,,,,,,,,-2.04796193619,-3.73869208468,-0.494401279289,,,1.34260897929,,,0.981492675148,-0.581406315648,,-2.8306703363,1.76397130784,2.44725750636,-1.70078903083,0.958159711528,-0.331679568664,,-0.0781730399456,-2.59847688172,,-0.436342462099,,-0.0381687810945,-2.69443660952,-0.414793518542,-1.16136655773,0.090291936354,,,-7.6695543298,-7.87320188131
SCHI02M,"CYP21A2",ENSG00000231852,13.104981,1.19716515667,,-1.08485266201,-5.88054728523,-1.6382591740660988,-7.89592369777,-3.0159119229,,-7.81621204581,3.35370613788,,,,,,,,-2.73773116036,-4.07861486497,-0.639927072128,,,0.707248155715,,,0.232916456631,0.608551409797,,-2.66551233749,1.06741569679,1.28258585001,-2.83499909402,0.613470055719,-1.6109296886,,-0.57233405038,-2.46246200048,,-1.1133484405,,-0.727014866343,-3.03211324492,-0.522706049675,-1.15282287655,-1.06749421957,,,-7.82764916304,-8.02219154741
SCHI02,"CYP21A2",ENSG00000231852,13.184382,1.84627583113,,-0.476776987506,-6.51428866716,-1.8860300486568395,-7.88243451708,-2.95137561534,,-7.60217400296,3.93358110681,,,,,,,,-2.22209703032,-3.97644748785,-0.411138158489,,,1.30319772572,,,0.915768194477,-0.814844987168,,-2.6159785077,1.69534991303,2.46963585037,-1.51885328541,0.825014236736,-0.441049266734,,0.202080592767,-2.6940815688,,-0.512216939207,,0.0303124242887,-2.61054342594,-0.509580171774,-1.35259930898,0.213248985111,,,-7.69535874081,-8.07813148882
TRGL03,"CYP21A2",ENSG00000231852,7.507351,-1.42659442414,,3.23373052806,-0.293618232105,3.376772961856336,-3.35796628499,-1.60013089795,,-1.25003605774,6.08034731334,,,,,,,,0.683645120324,-0.0456877848854,-0.428179347425,,,4.01552502024,,,3.16678863911,-0.0794652776893,,3.38970803032,1.53672801031,-0.0142199463675,-2.24499832858,4.56098784011,3.53344251938,,1.98530331305,-0.000858722133825,,1.97131491267,,4.09164239895,3.07521927821,2.46444714541,1.68701130329,-0.515487753073,,,-2.91133530957,-2.32118745865
ULCC01,"CYP21A2",ENSG00000231852,24.335433,-5.16800044841,,-7.58238798006,-3.22870311413,-6.412619786034432,0.617017753047,-5.72866267779,,-1.15211716533,-2.54104996184,,,,,,,,-1.14636386108,-4.47201297622,3.08029830014,,,-4.28382041364,,,-6.05946282511,1.04865700605,,-5.93427109437,-8.07215539689,-8.51855633055,1.86040726016,-4.63531410676,-1.78797047294,,-7.34080235767,4.57094853729,,-4.4693822703,,-6.49977263968,-4.9555034315,2.97881718216,-5.99525643216,-4.00087000444,,,-0.143956359096,-1.6764556818
WAIS03M,"CYP21A2",ENSG00000231852,1.271833,-3.93875393018,,-2.1547583218,-3.67572495127,-2.2758452593503207,-2.01889420789,-3.54669620204,,-4.15372817714,-0.319865887781,,,,,,,,-3.78857807578,-3.01247159195,-2.97181054439,,,-2.36524898924,,,-1.87540253433,0.187381458407,,-3.16518892984,-2.72437123865,-1.7166595817,-1.85897815877,-2.39167131738,-2.83237400055,,-1.44498015497,-1.41447649761,,-4.05203479506,,-1.40495603477,-2.96160750046,-4.16283608214,-2.78223835287,-3.47830539201,,,-4.79678209737,-3.63169065827
WEIG04F,"CYP21A2",ENSG00000231852,2.257833,0.147808453404,,-4.27133078691,1.79250028502,-2.4865702295341157,1.03011833758,0.493108167188,,0.469518878983,-1.8727713151,,,,,,,,-0.743225275613,1.3609336004,0.354669790006,,,-4.17999176554,,,-3.37100993094,1.66291375715,,-3.17798398822,-3.09457453758,-3.23915956267,-0.851844983259,-4.11208618831,-3.28893837682,,-5.00511628698,0.33413388893,,-2.15879215772,,-4.51756296741,-2.41258408649,-2.3912569487,-3.19208451654,-0.0194595827766,,,1.81290897398,1.51864985755
WEIG04M,"CYP21A2",ENSG00000231852,0.646468,-0.462922278228,,-4.94925331314,0.314994419565,-2.8762576535626203,0.390669931927,-0.550233091471,,-0.797107034365,-2.87246218466,,,,,,,,-2.29172061509,-0.505177486478,-0.233923107047,,,-5.0690705344,,,-4.26785554668,-0.195496296528,,-3.22352118156,-2.80095504263,-2.02803083369,-1.16116047997,-4.02522970302,-4.2407246762,,-3.32087866003,1.15592220533,,-2.11612140809,,-5.84374767858,-3.49748563494,-1.97171533629,-3.38104287032,-0.865040610745,,,-0.354978919773,0.232901488524
