code,target,ENSEMBL,association,Adipose_Subcutaneous,Adipose_Visceral_Omentum,Breast_Mammary_Tissue,Muscle_Skeletal,DGN_Whole_Blood,Whole_Blood,Artery_Aorta,Artery_Coronary,Artery_Tibial,Heart_Atrial_Appendage,Heart_Left_Ventricle,Spleen,Brain_Amygdala,Brain_Anterior_cingulate_cortex_BA24,Brain_Caudate_basal_ganglia,Brain_Nucleus_accumbens_basal_ganglia,Brain_Putamen_basal_ganglia,Brain_Cerebellar_Hemisphere,Brain_Cerebellum,Brain_Cortex,Brain_Frontal_Cortex_BA9,Brain_Hippocampus,Brain_Hypothalamus,Brain_Spinal_cord_cervical_c-1,Brain_Substantia_nigra,Nerve_Tibial,Cells_Transformed_fibroblasts,Cells_EBV-transformed_lymphocytes,Colon_Sigmoid,Colon_Transverse,Esophagus_Gastroesophageal_Junction,Esophagus_Mucosa,Esophagus_Muscularis,Liver,Minor_Salivary_Gland,Small_Intestine_Terminal_Ileum,Stomach,Adrenal_Gland,Pituitary,Pancreas,Thyroid,Lung,Ovary,Prostate,Testis,Uterus,Vagina,Skin_Not_Sun_Exposed_Suprapubic,Skin_Sun_Exposed_Lower_leg
BFPC02B,"APOPT1",ENSG00000256053,5.344573,,,,3.91093537469,,,,,,,,,,,-3.60883672613,-3.28448991274,-2.20443347762,,,,-3.30262259236,-3.7791669974,,,,-4.40430955316,-3.8843202753,,,,,,,-3.24931463313,,,-1.55792333992,,-3.89932200061,,-4.29689576014,-4.71035918723,,,,,,-3.26472114258,
BFPC02,"APOPT1",ENSG00000256053,5.797321,,,,3.93482435741,,,,,,,,,,,-3.49161110405,-3.35927573899,-2.23232105997,,,,-3.25793833217,-3.67077283418,,,,-4.67527902084,-3.90579244259,,,,,,,-3.18245664319,,,-1.53607881267,,-4.05234092762,,-4.6343549063,-5.03680425843,,,,,,-3.65471047832,
BFPC03B,"APOPT1",ENSG00000256053,5.857955,,,,3.9486019275,,,,,,,,,,,-3.72913680957,-3.30473957525,-2.23522346213,,,,-3.3490591368,-3.78145135863,,,,-4.41068991645,-3.92286953897,,,,,,,-3.24308288372,,,-1.58878238598,,-3.945811983,,-4.28248489847,-4.70807425816,,,,,,-3.21711956464,
BFPC03,"APOPT1",ENSG00000256053,6.462395,,,,3.96976636568,,,,,,,,,,,-3.61949362042,-3.3746534735,-2.25076284587,,,,-3.30386617703,-3.65017165332,,,,-4.66643973727,-3.94018152105,,,,,,,-3.16696916387,,,-1.55291557973,,-4.09579341313,,-4.60734963739,-5.0177279849,,,,,,-3.58755243345,
BFPC04B,"APOPT1",ENSG00000256053,6.002312,,,,4.23436860351,,,,,,,,,,,-3.911433215,-3.40632576036,-2.19095776745,,,,-3.8559075878,-4.76587115844,,,,-4.14639222196,-4.31645036264,,,,,,,-3.81997844297,,,-2.73109105856,,-4.06183921152,,-4.07406595457,-4.50840751218,,,,,,-2.84185287762,
BFPC04F,"APOPT1",ENSG00000256053,9.881272,,,,4.80634773735,,,,,,,,,,,-3.65390612396,-4.21588727281,-2.44966177685,,,,-4.20717528462,-4.31607705508,,,,-5.49421886251,-4.8811027757,,,,,,,-4.10396146887,,,-2.28305634262,,-5.28133534973,,-5.52856530426,-5.69262912781,,,,,,-4.49704889639,
BFPC04,"APOPT1",ENSG00000256053,7.284272,,,,4.65792519708,,,,,,,,,,,-4.14087882133,-3.84341169267,-2.42194031692,,,,-4.22096203825,-4.97313780766,,,,-4.7129688045,-4.75109546836,,,,,,,-4.1930916487,,,-2.82667911911,,-4.61026147015,,-4.60736596199,-5.03417524016,,,,,,-3.31168892209,
BLOO02,"APOPT1",ENSG00000256053,6.144917,,,,2.76173777485,,,,,,,,,,,-1.96536776485,-2.57209361115,-0.353312494672,,,,-1.93477120071,-1.08330993396,,,,-3.35984188884,-2.51765692961,,,,,,,-1.08142858429,,,-0.069611304984,,-2.73612206179,,-4.19924097673,-4.22815592131,,,,,,-2.96954753811,
BLOO04,"APOPT1",ENSG00000256053,11.023967,,,,4.7186306612,,,,,,,,,,,-3.7491760811,-3.85949435448,-2.54797383105,,,,-3.83105197857,-3.73317200354,,,,-5.60716005694,-4.58966756195,,,,,,,-2.94004482732,,,-1.95581405278,,-4.4986528671,,-5.37347384445,-5.21006635209,,,,,,-3.99091970479,
BLOO05,"APOPT1",ENSG00000256053,28.454916,,,,-2.86820299921,,,,,,,,,,,2.11924877537,2.81461232626,3.23490415705,,,,4.14183117452,-0.497660425252,,,,-0.647686471314,3.22591084133,,,,,,,3.02486575612,,,1.05824569286,,2.3273452889,,-2.65066392812,-3.55737824773,,,,,,-2.48431898792,
BLOO11,"APOPT1",ENSG00000256053,8.067993,,,,2.05483825949,,,,,,,,,,,-1.70226392255,-2.42512385843,-0.949154821926,,,,-0.935047781664,-1.96312582401,,,,-4.81505082448,-1.77368248124,,,,,,,-1.79865365433,,,-2.97975903634,,-2.12083069511,,-4.56910611041,-4.87834402963,,,,,,-4.1763896677,
BLOO12,"APOPT1",ENSG00000256053,5.782358,,,,0.596226563686,,,,,,,,,,,-0.247116812052,-0.695169958575,0.649288391083,,,,-0.0389053050752,-0.500574940175,,,,-2.41613822501,-0.493544890887,,,,,,,-0.153044844559,,,-0.112112943852,,-1.03961406489,,-2.67786920302,-3.41080097907,,,,,,-2.86493776597,
BLOO19,"APOPT1",ENSG00000256053,17.532096,,,,2.33206960767,,,,,,,,,,,-1.36090111711,-2.14732700627,-1.98485839218,,,,-3.48207939566,0.839661801039,,,,0.331086143318,-2.73739515057,,,,,,,-2.30583062199,,,0.289134561462,,-2.25007952171,,2.02619961259,2.23702889266,,,,,,1.67309736798,
BLOO21,"APOPT1",ENSG00000256053,6.952258,,,,3.2658669282,,,,,,,,,,,-2.68497568263,-2.48977341554,-2.30728205481,,,,-2.59007163223,-2.91077853354,,,,-4.53842533715,-3.27989752222,,,,,,,-1.79786933845,,,-1.89513728028,,-3.199386557,,-3.99887914065,-4.03670111275,,,,,,-3.00208683095,
BLOO22,"APOPT1",ENSG00000256053,7.920349,,,,3.71666476737,,,,,,,,,,,-2.99383815426,-2.87985835603,-2.36883310222,,,,-2.92397168178,-3.07931155126,,,,-5.03841518133,-3.69424097948,,,,,,,-1.98032255546,,,-1.93489950691,,-3.64530325723,,-4.62496163117,-4.65657107083,,,,,,-3.43662525597,
BLOO26,"APOPT1",ENSG00000256053,8.163682,,,,0.933618439374,,,,,,,,,,,-1.53738743209,-0.85927963536,-0.880749273132,,,,-1.52244109043,-3.47310299459,,,,0.625030091115,-1.19428146543,,,,,,,-1.44714367215,,,-2.06890480996,,-0.987947066915,,0.970725463748,1.93729454324,,,,,,0.707666598625,
BLOO27,"APOPT1",ENSG00000256053,9.202476,,,,-0.945753765278,,,,,,,,,,,-0.22999498675,0.732530139056,-0.476044789576,,,,0.146492992911,-2.04947569571,,,,2.1805887651,0.617005269703,,,,,,,-0.36609691506,,,-1.56944230056,,0.646685782891,,2.44959397346,3.14304077689,,,,,,1.57708590421,
BLOO28,"APOPT1",ENSG00000256053,14.705313,,,,-3.41219916983,,,,,,,,,,,2.25095641472,3.41312572501,3.02272381894,,,,4.37352924701,-0.112909220583,,,,1.06046964582,3.74971774439,,,,,,,3.28078674379,,,0.930118030769,,3.17305661505,,-0.91660846332,-1.29232600329,,,,,,-0.687364184993,
BLOO36,"APOPT1",ENSG00000256053,7.828947,,,,4.15376546892,,,,,,,,,,,-3.40992415475,-3.34891444071,-2.53676354887,,,,-3.44436370289,-3.56427596381,,,,-4.99414661141,-4.07674621992,,,,,,,-2.75261646993,,,-2.02317934744,,-3.98716432589,,-4.53972645916,-4.39481167043,,,,,,-3.43580152372,
BODY04,"APOPT1",ENSG00000256053,5.350977,,,,4.32449988918,,,,,,,,,,,-4.59938042818,-4.1349188957,-1.66335120401,,,,-4.80352834582,-4.2707495304,,,,-1.68115250889,-4.63366377917,,,,,,,-4.67242125937,,,-2.67567024271,,-4.73258074927,,-1.3735606753,-0.120431846573,,,,,,-1.11486513715,
BODY06B,"APOPT1",ENSG00000256053,5.283187,,,,4.32734747935,,,,,,,,,,,-4.12458656096,-3.55220012812,-2.14940446196,,,,-3.88791589389,-4.52545806308,,,,-4.73093800751,-4.29194143427,,,,,,,-4.10299727948,,,-3.13857410727,,-4.31559462986,,-4.37147487638,-4.69123513941,,,,,,-3.03470662372,
BODY06,"APOPT1",ENSG00000256053,6.860215,,,,4.53744467854,,,,,,,,,,,-4.21721559113,-3.80413515062,-2.34751476154,,,,-4.05282198642,-4.53909666078,,,,-5.09429723091,-4.51895060274,,,,,,,-4.10978732782,,,-3.18026056147,,-4.65654485758,,-4.72173161008,-5.00002486523,,,,,,-3.41530696008,
BODY07B,"APOPT1",ENSG00000256053,5.776842,,,,4.39048028554,,,,,,,,,,,-4.25945743657,-3.58863948291,-2.20769232414,,,,-3.95721467552,-4.55270776456,,,,-4.74158244267,-4.35445276279,,,,,,,-4.11784303959,,,-3.11542845204,,-4.36424361003,,-4.36456242519,-4.68715077459,,,,,,-2.9953306477,
BODY07,"APOPT1",ENSG00000256053,6.132839,,,,4.59281526161,,,,,,,,,,,-4.35393935047,-3.82624439202,-2.39440743658,,,,-4.11823298156,-4.53377100621,,,,-5.08066928461,-4.57338534818,,,,,,,-4.10797384235,,,-3.12600292059,,-4.69141495729,,-4.69059007623,-4.97397794687,,,,,,-3.34638245196,
BODY08B,"APOPT1",ENSG00000256053,9.330906,,,,5.65638612405,,,,,,,,,,,-5.19612346753,-4.3841414358,-2.67364713589,,,,-5.34505487236,-5.94047823111,,,,-5.20008158722,-5.71120338016,,,,,,,-5.34029317477,,,-4.13383879805,,-5.23011616617,,-4.84752545459,-5.1011433699,,,,,,-3.10010413532,
BODY08F,"APOPT1",ENSG00000256053,12.387428,,,,6.19282126712,,,,,,,,,,,-5.334339491,-5.47641529688,-3.35638653391,,,,-5.74472679065,-5.65874121996,,,,-6.54147921673,-6.34953834527,,,,,,,-5.2771175759,,,-3.55193390899,,-6.54201920978,,-5.95028869137,-6.23207738903,,,,,,-4.49367747236,
BODY08,"APOPT1",ENSG00000256053,11.563885,,,,6.12559515343,,,,,,,,,,,-5.54868792921,-4.90661736828,-2.98052262489,,,,-5.7816263806,-6.22909631597,,,,-5.78438877148,-6.2090654137,,,,,,,-5.68379025059,,,-4.23484315382,,-5.83495766744,,-5.3211188082,-5.61745128816,,,,,,-3.49854053883,
DEPR01,"APOPT1",ENSG00000256053,8.989488,,,,-1.5778315978,,,,,,,,,,,2.00161961433,0.587956084136,-0.791785893204,,,,2.3663564442,2.04611092246,,,,-1.67279682839,2.13575129063,,,,,,,0.142837093111,,,0.321362747246,,1.11705633396,,-2.40294096533,-2.51010333021,,,,,,-3.20406275529,
EDUC03,"APOPT1",ENSG00000256053,11.859146,,,,-0.433126353323,,,,,,,,,,,1.52045920432,-0.681169208098,-0.739574094356,,,,1.66375021844,1.21191969943,,,,-1.81746183004,0.75122154068,,,,,,,1.43648943693,,,-1.51689329072,,-0.0726161394303,,-3.57431222647,-3.24030343495,,,,,,-4.62905344286,
FATM04B,"APOPT1",ENSG00000256053,6.697085,,,,4.11010566166,,,,,,,,,,,-3.8024143526,-3.15938326514,-2.25376419571,,,,-3.9062004477,-5.04403783217,,,,-3.74627186769,-4.16818155417,,,,,,,-4.17996716669,,,-3.55187965801,,-3.84780991565,,-3.52665510289,-3.6803843907,,,,,,-2.38075735645,
FATM04F,"APOPT1",ENSG00000256053,9.859932,,,,4.81626676916,,,,,,,,,,,-3.83983996864,-4.2174159682,-2.68807750072,,,,-4.3879369256,-4.6209028673,,,,-5.38551504664,-4.91636535548,,,,,,,-4.2654420002,,,-2.85782214024,,-5.27568503774,,-4.98982346111,-5.18394092901,,,,,,-3.99445642429,
FATM04,"APOPT1",ENSG00000256053,9.339116,,,,4.57440485285,,,,,,,,,,,-4.1042392873,-3.64912324459,-2.5293308151,,,,-4.32388180303,-5.27852135652,,,,-4.35824853323,-4.65432011017,,,,,,,-4.53380137352,,,-3.6112111095,,-4.44624392059,,-4.03575063037,-4.2392824854,,,,,,-2.81782834812,
HEIG03,"APOPT1",ENSG00000256053,6.222791,,,,-3.34701046888,,,,,,,,,,,2.91446196884,2.18903364532,-0.264408518481,,,,2.76739353855,1.52748375488,,,,2.67693656975,3.36897134227,,,,,,,2.25064865628,,,-0.617734378587,,2.6106340362,,3.46438639179,3.51834179597,,,,,,1.35370014267,
LEAN06B,"APOPT1",ENSG00000256053,7.724343,,,,2.66567016522,,,,,,,,,,,-2.6564779994,-2.46939637542,-1.69334858839,,,,-2.90376008482,-3.66079570723,,,,-2.03946368782,-2.80210445368,,,,,,,-3.60139199861,,,-3.70592258185,,-2.75503395828,,-1.42263127636,-1.19028729753,,,,,,-1.24736995345,
LEAN06F,"APOPT1",ENSG00000256053,6.644855,,,,3.07494519078,,,,,,,,,,,-2.99068394955,-3.11139771843,-2.16617648981,,,,-3.22485151932,-3.33231899949,,,,-2.90764882119,-3.30465019622,,,,,,,-3.38432976631,,,-2.75807261644,,-3.35172219124,,-1.86423426076,-2.05153596718,,,,,,-1.71533315057,
OSTE04,"APOPT1",ENSG00000256053,27.095485,,,,8.21203753356,,,,,,,,,,,-7.43048566327,-6.70008164499,-5.68504693791,,,,-8.30218840065,-5.02905246642,,,,-6.69106799388,-8.64788357353,,,,,,,-6.23512576622,,,-3.88959703795,,-7.41818874499,,-4.43253750543,-5.75721080347,,,,,,-1.94489366658,
SCHI01,"APOPT1",ENSG00000256053,13.230158,,,,5.23308357482,,,,,,,,,,,-4.30290212004,-5.6003298835,-1.68692765655,,,,-4.1729831635,-4.45654553132,,,,-6.60657966171,-4.91591199834,,,,,,,-4.73419901563,,,-3.93298239778,,-5.55014969154,,-7.06003536781,-6.67386997454,,,,,,-5.65889267943,
SCHI02F,"APOPT1",ENSG00000256053,12.953349,,,,4.05443908673,,,,,,,,,,,-3.05894025314,-3.84311627598,-1.00700828779,,,,-2.98491625494,-3.51209040239,,,,-5.70211105153,-3.75268293921,,,,,,,-3.49031210642,,,-2.4028118187,,-4.42118257895,,-6.11220189158,-5.97332461897,,,,,,-4.46351002333,
SCHI02,"APOPT1",ENSG00000256053,13.590405,,,,5.14094813242,,,,,,,,,,,-4.12105763288,-5.55305893159,-1.7087997903,,,,-4.09494877554,-4.31681879708,,,,-6.55205088513,-4.78031237392,,,,,,,-4.61452724055,,,-4.08220950486,,-5.42238441995,,-6.96962531838,-6.57476853868,,,,,,-5.60293582397,
