code,target,ENSEMBL,association,Adipose_Subcutaneous,Adipose_Visceral_Omentum,Breast_Mammary_Tissue,Muscle_Skeletal,DGN_Whole_Blood,Whole_Blood,Artery_Aorta,Artery_Coronary,Artery_Tibial,Heart_Atrial_Appendage,Heart_Left_Ventricle,Spleen,Brain_Amygdala,Brain_Anterior_cingulate_cortex_BA24,Brain_Caudate_basal_ganglia,Brain_Nucleus_accumbens_basal_ganglia,Brain_Putamen_basal_ganglia,Brain_Cerebellar_Hemisphere,Brain_Cerebellum,Brain_Cortex,Brain_Frontal_Cortex_BA9,Brain_Hippocampus,Brain_Hypothalamus,Brain_Spinal_cord_cervical_c-1,Brain_Substantia_nigra,Nerve_Tibial,Cells_Transformed_fibroblasts,Cells_EBV-transformed_lymphocytes,Colon_Sigmoid,Colon_Transverse,Esophagus_Gastroesophageal_Junction,Esophagus_Mucosa,Esophagus_Muscularis,Liver,Minor_Salivary_Gland,Small_Intestine_Terminal_Ileum,Stomach,Adrenal_Gland,Pituitary,Pancreas,Thyroid,Lung,Ovary,Prostate,Testis,Uterus,Vagina,Skin_Not_Sun_Exposed_Suprapubic,Skin_Sun_Exposed_Lower_leg
BFPC04B,"STX4",ENSG00000103496,14.629209,2.58223444427,,,5.0191277703,5.725392527009089,,,,0.784894914127,,,5.24002438206,,,,,,,3.65156604222,,,,,,,4.97736586759,0.820443696257,1.56712518039,,5.47036569701,,5.85896464762,5.2464585673,,,,,,,,5.20462270109,,4.09444816479,,5.14071437764,,,5.6088237977,5.70075496757
BFPC04F,"STX4",ENSG00000103496,16.644548,3.10479657421,,,5.03794215446,5.455924405870368,,,,-0.562912224289,,,4.95781502472,,,,,,,3.59408921679,,,,,,,4.74694901147,0.302635739474,1.8290982042,,5.64322917301,,5.81563078703,5.14284910597,,,,,,,,5.0147852909,,4.14072366833,,4.98634076046,,,5.60804007285,5.80924746582
BFPC04,"STX4",ENSG00000103496,16.525376,2.94093865821,,,5.37612466235,6.0572235162672765,,,,0.583604528508,,,5.52527912428,,,,,,,3.8686414523,,,,,,,5.28501238659,0.809985766794,1.77587823677,,5.88953971571,,6.24024809208,5.58801655677,,,,,,,,5.5082156115,,4.42095078601,,5.43813054997,,,5.9910288752,6.09981122871
BLOO02,"STX4",ENSG00000103496,9.240710,-4.31189205776,,,-5.72876154637,-5.2054452360947545,,,,-0.656183315632,,,-4.8047342583,,,,,,,-3.34682460477,,,,,,,-5.52830203243,-3.26606210394,-1.66770246695,,-5.32933534954,,-5.50812403429,-5.33086170541,,,,,,,,-5.7124784536,,-2.80609575591,,-5.5965797665,,,-5.54080351018,-5.13051539942
BLOO11,"STX4",ENSG00000103496,13.786376,0.337607604546,,,-3.83070253597,-3.7073879335938376,,,,-0.510586659763,,,-3.32344357635,,,,,,,-2.56672421152,,,,,,,-5.3328383698,-0.0396037217871,0.0287780265329,,-3.48443473613,,-3.86682541812,-3.19750678963,,,,,,,,-3.88122735066,,-3.34462909065,,-2.92309552552,,,-3.83272486751,-4.15667877199
BLOO26,"STX4",ENSG00000103496,12.585879,4.85595733051,,,6.23552255088,5.966918863481304,,,,2.52871723587,,,5.44334859693,,,,,,,3.54302593658,,,,,,,6.35981195501,4.09103433971,1.81135951961,,6.15194068064,,6.26225368096,5.93009689356,,,,,,,,6.66303389344,,4.29045391961,,6.84953206423,,,6.31644449846,5.76922387916
BLOO27,"STX4",ENSG00000103496,9.561094,4.43424257352,,,5.44469301225,5.236215112783452,,,,2.30262932784,,,4.91890681174,,,,,,,3.45896083191,,,,,,,5.33879976991,3.80951273147,1.37521555757,,5.38332646037,,5.5833004524,5.21443957117,,,,,,,,6.03107852334,,3.35182659011,,5.92695867686,,,5.604493583,5.22809035787
BODY03,"STX4",ENSG00000103496,9.454730,0.799252451825,,,3.92256889757,3.4651257735588215,,,,1.10155343726,,,3.4289702804,,,,,,,2.20197793485,,,,,,,3.11536977904,1.22804395272,0.329979376188,,4.04424680961,,3.93833399968,3.20552646457,,,,,,,,3.64957236525,,1.88686293313,,3.44118718222,,,3.93064673136,3.85992099696
BODY04F,"STX4",ENSG00000103496,6.289071,0.909913176178,,,3.94367587571,3.024562416022268,,,,0.878615253522,,,3.0709894516,,,,,,,1.49510013474,,,,,,,3.39084503897,1.69645893342,0.0511178529548,,3.6525300395,,3.73846596194,3.02304318343,,,,,,,,3.58746182997,,2.89357702908,,3.71803188785,,,3.53292498835,3.66701245906
BODY04,"STX4",ENSG00000103496,10.354627,1.00304727351,,,4.34745132173,3.749254649487622,,,,0.93383327066,,,3.66537865186,,,,,,,2.3731667098,,,,,,,3.44352008593,1.36909563496,0.382230469495,,4.32977794226,,4.29323040228,3.54801362691,,,,,,,,3.93497088492,,2.08796477663,,3.74561527279,,,4.18699965258,4.20367191684
BODY08B,"STX4",ENSG00000103496,21.587405,0.545587710946,,,4.73292694632,5.630112152829518,,,,1.1892884133,,,4.81205597218,,,,,,,3.17158672,,,,,,,4.62392911841,-0.234667650641,0.0414191380365,,4.83877619893,,5.44296111619,4.4754641738,,,,,,,,4.917886728,,2.75683999894,,4.96923255925,,,5.11829814558,5.56613337039
BODY08F,"STX4",ENSG00000103496,16.928265,2.02643530128,,,5.18722005957,5.633933680295526,,,,-0.361997308227,,,5.0738782919,,,,,,,3.38133713803,,,,,,,5.06216710859,-0.161276958284,1.29601267774,,5.33493636463,,5.66953638733,4.84073199889,,,,,,,,5.07925450407,,3.39113214464,,5.03903873311,,,5.40888959444,5.82195671121
BODY08M,"STX4",ENSG00000103496,7.464453,-0.978579535749,,,2.0733633314,2.9249735737916644,,,,1.9433585724,,,2.27968062679,,,,,,,1.4707123703,,,,,,,2.03087425058,-0.187081269887,-1.041337883,,2.09485057331,,2.63747593895,2.01611517435,,,,,,,,2.41935921265,,0.90240560918,,2.52553904095,,,2.41500750724,2.67623696497
BODY08,"STX4",ENSG00000103496,19.087953,1.02525313925,,,5.17874344709,6.029579247163523,,,,0.970225574495,,,5.21912091311,,,,,,,3.41930204932,,,,,,,5.05953946333,-0.143455628492,0.439859664569,,5.31463262735,,5.87211557353,4.89481709363,,,,,,,,5.30106883838,,3.1230320377,,5.3470592974,,,5.55016304386,6.00117549591
FATM02,"STX4",ENSG00000103496,6.118148,1.61421449384,,,3.40024594978,3.772745587848854,,,,1.43593007315,,,3.22729864705,,,,,,,1.83582760308,,,,,,,3.45320391991,2.21333610516,0.845935014205,,4.07596572736,,3.79790738966,3.45374835753,,,,,,,,3.36119091272,,2.32495104121,,3.60116036858,,,3.73920152409,3.84992344038
FATM04B,"STX4",ENSG00000103496,19.482052,2.4403255061,,,5.83135730001,6.3508914164699695,,,,1.06334833841,,,5.6932782109,,,,,,,3.43567408845,,,,,,,5.63788905958,0.895456135158,1.44364377915,,6.03762643912,,6.45095244053,5.6572614333,,,,,,,,5.80754830614,,4.53064944469,,5.95050247545,,,6.15418061852,6.36742734339
FATM04F,"STX4",ENSG00000103496,19.452275,3.16032933093,,,5.56550204066,5.892169313452578,,,,-0.797344530483,,,5.2627584348,,,,,,,3.26905225761,,,,,,,5.37434951434,0.466382516791,2.22730672009,,5.87971588528,,6.12494437399,5.37328497898,,,,,,,,5.44212393059,,4.34005993007,,5.40375321397,,,5.8611036214,6.15824927147
FATM04M,"STX4",ENSG00000103496,7.039748,0.679661067899,,,3.30953446744,3.7486298292438778,,,,2.14591703835,,,3.37764853455,,,,,,,1.95737153114,,,,,,,3.20534217485,0.83446305125,0.105356097461,,3.32806847583,,3.68843219899,3.23308084886,,,,,,,,3.38117378179,,2.56571494088,,3.61220496144,,,3.50435146073,3.54456962768
FATM04,"STX4",ENSG00000103496,21.371080,2.85035980862,,,6.19283271004,6.694267981521952,,,,0.764995134847,,,5.99106464634,,,,,,,3.61354579661,,,,,,,5.98696833755,0.916708534669,1.77428964056,,6.43677727461,,6.8198722709,5.99899003287,,,,,,,,6.12427059845,,4.83403309266,,6.23417259406,,,6.51994058501,6.75138547733
HIPC01,"STX4",ENSG00000103496,9.480618,1.21364632568,,,4.3289006906,4.164476191608388,,,,1.27118029976,,,3.9106671121,,,,,,,2.03367899673,,,,,,,4.2229305889,0.667935804987,0.331376538445,,4.56035215659,,4.65515307337,3.61826605063,,,,,,,,4.45122309512,,2.55430500155,,4.70712692407,,,4.38029371265,4.62661674851
HIPC02M,"STX4",ENSG00000103496,5.951636,2.11549122167,,,3.40493733206,3.8631633085178683,,,,0.288226092087,,,3.72243831948,,,,,,,2.45469416473,,,,,,,3.20606013941,0.526950742727,1.77989573192,,3.80146987915,,4.05930147041,3.84921035143,,,,,,,,3.92384419681,,1.00895271399,,4.12041996493,,,3.76372747864,4.07805921156
HIPC02,"STX4",ENSG00000103496,8.793525,1.18041607572,,,4.28412554379,4.052736962918465,,,,1.38549457198,,,3.8035914148,,,,,,,1.97799599078,,,,,,,4.08701141944,0.624124390309,0.303907196011,,4.45717140363,,4.52769287474,3.51919641609,,,,,,,,4.32934659367,,2.59884142876,,4.57824337469,,,4.26035933081,4.49993773924
LEAN06B,"STX4",ENSG00000103496,12.900665,0.74096822128,,,4.13065632077,3.8146181860973094,,,,0.567970598065,,,3.12322982765,,,,,,,0.919612498467,,,,,,,3.68463387766,1.07996847203,0.782593203903,,3.85945377396,,3.8142183712,3.03919645496,,,,,,,,3.59555748274,,2.89382719518,,4.26349566007,,,3.67690218187,3.96497073962
LEAN06F,"STX4",ENSG00000103496,11.328985,1.43750962645,,,3.95846054462,3.7134414763235295,,,,-0.650260452741,,,3.19840525892,,,,,,,1.05194835296,,,,,,,3.67980635514,1.14809624849,1.91189250085,,3.77501654225,,3.70124279678,3.05612128116,,,,,,,,3.5207659089,,2.72113148201,,4.02544105361,,,3.64585657546,3.86369357365
LEAN06,"STX4",ENSG00000103496,11.035542,0.151021315581,,,3.55296872276,3.257334964924766,,,,1.35715960937,,,2.5675075569,,,,,,,0.662544115941,,,,,,,3.06317500414,0.920243875937,-0.0590424568215,,3.28766453985,,3.25782399793,2.53104741693,,,,,,,,3.06502571892,,2.5062219529,,3.76371176616,,,3.0859400763,3.37586966353
NEUR02B,"STX4",ENSG00000103496,9.370244,-4.63027533708,,,-4.71583606985,-4.621073936370903,,,,0.351200906308,,,-4.51571469497,,,,,,,-4.35905068872,,,,,,,-4.31935291474,-2.58439230161,-3.26554330361,,-5.22690859903,,-5.4967626237,-5.4283692147,,,,,,,,-5.51926233405,,-3.6750444787,,-4.39999838428,,,-5.59238151367,-5.17957579211
OBES02,"STX4",ENSG00000103496,5.430591,2.31247012306,,,4.45387951096,4.201777360747872,,,,0.641003479967,,,3.85985748251,,,,,,,2.43922652815,,,,,,,4.00056329323,2.61767601851,0.540447709677,,4.4519724691,,4.67610408084,4.1793407434,,,,,,,,4.68605035076,,2.16094165601,,4.7480811569,,,4.49490296832,4.72489569684
TRGL03,"STX4",ENSG00000103496,6.917681,1.02200236262,,,3.99020191858,4.335244795449764,,,,-2.00865165623,,,3.27895791515,,,,,,,2.34470337788,,,,,,,3.60827013442,-1.09251454858,1.03461364278,,3.97455141585,,3.80697943233,3.25433656975,,,,,,,,4.21516086023,,1.71248695165,,1.37462173259,,,4.27688139414,3.87678309148
WAIS01,"STX4",ENSG00000103496,8.501662,2.06923819091,,,4.64370515776,4.472293270930457,,,,-0.0106265834763,,,3.84914694186,,,,,,,2.10398689829,,,,,,,5.33052923773,1.10120146689,0.855676571714,,4.75729426076,,5.03431421669,4.08134196546,,,,,,,,5.1674795778,,3.7029524122,,5.15721377162,,,4.75877496807,5.07219499554
WAIS02,"STX4",ENSG00000103496,8.917753,2.0033998189,,,4.62307838038,4.334513089766714,,,,0.159642559287,,,3.72667602049,,,,,,,2.03704288743,,,,,,,5.15337982314,1.10047280874,0.847086286862,,4.67429015135,,4.87413397852,3.95148304381,,,,,,,,5.0030622968,,3.791911911,,4.99312313452,,,4.60736167611,4.91080944865
