code,target,ENSEMBL,association,Adipose_Subcutaneous,Adipose_Visceral_Omentum,Breast_Mammary_Tissue,Muscle_Skeletal,DGN_Whole_Blood,Whole_Blood,Artery_Aorta,Artery_Coronary,Artery_Tibial,Heart_Atrial_Appendage,Heart_Left_Ventricle,Spleen,Brain_Amygdala,Brain_Anterior_cingulate_cortex_BA24,Brain_Caudate_basal_ganglia,Brain_Nucleus_accumbens_basal_ganglia,Brain_Putamen_basal_ganglia,Brain_Cerebellar_Hemisphere,Brain_Cerebellum,Brain_Cortex,Brain_Frontal_Cortex_BA9,Brain_Hippocampus,Brain_Hypothalamus,Brain_Spinal_cord_cervical_c-1,Brain_Substantia_nigra,Nerve_Tibial,Cells_Transformed_fibroblasts,Cells_EBV-transformed_lymphocytes,Colon_Sigmoid,Colon_Transverse,Esophagus_Gastroesophageal_Junction,Esophagus_Mucosa,Esophagus_Muscularis,Liver,Minor_Salivary_Gland,Small_Intestine_Terminal_Ileum,Stomach,Adrenal_Gland,Pituitary,Pancreas,Thyroid,Lung,Ovary,Prostate,Testis,Uterus,Vagina,Skin_Not_Sun_Exposed_Suprapubic,Skin_Sun_Exposed_Lower_leg
BFPC02B,"LIN7C",ENSG00000148943,10.101681,1.36184900996,0.849965621429,1.16428532264,,-0.8138640331576131,,-0.225568345742,,1.20058824562,,,,,,,-1.09212499305,,,,,,,,,,2.09952564166,4.10624819302,,,0.878192553215,,1.76444832359,1.26431137245,,,,-0.260915252877,,,,,3.24196832508,,-3.66328620911,,,,-0.421748410253,
BFPC02M,"LIN7C",ENSG00000148943,6.519648,0.262131242954,-0.37311103707,0.294208690783,,-1.1518390068771331,,-0.974994685437,,0.185808392694,,,,,,,-1.32030477658,,,,,,,,,,0.948845700407,3.10405333549,,,0.883735963274,,1.16772162569,0.264088895108,,,,-0.756815615613,,,,,2.2311600926,,-3.43195867538,,,,-1.24958207198,
BFPC02,"LIN7C",ENSG00000148943,9.398244,1.58562620515,1.13061268701,1.35032015491,,-0.6485707499428692,,-0.0107289701192,,1.39750487554,,,,,,,-0.944190850794,,,,,,,,,,2.2917208037,4.10096807698,,,0.726023011825,,1.78265750774,1.44092153272,,,,-0.0756391172018,,,,,3.32377745125,,-3.49502134323,,,,-0.171205057006,
BFPC03B,"LIN7C",ENSG00000148943,9.407401,1.35979660265,0.921215641232,1.21375133308,,-0.8399617395100774,,-0.189442310098,,1.21455834,,,,,,,-1.12343510086,,,,,,,,,,2.0775848465,4.18432924938,,,0.839155052759,,1.84996579939,1.31379470629,,,,-0.367222199663,,,,,3.31486499712,,-3.72501969337,,,,-0.402172331908,
BFPC03M,"LIN7C",ENSG00000148943,6.788372,0.287278138343,-0.338874031355,0.326062143052,,-1.1492616288909956,,-0.947622906728,,0.208528617548,,,,,,,-1.32553699739,,,,,,,,,,0.950205522885,3.11240085521,,,0.859579064404,,1.19013486166,0.303215730408,,,,-0.759662223579,,,,,2.26549216913,,-3.4343931675,,,,-1.23942209649,
BFPC03,"LIN7C",ENSG00000148943,9.580838,1.57177834224,1.20461889247,1.40191725373,,-0.6815073012164377,,0.0229551402021,,1.40378383001,,,,,,,-0.980066351736,,,,,,,,,,2.25664483708,4.19848680133,,,0.684992363146,,1.88257510056,1.48873500913,,,,-0.212520782237,,,,,3.40260689239,,-3.57075119019,,,,-0.15545323693,
BFPC04B,"LIN7C",ENSG00000148943,18.270252,0.481872635316,-0.266221808035,0.494703791276,,-2.8786825653131554,,-1.96473366672,,0.228975873213,,,,,,,-1.92804005295,,,,,,,,,,0.883051265931,4.9059124875,,,0.104125970672,,1.32136727069,1.01874047955,,,,-1.74179274992,,,,,3.22562573373,,-6.71089506149,,,,-2.09208515291,
BFPC04F,"LIN7C",ENSG00000148943,13.444156,1.02552160546,0.783469491646,0.977514903304,,-1.5393132616042753,,-0.962205289314,,0.769310444444,,,,,,,-0.925497700375,,,,,,,,,,1.16240226579,4.52624079026,,,-0.199472320445,,1.77821947014,1.44248725546,,,,-1.12234300324,,,,,3.01320308209,,-5.26843214035,,,,-1.15667759982,
BFPC04M,"LIN7C",ENSG00000148943,8.697951,-0.207383114215,-1.03986302107,-0.148558989525,,-2.6833873655792395,,-1.90749930221,,-0.339407798731,,,,,,,-1.8879775481,,,,,,,,,,0.228965743017,2.94516543465,,,0.312577858001,,0.315736356452,0.182152880506,,,,-1.4649980765,,,,,1.90526773978,,-4.81978368759,,,,-1.91762928114,
BFPC04,"LIN7C",ENSG00000148943,19.515003,0.665840154249,-0.035444383826,0.677310072144,,-2.7451698696415,,-1.83030904998,,0.390210751442,,,,,,,-1.89895389383,,,,,,,,,,1.01409801401,5.14795182248,,,0.034306847863,,1.51650635735,1.15907115138,,,,-1.63852260978,,,,,3.39661424683,,-6.75105667114,,,,-1.97433554885,
BODY02,"LIN7C",ENSG00000148943,5.728856,-2.04034886106,-2.15184887378,-1.26945362258,,-1.8428341726999184,,-2.57362330877,,-1.17245036214,,,,,,,-0.362514993867,,,,,,,,,,-1.00178933603,1.06940247429,,,-0.727531059523,,0.0313614904442,-0.577651657293,,,,-0.472033135416,,,,,0.502258304694,,-2.65319657326,,,,-1.22471946423,
BODY03,"LIN7C",ENSG00000148943,22.601158,-1.21418455944,-1.38612528459,-0.687064346291,,-3.145352318404456,,-3.78358562224,,-0.125377774214,,,,,,,-0.458057233778,,,,,,,,,,1.30383691643,3.88445958945,,,-0.451294504836,,1.33254839272,1.1986782121,,,,-1.10446817771,,,,,2.60738334473,,-5.35331869125,,,,-1.46241517458,
BODY04F,"LIN7C",ENSG00000148943,12.670907,-0.373318431299,-0.317900950895,-0.177311701968,,-2.0115354804781407,,-2.41253597548,,0.15107265689,,,,,,,-0.432310019399,,,,,,,,,,1.6328613481,2.93748821808,,,-0.282045059871,,2.05490829478,1.10365086728,,,,-0.0908033453964,,,,,2.55380896295,,-4.26280498505,,,,-1.10300178812,
BODY04M,"LIN7C",ENSG00000148943,16.912858,-1.59218709423,-1.9250085175,-0.964562914068,,-2.8599819750873996,,-3.79699099059,,-0.338107066931,,,,,,,-0.240336330989,,,,,,,,,,0.576271082149,3.11490704074,,,-0.400501142256,,-0.142966803755,0.465857982245,,,,-1.54331310563,,,,,1.2350483784,,-3.86650538445,,,,-1.09066833303,
BODY04,"LIN7C",ENSG00000148943,27.270471,-1.44874282018,-1.58509994177,-0.81621192199,,-3.4513217460255916,,-4.14712016634,,-0.244822848983,,,,,,,-0.692013390656,,,,,,,,,,1.31117920085,4.10689661723,,,-0.65829718707,,1.28076962298,1.08995127041,,,,-1.16991160473,,,,,2.61090558239,,-5.78456115723,,,,-1.6561417097,
BODY06B,"LIN7C",ENSG00000148943,12.678526,0.41756654131,-0.482609936019,0.0100398664197,,-2.2825057808031817,,-1.50829282005,,0.56146885146,,,,,,,-1.21642729038,,,,,,,,,,2.48188954603,4.08005167141,,,0.967133259029,,1.56597402906,1.54079925205,,,,-1.45221375032,,,,,3.34700928216,,-4.70682859421,,,,-0.809864731227,
BODY06M,"LIN7C",ENSG00000148943,9.684618,-0.421883012255,-1.4558334793,-0.750586482442,,-2.3486302568033985,,-2.10364161698,,-0.405943322556,,,,,,,-1.03797887914,,,,,,,,,,1.29643138781,2.69482739616,,,1.28537178611,,0.801689162943,0.483409309071,,,,-1.34050999689,,,,,2.36122917351,,-4.34978675842,,,,-1.57487442123,
BODY06,"LIN7C",ENSG00000148943,13.835231,0.659033457395,-0.145936704039,0.270620692804,,-2.088330787627871,,-1.21419145311,,0.816788940637,,,,,,,-1.11275114944,,,,,,,,,,2.68917760793,4.19569728373,,,0.778974904851,,1.6829165406,1.7039266043,,,,-1.31844851014,,,,,3.42292068857,,-4.47433948517,,,,-0.531700763701,
BODY07B,"LIN7C",ENSG00000148943,14.371049,0.427952861292,-0.422282606352,0.0670948057318,,-2.3538120612634437,,-1.48428434059,,0.568535124998,,,,,,,-1.26393742546,,,,,,,,,,2.44211464909,4.14185923767,,,0.917114438579,,1.62962659239,1.5754851757,,,,-1.53874348593,,,,,3.39990996893,,-4.76516389847,,,,-0.803510702387,
BODY07M,"LIN7C",ENSG00000148943,11.218690,-0.368429517551,-1.40378650535,-0.690051305593,,-2.344527112123232,,-2.04821537895,,-0.357066807795,,,,,,,-1.04260861116,,,,,,,,,,1.30779755917,2.73260711803,,,1.24892095259,,0.840127031528,0.540925937887,,,,-1.34592031251,,,,,2.42087603999,,-4.31883335114,,,,-1.533422663,
BODY07,"LIN7C",ENSG00000148943,12.905005,0.647381377714,-0.0961380843995,0.319920449691,,-2.1829341683732095,,-1.20601745291,,0.803594516283,,,,,,,-1.157103989,,,,,,,,,,2.62447831495,4.26006231136,,,0.729262867885,,1.74738117492,1.72212487785,,,,-1.43003553201,,,,,3.46716732658,,-4.54866123199,,,,-0.541330936658,
BODY08B,"LIN7C",ENSG00000148943,21.736222,-0.883268027354,-1.99953075048,-0.862522230641,,-4.451925485967705,,-3.53818924548,,-0.581623848534,,,,,,,-1.45208673789,,,,,,,,,,1.45210590134,4.9921052292,,,0.231066676983,,0.948073041783,1.09172997718,,,,-2.57173748791,,,,,3.40591111359,,-7.64754247665,,,,-2.50729680419,
BODY08F,"LIN7C",ENSG00000148943,13.525507,-0.0663045775543,-0.504534637278,0.000532052350373,,-2.57875519150553,,-1.91297139663,,0.170352498937,,,,,,,-0.963542999601,,,,,,,,,,1.55226142274,4.49533118038,,,-0.354623103876,,1.47207663503,1.14109491545,,,,-1.79724691007,,,,,2.84722201939,,-5.24271154404,,,,-1.32055782711,
BODY08M,"LIN7C",ENSG00000148943,17.080441,-1.15725684024,-2.31683568139,-1.18566503358,,-3.9121315444723104,,-3.22711860466,,-0.944778663855,,,,,,,-1.17243924332,,,,,,,,,,0.668253954931,3.01817518407,,,0.616760566609,,0.044996203119,0.523848908392,,,,-2.00228330769,,,,,2.2472697024,,-6.02923250198,,,,-2.3174637878,
BODY08,"LIN7C",ENSG00000148943,29.046501,-0.719225309485,-1.7540562402,-0.676508568085,,-4.367108002134362,,-3.3512164897,,-0.412112379381,,,,,,,-1.46154325297,,,,,,,,,,1.57723502587,5.23517394662,,,0.126334158594,,1.14092082095,1.1253882878,,,,-2.56289746861,,,,,3.49542881447,,-7.50414180756,,,,-2.3463903347,
FATM02B,"LIN7C",ENSG00000148943,12.379104,1.53438173613,1.00474286979,1.23100109451,,-1.0292462325905467,,-0.150239155302,,1.47248720728,,,,,,,-1.55019195701,,,,,,,,,,2.84786611047,4.43789083645,,,1.40858848297,,2.26254725726,2.08708298252,,,,-0.177385724517,,,,,4.05772406243,,-3.92281603813,,,,-0.0808642230191,
FATM02M,"LIN7C",ENSG00000148943,9.246616,0.783310187733,0.000451743179176,0.628040129191,,-1.0469950373177659,,-0.69988228351,,0.7061199117,,,,,,,-1.57363799411,,,,,,,,,,1.74165204085,3.62302561461,,,1.75687607038,,1.65201592891,1.15649396676,,,,-0.59823011516,,,,,3.21925675136,,-3.51769590378,,,,-0.668756640714,
FATM02,"LIN7C",ENSG00000148943,12.203363,1.65378469092,1.22499957645,1.33878138377,,-0.9525751622043683,,0.0126343859685,,1.58871290565,,,,,,,-1.39619069289,,,,,,,,,,2.99022418758,4.35900746617,,,1.10531486183,,2.25678766703,2.17954021581,,,,-0.0144459480767,,,,,4.0257978856,,-3.77617049217,,,,0.0834925276092,
FATM03B,"LIN7C",ENSG00000148943,13.304711,1.52342688423,1.06519647366,1.27802280257,,-1.0712835086836554,,-0.138723640904,,1.45835257806,,,,,,,-1.59094282367,,,,,,,,,,2.78382469055,4.49853963758,,,1.32340196606,,2.32178770531,2.11354410486,,,,-0.26865758606,,,,,4.09326455966,,-4.02788877487,,,,-0.112533677965,
FATM03M,"LIN7C",ENSG00000148943,10.692076,0.818838483145,0.0423124379281,0.668600195149,,-1.0394902350571624,,-0.660549285068,,0.734172932058,,,,,,,-1.57605605697,,,,,,,,,,1.74097045264,3.6384378324,,,1.72756513255,,1.67500440545,1.19758236202,,,,-0.614619101312,,,,,3.25592286953,,-3.50796771049,,,,-0.651554144328,
FATM03,"LIN7C",ENSG00000148943,12.074807,1.62555838975,1.28297685225,1.38679636582,,-1.0067306518064592,,0.01334952096,,1.55820677891,,,,,,,-1.44373232062,,,,,,,,,,2.89968914324,4.43241903831,,,1.01049817248,,2.32540397576,2.19575702106,,,,-0.130759460183,,,,,4.05678363151,,-3.90514922142,,,,0.0342560398256,
FATM04B,"LIN7C",ENSG00000148943,19.676006,0.601266017846,-0.154626114401,0.715361945257,,-3.1054437162287023,,-1.82403793511,,0.572010908079,,,,,,,-2.08768779224,,,,,,,,,,1.76472762757,5.43668400596,,,0.959232694396,,2.0335283957,1.88641995999,,,,-1.47667643915,,,,,4.10942630525,,-6.6443862915,,,,-1.60176832275,
FATM04F,"LIN7C",ENSG00000148943,13.396001,0.799540754723,0.665506073931,0.841311481146,,-1.7468446954059902,,-0.918281536259,,0.801445364594,,,,,,,-1.07226664094,,,,,,,,,,1.75488973216,4.56731602116,,,0.11591336374,,2.23242682283,1.8593757056,,,,-0.807884924236,,,,,3.27188696464,,-4.89109420776,,,,-0.927858237218,
FATM04M,"LIN7C",ENSG00000148943,12.716314,0.148778643534,-0.780595706226,0.270862306779,,-2.796593753363265,,-1.73530835169,,0.107079646174,,,,,,,-1.96817228265,,,,,,,,,,0.938617837234,3.61212022815,,,1.22170461082,,0.904287193506,1.01919341404,,,,-1.35407366391,,,,,2.88463078506,,-5.00416469574,,,,-1.42034643453,
FATM04,"LIN7C",ENSG00000148943,22.881471,0.726766810415,0.0525947099421,0.839078930299,,-3.002400438862967,,-1.68770707155,,0.700393707232,,,,,,,-2.05677550315,,,,,,,,,,1.89123707454,5.62084105908,,,0.832681743803,,2.22956482976,1.98117809602,,,,-1.38349218348,,,,,4.19300578302,,-6.59947109222,,,,-1.50013198832,
HIPC01F,"LIN7C",ENSG00000148943,10.525318,0.740205273274,0.718183409938,0.906260727224,,-0.8252695732373281,,-1.04487102018,,1.03637754112,,,,,,,-0.275173917923,,,,,,,,,,1.01726141237,3.39664865128,,,0.398750559394,,2.04745980676,1.20736196677,,,,0.416522026491,,,,,2.65170396653,,-3.72255992889,,,,-0.49953364725,
HIPC01M,"LIN7C",ENSG00000148943,7.421086,-0.873446948662,-0.840103558936,-0.75263485148,,-2.3273375258403,,-2.22258711287,,-0.108407360084,,,,,,,0.363437065992,,,,,,,,,,0.799902997891,2.31454753697,,,-0.67724203791,,0.439127407283,0.455074017519,,,,-1.14797914244,,,,,0.903861437911,,-2.99813294411,,,,-0.638213375946,
HIPC01,"LIN7C",ENSG00000148943,14.777440,-0.222018658498,-0.204450370416,0.205787585372,,-2.2617724059303366,,-1.99222203323,,0.52088286854,,,,,,,0.0517349647648,,,,,,,,,,0.977245124456,3.97801191069,,,-0.344959663526,,1.65966059821,1.106283569,,,,-0.644402548123,,,,,2.49410333295,,-4.76515674591,,,,-0.892379692671,
HIPC02F,"LIN7C",ENSG00000148943,8.702480,0.989385768647,0.893924629835,1.15340354836,,-0.46719918374899466,,-0.721877753292,,1.28366088622,,,,,,,-0.268258315413,,,,,,,,,,1.12154551256,3.32404160906,,,0.600015618868,,2.19198805936,1.43526012867,,,,0.535932459168,,,,,2.76661845594,,-3.38270974159,,,,-0.202632631778,
HIPC02M,"LIN7C",ENSG00000148943,7.016857,-0.78626522807,-0.803556737358,-0.705126843303,,-2.2897072014960322,,-1.92103007491,,-0.0550859912595,,,,,,,0.359080506497,,,,,,,,,,0.857557109791,2.3684518294,,,-0.623723299872,,0.522387810779,0.507747663282,,,,-1.07913898759,,,,,0.984762504427,,-2.86932730675,,,,-0.559412167986,
HIPC02,"LIN7C",ENSG00000148943,13.055059,0.067889084527,0.0234536374484,0.476027533256,,-1.8456119099153874,,-1.60985907069,,0.765155916873,,,,,,,0.0503184451432,,,,,,,,,,1.12544286577,3.88143306087,,,-0.135795747049,,1.83094710269,1.33158390964,,,,-0.454901403211,,,,,2.61581730006,,-4.34240198135,,,,-0.582902573944,
LEAN04B,"LIN7C",ENSG00000148943,9.662940,0.975456484166,0.66803806426,0.850814833518,,-1.103746533428589,,-0.0432528783251,,1.23616474322,,,,,,,-1.93138043237,,,,,,,,,,2.68504839888,3.13853599546,,,1.1333511759,,2.39187769303,2.53511216839,,,,-0.418791827553,,,,,3.5666568712,,-2.47873401642,,,,0.583370034436,
LEAN04M,"LIN7C",ENSG00000148943,8.426711,1.22550752713,0.490086891552,0.801350098227,,-0.9612434919982034,,-0.172173887779,,1.22408821895,,,,,,,-1.18109377595,,,,,,,,,,2.21493219802,3.31083182465,,,2.66355091745,,2.3724792576,2.29844549471,,,,-0.504524582174,,,,,3.9043983539,,-2.33402681351,,,,0.523066631165,
LEAN04,"LIN7C",ENSG00000148943,10.750435,1.30109260875,0.750728589238,1.00966633077,,-1.1409381453696767,,-0.0224208545008,,1.45457034797,,,,,,,-1.6380453503,,,,,,,,,,2.84377831967,3.60583345882,,,2.1174185868,,2.73042652589,2.72680873205,,,,-0.422120522657,,,,,4.19811872249,,-2.58184528351,,,,0.70214087827,
LEAN05B,"LIN7C",ENSG00000148943,8.915602,0.920110277783,0.646863789931,0.899048130538,,-1.1638928484967523,,-0.154163276452,,1.14086075715,,,,,,,-2.04804756864,,,,,,,,,,2.52103345708,3.19622731561,,,0.996082172163,,2.40125348952,2.49586913315,,,,-0.448589827722,,,,,3.53633209129,,-2.71465945244,,,,0.406380373021,
LEAN05M,"LIN7C",ENSG00000148943,9.396737,1.25549868438,0.527201571524,0.826282252577,,-0.9628671942325007,,-0.140984625302,,1.24278370289,,,,,,,-1.16069513945,,,,,,,,,,2.22130810041,3.33479157618,,,2.62775925442,,2.37324924188,2.31257494388,,,,-0.530065876286,,,,,3.92230589333,,-2.31868004799,,,,0.533244879522,
LEAN05,"LIN7C",ENSG00000148943,11.899285,1.27333148083,0.752412845864,1.04953293538,,-1.188389635980165,,-0.0791982230431,,1.40038710867,,,,,,,-1.68847149054,,,,,,,,,,2.73541358738,3.65438703312,,,2.01116172775,,2.73582525054,2.70506914788,,,,-0.463940843741,,,,,4.18715699446,,-2.71763443947,,,,0.597476989699,
LEAN06B,"LIN7C",ENSG00000148943,16.551479,0.75751828398,0.235243832136,1.15557235144,,-2.017731505530667,,-0.79013403546,,1.25938034867,,,,,,,-1.90599210894,,,,,,,,,,2.85844453164,4.91278623579,,,1.85732048764,,3.39772047354,2.88275389978,,,,-0.585645676618,,,,,4.79117349687,,-3.78281760216,,,,-0.0418290291743,
LEAN06F,"LIN7C",ENSG00000148943,9.928707,0.313687511924,0.140061411776,0.710309064853,,-1.2700454488219242,,-0.592247045163,,0.817645875323,,,,,,,-1.43649149046,,,,,,,,,,1.99257626775,3.48780861886,,,0.22271735589,,2.52104431661,2.08199919294,,,,-0.215753367352,,,,,3.31674074453,,-2.57514047623,,,,-0.121412113085,
LEAN06M,"LIN7C",ENSG00000148943,13.313212,0.98549450168,0.238265313153,1.14003582345,,-1.937249497070058,,-0.610676894975,,1.17362832517,,,,,,,-1.46401115307,,,,,,,,,,2.46056431453,4.11449387489,,,3.26283384715,,2.6676528128,2.35456175447,,,,-0.801116444724,,,,,4.1438451016,,-3.34071326256,,,,0.107050857722,
LEAN06,"LIN7C",ENSG00000148943,16.349527,0.941218986339,0.289772940662,1.273340888,,-2.350808626571775,,-0.795402084791,,1.37569764557,,,,,,,-1.85634437459,,,,,,,,,,2.98934850979,5.13910806496,,,2.77516507548,,3.45133721099,2.9068432362,,,,-0.879900970921,,,,,5.01164380311,,-3.95157575607,,,,0.0498067791423,
MENA01F,"LIN7C",ENSG00000148943,7.971469,-0.219796489079,-0.0523239986967,0.219036255867,,2.2533865832252697,,1.32531667938,,-0.558717212047,,,,,,,0.728557931291,,,,,,,,,,-1.08314466159,-2.31805134407,,,-0.630038317304,,-2.07233756725,-1.03032710832,,,,-0.229194556167,,,,,-2.35653937054,,2.98888230324,,,,0.563400287637,
MENA02F,"LIN7C",ENSG00000148943,7.928486,-0.487023998631,-0.519928482226,0.173637031954,,2.000893639980238,,0.371116166588,,-1.18204576272,,,,,,,0.708575723236,,,,,,,,,,-1.25296905041,-3.12052250908,,,-0.511654604982,,-1.37967903307,-2.4100781932,,,,-0.113647096676,,,,,-3.40407183106,,2.60905790329,,,,-0.542970528771,
OBES01,"LIN7C",ENSG00000148943,10.665848,0.172248415224,-0.338899347339,0.644144195731,,-0.7463518076276004,,-1.88456800568,,0.874716738385,,,,,,,0.305419247042,,,,,,,,,,1.45068013527,3.18927044989,,,0.757759544572,,1.39642720843,1.47236362947,,,,1.24186774348,,,,,2.52936542309,,-1.83556377888,,,,0.421042005253,
OBES02,"LIN7C",ENSG00000148943,5.990464,-0.866154041509,-1.12970514213,-0.21598629895,,-0.7799760630078412,,-1.93540287475,,-0.255022959483,,,,,,,-0.555152488171,,,,,,,,,,0.654642881935,1.25403252681,,,-0.311226338417,,0.385525761964,0.346641636016,,,,1.02491240751,,,,,1.3431669211,,-2.12733817101,,,,-0.634074076813,
OSTE04,"LIN7C",ENSG00000148943,10.154078,4.79494308387,5.69958638337,4.53630321807,,2.6043883369939547,,5.61817527403,,5.41911319297,,,,,,,-0.853490683194,,,,,,,,,,3.09053866327,4.55681941537,,,6.88361665671,,5.81865199735,4.92862395381,,,,-3.29909826178,,,,,4.85436704543,,5.10764312744,,,,5.66400260258,
OVER01,"LIN7C",ENSG00000148943,11.804073,-0.485153310804,-0.295072372045,-0.118808426185,,-1.566153932047714,,-2.35890577034,,0.177978812324,,,,,,,0.122944337617,,,,,,,,,,0.0291034209756,2.56013852321,,,-0.730035310486,,1.52443473303,0.901201809797,,,,-0.0291781398331,,,,,1.66639146589,,-3.21081542969,,,,-0.813043990624,
WAIS01F,"LIN7C",ENSG00000148943,11.376544,0.42159210932,0.751233921812,0.342704067821,,-1.9484375177142341,,-1.68542910993,,0.6638367491,,,,,,,-0.22423801179,,,,,,,,,,0.930230054084,3.31141185065,,,0.681226167991,,1.44446396832,0.617569921726,,,,-0.0178008960908,,,,,1.96979895657,,-4.00089931488,,,,-1.01204971558,
WAIS01M,"LIN7C",ENSG00000148943,8.592779,0.198193014723,0.198751800295,0.547159052365,,-0.8421894757285895,,-1.26513483465,,0.98901744936,,,,,,,0.122358279098,,,,,,,,,,1.60773476928,3.54150631991,,,0.808153282756,,1.1519914553,1.64827967143,,,,-0.483759467478,,,,,2.0410300647,,-1.93356478214,,,,0.210220582113,
WAIS01,"LIN7C",ENSG00000148943,17.879492,0.305414331784,0.649755572584,0.685216907408,,-2.1984470119058726,,-1.94078221211,,0.997097847395,,,,,,,-0.206218836008,,,,,,,,,,1.6664792307,4.72402933187,,,0.921130580543,,1.72759661976,1.48514328265,,,,-0.377280123711,,,,,2.68765862148,,-4.36281824112,,,,-0.75327355681,
WAIS02F,"LIN7C",ENSG00000148943,9.905180,0.625034380394,0.816656622145,0.467573348943,,-1.7980771603380818,,-1.42619790573,,0.797800552593,,,,,,,-0.218356072732,,,,,,,,,,0.977037774924,3.310279084,,,0.847505859522,,1.54005967645,0.764807127251,,,,0.0424764673659,,,,,2.03146436254,,-3.88652086258,,,,-0.875595647777,
WAIS02M,"LIN7C",ENSG00000148943,9.219352,0.189462625981,0.134680714436,0.521141047107,,-0.9414537938066389,,-1.3072497094,,0.982535931158,,,,,,,0.120890525885,,,,,,,,,,1.6277629513,3.61364342837,,,0.843145762984,,1.20139271441,1.64163568472,,,,-0.481080999136,,,,,2.07510870098,,-1.89698946476,,,,0.226019882178,
WAIS02,"LIN7C",ENSG00000148943,15.607497,0.478259414078,0.646563814629,0.746052569382,,-2.0901346199415003,,-1.85661797184,,1.0847237864,,,,,,,-0.199657439335,,,,,,,,,,1.7212837514,4.65064400218,,,1.05770716453,,1.80968102993,1.52986286232,,,,-0.385599434465,,,,,2.73350748145,,-4.20503759384,,,,-0.630379693325,
WEIG04F,"LIN7C",ENSG00000148943,5.919770,-1.01269930301,-0.498773053038,-0.328033125032,,-1.6732226706636912,,-1.97545918896,,-0.64346826945,,,,,,,-0.130261701423,,,,,,,,,,0.124877777446,1.42311188636,,,-0.858199416254,,0.701159940885,0.222206259675,,,,0.414749965124,,,,,0.85733621797,,-2.95192074776,,,,-1.5816300072,
WHIP03,"LIN7C",ENSG00000148943,6.968834,0.112533275403,0.294136435425,0.218724037914,,-1.227045065485594,,-1.60612346494,,0.603985972109,,,,,,,0.234614884843,,,,,,,,,,1.70770371955,2.77764536218,,,1.84122114992,,0.223552991227,1.0720858151,,,,-0.389129352162,,,,,1.54815791619,,-1.53442943096,,,,-0.260012495483,
WHIP04,"LIN7C",ENSG00000148943,8.030179,0.248589213466,0.182719648714,0.228845976158,,-1.461060634820864,,-1.59326063039,,0.628654558776,,,,,,,0.229538234652,,,,,,,,,,1.71334528663,3.03226348787,,,1.94273356468,,0.32585399941,1.1305886901,,,,-0.412743661479,,,,,1.59842014275,,-1.57678616047,,,,-0.242487777409,
