code,target,ENSEMBL,association,Adipose_Subcutaneous,Adipose_Visceral_Omentum,Breast_Mammary_Tissue,Muscle_Skeletal,DGN_Whole_Blood,Whole_Blood,Artery_Aorta,Artery_Coronary,Artery_Tibial,Heart_Atrial_Appendage,Heart_Left_Ventricle,Spleen,Brain_Amygdala,Brain_Anterior_cingulate_cortex_BA24,Brain_Caudate_basal_ganglia,Brain_Nucleus_accumbens_basal_ganglia,Brain_Putamen_basal_ganglia,Brain_Cerebellar_Hemisphere,Brain_Cerebellum,Brain_Cortex,Brain_Frontal_Cortex_BA9,Brain_Hippocampus,Brain_Hypothalamus,Brain_Spinal_cord_cervical_c-1,Brain_Substantia_nigra,Nerve_Tibial,Cells_Transformed_fibroblasts,Cells_EBV-transformed_lymphocytes,Colon_Sigmoid,Colon_Transverse,Esophagus_Gastroesophageal_Junction,Esophagus_Mucosa,Esophagus_Muscularis,Liver,Minor_Salivary_Gland,Small_Intestine_Terminal_Ileum,Stomach,Adrenal_Gland,Pituitary,Pancreas,Thyroid,Lung,Ovary,Prostate,Testis,Uterus,Vagina,Skin_Not_Sun_Exposed_Suprapubic,Skin_Sun_Exposed_Lower_leg
BLOO05,"RAB43",ENSG00000172780,6.453482,-2.34121903405,-1.70799395808,,,-3.5064189617870825,,-0.939245133395,,-1.00218350112,,,,,,,-2.24688909508,1.01220655911,,-0.990923734473,-0.118530556561,-0.805507023824,-0.676845944741,,,,-0.0721556116311,1.79433623277,,,,,1.01273507467,-1.10093516915,,,,-1.59657896831,,,-3.26115390613,-1.07362293694,-1.37109041674,,,,,,,-1.03643363712
BLOO07,"RAB43",ENSG00000172780,9.655215,-7.08711733213,-3.84584160252,,,-5.279225293628599,,-4.55450741426,,-4.90442857209,,,,,,,-2.56494187637,-3.31438697406,,-5.7697012376,-3.18154554432,-3.10752802275,-3.42761910336,,,,-6.59644462609,-1.65223639835,,,,,-6.5272866197,-4.62540999931,,,,-5.08477506117,,,-3.43435726004,-4.63446031083,-4.52054483176,,,,,,,-4.62579164227
BLOO08,"RAB43",ENSG00000172780,7.660986,-5.46072714399,-1.34841533603,,,-6.706770241822176,,-3.13420057251,,-3.51541186748,,,,,,,-0.337401351907,-2.43359362838,,-4.35458621777,-2.55075550352,-2.13457935517,-1.45716472152,,,,-4.3195204597,-0.865164596441,,,,,-3.35538041949,-2.98928692236,,,,-5.78180861719,,,-1.50638159121,-3.3492522647,-2.87735341535,,,,,,,-3.15180106446
BLOO14,"RAB43",ENSG00000172780,9.329114,-5.90749054125,-1.43278185514,,,-7.963860021541219,,-3.86973457155,,-4.03527942947,,,,,,,-0.057920420875,-3.17490615601,,-5.11859128576,-2.88352523228,-2.91338462368,-1.57604451901,,,,-4.74091786847,-1.59799823804,,,,,-4.24012312483,-3.34999941687,,,,-6.04451218252,,,-1.19437600198,-3.94666135217,-3.273706341,,,,,,,-3.59932529884
BLOO15,"RAB43",ENSG00000172780,11.452471,-6.49454281986,-2.34467630934,,,-8.48281950016498,,-4.52680751949,,-4.65880398895,,,,,,,-0.499520996114,-3.41207880539,,-5.76615235995,-3.29508743551,-3.43876337031,-2.09198245655,,,,-5.12233112105,-2.12450279865,,,,,-5.03784708606,-3.97678811993,,,,-6.51982811049,,,-1.55083462484,-4.52954972884,-3.88428227524,,,,,,,-4.22591870909
BLOO16,"RAB43",ENSG00000172780,11.348557,-7.7132049316,-3.78414403429,,,-6.695077086504366,,-4.83582833833,,-5.31676851694,,,,,,,-2.5327984092,-3.64413387705,,-6.28206690564,-3.53663823699,-3.38153300839,-3.47769392737,,,,-6.8972681892,-1.71933362359,,,,,-6.76377472374,-4.85138137902,,,,-5.92608398414,,,-3.43689620089,-5.02919185113,-4.85131939221,,,,,,,-5.01919804719
BLOO17,"RAB43",ENSG00000172780,11.925696,-7.28531808887,-3.77766412814,,,-6.0112492457962405,,-4.96258207796,,-5.11775008977,,,,,,,-2.24059784338,-3.83600157023,,-6.1908276639,-3.23109004534,-3.45827678117,-3.45743757908,,,,-6.7933423067,-2.05271078231,,,,,-7.08627113526,-4.72750664475,,,,-5.12218897364,,,-3.08562432808,-4.90599259198,-4.67273081865,,,,,,,-4.8417976557
BLOO18,"RAB43",ENSG00000172780,12.393748,-8.06900933338,-4.60131137531,,,-6.8219235618453915,,-5.63855658206,,-5.84921602915,,,,,,,-2.78712739096,-4.09868937622,,-6.96366370159,-3.82014762866,-4.10297015189,-4.03619384652,,,,-7.28565421304,-2.6542659302,,,,,-7.9850962656,-5.49687009827,,,,-5.7710570674,,,-3.62488030279,-5.61562694584,-5.36597480633,,,,,,,-5.59388959709
BLOO19,"RAB43",ENSG00000172780,5.826377,3.90972352328,2.86563852217,,,6.220752214428722,,3.22720688812,,2.82532013378,,,,,,,2.02863295859,1.16522143926,,3.37496790387,1.17369508492,2.92323157949,1.60703452071,,,,1.49333488976,0.445929191058,,,,,2.03001056117,2.65001775819,,,,2.79919390127,,,3.0309698633,2.96993450428,2.8928087853,,,,,,,2.78181695807
BLOO24,"RAB43",ENSG00000172780,4.946077,-3.74279424917,-3.96259525022,,,-3.2417116872702443,,-3.66878091132,,-3.76622523311,,,,,,,-1.58231717957,-2.97632452466,,-4.24046062291,-2.74943521842,-3.07271619605,-2.70235770856,,,,-3.51446744198,-3.04275605241,,,,,-5.52073120999,-3.70358078008,,,,-3.34662395962,,,-1.1999402231,-3.59215622696,-3.3747846312,,,,,,,-3.64074594762
BLOO28,"RAB43",ENSG00000172780,5.579516,-3.14301137503,-1.87885080333,,,-5.683253081044429,,-2.33320792151,,-1.95037277904,,,,,,,-1.99172734048,-0.358743648067,,-2.35546665715,-0.477155895771,-2.25768116917,-0.962378159852,,,,-0.601005568834,0.614933068355,,,,,-0.434946004757,-1.80570626061,,,,-2.07074670044,,,-3.06399910413,-2.16744037762,-2.19247360103,,,,,,,-1.97114889637
BLOO31,"RAB43",ENSG00000172780,14.602825,8.82808022227,4.74482364391,,,8.331724324079884,,6.14822701942,,6.45865679326,,,,,,,2.64018646788,4.60878167442,,7.68222362573,4.24486540196,4.54220688927,4.16181369075,,,,7.6993042791,2.94617927239,,,,,8.53003926798,5.86761215232,,,,6.70429877667,,,3.60727717733,6.18783772166,5.84550317137,,,,,,,6.144718571
BLOO32,"RAB43",ENSG00000172780,8.417800,5.91441167728,4.83587048006,,,5.78303420201523,,5.09185414528,,5.0530498168,,,,,,,2.32168412456,3.55117226925,,5.83593297886,3.44459421794,4.1597134377,3.57177959014,,,,4.72615494834,3.17263851703,,,,,6.80782618326,4.87450753243,,,,4.88417617947,,,2.56555416434,4.92403551727,4.67809609924,,,,,,,4.94711976052
HIPC03,"RAB43",ENSG00000172780,1.842573,3.02678011736,5.63279314976,,,3.085691513218219,,2.15395963796,,2.71852168977,,,,,,,1.24124206703,-1.3582017236,,2.51004820218,3.00661963222,0.758225808732,2.37103978242,,,,2.56894538174,2.28200866231,,,,,2.47012232153,3.07580200072,,,,2.00576856281,,,1.94405298449,2.58612635321,2.66466881311,,,,,,,2.95941512483
HIPC04,"RAB43",ENSG00000172780,2.005815,2.93891163977,5.48647570962,,,3.0060781524063156,,2.10024283315,,2.65072532545,,,,,,,1.21028711403,-1.32432983712,,2.44745085572,2.93163859081,0.757488494039,2.31190913905,,,,2.50487919976,2.10077161903,,,,,2.40914081129,2.99909556511,,,,1.95574736736,,,1.89557084524,2.52163171224,2.59821542935,,,,,,,2.88561122909
LEAN06B,"RAB43",ENSG00000172780,8.778925,3.10797444486,4.0410163824,,,4.6655562410711005,,3.37593684084,,3.45828353803,,,,,,,2.77096429842,1.84233593747,,3.39377095141,4.02824727422,2.61445362043,3.29919442661,,,,3.92182344495,5.2457017887,,,,,2.75326373515,3.73378342829,,,,2.9139614107,,,1.53966475475,3.45437808588,3.39429474679,,,,,,,3.52935674319
LEAN06M,"RAB43",ENSG00000172780,6.554988,1.77474763469,2.79302232583,,,4.171773392369096,,1.50540168065,,1.65204252839,,,,,,,1.10468502882,0.759937294726,,1.50347352918,2.72575681799,0.940742068758,1.32494785985,,,,2.03774565786,4.14417854752,,,,,0.816988979519,1.89667243204,,,,1.92661133683,,,-0.479832816146,1.57042718914,1.3755723914,,,,,,,1.52089577469
LEAN06,"RAB43",ENSG00000172780,9.787360,2.93832953839,4.0595569082,,,5.032161006292385,,2.94373380817,,3.0912186696,,,,,,,2.38001661761,1.56262574799,,2.98582996922,3.97132474491,2.19110671396,2.79643368712,,,,3.57163034909,5.28276854359,,,,,2.22202338129,3.39244626348,,,,2.8686016639,,,0.825653205144,3.05956616024,2.9224533308,,,,,,,3.05873249897
