code,target,ENSEMBL,association,Adipose_Subcutaneous,Adipose_Visceral_Omentum,Breast_Mammary_Tissue,Muscle_Skeletal,DGN_Whole_Blood,Whole_Blood,Artery_Aorta,Artery_Coronary,Artery_Tibial,Heart_Atrial_Appendage,Heart_Left_Ventricle,Spleen,Brain_Amygdala,Brain_Anterior_cingulate_cortex_BA24,Brain_Caudate_basal_ganglia,Brain_Nucleus_accumbens_basal_ganglia,Brain_Putamen_basal_ganglia,Brain_Cerebellar_Hemisphere,Brain_Cerebellum,Brain_Cortex,Brain_Frontal_Cortex_BA9,Brain_Hippocampus,Brain_Hypothalamus,Brain_Spinal_cord_cervical_c-1,Brain_Substantia_nigra,Nerve_Tibial,Cells_Transformed_fibroblasts,Cells_EBV-transformed_lymphocytes,Colon_Sigmoid,Colon_Transverse,Esophagus_Gastroesophageal_Junction,Esophagus_Mucosa,Esophagus_Muscularis,Liver,Minor_Salivary_Gland,Small_Intestine_Terminal_Ileum,Stomach,Adrenal_Gland,Pituitary,Pancreas,Thyroid,Lung,Ovary,Prostate,Testis,Uterus,Vagina,Skin_Not_Sun_Exposed_Suprapubic,Skin_Sun_Exposed_Lower_leg
BLOO11,"PRELID1",ENSG00000169230,7.435026,,,,,4.44526458719588,3.979995331,,,3.27334637999,,,,,,-0.0782182289328,,,,,,,,,,,3.92713627637,3.07655786314,,,4.45416661298,,3.72419600893,,4.25666518832,,4.28200022957,,,,0.105756220054,,3.65664970872,,,,,,3.09211564013,4.24189243213
BLOO24,"PRELID1",ENSG00000169230,14.222856,,,,,6.390577474731142,5.43004795595,,,3.63764871429,,,,,,0.347931787132,,,,,,,,,,,5.44629061784,3.95991303131,,,6.02107890485,,6.04629354326,,5.81537455906,,5.84148279576,,,,1.08898866526,,5.30046035027,,,,,,3.71414492455,5.63732680208
BLOO32,"PRELID1",ENSG00000169230,11.165020,,,,,-5.736730887647079,-4.66533478723,,,-3.02858095872,,,,,,-0.517142785271,,,,,,,,,,,-4.64234042248,-3.57169907143,,,-5.90494449033,,-5.71203859713,,-5.90435651167,,-5.74779970296,,,,-1.70241759213,,-4.92401246553,,,,,,-3.42892477345,-5.6886357219
HEIG03,"PRELID1",ENSG00000169230,7.070458,,,,,-0.682298543442833,-0.389421038944,,,-2.03954795408,,,,,,0.634820887138,,,,,,,,,,,0.494857817563,2.40372596157,,,-1.62429543173,,-0.816836095188,,-1.16883946439,,-1.86360396939,,,,-2.01072591338,,0.865686142593,,,,,,-3.32349670073,-0.998082142237
LEAN04B,"PRELID1",ENSG00000169230,5.721818,,,,,-3.130555608213649,-2.7873003176,,,-2.35056712691,,,,,,-0.574414851575,,,,,,,,,,,-2.12354444888,-0.681868534331,,,-4.11851394162,,-3.41718757148,,-4.33873085587,,-4.53075014918,,,,-3.49712999705,,-2.9422486358,,,,,,-2.72206962257,-3.8006665767
LEAN04M,"PRELID1",ENSG00000169230,5.611473,,,,,-1.9887527423895468,-1.41672786893,,,-1.61005726492,,,,,,0.242037264691,,,,,,,,,,,0.182640090771,-1.60196282102,,,-3.54557268466,,-3.02412355466,,-4.2210085068,,-3.63107682806,,,,-2.82391668214,,-2.56054987563,,,,,,-2.64413617022,-3.66532616985
LEAN04,"PRELID1",ENSG00000169230,7.430427,,,,,-2.7623686565890964,-2.30560797897,,,-2.01584490554,,,,,,-0.230074403597,,,,,,,,,,,-1.0608655535,-1.32707198831,,,-4.21793086339,,-3.52570103352,,-4.73006771768,,-4.51864893546,,,,-3.57013161582,,-3.01768823648,,,,,,-2.96539675012,-4.13406496079
LEAN05B,"PRELID1",ENSG00000169230,5.997575,,,,,-3.2717178376732527,-2.96611210774,,,-2.42045640727,,,,,,-0.699195770858,,,,,,,,,,,-2.2051603079,-0.729086552825,,,-4.18413399429,,-3.45630755932,,-4.3573936662,,-4.57854389666,,,,-3.53883888366,,-3.02472092764,,,,,,-2.80070774979,-3.84175452449
LEAN05,"PRELID1",ENSG00000169230,6.848722,,,,,-2.8212034945949798,-2.39002755278,,,-2.03275676491,,,,,,-0.31997966362,,,,,,,,,,,-1.07340240557,-1.31556620123,,,-4.2192321203,,-3.50722071174,,-4.69416886757,,-4.52019804092,,,,-3.58045180461,,-3.04151052971,,,,,,-2.98138542678,-4.10889582504
LEAN06B,"PRELID1",ENSG00000169230,13.290985,,,,,-4.75446217538123,-3.77194238823,,,-4.24937921645,,,,,,-0.82857039529,,,,,,,,,,,-2.99492405144,-2.62095560913,,,-6.32796146006,,-5.50122547387,,-6.85671766095,,-6.89970337979,,,,-3.98915138305,,-4.7708702993,,,,,,-4.25829029751,-6.28775584331
LEAN06F,"PRELID1",ENSG00000169230,7.711907,,,,,-4.638157473387845,-3.83516645832,,,-3.98816760152,,,,,,-1.32244422621,,,,,,,,,,,-3.80125903134,-2.0696981392,,,-5.14963579914,,-4.2222824423,,-5.16694409631,,-5.4633571684,,,,-2.68900663557,,-3.9810079077,,,,,,-3.41811276692,-4.83531624555
LEAN06M,"PRELID1",ENSG00000169230,11.083988,,,,,-1.9985549927889281,-1.34104834647,,,-2.03035837143,,,,,,0.451339831261,,,,,,,,,,,0.117967170948,-1.86458251155,,,-4.26417607356,,-4.10752205193,,-5.26881977589,,-4.88774518116,,,,-3.5519887534,,-3.0609051619,,,,,,-2.94382861674,-4.67931315208
LEAN06,"PRELID1",ENSG00000169230,14.094129,,,,,-3.7548533308851444,-2.88961489507,,,-3.39725119477,,,,,,-0.278161664051,,,,,,,,,,,-1.63236378727,-2.60063823117,,,-5.88015462156,,-5.29536869631,,-6.70760464948,,-6.54719467476,,,,-4.2016374079,,-4.3457950684,,,,,,-3.99950925604,-6.06894672098
SCLE01,"PRELID1",ENSG00000169230,5.373167,,,,,2.134522914886475,2.06321764028,,,-0.100089352856,,,,,,,,,,,,,,,,,,-1.78766548634,,,4.68463161277,,5.00084352493,,4.86347382122,,4.94706808405,,,,,,5.00084352493,,,,,,4.88747985794,5.00084352493
URIN07,"PRELID1",ENSG00000169230,7.676769,,,,,0.8516061660889521,1.17865199269,,,-2.22112097601,,,,,,-0.513310769178,,,,,,,,,,,0.310635216554,0.00174122335367,,,-0.249859227888,,-0.595678339669,,-0.346943980509,,-0.328279397128,,,,0.575702576918,,-0.682744891395,,,,,,0.434406184068,-0.524725522543
URIN09,"PRELID1",ENSG00000169230,6.430158,,,,,0.6019914407311806,1.05497379563,,,-2.70319270614,,,,,,-0.145217661243,,,,,,,,,,,0.0148823771477,-0.57784597264,,,0.0125913352193,,-0.438811435226,,-0.124560226265,,-0.380932658001,,,,0.387709195912,,-0.6523010603,,,,,,0.565021850118,-0.421762230008
WAIS03,"PRELID1",ENSG00000169230,6.118798,,,,,2.0614885734307875,-0.600682364127,,,0.147795682006,,,,,,1.4801431295,,,,,,,,,,,3.49332207509,2.5942772478,,,0.208574060334,,1.5057795612,,0.61722332545,,-0.813448132738,,,,-0.129992077039,,1.42595011958,,,,,,-0.780358895159,0.389548579496
