code,target,ENSEMBL,association,Adipose_Subcutaneous,Adipose_Visceral_Omentum,Breast_Mammary_Tissue,Muscle_Skeletal,DGN_Whole_Blood,Whole_Blood,Artery_Aorta,Artery_Coronary,Artery_Tibial,Heart_Atrial_Appendage,Heart_Left_Ventricle,Spleen,Brain_Amygdala,Brain_Anterior_cingulate_cortex_BA24,Brain_Caudate_basal_ganglia,Brain_Nucleus_accumbens_basal_ganglia,Brain_Putamen_basal_ganglia,Brain_Cerebellar_Hemisphere,Brain_Cerebellum,Brain_Cortex,Brain_Frontal_Cortex_BA9,Brain_Hippocampus,Brain_Hypothalamus,Brain_Spinal_cord_cervical_c-1,Brain_Substantia_nigra,Nerve_Tibial,Cells_Transformed_fibroblasts,Cells_EBV-transformed_lymphocytes,Colon_Sigmoid,Colon_Transverse,Esophagus_Gastroesophageal_Junction,Esophagus_Mucosa,Esophagus_Muscularis,Liver,Minor_Salivary_Gland,Small_Intestine_Terminal_Ileum,Stomach,Adrenal_Gland,Pituitary,Pancreas,Thyroid,Lung,Ovary,Prostate,Testis,Uterus,Vagina,Skin_Not_Sun_Exposed_Suprapubic,Skin_Sun_Exposed_Lower_leg
BLOO01,"KDELC2",ENSG00000178202,19.161983,-2.52998806388,-2.76776619967,-2.06170850697,-2.77022679515,-2.4582591152280413,-3.49461879819,-2.87442262038,-2.48060819068,-2.71274639443,,-3.78577009289,-2.21862205634,,,,-1.68735641206,,-0.678821461784,,,-0.168195107514,-0.242419078606,,1.89694479015,,-2.33297830579,-2.46820598352,-2.07697931229,-2.16512813232,-2.95136909536,-1.60308541884,-2.46124723609,-2.53642211169,,,-1.23856721004,,-1.4930686031,-2.95737130556,-2.35745751075,-2.62288262361,-2.00027412788,,,-0.636805161221,,,-2.29400649894,-2.55535033668
BLOO02,"KDELC2",ENSG00000178202,13.993106,-0.275335602237,-0.0717954758587,0.0295367494967,-0.255101095708,-0.011090169203909747,-0.355891528255,-0.822160103016,-1.05715269178,-0.351558310478,,-1.58024995065,0.848330968237,,,,3.37183447592,,-0.306519293624,,,0.256878442674,-0.707381187422,,0.243023991541,,-0.0424292392806,0.0126775503675,0.048471643933,0.431369320605,-0.267759265572,-0.0955233547727,0.04759085882,-0.505159798182,,,-1.22307357434,,0.237496904908,-0.575516355726,-0.725887680747,-0.366664577065,0.191868868354,,,0.938434955266,,,-0.233317703621,-0.0705830337049
BLOO06,"KDELC2",ENSG00000178202,9.918941,-3.14069179033,-2.51217152843,-1.7312087289,-2.8712801183,-2.6351554250495033,-3.30384339152,-3.00373475889,-3.26658080504,-2.62376630287,,-3.13525052912,-1.65929617788,,,,-0.529610013467,,0.0307390505278,,,-1.32248260883,-0.44506032706,,0.446818442246,,-2.40285266715,-2.2975829979,-2.58608087395,-2.71767047189,-2.97629407414,-2.06243935077,-2.36267533218,-2.71017277464,,,-2.09238455904,,-1.85901242679,-2.04416645996,-2.93830456141,-2.61796081931,-2.01085151527,,,-0.738432079819,,,-2.23029541555,-2.45207879561
BLOO07,"KDELC2",ENSG00000178202,14.196925,-3.10320092972,-2.60623319799,-1.7863370924,-2.44766622375,-2.30658588435938,-3.11973357369,-2.94304070676,-2.9287292096,-2.56604517891,,-3.12889077057,-1.94199209742,,,,-0.565466663149,,-0.19330902222,,,-1.60281715408,-0.662747866103,,1.48348142292,,-2.05546145314,-2.31556063048,-2.10900927133,-1.76652528885,-3.06363351097,-1.00486634748,-2.45642271913,-1.78903472022,,,-0.726611897767,,-0.860946230973,-2.19651004056,-2.25324433301,-2.54683794739,-1.75824536822,,,0.553541511543,,,-2.74692851296,-2.27671162483
BLOO09,"KDELC2",ENSG00000178202,11.170227,-3.21836970052,-2.5339762712,-1.70780690369,-2.84060447771,-2.6265056058089664,-3.34962303272,-3.05926806155,-3.33195576809,-2.63673583589,,-3.16214451108,-1.67791496382,,,,-0.638188728552,,0.106229887323,,,-1.36201727092,-0.330603749813,,0.426705510935,,-2.38415338233,-2.26152477552,-2.56995315439,-2.63494081001,-3.04313103215,-2.01204648012,-2.37982256002,-2.63763436946,,,-1.97751407298,,-1.84925239492,-1.98466004241,-2.9484428891,-2.64501787844,-2.0405181902,,,-0.564968972292,,,-2.24558243766,-2.45154933539
BLOO10,"KDELC2",ENSG00000178202,11.121294,-3.1598197179,-2.41587186722,-1.58508482251,-2.73751630233,-2.5288301204509582,-3.22114982519,-2.92516864608,-3.19603259479,-2.51795698739,,-3.09807345711,-1.62841168693,,,,-0.568121491754,,0.166956078327,,,-1.3177598076,-0.28837971057,,0.492547489376,,-2.24706596394,-2.15267396287,-2.46074708641,-2.4836705347,-3.01245475404,-1.9745129303,-2.25760064289,-2.51942859823,,,-1.85557460887,,-1.73881820807,-1.88476491501,-2.82471956526,-2.50903280976,-1.92643651143,,,-0.375879882046,,,-2.10850616903,-2.34743182787
BLOO11,"KDELC2",ENSG00000178202,6.001571,0.866131502896,0.635522030823,1.09495102958,0.818290196607,0.9263595171602645,0.691503701662,0.881040511382,0.698522638179,0.741912915065,,0.234131713881,1.33636614949,,,,0.378076759895,,0.551522745124,,,1.53951720452,1.39214403992,,1.38435383573,,0.995174500133,0.884547877069,1.51162987913,1.67563736054,0.668423248104,1.48878842841,0.467287979381,1.10803731222,,,1.76598174902,,0.729032765571,0.831243198152,1.05039077943,0.942518623749,1.72447368929,,,1.29888868521,,,0.69919077981,0.770330381185
BLOO12,"KDELC2",ENSG00000178202,12.237479,-2.54352826131,-1.90458660466,-1.04051801335,-2.1036788971,-1.8955070043001778,-2.65345833839,-2.26989531379,-2.53362655202,-1.96280053687,,-2.62152813279,-0.910381877433,,,,-0.303607728849,,0.382327317487,,,-0.476842392149,0.0976497796496,,0.930926616295,,-1.56993519304,-1.58076189,-1.64103351603,-1.44867493683,-2.36912865168,-1.13067028495,-1.82516037938,-1.78139737852,,,-1.02989356023,,-1.15258335589,-1.33243819089,-2.25256053455,-1.88274076456,-0.877080217043,,,0.024970737844,,,-1.61375266226,-1.78035498511
BLOO13,"KDELC2",ENSG00000178202,10.362670,-3.08847709595,-2.41338669739,-1.62316169512,-2.788718052,-2.5393187184881287,-3.21791858063,-2.92774200163,-3.17690979444,-2.52542252222,,-2.98757584144,-1.56245536477,,,,-0.577604582058,,0.0308791480746,,,-1.30756739302,-0.373744940275,,0.372304375236,,-2.29271782724,-2.18648469079,-2.49434953856,-2.61353310936,-2.85283912783,-1.958152285,-2.27472196797,-2.57153744936,,,-1.94736693519,,-1.82149292291,-1.93289530196,-2.87136014797,-2.53132654289,-1.98478854314,,,-0.64233177699,,,-2.12136289867,-2.36112863579
BLOO16,"KDELC2",ENSG00000178202,15.252526,-2.58693164672,-2.06250668819,-1.13723004749,-2.00598316806,-1.7755888506097455,-2.68113837354,-2.44644952558,-2.32684292387,-1.98893657883,,-2.57072558242,-1.35115205251,,,,-0.362007650669,,0.164471971474,,,-1.45278768231,-0.242344489599,,1.15060116051,,-1.48571515747,-1.79710501186,-1.5697827681,-1.31397093214,-2.5574046303,-0.650374543038,-1.94387142051,-1.35663720852,,,-0.141332334426,,-0.423844163918,-1.7518330935,-1.73603139604,-1.97496280039,-1.39596618146,,,1.22230876689,,,-2.14866787716,-1.73497877902
BLOO17,"KDELC2",ENSG00000178202,8.694606,-2.40276593809,-2.04942265975,-1.52086238227,-1.8383475494,-1.8465941623850526,-2.43044282668,-2.30200117255,-2.19949002891,-2.03141395152,,-2.29563601474,-1.76438177425,,,,-0.632694273815,,-0.203193871252,,,-1.46925467567,-0.656380574493,,1.03454087727,,-1.67522061754,-1.92833720554,-1.66978525917,-1.29014123803,-2.44582588357,-0.739174032304,-1.94340267722,-1.34626904529,,,-0.529147757197,,-0.499668414885,-1.82581065764,-1.66319941314,-2.02784712459,-1.59477154634,,,0.543991539534,,,-2.30015982883,-1.83032484925
BLOO18,"KDELC2",ENSG00000178202,6.103419,-1.7492859617,-1.49302435233,-1.09840449544,-1.25799439599,-1.2758143581266583,-1.75746709853,-1.65534236762,-1.50144864819,-1.44005976789,,-1.70088532934,-1.28215585357,,,,-0.397789541767,,-0.226663227483,,,-0.869786207106,-0.355452625641,,0.989111582318,,-1.11865556423,-1.40905842608,-1.01089064057,-0.697029645162,-1.92340818186,-0.282094162923,-1.49203726884,-0.782346501579,,,0.0907185453988,,-0.122183710154,-1.29069211083,-1.05785780743,-1.42163907405,-1.02940561736,,,0.894972474351,,,-1.76202115313,-1.2929826666
BLOO26,"KDELC2",ENSG00000178202,20.526747,-0.409294528625,-0.536806156496,-0.969234445696,0.265729619021,-0.47746452130894274,0.574297640147,0.216366734992,1.03098681179,-0.382081996332,,1.06047198208,-1.9677153462,,,,-2.90986702706,,-0.349471605703,,,-1.25914502445,-0.636702331959,,-0.544939770233,,-0.757176155024,-0.43326637618,-0.27569141121,0.684977521771,0.0884859431836,-0.418733014331,-0.296728715937,0.136631175695,,,0.17337227083,,-0.414815268636,0.666964381566,0.0551898211034,-0.182945633284,-1.19380920347,,,-0.665931434241,,,-0.729282379373,-0.539441161404
BLOO27,"KDELC2",ENSG00000178202,21.571476,0.367621146856,0.128096915237,-0.737905350097,0.711271910091,-0.05686745476763472,1.0117903079,0.873771990021,1.54336456989,0.112541624119,,1.46650147309,-1.2592066676,,,,-3.12391403938,,-0.149301241897,,,-0.739649184586,-0.0900512880361,,-1.04923613672,,-0.328056388314,-0.0996686631514,0.205876638902,1.04445186509,0.466207277466,-0.561063105005,0.275197576118,0.495637393054,,,0.10407740462,,0.352347846411,1.40681791005,0.182729278704,0.23593899615,-0.71295116652,,,-0.43120364267,,,-0.10309432415,-0.019969453168
BLOO30,"KDELC2",ENSG00000178202,11.827894,-3.29190924618,-2.6160337236,-1.80700757493,-2.91158041448,-2.7031743974362312,-3.42630057527,-3.11474037559,-3.38034072313,-2.71873631098,,-3.29046407244,-1.7624422555,,,,-0.578692135464,,0.0887459387597,,,-1.41576467511,-0.419147617863,,0.491657276593,,-2.46061368332,-2.33494140999,-2.64651619358,-2.732532929,-3.13698907188,-2.12654036464,-2.43942099306,-2.74892258218,,,-2.11750167247,,-1.85725735589,-2.08211953185,-3.01418398786,-2.7150159801,-2.08232878469,,,-0.680378011232,,,-2.33676339154,-2.5205071638
BLOO33,"KDELC2",ENSG00000178202,35.592150,-2.78050315,-2.73475768194,-1.8894736958,-3.00358871709,-2.6003825538213956,-3.88223699384,-3.11131027079,-3.07340008494,-2.76541246116,,-4.15081251557,-2.00395090948,,,,-1.07820021838,,-0.755361739597,,,-0.173485098594,-0.612959865363,,2.20290312981,,-2.42021712782,-2.528968822,-2.27434718012,-2.44603361597,-3.36362617537,-1.40574355643,-2.55287249975,-2.75997714012,,,-1.10690187979,,-1.6331249039,-3.18196301583,-2.59325337524,-2.69657997736,-2.23325348959,,,-0.467505884635,,,-2.12646948226,-2.62349966802
