code,target,ENSEMBL,association,Adipose_Subcutaneous,Adipose_Visceral_Omentum,Breast_Mammary_Tissue,Muscle_Skeletal,DGN_Whole_Blood,Whole_Blood,Artery_Aorta,Artery_Coronary,Artery_Tibial,Heart_Atrial_Appendage,Heart_Left_Ventricle,Spleen,Brain_Amygdala,Brain_Anterior_cingulate_cortex_BA24,Brain_Caudate_basal_ganglia,Brain_Nucleus_accumbens_basal_ganglia,Brain_Putamen_basal_ganglia,Brain_Cerebellar_Hemisphere,Brain_Cerebellum,Brain_Cortex,Brain_Frontal_Cortex_BA9,Brain_Hippocampus,Brain_Hypothalamus,Brain_Spinal_cord_cervical_c-1,Brain_Substantia_nigra,Nerve_Tibial,Cells_Transformed_fibroblasts,Cells_EBV-transformed_lymphocytes,Colon_Sigmoid,Colon_Transverse,Esophagus_Gastroesophageal_Junction,Esophagus_Mucosa,Esophagus_Muscularis,Liver,Minor_Salivary_Gland,Small_Intestine_Terminal_Ileum,Stomach,Adrenal_Gland,Pituitary,Pancreas,Thyroid,Lung,Ovary,Prostate,Testis,Uterus,Vagina,Skin_Not_Sun_Exposed_Suprapubic,Skin_Sun_Exposed_Lower_leg
BLOO04,"CYB561D2",ENSG00000114395,30.723561,2.15814662936,3.0814243767,6.41346599624,5.0466609507,,,,,,,,,,,,,,,,,,,,,,,2.16780957809,,,5.50489913893,,5.21643447876,6.22078303046,5.73520951061,,,6.25049508927,4.37122113416,,5.48953148838,6.65857560762,4.81645165497,,,,,2.95620856655,10.0521185817,5.92778251744
BLOO07,"CYB561D2",ENSG00000114395,2.187407,-2.75358773207,-5.08000209815,-3.30279432116,-2.76794235831,,,,,,,,,,,,,,,,,,,,,,,-2.07681868179,,,-0.742320467768,,-5.50393819809,-2.59081601991,-3.69622993825,,,-3.09982643594,-2.60562186453,,-2.4628929386,-4.38453811337,-2.27313043315,,,,,-3.94994488563,-2.16626323622,-1.79212517333
BLOO16,"CYB561D2",ENSG00000114395,3.259898,-3.36629282408,-5.66031767671,-3.85346095879,-3.5381876526,,,,,,,,,,,,,,,,,,,,,,,-3.34638724604,,,-2.57536278177,,-3.94089429737,-3.31851939086,-4.09752429996,,,-3.73134522073,-3.50833387776,,-3.26012130179,-4.66315679224,-3.12381506123,,,,,-4.63023775639,-3.44357993267,-2.90020476342
BLOO21,"CYB561D2",ENSG00000114395,46.530384,1.96194467565,4.88526090588,8.16002727836,6.7957631232,,,,,,,,,,,,,,,,,,,,,,,6.2384594869,,,8.3531497519,,11.9981276646,7.60343997475,7.40353604542,,,7.47057613256,6.12333284633,,7.05355546083,8.11942477872,6.28692053564,,,,,3.61674444137,8.78112705665,11.0913891649
BLOO22,"CYB561D2",ENSG00000114395,35.262696,1.6697244368,4.57802349521,8.04340785016,6.58255725835,,,,,,,,,,,,,,,,,,,,,,,6.17002161836,,,8.17734984937,,11.8778870697,7.43241050735,7.26811810396,,,7.42712373399,5.90614769549,,6.90100898226,7.86213902047,6.17464760116,,,,,3.46018799742,8.60644248943,10.8643090838
BLOO23,"CYB561D2",ENSG00000114395,25.840373,3.12615426068,5.17899964672,8.07120074661,6.77983279692,,,,,,,,,,,,,,,,,,,,,,,7.4766291557,,,7.88086654155,,10.9487487535,7.12159561887,7.2742754504,,,7.86661968142,6.36814224003,,6.97053159124,7.71877857499,6.46920565768,,,,,4.65768140573,7.55043118672,9.6832548106
BLOO29,"CYB561D2",ENSG00000114395,5.739785,-3.41344341401,-2.49180592772,-2.63431456004,-3.14450840492,,,,,,,,,,,,,,,,,,,,,,,-1.81895753459,,,-2.61265891009,,-2.25485192217,-3.59044551093,-1.91637727938,,,-1.52306877451,-3.07837006632,,-3.07400031769,-3.16688861184,-2.40502575375,,,,,-2.31319986289,-3.27333915166,-4.50267604206
BLOO31,"CYB561D2",ENSG00000114395,3.343174,2.98039050633,5.34366779208,3.88877354822,3.54152316699,,,,,,,,,,,,,,,,,,,,,,,3.48634243903,,,2.44478252353,,4.1786513386,3.18697644311,3.72353553527,,,3.74111049208,3.47845209226,,3.30633833329,4.31804337353,2.98551164456,,,,,4.34385922175,3.10726172969,3.40105352669
BLOO36,"CYB561D2",ENSG00000114395,39.706571,0.914418885031,3.64637006654,6.59745174877,5.44020161659,,,,,,,,,,,,,,,,,,,,,,,4.31732347194,,,7.13540330075,,10.259179649,6.39352195124,6.37914099756,,,5.85688165325,4.74127545517,,5.70507655676,6.83528521944,4.99561619334,,,,,2.19599305771,7.94005214361,9.71710763971
EDUC03,"CYB561D2",ENSG00000114395,8.061771,-1.28086945681,3.18864534833,2.40593503177,-1.30285858417,,,,,,,,,,,,,,,,,,,,,,,-2.87063957167,,,-5.60010404129,,0.249569879214,1.37705389145,0.257782489468,,,1.42807709173,-1.1239101633,,-1.35180980706,-0.919199340391,-0.259390986612,,,,,2.72638455334,-2.01524653706,-3.02182454481
MENA02F,"CYB561D2",ENSG00000114395,0.953505,-1.36729015811,-5.30613538201,-3.45107366822,-1.56371960434,,,,,,,,,,,,,,,,,,,,,,,-1.612923463,,,0.0274918473477,,-2.69968572195,-3.24633310964,-2.8780761814,,,-2.99533921683,-1.5527337106,,-1.23681735933,-3.04941789118,-2.95076164114,,,,,-4.67065949082,-1.07981864504,0.397584781105
NEUR02B,"CYB561D2",ENSG00000114395,9.334016,-3.953162233,-2.92851802422,-4.4218092383,-4.69870798251,,,,,,,,,,,,,,,,,,,,,,,-2.19041334354,,,-4.40355054891,,-4.53115000935,-4.56003560549,-2.29387419798,,,-3.96904882641,-4.37808543673,,-4.59881626079,-4.09768543275,-4.21315708007,,,,,-3.5376188449,-4.43865082115,-4.84510665476
NEUR02F,"CYB561D2",ENSG00000114395,11.865823,-5.05560056867,-4.54943207803,-5.10752008155,-5.56062810956,,,,,,,,,,,,,,,,,,,,,,,-2.36087537412,,,-4.77744313226,,-5.16909412366,-5.63191308204,-3.44879992303,,,-4.48151803894,-5.13118164071,,-5.32356225029,-5.47081061379,-4.68024167849,,,,,-4.77193914727,-5.80225834079,-5.74662388901
