code,target,ENSEMBL,association,Adipose_Subcutaneous,Adipose_Visceral_Omentum,Breast_Mammary_Tissue,Muscle_Skeletal,DGN_Whole_Blood,Whole_Blood,Artery_Aorta,Artery_Coronary,Artery_Tibial,Heart_Atrial_Appendage,Heart_Left_Ventricle,Spleen,Brain_Amygdala,Brain_Anterior_cingulate_cortex_BA24,Brain_Caudate_basal_ganglia,Brain_Nucleus_accumbens_basal_ganglia,Brain_Putamen_basal_ganglia,Brain_Cerebellar_Hemisphere,Brain_Cerebellum,Brain_Cortex,Brain_Frontal_Cortex_BA9,Brain_Hippocampus,Brain_Hypothalamus,Brain_Spinal_cord_cervical_c-1,Brain_Substantia_nigra,Nerve_Tibial,Cells_Transformed_fibroblasts,Cells_EBV-transformed_lymphocytes,Colon_Sigmoid,Colon_Transverse,Esophagus_Gastroesophageal_Junction,Esophagus_Mucosa,Esophagus_Muscularis,Liver,Minor_Salivary_Gland,Small_Intestine_Terminal_Ileum,Stomach,Adrenal_Gland,Pituitary,Pancreas,Thyroid,Lung,Ovary,Prostate,Testis,Uterus,Vagina,Skin_Not_Sun_Exposed_Suprapubic,Skin_Sun_Exposed_Lower_leg
BLOO01,"CCM2",ENSG00000136280,4.518500,,,-2.79521419264,-2.62129362333,0.4540091925746504,0.454854889723,,,-3.6897394479,-1.89395233958,,,,,,,,,-2.49090766911,,,-1.62514010012,,,0.119563803154,-5.97263726882,-0.946265754905,,,,,,-2.98821689208,,,,,,,,-3.49296738468,-1.90727199644,0.307374155858,,,0.565565534511,,,-1.12716904117
BLOO06,"CCM2",ENSG00000136280,11.181504,,,-5.01067511458,-4.64554444633,-0.023286147904314745,-0.026410655005,,,-5.1174621418,-4.03275625811,,,,,,,,,-4.70361276433,,,-3.43258958546,,,1.82663192397,-5.01875881139,-4.66796194186,,,,,,-5.73611560061,,,,,,,,-3.71245003591,-3.21331128475,0.186929675837,,,-1.00725123727,,,-2.45456722758
BLOO09,"CCM2",ENSG00000136280,12.654783,,,-4.74553039861,-4.39557548167,0.2904533024998921,0.279489379375,,,-5.0957216586,-4.1401305615,,,,,,,,,-4.42852635234,,,-3.17344944686,,,1.49435121936,-4.92519397753,-4.55379675929,,,,,,-5.55158775164,,,,,,,,-3.63655827101,-3.08677249412,0.340025133351,,,-0.854220657374,,,-2.6061993315
BLOO10,"CCM2",ENSG00000136280,12.294094,,,-4.45635413217,-4.14043640249,0.30703098664411044,0.301732468126,,,-4.91119244913,-3.87375844118,,,,,,,,,-4.15786883688,,,-2.89348330189,,,1.42911169995,-4.86602888667,-4.52070608115,,,,,,-5.19572794279,,,,,,,,-3.53478215118,-2.86708864732,0.229149493468,,,-0.852556665306,,,-2.44914573834
BLOO11,"CCM2",ENSG00000136280,20.208787,,,-4.50059467612,-4.60432405036,2.9483239271202586,2.78692361638,,,-7.31054386292,-6.33157837477,,,,,,,,,-4.50601564801,,,-4.24814914577,,,-1.55573016575,-1.78000086521,-5.65002706207,,,,,,-6.5017075384,,,,,,,,-4.01508246613,-2.0600676649,0.842272662514,,,-1.89044465751,,,-0.492085362134
BLOO12,"CCM2",ENSG00000136280,21.820621,,,-5.58530827767,-5.29768850524,1.5251845587128376,1.47104496358,,,-7.22362568504,-5.82971439495,,,,,,,,,-5.2864422539,,,-4.38563157728,,,0.560769068782,-4.71219754848,-6.04020120392,,,,,,-7.08131436741,,,,,,,,-4.56428719386,-3.14795437428,0.390938953419,,,-1.30345389826,,,-2.36582545037
BLOO13,"CCM2",ENSG00000136280,15.056100,,,-5.03543245986,-4.68273679927,-0.12133630605706314,-0.119710127529,,,-5.10655299529,-4.09699601757,,,,,,,,,-4.73580168251,,,-3.39273549327,,,1.77351598899,-4.98617954525,-4.57134445137,,,,,,-5.6716547389,,,,,,,,-3.73438125753,-3.28474363114,0.256512467004,,,-0.958882010313,,,-2.53164418203
BLOO19,"CCM2",ENSG00000136280,10.999826,,,-4.94345365597,-4.55056097685,-0.7517648989301301,-0.750301701747,,,-4.48670683595,-4.43184924767,,,,,,,,,-4.71782491554,,,-3.67678081179,,,1.45902431255,-2.8041872023,-2.76476143606,,,,,,-5.27284752015,,,,,,,,-2.22883593883,-3.55504423652,0.0866514530869,,,-0.283105423664,,,-2.81021999867
BLOO26,"CCM2",ENSG00000136280,4.484948,,,3.38832253011,3.69550174735,3.1604044885338314,3.19712746242,,,0.337080463603,2.34970670637,,,,,,,,,3.51039305708,,,1.12167905643,,,-4.21606377382,5.71779352449,-0.534873368906,,,,,,1.68996236004,,,,,,,,3.13061837445,2.21847210074,-0.588391974675,,,1.63511758994,,,-0.0240671122899
BLOO27,"CCM2",ENSG00000136280,3.387142,,,2.70408215402,3.02441029282,2.7449565349175185,2.75410394594,,,-0.289892646887,1.52062657951,,,,,,,,,2.83493784405,,,0.646287501394,,,-4.12938702696,4.77842976694,-0.376109991085,,,,,,1.04184856988,,,,,,,,2.91340319032,1.77203950153,-0.145856274819,,,1.73867269098,,,-0.557430123449
BLOO28,"CCM2",ENSG00000136280,18.902257,,,5.56854087755,5.241309448,-0.03315979935556486,0.0135403177899,,,5.66864662516,5.72208951938,,,,,,,,,5.39106490955,,,4.46978769764,,,-0.907031349342,2.10377658459,3.60681351001,,,,,,6.37487089435,,,,,,,,2.77527354912,3.62400632929,-0.330472988714,,,0.554984732718,,,2.59727309792
BLOO30,"CCM2",ENSG00000136280,14.275593,,,-4.76457992211,-4.40152342583,0.3666920689299757,0.348470715268,,,-5.16159341167,-4.08204763968,,,,,,,,,-4.44117614088,,,-3.24957718339,,,1.55234375378,-4.94770269202,-4.725759401,,,,,,-5.64061646024,,,,,,,,-3.58313451505,-3.05207514928,0.264437700083,,,-0.901838254742,,,-2.56860889694
BLOO33,"CCM2",ENSG00000136280,8.460109,,,-3.99960667739,-3.97015910319,-0.034527300394711045,-0.0437548291062,,,-4.50020182523,-2.40181160374,,,,,,,,,-3.70157291042,,,-1.05692078719,,,1.84203638461,-8.50205172414,-1.47378721389,,,,,,-4.11139882865,,,,,,,,-4.3215955843,-2.8935810232,0.417692069022,,,0.0314829476524,,,-0.723520414049
GLYC19,"CCM2",ENSG00000136280,0.145694,,,0.23205850488,0.455112611947,-0.3192753691548591,-0.222310123232,,,-0.394807643535,0.944789475875,,,,,,,,,0.371341214397,,,0.853681074771,,,-1.01228336408,-0.856986846252,1.5425067299,,,,,,0.0614973911951,,,,,,,,-2.45565740615,-0.810069345023,5.18322326749,,,0.335942887466,,,-0.112700094893
GLYC35,"CCM2",ENSG00000136280,0.442481,,,1.28435115435,1.64900598608,0.8648963479192958,0.953056846584,,,-0.0735728208941,1.8527289184,,,,,,,,,1.5353608455,,,0.775467878169,,,-0.430600927721,0.400999760608,1.3999276731,,,,,,0.339387212158,,,,,,,,-1.8416132788,-0.00730317273791,5.78727884816,,,0.611254638448,,,-0.386913345544
