code,target,ENSEMBL,association,Adipose_Subcutaneous,Adipose_Visceral_Omentum,Breast_Mammary_Tissue,Muscle_Skeletal,DGN_Whole_Blood,Whole_Blood,Artery_Aorta,Artery_Coronary,Artery_Tibial,Heart_Atrial_Appendage,Heart_Left_Ventricle,Spleen,Brain_Amygdala,Brain_Anterior_cingulate_cortex_BA24,Brain_Caudate_basal_ganglia,Brain_Nucleus_accumbens_basal_ganglia,Brain_Putamen_basal_ganglia,Brain_Cerebellar_Hemisphere,Brain_Cerebellum,Brain_Cortex,Brain_Frontal_Cortex_BA9,Brain_Hippocampus,Brain_Hypothalamus,Brain_Spinal_cord_cervical_c-1,Brain_Substantia_nigra,Nerve_Tibial,Cells_Transformed_fibroblasts,Cells_EBV-transformed_lymphocytes,Colon_Sigmoid,Colon_Transverse,Esophagus_Gastroesophageal_Junction,Esophagus_Mucosa,Esophagus_Muscularis,Liver,Minor_Salivary_Gland,Small_Intestine_Terminal_Ileum,Stomach,Adrenal_Gland,Pituitary,Pancreas,Thyroid,Lung,Ovary,Prostate,Testis,Uterus,Vagina,Skin_Not_Sun_Exposed_Suprapubic,Skin_Sun_Exposed_Lower_leg
BFPC02B,"SV2A",ENSG00000159164,8.656355,2.01847174732,1.74713376109,2.05237900688,,-1.363900277665559,,3.16433045762,2.20128184768,2.26089074336,1.17938316,1.40607009602,1.65879998534,,-0.0711280262424,,,,,,,,,,2.33195388559,-0.908195587911,1.52779046579,2.1080129246,-2.11389076285,,,2.16458656135,1.83456502022,2.24553908916,,2.10387770537,0.568157692076,,,,,,1.95819815044,2.03991352054,,,,1.57092428683,2.1371650104,0.0797978918424
BFPC02,"SV2A",ENSG00000159164,9.188271,2.15823113313,1.60986465434,2.21872978214,,-1.1930844649525334,,3.28418076174,2.33127219633,2.40476723774,1.28663006763,1.51470726712,1.5652433603,,-0.33638477343,,,,,,,,,,2.52215380099,-1.12404250315,1.60588824113,2.20366423082,-2.01794805336,,,2.32927087737,1.98084076967,2.35039003549,,2.15730636649,0.658651962452,,,,,,1.99306605415,2.18116495559,,,,1.81352830654,2.28356403189,0.152043599376
BFPC03B,"SV2A",ENSG00000159164,8.496196,1.9594304842,1.66037984673,1.985126049,,-1.3447837481074671,,3.035756656,2.13443525768,2.20237224444,1.11838414522,1.27317890158,1.70344159282,,-0.0865792678046,,,,,,,,,,2.31009908934,-0.852843886651,1.45134992198,2.03811462567,-2.00176443265,,,2.0833735741,1.76019744218,2.16412474069,,2.02574088523,0.440724595126,,,,,,1.9669716089,1.96279366014,,,,1.44868665496,2.07010721903,0.0280796616443
BFPC03,"SV2A",ENSG00000159164,9.591353,2.08273242364,1.51616683966,2.135530597,,-1.1689780320322363,,3.13050792078,2.24953272698,2.33165235269,1.21222008351,1.36046507253,1.62145932408,,-0.351572678871,,,,,,,,,,2.48705847139,-1.06306033928,1.51091557865,2.11947543154,-1.88728919528,,,2.2351272002,1.89190666566,2.25520866501,,2.06185188942,0.507595098243,,,,,,2.00831087876,2.09191421256,,,,1.66785988904,2.19958586756,0.0936547010458
BFPC04B,"SV2A",ENSG00000159164,21.105822,2.91792661005,2.73832857324,2.98746047833,,-3.286166409996389,,4.4332070191,3.31441811258,3.44622543149,1.68389228106,2.41446095109,3.70384019885,,1.59609191551,,,,,,,,,,2.93216514292,0.529531775669,2.26922548348,3.23131470185,-3.89568643516,,,3.43691628212,2.74050374976,3.30308781825,,2.99360319526,0.754228277063,,,,,,2.02450581732,3.6337348031,,,,1.9121980905,3.11177700214,0.270601164713
BFPC04F,"SV2A",ENSG00000159164,11.102940,2.38942176038,1.29253561056,2.46041870399,,-2.6249113976562883,,3.3719262675,2.65384477809,2.79249169528,1.42921537141,1.92564130033,2.14622952815,,0.983095995172,,,,,,,,,,2.40400580139,0.154328047037,1.57616363771,2.48569707206,-2.38825597404,,,2.67668383216,2.16760016905,2.47169601042,,2.35256613113,0.576882639831,,,,,,1.45292624716,2.78514163544,,,,1.6618499504,2.56522544284,0.245218798232
BFPC04M,"SV2A",ENSG00000159164,9.172715,2.0121742473,2.69839536418,2.04832859683,,-2.3195401922869783,,3.27711902479,2.33775002055,2.40142793225,1.1182422475,1.7092714189,3.31344002928,,1.37608187279,,,,,,,,,,2.019619258,0.601930694312,1.80707170066,2.36571655152,-3.37155503966,,,2.48820473567,1.95566744867,2.47797235843,,2.14943474338,0.554000096238,,,,,,1.56974997919,2.66932523258,,,,1.23798400662,2.13166307792,0.165730336604
BFPC04,"SV2A",ENSG00000159164,18.727973,2.98698597068,2.59979662446,3.05046181353,,-3.261874141592138,,4.44706742134,3.36352104875,3.51538548241,1.73589454303,2.45641717765,3.54722986963,,1.39251801223,,,,,,,,,,3.00491727438,0.433108671992,2.22657200767,3.26570457323,-3.80851348049,,,3.47264221599,2.77779132123,3.30697932691,,3.03353806856,0.770177182166,,,,,,2.04737595043,3.6505862991,,,,1.99779295537,3.17614823541,0.294365870107
BLOO05,"SV2A",ENSG00000159164,7.475916,-4.24135722502,0.114678442478,-4.24430776852,,5.041404363630135,,-3.24566426036,-4.47466850281,-4.29799913817,-3.20759906834,2.73161480769,3.29827506341,,-5.86786629963,,,,,,,,,,-4.22390742153,-9.9046299451,-4.0433480152,-4.54312439079,3.0791387558,,,-4.21022671007,-4.70462146001,-4.31112614891,,-3.74639543311,-3.40013129577,,,,,,1.02913171252,-2.8636882516,,,,0.552749952444,-4.35527093006,-0.280609701541
BLOO07,"SV2A",ENSG00000159164,1.001972,-0.0442049188657,0.474841445684,0.0430596155047,,1.412379039113126,,-0.0705055413117,0.4179276824,-0.0434364632279,0.292937916194,2.4998664293,3.92674669813,,-2.64342873024,,,,,,,,,,-0.709357286763,-5.65619167693,0.166493609417,0.386042664846,0.582395970821,,,0.458161031789,-0.0124733348689,0.208889211195,,1.63271852011,-0.267026929575,,,,,,0.194819427845,1.84449787718,,,,2.21687401883,0.0513172333656,0.642665026088
BLOO10,"SV2A",ENSG00000159164,5.804100,-4.03445785586,-1.14116799831,-4.06142436407,,0.8825797148817991,,-3.44357996307,-4.0014705658,-4.06007021268,-4.25802004438,-2.20935113072,0.110945028765,,-0.153792574654,,,,,,,,,,-2.9109795047,-2.15494792674,-4.15145059107,-3.99143029852,-0.658526301384,,,-3.7585852521,-4.29712605898,-4.06048013722,,-3.40869553601,-4.06663264212,,,,,,-1.50682666084,-3.28031845848,,,,-3.89740539713,-4.11332037136,-1.44844451525
BLOO15,"SV2A",ENSG00000159164,0.703269,0.353985208537,0.545181270273,0.442053335762,,0.9790256851864277,,0.793299712096,0.792923190545,0.41054311881,0.802190140737,0.86513550584,1.25067831396,,-2.43945212486,,,,,,,,,,1.08920863942,-4.78479233219,0.541435552092,0.728796948071,1.01543188095,,,0.759570688279,0.611780236605,0.790454909087,,0.881484750241,-0.0923246263397,,,,,,1.50077555722,0.850149894596,,,,0.91946146089,0.534213779494,0.855670818666
BLOO16,"SV2A",ENSG00000159164,1.254090,-0.0236493916692,1.19188804434,-0.017242415798,,0.12059105614483875,,0.0901371231,0.317061732215,0.240832783614,-0.0212363628482,1.15241931656,3.61800958813,,-3.33620245479,,,,,,,,,,-0.108060934691,-6.44674685256,0.0716146809517,0.411836625788,0.519947767258,,,0.279372136913,-0.0813487609563,0.0919572878199,,0.855072039394,-0.449955614639,,,,,,0.734510512646,1.13451716672,,,,1.38435510889,0.0632788431154,0.247906423759
BLOO18,"SV2A",ENSG00000159164,1.372276,1.66878578245,2.55648266793,1.66383011921,,0.004668117622422364,,1.74699901773,1.91650751191,1.82093443949,1.83447871664,3.16416434118,4.3625017298,,-3.0557482306,,,,,,,,,,1.20283997686,-5.1036344065,1.8475603835,1.95133801434,0.890308976173,,,1.90542116648,1.62629262086,1.88140896531,,2.24942232974,1.48344615254,,,,,,2.15340744215,2.68775624005,,,,3.45273869658,1.70895003758,1.83590056115
BLOO19,"SV2A",ENSG00000159164,4.371162,0.712271697657,0.189874966054,0.528482141281,,-4.254118063622071,,-0.18954295945,0.681778853302,0.936200243026,-0.29664789223,-0.520236340004,-2.91348337809,,5.66340409229,,,,,,,,,,0.632888780571,7.36888034674,0.235407951105,0.857372034908,-3.25448036194,,,0.663681163153,0.752418774677,0.169244363057,,0.918951505606,0.243837180145,,,,,,-0.520613042144,0.115569921456,,,,-2.82576181515,0.621944495465,0.983075991302
BLOO24,"SV2A",ENSG00000159164,4.957818,3.56544297582,3.17971624487,3.67905729701,,0.6273823063829701,,3.25472279397,3.78782634886,3.37996512357,4.2114980725,4.13250432984,2.72020373556,,-1.87017646759,,,,,,,,,,3.77767705797,-1.77865168756,3.870086203,3.58796846667,1.89622724056,,,3.58903855238,3.93477683397,3.65254876469,,3.6863041139,4.25962923789,,,,,,3.72606965457,3.67266521878,,,,5.05468583792,3.73415677877,4.36856051552
BLOO28,"SV2A",ENSG00000159164,4.468815,-1.90204899862,-1.19431589645,-1.76443083385,,4.552655163658112,,-0.707679070349,-2.00648861174,-2.09964541579,-1.0046896447,-0.686102701479,2.20844763771,,-6.00951063111,,,,,,,,,,-1.9408507387,-7.54901741134,-1.48386053373,-2.10996706728,3.01040458679,,,-1.89362439035,-2.1276473809,-1.31942996249,,-2.1947069973,-1.65138568382,,,,,,-0.505987207995,-1.35078515521,,,,1.56486209209,-1.90423850973,-2.54746339023
BLOO31,"SV2A",ENSG00000159164,1.787253,-1.77400591958,-2.70269758305,-1.78918794989,,-0.3038201326650461,,-1.87309322865,-2.11821150237,-1.92728538388,-2.01788359822,-3.26383765655,-4.36747768268,,3.47580168161,,,,,,,,,,-1.52098359073,5.80032727709,-2.00465249635,-2.15316603052,-0.97210162878,,,-2.08284882556,-1.79058560097,-2.05964365908,,-2.51325834366,-1.50640391165,,,,,,-2.62671561342,-2.78475832421,,,,-3.50318103843,-1.87073059823,-2.03508380535
BLOO32,"SV2A",ENSG00000159164,4.712422,-2.9997875222,-2.95156565182,-3.13267843358,,-1.939612805616219,,-3.02042380541,-3.24352306425,-2.80463814114,-3.85949067394,-4.05950987784,-3.66156186647,,3.77737539125,,,,,,,,,,-3.08120885079,4.53007313108,-3.3930727715,-3.05062460519,-2.46346855164,,,-3.0972191169,-3.26797591493,-3.27254912242,,-3.1934780646,-3.57065512081,,,,,,-3.55508566635,-3.40495365413,,,,-5.40769720266,-3.17071284536,-3.56311216244
FATM02B,"SV2A",ENSG00000159164,8.751757,1.02232953489,0.540655763627,1.04451676947,,-1.7192964208125276,,2.75099877619,1.08038508971,1.24729089236,0.356919539678,0.579174165581,0.849216795846,,-0.989201285665,,,,,,,,,,1.26626422487,-1.74969474548,0.507300591683,0.96675197342,-1.6006552497,,,1.11692635285,0.878173021246,1.35605346011,,0.889186446764,0.255086928284,,,,,,1.08947623239,0.916299463395,,,,0.73257314673,1.07107469743,-1.04436618279
FATM02,"SV2A",ENSG00000159164,8.562170,0.982936846395,0.259785992737,1.03430625364,,-1.5035011873413926,,2.65259126389,1.02019329033,1.21296088392,0.264395818145,0.501073655676,0.775471458466,,-1.30239293011,,,,,,,,,,1.31318406026,-1.99867694326,0.42501564902,0.876240661009,-1.42522964095,,,1.10044797369,0.849469115032,1.28189009851,,0.743574096939,0.170948692919,,,,,,0.993581410128,0.927075055892,,,,0.832075949291,1.03206016411,-1.10860940027
FATM03B,"SV2A",ENSG00000159164,6.902986,0.958724285688,0.487384917311,0.974403409273,,-1.689926297744035,,2.61808417102,1.0279353033,1.19251589826,0.273271920546,0.460903573829,0.909083069447,,-0.996936509103,,,,,,,,,,1.22997617654,-1.71105067915,0.429918495221,0.917333180892,-1.43000054838,,,1.05243387727,0.804154354616,1.28378521155,,0.834806492572,0.133376621773,,,,,,1.12437722215,0.855845745585,,,,0.601541209272,1.00843372199,-1.06693198951
FATM03,"SV2A",ENSG00000159164,7.138705,0.91294812722,0.214194188339,0.958040205412,,-1.4650165541894309,,2.5010288389,0.965348209832,1.15445258383,0.175731685227,0.373049453229,0.852360564458,,-1.30452694198,,,,,,,,,,1.26866148259,-1.96052095119,0.33990470726,0.825713724452,-1.22294869981,,,1.0353333989,0.771057831414,1.20718857918,,0.68681450029,0.0381637446582,,,,,,1.04834371141,0.865168463667,,,,0.683204071085,0.96386169882,-1.12070448369
FATM04B,"SV2A",ENSG00000159164,17.977860,2.14837886291,1.85293797031,2.24661708312,,-3.45361632234754,,4.02122926447,2.58919596712,2.68106093141,1.17106412448,2.01972155124,2.59718342513,,1.01227219681,,,,,,,,,,1.93786304098,-0.332545031004,1.52254429307,2.48980058104,-2.71369206233,,,2.74083693554,2.16992491468,2.79258275222,,2.32057191396,0.989072404497,,,,,,1.42116256977,2.81222740865,,,,1.3488694988,2.36676777931,-0.127142036644
FATM04F,"SV2A",ENSG00000159164,7.661125,1.55361846106,0.390558642422,1.65967974345,,-2.2874639230349865,,2.96985397803,1.81030845292,1.94774207861,0.758254332497,1.3877146318,1.64823516041,,0.197620352313,,,,,,,,,,1.43181565487,-0.314234976665,0.832708311238,1.65373366218,-1.34861194696,,,1.83344189734,1.44431471299,1.93383907039,,1.54356891019,0.452507860917,,,,,,0.860720243767,2.10767405266,,,,1.25242984313,1.73730685845,-0.31974667613
FATM04M,"SV2A",ENSG00000159164,9.527712,1.64203379756,2.2229172205,1.68754614076,,-2.8180613650057107,,3.02022955655,2.03201222976,2.04122130629,0.970561066145,1.60537549069,2.1811158471,,1.22712949546,,,,,,,,,,1.45532310177,-0.192695132816,1.39298973308,2.02777822473,-2.59646859235,,,2.22146902049,1.76497526744,2.20760054817,,1.88808949057,0.97884890429,,,,,,1.22652827144,2.0868396721,,,,0.797011158034,1.78721993788,0.0956432446759
FATM04,"SV2A",ENSG00000159164,18.570361,2.16048073812,1.67185379284,2.2567634189,,-3.304180935869434,,4.01819914113,2.57917727135,2.69131022344,1.15743679258,2.01109258418,2.52117197811,,0.710734656183,,,,,,,,,,1.96037888691,-0.372632127956,1.43409699495,2.47116624482,-2.59414995162,,,2.70571982651,2.1438627266,2.76688033913,,2.30636678909,0.939040837069,,,,,,1.43884111516,2.81877364475,,,,1.43763248662,2.37648919271,-0.147561675814
HEIG02,"SV2A",ENSG00000159164,15.799861,,0.753629703671,1.26095316438,,-0.161013092242879,,3.93636548876,,0.573720959516,-0.0285721584359,-2.62169603946,-0.575331647762,,-1.20675695035,,,,,,,,,,2.79731951242,-0.145250496853,-5.37513799589,-0.662897765636,-5.3314037323,,,,0.391956738493,,,-2.38253450394,0.012037412187,,,,,,-3.51684948053,,,,,-1.85282082877,,-5.16093382925
HEIG03,"SV2A",ENSG00000159164,21.907911,-1.14730373419,-0.6867916973,-0.913674271355,,-2.91895187891778,,3.38910550228,-0.937670121019,-0.848894519961,-1.31655430964,-1.5793631129,-0.160236564226,,-0.997769529072,,,,,,,,,,-0.63593607266,0.31771579676,-2.00851186169,-0.898271923615,-8.50681400299,,,-0.444843871466,-0.833396270132,0.107943565999,,-1.3518623504,-0.941187792628,,,,,,-2.55577126984,-0.724399332134,,,,-1.49225546826,-1.041757152,-5.08044347763
HEIG04F,"SV2A",ENSG00000159164,12.771702,-1.30927378871,-0.135863012157,-1.57060332357,,-0.3304630863082219,,1.55190505308,-1.49325759814,-1.34154347301,-1.32996442953,-1.35016725599,-0.143709840941,,-1.35164863746,,,,,,,,,,-1.23113678695,-1.46946908791,-2.43700147189,-1.18138486348,-1.47670641211,,,-1.52898687299,-1.32653340425,-0.786138322638,,-1.20024307297,-0.579602444741,,,,,,-1.94868860841,-1.41061424074,,,,-2.11363195658,-1.5606350939,-3.16519370688
HEIG04M,"SV2A",ENSG00000159164,8.019165,1.27149137453,0.883451507106,1.51673583611,,-1.0369172699555196,,3.70033145734,1.32154758932,1.45795253579,1.25188216853,0.694747274153,0.625792864766,,-0.235506707905,,,,,,,,,,1.22822038936,0.537201390682,1.35988179311,1.07814578826,-0.408826420357,,,1.69209933936,1.40594953147,1.92327213693,,1.06464394627,1.23146842998,,,,,,-0.137515665,1.33519104966,,,,1.10651342986,1.42857797976,-0.641446118631
HIPC03F,"SV2A",ENSG00000159164,13.703291,-0.462832699127,-0.0787590451024,-0.332995600028,,-2.0505890512010225,,1.1138649683,-0.345160634732,-0.202899041691,-0.768431281341,-0.994677340542,-0.36802390015,,-1.33237716104,,,,,,,,,,-0.258297514502,0.161216700867,-1.20416740633,-0.347754280495,-4.83728122711,,,0.0132089334047,-0.152543692301,-0.122408756924,,-0.664522543978,0.662054434965,,,,,,-1.56463451034,-0.346724308521,,,,-0.917761627368,-0.390183459537,-2.8023513968
HIPC03M,"SV2A",ENSG00000159164,10.408446,-0.599040689194,-1.57138365139,-0.509702651905,,-3.102610306175158,,0.512629246159,-0.373990011228,-0.29016613689,-0.708335763081,-0.77053717489,1.0922045006,,-0.076184572901,,,,,,,,,,-0.281608829986,2.14948008347,-0.441546715643,-0.365876462475,,,,-0.407472913271,-0.275640784653,-0.435398842927,,-0.617246951863,-0.153355348299,,,,,,-0.16877663796,-0.141556806605,,,,-0.521881524349,-0.51827137839,-0.346483826789
HIPC03,"SV2A",ENSG00000159164,17.004892,-0.678658113813,-0.930074352299,-0.530685522301,,-3.4072203585536776,,1.66613333467,-0.471786112203,-0.320400143756,-0.979621054587,-1.17537257068,0.151006588425,,-1.8148177844,,,,,,,,,,-0.326464855349,1.21146338449,-1.2736474187,-0.469907002253,-5.75237560272,,,-0.0348154185607,-0.253410308362,0.0101824143109,,-0.862841581744,0.431937169317,,,,,,-1.52363799959,-0.382358397387,,,,-1.09230280903,-0.588369485641,-3.3163273056
HIPC04F,"SV2A",ENSG00000159164,16.051333,-0.455168349856,-0.0774547796732,-0.327481306589,,-2.016631959096331,,1.10770908467,-0.339444892047,-0.19673356558,-0.75570633074,-0.978205823304,-0.361929551767,,-1.31031345323,,,,,,,,,,-0.254020200964,0.158547027713,-1.18422684456,-0.341995587501,-4.75717782974,,,0.0129902099759,-0.150017623431,-0.120381705611,,-0.653518276975,0.645573965305,,,,,,-1.54639014019,-0.340982678928,,,,-0.906345346473,-0.383722156437,-2.75594556339
HIPC04M,"SV2A",ENSG00000159164,12.642160,-0.589491105633,-1.54633351085,-0.501577242923,,-3.0531500381092567,,0.461760253865,-0.368028050987,-0.289602240037,-0.697043848811,-0.75825367453,1.07479318818,,-0.074970103201,,,,,,,,,,-0.277119568209,2.11521411347,-0.434507816015,-0.360043846215,,,,-0.400977190526,-0.271246659604,-0.42845794584,,-0.607407117605,-0.144406065282,,,,,,-0.171315438258,-0.139300180987,,,,-0.519777002887,-0.510009371836,-0.34096036664
HIPC04,"SV2A",ENSG00000159164,23.142529,-0.661733268673,-0.906879547427,-0.517450917958,,-3.3222489195379095,,1.66568287934,-0.460020401345,-0.306881812658,-0.955190602956,-1.14606028606,0.147240668839,,-1.77291614446,,,,,,,,,,-0.318323249659,1.17598499645,-1.24248602356,-0.458188150806,-5.60891914368,,,-0.0339471707132,-0.247090588176,0.00992848044177,,-0.841323470416,0.427237428409,,,,,,-1.49425624773,-0.372822869587,,,,-1.06777689405,-0.57369633057,-3.23362258321
URIN07,"SV2A",ENSG00000159164,0.666875,-0.510048965067,-1.14090541845,-0.544221569748,,1.151675034269975,,-1.31772124396,-0.740042480348,-0.728568187734,-0.637679861207,-0.859994161281,0.516959865871,,0.893558389515,,,,,,,,,,-0.540446176752,-5.67553776036,-0.295654604089,-0.799274116164,-0.978383002794,,,-0.611591716247,-0.833782612186,-0.576015191168,,-1.20038424911,-1.88441349814,,,,,,0.437514351902,-0.525413779445,,,,-0.679782155984,-0.644200337695,-0.137366465374
URIN09,"SV2A",ENSG00000159164,0.516955,0.311195902117,-0.965537213328,0.270171021593,,1.2550203745833044,,-0.281560555329,0.0187437642235,0.0742269475969,0.244794488953,-0.254253014321,0.828473955261,,0.580183623624,,,,,,,,,,0.31093087038,-5.09441778798,0.302886991325,-0.0710219015449,-1.15232109296,,,0.192848472924,-0.0762660766693,0.232613545031,,-0.657945062548,-1.36996862514,,,,,,0.974477821834,0.253443214381,,,,0.283806785681,0.143951341824,0.380901404695
WAIS03M,"SV2A",ENSG00000159164,7.068868,-1.11524028994,-2.14322120347,-1.07089367698,,-1.7657224352150922,,0.420905059589,-1.32619433777,-1.01413982525,-1.15579768734,-2.01782046472,0.345340686806,,-0.834532458348,,,,,,,,,,-0.698465002088,0.750364329774,-1.23814786724,-1.34147536793,-2.47666072845,,,-1.1438912609,-1.06116322165,-0.735996763071,,-1.98893964204,-1.17901314435,,,,,,-1.29953638111,-1.00802725688,,,,-0.993660427805,-1.28568036091,-2.27267412764
WAIS03,"SV2A",ENSG00000159164,11.947191,-0.579263913842,-1.50336211255,-0.604155486713,,-1.6596559769174117,,1.23527031426,-0.972072489615,-0.518660064992,-0.668544172571,-1.67333435218,0.72425742669,,-1.08250886836,,,,,,,,,,-0.338873999829,0.195878138276,-1.13983355767,-0.957740453319,-4.55824136734,,,-0.685100586532,-0.66663242221,-0.312280961684,,-1.5434041165,-0.420895156805,,,,,,-1.56077886646,-0.528594884738,,,,-0.709180881128,-0.811233977856,-2.89347462176
WAIS04F,"SV2A",ENSG00000159164,7.307735,0.0697863808072,-0.251703323643,-0.0127479018461,,-0.794048932979103,,1.0656649334,-0.295201626476,0.0949114480261,-0.0327032190257,-0.692048292494,0.646764663812,,-0.348389799482,,,,,,,,,,0.0402801640585,0.404892270507,-0.537619505344,-0.253177306213,-4.05555391312,,,-0.0827346385163,-0.1142122933,0.0792041943002,,-0.502222060446,0.339629257534,,,,,,-0.998600589765,0.00676849391319,,,,-0.307877504388,-0.102104615154,-2.02225189952
WAIS04M,"SV2A",ENSG00000159164,7.487329,-1.09620970964,-2.10664900573,-1.05261982029,,-1.7355919157853255,,0.402196871948,-1.30356400882,-0.998648561351,-1.13607500477,-1.98338815129,0.339447813919,,-0.824326179711,,,,,,,,,,-0.686546311429,0.730827675928,-1.21772433863,-1.31858430111,-2.43439865112,,,-1.12437173731,-1.04305539281,-0.723437637014,,-1.95500017782,-1.14624505035,,,,,,-1.2785378454,-0.99082612381,,,,-0.957035778695,-1.26374136833,-2.23389294441
WAIS04,"SV2A",ENSG00000159164,12.883459,-0.565260185789,-1.46701830119,-0.589549993863,,-1.6195337981722728,,1.22706164013,-0.948572584711,-0.502809265432,-0.65238209052,-1.63288145787,0.706748473403,,-1.0484750883,,,,,,,,,,-0.330681686627,0.20347712118,-1.11086881914,-0.934587032048,-4.44804573059,,,-0.668538228118,-0.650516534826,-0.304731509147,,-1.50609226415,-0.422138323731,,,,,,-1.52670763179,-0.515816044517,,,,-0.687932641256,-0.79162235287,-2.82352479594
