code,target,ENSEMBL,association,Adipose_Subcutaneous,Adipose_Visceral_Omentum,Breast_Mammary_Tissue,Muscle_Skeletal,DGN_Whole_Blood,Whole_Blood,Artery_Aorta,Artery_Coronary,Artery_Tibial,Heart_Atrial_Appendage,Heart_Left_Ventricle,Spleen,Brain_Amygdala,Brain_Anterior_cingulate_cortex_BA24,Brain_Caudate_basal_ganglia,Brain_Nucleus_accumbens_basal_ganglia,Brain_Putamen_basal_ganglia,Brain_Cerebellar_Hemisphere,Brain_Cerebellum,Brain_Cortex,Brain_Frontal_Cortex_BA9,Brain_Hippocampus,Brain_Hypothalamus,Brain_Spinal_cord_cervical_c-1,Brain_Substantia_nigra,Nerve_Tibial,Cells_Transformed_fibroblasts,Cells_EBV-transformed_lymphocytes,Colon_Sigmoid,Colon_Transverse,Esophagus_Gastroesophageal_Junction,Esophagus_Mucosa,Esophagus_Muscularis,Liver,Minor_Salivary_Gland,Small_Intestine_Terminal_Ileum,Stomach,Adrenal_Gland,Pituitary,Pancreas,Thyroid,Lung,Ovary,Prostate,Testis,Uterus,Vagina,Skin_Not_Sun_Exposed_Suprapubic,Skin_Sun_Exposed_Lower_leg
CHOL21,"NYNRIN",ENSG00000205978,8.283421,-3.65889539917,,,,-3.3499231676276775,0.587118174194,,,-2.05644396722,-0.620908514019,0.917205737341,-3.62236396564,,,,,,-3.83118833158,-5.08769066267,-3.66709951619,,,-0.760403619002,,,-0.66831295881,,,,,,-2.77815219622,,5.9951846546,,,,-2.69165519257,,4.96391511424,,,,,-1.39309766073,,,-3.89642993964,-3.1660024998
CHOL27,"NYNRIN",ENSG00000205978,10.855613,-3.36228146867,,,,-3.725478206914499,1.01975833285,,,-2.37596580195,-0.375726906273,0.921823729424,-3.34890207697,,,,,,-3.9359896082,-5.24498221339,-3.98695583799,,,-0.686968519829,,,-1.37748658491,,,,,,-2.87488400336,,6.936418514,,,,-2.6498357547,,5.6666232674,,,,,-1.09548531696,,,-4.82159367393,-2.91479497917
HEIG02,"NYNRIN",ENSG00000205978,7.118712,1.28094935513,,,,2.112875311449781,-0.611999865489,,,-0.421044425514,-2.38973462868,0.375842579009,1.59311826427,,,,,,1.42051320105,1.64393722276,1.42506598558,,,-0.6752821635,,,-1.14501324859,,,,,,-0.0386036596662,,-2.41042530513,,,,1.18528962899,,-3.06801590133,,,,,0.112557917438,,,0.700852619554,1.31869292446
HEIG03,"NYNRIN",ENSG00000205978,17.284866,1.02799132291,,,,0.7280246650826401,-1.47931345787,,,1.22320063765,-2.09138645337,-1.19186302991,1.72531500532,,,,,,1.94140425142,2.64307211042,1.1585515712,,,0.153806029877,,,-0.98709446737,,,,,,-0.380061868643,,-2.33124234056,,,,1.91933608762,,-3.88291827016,,,,,0.220859792981,,,-0.542126971416,2.39635758408
HEIG04M,"NYNRIN",ENSG00000205978,7.215069,0.896596464907,,,,0.2935430440210916,-1.32078722366,,,1.53115771596,-1.85424127624,-0.713703640222,0.350202179189,,,,,,1.46117795098,2.06821138588,0.729245877428,,,-0.21338916305,,,-1.11045351346,,,,,,-0.941472588412,,-1.90239220419,,,,0.0114858091171,,-3.34637509394,,,,,-0.331873908999,,,-0.567111970442,0.966815948355
LEAN04B,"NYNRIN",ENSG00000205978,8.407379,-0.0754253044387,,,,2.1753921125246616,-1.30775542066,,,-1.60878744191,-3.67280820584,-2.04350902792,-0.271097930338,,,,,,0.881579087074,1.57962853736,1.39180009818,,,-0.677951762539,,,-1.98539529426,,,,,,-0.224742922264,,-1.49859874005,,,,0.479610140817,,-2.95507680577,,,,,1.05169782909,,,0.743752213985,0.802419946123
LEAN04,"NYNRIN",ENSG00000205978,7.816844,0.299166773657,,,,1.838283413916728,-1.50699357121,,,-1.01333868972,-3.26794021369,-1.88466568331,-0.333456972419,,,,,,0.965688756944,1.54868095554,1.27205153837,,,-1.24670880252,,,-2.10756707962,,,,,,-0.318316955884,,-1.69033897064,,,,0.215174238308,,-2.79762289753,,,,,0.580560712245,,,0.55693023008,0.640943521025
LEAN05B,"NYNRIN",ENSG00000205978,9.705997,-0.207431330778,,,,2.0783142400033627,-1.60112649927,,,-1.78416338254,-3.791438664,-2.07348490737,-0.419201044804,,,,,,0.768699724326,1.53135794883,1.36511557858,,,-0.60979137221,,,-2.08784548017,,,,,,-0.420379281085,,-1.55063471391,,,,0.351304736899,,-3.04831295535,,,,,0.938777319783,,,0.596336965505,0.670424997988
LEAN05,"NYNRIN",ENSG00000205978,8.776478,0.233855540798,,,,1.8123487788982569,-1.67540652498,,,-1.12857079427,-3.33428134236,-1.89912025775,-0.408891903994,,,,,,0.923801638185,1.54006955662,1.28679052611,,,-1.18795441147,,,-2.16628507742,,,,,,-0.441125026334,,-1.74194856792,,,,0.139279956464,,-2.88304821151,,,,,0.526118677785,,,0.483915720052,0.575592568175
LEAN06B,"NYNRIN",ENSG00000205978,11.289586,0.215639749609,,,,1.3146481422737724,-2.55826426484,,,-1.64186195014,-3.63353156088,-2.24175742376,-0.74693612874,,,,,,1.45175796283,1.36641207121,0.0410793965378,,,-1.85461379781,,,-1.21999807326,,,,,,-1.30833884292,,-1.91511190027,,,,0.0541424775377,,-3.32193207584,,,,,-0.391294814364,,,-0.0336831165547,0.320688818766
LEAN06F,"NYNRIN",ENSG00000205978,6.074064,0.089478107764,,,,1.122367504936531,-2.35937317352,,,-1.24899119414,-2.84935631597,-1.87956586266,-0.125354476099,,,,,,2.4347231687,1.95644993274,0.712568133477,,,-0.333223946065,,,-0.378818139752,,,,,,-0.37536551965,,-1.82239794127,,,,0.377417473661,,-3.01252420957,,,,,0.123140995543,,,0.568839723167,0.914631845049
LEAN06M,"NYNRIN",ENSG00000205978,7.607198,0.281383214193,,,,0.8044182940376735,-1.28955390616,,,-1.24561988044,-2.6190009748,-1.4244102719,-1.2588901822,,,,,,-0.987264802051,-0.405382282758,-1.03630224835,,,-3.09244774556,,,-1.78031412581,,,,,,-1.96080079685,,-0.878121620227,,,,-0.485296531878,,-1.75602205323,,,,,-0.954713772499,,,-0.960996401462,-0.807631885473
LEAN06,"NYNRIN",ENSG00000205978,13.167344,0.294819502572,,,,1.2968512311356735,-2.16183493696,,,-1.63816346183,-3.62383213532,-2.11438461348,-1.04971798105,,,,,,0.439401933465,0.644688569455,-0.445798379855,,,-2.72484464612,,,-1.58468043565,,,,,,-1.75061081464,,-1.59538865914,,,,-0.247039726536,,-2.90016994803,,,,,-0.633484289472,,,-0.542290843986,-0.198167232418
OSTE04,"NYNRIN",ENSG00000205978,5.869666,-2.00563495009,,,,-0.8565679611709743,1.19749318933,,,-1.30349765624,0.442287448761,0.167045574351,-1.31470520753,,,,,,-1.11861524574,-1.5281196492,-0.811651417469,,,-2.22497007086,,,0.0143366854546,,,,,,-1.02084826115,,1.98843404036,,,,-0.796151669894,,2.03820476394,,,,,-0.716763217067,,,-0.762249261459,-1.41295177212
