code,target,ENSEMBL,association,Adipose_Subcutaneous,Adipose_Visceral_Omentum,Breast_Mammary_Tissue,Muscle_Skeletal,DGN_Whole_Blood,Whole_Blood,Artery_Aorta,Artery_Coronary,Artery_Tibial,Heart_Atrial_Appendage,Heart_Left_Ventricle,Spleen,Brain_Amygdala,Brain_Anterior_cingulate_cortex_BA24,Brain_Caudate_basal_ganglia,Brain_Nucleus_accumbens_basal_ganglia,Brain_Putamen_basal_ganglia,Brain_Cerebellar_Hemisphere,Brain_Cerebellum,Brain_Cortex,Brain_Frontal_Cortex_BA9,Brain_Hippocampus,Brain_Hypothalamus,Brain_Spinal_cord_cervical_c-1,Brain_Substantia_nigra,Nerve_Tibial,Cells_Transformed_fibroblasts,Cells_EBV-transformed_lymphocytes,Colon_Sigmoid,Colon_Transverse,Esophagus_Gastroesophageal_Junction,Esophagus_Mucosa,Esophagus_Muscularis,Liver,Minor_Salivary_Gland,Small_Intestine_Terminal_Ileum,Stomach,Adrenal_Gland,Pituitary,Pancreas,Thyroid,Lung,Ovary,Prostate,Testis,Uterus,Vagina,Skin_Not_Sun_Exposed_Suprapubic,Skin_Sun_Exposed_Lower_leg
AGRA01,"PDZK1IP1",ENSG00000162366,5.848201,1.42992918005,2.15669015112,,,1.9025635120941884,2.27776385525,1.78083814744,2.3401430682,1.77527370993,,,,,,1.88783128983,1.83820930241,,,,2.10236632823,,,,,,1.20553670406,2.00288328352,,,,0.643066477674,,0.383886861336,,,,2.50825875225,2.50356935471,,2.08701406055,,,,,2.02126429572,,,,
BFPC03,"PDZK1IP1",ENSG00000162366,5.716495,-1.66598920105,-2.11822792722,,,-1.9674945866461875,-2.01838927845,-1.80601459898,-2.56089480652,-2.18205490921,,,,,,-1.93786970987,-1.60509951569,,,,-2.21600378759,,,,,,-2.32769424333,-2.31518724935,,,,1.1311862754,,0.136377120847,,,,-3.14627590781,-2.83519918423,,-2.06750162585,,,,,-1.09759697545,,,,
BFPC04B,"PDZK1IP1",ENSG00000162366,12.039696,-2.59920781335,-3.27147136182,,,-2.927933781753049,-3.06575247263,-3.33284217536,-3.56367540366,-3.31186261027,,,,,,-2.25978908851,-2.55494108989,,,,-3.27100707732,,,,,,-3.00392414884,-2.85257491443,,,,0.596398079361,,-1.77353001496,,,,-4.97257869657,-3.94385423765,,-3.35091548271,,,,,-1.22096564284,,,,
BFPC04F,"PDZK1IP1",ENSG00000162366,7.401735,-2.51538165133,-2.5049065563,,,-2.1340478041430426,-2.42308414518,-2.38912630126,-3.10622549345,-2.66849698905,,,,,,-1.91006847245,-1.9358566584,,,,-2.57927958377,,,,,,-2.79490966068,-2.22892875598,,,,-0.271818308619,,-0.477130958839,,,,-3.16646817414,-3.25837013147,,-2.44078987014,,,,,-1.98175781582,,,,
BFPC04M,"PDZK1IP1",ENSG00000162366,7.197945,-1.46178925414,-2.40460869432,,,-2.244168236481433,-2.18824501201,-2.58952183787,-2.29661372253,-2.32084308118,,,,,,-1.50589719655,-1.89481740488,,,,-2.34046344958,,,,,,-1.78498705857,-2.05917800892,,,,1.06196103073,,-2.0504014297,,,,-4.20105245647,-2.69565177166,,-2.56989339099,,,,,0.000511924096174,,,,
BFPC04,"PDZK1IP1",ENSG00000162366,12.140441,-2.79315605579,-3.36023642451,,,-2.9866588266007823,-3.17139419228,-3.37395731015,-3.71789490758,-3.42374626698,,,,,,-2.34493566993,-2.59191209517,,,,-3.375388076,,,,,,-3.18866094515,-2.95115393684,,,,0.377540041835,,-1.69478497126,,,,-4.94867611351,-4.06664128412,,-3.39778961767,,,,,-1.4945063782,,,,
BLOO23,"PDZK1IP1",ENSG00000162366,8.746856,3.70705289143,3.31744340957,,,3.202200778708608,3.42807497464,2.99793902335,3.7388603021,3.54303973374,,,,,,3.16247245567,2.81238871468,,,,3.34617250285,,,,,,2.0770216815,2.82545896188,,,,1.28170797218,,0.182405164622,,,,2.68229454625,3.43378801919,,3.61938359237,,,,,2.13630536539,,,,
BLOO26,"PDZK1IP1",ENSG00000162366,19.681123,4.70445933038,4.61014020108,,,4.332295500210629,4.61963330444,4.43428742391,4.94159662673,5.21323319858,,,,,,1.88695516493,2.85979242505,,,,4.76710866641,,,,,,5.39721482478,4.25393172289,,,,0.294206730052,,1.64419892551,,,,5.68557745184,5.20738638745,,4.62058228018,,,,,4.16016317268,,,,
BLOO27,"PDZK1IP1",ENSG00000162366,30.171966,5.08128379169,5.18381585131,,,4.870278349596553,5.26112059235,4.54632767364,5.71410435675,5.53635999411,,,,,,2.50152484831,3.31154152086,,,,5.29414329239,,,,,,5.4135052862,4.94116983086,,,,0.544704772215,,2.29551041589,,,,6.85797683119,5.71515054532,,5.15579461705,,,,,3.97373484689,,,,
BODY03,"PDZK1IP1",ENSG00000162366,9.336488,-3.05888618639,-3.72761797006,,,-3.7801655739101108,-3.63220214764,-2.73489471131,-3.8355416045,-3.79173396068,,,,,,-3.31124898743,-2.86650036687,,,,-3.71305930633,,,,,,-0.927716454424,-3.5915285142,,,,-2.69276120093,,-0.748661181897,,,,-4.3798010184,-3.44523907702,,-3.93100061382,,,,,-1.93295438759,,,,
BODY04,"PDZK1IP1",ENSG00000162366,10.028038,-3.34711769139,-4.06991631492,,,-4.129878800255575,-3.96799739781,-2.96539430675,-4.14360439945,-4.13048567622,,,,,,-3.72252921183,-3.14758399741,,,,-4.05389035132,,,,,,-1.12850754391,-3.91301615568,,,,-2.64919948916,,-0.854527807795,,,,-4.6740983216,-3.72604557988,,-4.26817347472,,,,,-2.14976974692,,,,
BODY06B,"PDZK1IP1",ENSG00000162366,5.734428,-2.07597871195,-2.88075354265,,,-2.8321658744188456,-2.69073615264,-2.41606593214,-3.14201122587,-3.2505071468,,,,,,-2.27390306607,-2.17316425758,,,,-3.01877993299,,,,,,-2.84455535848,-3.05312027787,,,,0.266364836302,,-0.823981443122,,,,-3.31449693879,-3.35885832099,,-2.94373215744,,,,,-1.67715312403,,,,
BODY06,"PDZK1IP1",ENSG00000162366,5.676026,-2.15725180062,-2.81128096775,,,-2.731006400154104,-2.63124270713,-2.31626158576,-3.18846087648,-3.18840503419,,,,,,-2.28646531098,-2.16935239224,,,,-2.96836239979,,,,,,-2.88684623981,-2.96175900421,,,,0.0416106674671,,-0.700917584091,,,,-3.16582455978,-3.32183779692,,-2.80905298849,,,,,-1.8429698338,,,,
BODY07B,"PDZK1IP1",ENSG00000162366,5.925879,-2.19055804655,-2.84140510641,,,-2.798955287451255,-2.65040807311,-2.44992326778,-3.17129560565,-3.25715904156,,,,,,-2.29812913705,-2.10909519755,,,,-2.99525165375,,,,,,-2.82167789167,-3.0633246838,,,,0.398399771022,,-0.77775042448,,,,-3.31580422399,-3.38951209444,,-2.90778684117,,,,,-1.6225166466,,,,
BODY07,"PDZK1IP1",ENSG00000162366,6.083778,-2.28445508397,-2.74994834824,,,-2.67630542260428,-2.56796668772,-2.3538283581,-3.2079638488,-3.18269556254,,,,,,-2.30187957258,-2.08131975967,,,,-2.92649517636,,,,,,-2.85589472779,-2.96073302015,,,,0.193758630045,,-0.666683263778,,,,-3.13805900418,-3.34780490014,,-2.75087324703,,,,,-1.78555075722,,,,
BODY08B,"PDZK1IP1",ENSG00000162366,14.244514,-2.85518448525,-3.62520090946,,,-3.3599597696897443,-3.32906255743,-3.46774466398,-3.86080317454,-4.14171338501,,,,,,-2.95930596668,-2.86050574293,,,,-3.70960519534,,,,,,-3.57207813234,-3.1983621466,,,,0.472931699582,,-2.18793510302,,,,-4.46074895086,-4.39495856655,,-3.74755034561,,,,,-1.53544326929,,,,
BODY08F,"PDZK1IP1",ENSG00000162366,8.335170,-2.26067735144,-1.98267630853,,,-1.7176202096094126,-1.88895961313,-1.9336815734,-2.73170423271,-2.38454942635,,,,,,-1.99911545366,-1.81756831486,,,,-2.11614468014,,,,,,-2.28633602052,-1.64939351,,,,-0.295223064071,,-0.898188035757,,,,-2.71939597915,-2.84270872074,,-2.0358134336,,,,,-1.50836214297,,,,
BODY08M,"PDZK1IP1",ENSG00000162366,7.738261,-1.99151646701,-3.28689784818,,,-3.1486269121043993,-2.95967491899,-3.11247969786,-2.97110021085,-3.65323631656,,,,,,-2.35714260797,-2.37661492237,,,,-3.28884519055,,,,,,-2.95508816907,-2.98622319905,,,,0.901591518819,,-2.2333416845,,,,-3.80475364382,-3.61038696956,,-3.40963614949,,,,,-0.816527627354,,,,
BODY08,"PDZK1IP1",ENSG00000162366,15.492090,-2.99172382485,-3.54528432791,,,-3.261491991869788,-3.27716216958,-3.38226766605,-3.9066390566,-4.06907814986,,,,,,-2.97071252269,-2.84737909025,,,,-3.64873431129,,,,,,-3.56433256333,-3.11200691421,,,,0.229177518124,,-2.17399356124,,,,-4.38511506775,-4.3626587159,,-3.64958188209,,,,,-1.71431202514,,,,
FATM02B,"PDZK1IP1",ENSG00000162366,5.639558,-2.01557905134,-2.7694466974,,,-2.692280136714781,-2.7353671172,-2.25897090564,-2.78773245622,-2.78357011463,,,,,,-2.31506850702,-2.03924922185,,,,-2.82548182051,,,,,,-2.49323435144,-3.04754517222,,,,0.562002967695,,-0.873477788204,,,,-3.71167238036,-3.27474265662,,-2.79378661741,,,,,-1.301722107,,,,
FATM02,"PDZK1IP1",ENSG00000162366,5.755574,-2.08963097573,-2.67920621858,,,-2.5823513072374804,-2.67677853182,-2.13816006659,-2.83921617762,-2.73304207329,,,,,,-2.26089564417,-2.0503343044,,,,-2.76076582605,,,,,,-2.57608736551,-2.95396269183,,,,0.356831686278,,-0.66819546233,,,,-3.51143730825,-3.22473229198,,-2.6657769765,,,,,-1.45171646402,,,,
FATM03B,"PDZK1IP1",ENSG00000162366,5.998093,-2.09796928761,-2.71360560321,,,-2.6403738781932486,-2.66599962271,-2.28297776282,-2.80630025595,-2.78907893984,,,,,,-2.30734183022,-1.96429444315,,,,-2.78054346833,,,,,,-2.48807056487,-3.04841891626,,,,0.711252120395,,-0.831059838222,,,,-3.69529166404,-3.28701838354,,-2.73661871665,,,,,-1.24333614509,,,,
FATM04B,"PDZK1IP1",ENSG00000162366,13.804156,-2.93874011872,-3.52777119471,,,-3.2002425879262586,-3.39004800028,-3.51395221713,-3.55662111224,-3.61456216474,,,,,,-2.70605658355,-2.72541049574,,,,-3.52195052369,,,,,,-2.96172648479,-3.14513787218,,,,0.131199196188,,-2.06964945467,,,,-4.90994161411,-4.15712882543,,-3.56399452986,,,,,-1.19877219171,,,,
FATM04F,"PDZK1IP1",ENSG00000162366,7.446602,-2.40324867971,-1.96314600371,,,-1.64676606240083,-2.03756182462,-2.03048058874,-2.58768628202,-2.17554048094,,,,,,-1.8824920493,-1.71608192003,,,,-2.06643677245,,,,,,-2.31563546885,-1.76581414375,,,,-0.55871950848,,-0.807001355773,,,,-3.00410571604,-2.78066798265,,-1.93872636432,,,,,-1.51982094886,,,,
FATM04M,"PDZK1IP1",ENSG00000162366,6.765356,-2.00967382074,-3.19678772143,,,-3.0138700202860016,-2.94288756336,-3.12002690319,-2.70488854202,-3.13556196497,,,,,,-2.13032011524,-2.29888238937,,,,-3.10071598176,,,,,,-2.11561939618,-2.83748675618,,,,0.656506415469,,-2.16379940474,,,,-4.21605075068,-3.36928827075,,-3.26751377407,,,,,-0.35635387481,,,,
FATM04,"PDZK1IP1",ENSG00000162366,12.961221,-3.04197477418,-3.44070339904,,,-3.091501902277007,-3.34176345993,-3.43073802414,-3.5942005312,-3.56183607236,,,,,,-2.69851879249,-2.67730559664,,,,-3.45955242273,,,,,,-3.03734403429,-3.07567687943,,,,-0.0826061380247,,-2.01646175357,,,,-4.84080558732,-4.13143767222,,-3.45290538041,,,,,-1.405230233,,,,
