code,target,ENSEMBL,association,Adipose_Subcutaneous,Adipose_Visceral_Omentum,Breast_Mammary_Tissue,Muscle_Skeletal,DGN_Whole_Blood,Whole_Blood,Artery_Aorta,Artery_Coronary,Artery_Tibial,Heart_Atrial_Appendage,Heart_Left_Ventricle,Spleen,Brain_Amygdala,Brain_Anterior_cingulate_cortex_BA24,Brain_Caudate_basal_ganglia,Brain_Nucleus_accumbens_basal_ganglia,Brain_Putamen_basal_ganglia,Brain_Cerebellar_Hemisphere,Brain_Cerebellum,Brain_Cortex,Brain_Frontal_Cortex_BA9,Brain_Hippocampus,Brain_Hypothalamus,Brain_Spinal_cord_cervical_c-1,Brain_Substantia_nigra,Nerve_Tibial,Cells_Transformed_fibroblasts,Cells_EBV-transformed_lymphocytes,Colon_Sigmoid,Colon_Transverse,Esophagus_Gastroesophageal_Junction,Esophagus_Mucosa,Esophagus_Muscularis,Liver,Minor_Salivary_Gland,Small_Intestine_Terminal_Ileum,Stomach,Adrenal_Gland,Pituitary,Pancreas,Thyroid,Lung,Ovary,Prostate,Testis,Uterus,Vagina,Skin_Not_Sun_Exposed_Suprapubic,Skin_Sun_Exposed_Lower_leg
BLOO28,"CCDC170",ENSG00000120262,5.653999,-1.40007118538,,,-2.03745036625,,-0.0371477258412,,,,,,-0.6312954402,,-2.33650689681,-2.15434175101,,-2.5157398608,-3.36711082875,,-2.28087074973,-3.36634970255,,,,,,-3.52813775481,,,,,-2.44166674345,,-4.03996458107,,-0.547228187278,-3.2024744369,-3.03205479306,,,-3.31234972544,,-0.307055648143,,-1.53017686031,,-1.86941354098,,-3.32709263553
LEAN04B,"CCDC170",ENSG00000120262,6.436460,-2.65059537522,,,0.97127613975,,0.305463593158,,,,,,-1.61297092942,,-0.292988693751,-2.29309741379,,-1.61846890285,-2.60738810755,,-0.435930968925,-2.09534804024,,,,,,0.370639046112,,,,,-1.34011833948,,-0.688390658623,,-0.161113899504,-2.97517367585,-3.06018400274,,,-2.4599233684,,-1.00074674595,,-1.75136036278,,-2.3742051097,,-2.72179053905
LEAN05B,"CCDC170",ENSG00000120262,6.236565,-2.82123735606,,,0.802151667515,,0.287665115041,,,,,,-1.79624008611,,-0.488135694392,-2.39026264353,,-1.72690034474,-2.71664702191,,-0.552109825476,-2.17662456228,,,,,,0.322382787886,,,,,-1.44913818455,,-0.752316028548,,-0.0652287591876,-3.09301539484,-3.22029553061,,,-2.64946160235,,-1.11361532073,,-1.79740483642,,-2.46859206285,,-2.89392261486
LEAN06B,"CCDC170",ENSG00000120262,5.877129,-2.1069462744,,,2.32160740536,,-0.0666203106373,,,,,,-1.74257166569,,-0.0675616513311,-1.49634160524,,-1.08323600517,-2.5298606289,,-0.928489204365,-0.902417546876,,,,,,0.483485202953,,,,,-0.383554628257,,-0.304199257178,,-0.00884976563177,-3.17493556869,-1.7618626792,,,-1.54345204369,,0.502186908354,,-1.19891761369,,-3.42440314031,,-1.94892079844
LEAN06,"CCDC170",ENSG00000120262,6.984179,-2.50379930206,,,2.54646067513,,-0.076533379278,,,,,,-1.52888589903,,-0.273517001123,-1.60963891858,,-1.15349759953,-2.86052863291,,-1.1937124103,-0.721248338014,,,,,,0.384462199349,,,,,-0.324648464427,,0.0513678997943,,-0.508201818415,-2.70961452511,-1.47463123189,,,-1.46948640083,,1.07134018226,,-1.08251919362,,-3.77733107528,,-1.5843433426
MENA01F,"CCDC170",ENSG00000120262,8.128322,1.53843475425,,,-1.35952198857,,-2.82790222745,,,,,,-3.24589857613,,-0.664695336297,-1.11477281022,,-1.73096444995,0.29526238743,,-1.15131683615,-0.867491080364,,,,,,-3.15585865081,,,,,-1.02100076403,,-1.98753388359,,0.30957730583,-0.158316826534,-1.51124102604,,,-2.53769100922,,-2.48158165029,,-0.80345769065,,0.501854833855,,-2.79735192156
MENA02F,"CCDC170",ENSG00000120262,15.361651,2.73642327927,,,-1.50805482432,,-1.92517315265,,,,,,-2.79971140584,,0.454277093293,1.51937100785,,-1.01705520981,0.185241948546,,-0.68349173431,-1.65175415284,,,,,,-3.47757161405,,,,,-0.810753223054,,-2.94313864942,,2.28431558553,1.34307009476,-1.83036941531,,,-2.32660274408,,-1.54963447441,,-1.83601796233,,0.669623378304,,-2.54627705913
OSTE01,"CCDC170",ENSG00000120262,15.015702,-3.5869370722,,,0.061985769104,,-0.96957969502,,,,,,-3.14383954459,,-3.7429768505,0.948301917148,,-2.07903702496,-1.05103304352,,-0.733114840425,-4.5842372501,,,,,,-1.74897498607,,,,,-3.81995889753,,-0.791423834448,,-1.13697014451,-0.424183208474,-7.44544841848,,,-6.02902233878,,-3.20348625388,,-1.03778284658,,-1.93954292422,,-5.40705246086
OSTE03,"CCDC170",ENSG00000120262,17.218582,-3.25060699204,,,-0.540196541796,,-1.03318184175,,,,,,-3.34330378922,,-2.54229582386,0.577653387367,,-1.83365716736,-0.609565766784,,-0.885717045103,-5.08398523196,,,,,,-1.684107562,,,,,-4.49655881607,,-0.52901703496,,-0.920230357665,-0.330217077087,-8.0375430346,,,-6.04626671568,,-3.91372823356,,-0.369133778393,,-1.8234422634,,-5.60507249574
OSTE04,"CCDC170",ENSG00000120262,96.476826,-10.4355022133,,,-7.60184513158,,-1.04779628461,,,,,,-13.9224711474,,-12.3586348757,-2.88932092244,,-11.6086919118,-7.91251582484,,-8.50538124536,-18.1465858726,,,,,,-12.6690659496,,,,,-15.8918593436,,-8.50485297079,,-3.6260811379,-5.3803383445,-26.6599187842,,,-24.4610518795,,-11.593422909,,-6.64467339229,,-6.22611482309,,-21.9131900319
