code,target,ENSEMBL,association,Adipose_Subcutaneous,Adipose_Visceral_Omentum,Breast_Mammary_Tissue,Muscle_Skeletal,DGN_Whole_Blood,Whole_Blood,Artery_Aorta,Artery_Coronary,Artery_Tibial,Heart_Atrial_Appendage,Heart_Left_Ventricle,Spleen,Brain_Amygdala,Brain_Anterior_cingulate_cortex_BA24,Brain_Caudate_basal_ganglia,Brain_Nucleus_accumbens_basal_ganglia,Brain_Putamen_basal_ganglia,Brain_Cerebellar_Hemisphere,Brain_Cerebellum,Brain_Cortex,Brain_Frontal_Cortex_BA9,Brain_Hippocampus,Brain_Hypothalamus,Brain_Spinal_cord_cervical_c-1,Brain_Substantia_nigra,Nerve_Tibial,Cells_Transformed_fibroblasts,Cells_EBV-transformed_lymphocytes,Colon_Sigmoid,Colon_Transverse,Esophagus_Gastroesophageal_Junction,Esophagus_Mucosa,Esophagus_Muscularis,Liver,Minor_Salivary_Gland,Small_Intestine_Terminal_Ileum,Stomach,Adrenal_Gland,Pituitary,Pancreas,Thyroid,Lung,Ovary,Prostate,Testis,Uterus,Vagina,Skin_Not_Sun_Exposed_Suprapubic,Skin_Sun_Exposed_Lower_leg
BFPC02,"NUDT18",ENSG00000173566,6.381398,3.72576841624,1.68238466244,1.48336638099,-2.33867449381,-3.5854241381525225,-3.92387213349,1.8750286531,,0.720827611133,,-3.01066653063,-2.07291189513,,,-2.94940333127,-4.44118430056,-2.63698411356,,,,,,-4.29751785933,-2.25098801877,0.0372370949752,2.96131091584,3.955569684,-3.07708886455,,,,-4.32723938949,-1.40822193244,-2.49086452512,-2.8826888532,,-3.59448542327,-3.53967063956,-4.12658369438,-3.43002214292,-4.15385577369,-0.485223617375,,-4.40668263348,-3.88007472904,,,-4.02627814372,-3.79794641167
BFPC03B,"NUDT18",ENSG00000173566,6.082631,3.60182598189,1.74610008359,1.63228938425,-1.94526522501,-3.3465626419411594,-3.74030606915,1.87341570808,,0.793220818916,,-2.79958775242,-1.82559248217,,,-2.72105391104,-4.3795781231,-2.4820131234,,,,,,-4.13374074014,-2.13960634586,0.348911367857,2.84535796302,3.92628046606,-2.72358568162,,,,-4.17154841685,-1.10651117032,-2.24433505068,-2.83952008221,,-3.34404186941,-3.31612666042,-3.98645122279,-3.21290344382,-4.10004535437,-0.346792373499,,-4.25756222652,-3.67498665604,,,-3.94935774714,-3.57689510629
BFPC03,"NUDT18",ENSG00000173566,6.935579,3.76931129267,1.73178101298,1.58964326669,-2.27205066214,-3.5996414041039397,-3.94440122652,1.86811289701,,0.755759220089,,-2.99445654134,-2.09326054511,,,-3.01293235945,-4.50079627062,-2.60308572065,,,,,,-4.29877107665,-2.24639035255,0.0262150772323,3.01627752922,4.12015901542,-3.08971800693,,,,-4.36585105952,-1.37043135337,-2.58378027081,-2.91240510833,,-3.60580115893,-3.57596601278,-4.16062359627,-3.4857775512,-4.20516215006,-0.457307392416,,-4.44808728394,-3.89359611783,,,-4.0798893628,-3.82844774672
BFPC04B,"NUDT18",ENSG00000173566,8.747973,4.89643786013,2.9465508864,2.24737674359,-2.10018498569,-3.346360912493288,-3.8738778834,3.17093444433,,1.02033378588,,-2.87716880036,-1.40022908559,,,-2.89171813643,-5.03874026316,-2.68743339512,,,,,,-4.48926181342,-2.32440652472,0.259241989485,2.92510158409,5.27148453714,-2.48922400086,,,,-4.69322810385,-1.99849733103,-1.56069552899,-3.33455437802,,-3.3695616785,-3.54893911616,-4.44409945479,-3.31114689155,-4.64333119538,-0.221876281095,,-5.03260884422,-4.69803038107,,,-4.36673902387,-3.76301763869
BFPC04F,"NUDT18",ENSG00000173566,16.397658,5.46771650295,3.09012213182,1.67818806952,-3.31776353358,-4.554202494876972,-4.99072654217,2.80072868739,,0.959180662825,,-3.74673817472,-2.73825197339,,,-4.38606632908,-5.89693433521,-3.17029738202,,,,,,-5.24628516711,-3.72085742413,-0.815742115757,3.99062997676,6.68350419043,-3.95650836241,,,,-5.82688846541,-3.56891021669,-2.65744977789,-3.89727599349,,-4.28727253291,-4.78864438523,-5.51221624849,-4.40234537554,-5.50038372586,-0.698528985575,,-6.05968022829,-5.36539125714,,,-5.36877829864,-5.00263049767
BFPC04,"NUDT18",ENSG00000173566,11.117430,5.3219289837,3.17483874918,2.23657119244,-2.50027919117,-3.811621387778393,-4.34836996835,3.2952061593,,1.04947864416,,-3.2405985709,-1.83084387369,,,-3.35082875887,-5.53865954581,-2.97419727597,,,,,,-4.92040685352,-2.76196926144,-0.00337035517399,3.35014425115,5.86272263903,-2.98019310258,,,,-5.22919223654,-2.43742226759,-1.92879061706,-3.66476196609,,-3.79630557446,-4.06039308441,-4.94203354459,-3.72659765368,-5.11637589461,-0.329645075861,,-5.56250598962,-5.14433277109,,,-4.83601115708,-4.26538212961
BODY08F,"NUDT18",ENSG00000173566,9.081430,4.30646806851,2.91521878087,0.921173971681,-2.26595245662,-3.4555805596993157,-3.92530481827,2.16090193872,,0.670130488782,,-2.78360227195,-2.44362681027,,,-3.63653224514,-4.67275565727,-2.50716341715,,,,,,-4.05557702857,-3.23184705884,-0.385344874879,3.37103401278,5.21157862938,-2.84011275677,,,,-4.57612414375,-3.06891168933,-1.52578012429,-3.08423562991,,-3.43512719525,-3.99793000646,-4.34510138123,-3.50888232815,-4.36821997909,-0.550985124976,,-4.79376176816,-4.38354951697,,,-4.42104902317,-3.68728942618
FATM03,"NUDT18",ENSG00000173566,5.690200,3.40843547159,1.98873130529,1.21096765181,-1.71908529557,-2.9330767635757113,-3.33657248421,1.61978986562,,1.27986468576,,-2.36728463035,-1.43624582401,,,-2.97701420116,-3.89798275698,-2.17703034853,,,,,,-3.68940589787,-2.00711673558,0.396357055781,2.64280754531,3.67797485955,-2.43299493285,,,,-3.74998403037,-1.23609809783,-1.8870477747,-2.4409303187,,-3.05473767331,-2.96802833434,-3.5065295933,-2.94844919863,-3.574802062,0.00114283528826,,-3.87782785659,-3.55141270981,,,-3.57712003879,-3.24383300687
FATM04B,"NUDT18",ENSG00000173566,6.397181,3.94421002209,2.73223993161,1.54183780699,-1.54176673417,-2.661550125431559,-3.13520252106,2.82240192638,,0.479123990712,,-2.23282714455,-1.08967443102,,,-2.57993268652,-4.41602969668,-2.12366953953,,,,,,-3.71354749951,-1.81152304391,0.565830154337,2.34011645337,4.52612980818,-1.7054312224,,,,-3.98182657487,-1.54343224069,-0.953799079466,-2.88050194092,,-2.75664562432,-3.15382816853,-3.69719294512,-2.76052883299,-3.96515573572,-0.170316715615,,-4.26582060276,-4.12006061713,,,-3.74169518459,-3.05468821509
FATM04F,"NUDT18",ENSG00000173566,11.501552,4.74881061582,2.89365298631,1.00738269573,-2.76538148836,-4.112734163522938,-4.58007474656,2.47482553412,,0.809272360786,,-3.42158106868,-2.62596532466,,,-4.36219443082,-5.50108670241,-2.86170053815,,,,,,-4.81282409085,-3.50928723558,-0.731593015771,3.69697703633,5.98921112539,-3.44014518102,,,,-5.36369501222,-3.12016503608,-2.18400451304,-3.73695461097,,-3.9853143207,-4.5576840878,-5.05214708103,-4.13830979065,-5.14461255073,-0.958011031396,,-5.59972036708,-5.14767757411,,,-5.02004105689,-4.41912313127
FATM04,"NUDT18",ENSG00000173566,8.801783,4.38436438761,2.96599189767,1.53854570506,-1.91469653446,-3.1410978644792196,-3.64049653587,2.95258628778,,0.594486358644,,-2.62521585343,-1.55186508705,,,-3.09516877026,-4.93997541486,-2.42574071371,,,,,,-4.18131540976,-2.28967912794,0.273379140769,2.79196429608,5.09099043356,-2.21572812211,,,,-4.53693795822,-1.93279603778,-1.30345092005,-3.26489896856,,-3.21788525323,-3.67937903516,-4.21781259095,-3.20500583817,-4.4749326478,-0.336053327019,,-4.83040006955,-4.61633443695,,,-4.24786194252,-3.54434964041
