code,target,ENSEMBL,association,Adipose_Subcutaneous,Adipose_Visceral_Omentum,Breast_Mammary_Tissue,Muscle_Skeletal,DGN_Whole_Blood,Whole_Blood,Artery_Aorta,Artery_Coronary,Artery_Tibial,Heart_Atrial_Appendage,Heart_Left_Ventricle,Spleen,Brain_Amygdala,Brain_Anterior_cingulate_cortex_BA24,Brain_Caudate_basal_ganglia,Brain_Nucleus_accumbens_basal_ganglia,Brain_Putamen_basal_ganglia,Brain_Cerebellar_Hemisphere,Brain_Cerebellum,Brain_Cortex,Brain_Frontal_Cortex_BA9,Brain_Hippocampus,Brain_Hypothalamus,Brain_Spinal_cord_cervical_c-1,Brain_Substantia_nigra,Nerve_Tibial,Cells_Transformed_fibroblasts,Cells_EBV-transformed_lymphocytes,Colon_Sigmoid,Colon_Transverse,Esophagus_Gastroesophageal_Junction,Esophagus_Mucosa,Esophagus_Muscularis,Liver,Minor_Salivary_Gland,Small_Intestine_Terminal_Ileum,Stomach,Adrenal_Gland,Pituitary,Pancreas,Thyroid,Lung,Ovary,Prostate,Testis,Uterus,Vagina,Skin_Not_Sun_Exposed_Suprapubic,Skin_Sun_Exposed_Lower_leg
BLOO01,"BTBD2",ENSG00000133243,9.457473,-0.784729355144,-0.384058114551,,,-1.227813163895585,-0.460092768359,-0.0763922528928,,0.0959950836089,-0.191058659884,-0.463097339567,-0.10795117235,,,,,,-1.01262889074,0.67461859279,,,,,,,-2.87507257904,,,-0.600455948411,-0.0303421070501,-0.512944147724,-0.233501716341,-1.0789905844,,,,-0.0832956975956,1.53512171692,,0.00393640804349,-0.621517529684,-0.188100796798,,0.0523532849147,-0.0453993898036,,,-0.330592932263,0.07955002519
BLOO34,"BTBD2",ENSG00000133243,6.342447,1.17642636654,0.76610492025,,,2.01956418259042,0.878007165669,-0.410105574113,,0.436462297884,-0.652911733834,-0.756770501027,1.43397771072,,,,,,0.725428204877,0.750773908499,,,,,,,2.29934016717,,,0.642926984453,0.777634806797,0.0860913288766,0.679093992425,1.40302753738,,,,0.445199198955,-0.0768292508075,,0.7861500126,1.20601934687,0.0734244427074,,0.909927906632,-0.333893216521,,,-0.49194180555,0.214732913684
BLOO35,"BTBD2",ENSG00000133243,2.963132,2.62663869494,3.91992892858,,,3.591870398169503,0.296795732255,4.16237949507,,4.92084333663,3.24694231475,1.92677505336,3.02796882722,,,,,,1.41995931537,2.99417746655,,,,,,,2.71879187683,,,3.26763502059,4.6456337908,4.61184623133,4.39331951125,3.16841683284,,,,4.59048578316,0.789926981339,,3.77832709669,5.07523060834,4.5046396403,,2.47840761555,3.79629945938,,,3.73208636604,5.17221919412
BODY03,"BTBD2",ENSG00000133243,7.457897,-0.877127002012,-2.14242198499,,,-0.6809238336274186,-0.103154588319,-5.43147001498,,-3.44003323709,-3.8318545639,-3.04457184264,-1.00431095648,,,,,,-0.108469223949,-2.78551980769,,,,,,,-5.35259362319,,,-2.26989622221,-5.22446128124,-5.23333579974,-4.48745231824,-4.35976714794,,,,-3.72954622502,1.40933619173,,-5.38938813792,-4.19126556918,-4.93336187888,,-5.45634081989,-3.44925020355,,,-3.9588739088,-6.01902513318
BODY04F,"BTBD2",ENSG00000133243,6.273591,-0.100877320465,-2.11097775074,,,0.6200408311600404,0.685615291308,-5.11649098481,,-2.66076902752,-3.44684324508,-2.67230112743,0.166073879768,,,,,,-0.0979260207732,-1.57116164882,,,,,,,-4.73740225349,,,-0.726564808438,-5.01895255551,-4.85917698344,-3.47325328473,-3.35481187353,,,,-3.05562493652,1.67831510368,,-5.17237805407,-3.67777002767,-4.51990120693,,-5.21210954469,-3.15660472166,,,-3.60226076407,-4.90372823841
BODY04,"BTBD2",ENSG00000133243,7.997143,-1.02139642097,-2.2867920835,,,-0.7330475061275714,-0.0153325111057,-5.55360392704,,-3.62427927262,-3.9982125556,-3.17391032838,-1.07771311861,,,,,,-0.0737354070039,-2.91690801308,,,,,,,-5.47123137055,,,-2.27772043815,-5.33221038783,-5.36151559317,-4.6439962662,-4.4393045205,,,,-3.89020835856,1.35531735774,,-5.46283801346,-4.36568847078,-5.07664921323,,-5.53730927338,-3.63145801031,,,-4.132737388,-6.15445748414
EDUC03,"BTBD2",ENSG00000133243,5.629672,1.36235600437,4.16228640415,,,3.160182628350138,0.4387844688,5.08010501018,,4.04548016928,2.41814958989,3.74907680384,3.36696164367,,,,,,1.44835096435,2.33074474571,,,,,,,0.780459039027,,,3.57241866202,4.98909334404,5.03826497795,4.91560857525,4.61237851924,,,,2.94552675825,2.2668408183,,4.92510828295,5.1623586952,5.01409968976,,4.29719301513,4.58882820764,,,4.45637793414,4.4704330086
HIPC01F,"BTBD2",ENSG00000133243,5.362160,-1.55030669483,-2.47320732205,,,-1.6550742167223682,0.190412077842,-5.10373044349,,-3.89376056559,-4.10742772977,-3.53571383711,0.283557878319,,,,,,-1.4239885512,-2.01016933834,,,,,,,-4.72983999272,,,-1.30037234035,-4.85304318312,-4.94600222273,-4.22011143424,-4.00429572004,,,,-3.02343022267,1.73151839948,,-4.82670987127,-4.49715067018,-4.33509241001,,-4.55852343013,-3.87814009437,,,-4.10290423777,-3.12678812142
HIPC01,"BTBD2",ENSG00000133243,5.718580,-1.37188947059,-3.02967582775,,,-1.5855266846036813,-0.243480898215,-4.96066788087,,-3.9291539649,-4.14462939017,-3.22399098635,-0.520609009244,,,,,,-0.815773658035,-1.83494828743,,,,,,,-4.74671219135,,,-1.28827866379,-4.48206391498,-5.00120489015,-4.78038039917,-3.98434520479,,,,-2.5937143457,1.36865029703,,-4.61055313728,-4.26583807762,-4.67169361946,,-4.53314308772,-3.86413798594,,,-4.13182085152,-3.70420551093
HIPC02F,"BTBD2",ENSG00000133243,4.990507,-1.48896524933,-2.41068792685,,,-1.616005171048189,0.181836718069,-5.02924949535,,-3.79590273701,-4.00420002161,-3.44685442617,0.276431529299,,,,,,-1.38418719601,-1.95964977573,,,,,,,-4.63960447661,,,-1.27697445521,-4.79627183965,-4.8398435156,-4.11405173121,-3.90365982592,,,,-2.97624127865,1.68800198269,,-4.77937262278,-4.38412847596,-4.2392972765,,-4.520769057,-3.78067486843,,,-3.99979020626,-3.09971422918
HIPC02,"BTBD2",ENSG00000133243,5.286997,-1.35177850951,-2.94616580396,,,-1.5485787970660545,-0.234422652665,-4.82956788736,,-3.82157202675,-4.03114748188,-3.1357165631,-0.506354541017,,,,,,-0.776090243512,-1.7875025189,,,,,,,-4.59521162115,,,-1.25382047143,-4.34242262168,-4.86586370061,-4.64949143454,-3.87525201419,,,,-2.52346326794,1.33117604935,,-4.46058005429,-4.1490376002,-4.53484396051,,-4.39247146394,-3.75833611117,,,-4.01868960952,-3.59572473226
