code,target,ENSEMBL,association,Adipose_Subcutaneous,Adipose_Visceral_Omentum,Breast_Mammary_Tissue,Muscle_Skeletal,DGN_Whole_Blood,Whole_Blood,Artery_Aorta,Artery_Coronary,Artery_Tibial,Heart_Atrial_Appendage,Heart_Left_Ventricle,Spleen,Brain_Amygdala,Brain_Anterior_cingulate_cortex_BA24,Brain_Caudate_basal_ganglia,Brain_Nucleus_accumbens_basal_ganglia,Brain_Putamen_basal_ganglia,Brain_Cerebellar_Hemisphere,Brain_Cerebellum,Brain_Cortex,Brain_Frontal_Cortex_BA9,Brain_Hippocampus,Brain_Hypothalamus,Brain_Spinal_cord_cervical_c-1,Brain_Substantia_nigra,Nerve_Tibial,Cells_Transformed_fibroblasts,Cells_EBV-transformed_lymphocytes,Colon_Sigmoid,Colon_Transverse,Esophagus_Gastroesophageal_Junction,Esophagus_Mucosa,Esophagus_Muscularis,Liver,Minor_Salivary_Gland,Small_Intestine_Terminal_Ileum,Stomach,Adrenal_Gland,Pituitary,Pancreas,Thyroid,Lung,Ovary,Prostate,Testis,Uterus,Vagina,Skin_Not_Sun_Exposed_Suprapubic,Skin_Sun_Exposed_Lower_leg
BFPC02B,"SNRPC",ENSG00000124562,6.811212,-4.88854647521,-5.84665654228,-4.57056581431,-3.41405906543,-4.517618810942145,,-1.91232093257,,-4.62262279009,-4.7141320771,-3.74524387248,-3.04792376409,-4.34264969265,,-4.66219312633,-4.67178685748,-4.24499743966,,-2.78290599554,-4.72493109463,-4.64154228573,-4.56772684898,,,,-3.50914789033,-4.61439209667,,-4.2594141825,-3.70188729334,,-4.58436621869,-4.92562904207,,,-3.03460896896,-3.94970529936,-4.42614401323,,-4.8154127665,-3.56585592855,-4.67136123491,,,,,,-4.06660854473,-4.63496627948
BFPC02,"SNRPC",ENSG00000124562,7.190178,-4.98470976209,-5.91685653843,-4.53507714022,-3.4857321511,-4.552321795254852,,-1.78507361944,,-4.72737646367,-4.85458820891,-3.95975237645,-2.91212679224,-4.3934377422,,-4.7694570304,-4.77471276425,-4.21674098535,,-2.93796366369,-4.81745931635,-4.79446276687,-4.69436855791,,,,-3.52718663647,-4.72736564915,,-4.20482975124,-3.70266221816,,-4.64699799984,-5.02069953467,,,-3.30372590122,-3.88657307502,-4.47599300135,,-4.93417727083,-3.68644603212,-4.77554786006,,,,,,-4.05356996365,-4.75853585587
BFPC03B,"SNRPC",ENSG00000124562,6.677388,-4.87578627841,-5.89134878429,-4.57720148639,-3.44584362184,-4.52995068265972,,-1.88772377648,,-4.65606368471,-4.76960481196,-3.74712514356,-3.04528807695,-4.34717048703,,-4.69157509972,-4.69245667064,-4.24852377417,,-2.7936591727,-4.74832411622,-4.66849180005,-4.60118937239,,,,-3.48109462554,-4.66496255161,,-4.2773545114,-3.69084459963,,-4.59204541585,-4.95929832652,,,-3.08907117855,-3.97010125769,-4.46186100623,,-4.91043191306,-3.63627528513,-4.71053527159,,,,,,-4.09516354874,-4.6700948094
BFPC03,"SNRPC",ENSG00000124562,7.348732,-4.9553560943,-5.95355441294,-4.5275593651,-3.51313648652,-4.54873648117464,,-1.75675511269,,-4.74997465522,-4.90555467146,-3.95110519925,-2.91419835608,-4.38620500374,,-4.78915172016,-4.78212909994,-4.19457151965,,-2.94197881636,-4.82873994835,-4.80550163694,-4.71591686577,,,,-3.48084468622,-4.7702485023,,-4.20817390193,-3.67337778644,,-4.64166686854,-5.04301137296,,,-3.36281543074,-3.90515715501,-4.51544575423,,-5.03034209336,-3.75456078548,-4.80467814208,,,,,,-4.07115823688,-4.78294676464
BFPC04B,"SNRPC",ENSG00000124562,24.168322,-8.99969282651,-10.0105046619,-8.17371792981,-7.28818922693,-8.474673481907924,,-3.32676566682,,-8.75857669971,-9.17821544015,-6.30216392971,-5.60176138191,-8.32227080419,,-8.62999372401,-8.78081437144,-7.12740507377,,-5.50649451469,-8.71911584156,-8.72630696922,-8.67738529289,,,,-5.38670242503,-8.70328151429,,-6.96481569948,-6.22964053277,,-8.75718899266,-9.25724837913,,,-5.01787305238,-7.03064477661,-8.07861672402,,-9.48096909783,-6.7438204392,-8.66122091239,,,,,,-6.79755634431,-8.1750634358
BFPC04F,"SNRPC",ENSG00000124562,20.646719,-8.2564683502,-9.0015594561,-7.15239058732,-7.22942525056,-7.742025292849318,,-3.38746422202,,-8.27719816996,-8.71524263951,-5.68054478465,-4.49677492252,-7.57780135794,,-8.13442945536,-8.19940197171,-6.4243263095,,-6.02775834179,-7.99926397411,-8.25851271527,-8.17063306976,,,,-5.0701812295,-8.37108931744,,-6.34967716647,-5.84053273212,,-8.1003179971,-8.3201735852,,,-5.28562538438,-6.19415630761,-7.79634232597,,-8.97000771651,-6.33152613099,-8.19580087285,,,,,,-6.41002245571,-7.75791550345
BFPC04M,"SNRPC",ENSG00000124562,10.164874,-5.44629585745,-6.21319937104,-5.24346787586,-3.9448004599,-5.157434260545565,,-1.72888473537,,-5.09423877112,-5.30403161824,-3.90075266478,-3.93912258303,-5.08629226578,,-5.0376477092,-5.19171017758,-4.41068814068,,-2.498668331,-5.27707824845,-5.06549285803,-5.07216185659,,,,-3.14877150619,-4.93700518059,,-4.2507539126,-3.66328288602,,-5.24352492758,-5.75076974982,,,-2.45585549429,-4.47513537586,-4.56121179697,,-5.50692229637,-3.95659778216,-5.02798187126,,,,,,-3.96399119462,-4.72672663445
BFPC04,"SNRPC",ENSG00000124562,19.411224,-9.34079820907,-10.3499647786,-8.40269936751,-7.64895542393,-8.766432269507398,,-3.50712391663,,-9.12216219437,-9.57581907467,-6.56023058232,-5.66514660663,-8.63667350214,,-8.99330922016,-9.12687497288,-7.34701855908,,-5.91490878837,-9.02838735612,-9.10482718363,-9.0246335774,,,,-5.58555535856,-9.09719275331,,-7.23237136627,-6.47353031632,,-9.09463756447,-9.58905623988,,,-5.4261199788,-7.19614177294,-8.45282466824,,-9.8775748281,-7.00936126363,-9.02020494421,,,,,,-7.05704723476,-8.52573421884
BLOO01,"SNRPC",ENSG00000124562,20.366643,7.66366807542,7.79425409155,7.27890030601,5.58807073222,8.299002638025486,,7.02970889616,,7.54298524146,7.96243447353,5.0719785324,5.17927025724,6.86527408354,,7.62891290769,7.69071735383,6.13710317108,,6.62371934345,7.32933963786,7.20810435641,7.27590153494,,,,5.29274740755,7.40297703433,,6.58620260535,6.31159439228,,7.16940883075,7.4522887537,,,3.42611113258,8.11583443219,7.22953321518,,6.93618208605,6.31623590356,7.47205206641,,,,,,7.54029181345,7.63040737065
BLOO11,"SNRPC",ENSG00000124562,11.670135,3.81564388298,4.26233853899,3.46176023102,3.01794999938,4.244129014011252,,3.0180161203,,3.67973036468,4.61577236008,4.44012927907,3.54045487617,3.11199537762,,3.79992974412,3.90485343743,3.4702147387,,2.3956340075,3.70433215571,3.44028471741,3.50336986261,,,,2.0598200801,3.48807019263,,3.22337997041,2.76898599686,,3.30090871071,4.05704623196,,,-2.22233367366,4.93799347679,5.40377217538,,3.16477925619,3.59378394705,3.6457054261,,,,,,4.15965269868,4.00554032271
BLOO12,"SNRPC",ENSG00000124562,6.042723,3.68234032264,4.49759388698,3.24937252456,2.71351479193,3.61029002755898,,1.90633898145,,3.30234423818,4.05050896872,3.69256163676,2.04780710282,2.80133622109,,3.51073274993,3.43113608711,3.62788109124,,1.5515929962,3.22950478264,3.16763843658,3.23921457367,,,,1.69004360905,3.16539949382,,2.29412324969,2.13654734345,,3.18763711137,3.67078078017,,,-1.50600541265,3.98198353862,4.28988745091,,3.1788298538,3.65910543386,3.18900346554,,,,,,4.00533727989,3.41313350504
BLOO33,"SNRPC",ENSG00000124562,19.177995,7.4006352902,7.67642206764,6.92475960417,4.82534422089,7.838359717394536,,7.18550990306,,7.20234530032,7.52884348789,4.45816622859,4.38147716181,6.38292097224,,7.25780969959,7.41258351001,6.1911399399,,6.58827938728,6.90977556737,6.90487077173,6.85995825504,,,,4.39824478107,7.02598873781,,6.35621507953,5.94053342584,,6.94281305385,7.16958378131,,,3.94646484524,7.96519084454,6.84609888222,,6.87092591344,5.48824326005,7.22595625142,,,,,,7.1364940496,7.05896531856
BLOO35,"SNRPC",ENSG00000124562,6.588667,-3.94776674519,-4.39372160561,-4.15239286684,-3.60094969097,-3.727945711322735,,-2.02692881887,,-4.42662576681,-3.47082273065,-3.72357582375,-2.92089408299,-2.65491960915,,-4.25132546602,-4.27110998336,-2.74181811136,,-4.04019386993,-4.02129494808,-4.16504883796,-4.674637023,,,,-4.2705288441,-4.38534812561,,-2.37541062462,-3.71237699333,,-4.74306783881,-3.77379304724,,,-0.934725597642,-3.94848462099,-3.11787963046,,-3.81822636326,-5.0525894512,-4.20073127882,,,,,,-3.78385797005,-3.92392385811
BODY03,"SNRPC",ENSG00000124562,10.503541,-5.77300515253,-6.08285464778,-5.87960939969,-5.57332378219,-6.026068698941341,,-5.16910646331,,-5.93609556279,-6.60247581643,-5.27872855005,-3.88355746822,-6.02283017292,,-5.95784737159,-5.99660132575,-4.65892136494,,-4.85467902641,-5.48767964889,-5.62949193407,-5.62471009843,,,,-4.38251550153,-6.03191846495,,-5.40353085488,-5.01042481948,,-5.90408712532,-6.5822261585,,,-2.5070522716,-5.92915645489,-5.6570465469,,-5.93283221898,-5.55920030197,-5.92951677633,,,,,,-5.70880896779,-5.89526141772
BODY04F,"SNRPC",ENSG00000124562,7.356794,-5.15974025164,-5.06621616979,-5.11418801554,-4.54350224641,-5.14682086908696,,-4.98143950716,,-5.06317386089,-5.70793512329,-3.97740819264,-2.51799487038,-5.31063504303,,-5.01200048264,-5.27018508471,-4.31008246683,,-4.12628546403,-4.68978353983,-4.67001678428,-4.59375804642,,,,-3.69596718695,-5.20020012766,,-4.5573120654,-4.65225546898,,-4.80899347757,-5.92613855155,,,-1.75020237292,-5.69279206863,-5.21610927066,,-4.93848189477,-4.15279812126,-5.21232594945,,,,,,-4.6710610532,-5.06618148369
BODY04,"SNRPC",ENSG00000124562,10.024734,-6.02504515415,-6.16125808967,-6.04307532444,-5.82808787736,-6.330582790884057,,-5.60171618982,,-6.17835481799,-6.94651078216,-5.50132955972,-3.90152662227,-6.28759485319,,-6.18381824505,-6.25957239592,-4.89041370226,,-5.16166356729,-5.70089349919,-5.83334029958,-5.84470377455,,,,-4.69725883532,-6.29254306715,,-6.03212924404,-5.34387322831,,-6.12876773708,-6.96317688208,,,-2.52771422829,-6.22973340639,-5.92604019329,,-6.23194362605,-5.70513387137,-6.19320664063,,,,,,-5.88843174179,-6.16644061687
BODY06B,"SNRPC",ENSG00000124562,14.118387,-6.52783538116,-6.96980825208,-6.58998602667,-5.26614880484,-6.467575166290549,,-5.03835350445,,-6.44949803192,-6.22658581736,-4.8270156596,-5.17378707706,-6.33841023986,,-6.50488707092,-6.55124212521,-5.59205327328,,-4.90546706997,-6.40928486819,-6.19950717388,-6.18684784276,,,,-5.56619033504,-6.41748613935,,-5.80318151348,-6.1427234608,,-6.34819345145,-6.76235254157,,,-3.20350762047,-6.46689766991,-6.61164189624,,-6.31994588339,-5.32937003859,-6.51338831763,,,,,,-6.35879594131,-6.50677824967
BODY06F,"SNRPC",ENSG00000124562,5.975227,-4.25693679846,-4.68098500145,-3.89738860563,-3.92135993462,-4.451083781649854,,-3.53173377145,,-4.31940717014,-4.37784665058,-3.61124366009,-2.7358425963,-4.08349493932,,-4.3825635855,-4.4859128093,-3.82293171346,,-3.34321164349,-4.13627697566,-4.19735372074,-4.20184654212,,,,-3.94390647735,-4.22594796597,,-3.51473835005,-4.37577583917,,-4.01665655494,-4.48277746135,,,-2.38230277937,-3.7183899791,-4.57006952515,,-3.95740959582,-3.83195409315,-4.42440580237,,,,,,-4.41353917669,-4.37472082527
BODY06M,"SNRPC",ENSG00000124562,6.894660,-4.96419528059,-5.19541989983,-5.31547622115,-3.63270292529,-4.741122808129976,,-3.64445271318,,-4.81840197048,-4.49482328871,-3.31944987387,-4.4184776814,-4.85798354847,,-4.83997895298,-4.81979413713,-4.11773299145,,-3.62123032267,-4.90737639487,-4.5972535868,-4.57805726293,,,,-3.99485474427,-4.8490049148,,-4.62285628157,-4.39043044867,,-4.92137573361,-5.08699711061,,,-2.21225628689,-5.29738013712,-4.83115210288,,-4.93020922646,-3.7821176451,-4.81879762986,,,,,,-4.63283198389,-4.84704959757
BODY06,"SNRPC",ENSG00000124562,12.973875,-6.49750591527,-6.92540181951,-6.45587903806,-5.36223443172,-6.475603637068646,,-4.97298351694,,-6.4450597043,-6.24716713523,-4.93418481742,-4.94541675629,-6.26524480744,,-6.49929786864,-6.55833777575,-5.55359206069,,-4.93869952638,-6.36004780323,-6.20459216453,-6.20754996585,,,,-5.64197402088,-6.40191729591,,-5.67698345522,-6.19645330301,,-6.29285438156,-6.74034883229,,,-3.29163499342,-6.31351236774,-6.55876247481,,-6.2452721055,-5.41412485991,-6.52188568087,,,,,,-6.34482108034,-6.54541053473
BODY07B,"SNRPC",ENSG00000124562,13.162532,-6.58242810533,-7.06078931549,-6.63759993494,-5.34611591773,-6.53827590344574,,-5.08956406742,,-6.52666529194,-6.31917415522,-4.85527642373,-5.17443577197,-6.38896881966,,-6.57976061604,-6.6232447496,-5.66505915259,,-4.97995979618,-6.4838776918,-6.26419857142,-6.26682543695,,,,-5.56189709465,-6.49914328384,,-5.83389789467,-6.16307990419,,-6.40105204336,-6.83739339969,,,-3.3042062024,-6.55348849299,-6.67132687159,,-6.45532156537,-5.40596312794,-6.59539265175,,,,,,-6.41101879689,-6.56775595101
BODY07F,"SNRPC",ENSG00000124562,7.076709,-4.34183584884,-4.82439231075,-3.97012431519,-4.04244916874,-4.5664426557819935,,-3.652132562,,-4.44677970721,-4.5305064872,-3.66024064837,-2.77743626684,-4.17818919065,,-4.51288543775,-4.60865043712,-3.90530564694,,-3.49541284986,-4.25840554829,-4.29240605837,-4.32735949002,,,,-3.93420564385,-4.35946945693,,-3.60270852854,-4.41653356625,,-4.11375075396,-4.60352022714,,,-2.55165119931,-3.87486624056,-4.68380503824,,-4.15820743287,-3.95297113473,-4.56099026032,,,,,,-4.48205977489,-4.47591738355
BODY07M,"SNRPC",ENSG00000124562,7.355483,-4.96503265141,-5.19619717511,-5.32071042027,-3.63418069354,-4.736912099205784,,-3.61229314545,,-4.81424034457,-4.48892026875,-3.31119823777,-4.3908537076,-4.84689673061,,-4.83040477837,-4.81171474599,-4.14275469975,,-3.59510881951,-4.90534698316,-4.601943617,-4.5784631364,,,,-3.99155314367,-4.8464924057,,-4.59375546271,-4.37906777475,,-4.9119791448,-5.08547536396,,,-2.20545793559,-5.28791695658,-4.81429700333,,-4.945790045,-3.78026440925,-4.81306024843,,,,,,-4.64100210181,-4.84244451689
BODY07,"SNRPC",ENSG00000124562,13.761226,-6.55127477354,-7.02385322038,-6.49959431373,-5.45413583334,-6.54492869060513,,-5.03853165345,,-6.52191560308,-6.34586615487,-4.96071784517,-4.95428184324,-6.31552923686,,-6.57528864151,-6.62933561748,-5.61371748473,,-5.01930531483,-6.43413824145,-6.26325258528,-6.2856094692,,,,-5.61983462511,-6.48432754231,,-5.70586197901,-6.20589327998,,-6.34301297496,-6.81502507902,,,-3.40760256962,-6.41001419635,-6.63217489679,,-6.39245997806,-5.48854809241,-6.60369683358,,,,,,-6.39215889923,-6.6019978547
BODY08B,"SNRPC",ENSG00000124562,30.628600,-10.7127821281,-11.2499266544,-10.6331874902,-9.22761313058,-10.880656780094874,,-7.4588155861,,-10.8911519931,-10.9858621047,-7.72431268261,-7.46528776969,-10.7981340727,,-10.8130234928,-10.9742528886,-8.73225567191,,-8.38162704262,-10.593337281,-10.4812394194,-10.5989758391,,,,-7.93616533978,-10.8044035004,,-9.11139080813,-9.1594674357,,-10.7781489023,-11.1618681658,,,-5.24066590033,-9.74736286922,-10.5780287546,,-10.9797288753,-9.0777783045,-10.8342947731,,,,,,-9.68466578851,-10.6928016852
BODY08F,"SNRPC",ENSG00000124562,25.155647,-9.30845042914,-9.8555769058,-8.81153514127,-8.50585763935,-9.651665361037546,,-6.87558386582,,-9.5848326908,-9.74159124957,-6.67061143734,-5.774501344,-9.19110194475,,-9.52583178542,-9.66666815154,-7.49162771814,,-7.76746314793,-9.171744176,-9.06621044509,-9.32124187825,,,,-7.2505105688,-9.5174964908,,-7.85780634514,-8.3084032613,,-9.45066864724,-9.55863808088,,,-5.31698634497,-7.41548262002,-9.3435594063,,-9.50537422536,-8.02358602289,-9.59052476723,,,,,,-8.62356610085,-9.51758021118
BODY08M,"SNRPC",ENSG00000124562,13.567672,-6.76745494394,-7.03790776359,-7.08368412856,-5.41299167535,-6.7064263519090925,,-4.3761294932,,-6.77743155759,-6.7751746762,-4.91448050956,-5.32506025063,-6.98647470004,,-6.72048031947,-6.82185382881,-5.59650959856,,-4.88119712126,-6.72128945959,-6.6566424786,-6.60093366278,,,,-4.70932500477,-6.71564360028,,-5.80816942596,-5.48785748086,,-6.73690561036,-7.17243312164,,,-2.66132492576,-7.05943826293,-6.55384482169,,-6.96794654382,-5.61869407229,-6.69381667513,,,,,,-5.93893981073,-6.56159357736
BODY08,"SNRPC",ENSG00000124562,34.441748,-11.0045526619,-11.5679219851,-10.7967861783,-9.57384044994,-11.197358709759305,,-7.66489687701,,-11.1787531657,-11.3009065027,-7.93084240887,-7.50000385689,-11.0476630307,,-11.1051634898,-11.2649532308,-8.90660512058,,-8.67911696387,-10.8476266462,-10.7359079821,-10.8790385252,,,,-8.20758862151,-11.0914874031,,-9.3293997336,-9.4421790792,,-11.0656783226,-11.4238552331,,,-5.60843448242,-9.70828562617,-10.8734594072,,-11.2181999381,-9.31739026447,-11.1252657266,,,,,,-9.94760939974,-11.0026604794
CHOL04,"SNRPC",ENSG00000124562,6.542224,4.01347908885,3.65191551941,3.96385078617,3.9122550672,4.357422897974172,,3.17369665851,,4.4294243424,4.39387536074,2.37371148207,2.04005373894,3.69988985983,,4.27899916282,4.38251897279,2.4429157519,,4.45639231686,4.11118148657,4.0158970999,4.20351781249,,,,3.77041986495,4.4073015695,,3.26808994926,3.83192070295,,4.3648164191,3.99224696141,,,1.15711794809,4.06646177434,4.10748210543,,3.51760029299,3.71300308478,4.24555898518,,,,,,2.9041754659,4.64859079063
CHOL21,"SNRPC",ENSG00000124562,5.893843,3.2672812835,2.75705529532,1.80791840551,2.64374617341,2.718516532275886,,1.78467360374,,3.52532072375,3.98786789552,0.878508751455,1.73185242393,3.18366336746,,3.47618444473,3.53526028085,2.76622651058,,2.10407696564,3.29309008307,3.65903538034,3.01890635106,,,,0.0884024810898,3.46086776512,,3.96003964188,1.37046373068,,3.02037976731,3.85985089116,,,0.964880175406,3.97906807483,2.43632112289,,4.13631526537,1.09864734328,3.33340526535,,,,,,1.53478405178,2.41997928826
CHOL22,"SNRPC",ENSG00000124562,8.524954,4.92051419138,4.64616312672,4.35364497882,4.69779979592,5.009899263733674,,2.84772138159,,5.44465361877,5.73339659744,2.82247071373,2.81513348686,5.42960670665,,5.59822324282,5.36270404996,3.65558306419,,3.9523079848,5.03655299192,5.3851570411,4.94810684472,,,,2.5466581268,5.56274043128,,4.94308231417,3.62068326964,,5.05752300838,5.83773119276,,,3.00017040575,4.33903049607,4.00276405591,,5.90519989754,3.83809250323,4.98871779143,,,,,,3.54928651703,4.64940982688
FATM02B,"SNRPC",ENSG00000124562,11.395288,-5.61794910707,-6.40936890161,-5.03645084406,-4.39013747731,-5.278349125812908,,-2.87192706858,,-5.71965407691,-6.2397593537,-3.87409626599,-4.12805633077,-5.51112622495,,-5.75486601036,-5.79779345129,-4.24166172115,,-4.0598723987,-5.77908401007,-5.5982211829,-5.39621266835,,,,-3.24200305033,-5.7638489114,,-5.0322936812,-4.1606151457,,-5.29837063008,-6.0896825827,,,-2.93379060612,-6.30064676519,-5.83372759365,,-6.24898624709,-3.77114318246,-5.66768653944,,,,,,-4.47711996642,-5.7664036448
FATM02F,"SNRPC",ENSG00000124562,7.615611,-3.90307736562,-4.65260461957,-3.18624853586,-3.43513651717,-3.835099545338697,,-1.95278615418,,-4.08885808402,-4.69871066327,-3.19692652215,-2.2684475141,-3.82908173134,,-4.13740500857,-4.19642885065,-2.98877461893,,-2.93853481016,-4.00006022344,-4.06774724062,-3.91177271729,,,,-2.28589147072,-4.09885312836,,-3.44788623807,-2.92186817238,,-3.6671480408,-4.30606815616,,,-2.68801520511,-3.90050708275,-4.4055272387,,-4.34023848325,-3.00699564878,-4.10429236908,,,,,,-3.27947023755,-4.03055940177
FATM02M,"SNRPC",ENSG00000124562,5.724458,-4.0973887605,-4.52283840784,-3.90726258583,-2.91206982932,-3.7245526513479974,,-2.12629024238,,-4.08556419944,-4.28009649573,-2.44976093648,-3.45810902514,-4.0191148336,,-4.09327995428,-4.10273474591,-3.06108281534,,-2.87321315153,-4.22650636692,-3.94994859319,-3.81412871201,,,,-2.33974847022,-4.13314484709,,-3.70956353045,-3.01125063171,,-3.87486046706,-4.38493678628,,,-1.65286265349,-4.95226702888,-3.99113687829,,-4.55863774115,-2.46115260887,-4.00896425093,,,,,,-3.13826702607,-4.18632076735
FATM02,"SNRPC",ENSG00000124562,12.009985,-5.71085274747,-6.52509106725,-5.02596597281,-4.5185960695,-5.389754484659269,,-2.83466715867,,-5.83942441823,-6.39890192313,-4.09045697352,-3.98064521349,-5.56220951773,,-5.8752620245,-5.92350642495,-4.28694538243,,-4.19524144426,-5.85577544474,-5.73077013435,-5.53469866064,,,,-3.3353544075,-5.87992299241,,-5.05770773048,-4.23533796874,,-5.39587627706,-6.18777869187,,,-3.18038945894,-6.25282115397,-5.92158647671,,-6.34273852992,-3.9542852004,-5.79511807494,,,,,,-4.55552383867,-5.89097059313
FATM03B,"SNRPC",ENSG00000124562,11.371499,-5.63673679514,-6.46613052234,-5.06154711381,-4.45474339704,-5.313081160907112,,-2.87260223135,,-5.76305730737,-6.3035395612,-3.88240607915,-4.16646847296,-5.5377794578,,-5.79858908409,-5.83407086613,-4.28181653951,,-4.07614581679,-5.81507114452,-5.64130531816,-5.44559900507,,,,-3.2023290091,-5.81507333582,,-5.06048036446,-4.14676225857,,-5.33138454799,-6.13504723421,,,-3.00290158875,-6.32928668877,-5.86861680642,,-6.36099911093,-3.83433682584,-5.71912965654,,,,,,-4.51256952201,-5.79812894353
FATM03F,"SNRPC",ENSG00000124562,8.684491,-3.90218277143,-4.72038040733,-3.19202371443,-3.50793800729,-3.856392750313083,,-1.95602569715,,-4.13622913437,-4.78585682998,-3.18242702453,-2.34675155447,-3.85523698581,,-4.19077872045,-4.23402468095,-3.00394847246,,-2.98152807971,-4.03386556724,-4.10344962536,-3.9661304685,,,,-2.19688039771,-4.15763726325,,-3.49465967816,-2.87210985557,,-3.70368692534,-4.34532511639,,,-2.80632556443,-3.95897871616,-4.46060131986,,-4.48512983083,-3.08709277291,-4.16472249799,,,,,,-3.30260724523,-4.06505143879
FATM03M,"SNRPC",ENSG00000124562,5.702086,-4.11690599894,-4.53589171218,-3.93292232503,-2.93112388199,-3.7462791243741806,,-2.12257524046,,-4.09847596321,-4.28588338774,-2.46347369351,-3.44880760959,-4.0281568187,,-4.10180514239,-4.11353239171,-3.0962041398,,-2.85692942965,-4.24131635311,-3.9707486515,-3.82907026598,,,,-2.35439475534,-4.14741248213,,-3.70549957189,-3.0279002989,,-3.88438060875,-4.40638836705,,,-1.64240004144,-4.94267344348,-3.98554164301,,-4.58456219636,-2.47329437077,-4.02172119172,,,,,,-3.15991118185,-4.19514743956
FATM03,"SNRPC",ENSG00000124562,13.554629,-5.71988734957,-6.57977792319,-5.04218575795,-4.58821534903,-5.4147015711799,,-2.83693863442,,-5.87613313191,-6.46126671198,-4.09157287632,-4.03274572145,-5.58213847415,,-5.91402949177,-5.95177379117,-4.3111056681,,-4.20715652963,-5.88508763746,-5.76370496864,-5.57774281122,,,,-3.27646912038,-5.92573384811,,-5.07901961761,-4.20395208072,,-5.4226684553,-6.22558345621,,,-3.26111953358,-6.28450400506,-5.96263771508,,-6.46037527711,-4.01509060639,-5.84106402994,,,,,,-4.58203463761,-5.9142878055
FATM04B,"SNRPC",ENSG00000124562,40.695402,-10.1849414115,-11.1073290097,-8.96821790319,-8.59497628635,-9.839952053250338,,-4.76019488399,,-10.4963899352,-11.5778325835,-6.92349891682,-6.63304054375,-10.1790893788,,-10.3633394201,-10.5741370512,-7.52898112272,,-7.36717633354,-10.3164982183,-10.31864223,-10.1127006822,,,,-5.10194423155,-10.4738127584,,-8.51176088364,-6.87326453248,,-10.0091369771,-10.9765410211,,,-5.14315263504,-9.91071095923,-10.0346716999,,-11.5421111544,-7.30988421995,-10.2336128885,,,,,,-7.62411908735,-10.0534449119
FATM04F,"SNRPC",ENSG00000124562,29.859649,-9.13353354017,-9.95873510265,-7.80739270487,-8.25677436361,-8.931856111108935,,-5.00400543703,,-9.49530045411,-10.3687713441,-6.16611281733,-5.28157419038,-8.94075835362,,-9.36521989821,-9.52887853336,-6.79754514239,,-7.2494157017,-9.09739147113,-9.20827745511,-9.14188269283,,,,-5.08435578446,-9.53240219102,,-7.66602848872,-6.63867677626,,-9.07786598454,-9.53921280683,,,-5.46717104269,-8.01235677213,-9.33918550207,,-10.2699045799,-6.78702659696,-9.32435889514,,,,,,-7.24796168269,-9.13096590164
FATM04M,"SNRPC",ENSG00000124562,17.777310,-6.27747584784,-6.84709062045,-5.72859891546,-4.82953522182,-5.97429058706538,,-2.30945962135,,-6.40002941224,-7.15005164381,-4.30365407931,-4.65639815652,-6.4350211339,,-6.32728424442,-6.47888189553,-4.60007987058,,-3.99405423653,-6.49079029092,-6.39881717445,-6.1712849349,,,,-2.71002100146,-6.33708197541,,-5.21969239427,-3.83222697349,,-6.08324920464,-7.02576346947,,,-2.44491476879,-6.85556705914,-5.8965933507,,-7.18464735567,-4.30767352681,-6.18233661089,,,,,,-4.34799933123,-6.09844145273
FATM04,"SNRPC",ENSG00000124562,29.065800,-10.5529967679,-11.5002840201,-9.22810963684,-8.99731481702,-10.194075641445261,,-5.06191998869,,-10.8629626197,-11.9632763976,-7.19174354446,-6.69998144621,-10.5102736645,,-10.7326194143,-10.937870743,-7.77776943663,,-7.75245777882,-10.6295044042,-10.6619181497,-10.4611970803,,,,-5.37675883608,-10.8519467928,,-8.83238493292,-7.20294191639,,-10.3778033613,-11.3097734434,,,-5.58663642845,-10.0108257197,-10.4451695604,,-11.8945674987,-7.59823651739,-10.602238459,,,,,,-7.95117002122,-10.4182591631
HEIG02,"SNRPC",ENSG00000124562,5.829709,-2.09409730806,-1.43298993886,-0.0603734928265,-1.65000505154,-1.5650659265512046,,-3.68149166905,,-2.33103427439,-3.26623555891,-0.459501421825,-0.554880319215,-2.02346930773,,-2.37692057277,-2.49538607613,-1.70101172609,,-1.69073257115,-2.2796302045,-2.32311133377,-2.34282584504,,,,2.24054865473,-2.4933770371,,-3.17644450808,0.0474859017874,,-1.59387310456,-2.98421578451,,,-1.74617735702,-3.36350869303,-2.43399731915,,-3.36299287666,-1.73044246061,-2.36244261484,,,,,,-1.17297875671,-1.4759492583
HEIG03,"SNRPC",ENSG00000124562,20.251727,-1.36848378016,-0.869072642295,1.10754582209,-0.365101834472,-1.0742963230594968,,0.0353602280089,,-2.29223106203,-4.29880468056,-0.250750903781,0.691612865262,-2.23779566262,,-2.43945796496,-2.46124891173,0.478405580158,,-2.56373645413,-1.8559349439,-2.36797727177,-1.62922143344,,,,4.30795184351,-2.43830299012,,-3.0510418649,1.73966595194,,-0.901439867798,-2.84808331382,,,0.0348441324787,-4.27834405789,-2.11748005832,,-4.01859400195,1.54749958646,-1.98947513867,,,,,,1.59031151592,-0.954383734232
HEIG04M,"SNRPC",ENSG00000124562,7.525915,-1.95104373555,-1.95453411402,-0.792642733682,-1.7578285435,-1.6062915543097358,,-0.257557745024,,-2.52686669,-3.37128731872,-1.35491311211,-0.354082094316,-2.56956469493,,-2.44689240069,-2.4277788535,-0.555674411316,,-1.73240835654,-1.80171244567,-2.46863988547,-2.14864094938,,,,1.14570068317,-2.6725630467,,-2.11894053097,-0.0214700549946,,-1.76064641033,-2.62705431627,,,0.124448359171,-2.57844859543,-2.4466798441,,-3.42319234626,-0.216134990527,-2.30275784033,,,,,,-0.0834883020697,-1.73091152363
HIPC01F,"SNRPC",ENSG00000124562,5.925989,-4.05927026713,-4.27063681361,-3.74116910527,-2.9569516768,-3.7456731033344357,,-3.4266909819,,-4.00323873443,-4.80843869901,-2.3150090141,-2.04974913699,-4.26080379362,,-3.99189437716,-4.17583059625,-3.16303901511,,-3.48103052423,-3.59910748816,-3.80396987112,-3.54943425414,,,,-2.00850239209,-4.14348178131,,-4.00501439204,-2.96293961872,,-3.68325040969,-4.72251676908,,,-1.56261781525,-4.93902882424,-4.20873688336,,-4.54817030779,-2.54809405549,-4.06294232472,,,,,,-2.76295673743,-3.77489602121
HIPC01,"SNRPC",ENSG00000124562,8.320254,-4.02431766729,-3.93858089734,-3.48493360288,-3.04484742634,-4.068596334451891,,-3.31082488881,,-4.15296744939,-5.52693588523,-2.9173396812,-3.15983172226,-4.5278723653,,-4.0816359228,-4.30400379336,-3.18245699494,,-3.68918504847,-3.83666926839,-3.89142255139,-3.67452218207,,,,-1.84971981063,-4.3091769365,,-4.98675681623,-2.75085471574,,-3.88719125764,-5.09267676588,,,-1.81787553628,-5.29784245731,-4.4026594159,,-4.85889343281,-2.59511646374,-4.13953167196,,,,,,-2.57395026807,-3.82317829645
HIPC02F,"SNRPC",ENSG00000124562,6.126075,-3.95815473735,-4.22953268237,-3.72550093525,-2.74888392349,-3.6188178894381324,,-3.31726739895,,-3.9049964979,-4.67912201722,-2.22878463672,-1.99253909905,-4.13406760406,,-3.8883554765,-4.05908246027,-3.06055578174,,-3.34281188712,-3.50913614908,-3.70846932192,-3.46176416453,,,,-1.91176797419,-4.04483143065,,-3.67202381322,-2.82886624865,,-3.58583787533,-4.54357811232,,,-1.53561329229,-4.79447391766,-4.10520604593,,-4.37241335147,-2.47549301925,-3.96055279894,,,,,,-2.70918574192,-3.67848830498
HIPC02,"SNRPC",ENSG00000124562,6.966777,-3.91794717618,-3.9109753683,-3.50055768648,-3.02340693764,-3.9749315972025197,,-3.0872900899,,-4.04796998356,-5.40992665182,-2.8116754911,-3.08081061934,-4.38673563097,,-3.96828741518,-4.18091922386,-3.07899279228,,-3.49983258543,-3.73759902517,-3.78684870368,-3.58293837064,,,,-1.80296282637,-4.20686224011,,-4.67321801022,-2.62529009534,,-3.78354256419,-4.90980667902,,,-1.77653406657,-5.14315038693,-4.28848939192,,-4.67771777441,-2.51852568672,-4.04789120909,,,,,,-2.48682972617,-3.73596056955
HIPC03,"SNRPC",ENSG00000124562,6.382046,-1.85375837296,-1.3751258202,-0.410633395017,-0.842675766547,-1.5417684790507347,,-0.929290212632,,-1.85749776319,-3.17271737883,-0.675896813575,-1.29092164905,-2.18612804899,,-1.85182800384,-2.05093558704,-1.02686641338,,-2.08168085844,-1.79728474336,-1.67761907309,-1.50278736982,,,,1.11273507116,-1.96998208503,,-2.70865323501,0.237307402249,,-1.49528257913,-2.45270631663,,,-1.14840031558,-3.35840128453,-2.12732607811,,-2.49576055177,0.0384426692441,-1.85810811843,,,,,,0.409201142418,-1.32901698293
LEAN04B,"SNRPC",ENSG00000124562,23.143392,-4.81737644819,-5.10257666351,-3.70411515391,-4.64886407003,-4.995999444718676,,-3.79560304061,,-5.81378979393,-7.06470235808,-2.46603512491,-3.86749726843,-5.94791872397,,-5.86620279133,-5.95850649289,-2.10626354106,,-5.35723146924,-5.57732854408,-5.15893904282,-5.07219311221,,,,-1.31602040684,-5.88947920509,,-4.97576008686,-3.34212290558,,-4.71644314469,-5.86126105859,,,-1.09995354828,-8.57978294516,-6.39913457298,,-6.7224237734,-2.88047661431,-5.6083122347,,,,,,-3.50390674399,-6.07724688205
LEAN04F,"SNRPC",ENSG00000124562,14.601747,-4.08083925513,-4.38464596201,-3.19306860723,-4.13186762734,-4.529650186363569,,-3.44254550121,,-4.80316039966,-5.70148541779,-2.30948138115,-3.05076894104,-4.84771634553,,-4.86734072291,-4.99885312748,-2.1296083194,,-4.18499669722,-4.46947765214,-4.1277948313,-4.28442931211,,,,-1.76970052104,-4.74647940295,,-4.25293648475,-3.28297009897,,-4.10228210179,-4.70099439444,,,-0.95874321948,-6.09642366154,-5.32788550626,,-5.25959434258,-2.75435255854,-4.73690474903,,,,,,-3.4895237486,-5.02856632398
LEAN04M,"SNRPC",ENSG00000124562,10.954794,-2.87281244387,-2.95539786397,-2.13227532671,-2.50117525489,-2.5668957723070536,,-1.95183453796,,-3.63678708525,-4.60593991025,-1.16425196228,-2.62001606688,-3.81324830007,,-3.64080053929,-3.62192029776,-0.777968024122,,-3.68450283051,-3.68047356302,-3.4134145011,-3.04247931412,,,,0.123847823682,-3.84930568273,,-2.91023654623,-1.36544622951,,-2.66458407371,-3.86271552051,,,-0.61720954406,-6.74762946372,-3.94494598919,,-4.61261649683,-1.28231274931,-3.36455532054,,,,,,-1.36747973928,-3.78812430684
LEAN04,"SNRPC",ENSG00000124562,21.310416,-4.34098805356,-4.50926152134,-3.30203154471,-4.14123978138,-4.3060655221408535,,-3.22793652347,,-5.33519687983,-6.56702239995,-2.08179272449,-3.59710799264,-5.48628264724,,-5.35829972809,-5.40856882694,-1.64478746749,,-5.08031419495,-5.21491879762,-4.82655430038,-4.59228140649,,,,-0.770082939784,-5.49545771943,,-4.43347486026,-2.72903275774,,-4.16930356042,-5.49111993053,,,-0.984403237917,-8.61494617402,-5.81477490375,,-6.32633544033,-2.4007820322,-5.08081285081,,,,,,-2.77562556927,-5.60731034958
LEAN05B,"SNRPC",ENSG00000124562,19.844360,-4.83511210858,-5.11218163223,-3.69501719266,-4.66555164074,-4.994618072120573,,-3.82572397935,,-5.79132008634,-7.05395731902,-2.44943882348,-3.9368053141,-5.93217909528,,-5.85707388685,-5.94133973718,-2.19215898212,,-5.36412829332,-5.55811354126,-5.16210598973,-5.07633642642,,,,-1.19830412907,-5.8537258824,,-4.97122445129,-3.24065961719,,-4.72095792642,-5.83203843765,,,-1.17912362107,-8.58319985128,-6.37601340503,,-6.77085952408,-2.87674992482,-5.60034634548,,,,,,-3.49379103794,-6.01807551159
LEAN05F,"SNRPC",ENSG00000124562,13.873869,-4.08961484547,-4.40138750079,-3.17211894308,-4.15305963078,-4.521128993693449,,-3.46910533704,,-4.77613104482,-5.6951909242,-2.28128312045,-3.14230846317,-4.82726629061,,-4.85990081362,-4.97977061333,-2.22844599867,,-4.20556417049,-4.44882747336,-4.13482478897,-4.29087726387,,,,-1.59504648042,-4.70285033605,,-4.26955627843,-3.1414082311,,-4.10791933899,-4.66707692966,,,-1.06007246618,-6.12612120077,-5.30349612166,,-5.32764807995,-2.74817736328,-4.72837633212,,,,,,-3.45935190615,-4.95609684326
LEAN05M,"SNRPC",ENSG00000124562,9.896402,-2.90108439501,-2.95747268657,-2.15140601464,-2.50715765706,-2.5806745994053113,,-1.97208893137,,-3.64701612086,-4.6127783562,-1.17504470878,-2.6258894449,-3.82760940478,,-3.64722208811,-3.62955946471,-0.790975223089,,-3.68391237144,-3.68922166778,-3.4224010089,-3.05020325003,,,,0.0972287064162,-3.86106685665,,-2.88795138936,-1.38191409805,,-2.67166149452,-3.87276697537,,,-0.618687405626,-6.7448925097,-3.951003859,,-4.62274568674,-1.28452818712,-3.3727421117,,,,,,-1.39019002657,-3.79714716186
LEAN05,"SNRPC",ENSG00000124562,16.670643,-4.37021597675,-4.52275275438,-3.30368248763,-4.16632800855,-4.3128361469815575,,-3.26512617246,,-5.32868369416,-6.57281350093,-2.07874957101,-3.64804243738,-5.48753990677,,-5.35766071672,-5.40387213567,-1.69429611422,,-5.08673161846,-5.20803483585,-4.83190133719,-4.59691035495,,,,-0.702751130418,-5.48253903207,,-4.42428031211,-2.67396840935,,-4.17357367638,-5.48103022348,,,-1.03553453188,-8.62556697787,-5.81900783226,,-6.3687395784,-2.39368075359,-5.08034815688,,,,,,-2.78417304891,-5.57727448041
LEAN06B,"SNRPC",ENSG00000124562,49.263627,-8.15752000872,-8.35230731175,-6.45836234976,-7.56504960262,-8.30034446026233,,-5.82420852473,,-9.55809100337,-11.4655570956,-4.95199826959,-4.95957024461,-9.6117628488,,-9.43877152695,-9.68847335251,-4.28897266531,,-8.11928289273,-8.96185075877,-8.88904223947,-8.57412617648,,,,-2.08080544449,-9.6875652452,,-8.2361244683,-5.12161496432,,-8.16115410061,-9.60620750186,,,-3.2020937331,-11.6338446996,-9.60718150585,,-10.9123037803,-4.93808443005,-9.11254152435,,,,,,-5.64832877812,-9.66323183613
LEAN06F,"SNRPC",ENSG00000124562,38.075793,-7.17886540016,-7.4877518551,-5.83909760071,-6.7835033194,-7.551782716453597,,-5.63707937031,,-8.19994340444,-9.5493290779,-4.47824864463,-4.44092102751,-8.24331361231,,-8.15728989193,-8.39991770036,-3.96855860011,,-6.9099788067,-7.6675066933,-7.46641345968,-7.44041196934,,,,-2.62762754209,-8.18044384947,,-7.17936929026,-5.13803036276,,-7.35427147007,-8.12710186449,,,-3.20326835387,-8.98887024055,-8.34016054696,,-9.01945791392,-4.53850628252,-7.92870148407,,,,,,-5.40790430344,-8.36283179861
LEAN06M,"SNRPC",ENSG00000124562,26.927015,-4.6478427011,-4.5417488394,-3.43565758081,-4.11681569884,-4.3430462661547855,,-2.5124786398,,-5.77910840405,-7.3799330544,-2.62915963245,-2.70748016891,-5.81569002986,,-5.61366844345,-5.71990288541,-2.13661638637,,-4.9938384659,-5.45133454234,-5.62414401114,-5.05165559862,,,,0.0650190294821,-6.06195241592,,-4.79897124774,-1.92678436822,,-4.38140948187,-5.98662335643,,,-1.22336913682,-8.58927930953,-5.65446249601,,-7.13286893856,-2.51205347439,-5.33547264192,,,,,,-2.53180384042,-5.72839988346
LEAN06,"SNRPC",ENSG00000124562,48.080002,-7.46798311976,-7.51672739297,-5.76815890504,-6.8493062844,-7.409560623280257,,-4.86077218696,,-8.86951617066,-10.8458008591,-4.39013042012,-4.45395833804,-8.93004776168,,-8.70268903229,-8.9186424045,-3.75639634381,,-7.55783212459,-8.34343383516,-8.35935217894,-7.90289013174,,,,-1.34951868481,-9.08490426216,,-7.51163529831,-4.1983262315,,-7.3101451376,-8.97686052756,,,-2.64525298387,-11.5213536402,-8.8536551033,,-10.3318319462,-4.35829347012,-8.36631314168,,,,,,-4.83394709695,-8.91123231573
LUPU01,"SNRPC",ENSG00000124562,5.847100,-3.84862744154,-3.38671277671,-4.64052123382,-1.44914452821,-4.539112005521427,,-3.87804905046,,-4.22250130587,-3.10739471649,-4.41418183686,-2.21131395607,-4.37335317483,,-4.03731319031,-4.15824242226,-4.02418822232,,-3.9734936311,-4.04474360652,-4.03984894898,-4.00956904005,,,,-5.10237040869,-4.38370572482,,-3.99940070361,-4.90361490046,,-3.81818546461,-4.37095186732,,,0.583312968067,-3.88572049282,-3.84971763676,,-2.32011435555,-3.89802563614,-4.29442523583,,,,,,-4.41265714497,-4.69217425435
