code,target,ENSEMBL,association,Adipose_Subcutaneous,Adipose_Visceral_Omentum,Breast_Mammary_Tissue,Muscle_Skeletal,DGN_Whole_Blood,Whole_Blood,Artery_Aorta,Artery_Coronary,Artery_Tibial,Heart_Atrial_Appendage,Heart_Left_Ventricle,Spleen,Brain_Amygdala,Brain_Anterior_cingulate_cortex_BA24,Brain_Caudate_basal_ganglia,Brain_Nucleus_accumbens_basal_ganglia,Brain_Putamen_basal_ganglia,Brain_Cerebellar_Hemisphere,Brain_Cerebellum,Brain_Cortex,Brain_Frontal_Cortex_BA9,Brain_Hippocampus,Brain_Hypothalamus,Brain_Spinal_cord_cervical_c-1,Brain_Substantia_nigra,Nerve_Tibial,Cells_Transformed_fibroblasts,Cells_EBV-transformed_lymphocytes,Colon_Sigmoid,Colon_Transverse,Esophagus_Gastroesophageal_Junction,Esophagus_Mucosa,Esophagus_Muscularis,Liver,Minor_Salivary_Gland,Small_Intestine_Terminal_Ileum,Stomach,Adrenal_Gland,Pituitary,Pancreas,Thyroid,Lung,Ovary,Prostate,Testis,Uterus,Vagina,Skin_Not_Sun_Exposed_Suprapubic,Skin_Sun_Exposed_Lower_leg
BFPC02B,"TMEM184B",ENSG00000198792,11.734734,-4.21804173687,-4.3619747423,-4.44530566938,-2.33505857405,-3.474721544189413,-0.497068923518,,,-5.27893199182,-4.99194019832,-3.08384212006,,,,,-2.30212290019,-0.326597391836,-4.30308494735,-3.82179652231,,,,,,,-5.74020042745,-5.36678347124,,-3.32627155293,-3.92807531873,,-4.92477061636,-4.7446882955,,,,-5.00995810963,-2.71565033119,-3.21033012041,,-4.13978053804,-5.5041616526,,-4.74646514133,,,,-5.19079131278,-4.46236246191
BFPC02M,"TMEM184B",ENSG00000198792,6.064639,-2.97003674652,-3.43582406041,-3.42267193907,-2.17268053514,-2.1553340327860484,0.614853798417,,,-4.02094486963,-3.77831573165,-1.5538321989,,,,,-1.29903466901,0.532507685533,-2.866488313,-2.63710449278,,,,,,,-4.68722263571,-4.41343812811,,-2.00155716543,-3.61713687352,,-4.04868321251,-3.65899594175,,,,-3.60870465119,-2.58951030092,-2.12983351655,,-2.63720593179,-4.24932103656,,-3.88800906175,,,,-3.70549871873,-3.75597132997
BFPC02,"TMEM184B",ENSG00000198792,11.751365,-4.16857044935,-4.22870412103,-4.31207781209,-2.14421840042,-3.4982159753934092,-0.800891867445,,,-5.21305524282,-4.88860451846,-3.24991214747,,,,,-2.32722843728,-0.492760102912,-4.30706216055,-3.79505909466,,,,,,,-5.55719493337,-5.1754076201,,-3.33983411718,-3.61426530798,,-4.71996134339,-4.64969481886,,,,-4.97614281583,-2.53816913226,-3.22667595488,,-4.20877303103,-5.39431052468,,-4.63671157729,,,,-5.14288726704,-4.31432316003
BFPC03B,"TMEM184B",ENSG00000198792,11.361551,-4.2523184798,-4.39829088661,-4.43299784098,-2.33213698084,-3.5159269304341234,-0.397775711975,,,-5.3119588131,-5.01634619021,-3.06219340876,,,,,-2.32624631816,-0.310518455997,-4.30978871795,-3.87154203233,,,,,,,-5.7733757536,-5.39091586911,,-3.35615604286,-3.97651590407,,-4.93064947788,-4.76628358519,,,,-4.9731037231,-2.46113577582,-3.28835410474,,-4.14755134385,-5.48763577691,,-4.70804654099,,,,-5.20988885666,-4.49186789429
BFPC03M,"TMEM184B",ENSG00000198792,5.883226,-2.99040005369,-3.47601296581,-3.45849543939,-2.11726563061,-2.1906859567245864,0.612250170835,,,-4.01221332912,-3.80121532823,-1.52930263858,,,,,-1.31757523174,0.550052637626,-2.88520327426,-2.67408629997,,,,,,,-4.6804159293,-4.40103272208,,-2.02656374059,-3.64287810497,,-4.05727601333,-3.67154276835,,,,-3.61522902904,-2.5974512118,-2.17075747042,,-2.65816598665,-4.27308284557,,-3.92288756111,,,,-3.72255315818,-3.7384821003
BFPC03,"TMEM184B",ENSG00000198792,12.575985,-4.20989871655,-4.26374712038,-4.28612558301,-2.16030782531,-3.5350454819175936,-0.680483362023,,,-5.25981014102,-4.91615955724,-3.22904760332,,,,,-2.35126138339,-0.470441826654,-4.31305910648,-3.85104021443,,,,,,,-5.60208850676,-5.21238076558,,-3.36887068821,-3.67082053518,,-4.73045421931,-4.67746374116,,,,-4.9376439885,-2.22824277014,-3.31646262704,,-4.21702691447,-5.36862410663,,-4.5743320303,,,,-5.16603626627,-4.35830842124
BFPC04B,"TMEM184B",ENSG00000198792,23.622912,-5.66990052788,-5.64384612762,-5.98516071142,-2.92430096055,-4.731342468727439,-0.0342250551508,,,-6.93050424133,-7.00688089706,-3.97619638816,,,,,-4.35971293289,-1.37095049295,-5.84736449415,-4.97539931376,,,,,,,-7.33372354544,-6.54249148052,,-4.96796313898,-5.68935570558,,-6.28812083574,-6.26705535161,,,,-8.01726671188,-3.91607912325,-4.15015700145,,-5.28710584122,-7.60061869036,,-6.50014831238,,,,-6.55268823715,-5.66432581015
BFPC04F,"TMEM184B",ENSG00000198792,6.743956,-3.5152063706,-2.88220794014,-3.31831544293,-1.08388658049,-2.8873761118397505,-0.754212106763,,,-4.56694593205,-4.45710064821,-3.02695322396,,,,,-3.16859874032,-1.52335740854,-3.89589177526,-3.18886170197,,,,,,,-4.14817167284,-3.52390304361,,-3.56797701737,-3.2111534569,,-3.22235145699,-3.90457844536,,,,-4.73548371382,-1.6033191693,-2.43886773692,,-3.6104041293,-4.28157551395,,-3.13430483942,,,,-3.91735684258,-3.22934787882
BFPC04M,"TMEM184B",ENSG00000198792,17.497655,-4.87292718636,-5.37599842595,-5.47069271225,-3.13508778698,-4.104633441348576,0.597298671587,,,-5.72799998137,-5.92423084971,-2.93642275061,,,,,-3.34832872295,-0.60254507904,-4.79396791507,-4.18620472916,,,,,,,-6.64383779522,-6.078842506,,-3.85179008315,-5.15944374163,,-5.98246788543,-5.37074890449,,,,-7.08891940839,-4.07026494183,-3.6799571894,,-4.25996943934,-6.89900552414,,-6.34196792969,,,,-5.75517033704,-5.11295948542
BFPC04,"TMEM184B",ENSG00000198792,21.586030,-5.46537784589,-5.26987416143,-5.66601962795,-2.65218852834,-4.516781806084028,-0.207855238832,,,-6.74909744313,-6.78466642093,-3.94266860763,,,,,-4.32687366633,-1.45722528933,-5.70711788205,-4.81827832115,,,,,,,-6.9974807167,-6.20414965221,,-4.85546550846,-5.45009450337,,-5.9409231335,-6.05148461898,,,,-7.69768467245,-3.65639768446,-3.98957981791,,-5.16312645857,-7.21892719713,,-6.04920806704,,,,-6.27233187098,-5.43422590457
FATM02B,"TMEM184B",ENSG00000198792,10.304177,-4.22497492546,-4.16988134652,-4.24339651206,-2.6543744963,-3.21196540933604,-0.28925509736,,,-4.92334915696,-4.75465927608,-3.05100243127,,,,,-2.5344484171,-0.957876213325,-4.34880011199,-3.82606941841,,,,,,,-5.37316986989,-4.89514129742,,-3.2994355794,-3.78273169745,,-4.66662951274,-4.77476194165,,,,-4.70798115467,-2.31510813433,-3.13741919733,,-4.23764720638,-4.92403851013,,-4.70400885925,,,,-4.70807601383,-3.8860765803
FATM02,"TMEM184B",ENSG00000198792,9.550444,-4.08067780312,-4.06231156811,-4.0795281327,-2.49445259532,-3.149080784450641,-0.52219151255,,,-4.81367763879,-4.57843990509,-3.17758000257,,,,,-2.45202374926,-0.9386894672,-4.21956485135,-3.7198326113,,,,,,,-5.15641125872,-4.70694162875,,-3.25357787836,-3.47305865373,,-4.4214729536,-4.62518847879,,,,-4.66558150263,-2.16326597707,-3.05290194663,,-4.21349442134,-4.83529335571,,-4.52635840965,,,,-4.61321140141,-3.7539187289
FATM03B,"TMEM184B",ENSG00000198792,10.007822,-4.23050689514,-4.18611542038,-4.21277685942,-2.61378136742,-3.2395451116635456,-0.174720309396,,,-4.92669552804,-4.76160245116,-3.03960489048,,,,,-2.5290227475,-0.923958001525,-4.33531265131,-3.85448232343,,,,,,,-5.36966823456,-4.87206538785,,-3.32720352073,-3.79470236183,,-4.65389774307,-4.76757850089,,,,-4.66761939686,-2.04874475864,-3.18167783193,,-4.22677560419,-4.89901993487,,-4.64478134833,,,,-4.69852128858,-3.86924725072
FATM03,"TMEM184B",ENSG00000198792,9.459696,-4.08375090218,-4.07392150068,-4.03285165374,-2.46781478163,-3.1667809646562035,-0.385739925793,,,-4.82338054818,-4.58390848015,-3.16657248426,,,,,-2.43509257448,-0.889637228487,-4.19713837796,-3.7480522679,,,,,,,-5.15440831436,-4.68817678275,,-3.27757069995,-3.48961705094,,-4.40714819406,-4.61850055524,,,,-4.62168165847,-1.84283656031,-3.09995148793,,-4.1967504188,-4.80177852224,,-4.4403498303,,,,-4.60108205177,-3.74101302296
FATM04B,"TMEM184B",ENSG00000198792,18.870890,-5.75514703984,-5.19580711527,-5.57399575688,-3.26583926393,-3.974754854101531,0.233222969432,,,-6.39384517604,-6.73127062174,-4.01298654275,,,,,-4.75325631116,-1.8218205794,-6.01160501275,-5.08391434946,,,,,,,-6.8487808457,-5.90947774048,,-5.18412053705,-5.70310822746,,-6.25636938882,-6.15680840657,,,,-7.56070923426,-2.91014119471,-4.28482393476,,-5.516119887,-6.51186646099,,-5.99303005346,,,,-5.86048026852,-5.07137561055
FATM04F,"TMEM184B",ENSG00000198792,6.369521,-3.6990893207,-2.98190716177,-3.31488221013,-1.84246173166,-2.3313838262420825,-0.741179863777,,,-4.40866364123,-4.49993512644,-3.22463133544,,,,,-3.56521144436,-1.63208461366,-4.10709493776,-3.44640648778,,,,,,,-4.01119005183,-3.37419298024,,-3.88049017583,-3.29954999666,,-3.4493742564,-4.06591291862,,,,-4.69988734431,-1.30978941484,-2.74765207216,,-3.94679321399,-3.77501020876,,-2.86462366953,,,,-3.52838706856,-3.06295205285
FATM04M,"TMEM184B",ENSG00000198792,15.428163,-4.79269530692,-4.63000660445,-4.86212731201,-2.93747933694,-3.4994807017913288,0.952847183591,,,-5.07216842023,-5.45728603519,-2.78933661786,,,,,-3.5233948125,-1.12435430208,-4.79925407074,-4.08151747115,,,,,,,-6.03637784795,-5.28314517346,,-3.84989692697,-5.06106014966,,-5.69717327925,-5.0355958947,,,,-6.43030039452,-2.90058352137,-3.57267546263,,-4.25261920405,-5.77124945165,,-5.82214159115,,,,-5.08298786337,-4.3936021922
FATM04,"TMEM184B",ENSG00000198792,16.657025,-5.52819691492,-4.89620531708,-5.27691835208,-3.0924389043,-3.726346053976859,0.00832924226484,,,-6.24418647776,-6.51672737213,-3.98684613048,,,,,-4.68974361317,-1.8073688257,-5.84545767642,-4.92139216238,,,,,,,-6.53537905155,-5.62641544499,,-5.06356383298,-5.44537656628,,-5.93105243727,-5.96599094671,,,,-7.25833865014,-2.75191211224,-4.1192539362,,-5.38610207185,-6.1802907806,,-5.52260555379,,,,-5.57203920936,-4.89284613659
LEAN06B,"TMEM184B",ENSG00000198792,5.861287,-3.15965251891,-1.73946592821,-2.5064437965,-2.73273606154,-0.586932134128335,-0.0303628284106,,,-2.18923779078,-3.19032720304,-2.7697208836,,,,,-3.31651683882,-2.33479949874,-3.64430358814,-3.04828150441,,,,,,,-2.27280905602,-1.57889177636,,-3.38143839521,-2.51617875126,,-2.73493283342,-3.14816550741,,,,-3.05821843468,0.412113455737,-2.54241467503,,-3.41289790497,-1.0492805152,,-1.83850026363,,,,-1.80215034257,-0.853642259791
