code,target,ENSEMBL,association,Adipose_Subcutaneous,Adipose_Visceral_Omentum,Breast_Mammary_Tissue,Muscle_Skeletal,DGN_Whole_Blood,Whole_Blood,Artery_Aorta,Artery_Coronary,Artery_Tibial,Heart_Atrial_Appendage,Heart_Left_Ventricle,Spleen,Brain_Amygdala,Brain_Anterior_cingulate_cortex_BA24,Brain_Caudate_basal_ganglia,Brain_Nucleus_accumbens_basal_ganglia,Brain_Putamen_basal_ganglia,Brain_Cerebellar_Hemisphere,Brain_Cerebellum,Brain_Cortex,Brain_Frontal_Cortex_BA9,Brain_Hippocampus,Brain_Hypothalamus,Brain_Spinal_cord_cervical_c-1,Brain_Substantia_nigra,Nerve_Tibial,Cells_Transformed_fibroblasts,Cells_EBV-transformed_lymphocytes,Colon_Sigmoid,Colon_Transverse,Esophagus_Gastroesophageal_Junction,Esophagus_Mucosa,Esophagus_Muscularis,Liver,Minor_Salivary_Gland,Small_Intestine_Terminal_Ileum,Stomach,Adrenal_Gland,Pituitary,Pancreas,Thyroid,Lung,Ovary,Prostate,Testis,Uterus,Vagina,Skin_Not_Sun_Exposed_Suprapubic,Skin_Sun_Exposed_Lower_leg
BLOO05,"CCDC18",ENSG00000122483,16.795419,3.69839228311,,,,3.27855965663389,,,,,,,4.88476759391,,,-0.68040023421,,,4.43493613873,4.09515230301,4.77288160678,,,,,,4.81800279903,1.00939422578,1.20665496049,1.94029106593,4.30620804359,,3.79014669634,,,,1.90545619476,3.38611364365,,3.17366539095,1.99723823903,2.72929249514,4.54523323597,,,,,,,
BLOO07,"CCDC18",ENSG00000122483,16.796097,6.09701911306,,,,5.36020707674888,,,,,,,2.14434195533,,,4.04908519259,,,6.14140528327,4.48992992237,6.38270031109,,,,,,5.85527425924,2.94408968779,2.5699347127,4.65731463094,3.07831842067,,3.50689263799,,,,3.19665717317,5.45952892303,,4.13024853326,2.68352504088,4.67897117318,1.99559348255,,,,,,,
BLOO16,"CCDC18",ENSG00000122483,14.161497,5.81978742413,,,,5.220318941439026,,,,,,,1.96153821153,,,3.90244949649,,,5.91245171348,4.39981866207,6.04951518298,,,,,,5.65082975399,3.30929114578,2.86105306877,4.36545455355,2.99385819662,,3.58858244169,,,,3.08944986375,5.42597198486,,3.90466601988,2.64667654937,4.58662810668,2.05248617763,,,,,,,
BLOO17,"CCDC18",ENSG00000122483,13.554458,6.10099662089,,,,5.502851017740319,,,,,,,1.93267186759,,,4.15020087667,,,5.92027937486,4.35984079333,6.29662825032,,,,,,5.81853758986,2.68556612175,2.26562355027,4.48287237913,2.78038613319,,3.34873848718,,,,3.28734279741,5.48336935043,,4.26226340471,2.32592130764,4.46966581175,1.57207872781,,,,,,,
BLOO18,"CCDC18",ENSG00000122483,14.184402,5.76275197506,,,,5.288201466637184,,,,,,,1.8956823873,,,3.88379962553,,,5.55169508305,4.11137873058,6.04926031758,,,,,,5.62667778173,2.64701938213,2.16528393963,4.3997180481,2.65754794077,,3.23518722897,,,,3.19450968615,5.27425003052,,4.29575310913,2.05970783264,4.32775266003,1.34181022677,,,,,,,
BLOO19,"CCDC18",ENSG00000122483,7.674300,-3.07554454824,,,,-3.0323384799836473,,,,,,,-3.63324825423,,,0.698968452744,,,-3.1731925516,-3.08278599626,-4.0072551811,,,,,,-4.22190730057,-0.582436016241,-0.366337969168,-1.78339950718,-2.88080995044,,-2.75541964239,,,,-1.10755584182,-2.9052157402,,-3.60574148628,-0.792637638716,-1.87063776342,-2.56169569915,,,,,,,
BLOO28,"CCDC18",ENSG00000122483,13.280097,3.94652444558,,,,3.952405979629513,,,,,,,4.59788852039,,,-0.576848785976,,,4.30453782932,4.02487485045,5.03920587053,,,,,,5.36126691073,0.484346978653,0.429615918173,1.9806663372,4.44228296608,,3.7105505215,,,,1.9563089898,3.77532362938,,4.23808379035,1.66952997379,2.56595139972,3.5915283987,,,,,,,
BLOO31,"CCDC18",ENSG00000122483,13.589898,-5.60298738122,,,,-5.1474151938704855,,,,,,,-1.8718112192,,,-3.94026781262,,,-5.41827482892,-4.13807467156,-5.90827221715,,,,,,-5.54622896974,-3.12839639821,-2.49800880294,-4.49136816914,-2.69251406273,,-3.45997505295,,,,-3.00373366178,-5.25803852081,,-4.28044117679,-1.97808132033,-4.33506928141,-1.36388474034,,,,,,,
CHOL22,"CCDC18",ENSG00000122483,6.728414,-5.03974130806,,,,-2.60379357323806,,,,,,,-2.76958610711,,,-1.62706866541,,,-4.51787908629,-2.69957646455,-4.68781009028,,,,,,-3.47903679345,-3.52911501041,-2.93300489142,-3.44753342553,-1.24183870044,,-2.31502948989,,,,-1.98881441173,-2.38343834877,,-1.99999542999,-0.729190517733,-1.97240215598,-1.53557747368,,,,,,,
EDUC01,"CCDC18",ENSG00000122483,6.411179,4.53369670463,,,,4.006442161429947,,,,,,,1.41760825084,,,1.51676892811,,,3.29043708939,3.40606324795,4.52166443913,,,,,,4.52562936104,2.50653591106,1.84950151107,3.53089281478,3.88520244124,,1.94135041963,,,,2.10950590146,4.04344415665,,2.56489859413,3.59484136882,2.82382931131,0.98081661751,,,,,,,
EDUC02,"CCDC18",ENSG00000122483,5.876704,3.90851456037,,,,4.264105559272166,,,,,,,2.38163701145,,,2.51463492728,,,3.18175301351,3.81658643102,4.30437155654,,,,,,4.80959961776,2.62952729092,2.50701418054,3.34972180625,3.08742665735,,2.65998833287,,,,1.85304985239,4.4548625946,,3.36292021416,3.91725740275,2.62324916703,1.08103892572,,,,,,,
EDUC03,"CCDC18",ENSG00000122483,14.459545,6.10987767923,,,,4.37135504336497,,,,,,,2.45343788823,,,2.80663177845,,,4.52566301699,5.59449308333,6.43102991956,,,,,,5.85142104276,4.21727317619,3.69604995661,5.07388712566,4.36531922905,,2.45535596234,,,,3.00392343602,4.87465286255,,3.72332494059,3.09111435732,3.86317178215,2.15917297858,,,,,,,
