code,target,ENSEMBL,association,Adipose_Subcutaneous,Adipose_Visceral_Omentum,Breast_Mammary_Tissue,Muscle_Skeletal,DGN_Whole_Blood,Whole_Blood,Artery_Aorta,Artery_Coronary,Artery_Tibial,Heart_Atrial_Appendage,Heart_Left_Ventricle,Spleen,Brain_Amygdala,Brain_Anterior_cingulate_cortex_BA24,Brain_Caudate_basal_ganglia,Brain_Nucleus_accumbens_basal_ganglia,Brain_Putamen_basal_ganglia,Brain_Cerebellar_Hemisphere,Brain_Cerebellum,Brain_Cortex,Brain_Frontal_Cortex_BA9,Brain_Hippocampus,Brain_Hypothalamus,Brain_Spinal_cord_cervical_c-1,Brain_Substantia_nigra,Nerve_Tibial,Cells_Transformed_fibroblasts,Cells_EBV-transformed_lymphocytes,Colon_Sigmoid,Colon_Transverse,Esophagus_Gastroesophageal_Junction,Esophagus_Mucosa,Esophagus_Muscularis,Liver,Minor_Salivary_Gland,Small_Intestine_Terminal_Ileum,Stomach,Adrenal_Gland,Pituitary,Pancreas,Thyroid,Lung,Ovary,Prostate,Testis,Uterus,Vagina,Skin_Not_Sun_Exposed_Suprapubic,Skin_Sun_Exposed_Lower_leg
EDUC03,"MGAT3",ENSG00000128268,8.155579,4.42748467171,4.03677550201,,5.25534770819,-3.621909737187575,,,5.45705651857,,3.97492355303,5.2208095003,,,,3.76804806579,3.84512620627,3.66800308801,,,,,,3.76176377202,,,,,,,4.03157776892,,2.90102046878,4.27449750308,,,,,,,,,,,,-5.06806631657,,,5.22319645756,3.81289551596
FATM02F,"MGAT3",ENSG00000128268,5.649597,3.46194719838,4.65479522513,,3.2708344792,-4.145483599555852,,,2.7422728462,,2.90965542337,4.08459552348,,,,2.28867194424,2.48050909906,4.23291491526,,,,,,1.34367949754,,,,,,,1.94052874427,,4.06284204084,4.21272000746,,,,,,,,,,,,-2.16827014914,,,2.20184864108,3.67817778044
HEIG03,"MGAT3",ENSG00000128268,7.638159,4.5963629276,5.13863882292,,4.60574880071,-5.247125359233955,,,3.13287237186,,4.95487768192,5.68271484552,,,,5.20965260784,4.75767694746,4.90019178297,,,,,,4.32283624085,,,,,,,5.02755706404,,3.8128082024,4.66277735428,,,,,,,,,,,,-2.44373812622,,,3.60850196477,4.91250112777
LEAN04B,"MGAT3",ENSG00000128268,12.097877,5.21520122274,5.99717793817,,3.9942727053,-5.922595024904046,,,2.68489993589,,4.89546365433,5.54841296401,,,,3.16642576838,4.29844043705,5.87914259315,,,,,,2.90872324147,,,,,,,4.122384361,,4.02006195723,6.0199351575,,,,,,,,,,,,-2.24622653061,,,2.89167348672,5.76748514731
LEAN04F,"MGAT3",ENSG00000128268,10.813100,4.95818838557,5.4410037311,,4.69692632512,-5.943619026263806,,,3.34725160869,,4.44855961928,5.73196991976,,,,3.43100897016,3.38346050482,5.70596955088,,,,,,2.52013211026,,,,,,,3.47345127729,,2.87605045297,5.89976576588,,,,,,,,,,,,-2.98409338215,,,2.38668842949,5.26802419781
LEAN04,"MGAT3",ENSG00000128268,8.989955,4.37404548139,5.15644909206,,2.72937659097,-4.728941394210445,,,1.68348932361,,4.23303724928,4.27862165509,,,,2.39452411155,4.08100436936,4.81889615013,,,,,,2.58252713192,,,,,,,3.76359322625,,3.87609190802,4.90266337618,,,,,,,,,,,,-1.32043916485,,,2.78122816409,5.00456354765
LEAN05B,"MGAT3",ENSG00000128268,11.213810,5.12325659338,5.89931048068,,3.93356152924,-5.80943757590622,,,2.79233632553,,4.8238950229,5.51464986793,,,,3.13409139789,4.17559764769,5.79172126695,,,,,,2.9503569366,,,,,,,3.97373612061,,4.00311697462,5.93576156988,,,,,,,,,,,,-2.30099866921,,,2.7085460141,5.6699024837
LEAN05F,"MGAT3",ENSG00000128268,12.254215,4.85815019441,5.31426688671,,4.64280382974,-5.801685552322892,,,3.50652489438,,4.36528061739,5.70682018769,,,,3.39444013445,3.23511589584,5.60145373188,,,,,,2.59764918022,,,,,,,3.30683431798,,2.87669281813,5.8065363851,,,,,,,,,,,,-3.06838844167,,,2.16458839279,5.15396993066
LEAN05,"MGAT3",ENSG00000128268,7.989149,4.31462951213,5.10240977658,,2.68996551565,-4.6644647738660705,,,1.74383054847,,4.1900467694,4.25060444738,,,,2.37846415857,4.00602291476,4.76917325485,,,,,,2.5867892386,,,,,,,3.65742762459,,3.8588626588,4.85180858505,,,,,,,,,,,,-1.36132545776,,,2.67106164701,4.94922690791
LEAN06B,"MGAT3",ENSG00000128268,9.588936,4.72519925497,5.01014418159,,3.49727709553,-5.286578335344753,,,3.04692657186,,4.30559781998,5.01769341371,,,,3.6381009543,3.86832236583,5.07619334397,,,,,,3.13484580269,,,,,,,3.96603262968,,3.6212467445,5.43856383644,,,,,,,,,,,,-2.94965740459,,,2.7126684173,4.61527493401
LEAN06F,"MGAT3",ENSG00000128268,6.720698,4.22414986596,4.0677999612,,3.53161859789,-5.042226787123353,,,2.7846080599,,3.65791857452,4.53597467849,,,,3.5815736023,2.92900602556,4.53793803457,,,,,,2.39117554804,,,,,,,3.30661486623,,2.58034593931,4.81562922451,,,,,,,,,,,,-3.05089482345,,,2.27721283006,3.98526854052
LEAN06,"MGAT3",ENSG00000128268,7.566086,4.26937560733,4.77318342725,,2.86013769741,-4.528703397954719,,,2.74013190152,,4.01511766845,4.46203287302,,,,3.05645345357,3.89787894947,4.57634689018,,,,,,3.07790002119,,,,,,,3.73277207902,,3.52701636642,4.91268150132,,,,,,,,,,,,-2.31149083515,,,2.59848426085,4.26161167371
SCHI01,"MGAT3",ENSG00000128268,6.791478,-4.10729333515,-1.97787990755,,-4.92377371842,2.9034744780881105,,,-5.74057816407,,-3.16400784034,-4.33303157221,,,,-4.38002792393,-2.92696630454,-3.14002755088,,,,,,-3.98164959714,,,,,,,-2.83284730834,,-2.76444933962,-3.93860644812,,,,,,,,,,,,4.79887904062,,,-1.61771352299,-3.60717586642
SCHI02,"MGAT3",ENSG00000128268,7.018335,-4.12231950435,-1.96670246577,,-4.77605235841,2.918056251327365,,,-5.76248128685,,-3.17349112554,-4.32569948966,,,,-4.64762201331,-2.99332797833,-3.14035223532,,,,,,-4.12828448818,,,,,,,-2.82995576283,,-2.57620214363,-3.92074916715,,,,,,,,,,,,4.85904829628,,,-1.65770329076,-3.58918996873
