code,target,ENSEMBL,association,Adipose_Subcutaneous,Adipose_Visceral_Omentum,Breast_Mammary_Tissue,Muscle_Skeletal,DGN_Whole_Blood,Whole_Blood,Artery_Aorta,Artery_Coronary,Artery_Tibial,Heart_Atrial_Appendage,Heart_Left_Ventricle,Spleen,Brain_Amygdala,Brain_Anterior_cingulate_cortex_BA24,Brain_Caudate_basal_ganglia,Brain_Nucleus_accumbens_basal_ganglia,Brain_Putamen_basal_ganglia,Brain_Cerebellar_Hemisphere,Brain_Cerebellum,Brain_Cortex,Brain_Frontal_Cortex_BA9,Brain_Hippocampus,Brain_Hypothalamus,Brain_Spinal_cord_cervical_c-1,Brain_Substantia_nigra,Nerve_Tibial,Cells_Transformed_fibroblasts,Cells_EBV-transformed_lymphocytes,Colon_Sigmoid,Colon_Transverse,Esophagus_Gastroesophageal_Junction,Esophagus_Mucosa,Esophagus_Muscularis,Liver,Minor_Salivary_Gland,Small_Intestine_Terminal_Ileum,Stomach,Adrenal_Gland,Pituitary,Pancreas,Thyroid,Lung,Ovary,Prostate,Testis,Uterus,Vagina,Skin_Not_Sun_Exposed_Suprapubic,Skin_Sun_Exposed_Lower_leg
BFPC02,"PDCD11",ENSG00000148843,1.611206,-0.0703510122396,4.01304506838,2.02106441767,-2.51910982571,0.0853282373455647,,4.73035287857,,-0.437713782558,-0.505564187247,0.530640368599,,,,,,,2.79987161158,1.96074974576,,,,,,,1.85715059078,,,0.374398160689,0.145633414023,,-0.56996753915,3.0308730008,,,,,,0.261123276951,,1.46566489789,1.64701996054,,,,,,3.51727452777,
BFPC04B,"PDCD11",ENSG00000148843,2.663580,-0.279838382532,2.97096448067,1.97836861513,-2.7635114182,0.5538517433847648,,4.84924030304,,-1.4312741688,-0.386363077493,-0.117854651483,,,,,,,3.20683021772,2.07225030712,,,,,,,2.32420833427,,,0.272188707934,-0.0102712527905,,-0.975872457633,3.18033402231,,,,,,-0.60263647524,,1.55677226319,1.67817036921,,,,,,3.40807791506,
BFPC04,"PDCD11",ENSG00000148843,2.978769,0.242199785324,2.89548625508,2.1352565609,-3.02480460037,0.2953834100484232,,4.84187793732,,-1.33259243224,-0.506207020357,-0.00532821374455,,,,,,,3.3974585741,2.3453527131,,,,,,,2.4146214417,,,0.214032260007,-0.0537272941502,,-1.09326606028,3.48348146059,,,,,,-0.762660256353,,1.96091840028,1.92213139505,,,,,,3.68062849468,
BLOO04,"PDCD11",ENSG00000148843,9.603313,1.78136249977,-2.87492755105,-0.164262155416,-2.66321971308,-1.2674931393145674,,0.0569307968294,,1.13780639306,0.547909234582,0.39520123089,,,,,,,0.332078356277,-3.37903195598,0.417124487659,,,,,,-2.08884594767,,,0.0985140623159,-0.0304707392156,,-0.265565165656,-0.83398022598,,,,,,3.35150708939,,0.402551998032,0.787848933993,,,,,,0.0727538097604,0.417508302237
BLOO08,"PDCD11",ENSG00000148843,6.743860,2.21274437093,1.53722861439,1.6618010457,-1.97042163787,0.6823561897534659,,-0.36855687498,,0.127313178145,0.0575056829835,-0.686182369776,,,,,,,2.04547688726,1.32468884991,-0.690569494862,,,,,,2.57411482604,,,-0.597906502108,-0.678792452414,,-1.18084541088,0.956246346543,,,,,,1.5384421399,,1.54203248534,0.984001289484,,,,,,0.534295818846,-0.690596535569
BLOO21,"PDCD11",ENSG00000148843,5.837256,1.04236065898,-2.82887193296,-0.389391760674,-2.63341332248,-1.6066959806800245,,0.431245082027,,0.946061081012,0.415305471273,0.94983172156,,,,,,,-0.21040243598,-3.32374775876,0.875766876449,,,,,,-2.23944461564,,,0.621139579313,0.606308492465,,0.423279511872,-0.687436534445,,,,,,2.68601378697,,0.186822777106,0.691825467008,,,,,,0.0751735449214,0.875994336124
BLOO26,"PDCD11",ENSG00000148843,6.561948,-2.0366681835,-2.32443370226,-0.536883187721,-4.34506617887,-1.2106682815662193,,-0.448788424697,,-0.443834915609,-0.84279982596,-0.553431974202,,,,,,,-0.748538822076,-2.50986365238,-0.387656507481,,,,,,-0.934302379712,,,-0.49093846153,-0.404620638385,,0.114772085726,-1.4538834792,,,,,,-0.413176872588,,-1.0347550794,-0.452498893519,,,,,,-0.541065504144,-0.387431725362
BLOO27,"PDCD11",ENSG00000148843,6.581914,-2.51730935495,-2.87150173367,-0.742631483514,-4.01899850579,-0.1381295022037969,,-1.46475599044,,-1.04701034657,-0.746421398846,-1.42202394674,,,,,,,-1.37934745908,-2.80545404902,-1.34505721828,,,,,,-0.916841396397,,,-1.2921266482,-1.49308843139,,-0.538410809138,-2.33391172419,,,,,,-1.33834845303,,-1.86850404852,-1.22495155208,,,,,,-1.51126064278,-1.34477104932
BLOO36,"PDCD11",ENSG00000148843,11.548720,1.24461759997,-3.14065641412,-0.179753800812,-3.73951961047,-1.597347295313408,,-0.120512041808,,0.951261038204,0.404629799043,0.212611389407,,,,,,,0.122938784327,-3.76877351187,0.183881484353,,,,,,-2.19715882844,,,-0.164929673459,-0.122445579845,,-0.405144540086,-1.10954145292,,,,,,2.79947601505,,0.117725234098,0.554515095395,,,,,,-0.100956242604,0.184219565506
EDUC01,"PDCD11",ENSG00000148843,2.994734,-1.90314170199,-2.09075877997,-4.24118154996,-2.13692703752,-2.9140604692110057,,-2.12247872353,,0.418024865832,1.75995475639,-0.875708948539,,,,,,,-3.32143632331,-2.61135907534,,,,,,,-5.08809110113,,,0.338517211135,-4.06389011916,,-2.32874569834,-3.1844444586,,,,,,-1.0550911128,,-3.00594195122,-2.63945144148,,,,,,-3.06812155877,
FATM04B,"PDCD11",ENSG00000148843,1.115358,-1.52375848624,2.04655195587,1.92055594327,-1.84158283839,0.9705015099923924,,4.93200016022,,-2.79004213066,-0.508521085391,0.0558409411048,,,,,,,2.34726215312,2.23108786202,,,,,,,2.86096956787,,,0.649441033606,0.101497462697,,0.36022981869,3.23336292493,,,,,,-1.10008594282,,0.747476889739,0.643119011707,,,,,,2.64187932107,
FATM04,"PDCD11",ENSG00000148843,1.568170,-0.940526825287,2.02722166637,2.22593301747,-2.00064212421,0.8481329079431953,,5.01001262665,,-2.73188429413,-0.571252777476,0.207689319739,,,,,,,2.66614255884,2.59923317549,,,,,,,3.03006157134,,,0.611454002084,0.120467646636,,0.445476298836,3.61574452257,,,,,,-1.28151979786,,1.25760729481,1.01484515853,,,,,,3.04063754997,
SCHI01,"PDCD11",ENSG00000148843,3.778064,4.93378442966,-0.944568944979,2.14510116548,-1.36091010669,3.1424132201791437,,-1.49161541462,,1.49507026628,3.20126777352,-0.598429727637,,,,,,,2.41907707224,-0.698494914418,,,,,,,1.45377681087,,,-0.142365050025,-0.484593787973,,-0.641702528229,0.334739529102,,,,,,2.65687241637,,2.46514929572,2.95649716343,,,,,,1.82247723641,
