code,target,ENSEMBL,association,Adipose_Subcutaneous,Adipose_Visceral_Omentum,Breast_Mammary_Tissue,Muscle_Skeletal,DGN_Whole_Blood,Whole_Blood,Artery_Aorta,Artery_Coronary,Artery_Tibial,Heart_Atrial_Appendage,Heart_Left_Ventricle,Spleen,Brain_Amygdala,Brain_Anterior_cingulate_cortex_BA24,Brain_Caudate_basal_ganglia,Brain_Nucleus_accumbens_basal_ganglia,Brain_Putamen_basal_ganglia,Brain_Cerebellar_Hemisphere,Brain_Cerebellum,Brain_Cortex,Brain_Frontal_Cortex_BA9,Brain_Hippocampus,Brain_Hypothalamus,Brain_Spinal_cord_cervical_c-1,Brain_Substantia_nigra,Nerve_Tibial,Cells_Transformed_fibroblasts,Cells_EBV-transformed_lymphocytes,Colon_Sigmoid,Colon_Transverse,Esophagus_Gastroesophageal_Junction,Esophagus_Mucosa,Esophagus_Muscularis,Liver,Minor_Salivary_Gland,Small_Intestine_Terminal_Ileum,Stomach,Adrenal_Gland,Pituitary,Pancreas,Thyroid,Lung,Ovary,Prostate,Testis,Uterus,Vagina,Skin_Not_Sun_Exposed_Suprapubic,Skin_Sun_Exposed_Lower_leg
DIAB05,"ARMS2",ENSG00000254636,12.356508,1.98104172706,2.20200060493,,,,,2.83494888312,3.98116211362,4.99450336389,,,,,,,1.12640688045,,,,,,,,,,1.85525243998,,,4.35021598511,4.98051880591,5.22509115312,2.7788470765,4.92219167059,,-1.54060265872,5.04285101695,,,2.39513158318,,,,2.68428022066,,3.76763408354,2.01501845469,2.09235805882,2.89539503658,2.71585345762
DIAB06,"ARMS2",ENSG00000254636,10.064735,1.41444357698,1.67604098004,,,,,2.34423933891,3.45710295564,4.30111359591,,,,,,,1.53375692606,,,,,,,,,,1.55304786176,,,3.7583368239,3.79922256895,4.34591579566,2.1056518127,4.13416064722,,-0.976327613882,3.80601113772,,,2.21234346121,,,,2.27078818243,,3.01118105584,2.02462125323,1.69192329894,2.51016052428,2.37132015228
FATM04B,"ARMS2",ENSG00000254636,5.882099,-1.09422896944,-1.93061017087,,,,,-2.71028785086,-3.58753444076,-3.23719043765,,,,,,,-1.1647067015,,,,,,,,,,-0.593253365759,,,-3.34982819649,-3.38737111846,-3.54060734676,-1.52566346566,-3.59113113602,,0.893379501873,-2.37899721684,,,-0.822832189269,,,,-1.25365298944,,-4.55068636824,-0.646678019574,-0.807192822162,-1.1607623307,-2.05248277981
FATM04,"ARMS2",ENSG00000254636,6.669525,-1.09986792371,-2.01307790939,,,,,-2.75534764707,-3.64317260026,-3.25033316566,,,,,,,-1.2833599015,,,,,,,,,,-0.554735956974,,,-3.39586167051,-3.3840520957,-3.53752333691,-1.45289471492,-3.54254813999,,0.716241709451,-2.43192522157,,,-0.774755599634,,,,-1.25185477293,,-4.71943667654,-0.579448964269,-0.728579149157,-1.05525784023,-2.00628297026
LEAN04B,"ARMS2",ENSG00000254636,8.424500,-2.88327805093,-2.31386812974,,,,,-3.177335469,-4.13966039782,-5.07510302477,,,,,,,-1.55417031459,,,,,,,,,,-1.30476228106,,,-4.80782424817,-4.84817639849,-5.14407412548,-1.68965207347,-5.39205744596,,-1.23930758053,-4.08134090333,,,-1.44920835885,,,,-1.93429213125,,-4.2862271798,-1.23101954508,-1.21019021595,-1.80422905861,-2.38648869911
LEAN04M,"ARMS2",ENSG00000254636,6.660390,-2.7023877909,-2.07737805236,,,,,-3.14594181071,-3.84204021889,-4.68617810796,,,,,,,-0.853817519752,,,,,,,,,,-1.06438834592,,,-4.47709966129,-4.25678761793,-4.82764946565,-1.99485872024,-5.12531025352,,0.236543550305,-3.68548497001,,,-1.53984094891,,,,-1.7012298798,,-3.42678025494,-1.22049349254,-1.51368037431,-1.64601243176,-2.46021183921
LEAN04,"ARMS2",ENSG00000254636,8.910978,-3.04724252198,-2.34371809588,,,,,-3.48350747803,-4.39849509959,-5.39080609398,,,,,,,-1.3499796142,,,,,,,,,,-1.31770258253,,,-5.11448700952,-5.0749748547,-5.50085011313,-1.98258560203,-5.80925000126,,-0.594546010946,-4.25307720439,,,-1.60662221537,,,,-1.96550475369,,-4.2464650278,-1.33522215631,-1.45198422023,-1.88939942131,-2.62447434863
LEAN05B,"ARMS2",ENSG00000254636,7.476228,-2.79603114974,-2.37620858778,,,,,-3.2479718507,-4.1339302096,-5.03659807433,,,,,,,-1.42510418254,,,,,,,,,,-1.27182921407,,,-4.73988988819,-4.74839073005,-5.08111475405,-1.63392260682,-5.34802928264,,-1.43715616897,-3.91855473064,,,-1.42687783955,,,,-1.99100669476,,-4.3347499459,-1.2437483673,-1.29902314011,-1.74606785026,-2.39052748006
LEAN05M,"ARMS2",ENSG00000254636,6.549089,-2.71137565523,-2.11429670174,,,,,-3.13081963175,-3.84700882137,-4.67598800051,,,,,,,-0.848576035561,,,,,,,,,,-1.05848120317,,,-4.47808303141,-4.2468984814,-4.8149538144,-2.01304321845,-5.11059734092,,0.242567090834,-3.65688629315,,,-1.57089460463,,,,-1.717425992,,-3.43058684245,-1.23130071005,-1.50547708203,-1.66564019819,-2.48782545678
LEAN05,"ARMS2",ENSG00000254636,8.517084,-3.0090273842,-2.40783773623,,,,,-3.5296228582,-4.40478034239,-5.36946581979,,,,,,,-1.28830828372,,,,,,,,,,-1.30490368649,,,-5.08131639879,-5.01475255921,-5.46436406754,-1.96601229967,-5.78217169763,,-0.728478869486,-4.13981856758,,,-1.614007362,,,,-2.02106900195,,-4.28467556056,-1.35735523497,-1.51265903946,-1.87088493343,-2.64894785908
LEAN06B,"ARMS2",ENSG00000254636,12.473105,-3.07854678064,-3.79142930684,,,,,-4.81328048459,-5.5082381706,-6.18123635761,,,,,,,-2.21679143505,,,,,,,,,,-1.91268912423,,,-5.96515039025,-5.64598987151,-6.21999299085,-2.83520721835,-6.44402454633,,-0.611748015303,-4.83242699133,,,-2.24170024641,,,,-2.61713621313,,-6.39863858636,-2.16536375323,-1.9661598452,-2.46659159638,-3.34050079033
LEAN06M,"ARMS2",ENSG00000254636,11.921797,-3.06969320647,-2.77387809984,,,,,-4.72665367754,-5.65400179534,-6.36705172236,,,,,,,-1.4265706389,,,,,,,,,,-1.81898202989,,,-6.16558680242,-5.87977460176,-6.55508846915,-3.00402843981,-6.86241799648,,0.332572064348,-5.24254577818,,,-2.15395837748,,,,-2.27396769633,,-5.48609978598,-1.89860602355,-2.31608768216,-2.55606199595,-3.24155776573
LEAN06,"ARMS2",ENSG00000254636,15.091724,-3.30777542692,-3.60426517117,,,,,-5.32128833038,-6.14049594826,-6.91243375775,,,,,,,-2.07340003435,,,,,,,,,,-2.06233418224,,,-6.69210344496,-6.33774615865,-7.02893302625,-3.18393682339,-7.32911280275,,-0.387004340773,-5.55517900043,,,-2.37848800279,,,,-2.68996225857,,-6.60006783445,-2.23537386282,-2.33989688883,-2.7189315778,-3.61720035158
WEIG02,"ARMS2",ENSG00000254636,6.887563,-1.45088532781,-1.48013736052,,,,,-3.88924224928,-3.53858305758,-3.55336800652,,,,,,,-2.11812621283,,,,,,,,,,-0.91730950017,,,-3.54532345382,-3.30783058746,-3.82253005603,-1.83755971355,-4.02834202599,,0.390952181418,-2.52901788207,,,-1.20458441423,,,,-1.28866292668,,-3.57957124695,-1.56285442273,-0.829890193626,-1.65508113959,-2.1361929097
