code,target,ENSEMBL,association,Adipose_Subcutaneous,Adipose_Visceral_Omentum,Breast_Mammary_Tissue,Muscle_Skeletal,DGN_Whole_Blood,Whole_Blood,Artery_Aorta,Artery_Coronary,Artery_Tibial,Heart_Atrial_Appendage,Heart_Left_Ventricle,Spleen,Brain_Amygdala,Brain_Anterior_cingulate_cortex_BA24,Brain_Caudate_basal_ganglia,Brain_Nucleus_accumbens_basal_ganglia,Brain_Putamen_basal_ganglia,Brain_Cerebellar_Hemisphere,Brain_Cerebellum,Brain_Cortex,Brain_Frontal_Cortex_BA9,Brain_Hippocampus,Brain_Hypothalamus,Brain_Spinal_cord_cervical_c-1,Brain_Substantia_nigra,Nerve_Tibial,Cells_Transformed_fibroblasts,Cells_EBV-transformed_lymphocytes,Colon_Sigmoid,Colon_Transverse,Esophagus_Gastroesophageal_Junction,Esophagus_Mucosa,Esophagus_Muscularis,Liver,Minor_Salivary_Gland,Small_Intestine_Terminal_Ileum,Stomach,Adrenal_Gland,Pituitary,Pancreas,Thyroid,Lung,Ovary,Prostate,Testis,Uterus,Vagina,Skin_Not_Sun_Exposed_Suprapubic,Skin_Sun_Exposed_Lower_leg
BFPC02,"CKB",ENSG00000166165,5.434932,,,,,1.7726626109481753,,-3.28243224815,,,,,,,,,,-0.579262219397,,,,,,,,,-3.23617774148,,,,,,,,-4.86776189153,-3.18490905953,,,,-2.30798166817,-3.30542261635,0.999999358568,-3.00726647022,-3.4583942263,,,,,-3.29584898184,-3.13604390986
BFPC03,"CKB",ENSG00000166165,5.588246,,,,,1.6475906901527528,,-3.35070097956,,,,,,,,,,-0.37215383182,,,,,,,,,-3.23743810049,,,,,,,,-4.8382218451,-3.38608917278,,,,-2.44876893319,-3.50365874649,1.13209494527,-3.14943990237,-3.64791339823,,,,,-3.4893997735,-3.33809189341
BFPC04B,"CKB",ENSG00000166165,6.294393,,,,,1.3919961449491522,,-3.04590526638,,,,,,,,,,0.178101288449,,,,,,,,,-4.22566251048,,,,,,,,-4.82494912933,-3.09560806234,,,,-3.12968804252,-3.79972421123,1.28474760954,-2.44637507156,-4.00801298475,,,,,-3.82049152337,-3.73310304874
BFPC04F,"CKB",ENSG00000166165,9.510576,,,,,2.003214748943391,,-4.27813386459,,,,,,,,,,1.10766333336,,,,,,,,,-4.947148128,,,,,,,,-5.88565948402,-3.97581136211,,,,-2.69451244038,-4.32345479636,1.82580780493,-3.14323844326,-4.46176332835,,,,,-4.34205696535,-4.09913626949
BFPC04,"CKB",ENSG00000166165,7.771625,,,,,1.5441574185796891,,-3.53360893295,,,,,,,,,,0.420797035488,,,,,,,,,-4.63223877267,,,,,,,,-5.35669302793,-3.49951705825,,,,-3.2505073596,-4.16875127757,1.50522783974,-2.81291464424,-4.37985420177,,,,,-4.18920131588,-4.06647491467
BLOO02,"CKB",ENSG00000166165,7.310593,,,,,5.123336274910004,,-1.65547014324,,,,,,,,,,-1.34475878927,,,,,,,,,-2.31135017049,,,,,,,,-3.68237893681,0.771370691972,,,,1.15219196225,0.622533269975,2.77731434175,-2.20456140445,0.552693642979,,,,,0.579708570084,0.556736256894
BLOO04,"CKB",ENSG00000166165,11.778560,,,,,2.0447230827517004,,-5.39752774079,,,,,,,,,,-0.293571043624,,,,,,,,,-4.61210784789,,,,,,,,-5.71606480829,-3.12546939326,,,,-2.36660813715,-2.92748757864,3.22091472082,-3.52205666683,-2.88338330613,,,,,-2.97483964113,-2.82126715513
BLOO05,"CKB",ENSG00000166165,35.010194,,,,,11.843209889907106,,4.18978898092,,,,,,,,,,-7.80641430298,,,,,,,,,-1.70156447775,,,,,,,,-4.34171739322,4.80669082456,,,,3.60719265377,4.79359914683,-2.64190987934,0.442021234163,4.19734118604,,,,,4.86213123295,5.70934451943
BLOO11,"CKB",ENSG00000166165,6.857986,,,,,5.077089914953637,,-0.93086773999,,,,,,,,,,-2.61329505514,,,,,,,,,-3.29310538029,,,,,,,,-4.55795776871,-0.0235568565421,,,,-1.19902432589,-0.615980997679,-1.22743617742,-1.35939267083,-0.72551306016,,,,,-0.577823188284,-0.419748382518
BLOO12,"CKB",ENSG00000166165,7.116231,,,,,5.679004737132229,,-0.872431752395,,,,,,,,,,-1.46400624298,,,,,,,,,-1.47040511646,,,,,,,,-3.56403561042,1.8019833494,,,,2.091194646,1.71787629543,1.0415206186,-0.884681681368,1.65129932153,,,,,1.69849126073,1.71763840472
BLOO19,"CKB",ENSG00000166165,18.495434,,,,,-8.111815372258887,,-4.52689389088,,,,,,,,,,7.94940608616,,,,,,,,,1.58096202429,,,,,,,,2.6859456409,-2.93071685178,,,,-1.21475558459,-2.82487830078,4.25814071519,-0.496150975139,-2.23669883701,,,,,-2.9168733281,-3.83222229232
BLOO21,"CKB",ENSG00000166165,8.594449,,,,,2.064369445276606,,-5.27616759504,,,,,,,,,,-0.998655038758,,,,,,,,,-3.76372214638,,,,,,,,-4.71797381408,-2.63065681504,,,,-1.91319520815,-2.12682557,2.85337488861,-2.91932339703,-1.99602987766,,,,,-2.12908748373,-1.90312422389
BLOO22,"CKB",ENSG00000166165,10.165656,,,,,2.818196632426147,,-5.54070460154,,,,,,,,,,-1.14082693648,,,,,,,,,-4.034063075,,,,,,,,-5.26331838731,-2.52018556157,,,,-1.72143103625,-2.01112931858,3.28762911177,-3.22130018768,-1.90314207128,,,,,-2.01833238672,-1.78819605658
BLOO26,"CKB",ENSG00000166165,7.862836,,,,,-3.029971749512481,,-0.0485460054757,,,,,,,,,,0.474977274721,,,,,,,,,0.695641657078,,,,,,,,1.19362791917,-1.80172371845,,,,-3.43082298377,-2.08285098234,-3.02494214795,0.52924390509,-2.35669370147,,,,,-2.08255917927,-2.04921182418
BLOO27,"CKB",ENSG00000166165,10.590693,,,,,-3.5259432891416123,,1.06982269107,,,,,,,,,,0.609056099923,,,,,,,,,2.23216430347,,,,,,,,2.77230931825,-1.48225459375,,,,-3.27164456494,-1.7097218987,-4.14922086485,1.47233849384,-1.87089720081,,,,,-1.68807886701,-1.52085160943
BLOO28,"CKB",ENSG00000166165,28.860152,,,,,8.524511489109651,,5.22768473196,,,,,,,,,,-7.7541994217,,,,,,,,,-0.737063746318,,,,,,,,-2.02149270692,3.74955998915,,,,2.3720435713,3.89770463451,-3.80115116887,0.963381187889,3.26063786686,,,,,3.97503069335,4.94705031141
BLOO36,"CKB",ENSG00000166165,9.071748,,,,,0.953272601604774,,-5.1473468336,,,,,,,,,,-0.100398226905,,,,,,,,,-4.17562864235,,,,,,,,-4.953104954,-3.34193620353,,,,-2.70132314196,-3.1212163124,2.62739968786,-3.10734951322,-3.06038695267,,,,,-3.16025492271,-2.99831277241
BODY06,"CKB",ENSG00000166165,6.016590,,,,,0.6602821952569885,,-4.12152723247,,,,,,,,,,0.16990142508,,,,,,,,,-3.19846971107,,,,,,,,-4.52491933336,-3.63328408376,,,,-3.05662529148,-3.88107346679,0.995632845735,-3.14053140523,-3.79530576623,,,,,-3.8796198568,-3.67619596492
BODY07,"CKB",ENSG00000166165,5.784415,,,,,0.5827637121159838,,-4.19573687882,,,,,,,,,,0.452991973549,,,,,,,,,-3.23364858434,,,,,,,,-4.51072769818,-3.78755220625,,,,-3.21069834183,-4.02992553355,1.10938164969,-3.33349257901,-3.92506562531,,,,,-4.02422962755,-3.83601730401
BODY08B,"CKB",ENSG00000166165,10.496454,,,,,-0.16160243952400805,,-4.93367971364,,,,,,,,,,1.63704820091,,,,,,,,,-4.76771629459,,,,,,,,-4.9625771361,-4.77593937801,,,,-4.82327586269,-5.72653478968,1.93604932612,-3.48568431679,-5.73432521001,,,,,-5.7781921219,-5.73009652335
BODY08F,"CKB",ENSG00000166165,12.951170,,,,,0.8315521487814994,,-6.13587714609,,,,,,,,,,1.60414047286,,,,,,,,,-5.63869694638,,,,,,,,-6.37740401392,-5.45414888143,,,,-4.54239146324,-5.9567205946,2.38176712596,-4.48954392864,-6.11424598007,,,,,-6.00737658077,-5.87281693352
BODY08,"CKB",ENSG00000166165,11.526352,,,,,-0.03566685166117361,,-5.47080357808,,,,,,,,,,1.74571401729,,,,,,,,,-5.20002337286,,,,,,,,-5.5258552813,-5.17636458038,,,,-5.07380894977,-6.0719887658,2.18140495326,-3.89417449975,-6.11772066673,,,,,-6.12618456319,-6.06639571853
DEPR01,"CKB",ENSG00000166165,7.934981,,,,,4.324117292567798,,1.6193898415,,,,,,,,,,-2.76218219854,,,,,,,,,-0.567713131636,,,,,,,,-0.431298154469,4.06105903191,,,,3.93294221085,4.17690608344,-0.0303626901273,3.31258620208,4.04637220207,,,,,4.26793852377,4.60649275636
EDUC03,"CKB",ENSG00000166165,8.249353,,,,,4.459971360532671,,0.899315039024,,,,,,,,,,-2.88184017021,,,,,,,,,-1.74507761953,,,,,,,,-1.78332979818,0.206579544725,,,,-0.296229518263,0.292799825987,-0.625780831718,-0.170073783152,0.244657096388,,,,,0.315356857728,0.701125301213
FATM04B,"CKB",ENSG00000166165,7.411896,,,,,-1.068749146954984,,-3.40239051153,,,,,,,,,,1.2852223532,,,,,,,,,-3.4045290334,,,,,,,,-3.34874512359,-4.39927615968,,,,-4.42944544815,-5.29799313307,0.434289315213,-2.27012315219,-5.37192348869,,,,,-5.30148100536,-5.14269375115
FATM04F,"CKB",ENSG00000166165,10.191040,,,,,0.06580026310055855,,-4.56384795868,,,,,,,,,,1.69479884488,,,,,,,,,-4.56146408916,,,,,,,,-4.86987803036,-5.01823958754,,,,-3.81219853085,-5.53977843447,1.23622053712,-3.28488445393,-5.67596064832,,,,,-5.54689707504,-5.32486366484
FATM04,"CKB",ENSG00000166165,10.532999,,,,,-0.9290109616206979,,-3.89711951362,,,,,,,,,,1.47185736473,,,,,,,,,-3.87039024772,,,,,,,,-3.90825192828,-4.80453812964,,,,-4.58422447633,-5.66659876506,0.685774028212,-2.68775820025,-5.77114171883,,,,,-5.67221141991,-5.4985580515
HEIG03,"CKB",ENSG00000166165,8.705600,,,,,-4.243263415635755,,2.59169027907,,,,,,,,,,2.46356965578,,,,,,,,,2.64219276307,,,,,,,,4.63203855464,-0.631211707756,,,,-1.36183475874,-1.02447008691,-4.17767314611,2.09123690949,-0.891463888127,,,,,-0.978171656382,-0.524116441637
LEAN06B,"CKB",ENSG00000166165,10.544287,,,,,-5.47356234251195,,-3.16489791386,,,,,,,,,,2.91717610961,,,,,,,,,-0.46959710002,,,,,,,,0.673088765795,-5.49900524427,,,,-5.33043492073,-6.48175097822,-1.5568624924,-1.88176651437,-6.39321305732,,,,,-6.46501473558,-6.27860675818
LEAN06F,"CKB",ENSG00000166165,7.869216,,,,,-3.9955332747906716,,-3.41141590433,,,,,,,,,,2.17570197601,,,,,,,,,-1.44307766574,,,,,,,,-0.725669490823,-5.08299060614,,,,-4.48585338511,-5.75020528066,-0.551962332624,-2.55919109154,-5.89159322127,,,,,-5.74009284896,-5.63791502427
LEAN06,"CKB",ENSG00000166165,8.375997,,,,,-5.672273545105269,,-2.36354488595,,,,,,,,,,2.974953231,,,,,,,,,0.394285672213,,,,,,,,1.67018938505,-4.77574097302,,,,-5.03973032773,-5.79378156665,-2.01343684031,-0.943125520516,-5.54779904965,,,,,-5.77500708547,-5.57076832218
OSTE04,"CKB",ENSG00000166165,32.098989,,,,,-2.983308919691198,,-8.75654026446,,,,,,,,,,0.88559623432,,,,,,,,,-5.58103259214,,,,,,,,-5.07513927173,-6.7299657509,,,,-6.19121551166,-8.09950737574,5.47769950488,-8.55696288109,-7.8245784991,,,,,-8.31440565117,-9.0825479836
SCHI01,"CKB",ENSG00000166165,11.877129,,,,,3.8728583885928556,,-4.26330999791,,,,,,,,,,-0.726908369633,,,,,,,,,-5.2732427225,,,,,,,,-4.87848537775,-1.88401655915,,,,-2.14980407964,-2.63637948304,1.83911445388,-3.48640454181,-3.0285971643,,,,,-2.70526689093,-2.63030315391
SCHI02F,"CKB",ENSG00000166165,10.186719,,,,,3.6414734659997774,,-3.90331982276,,,,,,,,,,-1.34631787587,,,,,,,,,-4.96034123681,,,,,,,,-4.70028808922,-1.92496460304,,,,-1.47670789447,-2.64953575659,2.15964908171,-3.37789923835,-2.80219564549,,,,,-2.69928216704,-2.72560310375
SCHI02,"CKB",ENSG00000166165,11.655313,,,,,3.6245790489638963,,-4.00551003645,,,,,,,,,,-0.643972714927,,,,,,,,,-4.94736881468,,,,,,,,-4.52127809759,-1.78023396213,,,,-2.00625161562,-2.45154824271,1.82348046273,-3.20219174892,-2.87831180045,,,,,-2.51729600304,-2.44665292984
