code,target,ENSEMBL,association,Adipose_Subcutaneous,Adipose_Visceral_Omentum,Breast_Mammary_Tissue,Muscle_Skeletal,DGN_Whole_Blood,Whole_Blood,Artery_Aorta,Artery_Coronary,Artery_Tibial,Heart_Atrial_Appendage,Heart_Left_Ventricle,Spleen,Brain_Amygdala,Brain_Anterior_cingulate_cortex_BA24,Brain_Caudate_basal_ganglia,Brain_Nucleus_accumbens_basal_ganglia,Brain_Putamen_basal_ganglia,Brain_Cerebellar_Hemisphere,Brain_Cerebellum,Brain_Cortex,Brain_Frontal_Cortex_BA9,Brain_Hippocampus,Brain_Hypothalamus,Brain_Spinal_cord_cervical_c-1,Brain_Substantia_nigra,Nerve_Tibial,Cells_Transformed_fibroblasts,Cells_EBV-transformed_lymphocytes,Colon_Sigmoid,Colon_Transverse,Esophagus_Gastroesophageal_Junction,Esophagus_Mucosa,Esophagus_Muscularis,Liver,Minor_Salivary_Gland,Small_Intestine_Terminal_Ileum,Stomach,Adrenal_Gland,Pituitary,Pancreas,Thyroid,Lung,Ovary,Prostate,Testis,Uterus,Vagina,Skin_Not_Sun_Exposed_Suprapubic,Skin_Sun_Exposed_Lower_leg
BLOO01,"IRF5",ENSG00000128604,4.153855,-3.39751414741,-3.59200561603,,-3.14245093535,-4.211041509236232,-4.22299630856,-3.11198209639,,-3.35299928424,-3.71295605858,-3.60864543915,-2.48822139683,,,,,,,,,,,,,,-3.36562228402,-3.48754075409,,-4.26649161804,-3.68932279566,,-3.46032026306,-3.9070175918,0.177978049086,,-3.62898211641,-3.66450415767,-2.62354340272,,-3.05926566694,-4.78516037652,-3.46680616239,,-3.12019114736,-0.78093928756,,,-4.05718988937,-3.48721262863
BLOO07,"IRF5",ENSG00000128604,8.303617,-4.5034419022,-3.88823642554,,-5.66165397415,-4.377634357071077,-4.58559547215,-4.99918310425,,-5.05524413512,-4.18845405318,-4.93853902817,-3.91212603839,,,,,,,,,,,,,,-4.50094004392,-5.24850389038,,-5.18719369368,-4.39331075285,,-4.23381919642,-4.60465234812,-1.84394148783,,-5.23909582909,-5.05868245428,-3.64377329708,,-4.38834622956,-3.19860909844,-5.51864305444,,-3.82904426618,0.322470365995,,,-4.33552854966,-5.06196668091
BLOO16,"IRF5",ENSG00000128604,7.635843,-4.04879337252,-3.66413494267,,-5.43484635254,-4.308970216793994,-4.43075546737,-4.53722056533,,-4.60295340595,-4.09938194167,-4.52744913101,-3.60903478401,,,,,,,,,,,,,,-4.27227043685,-4.81562115644,,-5.0864139869,-4.12156177484,,-3.69676246333,-4.28166042328,-1.47587060554,,-4.77635162861,-4.64001495854,-3.47626214617,,-4.01717138837,-2.93849337208,-5.01426431413,,-3.44791491974,0.0660066662117,,,-4.0941438,-4.58050580167
BLOO17,"IRF5",ENSG00000128604,5.871310,-3.93835548439,-3.09269150724,,-4.81561524113,-3.7720549788516795,-3.93631387353,-4.23240681273,,-4.3344464429,-3.66171799272,-4.07987451553,-3.34827211443,,,,,,,,,,,,,,-3.6691284332,-4.42581838805,,-4.38682902487,-3.72965337725,,-3.60345457514,-3.95991756226,-1.35417420411,,-4.4221985616,-4.2305062162,-3.25211054579,,-3.52244654246,-2.40290116293,-4.7383066499,,-3.65965473822,0.442258089111,,,-3.76802766548,-4.2775199331
BLOO18,"IRF5",ENSG00000128604,5.205157,-3.94317321384,-3.05044933826,,-4.72695780534,-3.7686409251713684,-4.03415857983,-4.13944680592,,-4.28284364881,-3.57826481019,-4.09891033173,-3.09741728533,,,,,,,,,,,,,,-3.56662636263,-4.38865791564,,-4.30321407524,-3.65767790147,,-3.650747752,-3.93452083897,-1.35802657839,,-4.49555972721,-4.27741567781,-3.40773707659,,-3.5034254501,-2.31514683618,-4.72324191972,,-3.81211146844,0.645383694356,,,-3.85564256195,-4.27961182359
BLOO33,"IRF5",ENSG00000128604,6.326620,-4.42332665478,-4.57346119073,,-4.25409868545,-4.755029285461642,-4.91909409167,-4.36265067376,,-4.44443946447,-4.52044118396,-4.8100399971,-4.01038028854,,,,,,,,,,,,,,-4.25190362186,-4.65890782109,,-4.40315533004,-4.66818542756,,-4.42002785891,-4.7150383801,-0.972807389053,,-4.66976070419,-4.78082391447,-3.23121877263,,-3.88779674009,-5.0396927944,-4.50022397203,,-3.50092726008,-0.572282734384,,,-4.77403921392,-4.47575386358
CIRR01,"IRF5",ENSG00000128604,19.834489,8.14899742267,6.50415027783,,8.50187503775,7.785871254282168,7.89757425289,7.92383717651,,8.09672902028,8.00388420408,8.2089138031,5.35670383613,,,,,,,,,,,,,,6.50434987304,8.30803363518,,8.84031738685,8.05983117533,,7.67853384105,8.3157093713,5.91260610165,,8.2089138031,8.21468380754,6.12725678399,,7.92187101525,7.9169708199,8.35150740427,,1.58012928882,0.63295048201,,,7.70524749515,8.04613365829
LUPU01,"IRF5",ENSG00000128604,47.153428,9.69141498452,9.02075389354,,11.1700486483,9.866877332655621,10.5909639339,10.560905908,,10.3693194911,9.266648775,10.4612102509,5.59269030652,,,,,,,,,,,,,,9.73829649623,10.6091587645,,10.5310163683,9.98997277645,,10.2208120417,10.7969574716,7.26060958214,,11.0456243599,10.7737183983,7.93390781613,,10.3058839751,9.85860166767,11.3805338664,,7.33602833172,-0.0812408265363,,,9.95700447654,10.2553358055
PRSC01,"IRF5",ENSG00000128604,2.716789,3.01351405597,2.86323630924,,3.52468984103,3.201894885445266,3.49306807835,3.0525964422,,3.21167518534,2.71611849295,3.59287261963,2.1888081022,,,,,,,,,,,,,,3.72727997246,3.48528315461,,2.94009354854,3.38629545159,,2.88164542463,3.49905408374,4.80510975738,,3.59287261963,3.58580538826,2.33046721284,,2.77826371404,3.61174764578,2.96097016275,,0.470451911279,0.37538384942,,,3.38436200114,3.32306474155
RHEU01,"IRF5",ENSG00000128604,13.006172,5.3172392517,4.96680021872,,5.66278183318,5.698721642945194,5.69915928552,5.87601422911,,5.79267051301,5.53050261954,5.86103153229,4.0484529621,,,,,,,,,,,,,,4.97832981155,6.09261538013,,5.03322732295,5.47746227971,,5.50574759508,6.06681066817,3.68773015268,,5.849560533,5.88702591418,5.26276525108,,5.49058205777,4.88282103987,6.03709404426,,3.78397101468,0.59288713998,,,5.43314081074,5.63922530709
RHEU02,"IRF5",ENSG00000128604,11.839291,5.30155679714,4.96680021872,,5.28624876058,5.698721642945194,5.69915928552,5.87601422911,,5.79267051301,5.53050261954,5.86103153229,4.0484529621,,,,,,,,,,,,,,4.94778948283,5.85970845473,,5.03322732295,5.42581377962,,5.50574759508,6.06681066817,3.71492847982,,5.849560533,5.88702591418,5.26276525108,,5.49058205777,4.88282103987,6.03709404426,,3.78397101468,0.59288713998,,,5.43314081074,5.63922530709
ULCC01,"IRF5",ENSG00000128604,6.827864,5.24440693612,5.08134306878,,5.3867383945,5.124213376382498,5.23886824333,4.77885715766,,5.01723833153,4.28690284056,5.13330364227,4.69796670541,,,,,,,,,,,,,,4.39739720546,4.73076409913,,4.4402777079,4.46201906516,,5.20897811636,5.12731084271,3.92308269433,,5.02395464841,5.11938736787,3.2319067387,,4.20999804938,3.96212746935,4.93524182746,,3.73629884218,-0.0418153733932,,,4.70560595476,5.1972437713
WAIS03F,"IRF5",ENSG00000128604,5.576918,-3.94680762441,-3.09096016267,,-3.98778038751,-4.61054533487838,-4.29220900587,-3.54247543212,,-4.02025723712,-3.85530559851,-3.67476010323,-3.61953334051,,,,,,,,,,,,,,-3.80136257726,-3.87487812198,,-4.78201957897,-4.00998021221,,-3.39205591951,-4.09324160516,-3.29630673569,,-3.67476010323,-3.71860459024,-2.63255581112,,-3.13282950299,-2.74519024678,-3.88932978897,,-0.0563025905073,-0.861758668626,,,-3.51379117561,-3.43031388306
WAIS04F,"IRF5",ENSG00000128604,5.689073,-3.88957030593,-3.0387594797,,-3.92849568202,-4.568346116094869,-4.25792067728,-3.49170606847,,-3.97057391512,-3.77267746215,-3.62146806717,-3.6248305198,,,,,,,,,,,,,,-3.74601656842,-3.81868393446,,-4.72650603397,-3.95182673814,,-3.32919678607,-4.03388064576,-3.25549912532,,-3.62146806717,-3.66467671326,-2.59404974227,,-3.08739659366,-2.70537900585,-3.83292600361,,-0.0554861452902,-0.849261298634,,,-3.46283353654,-3.37545166701
