code,target,ENSEMBL,association,Adipose_Subcutaneous,Adipose_Visceral_Omentum,Breast_Mammary_Tissue,Muscle_Skeletal,DGN_Whole_Blood,Whole_Blood,Artery_Aorta,Artery_Coronary,Artery_Tibial,Heart_Atrial_Appendage,Heart_Left_Ventricle,Spleen,Brain_Amygdala,Brain_Anterior_cingulate_cortex_BA24,Brain_Caudate_basal_ganglia,Brain_Nucleus_accumbens_basal_ganglia,Brain_Putamen_basal_ganglia,Brain_Cerebellar_Hemisphere,Brain_Cerebellum,Brain_Cortex,Brain_Frontal_Cortex_BA9,Brain_Hippocampus,Brain_Hypothalamus,Brain_Spinal_cord_cervical_c-1,Brain_Substantia_nigra,Nerve_Tibial,Cells_Transformed_fibroblasts,Cells_EBV-transformed_lymphocytes,Colon_Sigmoid,Colon_Transverse,Esophagus_Gastroesophageal_Junction,Esophagus_Mucosa,Esophagus_Muscularis,Liver,Minor_Salivary_Gland,Small_Intestine_Terminal_Ileum,Stomach,Adrenal_Gland,Pituitary,Pancreas,Thyroid,Lung,Ovary,Prostate,Testis,Uterus,Vagina,Skin_Not_Sun_Exposed_Suprapubic,Skin_Sun_Exposed_Lower_leg
BLOO05,"SNX1",ENSG00000028528,17.404283,-5.3168440219,-5.66639313741,-8.69227884958,,-6.443815096947595,-6.64364050115,,,-6.05304210491,-5.82669621856,,,,,,,,-4.2564112316,,-9.26685431931,,,,,,,-5.96133033202,-5.82400198307,,,,-6.74671879018,-6.47529754493,,,,-6.20510594928,,,,-3.6494544849,,,,,,,-4.88245157845,-5.23269834
BLOO06,"SNX1",ENSG00000028528,6.212766,-2.79564381008,-3.56852880168,-5.26011301075,,-3.818968481974404,-3.63977198163,,,-2.39938529401,-2.38094355362,,,,,,,,-2.63595325147,,-4.88595374198,,,,,,,-3.34894456228,-1.92354963072,,,,-2.88979120523,-3.07011295033,,,,-3.78141379742,,,,-3.31687803061,,,,,,,-2.21852309861,-2.17714328118
BLOO09,"SNX1",ENSG00000028528,5.846277,-2.64220701089,-3.26578478057,-5.17475352018,,-3.7838299530229045,-3.59556619752,,,-2.06618145775,-2.09621863174,,,,,,,,-2.45042309132,,-4.62324402641,,,,,,,-3.0033058217,-1.68527274492,,,,-2.64666346571,-3.05316026936,,,,-3.77566274536,,,,-3.36147963383,,,,,,,-1.89028072673,-1.91252775571
BLOO10,"SNX1",ENSG00000028528,7.476111,-3.21113572238,-3.80588950761,-6.04325213721,,-4.390713396360369,-4.26109305421,,,-2.81982909371,-2.81538586137,,,,,,,,-2.88102138031,,-5.59786642435,,,,,,,-3.66649830056,-2.39205433286,,,,-3.44256283134,-3.78999129106,,,,-4.35388138057,,,,-3.60423877703,,,,,,,-2.47475266348,-2.60729439617
BLOO12,"SNX1",ENSG00000028528,8.571833,-2.88470493618,-3.47510402297,-5.76075348357,,-4.327504626430215,-4.02218455614,,,-2.3639208336,-2.45219999567,,,,,,,,-2.28784853744,,-5.11225013045,,,,,,,-3.63334861365,-2.23798702876,,,,-3.07615186925,-3.19246392689,,,,-4.29418367841,,,,-3.59294517152,,,,,,,-2.39862640888,-2.29146404954
BLOO13,"SNX1",ENSG00000028528,5.536959,-2.71652629409,-3.58261772213,-5.26185855506,,-3.7589759532083686,-3.59732944106,,,-2.33503312164,-2.31173357555,,,,,,,,-2.59111820652,,-4.84399894434,,,,,,,-3.22658592912,-1.86927140363,,,,-2.81317383508,-3.10710403129,,,,-3.72524715167,,,,-3.22669190139,,,,,,,-2.17570704308,-2.05343502327
BLOO19,"SNX1",ENSG00000028528,5.747900,3.12689846488,2.69672545732,3.87363861997,,2.955257602926863,3.29502083971,,,4.06083087918,3.89835369454,,,,,,,,2.05559933897,,4.84694682255,,,,,,,3.3745894781,4.27765907667,,,,4.27826962282,3.65676005531,,,,2.76635341037,,,,0.636730827343,,,,,,,3.12981010249,3.51165998733
BLOO26,"SNX1",ENSG00000028528,4.549335,-3.54150801797,-4.00387069118,-3.41593488283,,-2.281680530295859,-2.95428937679,,,-3.41453466755,-3.48477917875,,,,,,,,-1.32494345535,,-4.74501324308,,,,,,,-2.60174695032,-3.68773883262,,,,-3.99045572546,-2.15271856518,,,,-2.06220841846,,,,-1.03542852494,,,,,,,-3.56249190021,-3.36179487305
BLOO27,"SNX1",ENSG00000028528,6.583043,-3.66600983977,-4.24005215082,-4.01586895675,,-3.663756587968614,-3.83639531458,,,-3.20293999124,-3.18287826092,,,,,,,,-0.662313287346,,-4.9984351729,,,,,,,-2.74703421992,-3.61680593074,,,,-4.36597559969,-2.47074810033,,,,-3.49394729875,,,,-2.43440728759,,,,,,,-2.88425744,-3.09413550106
BLOO28,"SNX1",ENSG00000028528,10.188338,-3.84209725317,-3.37937755769,-5.10033016676,,-3.850000639333388,-4.25655384472,,,-4.87541053584,-4.5837371612,,,,,,,,-2.95848514429,,-6.20584437644,,,,,,,-4.03436645912,-4.68082904997,,,,-5.13880311438,-4.71501153889,,,,-3.63889859189,,,,-1.33278410947,,,,,,,-3.64193645695,-4.07679557169
BLOO29,"SNX1",ENSG00000028528,5.805153,5.1731486122,2.2203295235,3.04290161313,,2.6198443145026924,2.4628356746,,,4.28938796867,4.42428023174,,,,,,,,3.08476137449,,3.12118994536,,,,,,,4.81572927085,3.39353744376,,,,4.3511013742,2.90345037419,,,,2.45056913769,,,,3.10255682992,,,,,,,3.46291238587,5.48250187592
BLOO30,"SNX1",ENSG00000028528,6.027219,-2.76208136652,-3.32597375935,-5.23803652777,,-3.8701282192213133,-3.67201960502,,,-2.17074154325,-2.19957878393,,,,,,,,-2.51141994224,,-4.73142260955,,,,,,,-3.16824522948,-1.79197758869,,,,-2.75740958368,-3.0864942146,,,,-3.85610274961,,,,-3.44099911709,,,,,,,-1.9840894091,-2.06160714286
BLOO34,"SNX1",ENSG00000028528,2.138723,2.1047603801,-0.194568760409,0.265467353413,,0.5473787761235084,0.265335912859,,,2.12062071342,2.87645081879,,,,,,,,1.18897389114,,0.679990025752,,,,,,,2.38502994859,1.28971689379,,,,1.82255226998,0.835360780618,,,,0.457904360757,,,,2.8783350784,,,,,,,-0.0242445055492,4.83815513672
MENA02F,"SNX1",ENSG00000028528,12.336987,-4.51693713814,-3.65896374162,-3.50167704868,,-1.0838669466119244,-1.74955518292,,,-6.03127789325,-6.1573848108,,,,,,,,-3.41602724226,,-4.51901161442,,,,,,,-4.44472514654,-4.592216998,,,,-5.10345406508,-3.54654140648,,,,-1.05265361638,,,,0.0381845728959,,,,,,,-4.56138499652,-5.60559225872
