code,target,ENSEMBL,association,Adipose_Subcutaneous,Adipose_Visceral_Omentum,Breast_Mammary_Tissue,Muscle_Skeletal,DGN_Whole_Blood,Whole_Blood,Artery_Aorta,Artery_Coronary,Artery_Tibial,Heart_Atrial_Appendage,Heart_Left_Ventricle,Spleen,Brain_Amygdala,Brain_Anterior_cingulate_cortex_BA24,Brain_Caudate_basal_ganglia,Brain_Nucleus_accumbens_basal_ganglia,Brain_Putamen_basal_ganglia,Brain_Cerebellar_Hemisphere,Brain_Cerebellum,Brain_Cortex,Brain_Frontal_Cortex_BA9,Brain_Hippocampus,Brain_Hypothalamus,Brain_Spinal_cord_cervical_c-1,Brain_Substantia_nigra,Nerve_Tibial,Cells_Transformed_fibroblasts,Cells_EBV-transformed_lymphocytes,Colon_Sigmoid,Colon_Transverse,Esophagus_Gastroesophageal_Junction,Esophagus_Mucosa,Esophagus_Muscularis,Liver,Minor_Salivary_Gland,Small_Intestine_Terminal_Ileum,Stomach,Adrenal_Gland,Pituitary,Pancreas,Thyroid,Lung,Ovary,Prostate,Testis,Uterus,Vagina,Skin_Not_Sun_Exposed_Suprapubic,Skin_Sun_Exposed_Lower_leg
ALZH01,"SNRPD2",ENSG00000125743,6.437648,-inf,4.4172167778,1.43364116289,,3.185760283813203,,,,3.65849963046,,,,,,,,,,,,,,,,,,6.31583955488,,,1.30949957165,,3.97248000146,,,,,3.00552389862,,,,2.88367245397,3.99545384523,,,,5.38115743546,,3.96776270353,4.14356877642
BFPC02B,"SNRPD2",ENSG00000125743,7.182289,-0.249142355009,-0.274240255356,-0.640159925749,,-0.07787767693121468,,,,-0.364412183098,,,,,,,,,,,,,,,,,,-1.7019704383,,,0.134808406479,,-0.798751453875,,,,,-0.49979452563,,,,0.430958580914,-0.555260703896,,,,0.71762395114,,-0.753168677709,-0.80517190569
BFPC02,"SNRPD2",ENSG00000125743,7.860751,-0.175735715845,-0.261049926281,-0.416081727737,,-0.02980107335624509,,,,-0.304256968007,,,,,,,,,,,,,,,,,,-1.73176024221,,,0.25781536349,,-0.746908517443,,,,,-0.570650811172,,,,0.676070670276,-0.508237218292,,,,0.519672760507,,-0.782238605737,-0.761046487736
BFPC03B,"SNRPD2",ENSG00000125743,7.420845,-0.171617850045,-0.22574467957,-0.475576675416,,0.09944228705797913,,,,-0.287925192669,,,,,,,,,,,,,,,,,,-1.61967753973,,,0.235871692901,,-0.737818893288,,,,,-0.389102551389,,,,0.423486818742,-0.484901486203,,,,0.635143038292,,-0.702285205666,-0.743760744956
BFPC03,"SNRPD2",ENSG00000125743,8.614501,-0.0850768003316,-0.204319283366,-0.218285356077,,0.182708372499507,,,,-0.21043857463,,,,,,,,,,,,,,,,,,-1.63834624159,,,0.378443373157,,-0.676519721723,,,,,-0.448529579015,,,,0.67324770105,-0.428026638146,,,,0.413783644103,,-0.724632029775,-0.690766396855
BFPC04B,"SNRPD2",ENSG00000125743,15.708565,-1.68249107972,-2.06287670135,-0.887092386554,,-0.8479517370034423,,,,-2.01882306739,,,,,,,,,,,,,,,,,,-3.33660536999,,,-0.902341017018,,-2.58360278464,,,,,-2.25834016185,,,,-1.60962638812,-2.30078999278,,,,-1.35479880094,,-2.49578428645,-2.55865380741
BFPC04F,"SNRPD2",ENSG00000125743,11.314939,-1.66957984254,-2.17675971985,-0.511246863557,,-0.9795211558140945,,,,-2.21616168382,,,,,,,,,,,,,,,,,,-2.79156720529,,,-0.727597734321,,-2.21197755238,,,,,-1.92521394433,,,,-1.588680144,-1.89936200953,,,,-1.64439046554,,-2.20029417762,-2.18935234392
BFPC04M,"SNRPD2",ENSG00000125743,10.521044,-0.912153972167,-1.00739085674,-0.796700586424,,-0.342245262090479,,,,-0.912683888731,,,,,,,,,,,,,,,,,,-2.2515672694,,,-0.632293340622,,-1.70069224678,,,,,-1.49281926175,,,,-0.880155015941,-1.57490241007,,,,-0.477608854279,,-1.58872969627,-1.68520410046
BFPC04,"SNRPD2",ENSG00000125743,19.407357,-1.81642532944,-2.27301764488,-0.921338227085,,-1.0284052937777766,,,,-2.2240264425,,,,,,,,,,,,,,,,,,-3.45790956825,,,-0.971939072997,,-2.70161980888,,,,,-2.31427060881,,,,-1.7089098757,-2.40786945288,,,,-1.46064602267,,-2.62062120592,-2.68019233501
BLOO01,"SNRPD2",ENSG00000125743,7.532762,1.59691466848,1.33798909187,-0.411551106039,,-0.2500636737575704,,,,0.433536871419,,,,,,,,,,,,,,,,,,1.38154184121,,,-0.523897987812,,1.84964087758,,,,,0.54561704467,,,,0.215155984877,1.73757088592,,,,-1.46687376815,,2.00680825998,1.92295247056
BLOO07,"SNRPD2",ENSG00000125743,14.558603,1.68085123286,1.79918134212,3.06657547638,,3.2571018212997185,,,,2.55019422572,,,,,,,,,,,,,,,,,,0.865512671042,,,1.73358569844,,1.60768893397,,,,,1.74796425516,,,,2.5418083876,1.38424681968,,,,0.668616165099,,1.28395834162,1.46385813585
BLOO16,"SNRPD2",ENSG00000125743,12.573375,1.60043245459,1.73252570629,2.97577701038,,3.2176729324079827,,,,2.42432865723,,,,,,,,,,,,,,,,,,0.736468766229,,,1.51440138231,,1.58117889351,,,,,1.71511370196,,,,2.92124882049,1.34323248146,,,,0.679864799795,,1.18563968612,1.46712011456
BLOO17,"SNRPD2",ENSG00000125743,16.146819,1.68913396034,1.83382487297,3.10837685262,,3.0740860657716427,,,,2.73400319348,,,,,,,,,,,,,,,,,,0.597318616956,,,1.97371202575,,1.52257901912,,,,,1.70043537848,,,,2.57450485872,1.30280516052,,,,1.07771857973,,1.1636326187,1.34735863363
BLOO18,"SNRPD2",ENSG00000125743,13.294975,1.4103623187,1.51647222042,2.60615718898,,2.636599630529527,,,,2.43024139331,,,,,,,,,,,,,,,,,,0.377603750056,,,1.73363602845,,1.15326704572,,,,,1.41978220032,,,,2.23823839724,0.932015110531,,,,1.33540662632,,0.897372503997,0.992540742622
BLOO27,"SNRPD2",ENSG00000125743,7.747730,-1.93041253698,-2.09534883499,-0.134158839836,,-0.3882287831357752,,,,-1.35431046409,,,,,,,,,,,,,,,,,,-1.70000482114,,,-1.15902822115,,-1.77100381592,,,,,-2.47240980546,,,,-1.36352619492,-1.71795801283,,,,-0.425723035116,,-1.65323170365,-1.67393883216
BLOO29,"SNRPD2",ENSG00000125743,9.240581,-0.504222312131,-1.13876783848,1.04797846663,,1.2757112486478766,,,,-0.627726246988,,,,,,,,,,,,,,,,,,-0.466627073069,,,0.927030718913,,-1.19337671466,,,,,0.463498054782,,,,0.12528223362,-1.13716743722,,,,1.41607176563,,-1.10843893552,-1.17926885859
BLOO31,"SNRPD2",ENSG00000125743,12.354617,-1.29158863548,-1.38223350048,-2.59573221401,,-2.613533056850549,,,,-2.32555249808,,,,,,,,,,,,,,,,,,-0.222714637873,,,-1.55019855694,,-1.04533686982,,,,,-1.39335234052,,,,-2.58346389502,-0.787976695896,,,,-1.25395679452,,-0.729268756514,-0.898370532396
BODY03,"SNRPD2",ENSG00000125743,21.211146,-2.09301249267,,0.766314589039,,1.620538273526405,,,,-2.15729122041,,,,,,,,,,,,,,,,,,-3.88842321492,,,2.50344248335,,-3.42380074286,,,,,-3.56302063693,,,,-1.19905115048,-3.11446843105,,,,0.15787942098,,-2.87949366697,-3.37017813152
BODY04F,"SNRPD2",ENSG00000125743,13.328531,-0.868045784514,,-0.123343786531,,-0.3278523338192005,,,,-4.862498504,,,,,,,,,,,,,,,,,,-3.02386444258,,,1.1612555764,,-3.222954254,,,,,-3.44554607781,,,,-0.957538413751,-2.69424695245,,,,0.0634491463664,,-2.53341441997,-3.03025391185
BODY04M,"SNRPD2",ENSG00000125743,14.172172,-1.68441986972,,2.1669056001,,-0.9596796261002206,,,,-0.697566169907,,,,,,,,,,,,,,,,,,-3.18203103848,,,2.85808366631,,-2.28466329911,,,,,-1.80360066793,,,,-0.6042218614,-1.90485075716,,,,0.0959046540243,,-2.17307542271,-2.3348563425
BODY04,"SNRPD2",ENSG00000125743,18.395418,-2.09653686017,,0.899638912097,,1.713070035941641,,,,-2.77372777384,,,,,,,,,,,,,,,,,,-4.07124636493,,,2.64767027681,,-3.46083469271,,,,,-3.60753874834,,,,-1.21367529064,-3.24305785117,,,,0.19491420628,,-2.90545863485,-3.40351062532
BODY06B,"SNRPD2",ENSG00000125743,12.518815,-1.64421346263,-1.34414958954,-1.34469853526,,-0.4104129523653866,,,,-1.77797663856,,,,,,,,,,,,,,,,,,-2.85795089796,,,-0.039581384276,,-2.15219275141,,,,,-1.42166975433,,,,-0.26886570292,-2.04861736246,,,,0.882113784452,,-2.29235425516,-2.20027345694
BODY06F,"SNRPD2",ENSG00000125743,6.500409,-1.40324467296,-1.66696536541,-0.48429542264,,-0.40452359470930405,,,,-1.66933564997,,,,,,,,,,,,,,,,,,-2.04589799807,,,-0.579729087614,,-1.72719079495,,,,,-1.52968489783,,,,-0.278996119887,-1.71731957151,,,,0.0570454595626,,-1.9703753983,-1.76156210768
BODY06,"SNRPD2",ENSG00000125743,10.878900,-1.67400502976,-1.49894845486,-1.26731228712,,-0.5013689225869339,,,,-1.84583297751,,,,,,,,,,,,,,,,,,-2.92687932697,,,-0.172287535387,,-2.1975298794,,,,,-1.47527296267,,,,-0.282478088285,-2.11937592282,,,,0.671583087391,,-2.38405990402,-2.24678409391
BODY07B,"SNRPD2",ENSG00000125743,11.673152,-1.59351588635,-1.31562483311,-1.25451079525,,-0.3208307973078722,,,,-1.75152100847,,,,,,,,,,,,,,,,,,-2.82714516046,,,0.0346313481616,,-2.11906637106,,,,,-1.30505934657,,,,-0.267888149419,-2.00119085602,,,,0.851600757368,,-2.25919240612,-2.16362200693
BODY07F,"SNRPD2",ENSG00000125743,6.699513,-1.37950040432,-1.65898859501,-0.400921427142,,-0.30118291010946274,,,,-1.67190781845,,,,,,,,,,,,,,,,,,-2.07461995298,,,-0.511761450073,,-1.73815299426,,,,,-1.44309717957,,,,-0.288591917695,-1.71115910671,,,,-0.0253988077923,,-1.97900778949,-1.76862309561
BODY07,"SNRPD2",ENSG00000125743,12.414551,-1.62323381227,-1.4711483717,-1.16022928245,,-0.3919040140743991,,,,-1.81376892084,,,,,,,,,,,,,,,,,,-2.90898778043,,,-0.0865468001339,,-2.16966914784,,,,,-1.35586033673,,,,-0.273973113138,-2.0762886338,,,,0.625796087232,,-2.35683089325,-2.21568181816
BODY08B,"SNRPD2",ENSG00000125743,18.602060,-2.14708934611,-2.26794838905,-1.0507428852,,-0.5049750087335366,,,,-2.48749094847,,,,,,,,,,,,,,,,,,-4.40116597074,,,-0.104710453748,,-3.09830661991,,,,,-2.78858016877,,,,-1.82414635464,-2.87977016093,,,,-0.353966471952,,-3.26105323824,-3.10102347692
BODY08F,"SNRPD2",ENSG00000125743,14.918833,-2.32818915025,-2.7682929039,-0.780772504155,,-0.7154620691787417,,,,-2.86098251965,,,,,,,,,,,,,,,,,,-3.53027391126,,,-0.792134988109,,-2.81560716904,,,,,-2.44941822465,,,,-1.91483087038,-2.58032383211,,,,-0.859076321898,,-2.94349115941,-2.80037159046
BODY08M,"SNRPD2",ENSG00000125743,14.577213,-0.964077298093,-0.754573404789,-0.781003989415,,-0.08456642615417498,,,,-0.976724796492,,,,,,,,,,,,,,,,,,-3.03419798612,,,0.530694488662,,-1.85483497269,,,,,-1.74021859548,,,,-0.873342022337,-1.75538401292,,,,0.248831777719,,-1.96903212479,-1.87133123252
BODY08,"SNRPD2",ENSG00000125743,24.211464,-2.32851345838,-2.57046556473,-1.11812165788,,-0.6918321675097114,,,,-2.73449350087,,,,,,,,,,,,,,,,,,-4.49870604865,,,-0.340492960344,,-3.24265043864,,,,,-2.80976182053,,,,-1.97219091776,-3.02035482249,,,,-0.454931759867,,-3.40915512239,-3.24239272173
CHOL21,"SNRPD2",ENSG00000125743,6.861887,-6.65133499131,,1.72992504693,,-1.2212710968961897,,,,0.739138125427,,,,,,,,,,,,,,,,,,4.50500988161,,,1.58608026608,,0.354928287164,,,,,3.83947218679,,,,-0.171396278629,0.209955065575,,,,3.3205163412,,0.496190241956,0.38448135842
CHOL27,"SNRPD2",ENSG00000125743,5.708587,-7.88308798394,,2.06107615528,,-1.1043916660320106,,,,0.622627036626,,,,,,,,,,,,,,,,,,4.99284624054,,,1.23452377018,,0.303268089742,,,,,3.92427200391,,,,-0.338142401679,-0.00842681905505,,,,3.77872120573,,-0.104875630413,-0.0372302531753
COAD01,"SNRPD2",ENSG00000125743,6.324295,-3.09725176506,-2.70119023323,-0.468633385189,,-0.4928650064097863,,,,-1.67546895938,,,,,,,,,,,,,,,,,,-1.67059462327,,,-1.93324887645,,-2.52318178131,,,,,-1.80543031973,,,,-2.29012585079,-2.41497484289,,,,-1.16259512804,,-2.22082270339,-2.48736152872
COAD03,"SNRPD2",ENSG00000125743,8.012173,-3.53301749669,-3.09652423859,-0.909669633886,,-0.41439930872200714,,,,-2.17635370688,,,,,,,,,,,,,,,,,,-1.85522381307,,,-1.54475445127,,-2.80020443132,,,,,-1.99707808018,,,,-2.39766945415,-2.71688720759,,,,0.103471158777,,-2.43840477481,-2.78657898884
FATM02B,"SNRPD2",ENSG00000125743,9.281017,-0.626308125002,-0.499396622181,-0.715854325058,,-0.30507837929291276,,,,-0.646891642298,,,,,,,,,,,,,,,,,,-1.79201660355,,,-0.0189431245039,,-1.06737782531,,,,,-0.742078048954,,,,0.1952395926,-0.921307212249,,,,1.19322273332,,-1.10467704612,-1.1246221216
FATM02F,"SNRPD2",ENSG00000125743,6.766040,-0.665360090397,-0.992169201374,0.0638143041503,,-0.34382980942575625,,,,-0.896285807665,,,,,,,,,,,,,,,,,,-1.29380760788,,,-0.166264754191,,-0.915044583499,,,,,-1.23954537827,,,,0.469167812528,-0.878807484868,,,,0.322335917033,,-1.08898271038,-0.956435263964
FATM02,"SNRPD2",ENSG00000125743,9.992039,-0.652361323014,-0.647406339645,-0.591982971156,,-0.39932834498075914,,,,-0.730332206449,,,,,,,,,,,,,,,,,,-1.85042332291,,,-0.0515071403276,,-1.09856176223,,,,,-0.870732919592,,,,0.306585628015,-0.978755616019,,,,1.00494954292,,-1.18104831733,-1.157013957
FATM03B,"SNRPD2",ENSG00000125743,9.273012,-0.549791901983,-0.447242468596,-0.573977562595,,-0.15766319095217457,,,,-0.592120442956,,,,,,,,,,,,,,,,,,-1.72835588356,,,0.0922467943858,,-1.00367636772,,,,,-0.609164100446,,,,0.222741143961,-0.845450095379,,,,1.10960954469,,-1.04151708157,-1.0587195069
FATM03F,"SNRPD2",ENSG00000125743,6.095047,-0.588770789562,-0.935476064682,0.235606920452,,-0.15202591768990167,,,,-0.840102662497,,,,,,,,,,,,,,,,,,-1.25062253208,,,-0.0409566949163,,-0.865524834686,,,,,-1.10793107827,,,,0.502295041496,-0.813393264204,,,,0.171015079826,,-1.03779222757,-0.905527300733
FATM03,"SNRPD2",ENSG00000125743,10.005692,-0.562755225334,-0.585154235363,-0.420400494305,,-0.22093090955304934,,,,-0.660258700466,,,,,,,,,,,,,,,,,,-1.78280672542,,,0.0828267343251,,-1.02611247494,,,,,-0.725778884817,,,,0.3471685793,-0.892870686084,,,,0.899431296977,,-1.11047539501,-1.08289643044
FATM04B,"SNRPD2",ENSG00000125743,16.560936,-1.53590114306,-1.83398139477,-0.614658034912,,-0.6249667393284108,,,,-1.78993784457,,,,,,,,,,,,,,,,,,-3.40812852378,,,-0.427356299171,,-2.39079201461,,,,,-2.2882088375,,,,-1.43962947212,-2.15799025091,,,,-0.600448349928,,-2.46541804234,-2.41615870638
FATM04F,"SNRPD2",ENSG00000125743,14.488250,-1.94460009677,-2.48765611649,-0.522244723277,,-0.889316405284973,,,,-2.52120425855,,,,,,,,,,,,,,,,,,-3.00197848928,,,-0.768317124969,,-2.39182119722,,,,,-2.22350043054,,,,-1.51373058029,-2.15980607256,,,,-1.06405006979,,-2.42797584742,-2.39479842772
FATM04M,"SNRPD2",ENSG00000125743,12.435511,-0.466555873463,-0.415833294392,-0.406794323042,,-0.10731187437074928,,,,-0.326066044289,,,,,,,,,,,,,,,,,,-2.14991198921,,,0.0628574464475,,-1.26574445251,,,,,-1.26610595101,,,,-0.700194618804,-1.14189224481,,,,0.0770672260345,,-1.33773494922,-1.2979524067
FATM04,"SNRPD2",ENSG00000125743,24.717763,-1.7477089721,-2.15497493744,-0.690035016629,,-0.8246076945421779,,,,-2.09911880215,,,,,,,,,,,,,,,,,,-3.55763278982,,,-0.579631426156,,-2.56933018873,,,,,-2.3913866339,,,,-1.55021988161,-2.33235373838,,,,-0.701486803381,,-2.63659475757,-2.59343779308
HIPC01F,"SNRPD2",ENSG00000125743,6.504095,-1.57018654851,,-0.894358351985,,-0.7897173165324425,,,,-2.94153610157,,,,,,,,,,,,,,,,,,-2.20485642898,,,-0.621208022713,,-2.15917031975,,,,,-2.96964537611,,,,-0.274952441994,-2.17628395816,,,,-0.261812675328,,-1.61488974091,-2.27713798479
HIPC01,"SNRPD2",ENSG00000125743,9.793903,-1.04499023605,-1.08323013783,0.148375479708,,-0.35300774488903724,,,,-1.62473503347,,,,,,,,,,,,,,,,,,-2.06137303752,,,-0.466056476344,,-1.15939498052,,,,,-2.08852573776,,,,-0.673155988191,-1.37605654316,,,,-0.342915930655,,-0.85197341187,-1.28841381053
HIPC02F,"SNRPD2",ENSG00000125743,5.960031,-1.33175817354,,-0.740098562145,,-0.7698701436796948,,,,-2.19190080842,,,,,,,,,,,,,,,,,,-2.00053883823,,,-0.493421837612,,-1.94479806848,,,,,-2.62472811754,,,,-0.163120269579,-1.96044213162,,,,-0.196913803981,,-1.38780170848,-2.05367731854
HIPC02,"SNRPD2",ENSG00000125743,8.488424,-0.989971713788,-1.05357074738,0.19359289563,,-0.2207134320352296,,,,-1.31968352372,,,,,,,,,,,,,,,,,,-1.93124314356,,,-0.430128548918,,-1.08915979884,,,,,-1.946003988,,,,-0.644494592065,-1.3152467799,,,,-0.264755117833,,-0.773159061548,-1.20634574615
LEAN06B,"SNRPD2",ENSG00000125743,10.815649,-0.125052205253,-0.252801120281,0.743893377757,,0.46169027169786486,,,,-0.528718684373,,,,,,,,,,,,,,,,,,-1.39363735746,,,1.13133480602,,-0.468671529366,,,,,-1.20722121884,,,,0.2370762289,-0.456170858904,,,,1.13859034855,,-0.971815640315,-0.603590040173
LEAN06F,"SNRPD2",ENSG00000125743,6.287999,-0.655000583216,-0.991369664669,0.466108165463,,0.3648477248489786,,,,-1.11042368407,,,,,,,,,,,,,,,,,,-1.26416539233,,,0.269304146719,,-0.785219033706,,,,,-1.42680513941,,,,0.192917616322,-0.777265145457,,,,0.702866625025,,-1.1293933001,-0.863931444687
LEAN06,"SNRPD2",ENSG00000125743,11.121547,0.284831635275,0.29635065794,0.773121861321,,0.3880395599374206,,,,-0.0189884606637,,,,,,,,,,,,,,,,,,-1.26190065382,,,1.49675104869,,-0.161401034644,,,,,-0.756812724026,,,,0.211970904973,-0.156108046817,,,,1.2545473942,,-0.698947350774,-0.31001866937
OBES01,"SNRPD2",ENSG00000125743,7.772679,-0.358080777373,,0.926669004101,,-0.6808651354829478,,,,-2.30099752854,,,,,,,,,,,,,,,,,,-2.92316751629,,,1.15794370374,,-1.77393680585,,,,,-1.60668170651,,,,-0.88627726096,-1.50152278348,,,,0.678307537184,,-1.30668683487,-1.6608920729
OBES02,"SNRPD2",ENSG00000125743,6.701016,-0.653840507341,,0.715354709555,,0.36848801780951435,,,,-1.27952572758,,,,,,,,,,,,,,,,,,-1.84780085124,,,1.19066194694,,-1.23047937057,,,,,-0.906696257163,,,,-1.20363285507,-0.666132429383,,,,0.0248612848644,,-1.02262241674,-1.04862101063
OSTE04,"SNRPD2",ENSG00000125743,6.866908,2.0209572686,2.15765404701,1.05945792521,,1.7867850409725259,,,,2.28766977517,,,,,,,,,,,,,,,,,,2.60912773944,,,0.852254792355,,2.75658293409,,,,,2.27371818839,,,,1.71366215477,2.74567001429,,,,1.08630211079,,2.33580887958,2.78904608953
OVER01,"SNRPD2",ENSG00000125743,5.722001,-0.0825034357879,,0.460444177907,,-0.10915223180751502,,,,-2.29389916399,,,,,,,,,,,,,,,,,,-2.44345100993,,,1.41509361701,,-1.51183605904,,,,,-2.26489232045,,,,-1.0824122154,-0.903848297956,,,,-0.338296382569,,-1.50941738533,-1.29551900454
WAIS01F,"SNRPD2",ENSG00000125743,10.143223,-1.0468276329,,-1.39860666155,,-0.6450341801668954,,,,-3.65453679804,,,,,,,,,,,,,,,,,,-2.77505097652,,,-0.35637469884,,-2.86354076869,,,,,-3.3774290542,,,,-0.633572114663,-2.45044307664,,,,-1.40534220227,,-1.80374379658,-2.70111085134
WAIS01M,"SNRPD2",ENSG00000125743,9.044413,-0.201174878779,,1.31301670226,,-0.014678697755914412,,,,-0.934231014738,,,,,,,,,,,,,,,,,,-2.45520250274,,,2.01436092893,,-1.12974705129,,,,,-1.25045613053,,,,0.0389804597734,-0.816495616656,,,,1.64978190612,,-1.03617527637,-1.09984132004
WAIS01,"SNRPD2",ENSG00000125743,15.044192,-1.41769641556,,-0.453679584591,,0.162281179588006,,,,-2.84874902785,,,,,,,,,,,,,,,,,,-3.52415691308,,,1.03446470223,,-2.72470584783,,,,,-3.42198778442,,,,-0.417613568952,-2.3538517781,,,,-0.904023159768,,-2.13145520748,-2.6366080908
WAIS02F,"SNRPD2",ENSG00000125743,8.525449,-1.08233259382,,-1.31375416255,,-0.6281142839717936,,,,-2.96696292501,,,,,,,,,,,,,,,,,,-2.78220060027,,,-0.26210587904,,-2.87320120031,,,,,-3.12374401295,,,,-0.626926604358,-2.46639066948,,,,-1.43121843504,,-1.79744685216,-2.71780028873
WAIS02M,"SNRPD2",ENSG00000125743,8.997273,-0.273758496869,,1.35772914248,,-0.014502589750189462,,,,-0.85220195017,,,,,,,,,,,,,,,,,,-2.46965849142,,,2.06701818076,,-1.18025730157,,,,,-1.31374717354,,,,0.0258816986986,-0.869715875701,,,,1.68356570275,,-1.11996717625,-1.15305955632
WAIS02,"SNRPD2",ENSG00000125743,16.167606,-1.47539075019,,-0.336379840559,,0.5432107216507005,,,,-2.23364371369,,,,,,,,,,,,,,,,,,-3.34300320125,,,1.1125089716,,-2.70962657573,,,,,-3.36390825124,,,,-0.383898197881,-2.31241482541,,,,-0.804429296606,,-2.03512574306,-2.62655545412
WHIP03M,"SNRPD2",ENSG00000125743,6.890421,-0.907571205496,,-0.410068319506,,,,,,-1.41163851799,,,,,,,,,,,,,,,,,,-3.43134680513,,,1.76392967276,,-2.59678080603,,,,,-2.18988998808,,,,-1.23341818856,-2.15626933737,,,,1.42672227315,,-2.37351634113,-2.41406089702
WHIP03,"SNRPD2",ENSG00000125743,9.882165,-2.26228610225,-2.58340859413,-1.72394500173,,-1.9018566341067114,,,,-3.09397740748,,,,,,,,,,,,,,,,,,-3.63162068317,,,-1.37889038804,,-3.08285615183,,,,,-3.18871197866,,,,-2.32719163033,-2.60337821572,,,,-1.89452155487,,-2.7807161904,-2.95388879737
WHIP04M,"SNRPD2",ENSG00000125743,6.760500,-1.02287411639,,-0.517440932852,,,,,,-1.56416846012,,,,,,,,,,,,,,,,,,-3.41746657997,,,1.65605511467,,-2.69033266408,,,,,-2.25861362362,,,,-1.32135861327,-2.2520715429,,,,1.45186936437,,-2.41718860258,-2.51071455715
WHIP04,"SNRPD2",ENSG00000125743,10.224819,-2.61193225505,-2.77881097794,-2.0152777076,,-2.0539902755126236,,,,-3.20292285015,,,,,,,,,,,,,,,,,,-3.81461696978,,,-1.58694722829,,-3.45578200298,,,,,-3.44281055012,,,,-2.55061874008,-2.89326009945,,,,-2.06686992801,,-3.08812209073,-3.36325330126
