code,target,ENSEMBL,association,Adipose_Subcutaneous,Adipose_Visceral_Omentum,Breast_Mammary_Tissue,Muscle_Skeletal,DGN_Whole_Blood,Whole_Blood,Artery_Aorta,Artery_Coronary,Artery_Tibial,Heart_Atrial_Appendage,Heart_Left_Ventricle,Spleen,Brain_Amygdala,Brain_Anterior_cingulate_cortex_BA24,Brain_Caudate_basal_ganglia,Brain_Nucleus_accumbens_basal_ganglia,Brain_Putamen_basal_ganglia,Brain_Cerebellar_Hemisphere,Brain_Cerebellum,Brain_Cortex,Brain_Frontal_Cortex_BA9,Brain_Hippocampus,Brain_Hypothalamus,Brain_Spinal_cord_cervical_c-1,Brain_Substantia_nigra,Nerve_Tibial,Cells_Transformed_fibroblasts,Cells_EBV-transformed_lymphocytes,Colon_Sigmoid,Colon_Transverse,Esophagus_Gastroesophageal_Junction,Esophagus_Mucosa,Esophagus_Muscularis,Liver,Minor_Salivary_Gland,Small_Intestine_Terminal_Ileum,Stomach,Adrenal_Gland,Pituitary,Pancreas,Thyroid,Lung,Ovary,Prostate,Testis,Uterus,Vagina,Skin_Not_Sun_Exposed_Suprapubic,Skin_Sun_Exposed_Lower_leg
APOL02,"ZNF101",ENSG00000181896,5.672641,,,,-1.77288859229,0.7306637322533845,,,,-0.495054587551,,,,,-0.762387549459,0.525804651305,-0.17753241005,,-0.414921079517,-2.42310319819,-0.521845331346,-1.24108798294,,,,,-0.397087417057,,,,,,,,,,,,,-0.617338174534,,,,-0.339351183749,,2.42339463483,,,,-1.39352672375
BLOO01,"ZNF101",ENSG00000181896,15.656650,,,,2.32882777802,-2.565336343984402,,,,3.40913612014,,,,,4.05983107076,4.2489479421,3.57508163575,,3.18123829094,5.24954135334,3.67682492909,4.83947495609,,,,,3.5417838977,,,,,,,,,,,,,3.35941247828,,,,2.52464534769,,1.76198339631,,,,0.887266838327
BLOO05,"ZNF101",ENSG00000181896,6.179687,,,,1.44617053626,-1.8528970060757888,,,,2.0780311117,,,,,1.98813625007,4.56329579115,2.34708680252,,0.770273082977,3.36792563606,1.32956038694,2.65805565523,,,,,2.47938892242,,,,,,,,,,,,,1.8959797705,,,,1.78425667382,,4.21191482611,,,,1.52766982773
BLOO08,"ZNF101",ENSG00000181896,9.185699,,,,2.59344108328,-4.361222436862864,,,,2.14371477802,,,,,1.89498633616,4.83113004203,2.01728145582,,1.90989244995,3.14690813572,2.1069391827,2.22526853909,,,,,2.29353927375,,,,,,,,,,,,,2.10235616268,,,,1.7630119883,,5.06071532107,,,,0.675990832654
BLOO14,"ZNF101",ENSG00000181896,9.463707,,,,2.25828124489,-3.45683194565674,,,,1.78689959883,,,,,1.78404767731,4.54425636,1.57877513163,,1.30142144931,2.21034670535,1.59024465636,1.76250242533,,,,,1.87164126741,,,,,,,,,,,,,1.73013511694,,,,1.57799012747,,5.48612215989,,,,0.564927796466
BLOO15,"ZNF101",ENSG00000181896,12.583859,,,,2.41848352563,-3.325013116936581,,,,1.94269794497,,,,,1.86490977113,5.06999220998,1.8432375819,,0.950511903693,2.16509518603,1.5163007249,1.78985271915,,,,,2.05358866348,,,,,,,,,,,,,1.8588667746,,,,1.55948100743,,6.3290259561,,,,0.787640835647
BLOO16,"ZNF101",ENSG00000181896,6.426954,,,,3.28067548135,-1.5879321352787665,,,,3.0184799706,,,,,2.83448357028,4.70673133449,3.07976908598,,1.08736754149,3.71891473125,2.84279960911,2.73179722794,,,,,3.02223278305,,,,,,,,,,,,,2.91535657496,,,,2.42768457276,,3.8687589734,,,,1.33917529522
BLOO19,"ZNF101",ENSG00000181896,9.136095,,,,-0.591013063368,-0.06063266160350815,,,,-1.34651481091,,,,,-0.846102488022,-4.07409093932,-1.78732000361,,1.06708735456,-1.54305087085,-0.135420137583,-1.808376476,,,,,-1.88508870704,,,,,,,,,,,,,-1.3185456406,,,,-1.26436628008,,-5.38375568917,,,,-1.80878866958
BLOO24,"ZNF101",ENSG00000181896,7.045555,,,,1.01092983222,0.13766908247579052,,,,1.37247789426,,,,,1.45359140534,2.7531671539,1.27135757625,,-0.634112294246,0.105904096796,0.690646469576,0.416286195323,,,,,1.43343471168,,,,,,,,,,,,,1.35482338118,,,,0.704891825147,,3.85579016097,,,,1.38333710573
BLOO28,"ZNF101",ENSG00000181896,7.467106,,,,0.307818458356,-0.6079631666706483,,,,1.09491213314,,,,,0.498111993796,3.61149753697,1.54421888107,,-0.89507113443,1.79523177938,-0.0471171721585,1.83665472626,,,,,1.64185170466,,,,,,,,,,,,,1.0000918867,,,,1.30700468808,,4.98660844149,,,,1.70453002607
BLOO31,"ZNF101",ENSG00000181896,6.495624,,,,-2.90387180397,0.9610312558364777,,,,-2.70876514138,,,,,-2.37277542449,-4.62739348656,-2.77177143743,,-0.405577407817,-2.95235438959,-2.13263877802,-2.19512792438,,,,,-2.66754240729,,,,,,,,,,,,,-2.59048360847,,,,-2.13437496743,,-4.739129055,,,,-1.47217299075
BLOO32,"ZNF101",ENSG00000181896,8.878736,,,,-1.65626867211,-0.07067219236030708,,,,-1.93750338895,,,,,-1.72286204971,-4.07466942111,-2.13224168761,,0.813545282014,-1.07543571356,-0.97045648931,-1.1839427642,,,,,-2.06646385568,,,,,,,,,,,,,-1.90899929581,,,,-1.41747236389,,-5.19400620156,,,,-1.84306636436
BLOO33,"ZNF101",ENSG00000181896,22.489013,,,,3.29178056717,-4.14817089728353,,,,4.08428320901,,,,,4.7001761828,5.25826854233,3.52493083987,,2.86119308298,6.45470597703,4.41430153015,5.99922756389,,,,,4.45562527609,,,,,,,,,,,,,4.04418750136,,,,2.78550188228,,2.51557081078,,,,0.442805514807
BLOO35,"ZNF101",ENSG00000181896,6.294624,,,,-2.85571601834,2.8297535046241844,,,,-1.22826270436,,,,,-1.31296779378,-3.58163416929,-1.10262100573,,-0.566603810008,-2.12502599238,-1.0269947077,-1.76214803568,,,,,-1.94877522424,,,,,,,,,,,,,-1.11487455381,,,,-0.874297057972,,-4.41513332795,,,,-0.128017162018
BODY03,"ZNF101",ENSG00000181896,6.835023,,,,-2.579562593,3.2769020623652287,,,,-2.54105818642,,,,,-2.93269903311,-3.17608065671,-1.88742267576,,-2.22633284052,-4.22219558985,-3.05806950999,-3.55977342048,,,,,-2.65953077213,,,,,,,,,,,,,-2.66336380202,,,,-2.04154114511,,-2.0614155089,,,,0.265563531506
BODY04,"ZNF101",ENSG00000181896,6.361291,,,,-3.03343401585,3.607865194697492,,,,-2.60616965843,,,,,-3.06636695492,-3.58542467012,-1.94048935571,,-2.28650430688,-4.26936173473,-3.2505943097,-3.71646373419,,,,,-2.72097264563,,,,,,,,,,,,,-2.77298442067,,,,-2.0791571962,,-2.35350740749,,,,0.319150557199
BODY08,"ZNF101",ENSG00000181896,6.123759,,,,-2.88457288603,3.903409524186039,,,,-2.78175609047,,,,,-3.12062000854,-4.39035465635,-2.35506046716,,-2.00183517932,-4.3062884153,-4.35028674452,-3.95141928881,,,,,-3.00256415308,,,,,,,,,,,,,-2.96115743081,,,,-1.73718355214,,-0.167880327274,,,,1.05065602793
CHOL06,"ZNF101",ENSG00000181896,8.241724,,,,-1.70596522044,2.0963489893843037,,,,-1.0430287198,,,,,-1.19408379091,0.94668115248,-1.07628426102,,-0.868074154531,-3.373720681,-0.890053735236,-1.53206455274,,,,,-0.468241495672,,,,,,,,,,,,,-1.03234341108,,,,-0.60608935627,,3.26914805392,,,,-1.57895955273
CHOL16,"ZNF101",ENSG00000181896,6.846338,,,,-1.4422051555,2.3173187061475495,,,,-1.05679457333,,,,,-1.15102924367,0.396683546299,-1.25765964247,,-0.896353560837,-2.61068677305,-0.812566358923,-1.22234000809,,,,,-0.480025337676,,,,,,,,,,,,,-1.04377474538,,,,-0.502250489483,,2.46459598973,,,,-1.12854673802
CHOL17,"ZNF101",ENSG00000181896,6.793606,,,,-2.31008257562,2.7662083160137834,,,,-1.94950537682,,,,,-1.98038062354,-0.502821295922,-1.7430194626,,-1.4781382696,-3.79085856075,-2.03259161327,-2.56637676248,,,,,-1.67069178758,,,,,,,,,,,,,-2.12123216087,,,,-1.21140933367,,2.13892083242,,,,-1.61268089837
CHOL21,"ZNF101",ENSG00000181896,25.595491,,,,-1.05128903098,2.0256769403507415,,,,-1.40666346733,,,,,-1.69306825004,0.592460891234,-1.37263717248,,-2.60626557065,-3.06115858671,-0.657962196211,-1.28968039897,,,,,-1.01889198865,,,,,,,,,,,,,-1.56468170316,,,,-0.809248105284,,1.13544355277,,,,-1.56000863287
CHOL27,"ZNF101",ENSG00000181896,14.580424,,,,-1.38969541074,1.7262657614618402,,,,-1.99303623474,,,,,-2.08855100727,0.0204132973528,-1.80657489134,,-2.21999949678,-2.90990502355,-1.42087358121,-1.87829417657,,,,,-1.79116563012,,,,,,,,,,,,,-2.23304085662,,,,-1.25389782614,,0.82728135954,,,,-1.55795069958
CHOL31,"ZNF101",ENSG00000181896,8.403403,,,,-1.73187222032,2.048907043866253,,,,-1.08576080593,,,,,-1.24350788344,0.724165330511,-1.14163750335,,-0.869597239276,-3.19293550398,-0.941911405549,-1.59865148658,,,,,-0.547163992049,,,,,,,,,,,,,-1.13747106953,,,,-0.584739631369,,2.98305547044,,,,-1.16574811233
CHOL33,"ZNF101",ENSG00000181896,6.611970,,,,-1.97104494829,2.2051891302325686,,,,-1.6159577113,,,,,-1.53257956583,0.201680347812,-1.36958934777,,-1.1728925363,-3.57331805129,-1.73513075571,-2.1874499867,,,,,-1.31239826332,,,,,,,,,,,,,-1.80115416137,,,,-0.975528843123,,2.50908849445,,,,-1.7371944585
FATT29,"ZNF101",ENSG00000181896,7.712086,,,,-1.3504759825,1.4337170425362713,,,,-1.16771783678,,,,,-1.36553602877,0.155115764909,-0.757141522236,,-1.14857389631,-2.73615394075,-0.828269650838,-1.02172280235,,,,,-0.932260611159,,,,,,,,,,,,,-1.23243438538,,,,-1.40846953277,,1.26283596069,,,,-2.10925157734
HEIG03,"ZNF101",ENSG00000181896,9.700275,,,,4.67634178859,-1.8724321462702098,,,,3.39339423578,,,,,3.27777138095,6.10107713931,3.64613513097,,1.09956925589,3.5151233279,4.01762897305,3.22808384113,,,,,2.8598465328,,,,,,,,,,,,,3.13733485295,,,,2.14564089791,,3.52345931327,,,,0.499143599049
LIPI10,"ZNF101",ENSG00000181896,7.786748,,,,-2.03514249033,2.7306867937119583,,,,-1.78142739194,,,,,-1.85767528075,-0.249484483262,-1.68864752405,,-1.15278032864,-3.59785380316,-1.74267236639,-2.22914483561,,,,,-1.45955798852,,,,,,,,,,,,,-1.84817130413,,,,-1.19310068144,,2.29087945771,,,,-1.84569053206
LIPI14,"ZNF101",ENSG00000181896,6.435701,,,,-1.2914332862,1.944826235068047,,,,-0.669498698859,,,,,-0.840486581804,0.583678345821,-0.894858498146,,-0.32259641613,-2.44114269863,-0.444249976678,-0.971710131115,,,,,-0.161795075927,,,,,,,,,,,,,-0.613533094465,,,,-0.265808145923,,2.68792798722,,,,-0.947471312533
LIPO11,"ZNF101",ENSG00000181896,5.672948,,,,-1.98644023397,2.726304135512648,,,,-1.70546960188,,,,,-1.81475390631,-0.32486202638,-1.68213432944,,-1.09898853782,-3.4876468897,-1.65026466903,-2.15966954177,,,,,-1.37245850108,,,,,,,,,,,,,-1.75285726149,,,,-1.16000483556,,2.18758162336,,,,-1.72915549529
PHLI10,"ZNF101",ENSG00000181896,8.182937,,,,-1.42399379603,2.3310769744838287,,,,-1.04334782481,,,,,-1.19789396814,0.23518472607,-1.19689974638,,-0.777560489177,-2.56096947646,-0.739942645401,-1.1590732396,,,,,-0.485204003494,,,,,,,,,,,,,-1.00999574398,,,,-0.62991396226,,2.38921023713,,,,-1.26142247047
PHLI11,"ZNF101",ENSG00000181896,5.737454,,,,-1.94180655655,2.5842862001763853,,,,-1.52197941694,,,,,-1.60280705334,-0.179365416135,-1.45145537853,,-1.07242161472,-3.41775149879,-1.55385966653,-2.07412294686,,,,,-1.18809122212,,,,,,,,,,,,,-1.65470080643,,,,-0.904288044007,,2.37169266686,,,,-1.56613866449
SCHI01,"ZNF101",ENSG00000181896,5.859869,,,,2.5338410252,0.6446277592824934,,,,1.14730491364,,,,,1.13876479903,3.71852355103,1.38486461355,,1.01022336227,1.88568054309,0.798052636804,1.56951551981,,,,,1.22507387871,,,,,,,,,,,,,0.728446040358,,,,1.25085501613,,4.42979816574,,,,-0.456860056177
TRGL01,"ZNF101",ENSG00000181896,6.306053,,,,-1.88345182288,2.405304291270058,,,,-0.930360730495,,,,,-1.24883902262,0.156352461611,-1.01794069312,,-0.619355984098,-2.74952317511,-0.725788764765,-1.53888940869,,,,,-0.668372691376,,,,,,,,,,,,,-0.936360062308,,,,-0.797030234996,,2.08275338928,,,,-1.27298868908
TRGL03,"ZNF101",ENSG00000181896,16.108173,,,,0.0994874502699,1.845913281578234,,,,-1.14600995254,,,,,-1.99899418841,-0.0527644797132,-0.899809950181,,-2.96447114774,-2.40716010198,-1.19951433905,-2.25468832303,,,,,-1.34751061985,,,,,,,,,,,,,-1.4516599255,,,,-1.05117266628,,0.964216319613,,,,0.155120338559
