code,target,ENSEMBL,association,Adipose_Subcutaneous,Adipose_Visceral_Omentum,Breast_Mammary_Tissue,Muscle_Skeletal,DGN_Whole_Blood,Whole_Blood,Artery_Aorta,Artery_Coronary,Artery_Tibial,Heart_Atrial_Appendage,Heart_Left_Ventricle,Spleen,Brain_Amygdala,Brain_Anterior_cingulate_cortex_BA24,Brain_Caudate_basal_ganglia,Brain_Nucleus_accumbens_basal_ganglia,Brain_Putamen_basal_ganglia,Brain_Cerebellar_Hemisphere,Brain_Cerebellum,Brain_Cortex,Brain_Frontal_Cortex_BA9,Brain_Hippocampus,Brain_Hypothalamus,Brain_Spinal_cord_cervical_c-1,Brain_Substantia_nigra,Nerve_Tibial,Cells_Transformed_fibroblasts,Cells_EBV-transformed_lymphocytes,Colon_Sigmoid,Colon_Transverse,Esophagus_Gastroesophageal_Junction,Esophagus_Mucosa,Esophagus_Muscularis,Liver,Minor_Salivary_Gland,Small_Intestine_Terminal_Ileum,Stomach,Adrenal_Gland,Pituitary,Pancreas,Thyroid,Lung,Ovary,Prostate,Testis,Uterus,Vagina,Skin_Not_Sun_Exposed_Suprapubic,Skin_Sun_Exposed_Lower_leg
ANOR02,"CCDC36",ENSG00000173421,15.250318,-5.63192745486,-5.17844210378,,-6.75285689739,-6.573437817142163,,-6.03638208838,-4.85752296518,-4.73100825636,-5.46499289778,-2.55212096204,-4.80227207757,,,,,,,,,-4.55091245089,-1.69325345694,,,-3.86752738351,-5.04772877409,-4.55737752519,,-5.95096359594,-4.73983297506,-4.40457604088,-5.98319744475,-5.50667519242,,,-4.56113820153,-3.57650724745,,-0.0194669987454,,,-6.33720773043,,-5.26538419114,7.52298352949,,,,
ANOR05,"CCDC36",ENSG00000173421,11.500753,-5.04714573899,-4.68288648537,,-5.71390765434,-6.276718275812484,,-5.5805062677,-4.32774148302,-4.22679714367,-4.8626121687,-1.93655877459,-4.85997175988,,,,,,,,,-4.76973018748,-1.30983779373,,,-3.69129910113,-4.50836951669,-4.48552148118,,-5.4122081046,-4.20537762606,-4.02996060355,-5.7299595764,-5.00838037859,,,-4.03645609062,-2.1472927587,,0.302159417408,,,-5.71601077731,,-4.02758704944,7.25024924435,,,,
BFPC02B,"CCDC36",ENSG00000173421,4.228582,3.55374765599,3.14057899961,,4.50487626605,2.429929303524133,,3.54074442073,2.92636823,3.47654286673,2.90106017648,0.75964494046,3.89629709242,,,,,,,,,2.09050207033,1.50447145765,,,2.01193539879,3.12067828625,3.34873560544,,3.70472475481,2.49092193972,2.2529890648,3.82230308379,2.99663936242,,,2.63329351429,3.35850903195,,0.610575448606,,,4.65050471282,,2.75099321084,-5.08483658401,,,,
BFPC02,"CCDC36",ENSG00000173421,4.005041,3.52031974037,3.11769965056,,4.35199097206,2.315982570265637,,3.46794198886,2.91816021651,3.44613713505,2.94499362625,0.734349026145,3.9198650962,,,,,,,,,2.04731193866,1.50052319237,,,2.16789379964,3.09342880082,3.23867922946,,3.69983699176,2.4537890379,2.25278349366,3.682996141,2.94955759172,,,2.62963999004,3.18614805229,,0.75479699334,,,4.5359221242,,2.66961722588,-4.86321536165,,,,
BFPC03B,"CCDC36",ENSG00000173421,4.284297,3.58974577968,3.15809689988,,4.57476045508,2.468209493948166,,3.54513654985,2.9105498716,3.55028114135,2.92679784498,0.749426155006,3.90922664569,,,,,,,,,2.12749584442,1.65771807345,,,2.05053469724,3.14588955749,3.44987259143,,3.72304984709,2.5297083626,2.32136471625,3.84551438949,3.02501665112,,,2.63618707266,3.32920468629,,0.621648188279,,,4.66362726673,,2.77057988965,-5.12205087227,,,,
BFPC03,"CCDC36",ENSG00000173421,4.141511,3.56557068686,3.14153995708,,4.43505578635,2.363008819419836,,3.47678403326,2.90116539038,3.53457493279,2.98155931734,0.727263084134,3.93550978514,,,,,,,,,2.09175684155,1.69344196311,,,2.21090644305,3.12503292076,3.36019970593,,3.72523732425,2.50698843855,2.33484871343,3.70102136191,2.98533106589,,,2.6360647417,3.14476997908,,0.773319020529,,,4.5462278536,,2.70839769969,-4.89240031468,,,,
BFPC04B,"CCDC36",ENSG00000173421,5.877325,4.35929229312,3.54211798,,4.56349849726,2.481008842657773,,4.06403350126,3.30022571685,4.59063634062,3.32891315773,0.6110548215,4.60862028415,,,,,,,,,2.71168162139,2.70010143857,,,2.77492293425,3.57952501372,4.79448080835,,4.71862045976,3.00553343558,3.29252578956,5.43092990894,3.45607592312,,,2.74100979798,5.09482523625,,0.0141927384184,,,5.56572350182,,2.41698409871,-5.35692845035,,,,
BFPC04M,"CCDC36",ENSG00000173421,4.250140,3.63467201485,3.00730463365,,4.46452189102,1.6569914976827316,,3.37594814301,2.87300378006,3.87150815064,2.76989968215,0.876372579012,3.7812413818,,,,,,,,,2.47216122251,2.55501771211,,,2.33168301509,3.0544889352,4.35401253679,,3.74586018232,3.13069366731,3.05101230114,4.69858166659,3.0576589175,,,2.34965496003,4.20039596017,,0.269573516006,,,4.79654560369,,2.37480984289,-4.59414935966,,,,
BFPC04,"CCDC36",ENSG00000173421,6.331679,4.37256038205,3.57435515648,,4.35122431158,2.5621323213633147,,4.08711622467,3.30057131424,4.57757469527,3.37570598775,0.606950938582,4.66265298067,,,,,,,,,2.69005195466,2.63888817376,,,2.73066968719,3.60099107026,4.62824615688,,4.78107486807,2.89054407468,3.26238773679,5.31814220562,3.45238823533,,,2.785633376,5.00306719553,,0.0487872167994,,,5.46456811838,,2.34112950691,-5.22992195449,,,,
BLOO04,"CCDC36",ENSG00000173421,27.455461,1.47735131432,0.0753989681461,,1.88332143821,4.521824914001014,,3.64570769124,0.715081954282,0.843299814207,2.00193561581,-5.305661236,-1.16974794167,,,,,,,,,1.14475354217,-11.9687838469,,,2.58260337484,1.3073141216,-0.961302359227,,2.28776460313,-2.56714403372,-0.97074608726,7.67763459946,0.894407527115,,,1.14976099287,4.90764210274,,-5.54873613341,,,1.59847575953,,1.8698375974,-8.32255486434,,,,
BLOO07,"CCDC36",ENSG00000173421,7.571849,4.02322384776,4.97075873614,,3.62200225169,3.1053513860308994,,4.47431316243,3.74028523168,4.70820394741,4.85428697129,3.76939019122,5.55695013298,,,,,,,,,4.50429247203,5.47143999054,,,1.70716249089,4.2586535974,3.25162102394,,4.55486585248,4.01201013665,4.42755597199,3.18558485395,4.63215616644,,,4.30441736582,1.23245089714,,4.07546445614,,,3.43653868133,,2.78106606505,-1.17389009384,,,,
BLOO16,"CCDC36",ENSG00000173421,7.556627,4.17854442443,5.19269202221,,4.41974847733,3.804654533294557,,4.74956653475,3.89943176918,4.92448300144,5.2570591418,3.13968221797,5.83806657917,,,,,,,,,4.65812259777,5.2391113883,,,2.15785528773,4.41759866522,3.5619658338,,4.85885501818,4.20211307516,4.53343499311,3.85682940313,4.79046720257,,,4.52008770739,1.14674432805,,4.15645980712,,,3.68855135019,,3.16020081774,-1.60915220805,,,,
BLOO17,"CCDC36",ENSG00000173421,8.207833,3.90965336902,4.95887150297,,3.50734427505,3.376073424530135,,4.29130886056,3.84222513881,4.4169531784,4.42048996121,3.96433220978,5.43716899394,,,,,,,,,4.3131193225,5.31678403451,,,1.07239742857,4.2674922145,2.56473919663,,4.29274754227,3.9302809915,4.44417863071,2.49566714189,4.66790174041,,,4.43553347786,1.31913853383,,4.4206084908,,,3.20466656796,,2.63197958564,-0.540905799639,,,,
BLOO18,"CCDC36",ENSG00000173421,6.245392,3.33832302504,4.40413481319,,3.06774147857,3.1676883971291545,,3.73618812235,3.36590067516,3.88121443015,3.79054061849,3.40231341865,5.01691731899,,,,,,,,,3.80762061375,5.04173962928,,,0.920369530598,3.73508813658,2.14772397656,,3.62001396971,3.21676499731,3.84210733961,1.92290770586,4.0960932031,,,3.83240684604,1.03092292283,,3.96451991451,,,2.84604291264,,2.01482133801,-0.26971524121,,,,
BLOO21,"CCDC36",ENSG00000173421,25.492535,2.30772152849,0.244956417313,,-0.074597618932,4.592869450164083,,3.94043098839,1.20602066437,1.5452991687,2.46982301581,-4.66039461865,-1.79547623152,,,,,,,,,1.31797151768,-12.7565602483,,,1.93058843528,1.90949556996,-0.702522385923,,2.89788079541,-1.91099120834,-0.766812305956,8.81168312455,1.17226598983,,,1.53628861488,6.57274055077,,-5.66969244812,,,2.38123895228,,2.63412658037,-8.86690525732,,,,
BLOO22,"CCDC36",ENSG00000173421,24.737407,2.29393033983,0.419406048731,,-0.196078307865,4.519839394835754,,4.0659609881,1.3282797386,1.61837181531,2.56257836574,-4.40597802294,-1.67680880959,,,,,,,,,1.39599345501,-12.4669852689,,,1.97003632507,2.03129067547,-1.05523324107,,2.92127235199,-1.87653442925,-0.573719070864,8.62910269823,1.31247800168,,,1.70919255398,6.70507682145,,-5.268554719,,,2.33483210117,,2.409327897,-8.51090684365,,,,
BLOO23,"CCDC36",ENSG00000173421,11.927125,2.37425494596,0.516128970024,,-0.38483518154,2.8068079634206478,,3.17194215165,1.51416759899,1.97712536973,2.28829176914,-2.54829164434,-1.75076610252,,,,,,,,,1.17268485716,-9.08982022548,,,1.3748753224,2.14035287312,-0.828288401424,,2.60235743883,-0.565342646602,0.14083943999,7.10341305361,1.24683892676,,,1.73295714041,4.92979475624,,-3.14542509564,,,2.37441795061,,2.30056796304,-5.83502977987,,,,
BLOO26,"CCDC36",ENSG00000173421,14.064367,-2.92617491493,-3.28978774007,,0.245087767351,0.8322109268286854,,-1.97117432844,-3.49475044997,-3.15120550403,-2.68232498425,-4.46430573557,-1.72423890661,,,,,,,,,-1.22367182095,-3.63173326571,,,-0.63137338275,-3.36912562052,1.86044640598,,-2.07345665868,-2.90484581163,-2.68384525037,-0.481301969536,-2.68190192866,,,-3.6512553017,-2.81385681803,,-6.50602575746,,,-1.99512308854,,-1.38273252192,-3.63419065549,,,,
BLOO27,"CCDC36",ENSG00000173421,12.986826,-2.75562338227,-3.03071753563,,0.402164243706,0.52700366229806,,-1.79963364013,-3.14567799241,-2.66387686149,-2.39466026974,-4.49723604743,-1.70724319653,,,,,,,,,-1.07365328644,-3.96371076401,,,-0.653622593007,-3.05953992686,2.01690264761,,-1.61472785918,-2.72851884508,-2.4434527385,-0.0192212867033,-2.44444327307,,,-3.29744743782,-2.45108041788,,-6.19786780005,,,-1.67592997098,,-1.08417118935,-3.98826652833,,,,
BLOO31,"CCDC36",ENSG00000173421,7.183739,-3.71368140652,-4.81045385294,,-3.44248414872,-3.624966510601255,,-4.163705414,-3.70959758617,-4.29071853994,-4.27078579564,-3.31590592506,-5.47169889799,,,,,,,,,-4.19621987623,-4.87989928627,,,-1.09162050359,-4.09767962711,-2.52332472819,,-4.20488046522,-3.64268621016,-4.23659647693,-2.54910778821,-4.50987071366,,,-4.29407688945,-0.877134222651,,-4.17407889624,,,-3.25120839784,,-2.52219005254,0.664007014121,,,,
BLOO35,"CCDC36",ENSG00000173421,8.861255,3.78289862583,3.65824510159,,4.32813371251,3.0484069953771713,,3.47570867293,2.94864385498,3.45149875122,3.56938321075,1.69812669065,3.52089143437,,,,,,,,,2.29684994183,2.07061945889,,,1.45041074525,3.19933371629,2.69169006606,,4.97877480571,3.82355801412,3.97305397041,2.79948192632,3.42283717236,,,3.36725948987,0.489212984548,,1.79923151593,,,4.02915968976,,2.58123065809,-3.01170836231,,,,
BLOO36,"CCDC36",ENSG00000173421,28.548382,1.44225756762,-0.220542406253,,-0.123279412395,4.613463080399979,,3.46554486451,0.481120724211,0.706901360928,1.84715900218,-5.38903068366,-1.73533072343,,,,,,,,,1.06112889026,-12.8692679794,,,1.85944197466,1.10715351617,-0.877610232341,,2.23791416195,-2.68160339329,-1.28926173705,7.99789000749,0.671713379168,,,0.861949456735,6.05617891248,,-6.26973894003,,,1.63129608467,,1.85191081562,-8.95395818697,,,,
BODY08B,"CCDC36",ENSG00000173421,4.780887,1.43099761142,-0.195042804747,,1.36105014317,-0.3523912689705248,,0.51330060741,-0.212911960527,1.99609885295,-0.273280464103,-2.29863746308,0.989423577857,,,,,,,,,0.135726856044,1.17826595797,,,2.25366363748,0.440712821956,3.24732842063,,0.970273741187,-0.366032994271,0.268066161658,3.78543419643,0.227578975666,,,-0.751103310431,4.95585745581,,-3.31551121245,,,2.64102311389,,0.107609548123,-3.73974201361,,,,
BODY08,"CCDC36",ENSG00000173421,5.332753,1.4156533055,-0.199556220597,,1.24305539525,-0.23588801933117698,,0.554041558454,-0.257414253435,1.89460545311,-0.25267368859,-2.42859656104,1.03942899261,,,,,,,,,0.0684078245341,0.93968019071,,,2.08925750727,0.415127496848,3.11894192056,,1.07039130125,-0.503060538557,0.165612909535,3.71216259048,0.18456183722,,,-0.755895634394,4.99014852507,,-3.4543564464,,,2.55586157009,,0.0102685652132,-3.85351107233,,,,
CROH01,"CCDC36",ENSG00000173421,5.355059,-3.63104650667,-3.0249495541,,-3.41821829569,-4.08069473783054,,-3.94255930684,-2.7323729833,-3.96371107261,-3.52391215543,-1.11772379726,-3.19750138518,,,,,,,,,-3.66007237845,-1.24761013536,,,-3.49897341566,-2.94312550685,-4.00507671022,,-3.93969844312,-1.45576668743,-3.94758232173,-5.03669738256,-3.32770143499,,,-2.7317959542,-3.9551573022,,-0.192795033852,,,-3.96693627802,,-2.36651083525,4.18685572762,,,,
EDUC01F,"CCDC36",ENSG00000173421,5.620042,-0.846706765406,0.0601938082883,,-2.61175494968,-2.8677826241347746,,-0.82837026633,0.332387589546,-1.17686904544,-0.382979067539,1.5754244127,-0.771700942498,,,,,,,,,-0.94721778539,0.0782686744317,,,-1.04757138386,0.206152387946,-3.9933784004,,-1.22819658729,0.510619429108,-0.887540393993,-2.25601862887,-0.261203512286,,,0.413479174298,-2.19657802276,,2.39723704902,,,-2.06206847673,,0.119877938225,3.97550649891,,,,
EDUC01M,"CCDC36",ENSG00000173421,6.202110,0.152864445353,0.852493796447,,-2.87517082343,-1.881058454185813,,-0.26094260903,1.4286551289,0.414834603193,1.00915232707,3.06391471487,-1.199850991,,,,,,,,,-0.141030844476,0.510009122184,,,-1.34547910421,1.10267441872,-3.74844061425,,0.603009037686,2.09555736796,0.939687755683,-1.65019770619,0.559010208521,,,1.69605754147,0.267136529709,,4.34160630278,,,-1.33876143684,,0.890949138185,4.80358339681,,,,
EDUC01,"CCDC36",ENSG00000173421,9.021345,-0.407530138164,0.691107104221,,-3.52130296064,-3.268249356970423,,-0.661554530598,1.29631120013,-0.527909991709,0.481488931789,3.11295754728,-1.2022713086,,,,,,,,,-0.796483043634,0.390094140924,,,-1.55203615473,0.957807827867,-5.30660964477,,-0.365544253272,1.77900998797,-0.0227127461158,-2.63165720617,0.262778862773,,,1.50818194885,-1.16400630298,,4.62603114438,,,-2.21286957258,,0.759900080768,5.89729636136,,,,
EDUC02,"CCDC36",ENSG00000173421,6.382203,-0.501787981661,-0.139967786807,,-2.63368103704,-3.626307389590986,,-1.03581105763,0.587746440587,-0.775992911378,-0.194587064138,1.46864534873,-1.18751817846,,,,,,,,,-1.50867020696,-0.104557362913,,,-2.20065932489,0.442761988191,-3.92025335048,,-0.873232417829,0.625019037088,-1.2303569847,-2.15556023429,-0.549935099004,,,0.418553208956,-1.84418712197,,3.2729270159,,,-1.97588375761,,0.0713392975636,4.31596206143,,,,
EDUC03,"CCDC36",ENSG00000173421,19.884523,0.0219252412285,1.94756256511,,-4.01010150064,-4.500432907880093,,0.0566432199269,2.35678155907,-0.101591332909,1.12399759495,5.1557521325,-0.769823627852,,,,,,,,,0.524715711766,0.390996935844,,,-2.91435279195,2.23918684449,-5.96628118907,,-0.81239323728,3.50255669548,0.500653411677,-2.89777847019,1.47645901557,,,3.04260138057,-2.2253623994,,6.86492985838,,,-2.57354989597,,0.963711088013,7.5444346512,,,,
FATM02B,"CCDC36",ENSG00000173421,3.062984,3.16414146063,2.40212108932,,4.18959790699,2.079073928935774,,2.88533296699,2.13186450702,2.83842430586,2.42468355267,-0.0620097537386,3.26677743239,,,,,,,,,1.33520212037,1.19670102088,,,1.94730218335,2.42803527529,2.82713466315,,3.15071225881,1.56911032929,1.56432216192,3.72342286186,2.25451507744,,,1.84938419432,2.52820617144,,0.0945680811318,,,3.8788976355,,2.55587512107,-4.73993145113,,,,
FATM03B,"CCDC36",ENSG00000173421,2.839022,3.16981508766,2.39432230974,,4.21312189262,2.0686361075123827,,2.85678656457,2.10163864572,2.89246475893,2.41688239237,-0.082706582371,3.23228679777,,,,,,,,,1.36708188327,1.32835856383,,,1.96751628831,2.43207295646,2.86972551668,,3.14203922889,1.58791436436,1.61566641002,3.72163019342,2.2621396367,,,1.83017476722,2.46837897809,,0.0940504970824,,,3.86654226506,,2.54921937961,-4.75361552545,,,,
FATM04B,"CCDC36",ENSG00000173421,3.638915,3.42962298272,2.33010013719,,3.93193902414,1.590872209080192,,2.7638063111,2.04331433496,3.6062381786,2.4458854677,-0.328257997356,3.46427695583,,,,,,,,,1.481625373,2.63589670126,,,2.99516746013,2.4586160594,4.15011294416,,3.49714920363,1.65009849531,2.13767785356,4.77047769925,2.24910460989,,,1.47629363282,4.65082317339,,-0.525417420873,,,4.3437426958,,1.87306727652,-4.51284124432,,,,
INFB01,"CCDC36",ENSG00000173421,9.837495,-1.48394934726,-1.70253491795,,-3.62648378246,-5.12010989348923,,-2.79993120317,-0.728048231144,-2.47093576359,-2.3209088191,0.919134758831,-2.41191157191,,,,,,,,,-3.02070270453,0.869346122903,,,-2.75474289765,-1.11026099719,-3.53977295257,,-2.73055733177,-0.292987396788,-2.33231192006,-4.43960829274,-2.10992764304,,,-1.33847608475,-2.47418098077,,2.03968132706,,,-2.80774517626,,-1.28235360157,6.27573300839,,,,
LONG03,"CCDC36",ENSG00000173421,5.848753,2.0461104553,2.5278572704,,0.619968678224,0.24728063376150874,,1.70014596662,2.12945306979,1.86683820447,2.00914485045,3.38749314614,2.46841550288,,,,,,,,,1.01877756648,2.85026697932,,,0.505282278306,2.46144318049,0.787809192954,,1.43988804941,2.62497986354,2.42581661813,-0.362456058482,2.29878651266,,,2.91398635727,2.00516386303,,4.90702626234,,,1.69380362,,1.99824736887,2.27051593121,,,,
MENA01F,"CCDC36",ENSG00000173421,10.039329,-2.00114514961,-2.50343769638,,0.855791251604,2.149796658227236,,-2.78596541114,-3.43979563306,-3.08633887637,-1.75453565003,-4.78755234664,-0.865809610074,,,,,,,,,-2.17662325671,-2.01492927733,,,0.351219788467,-3.2309204204,-0.115509358513,,-2.17584114965,-3.13711097822,-2.72220515929,0.386648435113,-2.52970611672,,,-3.85847343299,0.00355227115444,,-5.2111310516,,,-1.67044214021,,-0.647766001942,-3.19461046495,,,,
MENA02F,"CCDC36",ENSG00000173421,19.351269,-3.82593288543,-4.60387786678,,1.48440960949,1.6947331489083182,,-3.45613516364,-5.47499881259,-4.27924388628,-2.96827981728,-6.75703673198,-2.47902419283,,,,,,,,,-3.10804650046,-2.97448616295,,,-0.808015799485,-5.59367297699,1.90844866215,,-2.29584938239,-5.37569004662,-4.7624213667,-0.599954437109,-4.77041140158,,,-5.90460997201,-3.42093070088,,-7.19497826188,,,-3.48086048264,,-1.93698192501,-3.12851181269,,,,
OSTE04,"CCDC36",ENSG00000173421,8.849889,5.76779547889,5.64266911816,,4.28680520715,2.0093337126759696,,5.26290079995,5.29056995226,6.35975660648,4.89410830238,3.9154362,5.48223074248,,,,,,,,,4.1968517678,5.00831108107,,,3.80059032403,5.95813248678,4.49279673385,,5.18095819329,4.4428672788,4.90744069602,5.33586200796,5.46288221503,,,5.42607911788,3.2547487822,,4.20904081662,,,5.51120814082,,3.6584656657,-1.98384775136,,,,
PRSC01,"CCDC36",ENSG00000173421,8.883990,1.83729807892,1.83551619459,,0.0481550129487,-0.7586391068649904,,0.544900222561,1.83267896642,1.69480951798,0.415399618813,3.86825980103,1.02839127734,,,,,,,,,0.448303919865,5.22147062778,,,-2.32545188343,1.79712415787,-2.15288806125,,0.702612896113,2.67760897206,1.09805640562,-2.97769920216,1.14123303959,,,2.15387189794,-1.27735421365,,4.85341067431,,,0.586907368438,,-0.862505108583,3.3434373422,,,,
SCHI01,"CCDC36",ENSG00000173421,1.711237,-3.49317700123,-2.43580940114,,-3.06139481303,-2.4119257697139678,,-2.77562402678,-2.60548794262,-3.15459313129,-2.14875242607,-2.37414936857,-2.34980319484,,,,,,,,,-1.88781647379,-2.26728331051,,,-2.79856472587,-2.70131579365,-2.00771729423,,-2.65314926834,-1.67052840404,-2.62029486766,-3.07953424928,-2.62975484785,,,-2.21732855446,-5.60843224277,,-0.989475884491,,,-3.38042825883,,-2.3937080516,2.91900206209,,,,
SCHI02F,"CCDC36",ENSG00000173421,3.180351,-3.6842012585,-2.69022394643,,-4.51862694217,-3.7320593607249006,,-3.10575921251,-2.5188104915,-3.07003524209,-2.47781942317,-1.69705280671,-2.59871091119,,,,,,,,,-2.18528345619,-1.95731260648,,,-3.40580828643,-2.68895854954,-3.31595244385,,-2.99921456069,-2.38803013149,-2.52269724781,-3.6264440333,-2.93330778384,,,-2.44209157623,-4.77226656847,,-0.263567972999,,,-3.90490958512,,-2.64161658983,4.18433383334,,,,
SCHI02,"CCDC36",ENSG00000173421,1.729158,-3.39042424741,-2.43571748334,,-2.94652564603,-2.4329842630781258,,-2.8355262977,-2.62729749934,-2.96328614286,-2.17432913743,-2.1303023361,-2.4445626182,,,,,,,,,-1.86116522722,-1.85130908573,,,-2.57801829963,-2.69315351952,-2.05911182148,,-2.37147995249,-1.66609095521,-2.35918072531,-3.01957201526,-2.63517028688,,,-2.22143162587,-4.9890668516,,-0.933597330355,,,-3.42568031278,,-1.75096427782,2.95829329517,,,,
TIRE01,"CCDC36",ENSG00000173421,5.789762,-2.80163603645,-3.28821262954,,-1.10446103933,-1.2551503828032033,,-2.83895248591,-3.3349587549,-3.56398233774,-2.97845876988,-3.44457867662,-2.84260556004,,,,,,,,,-2.67262357252,-2.63528797476,,,-1.1301933173,-3.66817669994,-0.636336291924,,-2.48537995791,-3.19600367113,-3.23668806229,-1.55464830367,-3.29521299945,,,-3.6527347218,-2.67094473729,,-4.02948686606,,,-2.83500663055,,-1.73090250762,-0.649622279247,,,,
ULCC01,"CCDC36",ENSG00000173421,6.665305,0.474349021066,-0.0547115223572,,-2.77985486304,-4.121983487021023,,-1.02477194563,0.9430817762,-0.0188508336266,-0.55747357716,1.95417818253,-0.768108961185,,,,,,,,,-1.29259773934,1.92401558307,,,-1.42606189877,0.535796999307,-2.19148137275,,-0.874776222432,0.745929591546,-0.106999571102,-1.60424448108,-0.348409564471,,,0.334941048268,-0.972795842131,,3.17820035914,,,-1.13273780387,,-0.111198684852,5.69417601428,,,,
