code,target,ENSEMBL,association,Adipose_Subcutaneous,Adipose_Visceral_Omentum,Breast_Mammary_Tissue,Muscle_Skeletal,DGN_Whole_Blood,Whole_Blood,Artery_Aorta,Artery_Coronary,Artery_Tibial,Heart_Atrial_Appendage,Heart_Left_Ventricle,Spleen,Brain_Amygdala,Brain_Anterior_cingulate_cortex_BA24,Brain_Caudate_basal_ganglia,Brain_Nucleus_accumbens_basal_ganglia,Brain_Putamen_basal_ganglia,Brain_Cerebellar_Hemisphere,Brain_Cerebellum,Brain_Cortex,Brain_Frontal_Cortex_BA9,Brain_Hippocampus,Brain_Hypothalamus,Brain_Spinal_cord_cervical_c-1,Brain_Substantia_nigra,Nerve_Tibial,Cells_Transformed_fibroblasts,Cells_EBV-transformed_lymphocytes,Colon_Sigmoid,Colon_Transverse,Esophagus_Gastroesophageal_Junction,Esophagus_Mucosa,Esophagus_Muscularis,Liver,Minor_Salivary_Gland,Small_Intestine_Terminal_Ileum,Stomach,Adrenal_Gland,Pituitary,Pancreas,Thyroid,Lung,Ovary,Prostate,Testis,Uterus,Vagina,Skin_Not_Sun_Exposed_Suprapubic,Skin_Sun_Exposed_Lower_leg
BODY08B,"DIDO1",ENSG00000101191,6.310833,1.50568494959,2.74641166578,2.65246417313,3.1004188254,1.3678982234347692,3.38407512093,1.22377106862,,2.30853575881,2.31066642012,2.90163466882,-0.695373874044,0.0188061308275,1.06361447577,,,,,-0.418734305667,1.27572272164,,,,,,1.85140374256,0.26709233495,,2.29865279011,,0.484150520112,,1.42561650264,,0.336085387628,,,0.177438505668,,0.914489780465,1.47263453638,2.40544053614,,,2.17298933043,,,,2.49579636606
BODY08F,"DIDO1",ENSG00000101191,8.384060,2.32764366866,2.89949666172,2.40398928792,3.13029662878,2.0100337006108795,3.90827238167,1.09574647919,,2.30980204301,2.40713943591,3.3035703714,-0.858017529524,0.355199014031,1.73028042717,,,,,0.226768879069,0.859105312199,,,,,,1.93192746289,0.989541655808,,2.78554188223,,0.382338119176,,1.69188387106,,0.155168558928,,,1.07345922023,,0.263695217999,1.91165847413,3.07530588502,,,2.93335650524,,,,2.9309739827
BODY08,"DIDO1",ENSG00000101191,8.244727,1.7799191404,2.88418877618,2.83294795868,3.32417150762,1.623909076718426,3.73115472384,1.30494425038,,2.46718783017,2.46483999865,3.18863127065,-0.787112727391,0.182188102433,1.32039299258,,,,,-0.256251348989,1.28481277276,,,,,,2.013763242,0.458248543937,,2.5342271287,,0.609408023011,,1.58571820583,,0.371597931748,,,0.531309398919,,0.952844711083,1.68041988189,2.64502518411,,,2.55140857105,,,,2.73917642494
FATM04F,"DIDO1",ENSG00000101191,7.634119,1.20245410703,1.90296446102,2.14276901574,2.28416228798,1.3836803247757234,3.19019423219,0.280990775102,,1.4096356978,1.10162388679,2.76733500923,-1.35184205377,0.0265469382342,1.08398961376,,,,,-0.49674217243,1.18313171739,,,,,,0.945622057906,0.351738291836,,1.7535922151,,-0.296551788288,,0.849491872112,,-0.51775922571,,,0.94837157315,,-0.0287237701244,1.24554564403,1.99940946613,,,2.13740692745,,,,1.82068472127
FATM04,"DIDO1",ENSG00000101191,5.963172,0.679690734375,1.9146390671,2.40999120859,2.11668545788,1.0721294212789587,2.84026003318,0.253106707378,,1.39800753235,0.875477122652,2.49162503114,-0.738416860164,-0.18848522266,0.753995191453,,,,,-0.816030004956,1.81416781399,,,,,,0.740142295471,0.057658910752,,1.28045184771,,-0.150939246614,,0.653415173557,,-0.100129126884,,,0.305991655366,,0.643207001165,1.04368363864,1.55487159811,,,1.89883925097,,,,1.4007048503
LEAN04B,"DIDO1",ENSG00000101191,8.488906,-0.734148316695,-0.0534323147221,1.24074008856,0.10790111271,-0.3527573426373624,1.08550794805,-0.306788442811,,-0.131080321279,-0.762198678627,1.26033760528,-2.17556319527,0.109635421288,-0.938121136639,,,,,-2.01263526322,0.413230542289,,,,,,-1.64425535887,-0.710266088241,,0.451357963407,,-1.71683013248,,-0.589817476286,,-1.71293485349,,,0.391570147916,,0.532326200658,-1.01182533005,0.787319224695,,,-0.524002941948,,,,-0.0781704414723
LEAN04,"DIDO1",ENSG00000101191,7.432738,-0.790011656265,-0.305924577942,1.04676520759,-0.088713182022,-0.6319214243568326,0.94498925052,-0.258527213052,,-0.164799285065,-0.833661002558,1.06127115903,-2.87679631092,-0.0491109695814,-1.31358725487,,,,,-2.15959257475,-0.256950248626,,,,,,-1.67411585825,-1.06921170468,,-0.00931627540533,,-1.51249960666,,-0.83508157484,,-1.6649435401,,,0.128896447432,,0.604288696946,-1.26319677092,0.698270079796,,,-0.554514506777,,,,-0.164265812858
LEAN05B,"DIDO1",ENSG00000101191,8.504483,-0.855717613877,-0.200506157759,1.04893646969,-0.0160006336691,-0.5484710192680473,0.946376979883,-0.356051898501,,-0.340074720154,-0.99235139439,0.942764243529,-2.28353024583,0.0288049840058,-1.1452416726,,,,,-2.22171026688,0.232283890847,,,,,,-1.8834781934,-0.90343592489,,0.207242297674,,-1.89238271029,,-0.777405219729,,-1.81910749837,,,0.196305333,,0.33211693616,-1.2053523863,0.687655933588,,,-0.624643725722,,,,-0.251406965541
LEAN05,"DIDO1",ENSG00000101191,7.206929,-0.867943825756,-0.40084439599,0.91969092768,-0.164310948964,-0.7695535759182788,0.850137424697,-0.280850079431,,-0.304611312588,-0.983123649614,0.859016266394,-2.99023355696,-0.0888199975222,-1.45381845096,,,,,-2.30365858014,-0.355768578906,,,,,,-1.82380244227,-1.21933771631,,-0.167518401082,,-1.58927806175,,-0.962767922328,,-1.7319435028,,,-0.00424169205925,,0.494305369382,-1.39769624639,0.619007114702,,,-0.627301336993,,,,-0.285811973352
LEAN06B,"DIDO1",ENSG00000101191,11.512056,-0.728146328595,0.256774941436,1.46312599197,0.967829103064,-0.775728637258652,1.83362287895,-0.530571063204,,-0.540783461753,-0.836147466602,1.81140812999,-2.75476740386,-1.0211387049,-1.35725215626,,,,,-2.96607783099,0.0880550201898,,,,,,-1.20898006563,-1.20098191046,,0.599275692087,,-1.46964722837,,-0.878583640831,,-1.4269746961,,,-0.638948426733,,-0.0976900280282,-1.28984832215,0.7487354284,,,-0.746706717806,,,,0.267162649243
LEAN06F,"DIDO1",ENSG00000101191,9.725519,0.381066998264,0.837783770941,1.82161163374,1.58651015776,0.23691248891857414,2.44912246411,0.266697945921,,0.344100616599,0.0385614318284,2.07809311972,-1.80639080451,-0.70917608141,-0.189422370096,,,,,-1.8418382225,0.58658993552,,,,,,-0.0816373727536,-0.439947179667,,1.31049251281,,-0.804995712405,,-0.104371767267,,-0.664919320218,,,-0.0549054709906,,0.0542190458654,-0.193208664551,1.19931968395,,,0.440629226969,,,,0.985165220532
LEAN06,"DIDO1",ENSG00000101191,12.963451,-1.41816385893,-0.193491525204,1.03940486552,0.417137735917,-1.3057989845276372,1.16334819734,-1.02120174063,,-1.00619502225,-1.28275603981,1.35684856164,-3.00468085046,-0.968078578698,-1.88557408608,,,,,-3.20123680316,-0.325038762251,,,,,,-1.77871261443,-1.4639924944,,-0.0138472946143,,-1.64431339714,,-1.22685206119,,-1.69650222155,,,-0.809887519736,,-0.0627518099316,-1.79732959093,0.31876765598,,,-1.3525531737,,,,-0.240814891875
MENO01F,"DIDO1",ENSG00000101191,10.894490,3.95758475589,2.76928819032,4.45451839001,5.15040275712,6.318755322931846,5.93880987499,4.23780678457,,4.43346313496,4.8351471317,5.0203537017,-1.95655780713,4.40996872172,6.13076090909,,,,,5.1332532567,1.79296880916,,,,,,5.09149038513,5.18513361018,,4.75191353812,,-1.3491743464,,6.33328199387,,2.69624167358,,,4.61359428778,,5.88742707921,5.94796200343,4.30062493321,,,4.53097032042,,,,5.59924443288
