code,target,ENSEMBL,association,Adipose_Subcutaneous,Adipose_Visceral_Omentum,Breast_Mammary_Tissue,Muscle_Skeletal,DGN_Whole_Blood,Whole_Blood,Artery_Aorta,Artery_Coronary,Artery_Tibial,Heart_Atrial_Appendage,Heart_Left_Ventricle,Spleen,Brain_Amygdala,Brain_Anterior_cingulate_cortex_BA24,Brain_Caudate_basal_ganglia,Brain_Nucleus_accumbens_basal_ganglia,Brain_Putamen_basal_ganglia,Brain_Cerebellar_Hemisphere,Brain_Cerebellum,Brain_Cortex,Brain_Frontal_Cortex_BA9,Brain_Hippocampus,Brain_Hypothalamus,Brain_Spinal_cord_cervical_c-1,Brain_Substantia_nigra,Nerve_Tibial,Cells_Transformed_fibroblasts,Cells_EBV-transformed_lymphocytes,Colon_Sigmoid,Colon_Transverse,Esophagus_Gastroesophageal_Junction,Esophagus_Mucosa,Esophagus_Muscularis,Liver,Minor_Salivary_Gland,Small_Intestine_Terminal_Ileum,Stomach,Adrenal_Gland,Pituitary,Pancreas,Thyroid,Lung,Ovary,Prostate,Testis,Uterus,Vagina,Skin_Not_Sun_Exposed_Suprapubic,Skin_Sun_Exposed_Lower_leg
ANKY01,"ZNF322",ENSG00000181315,4.005938,0.829794102236,0.830494664465,,0.830200866418,,-4.41575336456,-3.72229014737,,,0.830494771018,,0.830040009407,,1.84577786288,,,,,,,,,,,,-4.41575336456,-3.95212288178,,,-4.41575336456,,2.41237038799,-3.65099859238,,,,,1.42067990566,8.67101811656,,0.829970811088,9.10717704812,-2.44062906477,,0.830100261898,-2.26415462346,,,-3.65099859238
BFPC02B,"ZNF322",ENSG00000181315,7.609895,-4.05908113338,-3.03333767829,,-2.97063608547,,-3.67881377756,-2.93573764027,,-3.79833503441,-3.96405304342,,-3.89483443783,,-1.80062481392,-3.10201465516,,,,,,,,,,,-4.20871873121,-3.6679541312,,,-4.14926930331,,-3.04042181134,-4.0775857414,,,,,-1.97219306095,-3.60170968461,,-4.16309599003,-2.19446263615,0.142560630623,,-4.01810392124,-1.7175245749,,,-3.95641115682
BFPC02,"ZNF322",ENSG00000181315,7.417471,-4.19048169457,-3.27033782245,,-3.19181949453,,-3.75491280112,-2.77221329816,,-3.9768407905,-4.07592903041,,-4.03293216306,,-1.76488661918,-3.3378490429,,,,,,,,,,,-4.34068594807,-3.7556114987,,,-4.27040554724,,-3.23444251816,-4.37643380762,,,,,-2.0315779378,-3.4663672797,,-4.31339196242,-2.36218626146,0.346917235736,,-4.16913276328,-1.79391084106,,,-4.14708228723
BFPC03B,"ZNF322",ENSG00000181315,7.047600,-4.09661880632,-3.06514766467,,-2.95815894227,,-3.51597736386,-2.65185732658,,-3.70067903671,-4.0268705962,,-3.86451760789,,-1.90578672974,-3.09791941684,,,,,,,,,,,-4.16507129871,-3.64334911961,,,-4.01882343689,,-2.93238440842,-4.02612944592,,,,,-1.99803049748,-3.63519244503,,-4.10056239691,-2.23872995993,0.274165350646,,-3.9847307777,-1.60536295242,,,-3.89885270177
BFPC03,"ZNF322",ENSG00000181315,6.693489,-4.24906069871,-3.30467879497,,-3.19313429389,,-3.56832493026,-2.44640084745,,-3.87331889725,-4.16260721016,,-4.00597444577,,-1.8905203364,-3.33964813784,,,,,,,,,,,-4.30261159894,-3.73896002969,,,-4.12615088613,,-3.11159552224,-4.32362302164,,,,,-2.08401157052,-3.5261560832,,-4.24976810029,-2.42847957637,0.484491023616,,-4.14182027101,-1.6691105612,,,-4.08934613902
BFPC04B,"ZNF322",ENSG00000181315,11.482791,-5.4721194257,-3.42088976668,,-3.95711754119,,-5.47912502591,-4.3337694915,,-4.90377316551,-4.75757849988,,-5.23572916185,,-1.25113530108,-3.21000155873,,,,,,,,,,,-5.08990115606,-4.732402926,,,-5.85098742574,,-4.39951087297,-5.81406402646,,,,,-2.2337594602,-4.12682886119,,-5.67427486078,-2.71244946485,1.93274538323,,-4.92437754118,-0.973118255246,,,-5.02644861048
BFPC04F,"ZNF322",ENSG00000181315,5.311082,-4.16470539973,-2.79128288877,,-3.68631711147,,-3.63149617556,-1.71240798928,,-3.36194902044,-3.71560488721,,-3.74651177339,,-1.14198585089,-3.1671790657,,,,,,,,,,,-4.18617711399,-3.41017398332,,,-3.97997444059,,-2.90204298457,-5.15844782752,,,,,-2.05979188795,-2.73079073001,,-4.06347015164,-2.96130100638,2.37572311763,,-3.89369712251,-0.791866972798,,,-3.98636639999
BFPC04M,"ZNF322",ENSG00000181315,6.875528,-4.04272229857,-2.36417074642,,-2.34891325231,,-4.50935989727,-4.55714219505,,-3.94005842561,-3.43381473112,,-4.07193849147,,-0.761889530795,-1.75292925955,,,,,,,,,,,-3.49337466225,-3.65960276791,,,-4.72737950938,,-3.63153091953,-3.66795732722,,,,,-1.34287076913,-3.40292394425,,-4.41032193031,-1.23704305369,0.65824986405,,-3.51326476088,-0.67561577818,,,-3.57549146319
BFPC04,"ZNF322",ENSG00000181315,11.442144,-5.63406951567,-3.58292100435,,-4.23422323416,,-5.56156232472,-4.10995953158,,-5.01055700591,-4.91043478543,,-5.36246462119,,-1.31965027059,-3.50901849189,,,,,,,,,,,-5.31775807642,-4.84476404413,,,-5.95712880625,,-4.43397576766,-6.19051658159,,,,,-2.41371607893,-4.14893534991,,-5.81136517042,-3.00725827213,2.05899609295,,-5.10426861978,-1.03640039914,,,-5.21002530542
BLOO01,"ZNF322",ENSG00000181315,0.161378,,2.06227326742,,0.280761026289,,1.63138757188,3.04943320087,,-2.69946735603,0.130083911284,,0.212778165936,,1.96468204426,0.440408933668,,,,,,,,,,,-0.279425049529,0.658073871394,,,-0.264908159906,,-2.61301050778,2.0802643493,,,,,-0.370225910767,0.971223132755,,0.384915530682,-0.212750855031,-2.14168859687,,0.681116814751,5.21326467488,,,0.807820385975
BLOO02,"ZNF322",ENSG00000181315,2.398842,,2.14943686663,,1.22985825491,,3.642147015,5.49503586174,,-2.50699364863,1.80964737762,,2.010389328,,1.091909088,2.20709793146,,,,,,,,,,,1.55274481918,1.38594197892,,,2.16494634837,,2.00950051338,3.15101881583,,,,,0.537206974756,0.770260737668,,4.5950717926,1.43022906438,1.02729022325,,2.72731011996,6.2802233357,,,3.06448586385
BLOO03,"ZNF322",ENSG00000181315,2.738166,,-7.48973092055,,3.00156952776,,-4.66547280249,-9.08922815921,,8.67146433139,-8.8345842848,,-7.83479738235,,-6.53456790344,-9.39813775868,,,,,,,,,,,-8.38142412627,-7.19648349626,,,-1.8884277679,,-5.06726179461,-0.47250158771,,,,,-7.14988332335,-1.01797290102,,-2.1658847332,-8.84568073452,0.458034897606,,-4.34129772802,-18.8178040258,,,-4.42192618274
BLOO04,"ZNF322",ENSG00000181315,0.917646,,-4.74564434674,,0.6297657597,,-1.06626527163,-4.64163997221,,2.55862739572,-8.31951850473,,-7.46268033981,,-4.80002002659,-8.51180705892,,,,,,,,,,,-8.16322405337,-5.87327589397,,,-1.93721351532,,-4.87640665489,-2.60804560948,,,,,-6.85924528623,-2.90090022198,,-1.07516694069,-8.44454638656,1.8178128935,,-4.90594066346,-11.7238779031,,,-4.56557830839
BLOO13,"ZNF322",ENSG00000181315,11.814430,3.58997843594,0.785935876765,,1.12211055618,,4.13701967053,2.75119367536,,5.01500211193,1.0905591422,,2.38903527898,,-0.997109061407,-0.959409050645,,,,,,,,,,,2.2360317926,2.23961331649,,,4.08027115288,,1.1493489716,4.24045427943,,,,,-1.00817543834,1.87837246638,,2.44767389469,-0.876955766513,-0.393259080406,,1.42352474336,-1.13756752603,,,1.6560350581
BLOO16,"ZNF322",ENSG00000181315,15.088161,6.28994566774,1.73849462847,,3.17383433753,,6.6511788009,5.10833011647,,5.71376695213,3.62089836737,,4.67208652378,,1.75190209951,0.229965189119,,,,,,,,,,,4.00055233576,4.43458038978,,,5.8546877961,,3.67632971653,5.58937895425,,,,,2.15647617515,3.15087964295,,4.86109958104,0.545569102446,0.736685402108,,3.25532070754,1.43862596198,,,3.46578880545
BLOO20,"ZNF322",ENSG00000181315,19.838093,-1.233982172,-5.83067313,,-2.67611104012,,-1.75848861083,-3.07268385775,,1.47079110651,-3.86885213114,,-2.74061243461,,-5.5077308454,-6.06333920911,,,,,,,,,,,-3.30636803749,-3.409552236,,,-1.10764737248,,-2.79387241204,-0.632420486504,,,,,-4.9451407743,-1.5918530515,,-2.87215415489,-5.70503870435,-0.313624771429,,-3.94510763595,-11.117001467,,,-3.46833330386
BLOO21,"ZNF322",ENSG00000181315,17.085964,-4.19288114917,-5.91127306251,,-5.15238975961,,-3.02051263447,-3.62389754742,,-2.63843669341,-5.89361425384,,-4.69605521265,,-5.31551530847,-7.16191195226,,,,,,,,,,,-5.61560014528,-4.97887130529,,,-3.09695581263,,-5.1935682057,-4.73130725693,,,,,-6.44392325101,-4.28486313838,,-4.86570531674,-7.50494073503,0.113511912778,,-5.90159297483,-9.66323102122,,,-5.63069852888
BLOO22,"ZNF322",ENSG00000181315,15.032022,-3.54005211558,-5.358177895,,-4.64630319352,,-2.28138491168,-2.78614976217,,-2.3247330097,-5.40703929653,,-4.14676131931,,-5.03076660043,-6.76106891981,,,,,,,,,,,-5.10105075975,-4.45773997232,,,-2.4947585874,,-4.67466443939,-4.03627551521,,,,,-6.09842817132,-3.85622833772,,-4.24452397418,-7.2144810986,0.414209682748,,-5.40418733882,-8.83009446448,,,-5.08941568492
BLOO25,"ZNF322",ENSG00000181315,26.442192,-5.16253826351,-9.10416344176,,-5.89142413728,,-7.17441002665,-10.0596401475,,0.842816541036,-7.11377368942,,-6.19098170136,,-7.32156463977,-9.83666503751,,,,,,,,,,,-6.82069537487,-6.75916477795,,,-4.63866038449,,-7.29627189241,-4.07789718495,,,,,-7.40029988435,-4.5504651127,,-6.61503119718,-8.8991590115,-1.22775063007,,-7.36649820951,-19.8375031341,,,-7.03992106
BLOO26,"ZNF322",ENSG00000181315,65.291877,-9.96917682655,-16.5687038788,,-10.3407994603,,-12.5985611793,-16.9164364715,,-0.817334053553,-12.5666322874,,-11.5782609162,,-12.5873008564,-15.8826436419,,,,,,,,,,,-12.1351826859,-12.2499187475,,,-9.38889335258,,inf,-8.87883728915,,,,,-12.2881538279,-7.48410360991,,-12.622562199,-14.4568255116,-inf,,-12.9092962067,-inf,,,-12.7128368069
BLOO27,"ZNF322",ENSG00000181315,38.353067,-8.88547416026,-14.5192524748,,-8.99630947505,,-10.7848546741,-14.1594390439,,-1.19543476887,-10.9070335498,,-10.1274377598,,-10.9256160039,-13.3336303936,,,,,,,,,,,-10.4243314855,-10.6917415149,,,-8.36997867716,,-9.4924059724,-8.16492643679,,,,,-10.4984205814,-6.43132301289,,-11.1328637836,-11.9003351993,-2.6800618701,,-11.1104035963,-26.5664992104,,,-11.0022426446
BLOO29,"ZNF322",ENSG00000181315,4.259045,-1.79694747247,-2.92118105221,,-2.12814169561,,-1.62059367719,-1.46457999386,,-0.825378698294,-2.32901804143,,-1.8271296922,,-3.68085431585,-3.39747405486,,,,,,,,,,,-1.89634145917,-2.03425524751,,,-1.19710685013,,-0.181516215294,-4.94756147383,,,,,-2.26694362602,-2.7437283283,,-1.8716822695,-2.29037279949,2.2931944604,,-2.69323086297,-3.39214394389,,,-3.28679348771
BLOO30,"ZNF322",ENSG00000181315,12.614733,3.93945921913,0.797254515429,,1.29367239345,,4.42490174049,2.96670661001,,5.21744478164,1.34570090199,,2.58508844405,,-0.754573936708,-0.922124814817,,,,,,,,,,,2.36416466332,2.45854757763,,,4.275176627,,1.36165416085,4.52023215976,,,,,-0.80184132679,1.99170693004,,2.67576776621,-0.870773168206,-0.437738160739,,1.5767533834,-1.03461686535,,,1.80903522456
BLOO35,"ZNF322",ENSG00000181315,34.170593,3.89978120703,10.5548742926,,4.81899804553,,5.63830987193,7.56085542944,,-1.56843431575,6.50134767216,,5.87111526202,,8.29876076303,9.12730927544,,,,,,,,,,,6.18789730662,6.47950631741,,,4.10027100664,,5.18209847586,2.59130977829,,,,,6.61279845558,3.76169393912,,6.07138419624,7.46848001403,-1.99740245332,,6.18242809045,19.2366862224,,,5.36824164432
BLOO36,"ZNF322",ENSG00000181315,35.594705,-4.35064817501,-7.97316193967,,-5.76974020095,,-3.65191531112,-5.22141125946,,-1.26405472808,-6.97782472679,,-5.42311066617,,-6.9896753059,-9.20940320288,,,,,,,,,,,-6.57079795524,-5.85590696732,,,-3.28565766194,,-5.83279040054,-4.63249470244,,,,,-7.82881632394,-4.92436209194,,-5.57836715031,-9.11649476598,0.199538400741,,-7.02509079217,-13.767628442,,,-6.68426087367
BODY08B,"ZNF322",ENSG00000181315,6.215147,-3.75947848111,-1.82392153067,,-2.07405503812,,-4.17454234263,-4.36441574433,,-3.66222808831,-2.46423459155,,-3.47860760419,,0.703139064071,-0.954226330042,,,,,,,,,,,-2.67349395644,-2.95176007965,,,-4.6202563746,,-2.8198843959,-3.51219867127,,,,,-0.72064352476,-2.30521452149,,-3.88425960958,-0.283632619117,-0.479084745953,,-2.5021744838,1.52953253974,,,-2.51472344389
BODY08,"ZNF322",ENSG00000181315,6.318388,-3.93569763258,-2.0403697064,,-2.38205636362,,-4.21696393077,-4.12013828322,,-3.73991015572,-2.65925401302,,-3.57703670949,,0.455393274256,-1.33176855246,,,,,,,,,,,-2.86152963685,-3.04417530469,,,-4.64749809335,,-2.89129513784,-3.8529901261,,,,,-0.934840095711,-2.38852608117,,-3.98292612141,-0.496496756142,-0.564539709788,,-2.6870925987,1.31531731352,,,-2.70304419334
DEPR01,"ZNF322",ENSG00000181315,6.789254,-1.33398016024,-3.14132060522,,-2.46853840799,,-0.253469473382,0.656113269955,,-0.266173012647,-3.02818600572,,-1.50573628667,,-3.3920910989,-4.23144663522,,,,,,,,,,,-2.22853176115,-2.16738506499,,,-0.273185844923,,-2.4427123279,-1.24094581305,,,,,-3.66011899636,-3.19885564749,,-1.13797618072,-2.71598683674,-1.04295167395,,-2.69364757238,-0.27145475762,,,-1.95152224024
EDUC03,"ZNF322",ENSG00000181315,9.341007,3.78859429537,2.43950729632,,4.83163602275,,1.72800973283,-0.555183773859,,3.98860243916,5.2022663072,,4.38394183654,,2.78647935687,5.96809352422,,,,,,,,,,,6.0979773785,4.35882235098,,,2.95931512907,,1.11468524707,5.07216152467,,,,,3.96549017737,3.84133923793,,4.11681537286,5.56909189581,-2.79189277705,,5.70130446033,2.35664413605,,,5.81832533388
ELEC04,"ZNF322",ENSG00000181315,3.032101,-1.24582994111,-3.75790451086,,-0.587839480309,,-2.54834041104,-6.38692832251,,3.02930948953,-2.40334042928,,-2.57220341625,,-2.88508449405,-3.66591935878,,,,,,,,,,,-3.28195152513,-2.68739551678,,,-1.95112986604,,-1.60812569592,0.580928418677,,,,,-2.48612221977,-1.95804983168,,-2.17862940121,-3.72679494327,1.76602223215,,-2.39680330614,-13.6325751474,,,-1.71031149928
FATM02B,"ZNF322",ENSG00000181315,8.851089,-5.05515813662,-3.70596484112,,-3.21554596177,,-4.73570748026,-3.4764071571,,-4.56057184889,-4.62546119912,,-4.60023921827,,-2.09697317331,-3.40249866755,,,,,,,,,,,-4.86386645846,-4.26454578144,,,-4.921101381,,-3.50706303231,-5.17972449834,,,,,-2.0498787046,-3.56569945908,,-4.91596264721,-2.5697969792,0.53807949061,,-4.51896323578,-2.13802657691,,,-4.48520697304
FATM02,"ZNF322",ENSG00000181315,9.277300,-5.16686804887,-3.89491801269,,-3.39760371294,,-4.81901866687,-3.3011111434,,-4.72277998254,-4.724474936,,-4.70871624091,,-2.12548802495,-3.58003901004,,,,,,,,,,,-4.96334401734,-4.32875649528,,,-5.01583245868,,-3.67670085933,-5.42698210724,,,,,-2.08587986585,-3.36574458973,,-5.03870654979,-2.69876399048,0.651489798216,,-4.65449688395,-2.26411354007,,,-4.67019186986
FATM03B,"ZNF322",ENSG00000181315,9.350801,-5.06939182526,-3.71365893837,,-3.19052081455,,-4.60289085844,-3.20362016961,,-4.49199922333,-4.65739076008,,-4.55886929609,,-2.21116030784,-3.37781022841,,,,,,,,,,,-4.8118786378,-4.229940234,,,-4.79678168556,,-3.42083231277,-5.13061279478,,,,,-2.0363326486,-3.60512689521,,-4.84427091549,-2.61466321514,0.681606029355,,-4.47314402154,-2.03280295121,,,-4.42317712572
FATM03,"ZNF322",ENSG00000181315,8.894899,-5.19606639032,-3.89795886187,,-3.381622031,,-4.66591929277,-2.98880277814,,-4.65201674159,-4.77217595684,,-4.66639422466,,-2.25816799114,-3.5555830211,,,,,,,,,,,-4.91360899956,-4.29659404479,,,-4.87802287496,,-3.57471243774,-5.3734254808,,,,,-2.08864279552,-3.4318664525,,-4.96271885574,-2.75822481862,0.804375410485,,-4.60934778601,-2.14717283431,,,-4.60185929289
FATM04B,"ZNF322",ENSG00000181315,14.164113,-6.3708094404,-3.95229963345,,-3.70584650727,,-6.776199801,-5.47463343972,,-5.85728073636,-5.07992399009,,-5.75243350667,,-1.35672170281,-3.32051206645,,,,,,,,,,,-5.44140580276,-5.21506006192,,,-6.74284298027,,-4.93396514447,-7.00042809025,,,,,-1.91618777482,-4.36245676964,,-6.34680013015,-2.82037329729,2.48072714248,,-5.19040845541,-1.33957598493,,,-5.39566710152
FATM04F,"ZNF322",ENSG00000181315,8.461728,-4.70868733935,-3.08146731217,,-3.26143898496,,-4.65502514503,-2.81000985093,,-4.13379768381,-3.77851574689,,-3.89987538864,,-1.28865709771,-3.0613963375,,,,,,,,,,,-4.22126567132,-3.61080608165,,,-4.52483131172,,-3.39011437809,-5.81568818404,,,,,-1.66184860346,-2.82685018003,,-4.35758787899,-2.77498915072,2.16272718962,,-3.93333429157,-1.4331075207,,,-4.10409419198
FATM04M,"ZNF322",ENSG00000181315,9.273778,-4.78224292119,-2.82803616211,,-2.33892708772,,-5.38804097106,-5.16098034762,,-4.56383627466,-3.79287274313,,-4.61812665702,,-0.774951648408,-1.97604602828,,,,,,,,,,,-3.91500016682,-4.1219666437,,,-5.45257505436,,-3.92215983422,-4.70817397056,,,,,-1.22946454038,-3.61579474228,,-5.04837738114,-1.52937071556,1.58514985833,,-3.81344081966,-0.627527056503,,,-3.95104534823
FATM04,"ZNF322",ENSG00000181315,14.988810,-6.50587813133,-4.10212636001,,-3.93649669718,,-6.85939175921,-5.32748675917,,-5.95908761093,-5.19434229137,,-5.82466852346,,-1.42757425209,-3.5758606726,,,,,,,,,,,-5.61593675309,-5.28603944455,,,-6.81288880261,,-4.97004213775,-7.3397675909,,,,,-2.0595695055,-4.35796101915,,-6.43206145232,-3.03630617534,2.44648512757,,-5.33743944994,-1.47079829508,,,-5.55213966136
GLYC06,"ZNF322",ENSG00000181315,1.488571,1.68586762899,1.5302281995,,1.79641062122,,0.33650762468,0.40123909301,,-0.262348073174,2.04671095418,,0.952335298647,,1.9932731361,2.14279698888,,,,,,,,,,,1.01202952655,1.14796073508,,,-0.434311396683,,-0.0510922838244,0.10078102759,,,,,2.71527377856,0.0800810448404,,1.35926760205,2.33052341504,0.43245861696,,1.57756458207,6.5700434088,,,1.70104327909
GLYC22,"ZNF322",ENSG00000181315,0.870794,0.98002802136,2.65980246447,,1.0880121484,,1.85464988011,2.53671100037,,-1.01136475398,1.51623329502,,1.43774127191,,1.92322147008,2.33806063638,,,,,,,,,,,0.980142723227,1.40590789905,,,0.195183703493,,1.14800756589,0.0548939393885,,,,,2.18787392618,1.63897347983,,1.70618337247,2.12186272666,0.618313923065,,1.58599052153,8.40355057319,,,1.90063745595
HEIG02,"ZNF322",ENSG00000181315,0.790807,-1.31584590448,-0.418990088083,,-0.40412893209,,-2.04153392732,0.440021996422,,-1.65870303016,-1.09679527379,,-1.33817532204,,-0.765115189605,-0.701052873881,,,,,,,,,,,-1.20176911086,-0.81625449473,,,-1.395899438,,-0.848949698409,-1.80155528104,,,,,0.876057025966,-0.882561533654,,-1.08327337104,-0.668533548428,4.9423376316,,-1.02160979186,-1.25165740308,,,-1.30512428207
HEIG03,"ZNF322",ENSG00000181315,9.266193,-4.8144519272,-3.17097934771,,-1.45458585019,,-5.50263759169,-2.47422224554,,-5.33787884696,-4.75305564989,,-4.63283111121,,-4.14004227284,-4.02586552308,,,,,,,,,,,-4.16589166651,-4.48018648473,,,-3.834468448,,-3.14542764445,-6.60046202908,,,,,-1.28611600379,-3.88665649907,,-4.62727349135,-4.25692129999,8.11750348926,,-4.77799756653,-3.79128962764,,,-5.67502335983
HEIG04M,"ZNF322",ENSG00000181315,4.132597,-3.31898127321,-2.08717881509,,-1.64696361171,,-4.2454866229,-2.05356115696,,-3.91726315312,-2.79150592752,,-3.31872512897,,-2.06834385463,-2.71133739857,,,,,,,,,,,-2.9913344031,-3.29886559247,,,-3.14306335053,,-2.14535531656,-3.87130131757,,,,,-0.894193913521,-2.36184929473,,-3.1660190305,-2.838522566,4.8757565536,,-3.06330092226,-1.2016924838,,,-3.76007135433
HIPC03M,"ZNF322",ENSG00000181315,3.792878,-2.66235968737,-2.45890933334,,-0.910779540216,,-3.49669550502,-1.72823932958,,-3.18715320317,-2.73553716416,,-2.69000348285,,-2.4825728129,-2.33761319606,,,,,,,,,,,-2.36118929998,-2.44754258953,,,-2.69554335315,,-3.03229576772,-3.86593240424,,,,,-0.799951481914,-1.43798310689,,-3.36176586921,-2.72040987267,4.95704938665,,-2.91524453367,-1.48040208927,,,-3.18365666026
HIPC03,"ZNF322",ENSG00000181315,7.841366,-3.61017518234,-4.0979642607,,-1.46003929356,,-4.12571654729,-2.21145962995,,-3.75437422878,-4.07249691084,,-3.739840165,,-3.38377414961,-3.96409013141,,,,,,,,,,,-3.06588027421,-3.37044834883,,,-3.09803896816,,-2.81449576129,-4.94296143843,,,,,-1.37036867079,-2.61294093167,,-4.14140014709,-2.81885462295,3.72241918783,,-4.06626515646,-2.65528459342,,,-4.48134480406
HIPC04M,"ZNF322",ENSG00000181315,3.350724,-2.61923920603,-2.46591301104,,-1.12035069037,,-3.30016354655,-1.75495331883,,-3.21954353247,-2.69452105474,,-2.64583105429,,-2.49018674919,-2.29304813141,,,,,,,,,,,-2.36690155895,-2.3634317056,,,-2.62345554738,,-2.84990984133,-3.67683765507,,,,,-0.809414832997,-1.78340242431,,-3.30512523795,-2.71150771695,4.91459290808,,-2.85194403212,-1.60015978217,,,-3.12128883041
HIPC04,"ZNF322",ENSG00000181315,7.596897,-3.51007259777,-3.91796095187,,-1.34949661019,,-3.8636512751,-2.2032190088,,-3.79754886408,-3.95466252075,,-3.627885026,,-3.27570325172,-3.81988296754,,,,,,,,,,,-2.91597341413,-3.22073979653,,,-2.98796116696,,-2.69015270687,-4.71366346392,,,,,-1.31570709891,-2.78159688748,,-3.99491822747,-2.72710016503,3.60955486771,,-3.919400518,-2.62029310139,,,-4.36602653925
IRON02,"ZNF322",ENSG00000181315,12.121053,4.03294874491,3.35849708257,,4.11977563542,,4.03233909234,6.58914457991,,0.815052326854,5.42011837404,,5.01305743924,,5.25604079046,7.00889158966,,,,,,,,,,,5.26616803994,5.33689210863,,,3.61213664652,,3.45369405302,1.86795082502,,,,,5.3600624741,3.69424849541,,5.39018681357,8.63187067972,-0.644745289848,,5.7348442614,20.0728207561,,,5.41750960763
IRON03,"ZNF322",ENSG00000181315,10.545613,-3.24410733129,-5.17132436363,,-2.83626921278,,-4.376420905,-8.8956556327,,2.16000912135,-4.91070687317,,-4.85226630711,,-5.39232469569,-6.71319543709,,,,,,,,,,,-5.5955265792,-5.01393227296,,,-3.60158916108,,-3.23750045453,-0.34684862986,,,,,-5.13341759019,-3.91676920276,,-4.72589736127,-7.25834030191,2.03352442317,,-4.98239220401,-21.5157507762,,,-4.12721092158
LEAN04B,"ZNF322",ENSG00000181315,8.263006,-4.37918720183,-3.55360882476,,-2.41209471794,,-4.89452001001,-2.30811787951,,-4.21251012171,-3.92304681445,,-4.0036187761,,-2.56141575505,-2.98627553881,,,,,,,,,,,-4.28533183686,-3.62652780643,,,-4.1393908346,,-2.92671802252,-5.55910820631,,,,,-1.232968388,-2.20585038369,,-4.24185019144,-2.52121900613,2.10420755131,,-3.87912615169,-3.07116740874,,,-4.05469342318
LEAN04,"ZNF322",ENSG00000181315,7.859649,-4.17784366111,-3.3857546186,,-2.06892054883,,-4.56613400367,-2.74174911624,,-4.04156910157,-3.62711375057,,-3.83945648027,,-1.86292439806,-2.8692108206,,,,,,,,,,,-4.02883490934,-3.44952154292,,,-4.07341691178,,-2.68189983713,-5.29244378167,,,,,-1.15100873994,-2.12187846272,,-4.04725105278,-2.28523178067,2.0442174839,,-3.58086253282,-2.16978403036,,,-3.68085687422
LEAN05B,"ZNF322",ENSG00000181315,7.333229,-4.25330938333,-3.42888778464,,-2.30439072194,,-4.77260360065,-2.19491483435,,-4.09976011987,-3.8076595325,,-3.8510800599,,-2.6308480249,-2.87389674602,,,,,,,,,,,-4.16513938998,-3.47180223677,,,-3.95447583854,,-2.80158943091,-5.43718495411,,,,,-1.09763473673,-2.27334420254,,-4.07003033878,-2.45661743566,2.14832323808,,-3.74582663411,-3.01310274329,,,-3.92241673892
LEAN05,"ZNF322",ENSG00000181315,6.992935,-4.09266296526,-3.31284647173,,-1.99627412144,,-4.49438133171,-2.64285468575,,-3.97501854795,-3.5521302015,,-3.74372970805,,-1.91218510869,-2.79258453845,,,,,,,,,,,-3.95608427623,-3.35145073918,,,-3.955224008,,-2.62249831152,-5.2176956933,,,,,-1.06250910161,-2.16388582904,,-3.93625118466,-2.24753919078,2.09585040446,,-3.50054353512,-2.10588434079,,,-3.60662620259
LEAN06B,"ZNF322",ENSG00000181315,13.327164,-4.98145150295,-3.86101735133,,-2.46471767376,,-6.14562165501,-3.75335027681,,-5.20787332376,-4.01395952716,,-4.52657182524,,-2.16248351224,-3.36746074232,,,,,,,,,,,-4.58854718424,-4.25569408384,,,-5.28234983017,,-3.79853604766,-6.49624502411,,,,,-1.04152663063,-3.9395491641,,-5.01413951191,-3.09460226786,3.56275687826,,-4.2462316502,-2.40480858945,,,-4.55150356791
LEAN06F,"ZNF322",ENSG00000181315,6.945923,-3.77513007145,-2.90950539797,,-1.91985303432,,-4.74082196292,-2.6109483073,,-3.8681241891,-2.99924550762,,-3.17308315681,,-1.96667182514,-2.66291519178,,,,,,,,,,,-3.40003814261,-3.05779255979,,,-3.76860610982,,-2.86801159365,-5.05296331406,,,,,-0.683959992666,-3.20198564282,,-3.57031779239,-2.23400466391,2.15689635587,,-3.18123642708,-2.51218995053,,,-3.42954514527
LEAN06M,"ZNF322",ENSG00000181315,7.377454,-3.79548735098,-2.96737704153,,-1.7975361569,,-4.55221092844,-3.22888712287,,-4.09199950142,-3.12529428819,,-3.85444050537,,-1.13356041006,-2.39150752528,,,,,,,,,,,-3.61797837755,-3.50525293853,,,-4.39379456126,,-2.91091250334,-4.74642635927,,,,,-0.958992819037,-2.66412203109,,-4.18144119446,-2.53215421408,3.56812034883,,-3.29335789961,-0.747455994333,,,-3.49962317142
LEAN06,"ZNF322",ENSG00000181315,12.478065,-5.03185316289,-3.87917063198,,-2.45474534683,,-6.02390983587,-3.9235126891,,-5.23813809003,-4.07806967787,,-4.7086343588,,-1.8888328735,-3.30522402586,,,,,,,,,,,-4.62579705903,-4.35309321693,,,-5.41943556491,,-3.73187997991,-6.46963202167,,,,,-1.10376017749,-3.73215097536,,-5.16515076356,-3.12194420716,3.87870561894,,-4.2865919872,-1.82295947515,,,-4.58832779284
LUPU01,"ZNF322",ENSG00000181315,22.269298,-2.05259970333,2.02246873569,,1.00367149035,,-2.02663768213,-1.85077094701,,-2.66234528777,0.923036771236,,-0.140913490607,,3.86157635504,3.84197987453,,,,,,,,,,,0.502702656976,0.0345583641286,,,-2.08031836593,,0.227847652178,-1.20683216549,,,,,1.55611412199,1.13112535791,,-0.216044977283,2.6125663403,-1.66624590933,,1.44165618976,2.62412103368,,,1.33562278008
PRSC01,"ZNF322",ENSG00000181315,31.651695,-1.6988823817,5.26361772964,,3.38773389105,,-3.1210169452,-3.91645566199,,-3.20006924641,3.57680888862,,1.10992404,,7.36688157256,7.01529408854,,,,,,,,,,,1.88839922355,1.63190748702,,,-2.64697765733,,-1.12822137029,-2.37990501449,,,,,4.4275577317,1.91670008604,,0.786288935704,4.67701749827,-1.3470312855,,3.95945063004,3.75945001836,,,5.99933984667
RHEU01,"ZNF322",ENSG00000181315,5.043011,2.36653824006,3.33111982423,,3.43686316951,,4.07957056636,3.83201739644,,3.14802272867,2.32930733627,,3.74883176087,,2.09490948983,2.71323979257,,,,,,,,,,,3.97960344431,3.53773281005,,,3.81962185314,,5.24276713156,3.13331099437,,,,,2.0472044788,2.2879487821,,3.37256785884,2.68635356156,1.46019225149,,3.60753876224,2.57649605254,,,4.51567708309
SCHI01,"ZNF322",ENSG00000181315,15.832653,2.27720596336,-0.619620192576,,-0.363920361051,,4.56204378044,4.80244743553,,3.7008757752,-0.78042692446,,1.34644063874,,-2.49930584636,-3.51821145935,,,,,,,,,,,1.05239410798,0.431982137358,,,3.69837220091,,1.70707288469,2.41585182123,,,,,-1.60943896155,-0.53745959348,,1.72201449595,-2.98849734411,-0.940645880344,,-0.3970858458,0.361044940949,,,-0.176114302406
SCHI02M,"ZNF322",ENSG00000181315,13.184402,1.79897395431,-0.901491278253,,-0.0967723068793,,3.37439451111,3.59834448594,,3.05584435057,-0.687424356577,,0.944383702349,,-1.7985267729,-3.24067455053,,,,,,,,,,,0.604984516481,0.253356404407,,,2.90199630289,,1.26781896549,1.17780103186,,,,,-1.1492943794,-0.25825752541,,1.16598698572,-2.87148019489,-0.115380815822,,-0.614836906312,-0.0214747053211,,,-0.646901533299
SCHI02,"ZNF322",ENSG00000181315,18.895035,2.4551421882,-0.475607778455,,-0.293850749972,,4.56845501561,5.05270405925,,3.90828954328,-0.531780023888,,1.56346680387,,-2.5103988032,-3.13552360308,,,,,,,,,,,1.29791729026,0.64926189961,,,3.8843395971,,1.85282854676,2.74291316908,,,,,-1.43633502047,-0.108554971389,,1.9686688371,-2.92174125862,-0.811467204971,,-0.0854526172646,0.386623985231,,,0.201194738353
URAT01,"ZNF322",ENSG00000181315,2.520511,-1.57823925945,3.47060264038,,-1.35119267391,,-1.93364675576,-6.00249137276,,3.54442306809,-0.118817744299,,-1.28711868072,,4.29730006486,2.32120226694,,,,,,,,,,,0.0589319633349,-0.725041411227,,,-2.28125305173,,-0.674440481573,2.96889282242,,,,,-1.57618577905,-0.962746820002,,-0.910984416861,0.862039953604,-3.47556433509,,0.160053317068,-3.23312610568,,,-0.182436573243
