code,target,ENSEMBL,association,Adipose_Subcutaneous,Adipose_Visceral_Omentum,Breast_Mammary_Tissue,Muscle_Skeletal,DGN_Whole_Blood,Whole_Blood,Artery_Aorta,Artery_Coronary,Artery_Tibial,Heart_Atrial_Appendage,Heart_Left_Ventricle,Spleen,Brain_Amygdala,Brain_Anterior_cingulate_cortex_BA24,Brain_Caudate_basal_ganglia,Brain_Nucleus_accumbens_basal_ganglia,Brain_Putamen_basal_ganglia,Brain_Cerebellar_Hemisphere,Brain_Cerebellum,Brain_Cortex,Brain_Frontal_Cortex_BA9,Brain_Hippocampus,Brain_Hypothalamus,Brain_Spinal_cord_cervical_c-1,Brain_Substantia_nigra,Nerve_Tibial,Cells_Transformed_fibroblasts,Cells_EBV-transformed_lymphocytes,Colon_Sigmoid,Colon_Transverse,Esophagus_Gastroesophageal_Junction,Esophagus_Mucosa,Esophagus_Muscularis,Liver,Minor_Salivary_Gland,Small_Intestine_Terminal_Ileum,Stomach,Adrenal_Gland,Pituitary,Pancreas,Thyroid,Lung,Ovary,Prostate,Testis,Uterus,Vagina,Skin_Not_Sun_Exposed_Suprapubic,Skin_Sun_Exposed_Lower_leg
BFPC04B,"STX1B",ENSG00000099365,13.624099,0.409427913499,,,,0.5863879635002666,,3.93194453327,,3.02031139322,1.68845573852,,,,,,,,,1.47107810132,,,,,,,5.90701796493,1.4723586017,,,2.71269254924,4.24462488235,,,,3.52554030135,,5.44534572442,4.23054303671,,6.73685710724,6.03485720591,-2.17689870659,,4.81623952888,5.67710266933,4.21963026858,4.69173698757,,5.22590283135
BFPC04F,"STX1B",ENSG00000099365,16.421636,0.0802262173089,,,,0.6922583697190826,,3.51310634893,,3.10680043426,1.39003390451,,,,,,,,,1.03975533731,,,,,,,5.57339252852,1.29422134828,,,2.97078866564,4.47908875623,,,,2.66203747449,,5.76312674328,4.2287102916,,6.60693496368,6.0139384885,-2.7970710033,,4.92307058764,5.69752159393,4.47173883766,4.32103724154,,4.6248011648
BFPC04,"STX1B",ENSG00000099365,17.637499,0.477668297046,,,,0.7312568666401645,,4.11775490843,,3.27556374414,1.81259236713,,,,,,,,,1.52397941069,,,,,,,6.23482635135,1.61691501437,,,2.95974048404,4.64321500196,,,,3.62901654741,,5.87222736863,4.53727545525,,7.14165033221,6.42572755572,-2.35279839345,,5.17134097951,6.0603504754,4.58806374992,4.93865282412,,5.46706583211
BLOO02,"STX1B",ENSG00000099365,10.447307,-2.50160825676,,,,-3.2320995914583466,,-3.65216698472,,-4.33842213712,-4.09579801931,,,,,,,,,-3.96055525989,,,,,,,-6.22749098468,-3.56951775425,,,-3.35054512183,-2.43606338492,,,,-3.79707267162,,-5.44630422635,-3.98074881673,,-5.63278263027,-5.36048024888,-1.69235375907,,-4.20987777489,-4.94212029206,-4.05932042166,-4.71209197532,,-5.18939911962
BLOO11,"STX1B",ENSG00000099365,15.265120,3.02852441048,,,,0.4927544232141105,,-1.0486039376,,-0.514236102474,0.516202047488,,,,,,,,,-0.0746380337055,,,,,,,-3.50044973777,1.67742207932,,,-2.25150435706,-1.28316517132,,,,-2.77607240112,,-3.48600015118,-0.603993250849,,-4.90708066537,-4.11690929671,3.67228675709,,-4.34824971104,-3.56457019312,-2.22892055373,-2.21357539726,,-2.12361580774
BLOO12,"STX1B",ENSG00000099365,6.123170,2.12240605177,,,,0.504829488755136,,-0.733274038422,,-0.743392125702,0.406728672355,,,,,,,,,-0.198748291147,,,,,,,-2.16693796751,0.703975172055,,,-1.93670196943,-0.635188745342,,,,-1.70141437518,,-2.31864464696,-0.838071920298,,-2.64413058213,-2.41022791411,2.06425923906,,-2.41493640577,-2.12086108551,-1.43884346048,-1.92520754311,,-1.03912310459
BLOO26,"STX1B",ENSG00000099365,14.390128,2.7311033811,,,,2.393151556817382,,4.2774602981,,4.69757940707,4.10861113492,,,,,,,,,4.31437810529,,,,,,,7.48867488785,3.51700802647,,,3.97033742677,3.90322813591,,,,5.05449897706,,6.21798085944,4.67951220767,,6.64852796833,6.18191491687,1.06782778525,,5.27043096709,5.55395309396,4.71659159442,5.92594779859,,6.05186965863
BLOO27,"STX1B",ENSG00000099365,12.358546,2.5437368308,,,,1.8117715194079624,,3.57100880662,,4.1891053818,3.52764370266,,,,,,,,,3.77904266591,,,,,,,6.67084153298,3.00700243035,,,3.35464870239,3.24492795714,,,,4.34466522473,,5.61986422053,4.13805398332,,5.90319194818,5.46134641832,0.648849585922,,4.34516653235,4.88446548939,4.2880703075,5.24326522952,,5.35460499631
BODY03,"STX1B",ENSG00000099365,8.645008,-0.0208719236441,,,,-0.4171155223276839,,2.52110154956,,1.02783835057,0.123071190525,,,,,,,,,1.02088027302,,,,,,,4.18514234954,0.00500645163736,,,0.881033562682,2.56853877576,,,,3.21039028373,,3.89295764168,2.4006167363,,4.71169362468,3.94730395252,-1.45078905988,,3.10759718101,3.77313546439,3.17496585693,2.26551715822,,3.64138545139
BODY04F,"STX1B",ENSG00000099365,5.984054,0.2888757664,,,,0.059131860998082535,,2.47940202856,,1.36202896165,0.388782426084,,,,,,,,,1.16633268427,,,,,,,3.9289711109,0.0917550007494,,,0.685201475658,3.49653845922,,,,3.29634791464,,3.76425719175,2.62450719981,,4.32632430818,3.69422068905,-0.96224114423,,2.47508938999,3.48969384478,2.48880071277,2.44447046019,,3.63676066171
BODY04,"STX1B",ENSG00000099365,9.342103,0.260351049904,,,,-0.21782282457640728,,2.8224198853,,1.33781573544,0.268744244048,,,,,,,,,1.17728407029,,,,,,,4.51617937188,0.219660426466,,,0.951062241085,2.8204769056,,,,3.44175486202,,4.24092810553,2.6988451756,,4.99103656975,4.30049718359,-1.29180832869,,3.08898323042,4.12174043823,3.29786499465,2.58429845022,,4.00998812148
BODY06,"STX1B",ENSG00000099365,5.859618,-0.630855438656,,,,-0.5860182751979354,,1.32869266339,,0.749185843028,-0.0159320920432,,,,,,,,,0.457777135048,,,,,,,2.82562084451,-0.694731552854,,,1.21732316914,1.71242004283,,,,1.7865149936,,2.737571884,1.03416742241,,3.24195724739,2.88588781181,-2.32514702689,,2.62154987038,2.53568573228,2.52910755207,1.65603672455,,2.16648674183
BODY07,"STX1B",ENSG00000099365,6.001623,-0.907340393709,,,,-0.7776123615579774,,1.19348205349,,0.526219652238,-0.205415769014,,,,,,,,,0.311471822504,,,,,,,2.6703209193,-0.865917080943,,,1.11545683,1.59392913379,,,,1.67387173332,,2.54817403092,0.900698521824,,3.11784426272,2.73487497627,-2.49194910301,,2.51723053129,2.39090765583,2.31567102024,1.56445018844,,2.05269931258
BODY08B,"STX1B",ENSG00000099365,19.910837,-1.96301374303,,,,-1.4637484075071445,,2.81235754037,,1.39903424889,-0.36552851738,,,,,,,,,0.332296650484,,,,,,,5.71066205629,-0.793898237454,,,2.24931111393,3.46471138801,,,,3.47939995197,,5.10740763068,2.9782305177,,6.52214977427,5.64486881343,-4.87511267533,,4.67494861528,5.0235993748,4.20514913867,3.88765767397,,4.65908257174
BODY08F,"STX1B",ENSG00000099365,17.036812,-1.28376563633,,,,0.08743319568561736,,3.09432250797,,2.34615298612,0.463169772101,,,,,,,,,0.763546156152,,,,,,,5.48353490674,0.249765044448,,,3.25591168072,4.02530028622,,,,3.4138021071,,5.47386706449,3.66094909945,,6.46673699374,5.86040762761,-3.88834446346,,5.31342741848,5.40916659724,4.63456123562,4.20246054215,,4.56593618327
BODY08M,"STX1B",ENSG00000099365,7.670094,-1.60006662192,,,,-2.0862033268193483,,1.2222381107,,-0.083444117071,-0.897429425924,,,,,,,,,-0.196372919587,,,,,,,3.16458938594,-1.30417066388,,,0.309319140296,1.3248955978,,,,1.8640298419,,2.34128576716,0.966549258352,,3.44001876179,2.75234589766,-3.37827007197,,1.88661278398,2.28383103028,1.81859643352,1.75242955601,,2.50419248572
BODY08,"STX1B",ENSG00000099365,18.691500,-1.7672079607,,,,-1.094769017320499,,3.10368696926,,1.79318940368,-0.0910519896305,,,,,,,,,0.550534348537,,,,,,,6.04442135107,-0.469360306124,,,2.6466615897,3.86383013817,,,,3.76755109494,,5.56267387756,3.39376321139,,6.93652937271,6.0800916168,-4.82413529,,5.11575899241,5.46197949616,4.64228287558,4.24319556881,,4.98307350715
FATM02,"STX1B",ENSG00000099365,6.232295,0.655007715448,,,,0.9778024151853744,,2.39157769522,,1.94973537668,1.26960233136,,,,,,,,,1.21325304319,,,,,,,3.78389792974,0.753543314712,,,1.77644494903,3.33709502928,,,,2.17741810524,,3.6439044088,2.0534248413,,4.21094079213,3.91637059016,-1.22749826838,,3.48743993158,3.71289052322,3.44255325154,2.91826579869,,3.25890917659
FATM03,"STX1B",ENSG00000099365,5.799396,0.417580350916,,,,0.8155830331974975,,2.29287531952,,1.76706295199,1.12690734329,,,,,,,,,1.08943960854,,,,,,,3.64820171326,0.615306569887,,,1.71010586019,3.24963176915,,,,2.06064211545,,3.47001604169,1.92447940178,,4.10719938298,3.78935318927,-1.35502068229,,3.42657668785,3.59003473926,3.23197839519,2.83530636248,,3.15723050848
FATM04B,"STX1B",ENSG00000099365,20.785315,-0.131617124185,,,,0.35148442501456706,,4.04246956561,,3.04532713952,1.32794959926,,,,,,,,,1.11521180543,,,,,,,6.69137262151,1.13039955752,,,2.81601093816,5.17158225856,,,,3.7042830715,,6.22580820028,4.07671313127,,7.38960050648,6.66317207077,-3.13874538208,,5.36284504292,6.18847554515,4.95611252163,5.03815457919,,5.69084358867
FATM04F,"STX1B",ENSG00000099365,21.456242,-0.364616624616,,,,1.0229150385996866,,3.54301865738,,3.11375271435,1.18286906961,,,,,,,,,0.96869523317,,,,,,,5.97566215316,1.17098445833,,,3.28735867442,5.19012108096,,,,3.16641920299,,6.12284507255,4.08242595133,,6.85482261522,6.33922385009,-3.15191687141,,5.28032119681,5.98725549871,4.8917188807,4.7056078143,,4.98934675975
FATM04M,"STX1B",ENSG00000099365,7.231406,0.129520498154,,,,-0.38721536457090605,,2.56254228225,,1.5493061944,0.825200699695,,,,,,,,,0.713033226245,,,,,,,4.14765432662,0.562913184677,,,1.08660923545,2.7200041123,,,,2.4144952813,,3.37863463822,2.15104093119,,4.36286599782,3.7992845857,-1.64968938234,,2.90520206416,3.44356512127,2.67326030831,2.94601019246,,3.60754004
FATM04,"STX1B",ENSG00000099365,19.102593,-0.0532294578137,,,,0.6170837963020707,,4.22215477753,,3.31819854383,1.47172526512,,,,,,,,,1.2176320597,,,,,,,6.98955201716,1.32003727862,,,3.10879480274,5.58459802103,,,,3.89370984873,,6.62898377576,4.389229171,,7.76099920113,7.04080536538,-3.2353888068,,5.70443195152,6.56862147059,5.33103247517,5.32447810914,,5.94514309909
HIPC01,"STX1B",ENSG00000099365,8.584509,-0.472734800757,,,,-0.230647367266673,,3.12666710619,,1.11767150768,0.177135398483,,,,,,,,,1.52059244138,,,,,,,4.76688955886,-0.295160348857,,,2.202699927,3.34389714096,,,,3.67006476899,,4.13764268575,2.88395180281,,5.07673546873,4.47083631107,-1.51905935049,,3.84315637836,4.23201422409,3.41554577446,2.61811137928,,4.28023806544
HIPC02M,"STX1B",ENSG00000099365,5.846399,0.504215988925,,,,1.133744882182513,,2.28905412667,,2.00789843237,0.465147274152,,,,,,,,,2.70733320386,,,,,,,3.99334003747,0.865041870505,,,2.41725538494,2.56382507983,,,,3.87535491709,,3.47564117226,2.92296801516,,4.06207172072,3.86358125112,-0.44292690173,,3.39892568343,3.94984910281,3.3328960644,2.79289931434,,2.83092527156
HIPC02,"STX1B",ENSG00000099365,9.309264,-0.385836792088,,,,-0.23218882859594084,,3.04105754955,,1.08484776313,0.172285391842,,,,,,,,,1.47895804823,,,,,,,4.63085531361,-0.304192173168,,,2.15259481236,3.23419220342,,,,3.55577863081,,4.02897638096,2.80786327634,,4.95433434254,4.34842290382,-1.47746676971,,3.70474946768,4.1161398224,3.38883083171,2.47210479526,,4.17418566961
LEAN05B,"STX1B",ENSG00000099365,5.708409,-0.57319343701,,,,0.33847459460390683,,1.32982903638,,0.839207494078,0.144629517013,,,,,,,,,0.049425656006,,,,,,,2.84586790295,-0.278761644349,,,0.609315000993,3.02540459754,,,,1.13584900873,,2.67842175487,0.682452130299,,3.12516092754,2.73924521506,-2.16641859866,,2.47373489269,2.55055315328,2.73340005929,1.65922094229,,2.20370299452
LEAN06B,"STX1B",ENSG00000099365,14.156126,-1.54163231282,,,,-0.47750415341513974,,1.70567092957,,1.01013795522,-0.782511215021,,,,,,,,,-0.954289767507,,,,,,,4.35136119934,-0.679645067087,,,1.13129115548,4.71919791253,,,,1.81375550578,,4.21931328633,1.32391321477,,4.62676326851,4.0275725751,-4.15308291755,,2.98055134858,3.61009048405,3.82026528359,2.78019220983,,3.09855713524
LEAN06F,"STX1B",ENSG00000099365,11.556956,-1.32502173058,,,,0.45863686001089327,,1.6742916135,,1.11360019195,-0.417505518397,,,,,,,,,-0.379230926015,,,,,,,3.96556063995,-0.265180359112,,,1.73130374805,4.66695478534,,,,2.26448139896,,3.85861315889,1.54974781949,,4.444111924,3.91813087517,-3.55543921432,,3.19067457232,3.63447544272,3.48269731848,3.08661366407,,3.1239813025
LEAN06,"STX1B",ENSG00000099365,11.144954,-1.37090541283,,,,-1.057162821877137,,1.46718416674,,0.814876403719,-0.883729995211,,,,,,,,,-1.12486373175,,,,,,,3.87347991535,-0.794550695954,,,0.53784297206,3.9032291305,,,,1.21413739167,,3.80544516273,0.987911243209,,3.96379118213,3.43382371392,-3.82228052385,,2.26749267498,2.98287093676,3.43909116984,2.1052010946,,2.56218392298
NEUR02B,"STX1B",ENSG00000099365,9.220548,-4.09625124968,,,,-5.10720381725969,,-4.71048929449,,-5.60398372163,-4.41328044869,,,,,,,,,-4.38906765219,,,,,,,-5.73744278787,-4.37532276595,,,-4.23461568098,-5.20786587291,,,,-4.66373952516,,-6.13875651248,-4.59578376969,,-5.13790054991,-5.4048088325,-1.86122866711,,-3.64283948043,-5.68050683077,-3.70076120595,-4.42575412706,,-4.7906628288
NEUR02F,"STX1B",ENSG00000099365,5.926282,-2.82744855192,,,,-3.745507594890879,,-3.9233377608,,-4.32192988231,-3.43859331033,,,,,,,,,-3.5599958281,,,,,,,-4.42076807535,-3.2256979123,,,-3.09504482903,-3.62017130936,,,,-4.08561982347,,-4.51622944632,-3.94837934703,,-4.0857412154,-4.1600923667,-1.58150620665,,-2.93591820132,-4.32465060312,-2.61215138928,-3.6079253227,,-3.52547568835
OBES02,"STX1B",ENSG00000099365,5.846490,1.04884260072,,,,1.2622976094943157,,3.92369950385,,2.64563706198,1.57028983242,,,,,,,,,2.91356654016,,,,,,,4.94923068455,1.38320409146,,,3.23493327959,4.19343328581,,,,3.93589526877,,4.70731502794,3.51745797056,,4.49144065585,4.70560836787,0.0956977159912,,4.0890231027,4.37031049356,3.3830974496,4.02735234817,,4.15310114188
TRGL03,"STX1B",ENSG00000099365,6.500946,-0.0982212499512,,,,-0.6104483501417644,,2.03100630826,,1.03241166767,-0.148961839659,,,,,,,,,1.85298401303,,,,,,,3.72148308259,0.501320728429,,,2.61713139148,2.82785590714,,,,3.73869015888,,3.31129494406,2.73867540987,,4.83554997885,4.02858184247,-1.47264936057,,4.12439490095,3.76552202515,2.53188634397,4.06429343832,,2.4862459178
WAIS01,"STX1B",ENSG00000099365,8.437612,0.285529183506,,,,0.5373753509313944,,3.3196594273,,2.00214382063,0.72938810263,,,,,,,,,2.42393647435,,,,,,,5.22357646938,0.489904869575,,,2.61376187478,3.55446921003,,,,4.30692848204,,4.28875670804,3.58654280143,,5.17515438399,4.81120309702,-0.704205577615,,3.59967798791,4.5924212128,3.05800790218,3.81961334784,,4.44438591299
WAIS02,"STX1B",ENSG00000099365,9.260760,0.428599818501,,,,0.5483779737166491,,3.21403551329,,1.93957772227,0.706180581658,,,,,,,,,2.34681235557,,,,,,,5.0418475805,0.447001334615,,,2.55194529548,3.39118386449,,,,4.21750278554,,4.16531766583,3.46161246326,,5.05423291277,4.65812168623,-0.681799409634,,3.521273781,4.4463009692,3.03485611206,3.48883208323,,4.32683682251
