code,target,ENSEMBL,association,Adipose_Subcutaneous,Adipose_Visceral_Omentum,Breast_Mammary_Tissue,Muscle_Skeletal,DGN_Whole_Blood,Whole_Blood,Artery_Aorta,Artery_Coronary,Artery_Tibial,Heart_Atrial_Appendage,Heart_Left_Ventricle,Spleen,Brain_Amygdala,Brain_Anterior_cingulate_cortex_BA24,Brain_Caudate_basal_ganglia,Brain_Nucleus_accumbens_basal_ganglia,Brain_Putamen_basal_ganglia,Brain_Cerebellar_Hemisphere,Brain_Cerebellum,Brain_Cortex,Brain_Frontal_Cortex_BA9,Brain_Hippocampus,Brain_Hypothalamus,Brain_Spinal_cord_cervical_c-1,Brain_Substantia_nigra,Nerve_Tibial,Cells_Transformed_fibroblasts,Cells_EBV-transformed_lymphocytes,Colon_Sigmoid,Colon_Transverse,Esophagus_Gastroesophageal_Junction,Esophagus_Mucosa,Esophagus_Muscularis,Liver,Minor_Salivary_Gland,Small_Intestine_Terminal_Ileum,Stomach,Adrenal_Gland,Pituitary,Pancreas,Thyroid,Lung,Ovary,Prostate,Testis,Uterus,Vagina,Skin_Not_Sun_Exposed_Suprapubic,Skin_Sun_Exposed_Lower_leg
APOL01,"TMEM258",ENSG00000134825,13.241217,,-1.63752447849,-3.26341591129,-3.80385054717,,-3.23446003313,-4.73861995592,,-4.56291756948,-4.28166294172,,,,,,,,,,,1.00008001494,,,,,-5.05433603759,-5.05691067095,,-2.99270474553,-2.53704101772,-0.430517015206,,-2.76699201232,,,,,,,,-2.96169334062,,-2.07365196519,,,-5.47683701103,-0.33276085158,,-5.98158594774
ATOP01,"TMEM258",ENSG00000134825,5.478117,,1.64103675987,1.57301653887,4.77617486208,,4.75371432412,3.58595552546,,4.59676250205,2.85161168891,,,,,,,,,,,-0.538069592092,,,,,3.88008297874,4.23169890189,,3.00817562841,3.50601389604,3.41220047094,,3.60751785403,,,,,,,,3.3838228848,,3.72114405507,,,3.18115175169,0.552180500384,,3.74160945599
BALD01,"TMEM258",ENSG00000134825,8.666210,,-2.34924770871,-1.77740975935,-2.9733577802,,-3.69495992832,-3.29237435389,,-4.3210476637,-3.54908660831,,,,,,,,,,,-0.248344870465,,,,,-3.76932688483,-4.42476952628,,-1.75253499982,-1.31058130587,-3.85724327587,,-2.30200795412,,,,,,,,-3.04815534517,,-2.50152208641,,,-4.03435776083,-1.43901245705,,-4.86472032735
BLOO01,"TMEM258",ENSG00000134825,27.134860,,6.3146020612,6.16380667873,6.71263840622,,7.31722420713,7.42056317544,,8.02905325869,8.16001681583,,,,,,,,,,,0.643278005211,,,,,8.38953094195,8.98410655659,,3.00367547438,3.99872421061,6.79544259201,,4.8645606632,,,,,,,,6.01632167538,,6.02697796375,,,8.93665221717,3.02297507714,,9.71415664786
BLOO02,"TMEM258",ENSG00000134825,27.534067,,3.05563348344,5.25985241686,6.38759931591,,5.66584432093,6.70782247681,,7.61001038904,6.92009681237,,,,,,,,,,,-0.598311362432,,,,,7.39603747629,8.20094045252,,4.20484671374,3.89977197471,3.0014645968,,4.05362512178,,,,,,,,6.15019703615,,6.06733363028,,,8.43906062619,0.541436358776,,9.08076502445
BLOO03,"TMEM258",ENSG00000134825,17.805763,,3.44737216989,5.88061824813,5.88504949434,,4.36481984569,5.94344638974,,5.97260709461,5.7166130273,,,,,,,,,,,0.0117907630607,,,,,6.35961060571,7.26315108525,,4.81753410586,3.64511102414,2.0402807784,,3.91557714791,,,,,,,,5.522121549,,6.00549947432,,,7.61884416156,-0.319451315655,,7.3351898634
BLOO04,"TMEM258",ENSG00000134825,10.470339,,4.30350621339,4.51746184697,4.99050992761,,3.78737001862,4.99513608334,,6.02257614891,5.48870245022,,,,,,,,,,,-0.743792680036,,,,,3.84862467253,5.01918073196,,3.5250922535,3.93133572862,3.37670276792,,4.12764763638,,,,,,,,3.85137574466,,4.95136485862,,,5.16582187294,1.32495105634,,5.6561155138
BLOO06,"TMEM258",ENSG00000134825,13.846368,,-1.89939423863,-4.11494924948,-5.17027459868,,-4.60026512892,-4.92234319091,,-5.49993384427,-4.45043713614,,,,,,,,,,,-0.327016465741,,,,,-4.72695142214,-5.90588910119,,-4.75382792911,-2.38440045976,-1.98378020529,,-3.10524059683,,,,,,,,-4.99526834016,,-4.88534632839,,,-6.39311035117,-1.4655549333,,-6.29546686863
BLOO07,"TMEM258",ENSG00000134825,14.470364,,-2.37849487986,-3.0050359735,-3.67616105092,,-4.76106109465,-5.39856692643,,-5.37487805743,-4.27786165763,,,,,,,,,,,-2.50466955646,,,,,-5.29054472101,-5.31126893763,,-1.70242376014,-3.18135227729,-3.20805672106,,-3.27862910064,,,,,,,,-5.53378552408,,-3.4921496643,,,-5.77425199027,-0.219335205798,,-6.65614380235
BLOO09,"TMEM258",ENSG00000134825,17.970982,,-2.0547337571,-4.28592710107,-5.50081404482,,-5.21093518717,-5.42425156772,,-5.98195697743,-4.8069972386,,,,,,,,,,,-0.673703821682,,,,,-5.29054531151,-6.39740194444,,-4.69958250975,-2.62509283757,-2.3458254142,,-3.38749363793,,,,,,,,-5.48724340195,,-5.11308801638,,,-6.95260870319,-1.45631769057,,-6.97801042542
BLOO10,"TMEM258",ENSG00000134825,16.568331,,-1.69517167608,-3.77276748749,-4.92733967942,,-4.73999388589,-4.8698363995,,-5.44368768136,-4.13177268112,,,,,,,,,,,-0.613639029474,,,,,-4.73931410586,-5.77930474117,,-4.48748319884,-2.26283266844,-1.88696166957,,-3.01265563947,,,,,,,,-4.96599333354,,-4.69068428132,,,-6.31324957775,-1.29026925628,,-6.28689948698
BLOO12,"TMEM258",ENSG00000134825,13.218568,,-1.76931257369,-3.21419287442,-4.26017204092,,-4.24512924667,-4.2914244598,,-4.93405279932,-3.5462063517,,,,,,,,,,,-0.589291966702,,,,,-4.9615674463,-5.51530594459,,-3.33841127029,-1.7806850191,-1.2621190383,,-2.44513101444,,,,,,,,-4.35473553437,,-4.53538968384,,,-5.98904788615,-1.20572003005,,-6.02185084727
BLOO13,"TMEM258",ENSG00000134825,14.798576,,-1.87868051072,-4.09108094806,-5.2202746745,,-4.75535344222,-4.99336937705,,-5.56196218177,-4.51089684515,,,,,,,,,,,-0.403650003057,,,,,-4.84082175673,-5.95458280481,,-4.71505006763,-2.42892143468,-2.05317485348,,-3.18911317464,,,,,,,,-5.04408359788,,-4.9649274022,,,-6.40784059814,-1.54818116829,,-6.35003408406
BLOO15,"TMEM258",ENSG00000134825,5.892994,,0.787808946675,2.78390040843,3.25437299357,,1.99426869134,3.77091091308,,3.91277626457,3.81223730827,,,,,,,,,,,-0.340138772015,,,,,3.79422110187,4.04962326814,,2.97701656391,2.53963482555,1.99800818816,,2.59796717609,,,,,,,,2.40502579892,,2.89775033547,,,4.6432798086,1.40705103374,,4.0677180337
BLOO16,"TMEM258",ENSG00000134825,12.345872,,-2.43201227199,-2.79340802873,-3.48476623958,,-4.89188394273,-4.99048635291,,-5.07715593863,-4.05917947802,,,,,,,,,,,-2.51455150086,,,,,-4.78334317056,-4.9908743535,,-1.33999682154,-2.82026465724,-2.85452854814,,-3.04474041787,,,,,,,,-5.3436184223,,-3.52176040157,,,-5.29930974443,-0.333805675529,,-6.21632818127
BLOO17,"TMEM258",ENSG00000134825,7.793714,,-1.96768005625,-2.03297369364,-2.39761070592,,-3.43572058934,-4.19315207548,,-3.99125194297,-3.48287957414,,,,,,,,,,,-2.29869789373,,,,,-3.74063805158,-3.65187773404,,-0.72202265746,-2.70699289659,-3.01296079882,,-2.6557138447,,,,,,,,-4.12480695454,,-2.1149624541,,,-3.98342491263,-0.0331355154688,,-4.86526127841
BLOO19,"TMEM258",ENSG00000134825,20.828303,,-3.70759826536,-5.77104858358,-6.73484106319,,-6.80698796287,-6.51974957516,,-6.83034757663,-6.66855500117,,,,,,,,,,,0.276572572382,,,,,-6.74907687157,-7.30999680325,,-5.44914995612,-3.67098620324,-4.57141216859,,-4.53889351612,,,,,,,,-5.88680901393,,-5.74916362979,,,-7.71180889885,-1.45321939616,,-8.27637117581
BLOO20,"TMEM258",ENSG00000134825,14.710790,,3.12224648722,4.72513999024,5.34369977226,,3.80205018585,5.16091997552,,5.5575267734,5.15184944948,,,,,,,,,,,-0.457518644652,,,,,5.38248322074,6.22641375472,,4.0076438612,3.34789788912,2.15702335876,,3.52336606386,,,,,,,,5.16074088138,,5.27428362547,,,6.50210155834,-0.233233226862,,6.45505397118
BLOO25,"TMEM258",ENSG00000134825,5.908228,,1.46347366431,4.28445425256,3.07405326369,,2.95037241799,3.55757605189,,2.75173363389,2.62060691794,,,,,,,,,,,0.948193434569,,,,,4.21093326046,4.48962701581,,3.20691065413,2.10435041465,0.167421397936,,2.32244507417,,,,,,,,2.00907375756,,3.41745358542,,,4.4041235242,0.166708717799,,4.05238442612
BLOO27,"TMEM258",ENSG00000134825,13.841125,,-0.627524894377,-2.19863708051,-3.47802930346,,-4.5322662496,-4.17350530049,,-5.34020958529,-4.74017049367,,,,,,,,,,,0.64613332488,,,,,-4.85446991931,-5.1934868159,,-1.31627387336,-2.09297889593,-2.0535113257,,-2.17981295897,,,,,,,,-3.22793884887,,-3.03973876446,,,-4.90721200237,-1.77492760605,,-6.33279624764
BLOO28,"TMEM258",ENSG00000134825,18.602216,,3.57764502066,5.15073262895,5.63100190467,,6.10604668079,5.49036938745,,5.92623895266,5.71984088454,,,,,,,,,,,-0.0701140535591,,,,,6.65490008238,6.61774080044,,4.20321508208,2.78229663538,3.84861572099,,3.60235773943,,,,,,,,5.09631532715,,5.11573369452,,,6.84997155024,1.02593336665,,7.67625686727
BLOO29,"TMEM258",ENSG00000134825,41.949427,,-5.46045513623,-8.46281058563,-8.5695711356,,-8.77467041737,-9.78906032913,,-8.84431551994,-8.26383253084,,,,,,,,,,,-1.17394688442,,,,,-9.49893463984,-10.4983960026,,-3.7997094265,-5.37840006105,-6.10363883942,,-5.88850019777,,,,,,,,-6.6588897388,,-7.69943643985,,,-11.9417994056,-2.57297710322,,-10.920785595
BLOO30,"TMEM258",ENSG00000134825,15.725935,,-2.1241679255,-4.32290430367,-5.48298478612,,-5.07431691001,-5.38149865244,,-5.92878073368,-4.75778774849,,,,,,,,,,,-0.594603082056,,,,,-5.20335187655,-6.37954899134,,-4.76548251395,-2.59635858555,-2.25780839892,,-3.32283113941,,,,,,,,-5.41645719228,,-5.05789031133,,,-6.95711158038,-1.4076213534,,-6.94608774664
BLOO32,"TMEM258",ENSG00000134825,6.411493,,-1.37053027282,-3.51002612305,-4.14619845508,,-3.28983047063,-3.63445689233,,-3.88516101128,-4.00053270526,,,,,,,,,,,0.65930951553,,,,,-2.12727986135,-3.98558445303,,-4.72488029985,-2.15698636343,-2.53788248071,,-2.74053851599,,,,,,,,-3.54831903374,,-2.98349705633,,,-4.30943010738,-1.68776393963,,-3.95396683764
BLOO33,"TMEM258",ENSG00000134825,10.640487,,4.34637292242,2.54600557276,2.98444014422,,3.6065861299,3.12890760997,,4.45639817615,4.93452344324,,,,,,,,,,,0.112947731045,,,,,4.71270059407,4.68292748431,,1.17174678014,1.52705036235,4.48217255437,,2.24172375669,,,,,,,,3.04796935264,,2.89519074475,,,3.90190853947,2.3122496828,,5.32090495082
BLOO35,"TMEM258",ENSG00000134825,67.428303,,-7.44406027536,-9.58492220543,-13.1856166659,,-11.5330297937,-13.9483217049,,-13.3652115374,-10.6257589301,,,,,,,,,,,-1.78081216812,,,,,-12.7003899338,-13.9592354087,,-8.71461624343,-10.1378552332,-6.31913117406,,-10.6083945097,,,,,,,,-10.9674865707,,-11.7126626953,,,-13.7620516402,-2.3220486284,,-14.3308337476
CHOL01,"TMEM258",ENSG00000134825,17.706770,,-1.49373850177,-3.93224717404,-4.01184373293,,-3.0590765781,-4.80999856949,,-4.64409773731,-4.80736678262,,,,,,,,,,,-0.300900055174,,,,,-6.01060216378,-5.25364711647,,-2.89878428128,-2.2506288369,-0.27774683555,,-1.91097988293,,,,,,,,-2.83301907634,,-2.08288296699,,,-5.83418758964,-0.0676084769777,,-6.59774537938
CHOL07,"TMEM258",ENSG00000134825,19.384903,,-2.57111384258,-4.91181912122,-4.62652350449,,-5.02416798814,-5.3825235039,,-5.7272057157,-5.64063684301,,,,,,,,,,,0.653645585632,,,,,-5.95512315818,-6.63989063895,,-3.63849333224,-2.71843184021,-1.44610232628,,-2.35232971386,,,,,,,,-4.47238328882,,-2.80252694432,,,-5.89348707697,0.793230170898,,-7.80053638055
CHOL08,"TMEM258",ENSG00000134825,17.713229,,-1.30258600012,-4.06363265717,-4.05787908838,,-3.37094726853,-4.78585692189,,-4.72918391318,-4.91707366867,,,,,,,,,,,-0.532018186597,,,,,-6.15703588963,-5.2826131461,,-2.76435045432,-2.20705026904,-0.306439945665,,-1.92226268916,,,,,,,,-3.12036310325,,-2.4728614371,,,-5.89223632009,-0.293037489199,,-6.6865966755
CHOL09,"TMEM258",ENSG00000134825,24.335132,,-2.68353088577,-5.35414674391,-4.86006092438,,-4.1743720241,-5.82692299828,,-6.22722905009,-5.81926641813,,,,,,,,,,,-0.219894018862,,,,,-7.14551135919,-6.46976923462,,-3.77912557954,-2.85518412895,-1.08542234427,,-2.53925296726,,,,,,,,-4.17096503857,,-2.98265928232,,,-6.90333825432,-0.464578245005,,-8.43950384891
CHOL11,"TMEM258",ENSG00000134825,8.469007,,-2.05912743984,-2.58417693789,-2.84579471149,,-2.96785899023,-3.74226957716,,-4.02712085359,-3.43150219198,,,,,,,,,,,2.40218827459,,,,,-3.10386523138,-3.81792319356,,-2.26632945114,-1.73042675389,-1.99979867216,,-2.42206157953,,,,,,,,-3.41385440467,,-2.85396270243,,,-4.42470258518,-0.868750355399,,-4.58164751656
CHOL12,"TMEM258",ENSG00000134825,17.236752,,-1.18042353181,-4.24188867957,-4.15971667883,,-3.58566171508,-4.9966270453,,-5.2617355108,-5.15700856699,,,,,,,,,,,-0.406102992563,,,,,-6.51082480067,-5.50277013503,,-2.86151081551,-2.34030067627,-0.657322717113,,-2.20798046769,,,,,,,,-3.34450103901,,-2.75820527917,,,-6.13441074104,-0.56610724418,,-7.20963060335
CHOL18,"TMEM258",ENSG00000134825,19.867036,,-2.40323463913,-5.06726836531,-5.04921790656,,-4.82622595771,-5.8987730346,,-6.20356874364,-5.52609538331,,,,,,,,,,,0.0853400717954,,,,,-6.50100073741,-6.67259784139,,-4.08487173911,-3.36337275199,-1.41745646883,,-2.91270361862,,,,,,,,-4.41433440144,,-3.20529939621,,,-6.16981428003,0.045380523132,,-7.95070759526
CHOL19,"TMEM258",ENSG00000134825,9.892383,,-1.19941000635,-2.71347543197,-2.23923497661,,-3.07652388863,-3.223976153,,-3.5804154037,-3.4321700504,,,,,,,,,,,2.32705577924,,,,,-3.28185478902,-4.07772960783,,-1.68286671111,-0.731945284601,-0.92285764475,,-1.32612404203,,,,,,,,-3.36766345792,,-2.39930156031,,,-4.56688065269,0.514133791584,,-5.24976990824
CHOL21,"TMEM258",ENSG00000134825,26.230844,,-1.82077578485,-5.90231264899,-6.81246651428,,-5.87270296301,-6.99733619841,,-7.79228126132,-5.9934081214,,,,,,,,,,,-1.24166850793,,,,,-8.37177542953,-8.46177041766,,-4.45847848072,-3.88798506206,-2.81863269688,,-3.95139944568,,,,,,,,-8.95959936359,,-5.39100892387,,,-7.97459828688,-0.255881864559,,-10.0961694633
CHOL22,"TMEM258",ENSG00000134825,26.623533,,-3.22165822757,-5.61230014297,-6.69717681703,,-5.5311276305,-7.71923999385,,-8.00360683767,-6.49075378217,,,,,,,,,,,0.316604710238,,,,,-8.66108832803,-8.85893397902,,-5.70341299063,-4.60052099834,-2.4133232108,,-5.03310138407,,,,,,,,-7.61138373211,,-5.40122362889,,,-7.60245501344,-1.07964329412,,-9.76115063967
CHOL23,"TMEM258",ENSG00000134825,12.524779,,-0.85748711313,-3.32715700133,-3.47119291456,,-2.75409003378,-4.28448647344,,-4.04962648353,-4.17185597064,,,,,,,,,,,-0.0136383190697,,,,,-5.365071911,-4.59726024766,,-2.59776788114,-1.92547235754,-0.0142581707206,,-1.9181740954,,,,,,,,-2.6093478052,,-1.95589655734,,,-5.33245359803,-0.634137749343,,-5.7962455669
CHOL24,"TMEM258",ENSG00000134825,6.932148,,-1.53503984123,-2.4722570507,-2.57793487762,,-2.98925586474,-3.53306683229,,-3.81771357736,-3.14991784125,,,,,,,,,,,2.3490385122,,,,,-2.61963857444,-3.66011710268,,-2.13465593152,-1.456699563,-1.67512445245,,-2.21719927768,,,,,,,,-3.27327576368,,-2.5458855049,,,-4.21350590224,-0.655145881509,,-4.25975802029
CHOL26,"TMEM258",ENSG00000134825,5.773452,,-0.44885149963,1.5856249388,2.07315777101,,0.710078055277,2.68834011596,,3.29081435657,3.87723004858,,,,,,,,,,,0.443363328362,,,,,3.32035561995,2.49329896214,,0.80082402682,1.1679735218,1.2486390207,,1.1921622869,,,,,,,,2.00906252722,,1.23307089541,,,3.5628559538,1.97569161736,,3.98745336155
CHOL27,"TMEM258",ENSG00000134825,25.041790,,-1.95180545195,-6.04666361045,-6.51932924874,,-5.88502586959,-6.86225597938,,-7.63779499679,-5.81529427209,,,,,,,,,,,-1.56115133095,,,,,-8.42802875214,-8.2599035355,,-3.52989738952,-3.81814504492,-3.55807628762,,-4.17236863802,,,,,,,,-8.2295349162,,-5.38154803517,,,-7.81669277686,-1.01913118341,,-9.75428616774
CHOL34,"TMEM258",ENSG00000134825,18.961777,,-2.63109481215,-5.18421054643,-4.7883659805,,-5.13726830701,-5.52759896773,,-5.85756681962,-5.54319095098,,,,,,,,,,,0.544766578525,,,,,-6.12992394904,-6.69388853281,,-3.76052274664,-2.91097057458,-1.46054659476,,-2.55792570837,,,,,,,,-4.42954342996,,-3.17364890095,,,-5.91944070773,0.128184476397,,-7.77690483375
CROH01,"TMEM258",ENSG00000134825,7.445075,,2.17883545822,4.00634515439,2.60694400261,,3.51746442264,2.76665296809,,3.17333137901,4.61372111052,,,,,,,,,,,-1.62344379999,,,,,3.57157864658,4.23487621849,,1.31064929095,0.486190593041,2.25945626086,,1.08722149173,,,,,,,,3.23048934183,,2.47089510693,,,4.13671231475,2.12213655134,,4.72610551592
DEPR01,"TMEM258",ENSG00000134825,6.877850,,2.39081161101,3.02445186652,3.33698813296,,4.0586155113,3.64304627167,,3.92023639394,3.53909327176,,,,,,,,,,,-0.630242829207,,,,,3.39462813011,3.71648272212,,2.02909850029,1.77981467879,4.48014951217,,2.89072462343,,,,,,,,3.16372288922,,3.25980714127,,,3.87536719836,1.58345486885,,4.03299348499
FATT04,"TMEM258",ENSG00000134825,82.182911,,-17.4600015672,-inf,-inf,,-inf,-inf,,-inf,-inf,,,,,,,,,,,-0.928261431077,,,,,-inf,-inf,,-inf,-inf,-inf,,-inf,,,,,,,,-inf,,-inf,,,-inf,-inf,,-inf
FATT06,"TMEM258",ENSG00000134825,82.698753,,-6.41390765475,-13.1373869215,-16.0283802989,,-15.3706646878,-20.5497151972,,-23.198160737,-21.2257180789,,,,,,,,,,,-1.42489898081,,,,,-24.1086543566,-22.5111559825,,-9.44867008448,-9.04444308372,-7.43572461514,,-9.14388783141,,,,,,,,-15.0084054313,,-11.6381727922,,,-25.2197703906,-3.75981797588,,-28.6984515324
FATT07,"TMEM258",ENSG00000134825,57.152878,,-5.59740985883,-12.245904258,-14.8193266557,,-14.1009008643,-18.7640736489,,-20.8118193644,-19.3291930712,,,,,,,,,,,-0.822196620745,,,,,-21.9439669524,-20.6933565073,,-8.75214828929,-8.26315174837,-6.60295562766,,-8.48225295305,,,,,,,,-13.9788066316,,-10.7582519139,,,-23.1563100763,-3.15218931721,,-26.0717614004
FATT10,"TMEM258",ENSG00000134825,25.444918,,-2.73115973898,-4.49375106416,-4.85278323722,,-6.12210598669,-5.97152420618,,-6.98066582239,-6.50694697348,,,,,,,,,,,0.339865909687,,,,,-7.52359454411,-7.97539297361,,-3.18786196065,-1.83477687117,-1.95840938796,,-2.39029464416,,,,,,,,-4.8835655991,,-4.5129383005,,,-8.09298241324,0.676009263063,,-9.30922919496
FATT13,"TMEM258",ENSG00000134825,56.904517,,-3.73128398795,-9.6617823077,-10.971744112,,-11.5125159248,-13.7941426474,,-15.5749022168,-15.3101236915,,,,,,,,,,,-0.0906983238157,,,,,-17.1992836206,-15.9522793294,,-6.47236915226,-5.30743422639,-4.35043263822,,-5.41997201751,,,,,,,,-11.4090226738,,-7.94901069235,,,-18.2010164486,-2.34615675332,,-20.3588275347
FATT18,"TMEM258",ENSG00000134825,35.201018,,1.90799322089,5.50403699697,5.41436358496,,5.35030456216,7.21833641881,,8.13349850794,7.38151269281,,,,,,,,,,,2.24910047693,,,,,9.19872059951,7.95125119679,,3.13929284395,2.67987796959,2.06122521267,,2.66753593058,,,,,,,,5.34331610299,,3.14545872978,,,9.25345911335,3.00285768883,,10.4941225099
FATT20,"TMEM258",ENSG00000134825,56.902430,,3.50798139384,8.9556157874,11.4010876976,,10.1735215283,14.562136605,,14.8847547938,13.7707469082,,,,,,,,,,,0.80222640654,,,,,16.0589126054,15.0644532797,,6.23928194859,7.29147262148,3.4544886211,,7.12828413781,,,,,,,,10.1157099958,,7.80766462087,,,17.1897244939,2.49446555204,,18.4207372794
FATT21,"TMEM258",ENSG00000134825,72.017973,,5.02374254987,11.5287034258,13.9439663096,,12.8165651321,17.4800899017,,18.929872439,17.4574967778,,,,,,,,,,,0.812246304712,,,,,20.0716778838,18.8396030387,,8.19431880944,8.25044507193,5.39597936684,,8.18623796607,,,,,,,,12.6943941369,,9.88093468506,,,21.2333499613,2.79690721134,,23.6037011931
FATT24,"TMEM258",ENSG00000134825,47.565255,,-3.08979164056,-5.89871945468,-6.57578745247,,-7.76507015454,-8.15233839944,,-9.09307409793,-8.18382012588,,,,,,,,,,,1.0134933955,,,,,-8.71214395987,-9.5634087482,,-3.68342630006,-3.20165180546,-3.12999969466,,-3.79297889418,,,,,,,,-6.14512450279,,-5.72956432591,,,-10.222894719,1.24731719885,,-11.2352747153
FATT29,"TMEM258",ENSG00000134825,85.246310,,-7.36527101821,-14.9744742888,-16.9070755461,,-17.1096488829,-21.7908922765,,-23.8440036562,-20.6839795471,,,,,,,,,,,0.444905152398,,,,,-24.1626408082,-24.4046908687,,-10.368295695,-9.50204995066,-7.53211572946,,-10.1973088767,,,,,,,,-16.2606933922,,-12.8478746905,,,-26.4948250259,-2.13124072709,,-29.8929175909
GLYC04,"TMEM258",ENSG00000134825,9.290993,,-1.49247601417,-2.84659317348,-4.00971066878,,-1.48787203774,-5.5574448138,,-4.90831030814,-4.56007896382,,,,,,,,,,,-0.815448145649,,,,,-4.12192461881,-4.51634515294,,-2.49929290206,-3.96406890263,-1.6025637403,,-3.97583566616,,,,,,,,-4.35968624996,,-2.64052588223,,,-4.99990236729,-1.35323829601,,-5.02419649087
GLYC19F,"TMEM258",ENSG00000134825,9.215297,,-1.63602842946,-2.63445878418,-3.58790097596,,-3.08884122506,-4.68318307434,,-5.10077881641,-3.28719367628,,,,,,,,,,,-1.1599904605,,,,,-4.37862896747,-4.32990608477,,-4.11827566062,-3.18670157722,-1.72774794737,,-3.50932411043,,,,,,,,-2.87941815788,,-3.35130487924,,,-3.96088355413,-1.59782109582,,-5.19120488817
GLYC19M,"TMEM258",ENSG00000134825,9.730674,,-0.378246350575,-1.26229540922,-3.82149343804,,-2.57228222238,-4.96280278732,,-4.31084682179,-3.8612283313,,,,,,,,,,,0.219394972905,,,,,-3.67736408927,-3.7167915005,,-2.07286385182,-2.45471872655,-3.23415480145,,-2.95021166636,,,,,,,,-4.14891407192,,-2.71351529424,,,-4.47816497642,-0.853023429372,,-4.67634546446
GLYC19,"TMEM258",ENSG00000134825,16.370132,,-1.45882320907,-2.81825175466,-5.23381294129,,-4.03131443949,-6.80841004458,,-6.67642994377,-5.03622554917,,,,,,,,,,,-0.740494918887,,,,,-5.71656888053,-5.70155948357,,-4.43077628187,-4.00113043338,-3.46232024241,,-4.58116871641,,,,,,,,-4.90766245137,,-4.2981327566,,,-5.95815606921,-1.76029870728,,-6.98966846111
GLYC22,"TMEM258",ENSG00000134825,7.620568,,-1.92016715124,-2.35390764303,-4.13801617616,,-3.22422194731,-4.51997484034,,-3.71323369258,-3.06104919715,,,,,,,,,,,0.779150906588,,,,,-3.15090377038,-4.52893994413,,-2.29654047592,-2.90470952801,-1.38941533195,,-2.84235493788,,,,,,,,-3.52186259687,,-3.41551849221,,,-4.85840272512,-0.561806836419,,-4.54573071821
GLYC35,"TMEM258",ENSG00000134825,11.280859,,-1.13255704835,-2.67976194187,-3.49651341658,,-2.5736099324,-5.21811263518,,-5.60124158645,-4.64394156778,,,,,,,,,,,0.429379567404,,,,,-4.5829809365,-4.71269296056,,-2.8349063336,-3.35456882103,-2.18610202407,,-3.8504480523,,,,,,,,-3.61931688561,,-3.16217890862,,,-4.34195865775,-1.41177931061,,-5.510705506
HEAR01,"TMEM258",ENSG00000134825,12.866525,,0.016523711237,3.67341731722,2.87939453677,,2.66273461845,4.79171706439,,4.42615325851,3.15188148756,,,,,,,,,,,-0.34663095518,,,,,5.40383270578,4.88001328759,,1.6994139478,2.06111540096,2.12077103227,,2.82447997545,,,,,,,,3.57352783602,,2.91221109161,,,6.10292063742,2.99349845344,,5.78724937603
IRON02,"TMEM258",ENSG00000134825,9.133494,,2.71289493888,4.51767993799,4.67657503891,,4.4746885857,5.36409611914,,5.51077334957,5.08892049857,,,,,,,,,,,-0.0122944556924,,,,,5.04641422443,5.77205604554,,2.76843796452,5.43224370526,4.08049234812,,5.44086548543,,,,,,,,4.97763396158,,4.83386627353,,,5.2868551603,2.24821423968,,5.65476248371
LIPI02,"TMEM258",ENSG00000134825,6.665969,,-1.84997430485,-2.69316668815,-2.63558082641,,-2.99787276666,-3.61489000569,,-3.79482153311,-3.01102534732,,,,,,,,,,,2.29723256379,,,,,-2.63511965372,-3.62873134521,,-2.12853485302,-1.66482733748,-1.58249661685,,-2.3617927948,,,,,,,,-3.30764342076,,-2.58163056748,,,-4.17871129565,-0.683890837072,,-4.17921581183
LIPI03,"TMEM258",ENSG00000134825,18.065997,,-1.67901759975,-4.30628367486,-4.35213907413,,-3.32454855434,-5.26411105262,,-5.2221810074,-4.98734348689,,,,,,,,,,,-0.160947885647,,,,,-6.67669631973,-5.62920752543,,-3.09870313323,-2.4740578527,-0.482799056615,,-2.32465199934,,,,,,,,-3.15301323952,,-2.43583457267,,,-6.47136354899,-0.6171888528,,-7.24817460891
LIPI11,"TMEM258",ENSG00000134825,21.045285,,-2.66987971101,-5.1239386571,-4.9841455258,,-4.62639376413,-5.80737747952,,-6.20327080087,-5.56852968628,,,,,,,,,,,0.391572930742,,,,,-6.51228701861,-6.68291103238,,-4.08816836596,-3.22306895705,-1.51101121443,,-2.73698474955,,,,,,,,-4.44546996792,,-2.95843971205,,,-6.14165626479,0.491571082679,,-8.1759255234
LIPI14,"TMEM258",ENSG00000134825,6.217857,,-0.334975880171,1.56046504972,1.95295504659,,0.993749806369,2.75215734384,,3.35866056369,3.72163056645,,,,,,,,,,,0.161662172008,,,,,3.35666785612,2.50561963392,,0.911489626048,1.19704589536,1.38999769028,,0.951046010903,,,,,,,,1.60767541362,,0.679000420367,,,3.50629125895,1.70154079381,,4.23392594261
LIPO01,"TMEM258",ENSG00000134825,6.239623,,-1.99327389899,-2.7750147524,-2.65590139324,,-2.99366446544,-3.61310409109,,-3.73232484243,-2.88000349938,,,,,,,,,,,2.19758207704,,,,,-2.58944685596,-3.57890599862,,-2.08986853939,-1.76827486776,-1.51135004226,,-2.43579389408,,,,,,,,-3.29619808326,,-2.59794834859,,,-4.10270042838,-0.688961592969,,-4.07989261622
LIPO02,"TMEM258",ENSG00000134825,17.661105,,-1.72284611007,-4.38345436651,-4.45400072994,,-3.36155230281,-5.38443639955,,-5.35735435661,-5.02910008102,,,,,,,,,,,-0.158224030991,,,,,-6.81162783645,-5.69476721837,,-3.1688188966,-2.55596329325,-0.508888354212,,-2.44217467415,,,,,,,,-3.24331333629,,-2.52707448887,,,-6.60622679967,-0.724950998711,,-7.38003028777
LIPO04,"TMEM258",ENSG00000134825,6.097165,,-0.104595268456,1.68426886072,1.737712819,,0.71351186014,2.5063215019,,3.17304234929,3.85675702075,,,,,,,,,,,-1.04760700478,,,,,3.26233834791,2.56376210853,,0.863514939385,0.643070419592,1.32283154733,,0.843278880751,,,,,,,,2.07819507896,,1.07898350157,,,3.86613907547,2.05273553225,,4.17252818329
LIPO07,"TMEM258",ENSG00000134825,6.181609,,0.0473612116147,1.82073252811,1.80859742518,,1.1347531626,2.80070549965,,3.43638144531,3.87184041434,,,,,,,,,,,-0.390965446749,,,,,3.41941672499,2.45425915778,,1.07030139459,1.21284819814,1.79500190485,,1.22451917053,,,,,,,,2.16601505489,,1.0923458165,,,3.35662619728,1.77927176946,,4.2016946955
LIPO12,"TMEM258",ENSG00000134825,18.127855,,-1.5909865919,-4.59408989956,-3.38965230549,,-3.51764799926,-4.42932293073,,-4.92408419844,-4.68628506802,,,,,,,,,,,0.000434072444839,,,,,-5.82652394121,-5.66221330485,,-2.6416904465,-1.50668445086,-0.992344647844,,-1.37584932392,,,,,,,,-3.14492730661,,-1.82275177842,,,-5.4579119994,0.59146110603,,-7.3024461109
LIPO15,"TMEM258",ENSG00000134825,9.208667,,-1.58283394714,-3.71197950776,-3.00938349115,,-2.58086083634,-4.01787611183,,-4.4056631292,-3.829920316,,,,,,,,,,,0.588676880263,,,,,-3.98501220411,-3.87582597315,,-1.17372025288,-1.44360337097,-1.4272234134,,-1.92693723251,,,,,,,,-3.08810057315,,-2.90462648978,,,-5.41217541489,-2.08999141961,,-4.90698732315
LIPO16,"TMEM258",ENSG00000134825,18.215797,,1.04956586497,4.20441952043,4.10261618261,,3.37220563314,5.25028448663,,6.29022347811,6.01373123464,,,,,,,,,,,-0.336846132217,,,,,6.27122365451,5.85749231467,,2.05975474121,2.18923093612,2.27690611901,,2.30643255386,,,,,,,,4.19946794932,,3.28875362175,,,6.9011907276,1.70452185285,,7.92980657361
OSTE04,"TMEM258",ENSG00000134825,9.819645,,0.228892460006,2.85286293934,3.63663027081,,4.4868919181,3.90814403781,,4.60533322273,4.0457356936,,,,,,,,,,,-1.53570630964,,,,,4.43296908458,4.36794882886,,2.39370404465,2.57750533825,2.7570623244,,3.70834664468,,,,,,,,3.91861517457,,2.09228648019,,,3.92015319553,0.394274463712,,5.39381870361
PHLI01,"TMEM258",ENSG00000134825,21.734380,,-2.40351305909,-4.88459135046,-4.94601159771,,-4.28262744473,-5.79757394952,,-6.2514829424,-5.43829624131,,,,,,,,,,,-0.0817559033934,,,,,-6.84622678047,-6.47195505279,,-3.9490225636,-3.22937550358,-1.42710833255,,-2.79070979349,,,,,,,,-4.24863883799,,-3.06338513018,,,-6.2559937737,0.0815711437154,,-8.21796717488
PHLI04,"TMEM258",ENSG00000134825,5.642389,,-2.1828842611,-2.20617571639,-2.52675677346,,-2.65917752553,-3.32655554916,,-3.46608548023,-2.7856965406,,,,,,,,,,,2.39033439087,,,,,-2.61772709779,-3.21847157077,,-2.08790623564,-1.71444742259,-1.85706899867,,-2.30253016018,,,,,,,,-3.13746559313,,-2.55579998658,,,-3.73502515357,-0.673045856656,,-3.79730052957
PHLI05,"TMEM258",ENSG00000134825,18.118615,,-1.5658697271,-4.1515986353,-4.30626875578,,-3.11932367949,-5.21755550216,,-5.20228233176,-4.82236056715,,,,,,,,,,,-0.0981173928233,,,,,-6.6061604317,-5.45142269966,,-3.06468912994,-2.52106492123,-0.464120610726,,-2.4567286354,,,,,,,,-3.10005135439,,-2.40616362576,,,-6.4262163262,-0.913822276989,,-7.15329767979
PHLI12,"TMEM258",ENSG00000134825,6.416813,,-2.07503453385,-2.99850327491,-2.57451296062,,-3.03434283297,-3.57666814701,,-3.81216331496,-2.64992016219,,,,,,,,,,,1.81358402889,,,,,-2.82927853126,-3.68744551176,,-1.95503379289,-1.60350312183,-1.40865209766,,-2.42486223465,,,,,,,,-3.11507204211,,-2.7204511259,,,-4.26576634291,-0.875683717999,,-4.21890126816
RHEU01,"TMEM258",ENSG00000134825,5.804211,,-2.98554232926,-2.91954189862,-3.89884159928,,-2.82143867578,-4.6336508694,,-3.94715082926,-2.45927546428,,,,,,,,,,,0.415574183293,,,,,-2.52002770426,-4.36698533409,,-3.61397829966,-3.54658812433,-0.37045035082,,-3.50730115727,,,,,,,,-4.9577871672,,-3.68474382237,,,-4.35295836237,-0.199072269282,,-3.99719505743
RHEU02,"TMEM258",ENSG00000134825,5.729135,,-2.98554232926,-2.91954189862,-3.89884159928,,-2.8211484226,-4.6336508694,,-3.94715082926,-2.45927546428,,,,,,,,,,,0.415574183293,,,,,-2.52002770426,-4.36698533409,,-3.61397829966,-3.54658812433,-0.37045035082,,-3.50730115727,,,,,,,,-4.9577871672,,-3.68474382237,,,-4.35295836237,-0.199072269282,,-3.99719505743
TRGL03,"TMEM258",ENSG00000134825,22.921036,,4.10945571195,4.96683797244,7.32832330271,,5.91765402945,8.7201697618,,8.78353244243,8.11803218269,,,,,,,,,,,-1.07426386697,,,,,9.57315630482,9.22517693763,,4.1348491761,5.93560693944,4.13430149982,,6.50259898968,,,,,,,,7.35526173386,,6.38351690621,,,7.72545213376,3.14826403396,,10.1795452321
TRGL05,"TMEM258",ENSG00000134825,6.242657,,-2.37126575382,-3.00273444787,-2.71093722054,,-3.45710746987,-3.74128896936,,-3.85641042417,-2.54567638904,,,,,,,,,,,1.07217040349,,,,,-2.71243593195,-3.74004872037,,-1.81700566117,-2.05098072397,-1.53354711704,,-2.72535668221,,,,,,,,-3.27328667903,,-2.67999296167,,,-3.98408110337,-0.600363267916,,-4.22040184854
TRGL07,"TMEM258",ENSG00000134825,7.285419,,-0.636021787771,1.82714361145,2.01133121932,,1.05760315449,2.87277768808,,3.59706144194,3.99422273286,,,,,,,,,,,0.0655989914102,,,,,3.57934020575,2.7785217885,,1.08765738255,1.11070198623,1.36993246506,,1.10253981447,,,,,,,,1.60077374491,,0.902049158733,,,3.89652467205,1.70031050657,,4.60976872149
TRGL10,"TMEM258",ENSG00000134825,18.144723,,-4.37478967095,-5.41504270047,-5.94256584674,,-5.18325503448,-6.25123430101,,-6.31275876377,-4.56786318866,,,,,,,,,,,0.0391039824986,,,,,-6.35725386342,-6.44495027106,,-4.52105128067,-4.15179247898,-1.85090588475,,-4.03558190084,,,,,,,,-4.86471703653,,-4.15486068552,,,-6.18237242863,0.524982995233,,-7.21009103562
TRGL11,"TMEM258",ENSG00000134825,6.571833,,-0.392432658255,1.61561879056,1.91694274291,,1.50279816088,2.9786850518,,3.57215868989,3.90098254962,,,,,,,,,,,0.774578562198,,,,,3.64826597926,2.67145574601,,0.609193830103,1.27660013546,1.37421775632,,1.40898843058,,,,,,,,2.25353337513,,1.32831652235,,,3.72913411504,1.92460809394,,4.35246531966
