code,target,ENSEMBL,association,Adipose_Subcutaneous,Adipose_Visceral_Omentum,Breast_Mammary_Tissue,Muscle_Skeletal,DGN_Whole_Blood,Whole_Blood,Artery_Aorta,Artery_Coronary,Artery_Tibial,Heart_Atrial_Appendage,Heart_Left_Ventricle,Spleen,Brain_Amygdala,Brain_Anterior_cingulate_cortex_BA24,Brain_Caudate_basal_ganglia,Brain_Nucleus_accumbens_basal_ganglia,Brain_Putamen_basal_ganglia,Brain_Cerebellar_Hemisphere,Brain_Cerebellum,Brain_Cortex,Brain_Frontal_Cortex_BA9,Brain_Hippocampus,Brain_Hypothalamus,Brain_Spinal_cord_cervical_c-1,Brain_Substantia_nigra,Nerve_Tibial,Cells_Transformed_fibroblasts,Cells_EBV-transformed_lymphocytes,Colon_Sigmoid,Colon_Transverse,Esophagus_Gastroesophageal_Junction,Esophagus_Mucosa,Esophagus_Muscularis,Liver,Minor_Salivary_Gland,Small_Intestine_Terminal_Ileum,Stomach,Adrenal_Gland,Pituitary,Pancreas,Thyroid,Lung,Ovary,Prostate,Testis,Uterus,Vagina,Skin_Not_Sun_Exposed_Suprapubic,Skin_Sun_Exposed_Lower_leg
ANOR02,"IP6K2",ENSG00000068745,18.452792,,-3.671905863,-1.84246112331,-2.25595300603,-1.0706158524625444,0.0875945446754,-6.00003787558,,-3.04233071682,,-3.01733878138,,,-0.69692414013,-2.44792224758,,,-1.60339846666,-4.0519589396,-3.1526079585,-2.03634862331,,-1.56472023662,,,-0.101781703365,-2.6786666381,-2.25513175148,-1.18156020395,-1.79747512576,-0.798780451864,-1.88905699392,-2.20185378407,,,,,-2.41002587733,,,-2.93525691903,-2.87659558081,,,-3.94120201466,,,-4.24134369575,-2.96506801763
ANOR05,"IP6K2",ENSG00000068745,14.525886,,-4.05675341454,-2.48897649167,-2.5206116324,-1.5811106036418037,-0.36597903964,-6.05609834267,,-3.72654145662,,-3.00421173865,,,-1.32565115648,-2.88118724668,,,-1.7777557253,-3.99555342091,-3.44901044228,-2.44757981002,,-2.10555862326,,,-1.12794200916,-3.40626158993,-2.33382840901,-1.87568369286,-2.02130955698,-1.4220688255,-2.64190240924,-2.82690311124,,,,,-2.89903995641,,,-3.34640100542,-3.3914326966,,,-3.85951444469,,,-4.24132103746,-2.65493402087
BFPC02B,"IP6K2",ENSG00000068745,5.908439,,2.14242953618,0.836343206423,1.96270840047,2.1340898066550475,2.56027500962,4.31282976846,,2.87049844259,,1.55979518096,,,0.989615580648,1.91127549786,,,1.74404773498,3.02963128703,1.81396427121,4.13193903503,,2.77761511925,,,2.45200075192,2.92285152019,2.55737901779,1.87373750915,1.580358691,0.685201025848,2.89697003255,2.90276443924,,,,,3.04975160471,,,2.2614945316,3.61334493108,,,4.80423514613,,,4.52413044938,2.34877456374
BFPC02,"IP6K2",ENSG00000068745,5.805597,,2.24768141027,0.78398588554,1.93148089137,2.296196810619489,2.6428563997,4.29211518054,,2.97117499349,,1.71621036153,,,1.11463313059,1.76717081912,,,1.84723462882,3.01134718327,1.93642710665,4.29885263318,,2.82871521409,,,2.61401601205,3.03885193556,2.57906643346,2.06927608207,1.69482440618,0.858024198551,2.99794251677,3.01682267065,,,,,3.12191096167,,,2.37198886792,3.76462608789,,,4.80632077873,,,4.661912981,2.2159899521
BFPC03B,"IP6K2",ENSG00000068745,5.853965,,2.05591899306,0.786127039696,1.91470834982,2.124349350199676,2.61836042738,4.27489545065,,2.86450040927,,1.50443862483,,,0.9944931029,1.7813888459,,,1.69919560461,2.94950764217,1.68948624378,4.16051496038,,2.7216678828,,,2.49649967234,2.9471349005,2.67392581995,1.82521021627,1.57082901304,0.568076055479,3.00832457291,2.89348132073,,,,,3.05340079392,,,2.18829259507,3.62142610509,,,4.96890883449,,,4.5917879577,2.30994180256
BFPC03,"IP6K2",ENSG00000068745,5.531682,,2.14239299432,0.707149004288,1.85604627951,2.2730776070848666,2.69017551278,4.23521752244,,2.95209137246,,1.62644014701,,,1.11414261579,1.59818228927,,,1.78016124383,2.90220523979,1.78872671445,4.32254822176,,2.73946118107,,,2.65674341951,3.05704250289,2.70375921487,2.0033462499,1.67788882376,0.722020620941,3.12221018914,2.9901105817,,,,,3.11791302003,,,2.28148054029,3.76315246046,,,5.0000669826,,,4.72949335486,2.15920303641
BFPC04B,"IP6K2",ENSG00000068745,8.629320,,1.34284070168,0.903185200807,3.1437406072,3.014726790425924,4.30122735378,4.54551437492,,2.9514174795,,2.24177057983,,,0.885457384486,1.99301518422,,,2.51090401009,2.87238315379,1.12377496015,5.5011223229,,2.2019797767,,,2.91585772676,3.713909636,4.63430228848,1.91260522742,2.27611248351,0.0655610659498,3.99574712988,3.71536221927,,,,,4.04462232393,,,1.88693087341,4.45837328041,,,6.66528780017,,,5.71879836283,3.60135705058
BFPC04M,"IP6K2",ENSG00000068745,5.836213,,1.35611352864,0.837542825985,2.80346531445,2.451196315501734,3.77817807077,3.82096620528,,2.53841539579,,1.63768746068,,,1.82942742721,1.4823614746,,,1.72803794461,2.92657265841,1.19917216441,4.53443377198,,1.55846680836,,,2.37730314809,3.28743797603,4.45990396671,1.86002606048,1.79073482913,0.155976505579,3.82231960785,3.049423286,,,,,3.62698909888,,,1.69186759026,3.60971622666,,,5.33869398033,,,4.76124323969,3.24546585605
BFPC04,"IP6K2",ENSG00000068745,8.072840,,1.29490378032,0.83894735171,3.05581248438,2.9734367003383118,4.18566725468,4.48720751582,,2.88074470166,,2.30693291236,,,0.598779751034,1.97478771889,,,2.6279243154,2.73663927132,1.08987732012,5.38461132062,,2.21771829308,,,2.86842267687,3.62452977012,4.40566528636,1.83584501902,2.31454905922,0.0824251192128,3.82194184189,3.65951203401,,,,,3.90981348869,,,1.86422397282,4.40590458794,,,6.57537921889,,,5.66421048829,3.47123868807
BLOO04,"IP6K2",ENSG00000068745,40.332809,,8.98413639471,8.56370507836,9.96204353282,6.460645840266366,2.14089722516,11.4962630647,,9.87060493952,,11.8856861832,,,-1.3040917143,7.68024961697,,,7.18797396586,7.06520011121,8.23644639991,1.09788738106,,9.3125166633,,,2.93719598069,7.84946074811,-2.3551290517,5.32392728227,10.8639182363,5.06519034353,4.93877019651,10.4276152693,,,,,10.0540179852,,,8.05407533694,7.87651396595,,,4.52541376085,,,4.39529367487,6.22376607629
BLOO07,"IP6K2",ENSG00000068745,9.756937,,-1.23524209017,-2.84434388407,-3.38180762836,-2.7262890375915543,-3.64507920705,0.585404033498,,-2.32573625631,,-0.574055870627,,,-3.38221308708,-2.77868612977,,,-0.504475362393,-1.45218281142,-1.32247547296,-1.95559263518,,-3.55191968599,,,-2.23446701684,-1.40697720043,-0.253128948351,-2.66227763461,-0.703763982023,-1.67314755832,-2.22554711665,-2.36578546371,,,,,-2.68654435162,,,-1.67139591955,-1.62877120985,,,-0.239718516417,,,0.0700341341445,-0.998317803052
BLOO16,"IP6K2",ENSG00000068745,10.535391,,-1.17809571018,-3.28607293284,-3.34122957769,-2.5992885477872103,-3.86109522055,1.10685634448,,-2.12405547914,,-0.401134010788,,,-3.5728201753,-2.71211919869,,,0.210548402518,-1.22786304611,-1.19558379862,-1.85075286865,,-3.21650538997,,,-2.03496124176,-1.17985046198,-0.0544344012615,-2.73502619362,-0.690133770108,-1.73491535122,-2.43005438493,-2.13910667107,,,,,-2.40501328107,,,-1.44037620417,-1.46736396046,,,0.0410703434899,,,0.368163909642,-0.89023954896
BLOO17,"IP6K2",ENSG00000068745,7.468151,,-0.638008389359,-1.91976868312,-2.78898936291,-2.170487271825757,-3.24611713002,0.162540606916,,-2.02129990732,,-0.15685842964,,,-3.01040771015,-2.65507373385,,,-0.753915313209,-1.49922984732,-0.853537999499,-1.79635106851,,-3.12837330715,,,-1.76064471811,-1.4149739882,-1.0295655772,-2.04387726229,-0.210271420659,-0.979164015965,-1.89043006737,-1.98504131003,,,,,-2.3657263457,,,-1.23761429048,-1.25604210717,,,-0.40231404857,,,0.00230111614037,-0.886818564378
BLOO21,"IP6K2",ENSG00000068745,40.537722,,8.6415173757,8.18698956364,9.55656612178,6.1286615632076495,1.7703749345,11.7079048016,,9.5639267218,,11.6805407103,,,-0.715291745961,8.23580863966,,,6.89915126499,6.90749238768,7.75248684126,1.54604558149,,9.25997822339,,,2.35590904179,7.7559802081,-1.44625842621,4.9354039647,10.4274962212,4.55471312928,4.43118512895,10.37787044,,,,,9.80724365737,,,7.83252765844,7.68788810407,,,4.73742453739,,,4.52545299158,6.42987210299
BLOO22,"IP6K2",ENSG00000068745,25.114435,,8.59732291587,8.06601592487,9.62443267701,6.338369026915728,1.87373954173,11.567934083,,9.55219609398,,11.8583955332,,,-0.89005251569,7.87391670234,,,7.1022886071,6.92558242217,7.75928669174,1.39452351084,,9.05060939582,,,2.51886534504,7.79663734912,-1.65614876946,4.99905509501,10.635658857,4.62306402143,4.51095527309,10.4516074695,,,,,9.90495203874,,,7.82024502498,7.80607881602,,,4.76134436713,,,4.59426367469,6.21793360247
BLOO23,"IP6K2",ENSG00000068745,22.758354,,5.50415196933,5.27651522226,6.74089152674,4.850345767255669,1.60797781091,7.89281325882,,6.57615069181,,8.60895323292,,,0.0125279176782,5.57198632233,,,5.18930074165,4.70881041336,4.8464409354,1.62082140732,,6.23945462192,,,1.89761551256,5.72997037253,0.307427077599,3.43608647532,7.6101249297,2.70904987933,2.97561830944,7.810550266,,,,,7.26894489327,,,5.25434355249,5.85618240066,,,4.19472626221,,,3.81869910674,4.56337930411
BLOO26,"IP6K2",ENSG00000068745,12.748970,,1.87674198502,2.53723866433,1.82637368793,0.5888343029342393,0.648386169057,2.34924041637,,3.13366553982,,-0.739138137852,,,1.17854567436,2.89969229966,,,-0.875386517606,1.53220312815,1.23299648922,0.29177145726,,2.7202582861,,,1.10995330279,2.25982634512,-0.571484493144,0.991833942614,0.804158226019,0.195115902628,1.47742483302,0.879272047463,,,,,1.43598223526,,,1.46799960273,0.832370680658,,,1.73999586871,,,-0.220797867826,0.675316829455
BLOO27,"IP6K2",ENSG00000068745,13.115482,,1.73844323196,2.46988793162,2.37539109321,1.056749642734368,1.07748688873,2.64548280288,,3.4304168007,,-0.075711478765,,,0.447862083949,2.81836772049,,,-0.156371564347,1.66363739612,1.04041846999,0.419950935661,,3.15945245181,,,1.97650698634,2.41828509274,-0.0798914151961,0.983484885208,1.29028089045,-0.115146861483,1.3383894608,1.37576130753,,,,,1.86707982853,,,1.51907628857,1.32743413998,,,2.37988898639,,,0.332448746455,1.13670733626
BLOO31,"IP6K2",ENSG00000068745,6.986404,,0.880135052372,2.47207850339,2.7318308061,1.9393580313063858,3.33238715191,-0.322190747739,,1.8500619972,,0.315894633361,,,3.45155462704,2.55749855344,,,0.310003901489,1.76331346228,1.00285974997,1.76202366052,,3.04980322778,,,1.54094082236,1.40562579226,1.15703060998,2.21123231238,0.158151706577,1.21060016874,1.86651951466,1.89635356822,,,,,2.09411111453,,,1.23283552177,1.11385842019,,,0.0608697916891,,,-0.105683802372,1.15202862126
BLOO35,"IP6K2",ENSG00000068745,5.363753,,2.19023139632,2.27456557102,3.89663588639,4.596504260558517,4.84085222471,4.49146044615,,3.78423351149,,3.82471125937,,,2.34802609173,-0.470833810338,,,4.67660051531,3.99803845549,3.14109387668,3.75829309792,,2.88629236124,,,5.22541789525,3.06939262213,4.92129124162,3.81589665209,3.41704174585,2.44423084218,4.1530900063,4.05812561716,,,,,4.03383264284,,,3.28487016778,4.95502031042,,,6.02296821956,,,5.34969843033,5.21912254398
BLOO36,"IP6K2",ENSG00000068745,38.189136,,9.16725168712,8.77878865282,9.9894117775,6.267862092543596,1.94280929265,11.8245217535,,10.0637183361,,11.8195096952,,,-1.04827167215,8.30332258072,,,6.94207752721,7.12008487785,8.33127646479,1.30041259315,,9.68370225531,,,2.72321794732,7.99330253252,-2.12056611124,5.30290095122,10.7907019007,5.01875312869,4.97339831443,10.4831912071,,,,,10.0952487637,,,8.17650154605,7.83125879734,,,4.5685791545,,,4.35191033731,6.56042803091
BODY08B,"IP6K2",ENSG00000068745,8.857548,,-1.31123043952,0.0880126540686,2.44671380861,1.426047502239991,4.48864604868,2.10058221072,,0.904956562818,,0.00845737078058,,,-1.63071682801,2.14565043925,,,-0.0309473982564,-0.0578776495359,-2.07023237579,4.21410115928,,1.29644013971,,,1.10926225933,2.10052331225,5.0604099253,-0.223928340852,1.69096759778,-2.16237729659,2.52033794865,2.22230573301,,,,,2.62408601028,,,-0.861071864178,2.517714337,,,5.62626835708,,,3.42541560288,2.32277059093
BODY08,"IP6K2",ENSG00000068745,9.128550,,-1.08141052236,0.344296364312,2.65203126618,1.5640639132831846,4.55699159394,2.32052507285,,1.12485801708,,0.332671616071,,,-1.6782871765,2.38724614817,,,0.235324879212,0.117105885263,-1.86765441222,4.22040645909,,1.58604631462,,,1.24334316234,2.24406023735,4.92147213306,-0.0740280223995,1.92144881773,-1.97490143338,2.56751257449,2.44195407011,,,,,2.72322033491,,,-0.639106077807,2.66367974195,,,5.60413691953,,,3.53536041018,2.48362536369
COAD03,"IP6K2",ENSG00000068745,4.725196,,2.04509851442,3.26496713985,5.27584608607,4.558871074737551,5.3905352467,2.60093600463,,4.09209857822,,4.25889338118,,,1.59495393535,0.565979622412,,,3.78331177098,3.13675239251,2.05631739587,2.60469509416,,2.85039951607,,,4.15672125802,3.93326057312,4.06550733843,3.58169202791,5.34271907417,1.48216949859,5.0639877628,5.05388091425,,,,,4.8497103493,,,2.74228014267,4.72220053688,,,5.14897802458,,,3.28505511891,3.72853177456
CROH01,"IP6K2",ENSG00000068745,6.798303,,-2.08585656775,-3.16861793451,-3.79319015664,-3.3505989136265826,-2.14134066111,-4.97294723552,,-3.836881279,,-3.89460126555,,,1.67205045712,0.286769146237,,,-3.30344870207,-2.3707985732,-2.01929608493,-2.81430707913,,-1.69193435153,,,-2.34775447296,-3.64435796466,-2.88740335443,-2.21154712286,-3.79351850029,-0.552418031285,-2.40406219276,-4.02526340101,,,,,-3.90790641956,,,-2.57753338446,-4.39105239526,,,-5.23976724545,,,-4.42061608356,-2.60010779872
EDUC01F,"IP6K2",ENSG00000068745,9.099567,,-1.65873798494,-2.85846199327,-3.53664465803,-3.755345140516463,-5.46789401276,-4.02402197725,,-4.05679713379,,-1.27849348069,,,-0.914108690937,-1.25584839085,,,-2.29105467476,-2.45207829606,-1.0071506751,-5.23672744647,,-2.63802081694,,,-4.16452850206,-3.88133702865,-4.96807299443,-2.71534631915,-2.79838959683,-0.241666917892,-4.74556512652,-3.42230182034,,,,,-3.83720737452,,,-2.24042856464,-4.39371171568,,,-6.32414898511,,,-4.97677479982,-2.86033338166
EDUC01M,"IP6K2",ENSG00000068745,6.505400,,-3.84597599453,-3.53426049444,-3.82662963869,-3.067592722875759,-2.98971229039,-4.97301382581,,-5.04374497555,,-2.12397333398,,,-0.97326383961,-3.40480146789,,,-1.05814336719,-2.09759975312,-2.97202234031,-3.89710137801,,-2.47792598329,,,-4.15354041272,-3.97004361418,-2.41948283128,-3.26509085052,-3.15990629118,-1.67274094955,-4.0202366258,-4.01662370155,,,,,-4.04511392775,,,-3.29600612223,-4.26259980144,,,-4.24288171187,,,-3.67752010109,-2.81202444219
EDUC01,"IP6K2",ENSG00000068745,15.121455,,-3.77122748871,-3.9862215547,-4.96635262422,-4.730822455459692,-5.25996488774,-6.01604995648,,-6.26739003361,,-2.27995589035,,,-1.05180637221,-2.95873246544,,,-2.4358369322,-3.23900472704,-2.68640816356,-6.13702137963,,-3.61761553152,,,-5.51673072199,-5.32651975551,-5.18526056315,-4.0614178097,-4.12760868455,-1.31468900262,-6.14279830651,-5.03539352979,,,,,-5.42250175133,,,-3.89674816626,-5.94801795977,,,-7.40608959168,,,-6.06086875368,-3.74040436193
EDUC02,"IP6K2",ENSG00000068745,6.335057,,-1.21002433836,-1.5536203238,-2.45114143077,-2.4949333599942305,-2.52922914621,-3.23281035464,,-3.41149210747,,-1.22821799189,,,0.428500272299,-0.689126271921,,,-2.15859460768,-1.30439352818,-0.793842751713,-3.48475880083,,-1.71900199063,,,-3.26296653693,-3.30726884901,-4.20149271674,-1.62513580744,-1.65950678121,0.59717710661,-3.18296947362,-2.68231656845,,,,,-2.96890113066,,,-1.73033887738,-3.47624517858,,,-5.23336243956,,,-3.65934428641,-2.15659422922
EDUC03,"IP6K2",ENSG00000068745,19.453951,,-1.95644146065,-5.28379602173,-6.43086679552,-5.2916298916735345,-8.11383373288,-7.2686544351,,-6.94281317049,,-1.81784165919,,,0.834593789597,-2.64134834518,,,-2.53930247358,-2.96553231366,-1.35013668275,-6.81496023614,,-4.50140401076,,,-6.5410414333,-5.3057241067,-7.09813042088,-3.66869018389,-3.95480831912,0.515766707391,-6.13684332782,-5.2649095835,,,,,-5.95868547424,,,-2.77645594618,-6.62407850738,,,-9.96645073879,,,-7.25605899439,-4.85715470377
EDUC04,"IP6K2",ENSG00000068745,3.285653,,-1.80030598551,-4.75163423565,-4.44545733261,-2.0284166391460894,-4.62186838237,-2.62210861874,,-5.09747107478,,-2.83221900343,,,-0.192937850105,-3.34694857136,,,-1.18453690664,-3.21261904462,-1.88805999473,-2.91973997453,,-2.79894351386,,,-3.97843388423,-3.80197208423,-3.01161471952,-3.74594047793,-4.23324470209,-0.882514373788,-4.90685462683,-5.51202680129,,,,,-3.58864495202,,,-2.37020121837,-3.96278629271,,,-4.22836279569,,,-3.07804243974,-3.25558654784
FATM04B,"IP6K2",ENSG00000068745,7.841668,,-0.102283280329,-0.257138409904,1.68264611729,1.7196406512328912,3.51179338521,3.19015580034,,1.38936743019,,0.885666786951,,,-0.807460038372,1.27413746524,,,1.6367399431,1.1608414842,-0.311891546954,4.3069764699,,1.23139983533,,,1.44767514718,2.4746330301,3.96046447462,0.490639284331,1.45405537965,-0.869190293144,2.70610935148,2.39371586402,,,,,2.53390341367,,,0.423591164493,2.99035258069,,,5.52589932506,,,4.57711439713,2.79426605743
FATM04,"IP6K2",ENSG00000068745,7.510112,,-0.161584173862,-0.230726078912,1.63489000571,1.652044772324571,3.45826621063,3.168759674,,1.33253376146,,0.981716851094,,,-1.08150638329,1.29946804811,,,1.74069275378,1.06713266416,-0.379318554353,4.15332787129,,1.26973005248,,,1.3679027487,2.38811312105,3.75539596996,0.403535339194,1.49820899066,-0.894356767101,2.5441291961,2.34141640902,,,,,2.38505395189,,,0.374895571445,2.90839616364,,,5.3974318035,,,4.4954219422,2.67965268149
INFB01,"IP6K2",ENSG00000068745,11.699774,,-2.2002721729,-3.66099192008,-3.56192417334,-2.9050998989793873,-2.26302387362,-5.96710118346,,-4.90568841579,,-3.2175055976,,,1.69419258884,-1.14687550791,,,-3.04714484256,-3.14533800493,-1.6783678784,-2.3494871935,,-2.82517692093,,,-3.64979719647,-4.26250255823,-3.38070634723,-1.91328994886,-3.40699572979,0.209490708743,-2.57345296801,-3.64967431334,,,,,-3.75529695235,,,-2.63896291092,-4.25091536492,,,-5.98798572926,,,-4.47616201878,-2.55476202923
MENA02F,"IP6K2",ENSG00000068745,16.364868,,-1.45075417991,0.545659182573,-0.493752331896,-1.4657978935685705,-0.605056485108,2.08260890804,,1.28229875765,,-1.48586214055,,,-2.81894661842,0.610326489153,,,-1.49360585619,-0.62062903864,-1.89561482392,-3.52391905254,,-0.22608498582,,,1.25248273211,-0.194935029174,-0.155835684242,-2.01485928473,0.4361955094,-2.34067933095,-0.568746815057,-1.10928252633,,,,,-1.49453003765,,,-1.68138305926,-1.45515791052,,,-0.526271257956,,,-1.02199987151,0.837054952564
OSTE04,"IP6K2",ENSG00000068745,7.078002,,0.647931065695,-2.04364278627,-0.0488745392962,0.8264886205240198,0.706674216074,2.23617272178,,0.112210837766,,2.16245162775,,,-1.24350666204,-1.71777980271,,,2.58100997988,0.539745957864,0.368739861017,2.03678887562,,-1.33788021168,,,0.394020950882,0.439078269222,0.796382671282,0.342329572962,0.999261467672,0.14366203063,0.598260946044,1.62258104515,,,,,1.20503681637,,,0.68865445818,2.0010685325,,,2.95806628041,,,3.64215700871,-0.113638571583
PRSC01,"IP6K2",ENSG00000068745,9.286182,,-4.6057556134,-7.91166034242,-6.01771933879,-4.931806469906966,-3.37259592347,-6.48204688078,,-5.76924519894,,-4.35986796616,,,-3.64196433292,-5.10468963617,,,-1.54893397196,-4.48590529893,-3.8815110941,-3.756040861,,-4.49488376206,,,-4.33897314212,-4.93734890182,-2.81573572146,-4.12573741289,-4.95924910555,-3.23310031299,-4.93528448149,-5.16910608831,,,,,-5.23611207712,,,-4.58708153387,-4.8309963309,,,-4.16413683183,,,-3.87433383515,-4.3383228488
REPR01,"IP6K2",ENSG00000068745,3.565639,,3.07487787216,-2.20114837219,-0.783843318603,0.8026620994858032,-4.87083326167,-1.74094713507,,-1.98517505905,,0.829935767315,,,1.49766310364,-1.14376743557,,,0.223752542138,-0.311337603447,3.15446435317,-3.27644119296,,-3.40207654125,,,-4.30525796048,-1.85019788726,-1.26716842964,-1.32056664652,-0.759536623062,2.8661774221,-1.61939318473,-4.73936480439,,,,,-0.405457892858,,,1.78618049336,-2.17243904918,,,-2.56739334668,,,-3.80296539354,-0.308495714373
ULCC01,"IP6K2",ENSG00000068745,9.538937,,-1.29682059926,-2.51790604306,-1.81022848948,-1.2313959722960692,-1.27958185005,-4.4919864977,,-3.64129510673,,-1.00219938055,,,1.01684885142,-2.11683864842,,,-1.6697441403,-2.42134328294,-0.634671254489,-1.38427275209,,-2.46904201125,,,-3.45959703598,-2.75593647931,-2.34702166894,-0.754829818683,-1.41617088926,0.826891801515,-1.9669455268,-1.75617303606,,,,,-2.02997359715,,,-1.55931079122,-2.34746634873,,,-4.09550034377,,,-2.65297300113,-1.49432559699
