code,target,ENSEMBL,association,Adipose_Subcutaneous,Adipose_Visceral_Omentum,Breast_Mammary_Tissue,Muscle_Skeletal,DGN_Whole_Blood,Whole_Blood,Artery_Aorta,Artery_Coronary,Artery_Tibial,Heart_Atrial_Appendage,Heart_Left_Ventricle,Spleen,Brain_Amygdala,Brain_Anterior_cingulate_cortex_BA24,Brain_Caudate_basal_ganglia,Brain_Nucleus_accumbens_basal_ganglia,Brain_Putamen_basal_ganglia,Brain_Cerebellar_Hemisphere,Brain_Cerebellum,Brain_Cortex,Brain_Frontal_Cortex_BA9,Brain_Hippocampus,Brain_Hypothalamus,Brain_Spinal_cord_cervical_c-1,Brain_Substantia_nigra,Nerve_Tibial,Cells_Transformed_fibroblasts,Cells_EBV-transformed_lymphocytes,Colon_Sigmoid,Colon_Transverse,Esophagus_Gastroesophageal_Junction,Esophagus_Mucosa,Esophagus_Muscularis,Liver,Minor_Salivary_Gland,Small_Intestine_Terminal_Ileum,Stomach,Adrenal_Gland,Pituitary,Pancreas,Thyroid,Lung,Ovary,Prostate,Testis,Uterus,Vagina,Skin_Not_Sun_Exposed_Suprapubic,Skin_Sun_Exposed_Lower_leg
BLOO06,"SMARCE1",ENSG00000073584,2.528430,1.10904525582,1.02436765829,1.07345953534,,0.5266642976814948,,2.50717377734,6.92455820562,1.02827798628,1.18436007546,,1.41304254973,,,,,,,,,,,,-2.60196453612,,0.866159325546,0.9126507262,-0.208467291343,2.72571296796,7.12766592816,0.907063094762,1.09094248414,0.932671058932,,,,7.52995518547,5.81212255015,,3.98259091749,1.25557060681,0.505491062621,8.98022326417,,,,1.853122999,-3.40275266646,4.92813009534
BLOO09,"SMARCE1",ENSG00000073584,2.601106,0.695250666668,0.635284171348,0.680985526227,,0.05817509308747117,,2.0252002306,6.52859235625,0.591447216717,0.679162818651,,1.02671061568,,,,,,,,,,,,-2.43881639406,,0.424981099855,0.462591348384,-0.441020151175,2.31670164501,6.71346533244,0.436932307299,0.716099267767,0.521524278617,,,,7.18815593339,5.4983335668,,3.57689570004,0.826255174587,0.149544283003,8.59896869273,,,,1.38644593025,-3.86439018186,4.58388474178
BLOO10,"SMARCE1",ENSG00000073584,2.254168,0.695575006355,0.600478120629,0.660074999836,,0.1086962201959327,,1.91116518366,6.39508175111,0.713163084919,0.69284071191,,0.947783996524,,,,,,,,,,,,-2.32937884842,,0.402485678776,0.472632657462,-0.492179601264,2.22123705558,6.48664818466,0.436917977109,0.659391848823,0.485268777129,,,,6.89590217009,5.31422091848,,3.5222854293,0.815822290561,0.0611556986277,8.26054804536,,,,1.29724911176,-3.72918745753,4.31429589122
BLOO12,"SMARCE1",ENSG00000073584,1.621003,0.667774517854,0.534548196724,0.572077028725,,0.4032042583315151,,2.58967277772,6.37031079587,1.07939626385,1.27863805866,,0.95263206479,,,,,,,,,,,,-1.61563150885,,0.533997792758,0.576488510639,-1.14135742328,2.85655122635,5.88991320621,0.832556314281,0.624276158293,0.795178545902,,,,6.50596667037,5.53415786401,,3.80739595552,0.842947181395,0.158130015935,8.46308528841,,,,1.37783158877,-3.17043389375,4.69077667882
BLOO13,"SMARCE1",ENSG00000073584,2.728995,1.06494417166,0.995760316182,1.04222593431,,0.49258642613944453,,2.52562385134,6.9585660572,0.931058588348,1.1780196155,,1.39380033336,,,,,,,,,,,,-2.18602097573,,0.716103481836,0.840974343922,-0.819331684935,2.76090012778,7.15562951487,0.995263583475,0.950353938911,0.948023065878,,,,7.23856407909,5.83488510719,,4.0284087647,1.18920302752,0.5590205385,7.68838509471,,,,1.82811899721,-3.47358519675,5.19035857648
BLOO17,"SMARCE1",ENSG00000073584,4.947460,-3.21148190943,-2.99568116661,-3.08802017673,,-3.5949012567200755,,-5.11035820205,-4.92070681984,-3.88420937193,-4.12805051442,,-3.01844451878,,,,,,,,,,,,-0.157208878763,,-3.57153222025,-3.45342390563,-1.30152199022,-3.88308848297,-4.77935086069,-3.56399458463,-3.13279460486,-3.5813707484,,,,-4.29661268013,-4.10739598524,,-3.97347529511,-3.38446513563,-2.78968214807,-3.47720836004,,,,-4.09763649931,-2.71012151164,-4.7525154913
BLOO18,"SMARCE1",ENSG00000073584,4.573115,-3.02252392181,-2.81898324013,-2.88861327957,,-3.203367483412061,,-4.77789000945,-5.263947383,-3.40790635201,-3.728160983,,-2.9458360167,,,,,,,,,,,,0.394575375638,,-3.23966585718,-3.1467635266,-1.22208631876,-3.85744837089,-5.38714122639,-3.25290160673,-2.89205122774,-3.22353318447,,,,-4.91443787599,-4.33529338843,,-4.06576460878,-3.17135317537,-2.4895128165,-4.09552744264,,,,-3.93349614914,-1.80525645801,-4.77120624427
BLOO19,"SMARCE1",ENSG00000073584,1.772808,-0.0314204388131,0.184415615232,0.0999384568197,,-0.8290457655636388,,0.784225134168,3.93175889649,-0.609549731597,-0.223416830888,,0.445042313739,,,,,,,,,,,,-1.80730144106,,-0.0922551146053,-0.272830680743,-0.30623960837,1.35229150751,4.66776632017,-0.279299736955,0.0785404775491,0.190556988469,,,,5.09634939763,3.72734597324,,1.73393707897,0.0201143040135,-0.0136570671154,6.12035233018,,,,0.51622643305,-3.32658914874,3.39958973629
BLOO28,"SMARCE1",ENSG00000073584,1.093342,0.343004414857,0.0723141717591,0.189308159679,,0.8480142666214183,,-0.896963646012,-3.16648050211,0.524972289228,0.111798819533,,-0.0832634420715,,,,,,,,,,,,1.24443427083,,0.0829418528951,0.431990794539,0.284219818871,-1.25022024832,-3.42191853879,0.255255784978,0.247806746245,-0.218427349344,,,,-3.98707184125,-3.34730716538,,-1.59706392646,0.217816075612,0.184191798746,-5.75289758005,,,,-0.326325448158,2.69021551494,-2.94876671705
BLOO30,"SMARCE1",ENSG00000073584,2.398451,0.776688395584,0.702452981323,0.754193738373,,0.1365689309950134,,2.06384935014,6.53079860356,0.571283925365,0.706079601354,,1.07818382735,,,,,,,,,,,,-2.17571251464,,0.317709852873,0.526160192446,-0.892842668433,2.3220707759,6.74201565589,0.720603776915,0.654330848814,0.599850564259,,,,6.94334179109,5.53607856249,,3.64026723186,0.859058417132,0.283003457944,7.24067993541,,,,1.46106369978,-3.76136362473,4.69020623578
BLOO31,"SMARCE1",ENSG00000073584,4.040324,3.01294984899,2.78214282722,2.85468231803,,3.0849899987905607,,4.56920667674,5.06756083316,3.36665526128,3.53776768204,,2.85124665347,,,,,,,,,,,,-0.507757624955,,2.97013209194,3.09952914016,1.1878907623,3.44787873654,5.1867109089,3.16503400888,2.68517772022,3.13857954164,,,,4.70560553347,4.07050772082,,3.86886416568,3.10189196451,2.30185219891,4.49662904929,,,,3.89809824337,1.86620885124,4.49864851246
BLOO32,"SMARCE1",ENSG00000073584,2.007601,1.11542157823,1.07102212725,1.16406145709,,0.21506048932290844,,1.00307224247,4.45028058256,0.218570121703,0.353368122806,,1.42689016437,,,,,,,,,,,,-2.49757378527,,0.699678649006,0.753605522871,0.123956749426,1.24621941458,5.55996712403,0.590731418668,1.02383960285,0.532949424256,,,,5.4950672768,3.44589861945,,2.24627800959,1.09044679338,0.71446880431,4.77385160537,,,,1.60342772331,-2.44506718155,2.95988791269
