code,target,ENSEMBL,association,Adipose_Subcutaneous,Adipose_Visceral_Omentum,Breast_Mammary_Tissue,Muscle_Skeletal,DGN_Whole_Blood,Whole_Blood,Artery_Aorta,Artery_Coronary,Artery_Tibial,Heart_Atrial_Appendage,Heart_Left_Ventricle,Spleen,Brain_Amygdala,Brain_Anterior_cingulate_cortex_BA24,Brain_Caudate_basal_ganglia,Brain_Nucleus_accumbens_basal_ganglia,Brain_Putamen_basal_ganglia,Brain_Cerebellar_Hemisphere,Brain_Cerebellum,Brain_Cortex,Brain_Frontal_Cortex_BA9,Brain_Hippocampus,Brain_Hypothalamus,Brain_Spinal_cord_cervical_c-1,Brain_Substantia_nigra,Nerve_Tibial,Cells_Transformed_fibroblasts,Cells_EBV-transformed_lymphocytes,Colon_Sigmoid,Colon_Transverse,Esophagus_Gastroesophageal_Junction,Esophagus_Mucosa,Esophagus_Muscularis,Liver,Minor_Salivary_Gland,Small_Intestine_Terminal_Ileum,Stomach,Adrenal_Gland,Pituitary,Pancreas,Thyroid,Lung,Ovary,Prostate,Testis,Uterus,Vagina,Skin_Not_Sun_Exposed_Suprapubic,Skin_Sun_Exposed_Lower_leg
BFPC04,"RNPEP",ENSG00000176393,3.191350,-2.79569432454,,,-0.746862081768,-3.0847999457034248,-2.68775007475,-2.28038893192,,-2.7139502902,,,-3.02409774794,,,-1.57003292988,,,,,,,,,,,-4.85484176074,-1.87888495517,-2.81651281705,-2.11387539867,-3.10882553672,,-0.064073703113,-2.84189838468,2.33415189519,-0.371947591618,-2.5375466957,-1.39086660847,-1.68032351517,,-0.0763271012554,-2.69046645905,-2.50283844491,,,-1.66462865047,,,0.44837386593,-1.66587619754
BODY08B,"RNPEP",ENSG00000176393,2.625765,-2.70824842042,,,-1.3461517246,-2.708523523519575,-2.26628470246,-2.09665872049,,-2.34366621217,,,-2.58812285137,,,-2.04677575218,,,,,,,,,,,-5.78357480408,-2.36530434194,-2.39811037928,-0.779343600347,-2.7788025601,,-0.810822491315,-2.27128255879,1.63590191017,0.279611402724,-2.26656646263,-1.14991113435,-1.81681569626,,-0.345258155123,-2.39113383151,-2.41788748776,,,-1.66124418378,,,0.422150132647,-1.11977093434
BODY08F,"RNPEP",ENSG00000176393,2.854275,-1.99599874582,,,-0.724681575546,-0.931984893141479,-0.959437326242,-0.408254284055,,-1.62832984762,,,-1.13496686516,,,-1.34730568218,,,,,,,,,,,-4.89933542109,-0.430279989201,-1.02891096514,-0.796801727253,-1.64750828762,,0.0473683110779,-2.42167993336,0.98660958544,-0.247471547804,-0.155881036568,-1.26472128013,0.330188052221,,0.0783763167001,-0.398574898503,-1.07512971831,,,-0.211512423268,,,-0.0837038688539,-0.816258489965
BODY08,"RNPEP",ENSG00000176393,2.888032,-2.75585566356,,,-1.2768209848,-2.4594714433716027,-2.09024591714,-1.85510990624,,-2.32324355479,,,-2.40911109917,,,-2.0472374199,,,,,,,,,,,-5.91640007378,-2.01490855918,-2.21268447834,-0.938898568197,-2.62409948472,,-0.636704661722,-2.39720499278,1.59113270013,0.159378916738,-1.85961846806,-1.19992883056,-1.40953748469,,-0.261698000251,-2.0676767669,-2.24044671797,,,-1.42888889254,,,0.357761970292,-1.10641640835
FATM04B,"RNPEP",ENSG00000176393,3.853748,-2.5674934811,,,-0.388261066416,-3.3973914256019735,-3.04907140087,-2.35790723721,,-2.53389572412,,,-3.38545384288,,,-1.9943623427,,,,,,,,,,,-5.20802461168,-1.94191303324,-3.13163658859,-1.55373418678,-3.19954433599,,0.0024715710118,-2.67126246394,2.48573172948,-0.233193986937,-2.55236859118,-1.21110777126,-2.06471378335,,0.121503683805,-3.09591925845,-2.38729270425,,,-1.54578196593,,,0.772088794236,-1.25419226487
FATM04F,"RNPEP",ENSG00000176393,3.693532,-2.22751490008,,,-0.512499871903,-1.21503794779925,-1.21983108343,-0.486017618387,,-1.48037817434,,,-1.49344626032,,,-0.866778072874,,,,,,,,,,,-4.90568315292,-0.489003212368,-1.3426216785,-1.21277467029,-1.7939077636,,0.160541310978,-2.88357156502,1.2817869059,-0.199437104011,-0.462068749978,-1.20931347541,0.190011029088,,0.253113658476,-0.703322034259,-1.12456655786,,,-0.174633034099,,,-0.0888575304022,-1.24441374533
FATM04,"RNPEP",ENSG00000176393,4.517827,-2.75199995356,,,-0.488925353668,-3.097523510846516,-2.78370948182,-2.11265368404,,-2.46377864423,,,-3.13434887238,,,-1.88309767039,,,,,,,,,,,-5.47682021934,-1.75196784622,-2.87478489637,-1.67911078266,-3.02517491151,,-0.00275615574532,-2.85129748571,2.32308131362,-0.290534992412,-2.21069109352,-1.29456043266,-1.69123462695,,0.112418515453,-2.72240203967,-2.27319001018,,,-1.32467453988,,,0.62394278451,-1.3439482131
LEAN06B,"RNPEP",ENSG00000176393,2.549443,-2.3527759473,,,-0.403690270399,-1.9694970321578555,-1.87785250381,-1.36566030255,,-1.2627088959,,,-2.02870391161,,,-1.40542356936,,,,,,,,,,,-5.05042669144,-1.72990557585,-1.836066709,0.287982287843,-2.02903994736,,-0.593470105076,-2.48562920446,1.15235464014,0.232909161942,-1.15750314219,-0.91527872101,-1.40560956871,,-0.0277898557808,-1.70806018482,-1.52488113699,,,-0.48037318577,,,-0.153316357975,-1.53146313953
LEAN06,"RNPEP",ENSG00000176393,2.387184,-1.8110726728,,,-0.496101919797,-2.1074591803571403,-1.91148189698,-1.5966996487,,-1.04121331252,,,-2.12392621798,,,-1.51039888078,,,,,,,,,,,-4.73641911039,-1.82699809638,-1.87553002637,0.238517339267,-1.93561285147,,-0.693295679754,-2.15947664494,1.03743229183,0.649718524667,-1.38476567103,-0.594481976692,-1.83362636159,,0.153963672393,-1.95806739887,-1.3547033461,,,-0.809012310858,,,0.0248817491506,-1.25531266462
