code,target,ENSEMBL,association,Adipose_Subcutaneous,Adipose_Visceral_Omentum,Breast_Mammary_Tissue,Muscle_Skeletal,DGN_Whole_Blood,Whole_Blood,Artery_Aorta,Artery_Coronary,Artery_Tibial,Heart_Atrial_Appendage,Heart_Left_Ventricle,Spleen,Brain_Amygdala,Brain_Anterior_cingulate_cortex_BA24,Brain_Caudate_basal_ganglia,Brain_Nucleus_accumbens_basal_ganglia,Brain_Putamen_basal_ganglia,Brain_Cerebellar_Hemisphere,Brain_Cerebellum,Brain_Cortex,Brain_Frontal_Cortex_BA9,Brain_Hippocampus,Brain_Hypothalamus,Brain_Spinal_cord_cervical_c-1,Brain_Substantia_nigra,Nerve_Tibial,Cells_Transformed_fibroblasts,Cells_EBV-transformed_lymphocytes,Colon_Sigmoid,Colon_Transverse,Esophagus_Gastroesophageal_Junction,Esophagus_Mucosa,Esophagus_Muscularis,Liver,Minor_Salivary_Gland,Small_Intestine_Terminal_Ileum,Stomach,Adrenal_Gland,Pituitary,Pancreas,Thyroid,Lung,Ovary,Prostate,Testis,Uterus,Vagina,Skin_Not_Sun_Exposed_Suprapubic,Skin_Sun_Exposed_Lower_leg
APOL02,"GCNT4",ENSG00000176928,6.570442,0.57891279459,,,0.339647100033,1.8604287959629295,,-3.02893718784,-3.60781113565,-1.67480455968,,,,-2.69089553783,,,,,,,,0.268028331002,,,,0.0044761019218,,,,,,,,,2.14322457759,,,-1.89115643666,3.77907802209,,,,,,,5.51190651946,,,,
BFPC04B,"GCNT4",ENSG00000176928,9.433704,2.25630521774,,,-1.45193635102,-0.14921753149971026,,5.35628550046,6.20690622545,4.83876352625,,,,-1.07325345988,,,,,,,,0.41306890506,,,,-0.659464158397,,,,,,,,,-1.30716189548,,,0.0310558303915,-2.89099668978,,,,,,,-5.52689667908,,,,
BFPC04F,"GCNT4",ENSG00000176928,6.401417,0.644145607948,,,-1.90651314692,0.5254865820652447,,4.55922419135,4.21623895631,4.0277752207,,,,-1.0174856788,,,,,,,,-0.849121363665,,,,0.27905717675,,,,,,,,,-1.497050634,,,0.783355466467,-2.24758859062,,,,,,,-3.77952280847,,,,
BFPC04M,"GCNT4",ENSG00000176928,5.566054,2.58854293823,,,-0.38970852107,-0.6566258374288599,,3.54324776284,5.01986099719,3.28220830598,,,,-0.62166312255,,,,,,,,1.29570347824,,,,-1.15660194472,,,,,,,,,-0.536658974477,,,-0.625802298194,-2.0954992581,,,,,,,-4.4485000846,,,,
BFPC04,"GCNT4",ENSG00000176928,10.131961,2.00074768066,,,-1.60772103,0.07481623525412028,,5.4409376638,6.08700061652,4.87679631675,,,,-1.0896613131,,,,,,,,0.11222583205,,,,-0.583862481725,,,,,,,,,-1.41538080136,,,0.189908068778,-2.86666198096,,,,,,,-5.42535857577,,,,
BODY08B,"GCNT4",ENSG00000176928,12.585060,2.27841663361,,,-0.451750914514,0.2601317687846078,,6.08617623451,7.2881812532,5.6710911972,,,,-1.43246086841,,,,,,,,0.910605279598,,,,-0.906194901254,,,,,,,,,-0.99108308239,,,0.576340801563,-3.54247723981,,,,,,,-6.81793675898,,,,
BODY08F,"GCNT4",ENSG00000176928,6.380719,1.51015841961,,,-1.05128004693,0.03458769394373163,,4.36424550604,4.45475906435,3.77249160702,,,,-0.505101183821,,,,,,,,-0.0444589096995,,,,-0.721622089631,,,,,,,,,-1.45317156399,,,1.22031247536,-2.68921361735,,,,,,,-4.64596983518,,,,
BODY08M,"GCNT4",ENSG00000176928,8.245644,1.84104812145,,,0.277456922389,0.32614827188225637,,4.63299551868,6.20865801487,4.57105437925,,,,-1.53705143824,,,,,,,,1.28869767683,,,,-0.628680088473,,,,,,,,,-0.120509621606,,,-0.24981849867,-2.56941613682,,,,,,,-5.39944268814,,,,
BODY08,"GCNT4",ENSG00000176928,11.533236,2.21838212013,,,-0.591110574611,0.3184534699605499,,6.00949082498,7.07450634159,5.5056813516,,,,-1.25791266664,,,,,,,,0.72006667183,,,,-0.977266449954,,,,,,,,,-1.1278544095,,,0.741717794263,-3.53915300295,,,,,,,-6.6787636224,,,,
CHOL02,"GCNT4",ENSG00000176928,7.411717,1.1106454134,,,0.495294794443,1.6983931698037773,,-3.1241620467,-3.30382197049,-1.90881098374,,,,-3.08933642291,,,,,,,,-0.220476019114,,,,0.581474538118,,,,,,,,,2.74471854117,,,-2.2923890325,3.92298025891,,,,,,,5.42885851112,,,,
CHOL05,"GCNT4",ENSG00000176928,6.416042,1.20019137859,,,0.429853644085,1.6319812280928407,,-3.07939069444,-3.30676934488,-1.76299009428,,,,-3.20911390043,,,,,,,,-0.264890601628,,,,0.517842399975,,,,,,,,,3.02377612892,,,-2.16324501893,3.90347858528,,,,,,,5.24710875693,,,,
CHOL06,"GCNT4",ENSG00000176928,5.854120,-0.559720635414,,,0.0607314904026,1.2773260783059037,,-2.19009098534,-2.72474276205,-1.00674858041,,,,-1.81635646563,,,,,,,,0.716008781428,,,,0.834867647415,,,,,,,,,1.70258066964,,,-1.12053086699,3.15320294692,,,,,,,5.18778704113,,,,
CHOL11,"GCNT4",ENSG00000176928,5.269541,1.47922194004,,,0.55411053845,1.7408868783351124,,-3.26775088025,-3.24239500693,-1.99877654688,,,,-2.53419838275,,,,,,,,0.0651868648573,,,,0.391346708161,,,,,,,,,1.87687453511,,,-1.48011481059,3.34799642629,,,,,,,5.08361329422,,,,
CHOL13,"GCNT4",ENSG00000176928,6.192946,1.78639698029,,,0.692890882464,1.7864134461305001,,-2.88818596451,-2.65119295961,-1.71391417606,,,,-2.85735523226,,,,,,,,-0.433762927955,,,,0.337452029952,,,,,,,,,2.28390327874,,,-2.29372791635,3.59138635613,,,,,,,4.86943514431,,,,
CHOL19,"GCNT4",ENSG00000176928,5.347386,0.941550135612,,,0.3300013563,1.2590555245909414,,-2.71008601705,-2.31793444958,-1.79216027782,,,,-2.35382221227,,,,,,,,0.778040045443,,,,-0.141186567263,,,,,,,,,1.17980764758,,,-2.50451297432,3.50037586201,,,,,,,4.79563114747,,,,
CHOL20,"GCNT4",ENSG00000176928,5.790431,0.69928330183,,,0.61924794223,1.835744555956277,,-3.12423234458,-2.97959326411,-1.95787858234,,,,-3.28164442946,,,,,,,,0.0506873127437,,,,0.368601044223,,,,,,,,,2.75490903165,,,-2.38906386962,3.77730079907,,,,,,,5.06751042471,,,,
CHOL21,"GCNT4",ENSG00000176928,14.014066,-3.76702022552,,,3.81429247459,0.2814621894013523,,-3.81180236341,-4.79728692254,-2.33332816676,,,,0.125632178024,,,,,,,,-0.208471624407,,,,-0.322436227438,,,,,,,,,2.56925456902,,,-2.32024769757,5.03603588979,,,,,,,8.80183165719,,,,
CHOL24,"GCNT4",ENSG00000176928,7.319746,1.03774452209,,,0.504669799377,1.883795819413453,,-3.17998103641,-3.14902155819,-2.02691315211,,,,-2.66167387619,,,,,,,,0.0709086743792,,,,0.686333413275,,,,,,,,,2.27626103263,,,-2.28450740325,3.51122477283,,,,,,,5.38564355692,,,,
CHOL25,"GCNT4",ENSG00000176928,6.369399,1.57883894444,,,0.780636599499,1.6253775891615982,,-2.74603681629,-2.71945036493,-1.60240925296,,,,-3.03437367034,,,,,,,,-0.311916855448,,,,0.364838290299,,,,,,,,,2.3262559721,,,-2.42936701842,3.67620581357,,,,,,,5.01806120922,,,,
CHOL27,"GCNT4",ENSG00000176928,15.504248,-3.61216473579,,,2.42984183408,0.5623801320283937,,-3.71640375993,-5.46394641541,-2.59288894781,,,,-0.11326140469,,,,,,,,-0.779195152609,,,,0.360572042594,,,,,,,,,2.62334424513,,,-2.06621653683,4.60159370464,,,,,,,8.85067182242,,,,
CHOL28,"GCNT4",ENSG00000176928,6.272703,1.51627826691,,,0.559686118399,1.8747794414450827,,-3.25251036243,-3.4518818782,-1.90916600061,,,,-3.16022673252,,,,,,,,-0.226620209683,,,,0.251351822732,,,,,,,,,2.5466749171,,,-2.14711221629,4.02027390287,,,,,,,5.34842186744,,,,
CHOL30,"GCNT4",ENSG00000176928,5.423256,1.63912129402,,,0.603089235842,1.6133199657529893,,-2.83422259568,-2.95031613532,-1.47447511227,,,,-3.17191688152,,,,,,,,-0.1320965171,,,,0.254096847154,,,,,,,,,2.58121708386,,,-2.35604671041,3.6525265035,,,,,,,4.96593792368,,,,
CHOL31,"GCNT4",ENSG00000176928,4.067750,-0.517302513123,,,-0.0247513916838,0.584245178611701,,-1.72003956678,-2.36308759083,-0.581686739006,,,,-1.96614512613,,,,,,,,0.963097195736,,,,0.840872787675,,,,,,,,,1.47924293301,,,-0.923347662259,2.80623059517,,,,,,,4.74908803381,,,,
CHOL32,"GCNT4",ENSG00000176928,6.087406,1.13382971287,,,0.252892673801,1.9079696374911792,,-3.39181290092,-3.42530408537,-1.95819925726,,,,-3.16145532438,,,,,,,,-0.00436723062709,,,,0.42449123332,,,,,,,,,3.3703287128,,,-1.7537129409,4.09022718021,,,,,,,5.24889805921,,,,
CHOL33,"GCNT4",ENSG00000176928,5.395407,0.912480175495,,,-0.0315082459748,1.6282499057498836,,-2.14334530374,-2.73831217156,-0.926588846796,,,,-2.85534297649,,,,,,,,0.525727861963,,,,0.911043487398,,,,,,,,,2.22566647744,,,-1.62947964217,2.85120501391,,,,,,,4.9584481241,,,,
FATM04B,"GCNT4",ENSG00000176928,13.427070,2.36797428131,,,-0.984415745543,-0.06724684257266415,,6.42313732126,7.17210637188,5.79400514215,,,,-1.04604820609,,,,,,,,0.609811942889,,,,-0.791609252138,,,,,,,,,-1.65332221453,,,0.409285496345,-3.44427178355,,,,,,,-6.63848337155,,,,
FATM04F,"GCNT4",ENSG00000176928,7.173381,1.30010199547,,,-1.56036605316,0.305031626182632,,4.91588659323,4.51134993276,4.21012302692,,,,-0.490268063306,,,,,,,,-0.181053263457,,,,-0.195437525081,,,,,,,,,-1.74421746815,,,1.19944796907,-2.38741483521,,,,,,,-4.43975083443,,,,
FATM04M,"GCNT4",ENSG00000176928,9.098411,2.16271257401,,,-0.0314713261873,-0.3532990368437801,,4.67652278505,6.05621788387,4.41256463909,,,,-1.02658306556,,,,,,,,0.992557442252,,,,-0.926844630444,,,,,,,,,-0.796197254616,,,-0.455794894404,-2.72031184584,,,,,,,-5.38085817686,,,,
FATM04,"GCNT4",ENSG00000176928,14.122082,2.24861884117,,,-1.15925954391,0.08776536020780247,,6.38937297964,6.93877504153,5.69478990892,,,,-0.94246353259,,,,,,,,0.44522020002,,,,-0.787040510972,,,,,,,,,-1.78030370348,,,0.61939155526,-3.37252195465,,,,,,,-6.46736589273,,,,
FATT18,"GCNT4",ENSG00000176928,8.015833,1.35639977455,,,0.427192567219,0.564118003970855,,-2.6573930215,-2.52981047472,-2.08643593678,,,,-1.9503312613,,,,,,,,0.316282428929,,,,0.795175526865,,,,,,,,,0.34386546419,,,-2.63908231406,4.98493205376,,,,,,,5.26622565236,,,,
FATT25,"GCNT4",ENSG00000176928,5.663040,1.17316162586,,,0.05650175152,0.7771511646623107,,-2.2166751204,-2.41046348964,-1.67488785147,,,,-1.83591607092,,,,,,,,0.46726993258,,,,0.954280534603,,,,,,,,,-0.0659862448552,,,-2.41856071264,4.15672957086,,,,,,,4.89505263106,,,,
LEAN06B,"GCNT4",ENSG00000176928,10.701365,1.03227305412,,,-0.10083663723,-0.3102095810856956,,5.79002474134,5.86179100511,4.93214120047,,,,0.198640121618,,,,,,,,1.51955064222,,,,-0.541590645952,,,,,,,,,-2.41930716892,,,0.76045011143,-2.96498592304,,,,,,,-5.73458738363,,,,
LEAN06F,"GCNT4",ENSG00000176928,6.926538,1.13764858246,,,-0.664865670829,-0.8624131729794514,,4.57049830899,4.06462591897,3.4824705677,,,,1.07284505048,,,,,,,,2.19614745167,,,,-0.648916795403,,,,,,,,,-2.45163635985,,,1.39041143704,-2.43707017631,,,,,,,-4.48342981527,,,,
LEAN06M,"GCNT4",ENSG00000176928,5.437683,0.227295696735,,,0.843905385124,0.7432453952357149,,4.12160806376,5.05609406669,4.15541953423,,,,-1.29470657741,,,,,,,,-0.479184865148,,,,-0.0380792384134,,,,,,,,,-0.873605683214,,,-0.695645632788,-1.95904155426,,,,,,,-4.15055250534,,,,
LEAN06,"GCNT4",ENSG00000176928,9.646680,0.78715801239,,,0.312569041844,0.15789686937949712,,5.66142492629,6.19979097142,5.10933976029,,,,-0.44607848411,,,,,,,,0.758509000817,,,,-0.346785359269,,,,,,,,,-1.96651864994,,,0.161681326315,-2.8978777836,,,,,,,-5.60123875139,,,,
LIPI02,"GCNT4",ENSG00000176928,5.796777,0.860148847103,,,0.382147575506,1.6567977002206187,,-2.94739939009,-3.01139834093,-1.73596921144,,,,-2.42352438778,,,,,,,,0.0954159907277,,,,0.84628974087,,,,,,,,,2.16632277772,,,-2.03628165461,3.41837379308,,,,,,,5.24621509193,,,,
LIPI04,"GCNT4",ENSG00000176928,6.656591,1.11333167553,,,0.422658635137,1.7068753741636709,,-3.08223946571,-3.24347579462,-1.85406629077,,,,-2.92287149089,,,,,,,,-0.239583087739,,,,0.650853196283,,,,,,,,,2.70391468513,,,-2.16711590419,3.91604815696,,,,,,,5.34740566904,,,,
LIPI07,"GCNT4",ENSG00000176928,5.863977,1.21698737144,,,0.343911173072,1.5717116738521655,,-3.01796806324,-3.23250040648,-1.77424556849,,,,-3.19224004455,,,,,,,,-0.221386214286,,,,0.611363666513,,,,,,,,,2.97670174478,,,-2.19329124212,3.98139366418,,,,,,,5.15861228399,,,,
LIPI09,"GCNT4",ENSG00000176928,6.155107,0.867861807346,,,0.334250919238,1.6862168468321375,,-2.90524447957,-2.97021536282,-1.58090093626,,,,-3.2326758227,,,,,,,,-0.0991920659683,,,,0.54140842917,,,,,,,,,3.19560671381,,,-2.11021043198,3.89827754104,,,,,,,4.96868903534,,,,
LIPO01,"GCNT4",ENSG00000176928,4.804986,0.800293087959,,,0.311199260116,1.5113519036555159,,-2.76913004259,-2.86647631664,-1.54744413839,,,,-2.29960890106,,,,,,,,0.0986908037993,,,,0.800903482543,,,,,,,,,2.13149350761,,,-1.88135599196,3.28821439678,,,,,,,5.06788433367,,,,
LIPO03,"GCNT4",ENSG00000176928,5.852076,1.08519113064,,,0.367647394494,1.657601744498261,,-3.00637011646,-3.20156599475,-1.79265547589,,,,-2.84008261095,,,,,,,,-0.228894890879,,,,0.699512495633,,,,,,,,,2.64850424249,,,-2.13588635932,3.8725390613,,,,,,,5.26842877889,,,,
LIPO06,"GCNT4",ENSG00000176928,6.193067,1.15596854687,,,0.295698839851,1.5155174223952268,,-2.95179540787,-3.20205801387,-1.73457932419,,,,-3.11271430477,,,,,,,,-0.197809280822,,,,0.655017822641,,,,,,,,,2.94919397946,,,-2.20094695425,3.96380226048,,,,,,,5.1064486538,,,,
LIPO10,"GCNT4",ENSG00000176928,6.165770,0.638168513775,,,0.367978526538,1.5647494303633322,,-2.84668299114,-2.93915102135,-1.63109969618,,,,-3.19907157832,,,,,,,,0.041454836579,,,,0.694311208546,,,,,,,,,3.14783809464,,,-2.29547831461,3.91572034044,,,,,,,4.97328713661,,,,
PHLI04,"GCNT4",ENSG00000176928,5.274293,1.36873543262,,,0.350695242144,1.48785564203032,,-2.98288321854,-3.18933742395,-1.62233536805,,,,-2.51367593899,,,,,,,,-0.0961348444099,,,,0.540939930582,,,,,,,,,1.83461872551,,,-1.36074471902,3.55703138239,,,,,,,5.12110936621,,,,
PHLI06,"GCNT4",ENSG00000176928,6.104185,1.6449021101,,,0.592955344671,1.4435429296109998,,-2.5771073569,-2.59763749133,-1.38403796939,,,,-2.90203860312,,,,,,,,-0.222966589594,,,,0.354135250243,,,,,,,,,2.21374018371,,,-2.41988056716,3.78404480335,,,,,,,5.03339114551,,,,
PHLI09,"GCNT4",ENSG00000176928,6.196529,1.34151279926,,,0.551482318805,1.4672194469572624,,-2.65237278553,-2.89983636826,-1.49010997325,,,,-3.16276987629,,,,,,,,0.106200792385,,,,0.507243510983,,,,,,,,,2.41611016305,,,-2.69122200079,3.77825147098,,,,,,,5.06585175523,,,,
PHLI12,"GCNT4",ENSG00000176928,4.438887,0.564247071743,,,0.517840995937,1.5529924908277932,,-2.85158138819,-2.97154610052,-1.47351435553,,,,-1.8533968719,,,,,,,,0.308290757384,,,,0.741412891332,,,,,,,,,1.94349049215,,,-1.51456891943,2.96585449355,,,,,,,5.06272431922,,,,
