code,target,ENSEMBL,association,Adipose_Subcutaneous,Adipose_Visceral_Omentum,Breast_Mammary_Tissue,Muscle_Skeletal,DGN_Whole_Blood,Whole_Blood,Artery_Aorta,Artery_Coronary,Artery_Tibial,Heart_Atrial_Appendage,Heart_Left_Ventricle,Spleen,Brain_Amygdala,Brain_Anterior_cingulate_cortex_BA24,Brain_Caudate_basal_ganglia,Brain_Nucleus_accumbens_basal_ganglia,Brain_Putamen_basal_ganglia,Brain_Cerebellar_Hemisphere,Brain_Cerebellum,Brain_Cortex,Brain_Frontal_Cortex_BA9,Brain_Hippocampus,Brain_Hypothalamus,Brain_Spinal_cord_cervical_c-1,Brain_Substantia_nigra,Nerve_Tibial,Cells_Transformed_fibroblasts,Cells_EBV-transformed_lymphocytes,Colon_Sigmoid,Colon_Transverse,Esophagus_Gastroesophageal_Junction,Esophagus_Mucosa,Esophagus_Muscularis,Liver,Minor_Salivary_Gland,Small_Intestine_Terminal_Ileum,Stomach,Adrenal_Gland,Pituitary,Pancreas,Thyroid,Lung,Ovary,Prostate,Testis,Uterus,Vagina,Skin_Not_Sun_Exposed_Suprapubic,Skin_Sun_Exposed_Lower_leg
BLOO03,"SKA2",ENSG00000182628,2.864645,1.61326052124,-0.695866889805,0.950319800211,-1.93793444072,-0.38718403567121956,,0.0879881331261,-0.23627589455,-0.455238559069,,0.366479000981,,0.214615527791,,-1.01248822629,-5.30644558057,,-0.164990552663,0.160657252218,-0.607222591943,-0.0200740545184,1.13433214356,,0.548432388242,,1.17831554188,0.00276746931629,,,,,-1.55912196847,,,,,,,,-0.172847355459,0.482215251121,1.31535746578,,,,,,,
BLOO05,"SKA2",ENSG00000182628,16.078168,-8.00808673738,-7.929000052,-3.7321873896,-6.44563294363,-3.1182183023435748,,-4.00045166657,-4.87309729349,-7.06257584423,,-3.98688423593,,-4.4402224291,,-3.71038802883,-1.92466088287,,-4.55621719599,-3.92437686399,-4.74856734969,-2.69578805283,-5.18953744733,,-8.19746106285,,-6.65993131751,-5.41214043133,,,,,3.44418842931,,,,,,,,-4.33676692737,-4.2484829544,-6.18236328812,,,,,,,
BLOO06,"SKA2",ENSG00000182628,7.381565,2.61475764509,0.568181211502,1.06259830546,0.0398693062906,0.7561953963310974,,0.742958077876,0.252263268263,0.889133192183,,0.988305045297,,-0.568923772812,,0.019384090864,-3.50822611977,,1.419491826,0.260141565124,-0.352026552814,0.20832070812,1.80289300048,,1.40581249747,,2.35964296824,0.840130146087,,,,,-1.8894419364,,,,,,,,-1.34471413819,1.3208872618,1.57638537636,,,,,,,
BLOO09,"SKA2",ENSG00000182628,7.036453,2.39656976498,0.359142385691,0.839345835783,-0.0886735511892,0.649906970042195,,0.595736544984,-0.0156960730906,0.744810362054,,0.845846695872,,-0.778994866668,,-0.245997877276,-3.39318087105,,1.24217416031,0.186429914679,-0.531642138412,-0.0212010957325,1.68276545418,,1.27480982403,,2.13492906834,0.676775985023,,,,,-1.75350135327,,,,,,,,-1.64743183445,1.24385295299,1.40600201493,,,,,,,
BLOO10,"SKA2",ENSG00000182628,5.765483,1.3680944615,-0.519205919352,0.281149368592,-0.81493162981,0.2423937801260275,,0.0976026314894,-0.638928982872,-0.108219233244,,0.294189114654,,-1.32257842371,,-0.515449379681,-3.41661751225,,0.707029505506,-0.280409356997,-1.03093715341,-0.322729277113,0.969270270315,,0.296457665197,,1.26823122728,-0.0266588691857,,,,,-1.28562784321,,,,,,,,-2.10900149182,0.631805294951,0.666926437454,,,,,,,
BLOO13,"SKA2",ENSG00000182628,6.953700,2.61194278925,0.610349412853,0.99764851126,0.19473927485,0.769781946737372,,0.770372193754,0.166845138736,0.896382656514,,1.01271083352,,-0.543925221467,,0.015366382768,-3.49256875552,,1.39513184822,0.314218921195,-0.344594486245,0.205646279286,1.80271357926,,1.36217010422,,2.38046025166,0.860069724538,,,,,-1.60324951094,,,,,,,,-1.46194536917,1.29009781407,1.55572562833,,,,,,,
BLOO19,"SKA2",ENSG00000182628,18.759725,9.24532739844,6.88824430121,4.15153499923,5.61889304114,3.3416696476510395,,4.10887477443,4.27188566021,6.86639345871,,4.19363993435,,3.26253986267,,3.2143630476,-1.08516256088,,5.11659578982,3.71013701172,3.76431627996,2.18679119966,6.14538613118,,8.39275221588,,7.78341000429,5.39569050481,,,,,-3.81051626002,,,,,,,,2.54070328413,4.86812607154,6.85680053385,,,,,,,
BLOO27,"SKA2",ENSG00000182628,3.790700,4.91053819804,3.68591121369,3.68562613571,2.23836688493,4.257074888670312,,4.65605160644,3.91029040564,4.72212912984,,5.06631218053,,4.79352236023,,4.41684046422,0.110465865617,,3.32391822832,4.47878390785,4.27105011365,1.80083254181,4.75855113148,,4.01055948555,,4.87149874304,4.93343561485,,,,,1.0680878135,,,,,,,,3.54987476738,4.75023336254,4.38855385865,,,,,,,
BLOO28,"SKA2",ENSG00000182628,25.174899,-10.1619848151,-7.48647821948,-4.28814094359,-6.46375668409,-3.666281600639048,,-4.47189630988,-4.63857088006,-7.65604111265,,-4.55479291866,,-3.98050159301,,-3.64356479806,0.865947689916,,-5.1899644865,-4.08912899788,-4.51706443875,-2.8608746775,-6.238603752,,-9.6636897933,,-8.32078557063,-5.96730378492,,,,,4.14117464822,,,,,,,,-3.57404090765,-5.63965888757,-7.89074507845,,,,,,,
BLOO30,"SKA2",ENSG00000182628,6.550167,2.41297707885,0.483864967071,0.929895643607,0.0856508970255,0.6411719251513611,,0.586852718818,0.0456419081001,0.739568674211,,0.83151119052,,-0.764913582655,,-0.19197340005,-3.38431701094,,1.29818998292,0.164365155233,-0.506095370688,0.0244544511961,1.68925622245,,1.33875435163,,2.12927110855,0.665084917826,,,,,-1.52165444906,,,,,,,,-1.51492017653,1.28754869506,1.49041372384,,,,,,,
BLOO35,"SKA2",ENSG00000182628,5.144941,-2.33084538175,0.42281189105,0.653517683979,2.12069371133,1.090841832998743,,0.367943012823,0.529966777343,-0.653207407827,,0.379339965212,,0.894746313421,,0.0717381196733,5.32110817601,,0.183838306886,0.559686549125,0.692409587096,0.642340651007,-1.05895221268,,-2.34446726135,,-1.17502244928,0.0855231375545,,,,,3.06271251201,,,,,,,,0.258991101585,0.949669790731,-1.25780709148,,,,,,,
EDUC03,"SKA2",ENSG00000182628,5.704565,-3.2702533089,-1.98331840061,-0.460095705445,-3.49163668467,0.559808219062706,,0.14971699283,-1.02176286004,-1.85653106374,,-0.215158914664,,0.385581830108,,-0.700016220168,1.06077919022,,0.349030616643,0.0593581058038,0.90030500112,-1.57191333764,0.346986701638,,-1.80040570959,,-1.88991201023,-0.812697644963,,,,,3.36151564109,,,,,,,,0.19537910539,-0.836178533277,-3.28992440697,,,,,,,
INTE02,"SKA2",ENSG00000182628,4.329300,-4.21801867324,-3.05938830976,-1.68508302092,-4.72753077,-1.9589190696284033,,-2.10486750378,-2.60292382625,-3.81687213398,,-1.69792220019,,-2.05874026447,,-2.69697239411,-1.02012955852,,-1.53629921235,-1.56335048764,-1.27796531797,-1.86583893635,-1.1718045761,,-2.83804687718,,-2.90564513072,-2.56987744736,,,,,1.69363129198,,,,,,,,-1.38281911917,-2.6427341817,-3.45271768356,,,,,,,
REAS01,"SKA2",ENSG00000182628,2.809080,-3.2186936315,-1.71492527154,-1.34594647975,-4.81145262762,-0.7671699860444974,,-0.570303354529,-1.24658957843,-2.41709274497,,-0.273039603468,,-0.916512801764,,-1.60333660122,-0.580428136288,,0.0202825208842,-0.877032580914,-0.52399666602,-1.14720548927,0.0327523922969,,-1.86583859354,,-1.6575616553,-0.702619066163,,,,,1.36738517789,,,,,,,,-1.21506372102,-0.557545931259,-1.2524928351,,,,,,,
