code,target,ENSEMBL,association,Adipose_Subcutaneous,Adipose_Visceral_Omentum,Breast_Mammary_Tissue,Muscle_Skeletal,DGN_Whole_Blood,Whole_Blood,Artery_Aorta,Artery_Coronary,Artery_Tibial,Heart_Atrial_Appendage,Heart_Left_Ventricle,Spleen,Brain_Amygdala,Brain_Anterior_cingulate_cortex_BA24,Brain_Caudate_basal_ganglia,Brain_Nucleus_accumbens_basal_ganglia,Brain_Putamen_basal_ganglia,Brain_Cerebellar_Hemisphere,Brain_Cerebellum,Brain_Cortex,Brain_Frontal_Cortex_BA9,Brain_Hippocampus,Brain_Hypothalamus,Brain_Spinal_cord_cervical_c-1,Brain_Substantia_nigra,Nerve_Tibial,Cells_Transformed_fibroblasts,Cells_EBV-transformed_lymphocytes,Colon_Sigmoid,Colon_Transverse,Esophagus_Gastroesophageal_Junction,Esophagus_Mucosa,Esophagus_Muscularis,Liver,Minor_Salivary_Gland,Small_Intestine_Terminal_Ileum,Stomach,Adrenal_Gland,Pituitary,Pancreas,Thyroid,Lung,Ovary,Prostate,Testis,Uterus,Vagina,Skin_Not_Sun_Exposed_Suprapubic,Skin_Sun_Exposed_Lower_leg
BFPC04B,"APMAP",ENSG00000101474,5.049713,-0.225480889034,,,,,-1.2353433589,,,,,,,,0.664221709263,1.24764827558,,1.87607705298,,-4.37928223226,,,1.02230435795,,1.17165347974,0.453506440948,5.7060086523,,,1.54159351855,1.98220184337,2.53233011487,2.54355285127,4.27322178848,,,,,1.44334837029,,-0.165840280965,,6.27977201362,,,-0.215676301798,,,2.9254304922,2.23697017238
BFPC04F,"APMAP",ENSG00000101474,3.421338,-1.01494972952,,,,,-1.00327883866,,,,,,,,0.880430734454,2.00706281036,,2.74207928287,,-3.79895189052,,,1.94931322148,,0.630110538714,1.11419179769,3.99820286155,,,2.36413673592,1.24258800517,2.36948879811,1.41127985556,4.52844286827,,,,,0.511290742646,,-0.647735312545,,5.27609960427,,,1.20443030677,,,2.79184915587,1.05111582206
BFPC04,"APMAP",ENSG00000101474,4.722574,-0.361953279862,,,,,-1.23769992501,,,,,,,,0.740060893786,1.50830304558,,2.19684291331,,-4.44033322282,,,1.31205903682,,1.1467964066,0.617428727724,5.61189529338,,,1.8351173965,1.9030898614,2.64745734296,2.45829278379,4.53934185587,,,,,1.31169212121,,-0.327894244069,,6.37310413875,,,0.132383824234,,,3.02864644656,2.13191668612
BODY08B,"APMAP",ENSG00000101474,6.096791,-0.17452490086,,,,,-1.96972907099,,,,,,,,0.571083176574,0.868541595813,,1.40942882875,,-4.99822134127,,,0.451107519666,,1.19811701475,-0.0458445096434,6.56721982803,,,1.82162205812,2.92244915139,2.61704786495,3.7596456472,4.50597238952,,,,,2.87820154759,,0.963460699974,,6.26003740485,,,-1.090290033,,,2.19005910255,2.20387042745
BODY08F,"APMAP",ENSG00000101474,3.819301,-1.43907708572,,,,,-1.82468959333,,,,,,,,0.328207728903,1.24374175073,,1.88233673566,,-4.48902764496,,,1.78190928397,,0.774129719362,0.675989634274,5.15361765234,,,2.38030412368,2.38639023379,2.46018785329,2.93195001067,4.79812071316,,,,,2.30537455186,,0.54794343454,,5.13900875822,,,-0.0495658493262,,,2.7443681386,1.24870887239
BODY08,"APMAP",ENSG00000101474,6.700057,-0.452457451733,,,,,-2.10640246291,,,,,,,,0.570098382385,0.997286252145,,1.58804911757,,-5.12175250607,,,0.817220926507,,1.1401784678,0.0697225386623,6.59720622394,,,2.09757584609,3.02822919952,2.76790648681,3.8736858073,4.84600811834,,,,,2.94126821867,,0.955911542907,,6.35123108154,,,-0.931977692486,,,2.34955279762,2.09798116581
FATM04B,"APMAP",ENSG00000101474,4.847956,-0.244984536983,,,,,-1.79723331497,,,,,,,,0.413483691032,0.746136229643,,1.29832625366,,-4.72668988404,,,0.455719950486,,1.12269229025,0.251025534133,6.2160155973,,,1.45515942649,2.61762771199,2.48503860901,2.8507063377,4.52435411308,,,,,2.44814984145,,0.650842183496,,6.43360244965,,,-1.16535553253,,,2.4053608201,1.85022893811
FATM04F,"APMAP",ENSG00000101474,3.022606,-1.42280618754,,,,,-1.29106167824,,,,,,,,0.35221798223,1.4495927741,,2.17909469183,,-4.01381427929,,,1.49214853586,,0.763193940258,1.0196230761,4.47831450801,,,2.31541894096,1.65376025273,2.26830144198,1.77664386758,4.76434131618,,,,,1.36649155004,,-0.153469438198,,5.11082278401,,,0.409905006647,,,2.75886345643,0.86053598086
FATM04M,"APMAP",ENSG00000101474,2.518457,0.877670740528,,,,,-1.38152859389,,,,,,,,0.271622828765,-0.203205914059,,-0.0622150561937,,-3.10695889553,,,-0.640453718656,,0.899151763218,-0.522257496967,4.76550097503,,,0.0371534942008,2.20437083481,1.50027586238,2.42083440595,2.19171929303,,,,,2.21454570095,,1.02885647519,,4.5273681957,,,-1.95559285097,,,0.971874290791,1.82531736633
FATM04,"APMAP",ENSG00000101474,4.789762,-0.464788787831,,,,,-1.81244207904,,,,,,,,0.433874157332,0.958559211508,,1.58104302957,,-4.7715479759,,,0.729702857976,,1.10497633727,0.414712317106,6.14791836896,,,1.77025769718,2.57053229259,2.61138246914,2.82180866206,4.83654241348,,,,,2.36268398334,,0.502528934066,,6.48354150042,,,-0.86497304953,,,2.54220779028,1.74100911711
