code,target,ENSEMBL,association,Adipose_Subcutaneous,Adipose_Visceral_Omentum,Breast_Mammary_Tissue,Muscle_Skeletal,DGN_Whole_Blood,Whole_Blood,Artery_Aorta,Artery_Coronary,Artery_Tibial,Heart_Atrial_Appendage,Heart_Left_Ventricle,Spleen,Brain_Amygdala,Brain_Anterior_cingulate_cortex_BA24,Brain_Caudate_basal_ganglia,Brain_Nucleus_accumbens_basal_ganglia,Brain_Putamen_basal_ganglia,Brain_Cerebellar_Hemisphere,Brain_Cerebellum,Brain_Cortex,Brain_Frontal_Cortex_BA9,Brain_Hippocampus,Brain_Hypothalamus,Brain_Spinal_cord_cervical_c-1,Brain_Substantia_nigra,Nerve_Tibial,Cells_Transformed_fibroblasts,Cells_EBV-transformed_lymphocytes,Colon_Sigmoid,Colon_Transverse,Esophagus_Gastroesophageal_Junction,Esophagus_Mucosa,Esophagus_Muscularis,Liver,Minor_Salivary_Gland,Small_Intestine_Terminal_Ileum,Stomach,Adrenal_Gland,Pituitary,Pancreas,Thyroid,Lung,Ovary,Prostate,Testis,Uterus,Vagina,Skin_Not_Sun_Exposed_Suprapubic,Skin_Sun_Exposed_Lower_leg
BLOO01,"PLD2",ENSG00000129219,10.335490,3.90713082436,3.56822189165,3.92552958753,3.8544922279,4.819790497847674,4.0217445982,3.33035182221,,3.14093013195,2.68047666493,1.96854173641,2.05764673409,0.406094292607,,,,,2.47983155433,2.32170247856,,,,,,,3.47119419996,2.66011926716,,4.2489409026,4.24202499162,,3.54869077467,3.731462441,,,,3.12714141414,3.71775527744,3.51103672418,2.64960772384,3.4955531357,4.09703201308,,,2.64188535721,,,,3.47075496394
BLOO07,"PLD2",ENSG00000129219,6.595799,-1.41280138653,-2.11148010456,-0.416510556067,-1.2417938076,0.7062482662587556,-0.331678159066,-2.39638026745,,-1.48001587267,-3.05358202697,-3.62396074877,0.430477801449,-0.42495965113,,,,,-0.992479671879,-1.12505394991,,,,,,,-0.563809798215,-2.81505520429,,-0.00263419181738,0.918641858943,,1.03320130546,-2.2694414877,,,,-0.157248656128,0.806716628001,-2.00509093573,-2.09478594356,-1.79495111905,-0.485822221048,,,-2.96098066803,,,,-1.62672839435
BLOO17,"PLD2",ENSG00000129219,9.326822,-2.22211235915,-3.08543572424,-1.16564444352,-2.0205851295,0.023526567315811504,-1.23209858951,-3.31378826365,,-2.30158001411,-4.03039223077,-4.45805427189,-0.376824821221,-0.428154469385,,,,,-1.54825966427,-2.42037885055,,,,,,,-1.24250182876,-3.78315017438,,-0.616988816931,0.43842146367,,-0.132579555997,-3.16273498212,,,,-0.998482715857,0.153777349462,-2.75544246793,-2.7419747881,-2.47925852384,-0.958951088663,,,-3.93957290948,,,,-2.50325458487
BLOO18,"PLD2",ENSG00000129219,7.539042,-1.99377088792,-2.77879769232,-0.928947608694,-1.76435137527,0.06778246035715567,-0.987463463769,-3.00508861195,,-2.09000329707,-3.84441626738,-4.35972127161,0.012904616237,-0.156728049668,,,,,-1.64981084941,-2.09795203285,,,,,,,-1.09452453375,-3.56055629699,,-0.382866351936,0.661403939545,,0.139206879669,-2.97616277619,,,,-0.935191563296,0.334301174051,-2.42075956888,-2.55742151575,-2.44721343574,-0.804732392615,,,-3.88531254533,,,,-2.20535215816
BLOO31,"PLD2",ENSG00000129219,6.168892,1.65274488565,2.32463079868,0.594309741756,1.42102598104,-0.24695622878094675,0.477438909085,2.52496872682,,1.75971395851,3.31608508895,3.9355533354,-0.0388893373274,-0.0329939799971,,,,,1.59211801697,1.69885868938,,,,,,,0.805413257411,3.10486800949,,0.0727066359185,-0.921547088782,,-0.676001235151,2.64639773285,,,,0.601566283168,-0.546048338488,1.94924741613,1.97382805235,2.08379980419,0.410210870512,,,3.33564364685,,,,2.00552674032
BLOO33,"PLD2",ENSG00000129219,6.207195,3.69314678632,3.17969485018,3.32258183324,3.32072339062,3.6035456243007524,3.70905676283,3.03110634513,,2.79867819077,2.99139392959,2.28123273768,1.41418576898,0.0483848382917,,,,,2.96137542382,2.47779696504,,,,,,,2.37585263859,2.88332204478,,3.25490247468,3.02748403524,,2.99224599992,3.40199930068,,,,3.8783601521,2.86455838418,2.95675046924,2.21117939672,3.4349731245,3.17338995373,,,2.27844979591,,,,3.51205894618
BLOO34,"PLD2",ENSG00000129219,12.562376,-0.187311549976,-0.584037769573,-1.23586253753,-1.05153400479,-0.6228815310998567,-1.22301243697,-0.371336604052,,0.19466203631,0.506113484359,1.50854170691,-0.962172481595,-0.355997432256,,,,,1.06669297665,0.669844912069,,,,,,,-1.51007557016,0.951689010288,,-2.17526243354,-2.84689584284,,-0.816669012171,-0.0659063575865,,,,0.515280321497,-1.80384239782,-1.36320303935,-1.07178095046,-0.0413756166917,-2.2645619079,,,0.0715776149343,,,,-1.48087810452
BODY08B,"PLD2",ENSG00000129219,5.236842,3.85562423659,3.7636888292,4.37024910465,3.81871511079,3.6006174501777855,4.77249015336,3.78456185638,,3.63599690016,2.99025097355,2.70871213996,2.3360167871,-1.52783637829,,,,,1.72880836516,1.70783243043,,,,,,,3.78273402851,3.6634794931,,3.99951340457,3.9205423649,,4.89457535621,3.56610291812,,,,1.07178100634,4.34271818104,4.33188248588,2.58804814823,3.22871549682,3.71496574074,,,2.88355830102,,,,3.19219445646
BODY08,"PLD2",ENSG00000129219,4.914924,3.47494206739,3.49892711861,4.12234655984,3.56977947908,3.413348769451533,4.51316838708,3.47360112633,,3.39916107884,2.86159374221,2.48634939475,2.31210930212,-1.3520102008,,,,,1.63336648166,1.7099979174,,,,,,,3.46294790194,3.37332617039,,3.73672919848,3.6895682514,,4.80236935931,3.3523651802,,,,0.981008607755,4.14220084084,4.05158716011,2.35731622785,2.96570968038,3.444049888,,,2.79298177888,,,,2.94798477949
PHLI14,"PLD2",ENSG00000129219,6.296812,0.326963934371,0.204946847672,0.70368849201,0.40041663004,0.64289852073937,1.20228248993,-0.0012622948143,,0.636698946396,0.226202888126,1.3377533425,-0.654114715904,-1.63140662256,,,,,0.373825180423,-0.514289221142,,,,,,,1.7352412167,0.835000784068,,0.984500435321,0.892392544981,,0.365100456496,0.52569639593,,,,0.165449433103,1.01506948688,-0.726509590142,0.0710192283952,1.47507911047,1.0675008919,,,-1.10451911872,,,,-0.679188506397
