code,target,ENSEMBL,association,Adipose_Subcutaneous,Adipose_Visceral_Omentum,Breast_Mammary_Tissue,Muscle_Skeletal,DGN_Whole_Blood,Whole_Blood,Artery_Aorta,Artery_Coronary,Artery_Tibial,Heart_Atrial_Appendage,Heart_Left_Ventricle,Spleen,Brain_Amygdala,Brain_Anterior_cingulate_cortex_BA24,Brain_Caudate_basal_ganglia,Brain_Nucleus_accumbens_basal_ganglia,Brain_Putamen_basal_ganglia,Brain_Cerebellar_Hemisphere,Brain_Cerebellum,Brain_Cortex,Brain_Frontal_Cortex_BA9,Brain_Hippocampus,Brain_Hypothalamus,Brain_Spinal_cord_cervical_c-1,Brain_Substantia_nigra,Nerve_Tibial,Cells_Transformed_fibroblasts,Cells_EBV-transformed_lymphocytes,Colon_Sigmoid,Colon_Transverse,Esophagus_Gastroesophageal_Junction,Esophagus_Mucosa,Esophagus_Muscularis,Liver,Minor_Salivary_Gland,Small_Intestine_Terminal_Ileum,Stomach,Adrenal_Gland,Pituitary,Pancreas,Thyroid,Lung,Ovary,Prostate,Testis,Uterus,Vagina,Skin_Not_Sun_Exposed_Suprapubic,Skin_Sun_Exposed_Lower_leg
BLOO02,"BOLA2",ENSG00000183336,0.770677,7.72768033436,4.75643139702,7.84028921046,6.65679595087,,,7.13380166639,,7.31320873502,5.2699438505,5.74867638078,7.22636230701,,,6.63985752438,2.97551291109,3.86277475132,5.37991880889,,5.17165612228,5.0602941762,7.94640341517,5.56293123993,,,8.09690246528,9.24968722332,7.9217955772,,8.13898094997,6.76084806813,7.30659867177,7.30678559572,,,,3.68980197212,,,7.00698476196,,3.49093351414,,,7.0719389998,,,5.57337115458,8.29225776393
BLOO04,"BOLA2",ENSG00000183336,0.295455,3.85981663495,1.98562511979,4.08926422864,3.80438835309,,,4.08186541271,,4.75190168277,1.74415403806,4.47025192525,3.81728737933,,,2.91108208568,2.13489105435,2.69243513957,2.39837190432,,1.76528548996,2.29884456388,4.20529199063,2.94537581672,,,4.31784572663,4.87172277463,4.17863004287,,4.58887223236,2.88029147958,3.51910599468,4.1127192739,,,,3.42851786968,,,4.43074637037,,0.685339678255,,,4.55439122359,,,2.61762764774,4.1366508211
BLOO05,"BOLA2",ENSG00000183336,0.797049,4.22331772559,3.14008400362,5.16904666826,3.95740239413,,,2.87286699207,,3.63354213171,3.63618867748,3.20969264423,4.34311439949,,,3.96709538754,1.63906045446,3.14414030741,4.25006852597,,3.21244300826,3.23082839046,4.61551756377,2.79210209686,,,5.0642454419,4.86948732952,4.39212375761,,4.53832356934,3.30271720726,4.25807487188,2.8119930229,,,,1.71463179502,,,4.7751788556,,2.55823131178,,,3.60571018925,,,3.55101833703,5.08687959389
BLOO07,"BOLA2",ENSG00000183336,0.126546,5.5017015571,3.52252627715,6.92273507484,5.51212065465,,,4.01694503452,,6.30953884567,3.52036180468,4.89790152945,7.39897073773,,,5.06239139703,2.58182075124,3.92586573223,4.48481439697,,3.56807285149,4.85942906865,5.53139412014,3.67608853155,,,6.34821909565,6.6294019119,5.76428617938,,4.912280664,4.30505789881,5.01445744595,3.37563558375,,,,4.83319682852,,,6.0440282752,,2.85973417327,,,5.99197035689,,,5.07813179946,6.15550013118
BLOO11,"BOLA2",ENSG00000183336,1.207538,5.49648694953,4.6903020821,4.1456155463,4.65660127658,,,4.08377314665,,2.92820556296,3.72902392834,3.84181772308,3.07219455279,,,4.34046497948,2.29187317463,2.15686085817,3.32017304105,,1.80733067973,3.67842407725,5.50547081494,4.06399880221,,,5.44488093311,5.25659085622,5.22989900604,,5.80119633053,5.21685487933,6.82599134309,4.36875853824,,,,2.33851465409,,,5.7546421835,,2.84932031973,,,3.85366758842,,,4.85728799657,5.43800965683
BLOO16,"BOLA2",ENSG00000183336,0.382434,5.57415815363,3.97454418246,6.70465741709,5.51927061413,,,4.09657006137,,5.99189042173,3.76513131862,5.08435516136,6.86416442804,,,5.10165567207,2.83114742643,4.0177169571,4.70994148608,,3.80866868639,4.91341109079,5.73815730849,3.90169351399,,,6.35804838546,6.55623890444,5.86205475708,,5.11974643225,4.46990309702,5.24900009708,3.50056223583,,,,4.56917854439,,,6.00677965473,,3.20773188374,,,5.85710049919,,,5.43373999162,6.21449505661
BLOO17,"BOLA2",ENSG00000183336,0.311545,4.22313349647,2.42399080063,5.62455466229,4.41004509964,,,3.0187464659,,5.66032631715,2.08213395563,4.03151448578,6.33580697188,,,3.98425387643,1.8182882664,3.23320671438,3.46200914431,,3.1185029997,4.06190640859,4.14885051413,2.77869967301,,,4.88243383996,5.2980852402,4.52353090504,,3.50746425112,3.10505200561,3.43417578777,2.3786170572,,,,4.58358118095,,,4.58240654708,,2.4268491564,,,5.38334880169,,,3.94272543951,4.74505521929
BLOO18,"BOLA2",ENSG00000183336,0.188941,4.34706651509,2.68808092318,5.59089040713,4.4273631868,,,2.98489794289,,5.75440582538,1.97554804957,4.26381184567,6.23192541015,,,3.98256528422,1.74131155967,3.26636274936,3.35372485567,,3.16642956764,4.13371867427,4.23650013205,2.79722499986,,,4.9339037843,5.29187212949,4.5758595833,,3.66539258889,3.19076812733,3.66821863872,2.35718752625,,,,4.83877116613,,,4.6623358971,,2.54574887581,,,5.7588041578,,,4.08192279211,4.86220027523
BLOO26,"BOLA2",ENSG00000183336,2.848171,-9.05710374021,-6.04030174908,-9.44908102975,-7.88852456725,,,-6.59492779141,,-8.08194506349,-5.80610246746,-6.24083455654,-8.82341215741,,,-8.03928183927,-3.89092155766,-6.16959958767,-6.63327540522,,-6.70717772626,-6.84552984129,-8.98621578529,-6.70309455264,,,-9.19004950687,-10.379013577,-9.03269712301,,-8.72999961598,-7.8664266613,-8.37143041315,-8.14935681639,,,,-5.25519785171,,,-8.41171273152,,-4.49307602432,,,-8.66860128237,,,-7.14399416012,-9.77104857786
BLOO27,"BOLA2",ENSG00000183336,2.025000,-9.02139060415,-5.60712365834,-9.1886116457,-7.88525484827,,,-6.62017759533,,-7.79725294793,-5.19445686996,-6.25288535499,-8.38781095214,,,-8.3632699428,-3.95138620495,-6.2068829692,-6.91954812867,,-6.41956167005,-5.98578203114,-9.38931519248,-6.99862518666,,,-9.40636761175,-10.4311388489,-9.17390520052,,-9.00803471451,-7.99851924678,-8.36647974031,-7.83286011985,,,,-5.24752312968,,,-8.33883415403,,-4.71242767123,,,-8.88300512965,,,-6.47270006684,-9.70743852573
BLOO29,"BOLA2",ENSG00000183336,1.082143,2.30709199347,1.57017550351,4.20985897923,3.05722989266,,,3.96252854128,,4.42851741115,0.27146331703,5.38488362365,4.28485511187,,,-0.853701135966,-1.67175554658,-0.400973472827,1.52165141975,,1.02611206957,2.66123096438,1.82572340228,0.0726675524789,,,3.46735216517,3.64209698695,2.6886156105,,3.52960248268,0.145630755606,2.99071495292,2.72674663223,,,,1.10706880757,,,2.87793659588,,0.640077220217,,,2.46763589072,,,3.71891467964,3.81667827214
BLOO31,"BOLA2",ENSG00000183336,0.075622,-4.40653682503,-3.08919227511,-5.3138450735,-4.47618786052,,,-3.1943460475,,-5.5412968422,-2.24526137618,-4.36540584722,-5.83297480752,,,-4.03820042422,-2.03069795797,-3.35698757786,-3.57317678628,,-3.37848382096,-4.20366231144,-4.41911829941,-3.05905976165,,,-4.94796476038,-5.24430014175,-4.66923583482,,-3.80152944161,-3.37942760189,-3.87165082738,-2.47747292375,,,,-4.50434646659,,,-4.61137110614,,-2.86763689739,,,-5.54470022408,,,-4.40293418775,-4.85013146964
BLOO33,"BOLA2",ENSG00000183336,0.303836,2.33647520011,2.34375710814,3.74756428149,2.87352272561,,,0.743736656943,,2.12845644913,3.33897853181,1.20019105026,4.81720482768,,,2.94713932329,-0.151581770971,2.16458506289,3.83232367347,,2.44711948024,1.57603717296,2.86207462889,1.82604051582,,,3.15455641442,3.14599927252,2.66020442779,,2.53098314095,1.74514465963,2.56612400886,1.30281593659,,,,-0.0339522600903,,,2.68443321014,,3.08334392791,,,2.25564412805,,,3.81497489864,3.4471648049
