code,target,ENSEMBL,association,Adipose_Subcutaneous,Adipose_Visceral_Omentum,Breast_Mammary_Tissue,Muscle_Skeletal,DGN_Whole_Blood,Whole_Blood,Artery_Aorta,Artery_Coronary,Artery_Tibial,Heart_Atrial_Appendage,Heart_Left_Ventricle,Spleen,Brain_Amygdala,Brain_Anterior_cingulate_cortex_BA24,Brain_Caudate_basal_ganglia,Brain_Nucleus_accumbens_basal_ganglia,Brain_Putamen_basal_ganglia,Brain_Cerebellar_Hemisphere,Brain_Cerebellum,Brain_Cortex,Brain_Frontal_Cortex_BA9,Brain_Hippocampus,Brain_Hypothalamus,Brain_Spinal_cord_cervical_c-1,Brain_Substantia_nigra,Nerve_Tibial,Cells_Transformed_fibroblasts,Cells_EBV-transformed_lymphocytes,Colon_Sigmoid,Colon_Transverse,Esophagus_Gastroesophageal_Junction,Esophagus_Mucosa,Esophagus_Muscularis,Liver,Minor_Salivary_Gland,Small_Intestine_Terminal_Ileum,Stomach,Adrenal_Gland,Pituitary,Pancreas,Thyroid,Lung,Ovary,Prostate,Testis,Uterus,Vagina,Skin_Not_Sun_Exposed_Suprapubic,Skin_Sun_Exposed_Lower_leg
BLOO13,"HLA-DPB1",ENSG00000223865,4.885489,1.55702079685,,,2.19467344358,-2.375160144791393,,,,,,-1.71226226067,2.90407281209,,,,6.5506915,1.38767916895,1.09117241191,-1.48337526871,-4.06687834931,,,,,0.301260689646,-1.09683695039,-3.39268102716,,,,,1.10913565312,-1.99572272065,,,,,,,2.0534587031,3.16396112192,,,,8.34154341473,-0.427859628844,,,-0.524743318341
BLOO16,"HLA-DPB1",ENSG00000223865,16.247936,1.66506302437,,,0.0728667016682,-2.432084528455151,,,,,,-5.44301314079,2.17052262026,,,,7.98482241057,0.154771191618,6.9931012841,5.39792458241,-1.80010518578,,,,,4.31654618381,2.08743218179,-2.5814760168,,,,,0.765144282717,-0.444986173768,,,,,,,1.28467224642,4.82072364759,,,,10.1323986297,1.45466386811,,,-1.60681519819
BLOO17,"HLA-DPB1",ENSG00000223865,16.052018,0.484630389126,,,-1.17184748063,-1.6780649566732173,,,,,,-4.9007007935,0.924810839522,,,,4.89073915156,-0.882695408333,6.09375262869,5.7493808117,0.400818186835,,,,,4.28106396302,1.89821981328,-0.7519091825,,,,,0.28703481072,0.608960620119,,,,,,,0.192111865821,2.36082347558,,,,5.5990800214,1.64680333212,,,-1.85884686897
BLOO18,"HLA-DPB1",ENSG00000223865,12.828742,0.923238183807,,,-0.600194584077,-1.3486425648933877,,,,,,-4.20039813421,0.473695834369,,,,4.47536877793,-0.490367920751,5.91355450106,5.60797297723,0.123579100524,,,,,3.95241970864,2.34837323574,-0.793364480715,,,,,0.237478993874,0.643617572968,,,,,,,0.388548222805,2.66310039709,,,,5.67361647644,1.52891867602,,,-1.15673218905
BLOO20,"HLA-DPB1",ENSG00000223865,1.830531,0.832374445069,,,1.28540149938,-2.763432443171461,,,,,,0.466120191074,-2.00187041143,,,,3.79312297087,2.06127503644,1.44996146167,0.0922763711252,-3.96510596991,,,,,0.19108685064,-0.595257947882,-1.29601274552,,,,,0.278453832824,-0.42869137767,,,,,,,-0.957369866291,2.68691811568,,,,4.88919571309,0.414981112325,,,0.133990074715
BLOO25,"HLA-DPB1",ENSG00000223865,6.751855,-0.809228492473,,,-1.50210825289,-4.40377314156858,,,,,,-0.339648089204,-5.52889258901,,,,2.57127917536,2.00850757548,-3.99617681415,-3.98698869714,-3.84355055786,,,,,-0.899382878486,-2.28155698995,0.750819268326,,,,,-1.11817327651,-3.64517489436,,,,,,,-2.75495723986,-0.0926372929028,,,,2.37431099346,-2.0178233429,,,-3.56602088611
BLOO26,"HLA-DPB1",ENSG00000223865,7.784336,-0.417177356683,,,-3.35481534214,-1.776823260218026,,,,,,0.64683553964,-4.5185370474,,,,-0.00119811170737,2.69994827769,-3.62335943176,-2.42140301076,-0.31159601647,,,,,-0.860848828754,-0.0370265620738,3.25130546805,,,,,0.326791242744,-1.60957978455,,,,,,,-3.69545813199,-1.72492289752,,,,0.181825647363,0.572082164303,,,-1.81234422512
BLOO29,"HLA-DPB1",ENSG00000223865,12.852046,2.62739277076,,,-1.06670683442,3.458309812110148,,,,,,2.59249812402,0.00966514126562,,,,-2.51122197253,0.487281553669,-3.10317278504,-1.03276977645,-0.133175251397,,,,,0.835965715208,1.12899197236,3.17621552942,,,,,0.9787522709,1.8224118815,,,,,,,2.55349132587,-0.826915412625,,,,0.162909170299,1.26925791772,,,1.52588098317
BLOO30,"HLA-DPB1",ENSG00000223865,6.507980,1.69247847161,,,2.14111196131,-2.6465742797582323,,,,,,-2.18553535932,3.10556044843,,,,6.87970658412,1.29736853742,1.49882242911,-1.1548786459,-4.25992637873,,,,,0.915729151793,-0.89419366839,-3.51816880798,,,,,1.16340555601,-1.94265849928,,,,,,,2.22777365093,3.30440915633,,,,9.17781448821,-0.249883308267,,,-0.708979509894
BLOO31,"HLA-DPB1",ENSG00000223865,12.879656,-0.993917591812,,,0.801865093024,1.2503087434915012,,,,,,4.00392842575,-0.27362279594,,,,-4.3309094984,0.340013267707,-5.90617932596,-5.59539127124,-0.169103358018,,,,,-3.77214691371,-2.56030448676,0.872074003561,,,,,-0.0520017902972,-0.436001882548,,,,,,,-0.117450735566,-2.95524031343,,,,-5.34257999827,-1.38325773558,,,1.12150475754
BLOO33,"HLA-DPB1",ENSG00000223865,23.640962,-3.88778412587,,,-5.35753413158,-0.520787482759957,,,,,,-16.1512065549,3.76204986703,,,,4.41142879925,-2.68359499686,3.26577969195,3.39396027102,-1.72008225087,,,,,13.0759223011,-0.41345944797,-2.54271961564,,,,,-1.55285646126,-0.695562121212,,,,,,,0.311659465889,-2.3552136033,,,,1.84414302996,3.74802797494,,,-3.77081892018
BLOO36,"HLA-DPB1",ENSG00000223865,3.554692,-0.788699436316,,,-0.535982142035,-2.906646296909005,,,,,,-0.876959574617,-3.6301148888,,,,5.50632534793,1.44996081004,0.359818923694,-0.49532758402,-4.59779721717,,,,,-1.24276469547,-0.386209737607,-1.05469091199,,,,,-0.564334438579,-2.01872476155,,,,,,,-0.708019378622,2.60386540173,,,,5.08594086698,1.75287120937,,,-2.55208943857
CIRR01,"HLA-DPB1",ENSG00000223865,27.433739,-0.248673801156,,,-1.07881968735,-5.981014319239868,,,,,,-4.1638286627,0.337618729301,,,,1.3831147495,2.64201002352,0.516152326428,-7.34188058386,1.94678158767,,,,,1.38122671462,-5.36699608735,-1.82570725155,,,,,-1.63608440569,-3.678650362,,,,,,,-1.91891071258,-6.8039301882,,,,4.20852672252,-3.41252552948,,,-0.373963657065
CROH01,"HLA-DPB1",ENSG00000223865,4.068415,1.06414108316,,,2.12138435456,-2.3548687189362525,,,,,,3.1449704839,-0.616595880347,,,,1.06639381603,2.45654372054,1.09268594529,1.10353590401,0.630932672413,,,,,-0.532602444595,2.49207282066,-0.318673867689,,,,,3.11138704624,-0.547393215028,,,,,,,0.771681768563,4.72866389378,,,,0.823144772715,-2.04599295263,,,2.62294089849
HEIG03,"HLA-DPB1",ENSG00000223865,2.426409,-2.78499592836,,,-2.39999014749,-0.44824244268798064,,,,,,-0.703578166184,-0.626586443375,,,,-5.0188985613,-3.63184899877,-0.00760847583448,1.16298715143,1.1246907085,,,,,1.91405601756,-0.875286269797,1.24374578576,,,,,-1.22346618739,1.93878201232,,,,,,,-0.727555034938,-2.53660358442,,,,-3.34218693437,4.97612817964,,,-0.0448248205991
LEAN04B,"HLA-DPB1",ENSG00000223865,1.203919,-1.24245692396,,,-1.36476874576,1.8412422906221304,,,,,,1.14607841675,0.130604224267,,,,-5.73280311232,-1.72980414199,-0.849815720394,0.627151876682,4.0371263719,,,,,0.231621694207,-0.0300725856086,3.17992841361,,,,,1.2504362444,3.61394984218,,,,,,,0.657676649451,-2.3160268254,,,,-3.68636905705,2.94088609709,,,1.51148236324
LEAN04M,"HLA-DPB1",ENSG00000223865,1.400215,-1.69058259497,,,-1.38225552961,2.655972341137695,,,,,,0.440850474814,2.19460274297,,,,-4.82385130865,-2.21123334737,-0.930021945351,0.319095275329,2.81549687448,,,,,0.339484434565,0.0756513565209,2.21948434359,,,,,1.56242833117,3.03721636894,,,,,,,0.663116716141,-2.16291685608,,,,-3.6733055347,2.77662698191,,,0.990890054504
LEAN04,"HLA-DPB1",ENSG00000223865,1.345872,-1.53491358724,,,-1.44788699096,2.4859661839760885,,,,,,0.938671683691,1.26322761081,,,,-5.81074458098,-2.14585495395,-0.951986749011,0.563996060052,3.67985136639,,,,,0.243196325242,0.181747317602,2.92687426978,,,,,1.64408193894,3.71201609942,,,,,,,0.848557038066,-2.42274238062,,,,-3.92124476626,3.21517741167,,,1.36488053748
LEAN05B,"HLA-DPB1",ENSG00000223865,1.254722,-1.35164392178,,,-1.43975509128,1.7375584536716246,,,,,,1.18662602002,0.173877934958,,,,-5.62496118596,-1.82439295989,-0.742249691967,0.775498002301,4.11255227852,,,,,0.30267413172,-0.144021844767,3.26719519667,,,,,1.17762159771,3.75621321967,,,,,,,0.588887394428,-2.40683751957,,,,-3.77261520661,3.02948803331,,,1.45920202555
LEAN05M,"HLA-DPB1",ENSG00000223865,1.377133,-1.65918919873,,,-1.35589652045,2.6838766994136156,,,,,,0.459848698619,2.19991305536,,,,-4.8111083668,-2.23053600796,-0.927238182586,0.339677056636,2.80601976233,,,,,0.356786655566,0.101303696089,2.27027754317,,,,,1.57946513625,3.07191686754,,,,,,,0.707583851338,-2.16338633572,,,,-3.67379268725,2.79361764764,,,1.04734499243
LEAN05,"HLA-DPB1",ENSG00000223865,1.371488,-1.58905945408,,,-1.47720842518,2.444294296577432,,,,,,0.983601200396,1.29063757718,,,,-5.74997827474,-2.21371490544,-0.896659680665,0.668879175782,3.72136746636,,,,,0.30526791965,0.132827685694,3.01224551988,,,,,1.60594708718,3.81815245591,,,,,,,0.829384276345,-2.48029121488,,,,-3.97846315451,3.27853643979,,,1.37010418246
LEAN06B,"HLA-DPB1",ENSG00000223865,1.851675,-0.0606427354915,,,-1.25359615611,0.05629372433964109,,,,,,0.988859010325,0.523465443773,,,,-6.35961874645,-2.04086778675,0.40508779979,1.74774191838,5.10874229825,,,,,1.22428117883,0.738571943364,2.66893959741,,,,,0.538492822928,5.01669453576,,,,,,,1.15115937028,-2.12137598421,,,,-1.91752277768,4.96027878616,,,1.55218968723
LEAN06M,"HLA-DPB1",ENSG00000223865,2.844998,-0.543965976329,,,-0.321370010985,1.1597696353817888,,,,,,0.620114121762,1.02768779993,,,,-6.13005065367,-2.87528637486,0.263391350645,2.15979363362,3.11958979684,,,,,1.46693034348,1.39733692444,2.45980982255,,,,,0.980210102584,4.89313096458,,,,,,,0.216643552526,-1.53909758989,,,,-2.35605412721,3.62903218749,,,1.10790984354
LEAN06,"HLA-DPB1",ENSG00000223865,2.986447,-0.244322600593,,,-0.915395230072,0.4543148992914022,,,,,,0.945286233358,0.84225841761,,,,-6.87381385287,-2.64636024317,0.346615659623,2.10809239833,4.53318934602,,,,,1.47522505543,1.18936515854,2.75884003209,,,,,0.878316753247,5.45926863809,,,,,,,0.933504893135,-1.9996842444,,,,-2.18122184196,4.82511998719,,,1.40173576908
LUPU01,"HLA-DPB1",ENSG00000223865,16.735867,-0.195646738508,,,-0.5638904479,1.5962829334309097,,,,,,-0.210325955412,1.3106663378,,,,-0.202758977697,-0.626764906734,-2.43667689737,-0.0263179724856,-1.84674515905,,,,,1.83270654952,-1.83801746368,-2.62039404733,,,,,-1.4818327086,0.912868731451,,,,,,,0.881355229984,-2.04986456591,,,,-2.29803648663,1.80160971115,,,0.531030648908
PRSC01,"HLA-DPB1",ENSG00000223865,25.117305,0.788490614106,,,-1.50751573134,4.961544516053648,,,,,,3.27727992248,2.0224182941,,,,-8.22103651515,2.00361713829,-7.64812053038,-2.13534347393,10.2717865501,,,,,1.0537300028,-0.581947813003,-4.16749534613,,,,,1.08768497312,1.27445603356,,,,,,,0.172247876783,-8.65803580026,,,,-8.42211365743,0.171861114764,,,2.46740299247
RHEU01,"HLA-DPB1",ENSG00000223865,83.131467,-8.71817704348,,,-5.11356888705,3.260059748416863,,,,,,-9.7675655759,15.5369411428,,,,-2.35695768684,-13.8426532208,9.43006193738,14.1175839047,-3.56335514073,,,,,2.49817064616,6.29195816015,-2.21273749164,,,,,-1.35463570244,7.09749290479,,,,,,,4.29550823584,-0.464172324172,,,,0.420046028116,8.57228761123,,,-1.49053948725
RHEU02,"HLA-DPB1",ENSG00000223865,78.245453,-8.71817704348,,,-5.12834105213,3.260059748416863,,,,,,-9.7675655759,15.5369411428,,,,-1.97907958343,-13.5659399554,9.43006193738,14.1175839047,-3.62827572909,,,,,2.49817064616,6.29195816015,-3.06328305156,,,,,-1.35463570244,7.1453525153,,,,,,,4.29550823584,-0.464172324172,,,,3.16074057199,8.57228761123,,,-1.49053948725
SCHI01,"HLA-DPB1",ENSG00000223865,7.872668,0.826871025929,,,0.511787629699,-1.4574520675667735,,,,,,-4.26544435279,-0.238153540032,,,,2.63701028179,-0.927526221989,5.38272680506,4.47509759941,1.61214236426,,,,,4.12939655936,0.949827313423,-0.245554067329,,,,,-0.0628074567204,0.492008186555,,,,,,,0.677987308179,-1.05504099326,,,,1.38764799133,-2.56369617485,,,-0.486315471011
SCHI02M,"HLA-DPB1",ENSG00000223865,5.787040,-0.129066586745,,,-0.375406814229,-0.8931384484461945,,,,,,-2.89634852611,-1.41634902437,,,,2.10802262569,0.23024017056,4.40640506636,2.24402129982,1.45286020026,,,,,2.02882386564,0.77540564537,-0.404216836961,,,,,-1.01154758724,-0.466602761672,,,,,,,-0.422776164673,-1.42271946817,,,,1.55382852261,-1.41437940593,,,1.34217006639
SCHI02,"HLA-DPB1",ENSG00000223865,6.954794,0.927570933669,,,0.362560057593,-1.6881251047878643,,,,,,-4.39446335155,-0.442452270246,,,,2.63060501765,-0.523406108403,5.17141845168,4.48018405977,1.58715551182,,,,,3.8980951433,0.855273067951,-0.402968701484,,,,,-0.0166351096567,0.451583232551,,,,,,,0.379227720543,-1.27814827535,,,,1.36936088746,-2.36712868384,,,-0.47709855414
ULCC01,"HLA-DPB1",ENSG00000223865,2.109467,-3.04076797883,,,0.511902332055,2.330653464376949,,,,,,1.03732630349,1.28107643139,,,,-1.84391384122,0.228686159165,-1.15623276589,0.403095683179,-0.698340406049,,,,,1.31087574346,2.37814474106,-2.5360036847,,,,,1.47095899602,0.952122017101,,,,,,,-0.202627381209,1.50233269422,,,,-5.44387416302,-0.373679987163,,,-0.899296131204
