code,target,ENSEMBL,association,Adipose_Subcutaneous,Adipose_Visceral_Omentum,Breast_Mammary_Tissue,Muscle_Skeletal,DGN_Whole_Blood,Whole_Blood,Artery_Aorta,Artery_Coronary,Artery_Tibial,Heart_Atrial_Appendage,Heart_Left_Ventricle,Spleen,Brain_Amygdala,Brain_Anterior_cingulate_cortex_BA24,Brain_Caudate_basal_ganglia,Brain_Nucleus_accumbens_basal_ganglia,Brain_Putamen_basal_ganglia,Brain_Cerebellar_Hemisphere,Brain_Cerebellum,Brain_Cortex,Brain_Frontal_Cortex_BA9,Brain_Hippocampus,Brain_Hypothalamus,Brain_Spinal_cord_cervical_c-1,Brain_Substantia_nigra,Nerve_Tibial,Cells_Transformed_fibroblasts,Cells_EBV-transformed_lymphocytes,Colon_Sigmoid,Colon_Transverse,Esophagus_Gastroesophageal_Junction,Esophagus_Mucosa,Esophagus_Muscularis,Liver,Minor_Salivary_Gland,Small_Intestine_Terminal_Ileum,Stomach,Adrenal_Gland,Pituitary,Pancreas,Thyroid,Lung,Ovary,Prostate,Testis,Uterus,Vagina,Skin_Not_Sun_Exposed_Suprapubic,Skin_Sun_Exposed_Lower_leg
BLOO02,"C6orf100",ENSG00000204709,7.375821,1.99478761069,-4.21720418887,-0.197533426869,,,,-0.669223059009,,0.709269537546,0.598170507455,,,,,,,,,,,,-3.23515555243,,,,0.768878557493,,,,0.8621262405,,,,,,,,,-3.15807411458,,-0.98209726044,2.3567240012,,,0.945203575065,,,,
BLOO03,"C6orf100",ENSG00000204709,21.578857,-1.30098747925,-10.3460440669,-4.59222305059,,,,-6.99269352749,,-1.88600433382,-2.15323815903,,,,,,,,,,,,-4.76032661731,,,,-3.73078366512,,,,-4.48625281637,,,,,,,,,2.74911625514,,2.90058477268,-2.73175698242,,,-5.68613785679,,,,
BLOO04,"C6orf100",ENSG00000204709,16.735749,1.78565726355,-6.95477063506,-2.6339065569,,,,-4.60972236535,,0.110248651573,-0.891826234116,,,,,,,,,,,,-5.52197992049,,,,-2.49081319599,,,,-2.07561361215,,,,,,,,,3.65667903412,,4.00887077227,-1.53304561682,,,-3.20777347577,,,,
BLOO05,"C6orf100",ENSG00000204709,31.261275,1.1910024431,-8.35349600474,-2.0599902553,,,,-6.74920044873,,1.61804096347,-2.16315519238,,,,,,,,,,,,-6.36812852317,,,,-2.03181674932,,,,-0.0979494051056,,,,,,,,,-1.34809817177,,-1.43232085532,1.19012537586,,,-4.14849742335,,,,
BLOO06,"C6orf100",ENSG00000204709,16.496741,-1.01500063744,-5.39770122211,-2.16765044911,,,,-4.87314537921,,1.99701164073,-3.82501648122,,,,,,,,,,,,-4.25929302564,,,,-2.43442764804,,,,1.14931021064,,,,,,,,,-0.604499119614,,-0.587690598881,1.02240759721,,,-3.10384476626,,,,
BLOO07,"C6orf100",ENSG00000204709,20.333379,2.50931399523,-7.2400992444,-0.952927534284,,,,-4.48463070914,,3.15402404671,-1.0369059167,,,,,,,,,,,,-4.69837549604,,,,-1.0976057876,,,,2.27974261169,,,,,,,,,-1.24778806578,,-0.573613507745,4.25652348618,,,-1.24526440232,,,,
BLOO08,"C6orf100",ENSG00000204709,8.046966,0.418826921733,-5.39699535273,-1.90763573538,,,,-2.93469541604,,1.66340580037,-1.56781385297,,,,,,,,,,,,-3.2327562275,,,,-1.73258424933,,,,0.0549056970897,,,,,,,,,1.55316176902,,1.26265533466,2.33715711709,,,-1.39234546953,,,,
BLOO09,"C6orf100",ENSG00000204709,21.067876,-0.739515095629,-6.14654672007,-2.30911737367,,,,-5.20932350904,,2.26634686578,-3.68478350238,,,,,,,,,,,,-4.52253687777,,,,-2.43277234238,,,,1.34306295494,,,,,,,,,-0.527211623078,,-0.449575299942,1.3551133135,,,-3.12928175073,,,,
BLOO10,"C6orf100",ENSG00000204709,20.660310,-0.606585999496,-6.74007201398,-2.45525595678,,,,-5.73143922693,,2.27454310876,-3.77359632217,,,,,,,,,,,,-5.0609018777,,,,-2.54121083075,,,,1.1745158215,,,,,,,,,-0.559252624985,,-0.599866141768,1.41768885837,,,-3.49845006128,,,,
BLOO11,"C6orf100",ENSG00000204709,45.195581,-0.653224431092,-11.308698887,-3.48781957457,,,,-7.13255214895,,0.559954979329,-3.49604754109,,,,,,,,,,,,-9.01155694821,,,,-2.31661426239,,,,-0.494783107273,,,,,,,,,-1.57350749719,,0.960483399976,0.847768041603,,,-4.35546286027,,,,
BLOO12,"C6orf100",ENSG00000204709,30.921181,-0.612732415589,-10.1377593217,-3.19365904868,,,,-7.61832618584,,2.33547036044,-4.66477896122,,,,,,,,,,,,-7.83249461003,,,,-3.06518170468,,,,1.00908903072,,,,,,,,,-1.04898614932,,-0.409264856947,1.9394612595,,,-4.64661062935,,,,
BLOO13,"C6orf100",ENSG00000204709,17.071333,-4.30146224909,-5.44487604567,-0.84563468712,,,,-7.19277639821,-9.19669185693,-4.6713742904,-8.07167060092,,,,,-2.99200658811,-5.6140249414,,,,,,-5.10591282056,,,,-7.60067138324,,,,-0.98369831294,,,,,,,,,-5.35713841352,,-4.13155951062,-6.13146336095,,,-3.48965691356,,,,
BLOO16,"C6orf100",ENSG00000204709,20.288404,-0.991178814224,-6.17633316043,-2.15837174038,,,,-4.9442054654,-7.29308574107,-3.21779359961,-5.84708614285,,,,,-0.0214883680434,-2.50992400368,,,,,,-6.17732471158,,,,-7.22982562555,,,,1.69873994933,,,,,,,,,-1.5988868747,,-3.1145846172,-4.03739722268,,,-1.11269389189,,,,
BLOO17,"C6orf100",ENSG00000204709,12.134440,1.01305802629,-2.78561624996,-1.62141283263,,,,-1.14025153701,-2.28644516846,-0.72388286737,-1.87995426256,,,,,1.2272799357,0.345678662474,,,,,,-3.39510620481,,,,-3.29079454825,,,,2.0671225516,,,,,,,,,1.41025151369,,-1.1993830776,-0.847575935649,,,0.51334538708,,,,
BLOO18,"C6orf100",ENSG00000204709,11.455039,0.96164929369,-3.30558813903,-1.71653377751,,,,-1.50489665048,-2.54118415604,-1.03179602677,-1.94784118971,,,,,1.30426457882,0.174049579562,,,,,,-3.2626955786,,,,-3.60199535371,,,,1.92414935209,,,,,,,,,1.06713527924,,-1.2996191104,-1.04047927447,,,0.683260420529,,,,
BLOO20,"C6orf100",ENSG00000204709,17.848600,-4.11967363316,-8.15265158457,-1.56267905307,,,,-6.91558990193,-5.89646223929,-3.00450973966,-8.04461464448,,,,,-3.40923723002,-6.38139790413,,,,,,-3.90899559898,,,,-3.57729617461,,,,-3.73565293529,,,,,,,,,-5.19214695222,,-5.86785356284,-5.55019997407,,,-2.98577635271,,,,
BLOO21,"C6orf100",ENSG00000204709,10.198260,-1.46395875956,-3.06968015818,0.556754129041,,,,-2.63111726116,-0.684632918559,-1.19833970446,-3.4197534933,,,,,-1.13974450563,-2.1259374877,,,,,,-1.08163404727,,,,1.89253485393,,,,-1.89449956274,,,,,,,,,-0.722100255844,,-2.48773007021,-3.36629154884,,,2.46534549465,,,,
BLOO22,"C6orf100",ENSG00000204709,8.844755,-1.34288036694,-3.51864798879,1.08419877015,,,,-2.97315035252,-0.95013784408,-1.144021187,-3.64966769198,,,,,-0.981638775468,-2.37285183048,,,,,,-1.72102107022,,,,1.73788227102,,,,-1.66409841923,,,,,,,,,-1.35054078216,,-2.55851149589,-3.36373105022,,,2.21123107318,,,,
BLOO25,"C6orf100",ENSG00000204709,17.340550,-4.32219202998,-6.24705994763,-4.44056571806,,,,-5.31748728693,-2.74637203115,-4.43921175134,-6.42685169888,,,,,-4.29301199839,-4.64266990748,,,,,,-1.76872435764,,,,-2.29634244166,,,,-3.9770449983,,,,,,,,,-0.709048025825,,-6.28244485304,-5.28518925442,,,1.60663653275,,,,
BLOO26,"C6orf100",ENSG00000204709,34.337847,-8.59552836035,-8.86489970489,-8.77388240391,,,,-7.66876106952,-6.10478082226,-5.82797674488,-11.2966324605,,,,,-8.04389874677,-8.05694924881,,,,,,-0.418941715627,,,,-3.98782062521,,,,-8.47832122394,,,,,,,,,-1.10394629098,,-9.87904090563,-9.66875362473,,,-1.63798342579,,,,
BLOO27,"C6orf100",ENSG00000204709,25.580441,-7.66737397036,-7.42070335323,-7.82835828118,,,,-6.42434434042,-6.14527177461,-4.73934839084,-9.78839503322,,,,,-6.88057253414,-6.88650749762,,,,,,0.275420474786,,,,-3.5970154769,,,,-7.92042121062,,,,,,,,,-1.07671377448,,-8.26920679812,-8.37080424141,,,-2.74137649939,,,,
BLOO29,"C6orf100",ENSG00000204709,7.108713,-3.4789585988,-0.934972720056,-0.875181243503,,,,-1.95872354779,-2.37206144946,-1.40266132788,-2.88161249307,,,,,-2.48873223918,-1.65580915891,,,,,,2.65598292284,,,,-0.0388079901087,,,,-1.96283437012,,,,,,,,,-0.181189555821,,-3.28049448602,-1.82770925543,,,-0.899955870499,,,,
BLOO30,"C6orf100",ENSG00000204709,21.506570,-4.28410433246,-5.61448886951,-0.93135392694,,,,-7.3394889911,-9.54754332536,-4.81993529527,-8.36731509171,,,,,-2.93406636969,-5.61192643787,,,,,,-5.27262336507,,,,-8.09578821917,,,,-0.805642102314,,,,,,,,,-5.27194259722,,-4.31850923298,-6.25847117331,,,-3.52044322726,,,,
BLOO31,"C6orf100",ENSG00000204709,10.426803,-1.06219890684,3.30973200383,1.72339837049,,,,1.34898197502,2.41135371554,0.860776527033,1.73736759669,,,,,-1.28817641359,-0.203958475912,,,,,,3.32901067304,,,,3.19627395745,,,,-1.94486432985,,,,,,,,,-0.912039714159,,1.02709485351,1.00387736581,,,-0.707050046464,,,,
BLOO33,"C6orf100",ENSG00000204709,6.324607,-2.40114812749,-3.4138292231,0.447223548192,,,,-4.08308360651,-4.16782888465,-2.01088425775,-3.01317136919,,,,,-1.72405687962,-2.80757021652,,,,,,-5.53634662538,,,,-3.26207705751,,,,-0.659070332639,,,,,,,,,-3.23742746396,,-1.61297146485,-1.8628262462,,,-1.47964499761,,,,
BLOO35,"C6orf100",ENSG00000204709,19.967220,3.21720038569,7.07013959407,2.70578424305,,,,4.01359013175,3.86784839789,3.28963672032,7.05354854856,,,,,2.09875257999,3.43891048324,,,,,,2.27170420567,,,,2.42267120468,,,,2.59302638176,,,,,,,,,0.535745646635,,5.66547020821,5.24522135477,,,-1.81143354636,,,,
BLOO36,"C6orf100",ENSG00000204709,15.021413,-3.42027198988,-5.8630153855,-0.573474776848,,,,-5.12122514975,-2.9981561108,-2.38373776287,-6.62326430876,,,,,-2.59177673675,-4.38911814382,,,,,,-2.50007522513,,,,-0.701112777143,,,,-3.25182842404,,,,,,,,,-2.15116188052,,-4.96220588464,-5.55426960687,,,1.10196117577,,,,
DEPR01,"C6orf100",ENSG00000204709,4.379697,0.463638222501,-6.54730149772,-4.78029081343,,,,-2.97639544577,,-1.97086751475,-0.367923795001,,,,,,,,,,,,-3.92020236454,,,,-2.1260602159,,,,-1.77051055909,,,,,,,,,0.773313533882,,2.44617739832,0.173586679594,,,-2.91500861506,,,,
DEPR02,"C6orf100",ENSG00000204709,3.048633,-0.161016679115,-4.71702278387,-1.5603647332,,,,-1.70161337203,,-0.321381947917,-1.06795659211,,,,,,,,,,,,-2.09897538431,,,,-2.39451873101,,,,-0.327969885313,,,,,,,,,2.08860851994,,2.52162916482,0.615019674779,,,-1.63904261571,,,,
FATM04B,"C6orf100",ENSG00000204709,9.775985,-1.44375626711,3.44182061881,-2.49335563391,,,,1.98357482388,2.04297769955,1.66048032429,3.85823835434,,,,,-2.3277060212,-0.965607443651,,,,,,1.6782206676,,,,2.86231727692,,,,-1.09070956523,,,,,,,,,0.204511103466,,2.8138017847,-1.1410957749,,,-1.20170707417,,,,
FATM04M,"C6orf100",ENSG00000204709,8.632104,-1.69172037134,3.1109718479,-2.26047218384,,,,1.31008544632,0.964366622537,1.44488991047,3.06564100519,,,,,-3.02220457051,-1.63017589266,,,,,,1.37570246889,,,,2.90837212102,,,,-1.34001278403,,,,,,,,,-0.875895579575,,1.64662472436,-1.2973630527,,,-2.34706835057,,,,
FATM04,"C6orf100",ENSG00000204709,8.107711,-1.33439253914,3.33559147435,-2.37349150523,,,,1.99963203268,2.16142278188,1.52073750491,3.7699949631,,,,,-1.91563543067,-0.682481317758,,,,,,1.68363741365,,,,2.6066812148,,,,-0.971101370194,,,,,,,,,0.525947753911,,2.85855394045,-1.03778391748,,,-0.741387778637,,,,
HEIG03,"C6orf100",ENSG00000204709,14.642427,-7.62245703752,-1.74122800186,-6.12115920853,,,,-4.42377536061,-3.50240184345,-2.37139951985,-3.39273941017,,,,,-7.19676639936,-6.7081228081,,,,,,-1.36462124449,,,,-1.31816117449,,,,-5.48498932515,,,,,,,,,-5.36746133615,,-5.71733676214,-6.25378986755,,,-3.23973490111,,,,
HIPC03F,"C6orf100",ENSG00000204709,5.086987,-5.33485373679,-2.5825408366,-3.94806437521,,,,-3.45461458076,-2.50560194192,-2.40158821855,-2.92654517954,,,,,-3.88656163159,-3.75597960894,,,,,,-0.780064278563,,,,-1.51547511219,,,,-4.08525419113,,,,,,,,,-3.04463135911,,-4.16030120633,-4.45538344637,,,-1.55347475219,,,,
HIPC03,"C6orf100",ENSG00000204709,6.056619,-5.63019090729,-2.58217235346,-4.56152636858,,,,-3.38648634804,-2.82550683212,-1.85675430716,-2.50824921868,,,,,-4.04634220656,-4.28470520051,,,,,,-1.07718253698,,,,-1.12715920311,,,,-4.2513266737,,,,,,,,,-3.18172318894,,-3.97813752786,-4.66416069365,,,-1.61591052607,,,,
HIPC04F,"C6orf100",ENSG00000204709,4.970170,-5.19458297708,-2.62712461524,-3.84724490999,,,,-3.4114522909,-2.49243582711,-2.39011038809,-2.92383225153,,,,,-3.82680868783,-3.68062843719,,,,,,-1.04911882352,,,,-1.60904246263,,,,-4.02096394922,,,,,,,,,-2.98333826857,,-4.00031331886,-4.38695745529,,,-1.53985509744,,,,
HIPC04,"C6orf100",ENSG00000204709,6.938623,-5.44779862345,-2.62848602723,-4.43195518219,,,,-3.34549329735,-2.81119375157,-1.83299347749,-2.50790165624,,,,,-3.97115741124,-4.18554107551,,,,,,-1.33197989947,,,,-1.25441048267,,,,-4.08328288458,,,,,,,,,-3.21667251989,,-3.87821482999,-4.65465942351,,,-1.57755197209,,,,
IRON02,"C6orf100",ENSG00000204709,4.699470,4.68266450114,5.11836794412,2.52898423843,,,,4.69018500996,4.82823160288,4.14503953979,4.72730611817,,,,,4.04043589786,4.33554036017,,,,,,-0.0459850720755,,,,4.07034303727,,,,3.74922549639,,,,,,,,,2.97548020203,,3.48205422911,5.48583607269,,,1.65648607064,,,,
IRON03,"C6orf100",ENSG00000204709,5.374060,-3.62564035762,-5.93483533556,-3.4208860231,,,,-4.78481210381,-4.63295946555,-3.54481578867,-5.34928737834,,,,,-2.67585996026,-4.19181480023,,,,,,-0.656258779053,,,,-5.12314376827,,,,-3.78654744809,,,,,,,,,-2.00746707315,,-3.28144814449,-5.32314783702,,,-1.39969449905,,,,
LEAN04B,"C6orf100",ENSG00000204709,8.762205,-3.55992219987,0.211676713667,-3.98958732771,,,,-1.25217264682,0.0682830818411,-0.107425603763,0.294237597295,,,,,-4.01437400121,-3.48343346473,,,,,,0.480445680774,,,,0.383177865298,,,,-2.8661224181,,,,,,,,,-1.90628132486,,-0.566085008069,-3.12415525524,,,-3.20224057421,,,,
LEAN04M,"C6orf100",ENSG00000204709,9.948462,-3.69468257206,0.434151396553,-3.22891720567,,,,-1.46128491817,-0.559381902362,-0.626470708856,-0.088803421861,,,,,-4.59998500535,-4.08345357496,,,,,,-0.322395090266,,,,0.566060348827,,,,-2.90436645551,,,,,,,,,-2.48962595147,,-1.42559050928,-3.27442376586,,,-3.07000587617,,,,
LEAN04,"C6orf100",ENSG00000204709,12.196011,-4.00122086565,0.363622123088,-3.9842815089,,,,-1.4743202319,-0.290071841126,-0.421155933185,0.116605089775,,,,,-4.67804746763,-4.12835211829,,,,,,0.0974898587973,,,,0.476237029636,,,,-3.13914170378,,,,,,,,,-2.34871946296,,-1.10522573256,-3.52865940356,,,-3.4320493327,,,,
LEAN05B,"C6orf100",ENSG00000204709,8.596073,-3.67627328988,0.160121272504,-3.99556037761,,,,-1.36294854115,0.0427467170932,-0.240105759794,0.264783569626,,,,,-4.17440633593,-3.59328882494,,,,,,0.337996939156,,,,0.358439949826,,,,-2.94921938046,,,,,,,,,-2.02229866413,,-0.619737121233,-3.23115223652,,,-3.24142516907,,,,
LEAN05M,"C6orf100",ENSG00000204709,9.104456,-3.74360558057,0.412224058771,-3.27158509832,,,,-1.53068073632,-0.622398253202,-0.655370124261,-0.136267740579,,,,,-4.65885142081,-4.15257958439,,,,,,-0.335093963885,,,,0.524184534298,,,,-2.96740132227,,,,,,,,,-2.5322688273,,-1.47908265653,-3.33167521295,,,-3.1278481722,,,,
LEAN05,"C6orf100",ENSG00000204709,10.789655,-4.07998374256,0.33219881178,-4.00514685531,,,,-1.55982111329,-0.328822777374,-0.497451186533,0.0853924185628,,,,,-4.78894288864,-4.21695516412,,,,,,0.00966781488231,,,,0.457423926929,,,,-3.21785712418,,,,,,,,,-2.42883980957,,-1.15158673228,-3.60732262839,,,-3.48951799927,,,,
LEAN06B,"C6orf100",ENSG00000204709,16.911793,-4.57354387363,1.03842448624,-4.65316930149,,,,-0.673752894004,0.613484348126,0.333277682494,1.33185277115,,,,,-5.46616595607,-4.37450868917,,,,,,0.186751725043,,,,1.31706167429,,,,-2.91177424797,,,,,,,,,-2.06598604457,,-0.214902650629,-3.87835990396,,,-3.05069017392,,,,
LEAN06F,"C6orf100",ENSG00000204709,6.411269,-2.48687171447,0.73140110221,-3.09793849052,,,,0.391479354307,1.37154280047,0.588769266952,1.57398198357,,,,,-2.72019541862,-2.00043470397,,,,,,-0.20582656712,,,,1.038665821,,,,-1.61224628131,,,,,,,,,-0.559146333171,,0.865644126056,-2.05869957868,,,-1.23394368403,,,,
LEAN06M,"C6orf100",ENSG00000204709,16.927015,-5.01754864021,0.882389305005,-4.21628377335,,,,-1.92397090855,-0.953781122092,-0.271883939951,0.12787145928,,,,,-6.39309945658,-5.39340453173,,,,,,0.683870396825,,,,0.941791500719,,,,-3.15093706182,,,,,,,,,-3.14789950046,,-1.77509221074,-4.33452529668,,,-4.01564580885,,,,
LEAN06,"C6orf100",ENSG00000204709,20.426247,-5.27502294281,1.10516269366,-4.95363523292,,,,-1.27510976819,-0.035362705908,0.125873447244,0.918020314526,,,,,-6.45616660154,-5.29968882174,,,,,,0.466956555202,,,,1.32613978789,,,,-3.30745948322,,,,,,,,,-2.73890745098,,-0.982161564527,-4.51179140205,,,-3.8066033755,,,,
LUPU01,"C6orf100",ENSG00000204709,0.592796,0.174840723435,11.0919864693,5.08367581204,,,,5.64085779925,,1.24610222015,3.26930241672,,,,,,,,,,,,7.19978467691,,,,2.58366580505,,,,2.0265827328,,,,,,,,,0.486713655885,,-0.988946483302,-0.146669086344,,,5.57158391213,,,,
PRSC01,"C6orf100",ENSG00000204709,50.833422,2.06628732174,15.9332725329,2.98261654789,,,,11.0682228575,12.3263135871,4.21171595701,11.7570243968,,,,,-1.37807952524,7.20553559127,,,,,,6.50333960297,,,,9.81720148764,,,,2.24633201813,,,,,,,,,6.96251720931,,5.48091954961,8.49067949863,,,0.0459661920541,,,,
RHEU01,"C6orf100",ENSG00000204709,7.060017,-1.84509595589,0.640743446769,-3.70584791452,,,,-1.42818726387,-2.73818839777,-2.54838996639,-1.24521012244,,,,,-2.20773955515,-0.0612428749354,,,,,,-3.46358034355,,,,-0.973429451586,,,,-2.07664736263,,,,,,,,,-0.255142102039,,-2.53568026953,-0.484140342089,,,-2.41127227382,,,,
RHEU02,"C6orf100",ENSG00000204709,12.309113,-1.84509595589,0.0276675700483,-3.70584791452,,,,-1.28023229389,-2.73818839777,-2.31806189048,-1.1891679176,,,,,-2.20773955515,-0.0641658897345,,,,,,-2.84702238559,,,,-0.765860798318,,,,-2.12530785794,,,,,,,,,-0.140598918705,,-3.55548967267,-0.38217934977,,,-2.41127227382,,,,
SCHI01,"C6orf100",ENSG00000204709,2.344890,-0.217043135297,-10.8028045913,-3.99891254635,,,,-6.25456022404,,0.552007263196,-3.82961545807,,,,,,,,,,,,-6.69643093715,,,,-3.13743652974,,,,-2.32999273775,,,,,,,,,-2.57954686683,,-2.44009722855,0.42743531628,,,-6.11134479965,,,,
SCHI02F,"C6orf100",ENSG00000204709,0.521607,0.0161868920306,-4.87192562328,-1.61291946831,,,,-2.86193673606,,0.681122401719,-2.17391209622,,,,,,,,,,,,-3.51748924168,,,,-1.51851385008,,,,-0.618013728177,,,,,,,,,-1.65523798596,,-1.43026202998,1.10201395092,,,-2.97320142188,,,,
SCHI02M,"C6orf100",ENSG00000204709,1.164119,-0.710534453634,-9.14879502884,-4.06223779832,,,,-5.76881665337,,0.171756381198,-2.97886036712,,,,,,,,,,,,-5.48772845196,,,,-2.67183657652,,,,-2.86574551833,,,,,,,,,-2.01218459874,,-1.84303874017,-0.70197744567,,,-5.42396646684,,,,
SCHI02,"C6orf100",ENSG00000204709,2.473506,-0.284692100199,-10.7739294507,-4.47606124923,,,,-6.64614457287,,0.1873582143,-3.53804737183,,,,,,,,,,,,-6.62430951084,,,,-2.92090863758,,,,-2.69135154713,,,,,,,,,-2.50974941098,,-2.59932055432,0.456684587293,,,-6.52963528574,,,,
