code,target,ENSEMBL,association,Adipose_Subcutaneous,Adipose_Visceral_Omentum,Breast_Mammary_Tissue,Muscle_Skeletal,DGN_Whole_Blood,Whole_Blood,Artery_Aorta,Artery_Coronary,Artery_Tibial,Heart_Atrial_Appendage,Heart_Left_Ventricle,Spleen,Brain_Amygdala,Brain_Anterior_cingulate_cortex_BA24,Brain_Caudate_basal_ganglia,Brain_Nucleus_accumbens_basal_ganglia,Brain_Putamen_basal_ganglia,Brain_Cerebellar_Hemisphere,Brain_Cerebellum,Brain_Cortex,Brain_Frontal_Cortex_BA9,Brain_Hippocampus,Brain_Hypothalamus,Brain_Spinal_cord_cervical_c-1,Brain_Substantia_nigra,Nerve_Tibial,Cells_Transformed_fibroblasts,Cells_EBV-transformed_lymphocytes,Colon_Sigmoid,Colon_Transverse,Esophagus_Gastroesophageal_Junction,Esophagus_Mucosa,Esophagus_Muscularis,Liver,Minor_Salivary_Gland,Small_Intestine_Terminal_Ileum,Stomach,Adrenal_Gland,Pituitary,Pancreas,Thyroid,Lung,Ovary,Prostate,Testis,Uterus,Vagina,Skin_Not_Sun_Exposed_Suprapubic,Skin_Sun_Exposed_Lower_leg
BLOO05,"RAB2A",ENSG00000104388,6.132085,4.74904891836,3.70876262047,,3.97189962999,3.978774813142969,3.59397577381,3.50730613394,4.06569564567,4.34189056799,3.60884692499,3.97103140936,3.21705607735,,1.12533814784,,,,,,,,,,,,3.76771401669,4.08579115887,4.41770182606,3.8533279687,3.49264014184,2.68334416218,4.17648716024,4.79568236527,4.28697118559,,3.08090159899,4.02117368222,,,3.31744400886,4.40142780048,3.90152043577,3.71355333388,,,,,4.64890315122,3.45409107953
BLOO06,"RAB2A",ENSG00000104388,8.571040,5.15125877082,3.39573481461,,4.1058762027,3.883458780822849,3.82589762046,3.40940919909,-2.53293399475,4.01237150551,3.82214758014,3.70601471467,3.83404445131,,2.23513895236,,,,,,,,,,,,4.34983390973,3.36030695212,4.1243628608,3.5219385053,3.80371513702,3.32465407676,3.63132260569,4.28405249241,3.88840086657,,2.65776865631,4.72221941714,,,3.87734406695,3.18564881284,2.23431197409,2.43428876289,,,,,2.74913087614,3.51280979593
BLOO09,"RAB2A",ENSG00000104388,7.317016,4.92613691689,3.20308230417,,3.91447505472,3.6821644328477645,3.60768721424,3.20321292004,-2.29500280197,3.81202657075,3.62903093953,3.59043459567,3.66707396114,,1.94480119518,,,,,,,,,,,,4.24656141458,3.20194270658,4.08878337525,3.37274483601,3.48657494394,3.31520007807,3.50506284143,4.16524376571,3.71942358159,,2.42273639619,4.47732738901,,,3.57365346912,2.99706398307,2.10364284331,2.39965904442,,,,,2.67237005951,3.31023199652
BLOO10,"RAB2A",ENSG00000104388,7.741818,5.04381835813,3.33569544731,,4.04517913906,3.839453127194223,3.73853354186,3.32905267506,-1.82951814427,3.94938669324,3.76123043249,3.73388749036,3.74305738029,,1.85350793157,,,,,,,,,,,,4.28900097287,3.32026422512,4.24694884126,3.52475826276,3.64089377965,3.45289088862,3.68654402301,4.35053765237,3.8860307999,,2.50584627142,4.56382506086,,,3.70662753171,3.1681247344,2.26916632696,2.48879728048,,,,,2.94481549517,3.3636543342
BLOO11,"RAB2A",ENSG00000104388,7.060007,3.78593927784,3.46868069682,,4.82915615148,5.045713017296554,4.74196891093,3.44824937972,4.03057836454,4.33791586685,4.71372443928,5.13990838187,4.16754523468,,1.58088083484,,,,,,,,,,,,3.54367877796,3.75999813551,4.68219158085,3.56418958569,4.26426972937,4.44112849587,3.8008545877,5.22319270753,4.53806056193,,3.54453480689,4.59891414718,,,2.14235765998,4.01480173903,3.66708750253,4.14399652393,,,,,4.53418556585,3.0344059756
BLOO12,"RAB2A",ENSG00000104388,9.594483,6.0337993699,4.45399335639,,5.31153631153,5.174554775027386,4.94230660547,4.40007393941,0.0148517577894,5.24556434898,4.94991617399,5.20351565404,4.91528175246,,2.20641644563,,,,,,,,,,,,5.27665653672,4.50217447779,5.55182322483,4.60277768915,4.86453309988,4.56934788912,4.85762652309,5.84947836064,5.24148763884,,3.75954159087,5.77026119431,,,4.10280638732,4.52872546382,3.47302810495,3.68389759975,,,,,4.4577664315,4.39933598886
BLOO13,"RAB2A",ENSG00000104388,8.104031,5.04688841643,3.35584048348,,4.05617165247,3.8813911910446683,3.75874059794,3.31573216876,-2.55414144822,3.97919439664,3.7628942187,3.62311164204,3.78399704468,,2.18113329658,,,,,,,,,,,,4.28306787198,3.30724837573,4.17475074663,3.49261319271,3.75861685179,3.34490926914,3.59348101887,4.23642465617,3.88232317849,,2.58181479523,4.65975373559,,,3.75360796795,3.13056715096,2.22084013849,2.39077703273,,,,,2.7550252448,3.49687727384
BLOO19,"RAB2A",ENSG00000104388,1.441375,0.137813251726,-0.177068981647,,0.299176694567,0.06726323933672271,0.386373621063,0.0213993480168,-5.53362338129,-0.274004823567,0.38159344714,-0.141218209326,0.516253777139,,0.776022324463,,,,,,,,,,,,0.699070287073,-0.579097157987,-0.135435907182,-0.175687596003,0.209989340854,0.89153316906,-0.362417442149,-0.558535003044,-0.342067983713,,-0.307751391286,0.570316705454,,,0.326964616445,-1.18113427524,-1.25888361415,-1.10509517949,,,,,-1.49155579763,0.0200486927953
BLOO30,"RAB2A",ENSG00000104388,7.132485,4.99971358925,3.22023140011,,3.96559361173,3.7999207601801572,3.67943688119,3.2874009209,-2.28515258715,3.83020537198,3.69084278789,3.66493346536,3.72122021186,,1.95028610133,,,,,,,,,,,,4.28772014032,3.23027451022,4.02259223385,3.39622544441,3.49980261116,3.29856069474,3.52270178488,4.19560107642,3.71178726986,,2.47100323496,4.51431620156,,,3.66094272618,3.03210724681,2.1180711582,2.41688424184,,,,,2.65294092011,3.29136506572
BLOO32,"RAB2A",ENSG00000104388,2.513017,1.42968437178,0.329348924844,,0.0322781336713,-0.24117046089403077,-0.0570217559171,0.379550338852,-5.86294715786,0.194278997343,-0.0814034793145,-0.618016771996,0.22712945514,,1.38689693103,,,,,,,,,,,,1.05083644169,-0.00479154322497,0.0128272173484,0.294447424053,0.219562413698,-0.352215876043,0.133435922876,-0.235223451655,-0.0463414267557,,-0.111569518877,0.750556219241,,,1.56433959375,-0.400749638166,-0.92144823801,-1.27109954978,,,,,-1.26680253872,0.730051095499
