code,target,ENSEMBL,association,Adipose_Subcutaneous,Adipose_Visceral_Omentum,Breast_Mammary_Tissue,Muscle_Skeletal,DGN_Whole_Blood,Whole_Blood,Artery_Aorta,Artery_Coronary,Artery_Tibial,Heart_Atrial_Appendage,Heart_Left_Ventricle,Spleen,Brain_Amygdala,Brain_Anterior_cingulate_cortex_BA24,Brain_Caudate_basal_ganglia,Brain_Nucleus_accumbens_basal_ganglia,Brain_Putamen_basal_ganglia,Brain_Cerebellar_Hemisphere,Brain_Cerebellum,Brain_Cortex,Brain_Frontal_Cortex_BA9,Brain_Hippocampus,Brain_Hypothalamus,Brain_Spinal_cord_cervical_c-1,Brain_Substantia_nigra,Nerve_Tibial,Cells_Transformed_fibroblasts,Cells_EBV-transformed_lymphocytes,Colon_Sigmoid,Colon_Transverse,Esophagus_Gastroesophageal_Junction,Esophagus_Mucosa,Esophagus_Muscularis,Liver,Minor_Salivary_Gland,Small_Intestine_Terminal_Ileum,Stomach,Adrenal_Gland,Pituitary,Pancreas,Thyroid,Lung,Ovary,Prostate,Testis,Uterus,Vagina,Skin_Not_Sun_Exposed_Suprapubic,Skin_Sun_Exposed_Lower_leg
BFPC02B,"COX14",ENSG00000178449,3.508092,-3.37561599658,,-2.74679621682,-3.3935609249,,-1.97357201143,-3.46151108844,,-3.15761863469,-3.29564119436,,,,,-3.28581359989,,,,,-1.23926482875,0.62756509641,-2.80232714476,,4.13569347963,,-3.03895842193,-3.41580720358,-3.41421250547,-1.97342395615,-3.07603958038,,-2.72674870195,-2.15991376655,-4.78336777429,-3.2264174999,-2.03775684982,-2.16863376491,-3.32791180682,,-2.49660349237,-2.95951463824,-3.21310554471,,,,,,-2.55046588621,-3.07720001826
BFPC04B,"COX14",ENSG00000178449,1.787280,-2.98175966377,,-1.8999078536,-3.54676488485,,-1.36759112342,-2.70058685449,,-2.43932887331,-2.55356696142,,,,,-2.85413411908,,,,,-0.719542203098,-0.298412213757,-2.02344892266,,6.78249267514,,-2.52009632914,-2.62349381189,-2.75045053291,-1.40844458527,-2.70765961036,,-2.31003990371,-1.75681307608,-4.26178474302,-2.3523968263,-1.45227253706,-1.96892006854,-3.3838132934,,-2.02928442553,-2.51050907177,-2.63193781007,,,,,,-1.95286204712,-2.33995300098
BFPC04F,"COX14",ENSG00000178449,2.100393,-2.75608317446,,-2.92235332196,-3.60807163885,,-1.63711385904,-2.91025726975,,-2.58103386896,-2.81359157446,,,,,-2.91276895288,,,,,-1.79536710563,-0.533370382579,-2.92919681717,,5.21372240825,,-2.35397470647,-2.91678477103,-1.93446816137,-1.85815695221,-2.9012117517,,-2.6555079278,-1.78546647274,-3.37363761265,-3.61521777402,-2.53472594009,-2.03847671886,-3.24306958845,,-2.36922398191,-2.55542453502,-2.66759577203,,,,,,-2.15200483781,-2.75051225053
BFPC04M,"COX14",ENSG00000178449,0.435239,-1.78720671847,,-0.140328521505,-1.84110561992,,-0.499811532243,-1.26407408193,,-1.1818857032,-1.14159296955,,,,,-1.4741013598,,,,,0.537023775861,0.043989533842,-0.306412015593,,4.96756597191,,-1.4879284242,-1.1516377621,-2.16782362394,-0.367473981959,-1.28036896968,,-0.939303517635,-0.913205760478,-3.03655322519,-0.173417189362,0.150453658048,-0.992869731508,-1.92909454728,,-0.792389079649,-1.30252100633,-1.37574280031,,,,,,-0.874743318927,-0.900104139194
BFPC04,"COX14",ENSG00000178449,1.850442,-3.00330539351,,-2.1429402729,-3.67928553689,,-1.5139658821,-2.79670323935,,-2.5689240671,-2.69245541559,,,,,-2.99390898865,,,,,-0.962141584648,-0.325344297625,-2.30749176097,,6.85715271126,,-2.58152970598,-2.75106940452,-2.72059555139,-1.54765633333,-2.88446344128,,-2.45427266646,-1.81168643745,-4.25603417096,-2.74577395035,-1.71342893055,-2.06241062309,-3.47232700122,,-2.19065917349,-2.61341575046,-2.74947947487,,,,,,-2.03918552393,-2.52628613698
BLOO01,"COX14",ENSG00000178449,7.123147,5.31563571857,,3.094974494,5.39250531656,,0.175397620534,3.93705051228,,2.72091625343,2.67078329697,,,,,1.97495270432,,,,,1.77224042693,-0.781656467965,2.90764466793,,-0.344500333606,,3.18339693421,3.60606280419,3.06846217308,2.58498699158,3.42639145632,,2.05930946536,2.98775262521,5.09803066189,4.46901144087,2.36176671775,2.50711080259,6.37157534448,,2.65249919303,2.47998769494,3.7500263844,,,,,,1.3869109847,1.99240161417
BLOO06,"COX14",ENSG00000178449,6.910271,4.37732292411,,3.98563297088,4.94566814679,,2.63539160488,4.26680179757,,3.70383004624,3.96820739959,,,,,2.75501929701,,,,,3.56091732814,0.869627928683,4.45071051554,,3.25806727931,,3.50155061033,4.27520921913,3.55845127666,5.08073082029,5.03437567795,,3.59770976467,6.04199671629,4.62157026404,3.61831141116,4.91769284717,4.97288947517,4.37429861202,,3.79526097827,3.63211720426,5.05584683795,,,,,,4.36192192535,3.93634354329
BLOO09,"COX14",ENSG00000178449,5.688564,4.18344673517,,3.61478809894,4.76151209117,,2.3087794869,4.01763294186,,3.35736813567,3.58931408826,,,,,2.40874041301,,,,,3.31151103135,1.03635158968,4.33935122413,,3.12949153173,,3.28098410869,3.96721959237,3.17277928311,4.723956281,4.7299699757,,3.20762547035,5.71651453565,4.45381276275,3.44633273709,4.81674049054,4.68405409384,4.31185928138,,3.57542287357,3.30904572568,4.75256510373,,,,,,3.94052969006,3.63062710695
BLOO10,"COX14",ENSG00000178449,6.332799,4.13584302384,,3.69290137296,4.75500292892,,2.38785008443,4.040146738,,3.44769379385,3.68009842996,,,,,2.52309558025,,,,,3.21326776744,1.02065457629,4.44536712188,,2.99202918527,,3.31306095746,4.00061662142,3.27990175468,4.73869625342,4.72330056658,,3.30720163522,5.68477591202,4.55580036923,3.35924185886,4.88938045049,4.7332920685,4.30375563434,,3.56246951563,3.39377548633,4.8240359651,,,,,,4.06629394444,3.69630688568
BLOO12,"COX14",ENSG00000178449,6.552222,4.24013641244,,3.87174446709,4.81646892912,,2.47082489706,4.09884861398,,3.58910526169,3.86869931212,,,,,2.69378298544,,,,,3.27925689933,0.87970390838,4.26818384407,,2.31352515726,,3.63488697506,4.11765896023,3.25908641792,4.96997081873,4.89545596223,,3.63684739789,5.85105887103,4.80290462633,3.07241229855,4.13462521766,4.92403897562,4.36762309789,,3.37519569466,3.55548898575,4.90367772574,,,,,,4.25267887039,3.82533940225
BLOO13,"COX14",ENSG00000178449,6.503181,4.32057997429,,3.89364237298,4.90498396182,,2.5542668227,4.21642759588,,3.63260963283,3.8789996606,,,,,2.68441754673,,,,,3.46619843667,0.874979930427,4.43793757766,,3.38744926314,,3.45500807719,4.20247265041,3.49685995851,4.97318289829,4.94870545937,,3.54254058511,5.96664979507,4.54490021696,3.57616053737,4.90492524956,4.89828643613,4.29656944424,,3.75761682229,3.570664403,4.94010747566,,,,,,4.28294729723,3.8800741652
BLOO27,"COX14",ENSG00000178449,6.394006,5.089992269,,3.00297994075,5.2204248148,,1.30319213806,4.00609794823,,3.4740146272,3.52055458516,,,,,2.84871968786,,,,,3.02567376911,-0.27070342502,2.6252907288,,0.62274007458,,3.18236020055,3.86976150544,3.33148522741,3.36486837927,3.64454922664,,2.53816093109,3.42630945307,4.73356331127,3.16609456784,2.7186338615,3.0560456004,5.36202311484,,3.10920002847,2.89951865593,4.48683999127,,,,,,3.41568947555,2.19547635715
BLOO30,"COX14",ENSG00000178449,6.440596,4.20147496243,,3.68501224705,4.77337574163,,2.39051475096,4.03883490525,,3.42019784864,3.65817793606,,,,,2.45101489864,,,,,3.3789263268,1.00490090249,4.36952701194,,3.04577395209,,3.31125091035,4.00976027834,3.21275579164,4.81110617061,4.78705462743,,3.24649227934,5.77145319414,4.49567061624,3.45187164101,4.8204813912,4.75021508143,4.34917663472,,3.58995657774,3.35584679147,4.84638102976,,,,,,4.03484984338,3.68711011755
BLOO33,"COX14",ENSG00000178449,6.452878,5.15570822522,,2.8026452465,5.40811642434,,-0.404461253288,4.0526235813,,2.2309624489,1.95092859498,,,,,1.15275380395,,,,,1.51884532468,0.429109773583,2.80888031692,,-0.971593277988,,3.13668801466,3.47952237547,2.7301240125,1.86012475635,3.20294119066,,1.29094272312,3.32082821229,5.16498073393,4.85490230434,1.40539662387,1.8801640808,6.59237772402,,2.74680588081,1.75687281242,3.46116401682,,,,,,0.674201936243,1.22800242251
BLOO35,"COX14",ENSG00000178449,5.715434,1.73322193906,,3.37056822496,5.11259150689,,4.49655605846,3.88335281179,,4.5273618333,4.0920409051,,,,,4.5008389206,,,,,3.85137442151,0.649123800027,4.38752889305,,1.02143194163,,4.12394694655,3.96311348019,3.78105083739,4.77614026936,5.55455387746,,4.24391512477,3.97974485876,5.42245188002,4.62550542736,1.68035709275,4.23826422857,3.17482866031,,2.19918900991,4.00373504523,4.98356347624,,,,,,3.98109545533,5.02551922158
BODY03,"COX14",ENSG00000178449,0.632775,0.543389233478,,0.413538336541,0.71567930074,,0.179334469522,0.00577305687963,,0.692345282303,0.251081898071,,,,,0.150019736022,,,,,0.326139168034,-0.817806482315,0.61580453451,,10.1538211229,,0.304286927068,0.900251179356,0.333550787759,0.366319435878,0.261461943239,,-0.0310292292819,0.0528871622764,0.455320849904,0.582945728277,0.384350909968,-0.197407238095,0.511536679891,,0.393285301174,-0.495830657587,0.554701539997,,,,,,0.12656688861,0.11275058458
BODY04F,"COX14",ENSG00000178449,1.504220,1.64953009952,,1.55406951308,0.745343378609,,-0.59892065312,-0.056530408969,,0.0852091840839,0.376480600426,,,,,0.244619700556,,,,,0.740753045391,-0.362162828445,0.257384703983,,8.1465959773,,0.169527517892,1.21717484771,-0.0549971499477,0.237650905963,-0.148208526076,,-0.266274558638,-0.0997437822314,0.266554531256,1.11989504806,-0.185170991963,-0.385656572741,1.27882000726,,0.343241096495,-0.614079716917,0.678647333551,,,,,,0.144235963123,-0.0660457662858
BODY04M,"COX14",ENSG00000178449,0.322932,-0.78894170997,,-0.929593798119,0.704322573654,,1.04780837767,0.268528609383,,0.882488987956,0.112980984302,,,,,0.0391302815748,,,,,-0.0437646134096,-0.893060326576,0.826646112219,,6.76110839408,,0.319055091812,0.219270882245,0.744267867454,0.464577630303,0.791435508337,,0.269317508116,0.334673784219,0.684361175693,-0.216121439398,0.216329361423,0.300053535915,-0.388783918642,,0.326297915932,-0.131504757428,0.238012106705,,,,,,0.296450867274,0.442822962453
BODY04,"COX14",ENSG00000178449,0.951791,0.544449103256,,0.583168972838,1.0073259715,,0.30359421403,0.135282595373,,0.650308086561,0.348331185645,,,,,0.204937166622,,,,,0.523741199536,-0.838040590286,0.668974222734,,10.4608001651,,0.385239066547,1.00061140767,0.434472603593,0.490178753409,0.373519437968,,0.0279454227174,0.174776514883,0.577012878181,0.713006786921,0.225395506881,-0.0608550363323,0.594189832599,,0.452392573882,-0.47769623242,0.647326620232,,,,,,0.293588116997,0.211084344973
BODY06B,"COX14",ENSG00000178449,0.411403,0.659398557325,,-0.0229757902685,0.997002699999,,-0.895027138669,0.355456017767,,-0.118986347124,-0.260120635607,,,,,-0.207864525362,,,,,0.485711197025,0.108589487896,0.0930687579108,,6.04902966073,,0.262178904714,0.371960952988,-0.78301671162,0.300094673634,-0.0440810225538,,-0.266070773179,-0.184352460143,-0.930369341995,0.591466841875,-0.12193454733,0.106937910875,1.03443502155,,0.243541877757,-0.140623446957,0.0456679921171,,,,,,-0.395734693546,-1.12801364199
BODY06,"COX14",ENSG00000178449,0.277712,0.456758886616,,-0.214825392923,0.806055194962,,-0.987313097173,0.134302271971,,-0.282056213879,-0.463941993345,,,,,-0.357986222935,,,,,0.351945064976,0.267505757583,0.0608895007501,,6.06303087336,,0.0987551858599,0.147640840352,-0.80529885292,0.166571527921,-0.160602234969,,-0.441177857762,-0.293506142564,-0.902777406399,0.496892059033,-0.337837187082,-0.0344776132135,0.93418782581,,0.00562044082741,-0.312275217599,-0.100948439993,,,,,,-0.465668808396,-1.2874321981
BODY07B,"COX14",ENSG00000178449,0.339552,0.753972365684,,0.03708668889,1.06318295477,,-0.93518521513,0.427763037726,,-0.0687956888427,-0.245422071247,,,,,-0.223355284318,,,,,0.408365173412,0.0900981220583,0.0209854935839,,5.95251987869,,0.273267491045,0.419041945541,-0.579783543957,0.289276916323,-0.0514177362029,,-0.279418127114,-0.150456586339,-0.793633380354,0.718906185479,-0.0938609940268,0.0705038481187,1.14494449452,,0.153911769357,-0.157442231383,0.0765784361396,,,,,,-0.391067302883,-1.12086838264
BODY07,"COX14",ENSG00000178449,0.208380,0.576923733338,,-0.132053218645,0.89212640993,,-1.03830558337,0.232050726867,,-0.22530192882,-0.444887178948,,,,,-0.376110588813,,,,,0.253341833036,0.233392256301,-0.0143834171873,,5.94719950589,,0.122507233121,0.210746932171,-0.556296338139,0.150333355976,-0.165041900362,,-0.454566617199,-0.24432530407,-0.731439859135,0.66842526568,-0.29052571456,-0.0765120095466,1.07312081716,,-0.092518801063,-0.329843932604,-0.0603510854725,,,,,,-0.455911968885,-1.27361620148
BODY08B,"COX14",ENSG00000178449,1.052488,1.85754497534,,1.18889128452,1.86046855308,,-0.127786286841,1.74896243104,,1.17485614518,0.974695030165,,,,,0.842753196761,,,,,1.47464266606,-0.73823496622,0.894923104303,,8.79333994513,,1.0463635356,1.7978275888,0.4594112898,1.49839598335,1.02924567873,,0.519005216338,0.754309472939,0.49560565482,2.07836469914,0.372698631312,0.746066093374,1.98342443613,,0.928257979613,0.569500375124,1.20321570603,,,,,,0.173117754267,0.141457565129
BODY08F,"COX14",ENSG00000178449,0.381460,1.43347914796,,0.0618638664186,1.08046068656,,-0.514784091626,0.791223318095,,0.631714756861,0.232689290361,,,,,0.0994284365748,,,,,0.153455120865,-0.491631501762,-0.197708893205,,6.96840369483,,0.64018681841,0.787787642483,0.724390318901,0.667177140145,0.451159133323,,-0.210669730857,0.674600809965,0.653656582489,0.789853641977,-0.665252007511,0.275268742891,1.40156460869,,0.254867281912,0.0715861761451,0.486235865806,,,,,,-0.361047152417,-0.602558539928
BODY08M,"COX14",ENSG00000178449,0.760625,1.32815535606,,1.58165696303,1.63515224713,,0.264463969496,1.72752292167,,1.07462112218,1.1410535365,,,,,1.07419679017,,,,,1.89645648098,-0.594694538692,1.39905642099,,6.13102060746,,0.891382118521,1.7974526198,0.0118667132762,1.48947443316,1.02932001568,,0.892775798938,0.459892149757,0.123059827256,2.18263161428,1.07991946201,0.790080776998,1.52872520344,,1.05889644515,0.721704485067,1.23826508184,,,,,,0.545130681925,0.708633762149
BODY08,"COX14",ENSG00000178449,1.050171,1.95400338089,,1.10020412999,1.85485974094,,-0.188042335927,1.74161079015,,1.19068077898,0.955066504444,,,,,0.793670046664,,,,,1.36464464707,-0.690610851998,0.763781009394,,8.9145292753,,1.05394256203,1.77226811651,0.584160448083,1.48621353724,1.01633072923,,0.490155291801,0.855105227555,0.594482351608,1.9184444759,0.232856437358,0.77678068449,2.01365229507,,0.864871383392,0.586878387838,1.17259608309,,,,,,0.184885739988,0.0799681165136
FATM02B,"COX14",ENSG00000178449,1.790539,-2.44300877171,,-2.25664750451,-2.22866791517,,-1.53367733835,-2.64580512833,,-2.28522921816,-2.44119054728,,,,,-2.2340150158,,,,,-0.778064732154,0.893929992078,-1.89010505366,,5.1763227127,,-1.97633999477,-2.48953256106,-2.70956767981,-1.36077148257,-2.28832286991,,-1.98477597451,-1.79030111983,-3.77126354053,-2.27554446098,-1.47188647744,-1.58456647504,-2.21484672218,,-1.74262568741,-2.18357253603,-2.32583836342,,,,,,-1.95228726337,-2.47603862144
FATM02,"COX14",ENSG00000178449,1.926942,-2.57352181366,,-2.41508604528,-2.36165331821,,-1.57806520019,-2.80527942698,,-2.37183898654,-2.57797172561,,,,,-2.32314436792,,,,,-0.914816533635,0.883120167003,-1.94690986036,,5.13925908533,,-2.08409960828,-2.65346572691,-2.62775473906,-1.46019514626,-2.33706828235,,-2.08868924346,-1.83357482598,-3.66630486119,-2.33578022447,-1.65763182962,-1.69196046198,-2.28263734156,,-1.93693022877,-2.2882656654,-2.38889005906,,,,,,-1.97580386602,-2.57501376889
FATM03B,"COX14",ENSG00000178449,1.746977,-2.39329864842,,-2.2366354564,-2.19627733181,,-1.58507392826,-2.6050305657,,-2.26307131343,-2.46579532763,,,,,-2.30064644048,,,,,-0.883103053131,0.906811944882,-2.01319151185,,5.06451240097,,-1.99190222476,-2.47539067573,-2.5431006523,-1.40407515546,-2.31501542912,,-2.0373983637,-1.76202350768,-3.64940709601,-2.16982628025,-1.43148395193,-1.6455383229,-2.13374756562,,-1.8803826558,-2.23957023639,-2.33142237716,,,,,,-1.98475073998,-2.50503273405
FATM03,"COX14",ENSG00000178449,1.917251,-2.50673259559,,-2.38377867156,-2.31667316673,,-1.64653238576,-2.74924926515,,-2.35132571831,-2.60900761235,,,,,-2.40514132875,,,,,-1.04409416368,0.897310241647,-2.0859230202,,5.0042281091,,-2.09469361669,-2.63427384789,-2.41904918207,-1.51602453248,-2.36764324346,,-2.1525870338,-1.78882236427,-3.5158040958,-2.19340903072,-1.58823255776,-1.76635099043,-2.1820125673,,-2.09719788627,-2.35543012358,-2.39571692557,,,,,,-2.01385710834,-2.60863721107
FATM04B,"COX14",ENSG00000178449,0.371468,-1.78051818561,,-1.29567091901,-2.19223786153,,-0.82247080543,-1.64009041243,,-1.28447956449,-1.48632458118,,,,,-1.42995473388,,,,,-0.122887039089,0.332125598075,-1.05367402213,,8.3807175439,,-1.26181118571,-1.45677471837,-1.90239069083,-0.560167872003,-1.68610029122,,-1.36756560385,-1.21572210043,-3.08258476895,-1.39682127083,-0.918191437614,-1.24146215949,-2.02115568487,,-1.0723267002,-1.65159004078,-1.60873474047,,,,,,-1.4517017392,-1.45403067267
FATM04F,"COX14",ENSG00000178449,0.688479,-1.2729930052,,-1.96355198066,-2.03792515046,,-1.06845247394,-1.6923115348,,-1.19443328824,-1.61153161823,,,,,-1.49150924084,,,,,-1.15748957471,-0.0358964824888,-1.91367808096,,6.6669915108,,-1.11272598895,-1.64732164995,-0.814621649053,-0.948246444531,-1.6284256948,,-1.62264899502,-0.809514163102,-2.03766494062,-2.06847078812,-1.69971367341,-1.23015197781,-1.75698876393,,-1.50814607883,-1.59889373775,-1.58038158008,,,,,,-1.47736285547,-1.75534211805
FATM04M,"COX14",ENSG00000178449,0.461678,-1.37330405022,,-0.114899326014,-1.28795189455,,-0.224779724991,-0.822337644679,,-0.755496880465,-0.678242984721,,,,,-0.7024460108,,,,,0.818011174623,0.490535607348,0.176223144328,,5.88951441352,,-0.793316554063,-0.607646904519,-1.93241527195,0.035336911327,-0.939561107255,,-0.50583258498,-0.987998197234,-2.51863699303,-0.163749053403,0.180490260167,-0.665693055266,-1.29289789829,,-0.193715906302,-0.917164203001,-0.874013404381,,,,,,-0.746639540484,-0.512131998515
FATM04,"COX14",ENSG00000178449,0.422543,-1.67235771011,,-1.43320877489,-2.19529595239,,-0.912777218167,-1.64131853494,,-1.27855141065,-1.52433126703,,,,,-1.47735236935,,,,,-0.290478571417,0.309167981352,-1.27276973832,,8.51363534964,,-1.25112127225,-1.49394656129,-1.74174262987,-0.612384837704,-1.72610404915,,-1.42084844269,-1.12373063427,-2.96884427173,-1.61003691751,-1.08109057904,-1.24742218232,-2.00420163449,,-1.21182405822,-1.661923586,-1.63959947716,,,,,,-1.44712947155,-1.5403714074
HIPC01F,"COX14",ENSG00000178449,0.961062,-1.61904332186,,-0.346558751473,-2.05276169387,,-1.84563221575,-2.08590499615,,-2.2440877461,-2.0271716567,,,,,-2.10705672231,,,,,-1.29007950688,-0.379465073347,-1.23863269358,,6.6946030754,,-1.79043054658,-1.51823359029,-2.23156810441,-1.84395296189,-2.0783932838,,-1.98228928612,-1.74122072448,-1.83603309122,-0.296675383866,-1.93589282248,-2.23257044836,-1.4373310404,,-0.987760245524,-2.24334182373,-1.4672073592,,,,,,-1.80000340725,-1.97376103485
HIPC01,"COX14",ENSG00000178449,1.056491,-2.21951725028,,-0.784439481084,-1.7320214064,,-0.497418895802,-1.59622258331,,-1.1643151636,-1.46311998104,,,,,-1.74140534791,,,,,-0.649731134141,0.272947192192,-1.0568781588,,7.83658972179,,-1.14619186382,-1.35089510545,-1.1878628509,-1.15091230581,-1.35224994264,,-1.31293137611,-0.80990053086,-1.60550360229,-1.2058637573,-0.610193124944,-1.37559650109,-1.98818426707,,-0.433398901546,-1.79994126355,-1.05150955013,,,,,,-1.45478707181,-1.3924606264
HIPC02F,"COX14",ENSG00000178449,0.907209,-1.57101122347,,-0.339192020901,-2.02747701955,,-1.79924777033,-2.03348211278,,-2.18768927165,-1.97622474872,,,,,-2.05410214272,,,,,-1.25281522601,-0.369928389788,-1.20750338541,,6.68049478672,,-1.74611669812,-1.49299695849,-2.17763561023,-1.80907369843,-2.02615907416,,-1.93247039278,-1.69648556792,-1.78221246044,-0.302303597819,-1.79639852199,-2.17646146233,-1.38876384495,,-0.962935832665,-2.17764643052,-1.41682842809,,,,,,-1.75476581046,-1.92415647706
HIPC02,"COX14",ENSG00000178449,0.886826,-2.08588972241,,-0.761511991045,-1.7319157242,,-0.483799363603,-1.55251734085,,-1.13243572914,-1.42305911967,,,,,-1.69372491016,,,,,-0.6388164758,0.265473753214,-1.02794035941,,7.69037053768,,-1.11407134488,-1.29996577538,-1.15533865685,-1.13743136022,-1.31522474022,,-1.27698275807,-0.787725097471,-1.55298771583,-1.16716405091,-0.611842320263,-1.33793207079,-1.90219442176,,-0.421532262998,-1.71818211839,-1.02037098888,,,,,,-1.41495437084,-1.35433445982
LEAN06B,"COX14",ENSG00000178449,0.268387,1.26839711399,,0.599710168288,1.68550144357,,1.01081630948,1.11806761541,,1.92508778619,1.48252049407,,,,,2.2580822403,,,,,1.20038291555,1.48880506811,1.24467861263,,7.85063529956,,1.8156552027,1.4446953211,1.25426255461,1.69253612567,1.56659980488,,1.35612470591,0.640458543528,1.11648764326,1.45866963893,0.191617186741,1.10592705438,1.67378062699,,0.961753397149,1.13258690613,1.31745091343,,,,,,0.518375780057,0.982011961388
LEAN06F,"COX14",ENSG00000178449,1.080749,1.97891562309,,1.04188025766,2.31175273618,,0.842579048028,1.51538095853,,2.17904053214,1.63164287928,,,,,2.18186241258,,,,,1.2415925909,1.60044798913,0.872080600124,,6.60959063858,,2.05587406077,1.69036005726,2.03601897934,1.70809033614,1.93287366032,,1.26820199387,1.56738745978,1.752384502,1.90624057339,0.61704912641,1.29832056992,2.14617631518,,0.654432429832,1.17021245276,1.53847897992,,,,,,0.755564817313,1.03295476178
LEAN06M,"COX14",ENSG00000178449,0.236018,-0.628726943538,,-0.464902320087,-0.337455973821,,0.649304494103,-0.196071045996,,0.335872220131,0.332008338384,,,,,0.982446292672,,,,,0.395087057976,0.389488847673,1.05943363764,,4.94262007409,,0.315270325408,0.166643301444,-0.749040516051,0.622111440626,0.0228104926661,,0.654060822967,-1.21208810766,-0.571859943189,-0.146396868266,-0.597983338862,0.120250671851,-0.100620431271,,0.850848195731,0.37250433315,0.1561023031,,,,,,-0.177409207302,0.294729694272
LEAN06,"COX14",ENSG00000178449,0.305386,0.594813405018,,0.229931241061,0.958507745615,,1.01738281853,0.706859160763,,1.49240623118,1.20640160543,,,,,2.01826014369,,,,,1.092739206,1.10906828141,1.39412921018,,7.40911508844,,1.33290333254,1.09597437562,0.517234160331,1.50460895905,1.12086127659,,1.30160790554,-0.0934540268973,0.463501476537,0.895963462259,-0.123374524058,0.906604492856,1.06228974023,,1.06603735515,1.02913601881,1.00419959053,,,,,,0.385279231451,0.898050791486
MENA01F,"COX14",ENSG00000178449,0.205700,0.063904085386,,-0.761601193782,-0.701367957516,,-0.767017178745,-0.166260789711,,-0.834388681446,-0.782950125244,,,,,-0.852234112611,,,,,0.329630613279,-1.0152220726,-0.468731258251,,-5.55762816567,,-1.53904525232,-0.487719717029,-0.659108257512,-0.909255464627,-0.837767138595,,-0.40521990186,-0.354315683552,-0.23849286128,-0.30638057189,0.675096400608,0.0253027662644,-0.521703697529,,-0.431334468079,-0.504989064852,-0.855422913216,,,,,,0.289764945237,-0.356230137777
MENA02F,"COX14",ENSG00000178449,0.201280,0.521636184646,,0.407910934251,0.0432231480993,,0.381322924297,0.107647247291,,0.212893934472,0.530073604101,,,,,0.104397868957,,,,,0.591683713181,0.906857772324,-0.765704934214,,-6.61069292475,,0.183986694374,0.0992981223161,1.28149277966,0.467819596095,0.4755627821,,0.632116412788,0.673514762166,0.575255686183,-0.769056081467,0.908301850171,0.848694557169,0.205107291508,,-0.617423459528,0.60944991682,0.439244678659,,,,,,0.0868880583163,1.17212324569
OBES01,"COX14",ENSG00000178449,0.643496,1.58115936878,,0.479178367414,0.64619943988,,0.257626156615,0.937175050675,,1.22058872288,0.874987720457,,,,,0.677165196147,,,,,1.20291381323,-0.88069331646,1.2214085177,,6.49129836703,,0.498534999302,1.39542768316,0.0896312948238,0.600110557815,1.35220355576,,0.264074342883,0.351388862227,2.03468796625,0.882733920243,0.263108895062,0.0380975035608,1.7366257811,,0.124525856696,-0.0161911139574,1.48034049827,,,,,,1.15396378039,1.02795926789
OBES02,"COX14",ENSG00000178449,0.065345,0.256065654,,-0.0416253565319,-0.281956770386,,0.0141676933764,0.242734993561,,0.320050247953,0.170295729689,,,,,-0.129391374867,,,,,1.30712377778,0.498625248671,1.05006611149,,6.22995121023,,-0.612019171519,0.376586486388,-0.815311481258,0.545856257212,0.58941642334,,0.0879296277526,0.790718810584,0.163856319913,-0.434989559246,0.267464987724,0.142003175375,0.498381830891,,0.215600725406,-0.348393046472,0.90952846289,,,,,,1.00943395467,0.361883578951
OBES04,"COX14",ENSG00000178449,0.084336,0.315322042361,,0.229920212408,0.550746368886,,0.731926090015,0.746463398996,,1.01981920434,0.59159688085,,,,,0.228188984867,,,,,0.565317494907,0.829221248627,1.08637263825,,6.41176217623,,0.623730550252,0.611101318617,2.22057228149,1.27245310201,0.955457723831,,0.850303578666,0.961207376457,0.844033518492,0.928516602822,0.310094933094,0.332299053678,0.355209409305,,0.866557815794,0.551287007663,0.934133321064,,,,,,0.861720009083,0.709787508854
WAIS01F,"COX14",ENSG00000178449,0.313498,-0.531521119019,,-0.697946903866,-1.19527650978,,-1.41883941279,-1.23593170512,,-1.34681518957,-1.39580477516,,,,,-1.43805887758,,,,,-0.600066586571,-0.455350518227,-0.789068691687,,5.69042426073,,-0.68621865405,-0.752030177472,-0.754476542602,-1.18393142771,-0.915418903893,,-1.46663483258,-0.953552713167,-0.210450627364,-0.146674333689,-1.41249746754,-1.68888640722,-0.212945102139,,-0.437009137551,-1.49009812967,-0.380614297336,,,,,,-1.26505175852,-1.15471898134
WAIS01M,"COX14",ENSG00000178449,0.181180,-0.416459572072,,-0.781264690486,0.777267453765,,0.971649471122,0.311807312807,,0.871251681656,0.320782879194,,,,,-0.0803029722261,,,,,-0.52889798875,-0.161679536104,0.722638322673,,4.97459872104,,0.258950136543,0.45017724688,0.833585929435,0.8699046686,0.7776919613,,0.785081999479,0.63749496805,0.366001159925,-0.640775703728,0.564449998278,0.421670110513,-0.220830622143,,0.747934297517,0.520748650968,0.437036093864,,,,,,0.0649320349675,0.361233492146
WAIS01,"COX14",ENSG00000178449,0.232139,-0.878784619879,,-1.09550513066,-0.504187448169,,-0.506066089108,-0.947117516332,,-0.519625021798,-0.981179477408,,,,,-1.2010117039,,,,,-0.764478618327,-0.503985404968,-0.22184027016,,7.4928643346,,-0.582372106201,-0.537360628578,-0.0632526998996,-0.547090478988,-0.447987505992,,-0.764590772011,-0.493435141797,-0.324938579861,-0.786286183595,-0.559059428112,-1.18735733846,-0.549925958016,,-0.00190207779363,-1.04075967355,-0.0573899906436,,,,,,-1.07382150759,-0.869910325506
WAIS02F,"COX14",ENSG00000178449,0.256373,-0.565332702992,,-0.682709696399,-1.15625984122,,-1.38162186278,-1.2035120043,,-1.31148686637,-1.35919141462,,,,,-1.4003371723,,,,,-0.583497899268,-0.443406224251,-0.768370604246,,5.78218503945,,-0.669780706188,-0.761843207713,-0.73777426049,-1.17111158318,-0.891406550704,,-1.42816353197,-0.922462108833,-0.203484732039,-0.159342541236,-1.34251400538,-1.64458520828,-0.211982350127,,-0.425545953335,-1.42066565553,-0.364456638789,,,,,,-1.23186819552,-1.12442955309
WAIS02M,"COX14",ENSG00000178449,0.143470,-0.349654181982,,-0.768287775075,0.714758421848,,0.959994172126,0.3080670613,,0.860800714141,0.316934977066,,,,,-0.0793396811767,,,,,-0.535613172759,-0.159740135074,0.713970001892,,4.98112024226,,0.257497062919,0.475380611801,0.82458699783,0.863073142319,0.768363257848,,0.775664657883,0.631131660461,0.370076003803,-0.615934883074,0.567295916306,0.416612023451,-0.202432611975,,0.738962586334,0.505159579438,0.430336933018,,,,,,0.0641531429102,0.356900374826
WAIS02,"COX14",ENSG00000178449,0.169514,-0.786389780404,,-1.05791631823,-0.470866245601,,-0.48996421661,-0.916982401027,,-0.50309173872,-0.949960595624,,,,,-1.16279825354,,,,,-0.745026041357,-0.487949758768,-0.214781820892,,7.45488140493,,-0.562452235429,-0.493977841066,-0.0560905046731,-0.527748082172,-0.433733564899,,-0.740263253489,-0.481878775572,-0.29408432797,-0.760349874772,-0.460158866969,-1.14957833391,-0.486199130843,,-0.00184154916584,-0.971918483368,-0.05167803565,,,,,,-1.03965495191,-0.842231756053
WEIG04F,"COX14",ENSG00000178449,0.553882,0.731722555758,,0.700288005885,-0.517762870898,,-0.200483494575,0.130923226926,,-0.0475771116207,0.0939863857085,,,,,-0.13457602322,,,,,0.117452583604,0.320467256236,-0.672445076554,,4.74119737942,,-0.503536783545,0.119655893789,0.109689183955,-0.0113233478262,-0.500212976456,,-0.0509392135605,0.688942048236,-0.0227512487121,-0.944185287968,0.407536737998,-0.285005062527,-0.124049562703,,-0.392543328367,-0.436829023331,0.378018144719,,,,,,0.33677103391,-0.00862499576734
