code,target,ENSEMBL,association,Adipose_Subcutaneous,Adipose_Visceral_Omentum,Breast_Mammary_Tissue,Muscle_Skeletal,DGN_Whole_Blood,Whole_Blood,Artery_Aorta,Artery_Coronary,Artery_Tibial,Heart_Atrial_Appendage,Heart_Left_Ventricle,Spleen,Brain_Amygdala,Brain_Anterior_cingulate_cortex_BA24,Brain_Caudate_basal_ganglia,Brain_Nucleus_accumbens_basal_ganglia,Brain_Putamen_basal_ganglia,Brain_Cerebellar_Hemisphere,Brain_Cerebellum,Brain_Cortex,Brain_Frontal_Cortex_BA9,Brain_Hippocampus,Brain_Hypothalamus,Brain_Spinal_cord_cervical_c-1,Brain_Substantia_nigra,Nerve_Tibial,Cells_Transformed_fibroblasts,Cells_EBV-transformed_lymphocytes,Colon_Sigmoid,Colon_Transverse,Esophagus_Gastroesophageal_Junction,Esophagus_Mucosa,Esophagus_Muscularis,Liver,Minor_Salivary_Gland,Small_Intestine_Terminal_Ileum,Stomach,Adrenal_Gland,Pituitary,Pancreas,Thyroid,Lung,Ovary,Prostate,Testis,Uterus,Vagina,Skin_Not_Sun_Exposed_Suprapubic,Skin_Sun_Exposed_Lower_leg
BFPC02B,"AAK1",ENSG00000115977,10.019747,,-5.27685920179,,-4.44173417922,1.0381159015784767,,0.964726947656,,-4.9855366165,,-1.96254761383,,,,,,,,,,1.12162050211,,,,0.315099309458,,,,,,,,-5.49982554343,,,,,,,,-1.53856503378,-4.52237761982,,,-2.25230244152,,,,-5.60195055913
BFPC02M,"AAK1",ENSG00000115977,6.147587,,-4.4081637163,,-3.76371585467,1.0386787904711756,,1.12986468023,,-4.3916486192,,-2.06268067928,,,,,,,,,,0.976646324112,,,,0.905566167206,,,,,,,,-4.71068058874,,,,,,,,-1.50148798479,-3.830385253,,,-2.70881271909,,,,-4.70792064448
BFPC02,"AAK1",ENSG00000115977,7.542875,,-5.15115728447,,-4.29547924521,0.854559349549586,,0.859305357503,,-4.7640063096,,-1.75812229333,,,,,,,,,,1.00812161302,,,,0.0948221977235,,,,,,,,-5.31739608977,,,,,,,,-1.34755643502,-4.39029508905,,,-1.99480255334,,,,-5.40382307495
BFPC03B,"AAK1",ENSG00000115977,7.572887,,-5.13382022127,,-4.34312480973,1.0164536285758359,,1.02511971233,,-4.91410239234,,-1.88175198901,,,,,,,,,,1.10609333382,,,,0.223810237489,,,,,,,,-5.39560559675,,,,,,,,-1.56275524512,-4.48574700245,,,-2.14927800002,,,,-5.50355409818
BFPC03M,"AAK1",ENSG00000115977,6.037200,,-4.40346126311,,-3.71630855574,1.077266494563164,,1.08978966027,,-4.35865740105,,-2.01824251782,,,,,,,,,,0.977391426339,,,,0.851046097499,,,,,,,,-4.69278112404,,,,,,,,-1.53769971759,-3.8301017094,,,-2.70300280227,,,,-4.67354554019
BFPC03,"AAK1",ENSG00000115977,7.145925,,-4.97322992097,,-4.18595786875,0.8265937264479112,,0.94922500752,,-4.68295048479,,-1.67504008082,,,,,,,,,,0.983442954068,,,,0.00737840296178,,,,,,,,-5.19327641516,,,,,,,,-1.37347170697,-4.33639409845,,,-1.8705379261,,,,-5.28733074618
BFPC04B,"AAK1",ENSG00000115977,12.079522,,-6.43841364868,,-5.39540094521,0.20814409034523607,,-0.189510980796,,-6.19360687064,,-3.8854675617,,,,,,,,,,1.56092419695,,,,-0.968456442791,,,,,,,,-6.70396581584,,,,,,,,-0.16828193341,-5.20958856383,,,-2.65922072148,,,,-7.57074647243
BFPC04M,"AAK1",ENSG00000115977,10.154753,,-6.11426546418,,-5.0468778509,0.15151324813279982,,0.374437606973,,-5.88559674956,,-3.25432900795,,,,,,,,,,0.962349642825,,,,-0.167493884719,,,,,,,,-6.39564184885,,,,,,,,-0.403055253421,-5.30329797717,,,-3.34602259589,,,,-6.78627800282
BFPC04,"AAK1",ENSG00000115977,12.323791,,-6.10726800253,,-5.15583958861,0.17147711508555286,,-0.262423112234,,-5.83208487193,,-3.78818333447,,,,,,,,,,1.53161991348,,,,-1.10820554821,,,,,,,,-6.33138996035,,,,,,,,-0.00398415514618,-4.82347972371,,,-2.35046608627,,,,-7.24505241077
BLOO29,"AAK1",ENSG00000115977,10.010750,,-0.000906737744956,,-0.524566454967,0.5732259410526452,,0.877740375388,,-0.0467526356482,,0.111156383828,,,,,,,,,,0.4644459592,,,,0.38666436169,,,,,,,,0.300720167203,,,,,,,,-0.383317230932,1.31853932159,,,3.89595251892,,,,-0.54829231148
BODY08B,"AAK1",ENSG00000115977,6.140573,,-5.58819594028,,-3.79648142793,-0.41759822739071983,,-1.4216371262,,-4.55749522902,,-3.30333827192,,,,,,,,,,0.385178346043,,,,-1.42754369012,,,,,,,,-4.57616934459,,,,,,,,-0.328852548121,-3.09064859078,,,-1.29212946083,,,,-5.20860726973
BODY08M,"AAK1",ENSG00000115977,6.203141,,-5.64969288928,,-4.56511029253,-0.05789941345480084,,-0.232636548094,,-4.83852342863,,-3.05197330907,,,,,,,,,,-0.137296376647,,,,-0.739786732763,,,,,,,,-5.09994007509,,,,,,,,-0.452649990813,-3.82443184124,,,-2.30038632585,,,,-5.51924020848
BODY08,"AAK1",ENSG00000115977,4.396877,,-5.15961638045,,-3.34055699629,-0.5224141437447882,,-1.58635123428,,-4.13615885838,,-3.14605190133,,,,,,,,,,0.445493637894,,,,-1.51097335488,,,,,,,,-4.09310124873,,,,,,,,-0.147986329301,-2.63385959322,,,-0.972360771,,,,-4.68107718102
FATM02B,"AAK1",ENSG00000115977,6.933376,,-5.08383777029,,-4.87978155339,1.3423137048209581,,0.531561848358,,-4.58783750829,,-1.32975128317,,,,,,,,,,0.574307605688,,,,0.267983153494,,,,,,,,-5.45151820977,,,,,,,,-2.05876937193,-3.91760818576,,,-1.39194820713,,,,-5.17003183226
FATM02M,"AAK1",ENSG00000115977,5.523806,,-4.24271576223,,-4.31793130282,1.5913851782064534,,0.804907956735,,-4.17640887313,,-1.80747157128,,,,,,,,,,0.645552051438,,,,0.630704904306,,,,,,,,-4.90068338441,,,,,,,,-1.6459363632,-3.65600973271,,,-2.1857816286,,,,-4.81872815286
FATM02,"AAK1",ENSG00000115977,6.897086,,-4.94275728737,,-4.6632047312,1.0643407533283686,,0.42343611763,,-4.33636111965,,-1.06020340595,,,,,,,,,,0.442864515572,,,,0.12739026498,,,,,,,,-5.19023925254,,,,,,,,-1.93427684448,-3.69843878491,,,-1.06523494147,,,,-4.83938337966
FATM03B,"AAK1",ENSG00000115977,6.663160,,-4.90769300786,,-4.76819586881,1.313717636349407,,0.581212811033,,-4.50531285287,,-1.25684278757,,,,,,,,,,0.544567571049,,,,0.195698942797,,,,,,,,-5.34061375731,,,,,,,,-2.06128681425,-3.8643262402,,,-1.32065505423,,,,-5.06019445958
FATM03M,"AAK1",ENSG00000115977,5.243600,,-4.24471403289,,-4.276580693,1.6306170749852733,,0.755135834422,,-4.14765134788,,-1.75836102656,,,,,,,,,,0.643492995857,,,,0.587480092046,,,,,,,,-4.88870388004,,,,,,,,-1.68498063494,-3.65933591145,,,-2.19015459517,,,,-4.78798495662
FATM03,"AAK1",ENSG00000115977,5.847467,,-4.72571656188,,-4.53817550187,1.0266009478951081,,0.505993906512,,-4.24311981488,,-0.991373276005,,,,,,,,,,0.402914004768,,,,0.0613904187639,,,,,,,,-5.05770616701,,,,,,,,-1.92960618327,-3.62622853341,,,-0.981320259967,,,,-4.71199955603
FATM04B,"AAK1",ENSG00000115977,10.277350,,-5.9930085273,,-5.73512037589,0.24895210602185655,,-1.04849774816,,-5.88784702192,,-3.07311509215,,,,,,,,,,1.02011478869,,,,-1.3108439885,,,,,,,,-6.49664018736,,,,,,,,-0.0714411084739,-4.69229564759,,,-2.00958258083,,,,-7.20682095082
FATM04M,"AAK1",ENSG00000115977,10.160780,,-5.79227934964,,-5.64472685207,0.1771877952179056,,-0.0631484117132,,-5.745705557,,-2.78484900612,,,,,,,,,,0.315410326786,,,,-0.783747048741,,,,,,,,-6.41562091923,,,,,,,,-0.0684639213134,-4.91707638053,,,-2.91865523696,,,,-6.79991516348
FATM04,"AAK1",ENSG00000115977,10.492117,,-5.63721781068,,-5.3852904954,0.21238420976167147,,-1.17320717758,,-5.4842279211,,-2.94138296239,,,,,,,,,,1.06423193511,,,,-1.35151129784,,,,,,,,-6.05595053173,,,,,,,,0.0460088726828,-4.2832605075,,,-1.66786546269,,,,-6.77706310544
LEAN06,"AAK1",ENSG00000115977,5.670867,,-2.29799565042,,-3.80850060952,-0.03977270386309765,,-2.62043164066,,-2.92704521083,,-0.26649157818,,,,,,,,,,-0.576857064797,,,,-1.94474838402,,,,,,,,-3.19898057257,,,,,,,,1.1418629724,-1.77400356293,,,0.0188448661684,,,,-3.25824890831
MENA02F,"AAK1",ENSG00000115977,7.136243,,3.6789271709,,4.52613321362,-0.7806811863115825,,2.26655368336,,3.68900497221,,1.43482682539,,,,,,,,,,0.490117172706,,,,0.578261147293,,,,,,,,4.58782739264,,,,,,,,2.27755338895,3.25324198397,,,1.40628544267,,,,4.87989287894
