code,target,ENSEMBL,association,Adipose_Subcutaneous,Adipose_Visceral_Omentum,Breast_Mammary_Tissue,Muscle_Skeletal,DGN_Whole_Blood,Whole_Blood,Artery_Aorta,Artery_Coronary,Artery_Tibial,Heart_Atrial_Appendage,Heart_Left_Ventricle,Spleen,Brain_Amygdala,Brain_Anterior_cingulate_cortex_BA24,Brain_Caudate_basal_ganglia,Brain_Nucleus_accumbens_basal_ganglia,Brain_Putamen_basal_ganglia,Brain_Cerebellar_Hemisphere,Brain_Cerebellum,Brain_Cortex,Brain_Frontal_Cortex_BA9,Brain_Hippocampus,Brain_Hypothalamus,Brain_Spinal_cord_cervical_c-1,Brain_Substantia_nigra,Nerve_Tibial,Cells_Transformed_fibroblasts,Cells_EBV-transformed_lymphocytes,Colon_Sigmoid,Colon_Transverse,Esophagus_Gastroesophageal_Junction,Esophagus_Mucosa,Esophagus_Muscularis,Liver,Minor_Salivary_Gland,Small_Intestine_Terminal_Ileum,Stomach,Adrenal_Gland,Pituitary,Pancreas,Thyroid,Lung,Ovary,Prostate,Testis,Uterus,Vagina,Skin_Not_Sun_Exposed_Suprapubic,Skin_Sun_Exposed_Lower_leg
BFPC04B,"EYA4",ENSG00000112319,7.562741,,,,,,,-2.21602847931,,-1.72892992709,-1.24368282385,2.15221037106,,,,,,1.48434062088,,,,,,,0.793067714964,-0.290916326922,-2.84637483411,1.51054522116,,,,,-4.21356134684,1.47563632312,,,,,,,,,1.72873547013,,,-3.19879447953,,,,
BFPC04,"EYA4",ENSG00000112319,7.017349,,,,,,,-2.24024883197,,-1.88092262598,-1.47035911404,2.18321936736,,,,,,1.40721177038,,,,,,,0.651371806098,-0.308919427152,-2.96682108408,1.65124610254,,,,,-4.25267824754,1.38328897469,,,,,,,,,1.71710291348,,,-3.09491640801,,,,
BLOO12,"EYA4",ENSG00000112319,5.735064,,,,,,,-1.32798082057,,-2.48279147272,-1.84144503686,-2.42735462988,,,,,,-1.41471508121,,,,,,,-0.866345365955,1.07176322187,-1.51762033052,-0.482062966521,,,,,-0.479602824908,-1.40191652216,,,,,,,,,-1.61216503647,,,-0.762612295188,,,,
FATM02B,"EYA4",ENSG00000112319,4.184077,,,,,,,-3.29840194758,,-2.39929848903,-1.40638996832,2.04200726558,,,,,,0.990630243576,,,,,,,0.557437650564,-0.562318817822,-2.47749355269,1.50140393072,,,,,-5.06728518646,1.30556916797,,,,,,,,,-0.502827742001,,,-3.26066004096,,,,
FATM02,"EYA4",ENSG00000112319,4.074327,,,,,,,-3.35552966332,,-2.54443733753,-1.68002043102,2.08976027432,,,,,,0.997795693981,,,,,,,0.449013913036,-0.745597534084,-2.73927956074,1.53859795534,,,,,-5.10576571117,1.22796295906,,,,,,,,,-0.475439837624,,,-3.28790411523,,,,
FATM03B,"EYA4",ENSG00000112319,4.344545,,,,,,,-3.34402301275,,-2.4384892468,-1.48121933375,2.13939775215,,,,,,1.05476030932,,,,,,,0.560303174146,-0.615075971657,-2.57465225885,1.76544229995,,,,,-5.19446287565,1.28006486924,,,,,,,,,-0.460654921425,,,-3.45200274011,,,,
FATM03,"EYA4",ENSG00000112319,5.066685,,,,,,,-3.40543435761,,-2.5879662616,-1.77754183175,2.20785938274,,,,,,1.07596264161,,,,,,,0.452952085062,-0.809159452836,-2.8529563133,1.84981958737,,,,,-5.26180488981,1.19567774394,,,,,,,,,-0.406678026356,,,-3.50804979219,,,,
FATM04B,"EYA4",ENSG00000112319,7.570248,,,,,,,-3.05941695081,,-3.42559914399,-2.58492730252,0.879111276225,,,,,,0.854493171664,,,,,,,0.299132635244,0.0205741020703,-3.41430933491,1.33524927942,,,,,-4.64302336181,0.74572177986,,,,,,,,,0.690678673332,,,-3.97678459779,,,,
FATM04,"EYA4",ENSG00000112319,7.152119,,,,,,,-3.13483508622,,-3.67769216707,-2.93318255418,0.857856144357,,,,,,0.78798012488,,,,,,,0.107233982001,-0.137402616456,-3.62694028191,1.53713002189,,,,,-4.76793785661,0.592497531015,,,,,,,,,0.656147265314,,,-3.90853154856,,,,
HIPC03,"EYA4",ENSG00000112319,6.050957,,,,,,,-4.25428886463,,-4.95432010733,-3.62602980086,-2.07558770846,,,,,,-0.638992578739,,,,,,,-0.26176695356,0.385006578357,-3.4153988688,1.46523463268,,,,,-3.9587696066,-0.072466580795,,,,,,,,,-1.17432526807,,,-3.48842884192,,,,
HIPC04,"EYA4",ENSG00000112319,5.869827,,,,,,,-4.14114347935,,-4.82731637516,-3.46671537207,-2.02382522822,,,,,,-0.619623454091,,,,,,,-0.323525783972,0.354217140323,-3.28949922826,1.42869361775,,,,,-3.86004297941,-0.0930755960858,,,,,,,,,-1.14547590081,,,-3.40143183829,,,,
LEAN06B,"EYA4",ENSG00000112319,4.544972,,,,,,,-3.08336186032,,-4.81018426193,-3.68923381199,-1.64358487619,,,,,,-0.673227643258,,,,,,,-0.694729022459,0.695239244687,-1.92175559644,1.06545775717,,,,,-3.73389494983,-0.466162550563,,,,,,,,,-1.83410697059,,,-3.18163563701,,,,
OSTE04,"EYA4",ENSG00000112319,46.180107,,,,,,,7.85823019878,,6.180889571,2.65181299117,-3.25896904646,,,,,,-5.05201045392,,,,,,,-4.02115291721,4.56230145621,6.82750391492,-7.04209524156,,,,,10.6016403662,-7.96901841053,,,,,,,,,2.91472087042,,,12.576050721,,,,
URIN09,"EYA4",ENSG00000112319,5.801838,,,,,,,-1.26081470419,,-0.210341333643,-1.36355155127,-1.35667831961,,,,,,-1.08681915101,,,,,,,-2.50193321162,2.1901800083,-1.34199406816,-0.956939191572,,,,,0.279671634478,-1.22505861374,,,,,,,,,-1.789978305,,,0.097394871121,,,,
WHIP03,"EYA4",ENSG00000112319,3.333155,,,,,,,1.97181488479,,2.43002156534,4.13686604331,2.13581587779,,,,,,2.52051117305,,,,,,,1.86150608577,0.243022345382,5.23709322785,0.391488617127,,,,,0.897934392236,2.78065625455,,,,,,,,,0.699475901955,,,1.1560971247,,,,
WHIP04,"EYA4",ENSG00000112319,3.485373,,,,,,,1.94732690192,,2.38633605603,3.99602232356,2.08960059097,,,,,,2.46804282493,,,,,,,1.86915043271,0.185189197566,5.09019382856,0.38301749999,,,,,0.878504661036,2.73238616946,,,,,,,,,0.684783401729,,,1.13108123468,,,,
WHIP05,"EYA4",ENSG00000112319,2.348054,,,,,,,2.50827647899,,2.91703317686,4.27615667945,2.18918928189,,,,,,1.95905032628,,,,,,,1.81277611115,0.866396370778,5.19905313802,0.139005045319,,,,,1.42988248473,2.1438218465,,,,,,,,,1.23446440835,,,1.6400104481,,,,
WHIP06,"EYA4",ENSG00000112319,2.353126,,,,,,,2.47877889457,,2.87020101664,4.16738588046,2.14721234241,,,,,,1.91789171332,,,,,,,1.8249934899,0.808774091863,5.07462646769,0.136339667811,,,,,1.4024648737,2.11158348233,,,,,,,,,1.21136634849,,,1.60856374945,,,,
