code,target,ENSEMBL,association,Adipose_Subcutaneous,Adipose_Visceral_Omentum,Breast_Mammary_Tissue,Muscle_Skeletal,DGN_Whole_Blood,Whole_Blood,Artery_Aorta,Artery_Coronary,Artery_Tibial,Heart_Atrial_Appendage,Heart_Left_Ventricle,Spleen,Brain_Amygdala,Brain_Anterior_cingulate_cortex_BA24,Brain_Caudate_basal_ganglia,Brain_Nucleus_accumbens_basal_ganglia,Brain_Putamen_basal_ganglia,Brain_Cerebellar_Hemisphere,Brain_Cerebellum,Brain_Cortex,Brain_Frontal_Cortex_BA9,Brain_Hippocampus,Brain_Hypothalamus,Brain_Spinal_cord_cervical_c-1,Brain_Substantia_nigra,Nerve_Tibial,Cells_Transformed_fibroblasts,Cells_EBV-transformed_lymphocytes,Colon_Sigmoid,Colon_Transverse,Esophagus_Gastroesophageal_Junction,Esophagus_Mucosa,Esophagus_Muscularis,Liver,Minor_Salivary_Gland,Small_Intestine_Terminal_Ileum,Stomach,Adrenal_Gland,Pituitary,Pancreas,Thyroid,Lung,Ovary,Prostate,Testis,Uterus,Vagina,Skin_Not_Sun_Exposed_Suprapubic,Skin_Sun_Exposed_Lower_leg
CHOL06,"DSCAML1",ENSG00000177103,3.330525,-1.27476648331,0.864244403007,-0.946630795077,0.57767128434,-0.8113876883186073,,-1.77712168135,,0.643690904295,,-0.570876336154,,,,,,,,,,,,,,,-0.426308809481,,,,-1.65708663433,-1.66295229763,0.43623274582,-1.54786688922,-1.28751152349,,,,,0.513195539455,-0.400710030772,0.912694524664,-5.08000073121,,,0.433452715141,,,-2.74994308308,-1.71354143502
CHOL16,"DSCAML1",ENSG00000177103,2.938058,-0.817439581032,0.0904388616413,-0.732667961167,-0.325036901619,0.15805423838910665,,-1.2627441947,,0.609635316458,,-0.550872749525,,,,,,,,,,,,,,,-0.317970652411,,,,-1.5466412981,-1.45244223064,0.209859070689,-0.799781698986,-0.728612379245,,,,,-0.148552817918,-0.664939128215,0.668433065385,-4.92401106062,,,0.267689186406,,,-1.85048303666,-0.903801368561
CHOL31,"DSCAML1",ENSG00000177103,2.817585,-0.975929912604,0.634820588082,-0.678148896407,0.165079874558,-0.21791511543000996,,-1.35500399363,,0.654808183901,,-0.804925602411,,,,,,,,,,,,,,,-0.675318072237,,,,-1.71605634589,-1.79842601367,0.221082367377,-0.97256613003,-0.887947865218,,,,,0.00776754252811,-0.794385085392,0.844778339735,-5.20418614682,,,0.168671247912,,,-1.91130019886,-1.20562861471
LIPI10,"DSCAML1",ENSG00000177103,3.143374,-1.08443461518,0.57945186559,-0.933760587345,0.218449146224,-0.5190350968918419,,-1.6782477823,,0.549122238467,,-0.769361549521,,,,,,,,,,,,,,,-0.5904896376,,,,-1.86729139578,-1.45068577156,0.579561559412,-1.96178415519,-1.24418721961,,,,,0.304850147044,-0.297438843343,0.90511607036,-4.81369569684,,,0.625906485151,,,-2.50971813826,-1.70705415169
LIPI14,"DSCAML1",ENSG00000177103,2.692418,-0.738784227156,0.37069993809,-0.983338040984,-0.160136793668,0.1738928259276264,,-1.4186854025,,0.71777758471,,-0.404362094376,,,,,,,,,,,,,,,-0.0768888249936,,,,-1.52668343255,-0.945128543255,0.295518185708,-0.929285572615,-0.664193697533,,,,,0.205475851607,-0.25229184369,1.08117530401,-4.73800646202,,,0.642925557732,,,-2.22672388875,-0.945366052144
LIPO11,"DSCAML1",ENSG00000177103,3.373927,-1.05556309436,0.475365872551,-0.955520045815,0.0996924368986,-0.40014114343826146,,-1.6697241595,,0.539779995186,,-0.676867040623,,,,,,,,,,,,,,,-0.460710599194,,,,-1.78928259516,-1.38863383272,0.579430841503,-1.8660842029,-1.13945189024,,,,,0.336989937495,-0.250833478964,0.915599414973,-4.80166682549,,,0.668813550691,,,-2.46543962296,-1.60987724493
PHLI10,"DSCAML1",ENSG00000177103,2.839892,-0.872821434987,0.0686945794912,-0.637432354552,-0.592066309917,0.06259536491630821,,-1.19573314715,,0.6949195407,,-0.612590424377,,,,,,,,,,,,,,,-0.426283935822,,,,-1.64842213739,-1.63300659484,0.181392827838,-0.657156289817,-0.470540497987,,,,,-0.0764512779674,-0.592495779704,0.725333308624,-4.94384512289,,,0.424738666044,,,-1.82958597992,-0.96592442074
PHLI11,"DSCAML1",ENSG00000177103,2.830091,-1.21914246023,0.365481438303,-0.847783803001,0.168789914567,-0.41709851529003833,,-1.56207058,,0.426605330082,,-1.26676819853,,,,,,,,,,,,,,,-1.1323821471,,,,-2.01086481115,-1.74266070186,0.116165437609,-1.79032216739,-1.07884081447,,,,,-0.237156205806,-0.917254487246,0.843880907729,-5.183616035,,,0.0619599113451,,,-2.05114552552,-1.71958028438
TRGL01,"DSCAML1",ENSG00000177103,3.394738,-1.10331099143,0.113613792351,-0.736065246226,-0.386246956589,-0.27606152095656455,,-1.58148406239,,0.373020367661,,-0.789356932764,,,,,,,,,,,,,,,-0.60799983794,,,,-1.72576553853,-1.78179344081,0.137309686888,-1.55293559035,-0.72343982718,,,,,-0.239869645514,-0.606061872881,0.726628490167,-5.2146722913,,,0.458747379824,,,-2.24006217547,-1.33535674071
TRGL03,"DSCAML1",ENSG00000177103,0.991613,0.682731371467,1.66838625199,1.38682680576,-4.80256956604,0.10945914673104731,,-0.583982024899,,2.58105764767,,0.86689323453,,,,,,,,,,,,,,,0.39477605343,,,,0.0597318583806,-1.42971322264,1.35302350738,1.61964129202,1.0092190688,,,,,0.774310751903,1.55280012271,-0.471062837537,-3.45634598552,,,0.213772730384,,,0.292531259278,-0.674024737288
TRGL09,"DSCAML1",ENSG00000177103,2.702655,-0.453513720838,0.316432473759,-0.468732687203,-0.423137729622,0.3541027911318968,,-1.13181311571,,0.891426926696,,-0.639247844806,,,,,,,,,,,,,,,-0.373387814634,,,,-1.60057174849,-1.36730703269,0.568606325659,-1.16713345347,-0.442221569491,,,,,-0.132411450273,-0.210238697537,0.846470897455,-4.77474358026,,,0.366999628951,,,-1.6268409313,-0.834864405133
