code,target,ENSEMBL,association,Adipose_Subcutaneous,Adipose_Visceral_Omentum,Breast_Mammary_Tissue,Muscle_Skeletal,DGN_Whole_Blood,Whole_Blood,Artery_Aorta,Artery_Coronary,Artery_Tibial,Heart_Atrial_Appendage,Heart_Left_Ventricle,Spleen,Brain_Amygdala,Brain_Anterior_cingulate_cortex_BA24,Brain_Caudate_basal_ganglia,Brain_Nucleus_accumbens_basal_ganglia,Brain_Putamen_basal_ganglia,Brain_Cerebellar_Hemisphere,Brain_Cerebellum,Brain_Cortex,Brain_Frontal_Cortex_BA9,Brain_Hippocampus,Brain_Hypothalamus,Brain_Spinal_cord_cervical_c-1,Brain_Substantia_nigra,Nerve_Tibial,Cells_Transformed_fibroblasts,Cells_EBV-transformed_lymphocytes,Colon_Sigmoid,Colon_Transverse,Esophagus_Gastroesophageal_Junction,Esophagus_Mucosa,Esophagus_Muscularis,Liver,Minor_Salivary_Gland,Small_Intestine_Terminal_Ileum,Stomach,Adrenal_Gland,Pituitary,Pancreas,Thyroid,Lung,Ovary,Prostate,Testis,Uterus,Vagina,Skin_Not_Sun_Exposed_Suprapubic,Skin_Sun_Exposed_Lower_leg
BLOO06,"CASC3",ENSG00000108349,29.156923,9.03236513818,,10.2873809093,5.21919775009,5.989955444197724,,,,1.75656313537,,,,,,,,,,1.41759210578,,,,,,,4.46002801233,12.0090702657,,,,0.416106267506,7.7108809255,,,,,,,,,,5.70043682242,,,,,,4.59228215043,5.31338342794
BLOO08,"CASC3",ENSG00000108349,5.440932,4.00751599795,,4.56450413824,4.95148324966,2.5607691454098904,,,,3.4167647165,,,,,,,,,,-0.151150918028,,,,,,,1.10830327173,5.44178408787,,,,2.02849262291,3.9123155386,,,,,,,,,,3.09498343583,,,,,,2.65317737106,3.60651298004
BLOO09,"CASC3",ENSG00000108349,40.131373,8.8707554795,,10.0741728413,5.47889089584,5.920055439309017,,,,1.78447410304,,,,,,,,,,1.15692256533,,,,,,,4.14113290163,12.3081902833,,,,0.753271450335,7.73003716442,,,,,,,,,,5.44562834549,,,,,,4.40994985269,5.27871964989
BLOO10,"CASC3",ENSG00000108349,34.982549,8.38851124703,,9.70471650594,5.12623071671,5.47167184900443,,,,1.71791873907,,,,,,,,,,0.78419681818,,,,,,,3.78742912076,12.0815620243,,,,0.861714527748,7.29160530601,,,,,,,,,,5.0544225244,,,,,,4.31300989245,5.02677012316
BLOO12,"CASC3",ENSG00000108349,27.767309,7.40288691636,,8.22999817472,4.38837623596,4.556691065784178,,,,1.53443158464,,,,,,,,,,-0.088630780126,,,,,,,3.39948105587,11.2856659008,,,,0.531746789428,5.88722988596,,,,,,,,,,4.37243696622,,,,,,3.61554398279,4.05405781964
BLOO13,"CASC3",ENSG00000108349,37.828186,8.91238008402,,9.90380882624,5.36344385147,5.787678038252524,,,,1.66869988956,,,,,,,,,,1.21542857581,,,,,,,4.75120670099,12.118186915,,,,0.447883411268,7.62824152998,,,,,,,,,,5.60743001713,,,,,,4.52354509807,5.28520150192
BLOO19,"CASC3",ENSG00000108349,29.410430,7.40847476873,,7.21284191391,4.49141979218,5.309583827170609,,,,0.961794114322,,,,,,,,,,2.10822255349,,,,,,,3.81016636823,8.86929376657,,,,0.674512451376,6.5994265534,,,,,,,,,,4.52213278619,,,,,,3.2532357784,3.7429101599
BLOO24,"CASC3",ENSG00000108349,16.745476,-6.09922277204,,-7.89153801372,-4.10182762146,-4.255222684830775,,,,-1.144883422,,,,,,,,,,-2.42685076653,,,,,,,-3.22799253406,-7.00662000209,,,,-0.633629346227,-6.51771678233,,,,,,,,,,-4.47066708308,,,,,,-3.43487951949,-4.18352330191
BLOO27,"CASC3",ENSG00000108349,3.559989,0.333401612649,,2.83657084412,0.693333923817,2.2689377840992444,,,,2.02339410306,,,,,,,,,,2.39388476942,,,,,,,1.61229344545,4.76498379522,,,,-1.74105316253,2.861709689,,,,,,,,,,1.02685874972,,,,,,0.681366266347,0.554528613907
BLOO28,"CASC3",ENSG00000108349,13.710835,-5.82962185766,,-5.09703307818,-3.66638851166,-4.091764086065043,,,,-0.60778406145,,,,,,,,,,-1.29785951704,,,,,,,-3.00949205043,-7.05713233227,,,,-0.231143552787,-4.70565110122,,,,,,,,,,-3.15160191607,,,,,,-2.28486887264,-2.47192794657
BLOO30,"CASC3",ENSG00000108349,37.735560,8.83017519184,,9.96965231326,5.35042047501,5.874981391155076,,,,1.59135439624,,,,,,,,,,1.36729452592,,,,,,,4.70915971792,12.2705952813,,,,0.660386561382,7.82707846552,,,,,,,,,,5.61026933119,,,,,,4.44216087115,5.20417830085
BLOO32,"CASC3",ENSG00000108349,17.730861,7.49902994627,,8.628168056,4.29071331024,5.040323352805291,,,,1.24175457487,,,,,,,,,,2.80249617832,,,,,,,4.23602610688,7.65269427728,,,,0.326623648385,6.86749007208,,,,,,,,,,5.10262503651,,,,,,4.0398728773,4.7876692651
FATM02,"CASC3",ENSG00000108349,1.899836,-1.34010625917,,1.22308859461,1.10928559303,0.523577882176674,,,,1.6057264992,,,,,,,,,,0.102240783788,,,,,,,1.22614570638,4.92166389979,,,,-1.36396339482,1.49772434658,,,,,,,,,,1.60208918305,,,,,,0.0751946131247,-0.459925432953
FATM03,"CASC3",ENSG00000108349,1.974776,-1.43883921168,,1.20117727368,1.06184947491,0.5562480378000996,,,,1.64786302699,,,,,,,,,,0.0616102201015,,,,,,,1.16622122488,4.88975973262,,,,-1.27469420029,1.52637756341,,,,,,,,,,1.5851293782,,,,,,-0.0796351316279,-0.435424858029
LEAN04B,"CASC3",ENSG00000108349,6.381178,0.842523993536,,2.17753817692,1.74031162262,2.0938127466051153,,,,2.60636212527,,,,,,,,,,2.92452560309,,,,,,,2.06432428116,5.71674063555,,,,-0.711869674316,3.66381653836,,,,,,,,,,3.0280326942,,,,,,2.12277321562,1.62305087042
LEAN04F,"CASC3",ENSG00000108349,4.849889,2.06150659225,,2.54329082559,2.17639541626,2.2720386048244583,,,,2.70439421372,,,,,,,,,,3.23188132221,,,,,,,3.0823926391,5.87228618884,,,,-1.49996615691,3.87445038549,,,,,,,,,,3.79150222193,,,,,,2.62018896896,2.51155240242
LEAN05B,"CASC3",ENSG00000108349,5.140471,0.843469947905,,2.2305553816,1.81334769726,2.1313471048944863,,,,2.7127654347,,,,,,,,,,2.91460626435,,,,,,,2.01384740732,5.68968832189,,,,-0.46350038884,3.70873623025,,,,,,,,,,3.08490996642,,,,,,2.14790523306,1.69733753514
LEAN05F,"CASC3",ENSG00000108349,4.618181,2.04458631594,,2.6038049427,2.24463915825,2.324723688292793,,,,2.80248352888,,,,,,,,,,3.23965075536,,,,,,,3.00954624503,5.79365077556,,,,-1.1853668081,3.92104427835,,,,,,,,,,3.84007827607,,,,,,2.64254171547,2.56398470386
LEAN06B,"CASC3",ENSG00000108349,6.751757,1.62726137762,,3.01971532862,2.05983805656,1.4144983037840124,,,,2.19460329835,,,,,,,,,,3.15280106848,,,,,,,3.53508110071,5.21165639853,,,,-2.25323428869,3.5914295526,,,,,,,,,,3.99924193033,,,,,,1.87555203427,2.08557474341
LEAN06F,"CASC3",ENSG00000108349,5.406404,2.17180417201,,3.47233432335,2.02873325348,1.9708891497613152,,,,2.35712784505,,,,,,,,,,3.32451797819,,,,,,,3.79483167346,4.82745152911,,,,-3.33768635319,3.72170252965,,,,,,,,,,4.3641633234,,,,,,2.27056711343,2.65129995386
ULCC01,"CASC3",ENSG00000108349,3.321746,-3.33350809254,,-1.77773099793,-1.01061654091,-2.5309464043266114,,,,-2.16333761469,,,,,,,,,,-2.77836037188,,,,,,,-3.47590293248,-1.14922453917,,,,0.876042699386,-3.15617052453,,,,,,,,,,-4.80768512044,,,,,,-2.00290480274,-1.79744762207
URIN07,"CASC3",ENSG00000108349,0.355138,-0.303685293472,,-2.34981436133,,-0.027753213449186364,,,,1.77295605232,,,,,,,,,,-6.4400801696,,,,,,,-2.4505472815,-1.59819316864,,,,-0.0481471500904,0.0,,,,,,,,,,-1.61778372311,,,,,,-0.109817723534,0.208806872268
URIN09,"CASC3",ENSG00000108349,0.136374,-0.271643635348,,-2.29179298561,,0.027015396916127418,,,,1.69778767975,,,,,,,,,,-6.69902149727,,,,,,,-2.43684308571,-1.31057906151,,,,-0.0641300141869,0.21470156312,,,,,,,,,,-1.72579549399,,,,,,-0.404963791445,0.441980389438
