code,target,ENSEMBL,association,Adipose_Subcutaneous,Adipose_Visceral_Omentum,Breast_Mammary_Tissue,Muscle_Skeletal,DGN_Whole_Blood,Whole_Blood,Artery_Aorta,Artery_Coronary,Artery_Tibial,Heart_Atrial_Appendage,Heart_Left_Ventricle,Spleen,Brain_Amygdala,Brain_Anterior_cingulate_cortex_BA24,Brain_Caudate_basal_ganglia,Brain_Nucleus_accumbens_basal_ganglia,Brain_Putamen_basal_ganglia,Brain_Cerebellar_Hemisphere,Brain_Cerebellum,Brain_Cortex,Brain_Frontal_Cortex_BA9,Brain_Hippocampus,Brain_Hypothalamus,Brain_Spinal_cord_cervical_c-1,Brain_Substantia_nigra,Nerve_Tibial,Cells_Transformed_fibroblasts,Cells_EBV-transformed_lymphocytes,Colon_Sigmoid,Colon_Transverse,Esophagus_Gastroesophageal_Junction,Esophagus_Mucosa,Esophagus_Muscularis,Liver,Minor_Salivary_Gland,Small_Intestine_Terminal_Ileum,Stomach,Adrenal_Gland,Pituitary,Pancreas,Thyroid,Lung,Ovary,Prostate,Testis,Uterus,Vagina,Skin_Not_Sun_Exposed_Suprapubic,Skin_Sun_Exposed_Lower_leg
BLOO07,"SLC13A4",ENSG00000164707,4.859461,,2.69881135645,,,4.880150184531879,,,,3.49584314644,,0.900621459351,3.47073267304,,,,,1.31000723127,,,,,,,,,2.80954252421,,,3.05055223794,2.82797982896,1.94046629593,-1.83299014882,3.1346215698,,,4.61265739326,2.67443192185,,,,3.57089230182,4.00182838512,,2.27779045103,,2.11225507403,,-4.65579095206,-2.72775229064
BLOO16,"SLC13A4",ENSG00000164707,5.002771,,2.62305272451,,,4.874421729560294,,,,3.86074893485,,0.749417865918,3.42181373546,,,,,0.974299726256,,,,,,,,,2.58619059573,,,2.91838563174,2.79663337885,1.58593583596,-2.06222134147,3.16239438016,,,4.44139807439,2.41263762313,,,,3.51657602256,4.01881833217,,2.15012229703,,1.99838015762,,-4.91476799906,-2.83811387986
BLOO26,"SLC13A4",ENSG00000164707,9.070949,,-2.40646922663,,,-5.36229543082374,,,,-4.15694168692,,-2.23769447279,-3.0218590615,,,,,-0.270875726466,,,,,,,,,-2.3339669895,,,-2.58038731007,-2.90406577075,-0.786518446412,1.31586927437,-2.34807620381,,,-5.24577624292,-1.59772476817,,,,-2.6971216941,-5.04451536046,,-2.40641638726,,-1.62955439582,,5.06763832322,5.08416870161
BLOO27,"SLC13A4",ENSG00000164707,7.636614,,-1.96766942198,,,-4.795433614813176,,,,-3.66994693998,,-1.56959368906,-2.28212606946,,,,,0.341303505863,,,,,,,,,-2.19367836615,,,-2.12170667807,-2.30615649,-0.867378467509,1.40804535251,-1.75425408471,,,-4.60485092803,-1.45376298078,,,,-2.25104230611,-4.36355902787,,-2.08229707339,,-0.234072420803,,4.7060490276,4.91617462681
BLOO29,"SLC13A4",ENSG00000164707,5.008269,,2.53092344593,,,5.45529302753689,,,,3.57005902124,,2.41103557588,2.29411735239,,,,,0.513232867656,,,,,,,,,4.054229858,,,3.94412287596,3.04173234102,2.68950138267,-2.56413223594,3.45464062688,,,5.74274556333,3.74936155218,,,,4.03516899984,3.88663558973,,3.19129520573,,1.88035384219,,-3.30607623387,-3.9764767439
BLOO33,"SLC13A4",ENSG00000164707,11.480146,,2.7845908893,,,5.069939130053669,,,,3.77333722185,,3.11493819864,2.37709271338,,,,,1.30182308922,,,,,,,,,2.83807925503,,,2.72408711292,2.42450334416,1.43853758728,-0.49772613444,0.842011383075,,,6.18646688426,2.01182857034,,,,3.27774094575,5.05958211227,,2.39269555417,,3.33560737502,,-6.47969576611,-6.13974326852
EDUC01,"SLC13A4",ENSG00000164707,2.863597,,2.79793993925,,,3.7305819249133005,,,,1.91927809372,,-1.83222921552,1.79256715745,,,,,-2.11696739618,,,,,,,,,5.12853110967,,,4.29812882613,3.16214685131,5.0112928782,-2.96132205849,2.70012006119,,,3.82683794652,4.6072751734,,,,4.00221272233,0.868022922422,,2.664927523,,1.96662312997,,0.394839751243,0.26857536576
EDUC03,"SLC13A4",ENSG00000164707,4.719422,,3.3838738301,,,2.085988953450897,,,,1.44902945526,,-3.64757434669,1.5234069727,,,,,-2.81501294083,,,,,,,,,5.01317558498,,,3.93538190974,2.95489648719,6.21277279249,-2.68985175026,2.1084350526,,,3.15598588662,4.56370151554,,,,3.85977115336,-0.385347541656,,1.4686894742,,2.46514241982,,0.51588641739,0.564960505427
HEIG03,"SLC13A4",ENSG00000164707,5.050317,,3.1806073009,,,4.090485398162923,,,,2.65146072798,,1.23684156009,4.38661736289,,,,,0.434747804196,,,,,,,,,4.99505457716,,,5.1688964259,5.24285327401,2.96428041467,-4.48005758924,3.16621797018,,,3.86974606921,5.74993669724,,,,4.59851120691,2.17545829761,,4.23301180565,,1.80291374109,,2.59245749869,1.88089548502
