code,target,ENSEMBL,association,Adipose_Subcutaneous,Adipose_Visceral_Omentum,Breast_Mammary_Tissue,Muscle_Skeletal,DGN_Whole_Blood,Whole_Blood,Artery_Aorta,Artery_Coronary,Artery_Tibial,Heart_Atrial_Appendage,Heart_Left_Ventricle,Spleen,Brain_Amygdala,Brain_Anterior_cingulate_cortex_BA24,Brain_Caudate_basal_ganglia,Brain_Nucleus_accumbens_basal_ganglia,Brain_Putamen_basal_ganglia,Brain_Cerebellar_Hemisphere,Brain_Cerebellum,Brain_Cortex,Brain_Frontal_Cortex_BA9,Brain_Hippocampus,Brain_Hypothalamus,Brain_Spinal_cord_cervical_c-1,Brain_Substantia_nigra,Nerve_Tibial,Cells_Transformed_fibroblasts,Cells_EBV-transformed_lymphocytes,Colon_Sigmoid,Colon_Transverse,Esophagus_Gastroesophageal_Junction,Esophagus_Mucosa,Esophagus_Muscularis,Liver,Minor_Salivary_Gland,Small_Intestine_Terminal_Ileum,Stomach,Adrenal_Gland,Pituitary,Pancreas,Thyroid,Lung,Ovary,Prostate,Testis,Uterus,Vagina,Skin_Not_Sun_Exposed_Suprapubic,Skin_Sun_Exposed_Lower_leg
BLOO02,"TP53I3",ENSG00000115129,15.107577,1.66802289465,,5.31323850719,,1.783189072748102,2.39353376358,2.86441541484,,,,,,,,,,,4.15317956852,,2.94756614207,,,,,,1.59922026708,0.506878579713,,,,2.98661456755,5.89334821096,1.65891301277,,,,,,,,4.00061406263,3.55305168373,,,,,,1.46319312185,3.10389424452
BLOO04,"TP53I3",ENSG00000115129,16.104826,-1.28548930096,,-3.36904239485,,-2.5606252578688933,-1.57998580444,-3.95310525445,,,,,,,,,,,-6.57348497684,,-1.10094252539,,,,,,-0.598343381032,0.690479102576,,,,-3.85176705162,-6.6177703781,-4.60612249164,,,,,,,,-4.49522895057,-5.48053448166,,,,,,-1.11102824902,-1.87146444448
BLOO06,"TP53I3",ENSG00000115129,5.976583,-2.24874374701,,-0.898195163699,,-3.3616267624059653,-2.57392894331,-1.66081650214,,,,,,,,,,,-0.49664886929,,-0.851018327808,,,,,,4.90209113927,-2.62884408586,,,,-1.22605415413,2.79309562925,-0.00283948378156,,,,,,,,3.67949215051,4.57612184873,,,,,,-2.76035721442,-0.925154211795
BLOO09,"TP53I3",ENSG00000115129,5.553665,-2.4132384322,,-1.13943780234,,-3.4615960542115642,-2.73626077274,-1.89194174064,,,,,,,,,,,-0.532552777496,,-0.8539648618,,,,,,4.81194637576,-2.84176539647,,,,-1.30831292785,2.32137949542,-0.0151689131334,,,,,,,,3.61115359601,4.31885771365,,,,,,-2.82729094474,-1.23201953915
BLOO10,"TP53I3",ENSG00000115129,5.997704,-2.48345486441,,-1.17644010773,,-3.5196122434390538,-2.82674663438,-2.03666322067,,,,,,,,,,,-0.648515858018,,-0.805198772358,,,,,,4.76198960253,-2.87506167912,,,,-1.32345899227,2.06595453571,-0.325465032803,,,,,,,,3.46506123542,4.05441954138,,,,,,-2.78823470972,-1.3781666366
BLOO11,"TP53I3",ENSG00000115129,16.137952,0.841156421266,,5.28779413388,,0.5653064598049498,1.23393447803,2.9484487193,,,,,,,,,,,5.12142443101,,0.975859208059,,,,,,2.69414507495,-1.91253423867,,,,3.89025127234,7.67427210917,2.5302380789,,,,,,,,5.64044418386,6.03380254616,,,,,,0.0952533255786,2.27400030271
BLOO12,"TP53I3",ENSG00000115129,11.204669,-1.43577304952,,1.24547031849,,-2.562057207092592,-1.78111811887,-0.497822739527,,,,,,,,,,,1.39717777327,,-0.229397082787,,,,,,4.65623203849,-2.88976316315,,,,0.351913725943,4.77460839487,0.544156301872,,,,,,,,4.84572264174,5.46787718948,,,,,,-2.14470179973,-0.289940368685
BLOO13,"TP53I3",ENSG00000115129,6.833511,-2.33322178888,,-0.973476696646,,-3.4893136549086288,-2.66494954423,-1.78498388498,,,,,,,,,,,-0.539559648735,,-0.818710227063,,,,,,4.88315545066,-2.68066726753,,,,-1.27230720049,2.65101552974,-0.111149208044,,,,,,,,3.75415894007,4.5286830159,,,,,,-2.79348147017,-1.04590342813
BLOO21,"TP53I3",ENSG00000115129,22.006044,-2.74185474649,,-6.33883798979,,-4.150641871271144,-3.33601170043,-5.96652960595,,,,,,,,,,,-9.37572006012,,-2.60652905759,,,,,,-0.856227502829,0.251074479033,,,,-5.75042433282,-9.2912641763,-5.43321638059,,,,,,,,-5.95394484922,-6.82495833324,,,,,,-2.55584406005,-4.18329801443
BLOO22,"TP53I3",ENSG00000115129,22.403964,-2.4334199982,,-5.61067072736,,-3.8322063216374462,-2.92160859489,-5.4868462345,,,,,,,,,,,-8.66798542387,,-2.1522931372,,,,,,-0.608389947064,0.365388885656,,,,-5.263516717,-8.36105361433,-5.11828222492,,,,,,,,-5.36739374988,-6.24456690856,,,,,,-2.30375050479,-3.64733292482
BLOO23,"TP53I3",ENSG00000115129,21.294495,-2.87210462857,,-6.10785495029,,-4.107936688255401,-3.82245766452,-5.6502290248,,,,,,,,,,,-8.93713015843,,-2.60286509696,,,,,,-0.739310754223,-0.111460504647,,,,-5.10925686885,-7.56800635166,-3.97251589311,,,,,,,,-4.38220153096,-5.1757963671,,,,,,-2.85349294743,-4.81327606981
BLOO24,"TP53I3",ENSG00000115129,5.647663,2.88040767867,,5.1412644971,,3.2675252993284434,3.33220303661,4.06200782621,,,,,,,,,,,4.99403565147,,1.58701207357,,,,,,-1.61454043236,0.991675550259,,,,4.27747912622,4.39275475781,2.48785028876,,,,,,,,1.74938643437,1.72404467089,,,,,,2.43355495583,2.99386885281
BLOO26,"TP53I3",ENSG00000115129,5.814033,-0.66757763846,,-1.5236126814,,-1.1193622920069075,-1.2045291504,-2.10466943127,,,,,,,,,,,-4.10073935871,,-1.47349806382,,,,,,-1.30433942425,-0.0249647046079,,,,-1.66369915671,-3.28136164319,-1.63884896919,,,,,,,,-1.73459365393,-3.09653558116,,,,,,-0.23127559358,-1.80869733632
BLOO27,"TP53I3",ENSG00000115129,9.808549,-1.34922755491,,-3.10950559386,,-2.0905755852482977,-2.16752942455,-2.77708073502,,,,,,,,,,,-6.12955881206,,-2.26583589104,,,,,,-1.16664376395,-0.500773306889,,,,-2.55229695742,-4.15117254176,-1.75517871422,,,,,,,,-2.394287075,-3.17457968418,,,,,,-0.720074114092,-2.74978761286
BLOO28,"TP53I3",ENSG00000115129,10.774174,0.591760218221,,-1.64559224279,,1.352372822344926,0.569833678344,-0.515583743001,,,,,,,,,,,-1.99780467519,,0.96624867581,,,,,,-2.51891743083,1.67964704485,,,,-1.15074844541,-4.84999828193,-2.77224975302,,,,,,,,-4.36214125806,-5.54627092372,,,,,,1.8710741364,-0.64893390441
BLOO30,"TP53I3",ENSG00000115129,6.163986,-2.28725190275,,-0.997887723402,,-3.304939544128693,-2.61189449857,-1.74562771282,,,,,,,,,,,-0.481063092065,,-0.860597944236,,,,,,4.80340344517,-2.76177843538,,,,-1.17657330283,2.49512797666,0.0911272510706,,,,,,,,3.53917295751,4.33925001727,,,,,,-2.75523069855,-1.10456194314
BLOO36,"TP53I3",ENSG00000115129,22.374471,-1.71946223033,,-4.61411978912,,-3.0595166335010933,-2.18702698392,-4.71070531915,,,,,,,,,,,-7.65520176723,,-1.85239239508,,,,,,-0.937570109367,0.540079887878,,,,-4.56406306998,-8.00773644307,-5.09975377057,,,,,,,,-5.37888854014,-6.31282185973,,,,,,-1.49444932464,-2.67855639508
BODY08B,"TP53I3",ENSG00000115129,4.868125,-3.64832832351,,-4.89081212093,,-3.1980961234235212,-3.78847750808,-2.91524884654,,,,,,,,,,,-2.91233925729,,-0.911263260793,,,,,,-0.802391848353,-3.91773995011,,,,-1.9851807146,-0.10251948929,-1.21573720803,,,,,,,,-0.0947529673655,2.01507436711,,,,,,-2.94391334144,-4.74261711284
BODY08,"TP53I3",ENSG00000115129,5.066260,-3.7513078479,,-4.78868313644,,-3.3523777035466864,-3.89219691713,-3.08147962733,,,,,,,,,,,-2.83203981229,,-0.734873335572,,,,,,-0.797948190566,-4.17806122403,,,,-2.1040333953,0.0433098165701,-1.43381964013,,,,,,,,0.00884455872353,1.97178508894,,,,,,-3.12230807152,-4.81256271633
CHRO01,"TP53I3",ENSG00000115129,5.888838,1.73270003596,,4.17725754321,,0.9675046020439962,2.11411599857,2.00692455614,,,,,,,,,,,1.26484057029,,0.223935812869,,,,,,-0.392329386493,1.92646898456,,,,1.08306105748,3.32000537233,0.384057013377,,,,,,,,2.29183127318,1.47077000796,,,,,,0.995464986457,2.72235839035
HEIG03,"TP53I3",ENSG00000115129,7.164715,2.57950384384,,2.31957795494,,3.409157579697434,2.44320696323,2.30539300026,,,,,,,,,,,1.4070546433,,0.128471274537,,,,,,0.405029544021,4.15839757798,,,,0.671899985501,-3.59711336428,1.92932270118,,,,,,,,-1.88268358786,-1.39285417516,,,,,,5.52670413211,2.79342690358
LEAN04B,"TP53I3",ENSG00000115129,6.186392,-0.432455248427,,-1.55589015111,,1.0290296024345702,-0.100704707551,-0.30258734028,,,,,,,,,,,0.727357374934,,1.28918947746,,,,,,-1.529181501,1.9068164252,,,,-0.80588814904,-4.80260516008,0.380510721696,,,,,,,,-2.43005168397,-2.16316780004,,,,,,1.25111967429,-0.384397412093
LEAN04,"TP53I3",ENSG00000115129,6.582478,-0.336291746176,,-1.49160011928,,1.163729717314913,-0.276588407781,-0.265368061593,,,,,,,,,,,0.721832259753,,1.2467273022,,,,,,-1.32712189425,2.23076407321,,,,-0.480835010114,-4.3281517718,1.01677624199,,,,,,,,-2.36349704543,-1.74404192845,,,,,,1.69626809645,-0.463369561408
LEAN05,"TP53I3",ENSG00000115129,5.817585,-0.385353661311,,-1.55601706085,,1.1403779995384171,-0.320257835764,-0.275255770865,,,,,,,,,,,0.742119782399,,1.13153366847,,,,,,-1.2645859166,2.2894543101,,,,-0.433289406608,-4.22380592059,1.06604764765,,,,,,,,-2.33574684529,-1.58333512637,,,,,,1.62553119816,-0.462620728049
LEAN06B,"TP53I3",ENSG00000115129,7.722093,-1.05603863731,,-3.67415333257,,0.6770593952573548,-0.562722213601,-0.54467390202,,,,,,,,,,,1.63989878053,,0.278406139454,,,,,,-1.47799069622,2.2819570454,,,,-1.46210260514,-5.47943983098,0.71810938312,,,,,,,,-3.09478361039,-0.66637813972,,,,,,1.33416566841,-1.08771835302
LEAN06,"TP53I3",ENSG00000115129,8.794958,-1.07389166882,,-3.76675946311,,0.764008116106169,-0.731987175487,-0.568654883815,,,,,,,,,,,1.39887540267,,-0.0105015080803,,,,,,-1.38224113244,2.37441824872,,,,-1.47562761915,-5.67976709959,1.14455225538,,,,,,,,-3.1915323446,-0.569200861664,,,,,,1.54956310978,-1.14572700834
WEIG02,"TP53I3",ENSG00000115129,5.815138,0.756804021489,,-1.8435689471,,1.0866187141702655,-0.14848879068,0.0611491750205,,,,,,,,,,,0.161833171798,,0.822885393911,,,,,,-2.26507850096,1.96712992434,,,,-0.700144455412,-5.19444639452,1.22143766588,,,,,,,,-3.82414231039,-2.64220368195,,,,,,1.31132816159,-0.931676101731
WEIG03,"TP53I3",ENSG00000115129,4.859901,0.934055321953,,-1.82026956225,,1.0060756567229387,-0.294917377969,-0.224582072289,,,,,,,,,,,0.556414140837,,1.13855567427,,,,,,-2.23570026732,1.8890490941,,,,-0.772950127208,-4.98386596821,1.01723300016,,,,,,,,-3.63766257668,-2.25990834208,,,,,,1.20802286301,-1.1396586283
