code,target,ENSEMBL,association,Adipose_Subcutaneous,Adipose_Visceral_Omentum,Breast_Mammary_Tissue,Muscle_Skeletal,DGN_Whole_Blood,Whole_Blood,Artery_Aorta,Artery_Coronary,Artery_Tibial,Heart_Atrial_Appendage,Heart_Left_Ventricle,Spleen,Brain_Amygdala,Brain_Anterior_cingulate_cortex_BA24,Brain_Caudate_basal_ganglia,Brain_Nucleus_accumbens_basal_ganglia,Brain_Putamen_basal_ganglia,Brain_Cerebellar_Hemisphere,Brain_Cerebellum,Brain_Cortex,Brain_Frontal_Cortex_BA9,Brain_Hippocampus,Brain_Hypothalamus,Brain_Spinal_cord_cervical_c-1,Brain_Substantia_nigra,Nerve_Tibial,Cells_Transformed_fibroblasts,Cells_EBV-transformed_lymphocytes,Colon_Sigmoid,Colon_Transverse,Esophagus_Gastroesophageal_Junction,Esophagus_Mucosa,Esophagus_Muscularis,Liver,Minor_Salivary_Gland,Small_Intestine_Terminal_Ileum,Stomach,Adrenal_Gland,Pituitary,Pancreas,Thyroid,Lung,Ovary,Prostate,Testis,Uterus,Vagina,Skin_Not_Sun_Exposed_Suprapubic,Skin_Sun_Exposed_Lower_leg
BFPC02B,"MADD",ENSG00000110514,3.972977,2.73034249777,,,,4.552343890825914,,2.00313218614,,0.908240230223,4.10233317793,4.73543254486,4.22684356357,,,,,,5.02991222506,6.49826700637,,,,,4.59955907239,,3.15974651362,5.76195487593,,-0.350749067085,3.46004741068,0.107859414374,2.3640119419,4.40097982158,,,,5.42466932483,,4.31645576122,4.26209972452,2.34132065429,,,,4.46697995382,4.63129638026,,4.80222760743,4.35560891675
BFPC02M,"MADD",ENSG00000110514,2.814316,2.7898668007,,,,4.32481380655875,,1.86398559077,,1.26765715224,3.53931548284,3.88131848823,3.67131605244,,,,,,4.18768366248,5.56583639788,,,,,3.85620130894,,3.0106270717,5.24473628437,,-0.577272954104,2.86911967674,0.536411681339,2.31090501959,4.17476409938,,,,4.79623465339,,4.20861051203,3.79318118126,2.67701811781,,,,3.65143954733,4.71591014293,,4.74582839026,4.31232994174
BFPC02,"MADD",ENSG00000110514,3.806903,2.44496351971,,,,4.288110694079371,,1.89902145322,,0.706090050746,3.93453442741,4.63108590557,4.11489107506,,,,,,4.91588938044,6.29639952273,,,,,4.48331029664,,2.98669654036,5.50365532077,,-0.216133228073,3.39864426074,-0.0147082344586,2.18434662901,4.14764937827,,,,5.19689210112,,3.99262521027,4.06762121456,2.03659482675,,,,4.37317374295,4.2755968631,,4.44385199709,4.00248295176
BFPC03B,"MADD",ENSG00000110514,4.138740,2.66042251811,,,,4.557055515171004,,2.00034895078,,0.920547063673,4.01849080586,4.6997945985,4.29620799419,,,,,,4.98817392114,6.50718258356,,,,,4.64284352891,,3.13139870738,5.73732765429,,-0.40575518971,3.47310704145,0.178682924751,2.35855561788,4.45983174545,,,,5.45046990354,,4.37912040914,4.30280407841,2.25129207076,,,,4.36094497826,4.68260232424,,4.75008178076,4.25275530384
BFPC03M,"MADD",ENSG00000110514,2.964770,2.75057907485,,,,4.282840655286861,,1.81440796974,,1.23805829835,3.50247979163,3.82926602706,3.61853569253,,,,,,4.16526328251,5.55374354887,,,,,3.84351221947,,2.97345799333,5.16645555282,,-0.575217534695,2.82611139443,0.496083772284,2.26411414889,4.15047097866,,,,4.75087833022,,4.14223633162,3.76209120052,2.62209245532,,,,3.59334525535,4.66395868141,,4.70787936402,4.25590485096
BFPC03,"MADD",ENSG00000110514,3.927824,2.37118490299,,,,4.29985447810812,,1.9126249385,,0.734162248782,3.83433565089,4.5927976353,4.20668302861,,,,,,4.8585389535,6.2886246861,,,,,4.52657422457,,2.95886052283,5.48813010262,,-0.282685185676,3.4219176023,0.0879602981836,2.19334548041,4.22196155127,,,,5.23388657351,,4.0959455161,4.11817266782,1.94589757753,,,,4.2545160247,4.34843465602,,4.38834546993,3.88907262793
BFPC04B,"MADD",ENSG00000110514,13.650451,3.3306483196,,,,6.198004489444924,,1.91816432675,,0.871161447574,5.75113479033,6.78847214499,5.61299984262,,,,,,7.44150154529,9.02427527164,,,,,7.17115004352,,3.96443212482,7.88946371129,,-1.17954809224,4.3845485474,-0.201845775046,2.71483557861,6.01975045317,,,,7.64638621016,,4.89511462227,6.64172062231,2.52855916331,,,,6.09926000195,5.75993622104,,6.95918055122,5.59679984793
BFPC04F,"MADD",ENSG00000110514,3.174522,1.27037925768,,,,3.0769008230762207,,0.789846792575,,0.439815621851,2.75332901065,2.99465436166,3.84381140748,,,,,,3.74122622887,4.42304527582,,,,,4.0001568549,,1.69816381081,4.85878571364,,-0.0507080490246,2.26236088599,-0.0358914354791,1.05110960742,3.13514043728,,,,4.10669812767,,2.60815354387,2.63554108877,0.312265540774,,,,3.34142698473,3.30321423877,,2.18833010668,2.2995719353
BFPC04M,"MADD",ENSG00000110514,8.000848,3.5398502357,,,,5.980621334963669,,1.98823116999,,0.834465258089,5.63554894832,6.87221164453,4.5131931061,,,,,,7.1413556027,8.75772156499,,,,,6.54305727581,,4.05687934372,6.80836314455,,-1.59570344157,4.15664257757,-0.248387259858,2.87237346182,5.68262531797,,,,7.11193628988,,4.57217102616,6.9752530601,3.24642477797,,,,5.61848927276,5.1825416626,,7.79864340109,5.80985915076
BFPC04,"MADD",ENSG00000110514,10.121162,3.05065608763,,,,5.856111971081463,,1.78681532418,,0.859109473042,5.37116516583,6.28978434728,5.53907629708,,,,,,6.973609869,8.44890766741,,,,,6.80387923121,,3.73181903306,7.62113789346,,-0.892723323482,4.158073628,-0.140804129559,2.50206830361,5.72195396211,,,,7.27398214724,,4.63687531652,6.06696542345,2.19945600993,,,,5.80407188504,5.50296345308,,6.25595448891,5.1383338797
BLOO05,"MADD",ENSG00000110514,8.637141,-0.170944494795,,,,-0.4937850424275162,,1.00394855633,,2.63986367021,-4.24776524379,-2.09918155757,-0.798267080085,,,,,,-4.21943756685,-4.11725264436,,,,,-1.51112700895,,0.374743109668,-2.50102324616,,1.04410425657,0.00678183775797,2.98523754573,1.75759646214,0.1104796751,,,,-0.0907699981094,,-0.0567540970777,-0.660342774731,-0.854368071811,,,,-3.11798308167,-1.32772174961,,-1.79631727302,-2.2312861256
BLOO11,"MADD",ENSG00000110514,12.400215,1.81128870776,,,,1.416811453053694,,-0.0997818832799,,-2.17156852884,6.03206353433,5.02028733489,-1.05681224252,,,,,,5.69950288325,5.43179410948,,,,,5.24802409373,,1.02797797263,1.96592202848,,-4.8522097312,0.847376626476,-2.61714476867,-0.249548970623,-1.07870236806,,,,1.02855102445,,0.690192985504,3.55499603309,4.83045524771,,,,3.50528510576,-1.69355921285,,1.4589217927,3.8512270663
BLOO19,"MADD",ENSG00000110514,6.110732,-0.120883362329,,,,0.9981874507570443,,-0.926588707416,,-1.84997854462,4.06596980926,3.45713116845,1.06272036994,,,,,,4.96508051141,4.31542993814,,,,,4.29852393778,,-0.117039141804,2.59599490318,,-3.91405852283,-0.0838913423032,-1.92270311115,-1.13294100486,-0.084136965495,,,,0.509654527463,,1.54997868829,2.05343478586,0.543916051865,,,,2.42313467787,1.01127554194,,1.36605131048,1.84290222853
BLOO23,"MADD",ENSG00000110514,2.444410,-0.862760978114,,,,-2.5949975936018497,,-2.43470723771,,-1.35585399391,-0.777634481597,-1.18787607944,-4.37964244539,,,,,,-2.13346681985,-3.42732618276,,,,,-1.65038014016,,-1.74773478015,-4.17026307032,,1.72781423905,-3.48137446233,-3.01193597712,-2.28452795938,-4.01120798108,,,,-3.70014879464,,-5.05925235458,-3.19947548711,-1.74256091632,,,,-2.41432634905,-3.61369665681,,-3.65597586482,-2.12687394389
BLOO24,"MADD",ENSG00000110514,10.034352,2.07270792795,,,,0.9468547038762294,,0.245450757423,,-2.12667876219,4.76197293167,2.68781842824,-1.17763173395,,,,,,3.61759575763,3.73716148243,,,,,1.67007532502,,0.700026068954,1.41885593793,,-1.19064733897,0.896388209376,-2.73202306701,-0.431967187312,-0.765093557829,,,,0.306447960245,,-0.832542108473,1.6839182605,4.45427105665,,,,3.27658915531,-0.929384296784,,1.55008881924,3.46433329921
BLOO28,"MADD",ENSG00000110514,11.743018,-0.636419908861,,,,-1.3531558993485853,,1.06151749747,,2.93543429541,-6.36099155658,-4.64982205956,-0.464401961543,,,,,,-6.81815044129,-6.2108847051,,,,,-5.27252843031,,0.0021098888637,-3.24182031225,,4.8443640758,-0.102919392093,3.2958836997,1.54312642283,0.495821279109,,,,-0.650292548657,,-1.24840361281,-2.85312287969,-2.19645044474,,,,-3.81119646814,-0.595976063475,,-2.16147709193,-3.32396098246
BODY03,"MADD",ENSG00000110514,8.128036,2.40929015516,,,,2.991188938754852,,0.827538631425,,-0.941060509194,4.344426647,4.73884943149,4.06272750468,,,,,,6.40207531365,6.5116328507,,,,,5.91992009436,,0.435829237097,5.18787218239,,-1.4141644875,2.12214037525,-1.98011784723,1.0996807089,2.6506115806,,,,4.39858946027,,3.27094713031,2.86254313438,2.14789801157,,,,3.84212028637,5.5350783693,,4.82603856605,4.8603166033
BODY04F,"MADD",ENSG00000110514,4.392095,0.517852886845,,,,0.6783990378805671,,-0.0852280651582,,-1.62837855474,2.43704977128,3.64025606448,2.71232476707,,,,,,4.21980722073,4.75983970615,,,,,4.29415278864,,0.128624788001,3.05743814856,,-1.49292589228,1.28931799708,-1.57397955879,-0.00603697356652,1.53592058157,,,,2.74333515809,,2.82041017142,1.60452331364,0.387938973678,,,,2.28881792294,3.93479157029,,2.44630770919,2.148516452
BODY04M,"MADD",ENSG00000110514,6.287754,3.42999294177,,,,3.453012419287238,,1.93746279456,,0.0613957164217,4.45980517742,4.64392446589,3.87055244555,,,,,,5.55157034147,5.25044140364,,,,,5.47460661267,,1.24484644016,5.00286304075,,-0.662861853737,2.46327011711,-1.12436462193,2.12580148745,2.82873120881,,,,4.30952052191,,3.317442349,3.36754552943,3.47257136708,,,,3.75492264024,5.00294357868,,4.87335559279,5.29983242642
BODY04,"MADD",ENSG00000110514,8.621511,2.70037798116,,,,3.11890515998167,,1.12625535661,,-0.772818260836,4.60869602571,5.2196239355,4.43447774498,,,,,,6.51373715989,6.73788488535,,,,,6.41493728199,,0.580132111009,5.53347964956,,-1.53613520442,2.41088487313,-1.65935548135,1.3310330827,2.99178033828,,,,4.81287943625,,4.10023590966,3.25250305847,2.40700583182,,,,4.03750668223,5.92625575339,,4.96690308228,5.01491686724
BODY06B,"MADD",ENSG00000110514,3.063104,2.78400782751,,,,3.4628031566935995,,2.15737095654,,1.11286043531,3.83536608218,3.55075931035,3.42956714747,,,,,,4.19331913227,5.44890042381,,,,,3.51769785254,,2.46001917693,4.96744452014,,0.296086654985,2.69553353912,0.0172130158449,2.05025717422,3.6906503619,,,,4.68555810956,,4.04210628462,2.96310482462,1.46049089604,,,,3.48956894797,3.75778826049,,4.77190892765,4.03195259277
BODY06,"MADD",ENSG00000110514,3.153279,2.61210665905,,,,3.4078575765910206,,2.08799817928,,0.853090662046,3.84895731382,3.62456918824,3.41168413301,,,,,,4.35750875094,5.58736929782,,,,,3.57316871722,,2.38037691314,4.83814135568,,0.320430493025,2.73116434619,-0.146961587589,1.95134482208,3.52747719937,,,,4.67938509955,,3.73586568553,2.93489105972,1.27846371555,,,,3.56423199562,3.57566229944,,4.6113473399,3.88130492895
BODY07B,"MADD",ENSG00000110514,3.130616,2.70887081422,,,,3.459824537152618,,2.14201621164,,1.06980691082,3.8115366442,3.5202983077,3.44380894414,,,,,,4.20640474325,5.48792281788,,,,,3.51540267342,,2.42481566377,4.92914414918,,0.261688724033,2.70093347915,0.0418766572335,2.01492871651,3.72259144571,,,,4.70254995353,,4.0705297961,2.99337043115,1.40573485465,,,,3.40555360641,3.78352829426,,4.74448387808,3.94317876272
BODY07,"MADD",ENSG00000110514,3.059185,2.53326713023,,,,3.4199601601992073,,2.08921991671,,0.828626738539,3.82425669207,3.60752153218,3.44988696514,,,,,,4.36714231944,5.62074557142,,,,,3.57193227013,,2.36758898061,4.81686629184,,0.282763384833,2.75803121059,-0.0861922903833,1.93450476623,3.58165047613,,,,4.72235223098,,3.81391290168,2.99521820167,1.24241288037,,,,3.48470014427,3.61234322408,,4.590288773,3.78812342383
BODY08B,"MADD",ENSG00000110514,7.534335,4.08185010168,,,,5.34975235762249,,2.68604181444,,1.49802732889,5.688769391,5.76941422021,4.53406606265,,,,,,6.44423583168,7.99504417398,,,,,6.08240287615,,3.55652019172,6.79162961084,,0.279121716603,3.78469171354,-0.40188426219,2.85283989092,5.01428212896,,,,6.32274751432,,4.17617024843,4.81008168124,2.36194137543,,,,5.08552633072,4.69905467486,,6.77350047716,5.91509459385
BODY08M,"MADD",ENSG00000110514,5.717673,3.5234278796,,,,4.544901979463204,,2.29682112723,,1.60212783809,4.86417316938,5.3884307355,3.62902071686,,,,,,5.3897244292,7.00965327342,,,,,5.37293914952,,3.32466960442,5.56767009991,,-0.0793932158294,3.32272769505,-0.225973016608,2.68952391022,4.76952645737,,,,5.58403854367,,3.99105655736,4.88178763064,2.34593774629,,,,3.94653046455,4.21960320542,,6.50078748394,5.07391443212
BODY08,"MADD",ENSG00000110514,7.505971,3.8524524713,,,,5.131397155875589,,2.52520904652,,1.31671629519,5.48596404665,5.41087434326,4.44338535583,,,,,,6.25850923046,7.6906743773,,,,,5.80127853762,,3.35066844337,6.57327664298,,0.374548313948,3.58813881666,-0.434304846457,2.61888785203,4.67646288182,,,,6.03804104808,,3.89660270954,4.36468317952,2.17173260083,,,,4.99217946638,4.45386807688,,6.25897237946,5.61465856911
CHKD01,"MADD",ENSG00000110514,4.811662,-3.45228941651,,,,-1.1562935931863965,,-3.54035346224,,-4.06801884547,1.86668783595,1.9188484282,-2.0786448999,,,,,,2.25825671948,0.523556090551,,,,,0.581918570803,,-1.81386270068,-1.14290069445,,-2.20205513503,-1.76475556409,-3.26575188789,-3.5664349069,-3.69241916075,,,,-2.4206565016,,-4.24860770312,-1.11259692729,-0.192346167961,,,,1.82300445432,-4.89495865786,,-2.12611791881,-1.59736447891
CHOL01,"MADD",ENSG00000110514,5.815848,0.498629553123,,,,0.36221081098037405,,1.92008690561,,3.33218905824,-2.90507588571,-2.09467822711,0.0978049208966,,,,,,-3.57402866678,-2.91618089682,,,,,-2.35994671724,,1.7789302667,-0.933405674652,,4.20173280369,0.925976137421,3.34381208678,2.22687980471,1.71467004655,,,,0.436899394153,,0.665482900778,-0.0312014685712,0.806268924355,,,,-0.805463630702,-0.276532386665,,1.04839946361,-1.11011321549
CHOL06,"MADD",ENSG00000110514,6.602825,0.223736314435,,,,-0.6245302838977895,,-1.6649010763,,-3.94158136101,2.82071182535,1.7574109806,-1.04586244144,,,,,,3.20094160109,1.51900053847,,,,,1.57218506294,,-2.31364597633,1.10218077242,,-3.32902015209,-1.43420181848,-4.41293036493,-2.78384590458,-2.51864084274,,,,-1.34928220228,,-2.12480087235,-1.06395769256,-0.587752010691,,,,1.13711833817,0.0857175813543,,-0.970929497685,1.30404861109
CHOL22,"MADD",ENSG00000110514,17.682292,-0.747770634945,,,,-2.271747787673719,,2.23671931647,,4.25685693122,-8.57669521047,-8.33498690126,-0.220932259551,,,,,,-8.74281045368,-7.81880244527,,,,,-7.56162418021,,0.106358356116,-2.4339086777,,5.49630235738,0.446034213091,5.55899289408,1.94828795733,1.72711392884,,,,-1.74643686303,,-0.694649221874,-2.64744912165,-3.27836003639,,,,-4.29792168936,-1.29184970726,,-2.25433138557,-3.73104110866
CHOL26,"MADD",ENSG00000110514,5.676686,0.750765768423,,,,1.0014276353955183,,-0.910429698685,,-3.29957085003,3.10226589349,2.22449894603,0.0866426218437,,,,,,3.44107209405,2.30336699396,,,,,2.12267036915,,-1.35132611678,2.42020916244,,-3.15941302517,-0.216395315914,-3.93068917901,-1.82434378594,-1.13994888052,,,,0.293201458828,,-1.32369892172,-0.185528299847,0.227384895351,,,,1.97523869657,1.00888710429,,-0.172831056739,2.34966271517
CHOL31,"MADD",ENSG00000110514,6.414066,0.581457727604,,,,-0.18407676424866004,,-1.58446262113,,-3.77411448432,3.31809921005,1.9642202569,-0.760450671139,,,,,,3.44215508362,1.82351159851,,,,,2.06303089639,,-2.08245027576,1.57971677451,,-3.44951138746,-1.15550206986,-4.31169543136,-2.55750706731,-2.20939518977,,,,-0.889019477365,,-1.96774006877,-0.933484419996,-0.150091071345,,,,1.64537277508,0.411353521035,,-0.841058062222,1.66133752494
FATM02B,"MADD",ENSG00000110514,3.353204,3.31166711679,,,,4.48587027253993,,2.71203503937,,1.33947004713,3.8486566199,3.89520857513,3.6938967626,,,,,,4.12750725242,5.52793971823,,,,,3.17439735962,,3.09111009592,5.58289862252,,1.08480608548,3.34952284141,0.224076199555,2.61758479582,4.0606142133,,,,4.92813802881,,3.94852979192,3.19767802156,2.30202938532,,,,4.20974744731,4.13800532096,,5.24235393414,4.78295901426
FATM02M,"MADD",ENSG00000110514,3.078943,2.86930214066,,,,3.852583166107876,,2.04165543748,,1.32873083016,3.33156738086,3.17829008358,3.1018468981,,,,,,3.42058040818,4.65627094269,,,,,2.87276580921,,2.64975739249,4.90726561934,,0.122259370022,2.49029682239,0.469500344782,2.11071604437,3.53688873776,,,,4.11230506512,,3.92799672303,2.78008113831,2.40821531481,,,,3.15276713657,4.17781214647,,4.6379924023,4.32426939834
FATM02,"MADD",ENSG00000110514,3.068085,3.08345422481,,,,4.294434421503229,,2.6578002274,,1.18222104751,3.66096586953,3.78560791209,3.59930381925,,,,,,4.03196624031,5.35647248558,,,,,3.01982248142,,2.96268706892,5.32641003408,,1.31089108275,3.32284004309,0.122338284804,2.5057364788,3.87866277767,,,,4.7584624189,,3.59065365125,3.03715686603,2.0102191428,,,,4.16389451638,3.80116015756,,4.96437688314,4.46390613899
FATM03B,"MADD",ENSG00000110514,3.123234,3.23382387458,,,,4.503583535738418,,2.7254093714,,1.36115283552,3.74342333512,3.82700744353,3.76235187435,,,,,,4.06187927437,5.51793862988,,,,,3.13614168975,,3.07910857283,5.54852882958,,1.08890894785,3.3803160198,0.328121461879,2.62633648439,4.1337259205,,,,4.96179061911,,4.00102781186,3.24374740673,2.2146952071,,,,4.12687036579,4.14737957459,,5.2121486497,4.68089350183
FATM03M,"MADD",ENSG00000110514,2.813750,2.81524257214,,,,3.790505861505728,,1.97674089663,,1.27205174729,3.2838541688,3.10480231933,3.02366522129,,,,,,3.39953113987,4.63735553472,,,,,2.84268512724,,2.57442322003,4.80064417714,,0.103466845366,2.42334804406,0.403265422539,2.04460292144,3.48340718825,,,,4.03109086321,,3.83857722357,2.72287720064,2.32095224541,,,,3.07587721525,4.10926738566,,4.58407232674,4.26367038034
FATM03,"MADD",ENSG00000110514,2.684681,3.00425645422,,,,4.3286932931063475,,2.6948989399,,1.23078068194,3.54057409746,3.71629603669,3.70041502258,,,,,,3.94778302353,5.32976772021,,,,,2.9726067462,,2.96811458385,5.31092640447,,1.31992836061,3.37558235161,0.275323437033,2.53788922703,3.98093111831,,,,4.81943811877,,3.69415719226,3.1052679596,1.93490002496,,,,4.08032285003,3.8304142111,,4.94203932005,4.35378009193
FATM04B,"MADD",ENSG00000110514,5.903611,4.26555474418,,,,6.249114993506569,,3.21284126323,,1.93614389462,4.96374907269,5.53318036426,4.90208478079,,,,,,5.79341424456,7.50335847572,,,,,5.1296213623,,4.18699245388,7.23240107658,,1.40940873529,4.4289968586,0.219772481619,3.4474742242,5.67406046406,,,,6.764087465,,4.07390887025,5.11257519505,2.55959803046,,,,5.54080477001,4.7758212262,,7.09481824734,6.09720701388
FATM04M,"MADD",ENSG00000110514,6.195683,3.98168734507,,,,5.887994423955414,,2.80692982999,,1.53601486225,5.20365244399,6.03732838891,4.0794312647,,,,,,5.93096797198,7.67735614035,,,,,5.36932484713,,4.06040546381,6.40256012784,,0.207296006792,4.10782428541,-0.0358746062709,3.22377853417,5.34156605891,,,,6.32702273052,,3.91348687895,5.7708796648,3.11892211504,,,,5.01746970261,4.45724810298,,7.49972252873,6.01299893332
FATM04,"MADD",ENSG00000110514,4.553634,4.01440080412,,,,5.895426921581071,,3.07672481049,,1.9181455587,4.53249626156,4.98099658161,4.77968068591,,,,,,5.31574304509,6.89522537528,,,,,4.6600795778,,3.95323750511,6.90967469059,,1.71767812508,4.18515231851,0.290093394349,3.24614789978,5.35813070563,,,,6.39171710877,,3.79246787357,4.51288432038,2.23028383191,,,,5.27032401302,4.48465944516,,6.44031140587,5.63957056948
GLYC03,"MADD",ENSG00000110514,32.486956,8.5128545447,,,,9.23469732283313,,9.73921109756,,9.57969026206,1.72038209679,4.76180452823,8.97210588426,,,,,,1.2509880319,6.25520293798,,,,,3.66758861684,,9.62483476812,8.59703254571,,4.79653693876,10.0302649232,6.61330582377,12.3745331127,13.0971483854,,,,11.1991516408,,9.66321382218,8.88589931474,6.98769571134,,,,6.98096907822,5.38104177,,11.5859111511,9.66345322318
GLYC04,"MADD",ENSG00000110514,9.132114,4.01694962944,,,,3.3653973061348945,,4.52433221284,,5.69644137555,-2.24626904128,-0.481447861867,3.7581289624,,,,,,-2.59173587699,-0.652100596671,,,,,-0.771578211924,,4.88939222092,3.13901499807,,4.37911653189,3.24297537887,4.24674699564,5.14511806505,5.02817596741,,,,2.48333459129,,3.6325189677,2.08076620288,2.09925921193,,,,1.86342639803,2.29708629087,,3.96501826982,2.3316961035
GLYC19F,"MADD",ENSG00000110514,10.244666,4.11833612475,,,,4.479461123321464,,5.20501591695,,5.6869315026,-2.65735988347,0.0160583286159,4.59888921473,,,,,,-1.68934875409,0.206185079632,,,,,-0.970144094744,,4.13020216608,3.88658391497,,3.25742516395,4.86713905688,6.14452502715,6.07463537631,6.09131098804,,,,4.7872663644,,5.1447792993,3.85794778376,1.84558221962,,,,1.56801606399,3.4490428265,,4.43453870914,2.71113005737
GLYC19M,"MADD",ENSG00000110514,7.766572,2.89705323007,,,,3.893031087957877,,5.18046673717,,5.27780088184,-2.36469449597,0.103254987599,5.56081853014,,,,,,-2.13717205437,0.553743394465,,,,,-1.04285690863,,4.56358583635,3.75760370038,,3.00035242102,4.94038282288,5.76297002376,5.88362424953,6.02209278998,,,,5.20592605692,,5.26169281135,3.37941939952,2.66450137845,,,,1.95627647285,2.7736231989,,3.60202143101,2.06579342251
GLYC19,"MADD",ENSG00000110514,15.181260,4.99022083405,,,,5.9181509352975095,,7.33771879694,,7.75821559203,-3.5534340634,0.0742414062726,7.16282215524,,,,,,-2.69114479594,0.536285447768,,,,,-1.42353894883,,6.13283143963,5.40397594047,,4.43225017134,6.92892413563,8.43934691028,8.454526656,8.55437407236,,,,7.05953324337,,7.35262115758,5.13174975636,3.18135684824,,,,2.48332039336,4.42180295114,,5.69428638879,3.38271406
GLYC35,"MADD",ENSG00000110514,11.116083,2.7726347026,,,,3.728676675667692,,4.18930304781,,5.74330642626,-3.67274081227,-1.12395080086,6.1821469192,,,,,,-3.24152834818,-0.0174240591297,,,,,-1.18616895347,,5.38531721421,2.44337417319,,4.47404517989,3.83456898535,5.13359285849,6.35763069155,5.90682392113,,,,4.66645259862,,4.83208048199,3.20970502222,1.77995977703,,,,2.57112112049,2.71544606626,,4.10584745872,2.12026442902
HEIG02,"MADD",ENSG00000110514,5.617749,1.62829472855,,,,2.506624503200365,,3.54297940885,,3.68727101486,-2.4987882039,-1.98277344853,3.24305700437,,,,,,-2.79121659549,-0.900073340263,,,,,-3.90601274652,,3.78036673434,1.16924008658,,5.35388045358,3.00276571251,3.93704269605,3.72031941461,3.48148439549,,,,2.39890374785,,1.05046083514,0.69839664258,1.19049395558,,,,2.3653760007,1.43158193938,,3.08598521897,1.73986460398
HEIG03,"MADD",ENSG00000110514,7.977695,1.91152243509,,,,2.2135335095346917,,3.89182085891,,3.78682893141,-3.86305059984,-3.68786610929,0.963115819311,,,,,,-4.85291423633,-3.37679833803,,,,,-6.03794537762,,2.15200112029,-0.171597072682,,6.51827986905,1.92433481462,3.32031568108,3.31454731055,2.2526970963,,,,0.633393772664,,0.751901846295,-2.25789911631,0.032571600839,,,,0.420978383239,1.70166161523,,1.56957460629,0.519109337902
HIPC01,"MADD",ENSG00000110514,3.535153,3.33269226967,,,,2.387859505806389,,2.34356875552,,1.2070728744,2.8081753954,2.87776089646,2.87254520474,,,,,,3.11622675132,3.263766306,,,,,4.08979849284,,0.550535303315,3.79922286771,,1.09615777528,1.70258781077,0.00622155816334,2.18510610992,2.57941981713,,,,3.52056376182,,3.46330298752,0.777294799032,2.10294454626,,,,1.84739116422,5.21385601882,,3.64569127539,3.59650226385
HIPC02,"MADD",ENSG00000110514,3.993192,3.05249776036,,,,2.2889384490900255,,2.14617362937,,0.939168264467,2.72621048402,2.68642999044,2.74645240511,,,,,,3.30224998252,3.33256112054,,,,,3.88298518171,,0.367015986152,3.70607063834,,1.02532561473,1.62800622195,-0.386791186896,2.00885799246,2.38822776544,,,,3.34480686731,,2.99091758998,0.657995981147,1.86101832423,,,,1.7800940932,5.01116153469,,3.56647352878,3.5867811593
INTE02,"MADD",ENSG00000110514,2.198569,-1.60581725909,,,,-2.7829733743325,,-0.357137099457,,0.537618788886,-3.73158531661,-3.68791229371,-2.37394961236,,,,,,-4.00308554006,-5.04065603722,,,,,-3.65319870835,,-1.75347843559,-2.5835286678,,2.05843503205,-1.92332821042,0.530647576035,-1.17108629655,-1.83283526188,,,,-2.45703974266,,-0.886042131133,-3.84615253008,-1.80280162453,,,,-2.89963817943,-0.745792507903,,-2.94398949545,-4.00139690216
LEAN04B,"MADD",ENSG00000110514,4.881471,3.84818759999,,,,3.014257758580985,,4.36464103361,,3.15551663227,0.0443807855092,-0.458835606186,1.33126936228,,,,,,-1.23329403392,-0.167679977706,,,,,-2.374143842,,2.32115155352,2.45607464723,,5.20716544288,2.34423195751,1.59880377874,3.27775225874,2.3560522746,,,,1.81933175797,,1.86246978379,-0.411092105785,1.22951921258,,,,2.09840268727,0.482753768967,,3.69747032274,3.46744125202
LEAN04F,"MADD",ENSG00000110514,2.928670,3.4974612482,,,,3.1271012463995613,,4.47821813608,,3.30858946034,-0.521421990015,-0.266021565904,1.73215365206,,,,,,-1.28966781974,-0.223636905792,,,,,-2.27813657203,,2.62946022641,2.24020848118,,5.52766563826,2.8234623975,1.98289035163,3.65814055602,2.76016742882,,,,2.12236719551,,1.64281522751,-0.0516952366648,1.1277991621,,,,2.35126038091,0.474585251301,,3.38741418486,2.78408221304
LEAN05B,"MADD",ENSG00000110514,5.299668,3.8381007366,,,,3.2341158234412997,,4.55527326974,,3.30536700465,-0.0564061484732,-0.512852205994,1.53460912815,,,,,,-1.33169548278,-0.203039259551,,,,,-2.5646803441,,2.50961884719,2.59719168018,,5.43182897568,2.56571768431,1.91428261023,3.4566915479,2.60297227614,,,,2.06049766406,,2.01618234934,-0.28439637575,1.32397000496,,,,2.22489306112,0.560486060537,,3.85653700132,3.47940731858
LEAN05F,"MADD",ENSG00000110514,3.136053,3.53551607913,,,,3.4456818545198846,,4.76672126927,,3.55236369624,-0.597062275306,-0.272023123683,2.04100325495,,,,,,-1.40426830308,-0.253770719196,,,,,-2.46968201913,,2.94099921376,2.49290701403,,5.83473190282,3.15148382978,2.42950665657,3.93097867566,3.11923461841,,,,2.49468388504,,1.90319148898,0.159048401878,1.33230386833,,,,2.55930156706,0.616823325088,,3.62308297697,2.83288900156
LEAN06B,"MADD",ENSG00000110514,11.401363,4.74518573315,,,,4.2594278934396765,,5.28198338628,,4.45064681918,-0.480253863571,-0.490882362913,1.9434459243,,,,,,-1.78109172895,-0.165576789304,,,,,-2.69657117224,,3.55912217135,2.75982187118,,7.33341751566,3.23771043886,2.23023165605,4.49286251711,3.27246277227,,,,2.09510197681,,1.28291056528,-0.396620496075,1.57065795075,,,,2.52056732101,0.38924584364,,3.90651380229,4.61108073275
LEAN06F,"MADD",ENSG00000110514,8.041517,4.00613235385,,,,3.4699799500051065,,4.7263516251,,3.94388148816,-1.25398790891,-1.08367681418,1.68649396979,,,,,,-2.10044102053,-1.01138283562,,,,,-3.19369069055,,3.07652015305,2.12603488543,,6.4270814587,2.87050919924,2.36389975904,4.04891208741,2.6927853363,,,,1.63678954298,,1.08229745418,-0.828990364123,1.27797969258,,,,2.31754850755,0.313354971347,,2.80646054846,3.47356871909
LEAN06,"MADD",ENSG00000110514,10.366926,4.36318904389,,,,4.031061409015783,,4.66607705498,,3.91949728956,0.233750967557,0.0223475098295,1.76945794739,,,,,,-1.13527342572,0.572230202289,,,,,-1.81838392786,,3.21184221032,2.72344578789,,6.60358985193,2.88350058659,1.67121666233,3.92963307108,3.03734194143,,,,2.04899318459,,1.19954748413,-0.0521494470221,1.49638188979,,,,2.25046404208,0.351944855236,,3.9335849543,4.56664828091
LIPI01,"MADD",ENSG00000110514,6.367259,0.661153142838,,,,1.347211745200108,,-0.849381313354,,-3.67726773846,3.30938212516,2.73633685694,-0.251702810098,,,,,,4.01399782117,3.00723003054,,,,,2.37270372324,,-1.25224721759,2.31014245225,,-2.99422253426,-0.0291286086393,-4.37467407427,-1.81591579282,-1.00225817557,,,,0.29671455735,,-1.4343691971,0.211076578235,0.233927635675,,,,2.15827725342,0.530474038337,,0.270080035586,2.63990174361
LIPI03,"MADD",ENSG00000110514,5.872053,0.198241873247,,,,0.005103860018537576,,1.64981380349,,3.40777481583,-3.23744671155,-2.05256785589,-0.0460004705245,,,,,,-3.81854529872,-3.24344016185,,,,,-2.23053521517,,1.62689080176,-1.38211730544,,3.82542555885,0.674217978966,3.4215568756,2.16752924747,1.58888367063,,,,0.344362015012,,0.705371054408,-0.0728177782691,0.547612787916,,,,-1.25847508922,-0.176383900779,,0.562675715458,-1.65419891205
LIPI10,"MADD",ENSG00000110514,7.349178,-0.191899267789,,,,-1.037298319583835,,-2.21911185291,,-4.26697206166,2.70654174337,1.6495635371,-1.10564216771,,,,,,3.24162274041,1.49248004353,,,,,1.62360298289,,-2.77341391758,0.78346911189,,-3.86780798446,-1.79804050793,-4.54471964494,-3.12361964283,-2.77436533287,,,,-1.43130834299,,-2.29973796725,-1.16797931142,-1.14865405337,,,,0.726582381384,0.144230870349,,-1.38984103194,0.893680625779
LIPI12,"MADD",ENSG00000110514,5.942676,0.377185786095,,,,1.164257972872166,,-0.799645227833,,-3.58748207097,2.9339745406,2.20806709475,0.167188528818,,,,,,3.49603933772,2.57444656302,,,,,1.77412239618,,-1.2770695557,2.37293591157,,-2.57390285492,-0.00720128693084,-4.06440220711,-1.90568586706,-0.909959967581,,,,0.228168046104,,-1.85248808316,-0.231809957029,-0.0259555898459,,,,1.99617295828,0.652409903098,,-0.1529801224,2.26770357345
LIPI14,"MADD",ENSG00000110514,6.603888,0.235239805013,,,,0.18392571081582756,,-1.39836958655,,-4.02680326581,3.05252034525,1.99247937848,-0.0305532358335,,,,,,3.53956610696,2.13507680034,,,,,1.80174703569,,-1.82498381232,2.0935554049,,-2.93888716051,-0.827727773852,-4.16207935141,-2.76406305869,-1.84515767429,,,,-0.716390748492,,-1.94250250265,-0.845192488909,-0.36237685965,,,,1.92092043826,0.132658150011,,-0.709583104561,1.81189066902
LIPO02,"MADD",ENSG00000110514,5.789548,0.0779231420152,,,,-0.11632426090052965,,1.50125516798,,3.34768312589,-3.32743062242,-2.05256500102,-0.111697365195,,,,,,-3.87067128515,-3.33207350388,,,,,-2.20032275991,,1.53678160987,-1.50308486337,,3.67961304482,0.559830398401,3.38217642309,2.06471471551,1.481794227,,,,0.274311467579,,0.672574877341,-0.10950340499,0.419596592583,,,,-1.35742416283,-0.223334714834,,0.394826104293,-1.81381177187
LIPO07,"MADD",ENSG00000110514,7.944622,0.581138542621,,,,0.5147645198645151,,-1.32539957821,,-4.0386279168,3.61581318169,2.51882351825,-0.00392609470423,,,,,,4.13766564505,2.86496768777,,,,,2.52835703775,,-1.76958926424,2.37718677467,,-3.09109625923,-0.615500353828,-4.22326518109,-2.49441682251,-1.66890198336,,,,-0.615825811851,,-1.25567854855,-0.516420693183,-0.00126659625886,,,,1.75327029512,0.453534334175,,-0.469254217181,2.37790360104
LIPO11,"MADD",ENSG00000110514,7.451746,-0.132634796857,,,,-0.8204764054879468,,-2.19722484257,,-4.42180338319,2.84496111002,1.74870169401,-0.962072693484,,,,,,3.46083948139,1.73391005869,,,,,1.72354947318,,-2.7103027544,1.03779694761,,-3.8788043298,-1.68482537163,-4.65369975689,-3.1890844071,-2.6910142054,,,,-1.32414470678,,-2.27096077826,-1.10337402222,-1.1012528653,,,,0.999116238811,0.137245121452,,-1.25937263262,1.12116084236
LIPO16,"MADD",ENSG00000110514,7.325111,0.883158782638,,,,1.1151772685175094,,-0.915200007192,,-3.73723274823,3.23009095496,1.56418835614,0.312421460346,,,,,,3.53634615118,2.82254181482,,,,,1.55665790673,,-1.19781870015,2.65938199322,,-1.73393404104,-0.37951167048,-4.15597224284,-2.40266239793,-1.16077880564,,,,-0.385014616603,,-1.75266195966,-1.09916304414,0.0240631558924,,,,2.18327551102,0.244019168576,,0.118049243579,2.55406970957
MENA02F,"MADD",ENSG00000110514,5.360783,-5.1185731145,,,,-4.815074430942564,,-4.34436523686,,-3.68277036495,-3.24077709802,-4.97631956479,-2.55563884737,,,,,,-2.71639847252,-4.58727447049,,,,,-3.38953572009,,-4.99719999197,-4.57324475064,,-1.35809051813,-3.98393188029,-1.89463378206,-3.7684910777,-4.33068564722,,,,-4.85619978367,,-3.56961183937,-5.04373972844,-4.31393471499,,,,-3.22495927074,-2.49863496319,,-4.95647990876,-4.02093757185
OSTE04,"MADD",ENSG00000110514,12.271232,0.524769232416,,,,0.8249452951077559,,0.73605798842,,2.62884794944,-5.24166002612,-3.17328887563,0.273034074553,,,,,,-2.5625365605,-2.24144658252,,,,,-3.44598912089,,0.848049106712,-0.782067113736,,1.81150759457,0.328750577902,3.65243974028,1.07707206077,2.04577857586,,,,-0.725422157456,,-1.57125709318,1.39516965851,-2.36757765394,,,,-2.56796834806,-0.847898406646,,2.57301957737,0.578301991493
PHLI03,"MADD",ENSG00000110514,7.109613,1.20830740943,,,,2.111199318732292,,-0.150105548505,,-3.31568468459,3.58181563955,3.09839280287,0.304781086809,,,,,,4.20765211324,3.37607830933,,,,,2.66650511766,,-0.572920745687,2.88487914778,,-2.6998107057,0.59251208913,-3.67082347786,-1.23304568029,-0.522769566327,,,,0.924520085411,,-1.0891571983,0.55780790846,1.05415895367,,,,2.85190683958,0.699488304184,,0.619493057009,3.20591035519
PHLI11,"MADD",ENSG00000110514,6.671967,-0.0916328446664,,,,-1.1936221833736702,,-2.44575812714,,-4.06532683021,2.99085169883,1.72745237339,-1.34601862192,,,,,,3.22293566412,1.35878533603,,,,,2.08528598059,,-2.84142677806,0.664179516812,,-4.21469893152,-1.91948696066,-4.49211175447,-3.03630977746,-2.87230874661,,,,-1.29076871402,,-2.15545237881,-1.21862657372,-0.934475348045,,,,0.677186873785,0.483965055343,,-1.62851009009,0.652722678053
TRGL01,"MADD",ENSG00000110514,5.872701,0.247538959308,,,,-0.01706334574327947,,-1.5005459578,,-3.75184727342,2.65415557648,1.77017632073,-0.347942941255,,,,,,3.31783438611,1.82792524212,,,,,1.81441297433,,-2.00742041241,1.63679469082,,-3.20567755115,-0.963988789737,-3.96601651121,-2.40369512517,-1.79461562102,,,,-0.371199545973,,-1.59899369329,-0.767866156455,-0.665758628265,,,,1.75637034965,0.562798180021,,-0.741786576371,1.65781695792
TRGL04,"MADD",ENSG00000110514,6.465314,0.788028251669,,,,1.116016250072271,,-0.5794162164,,-3.44151488711,3.27716134446,2.62549466085,-0.149491037638,,,,,,3.82104967086,2.60322751337,,,,,2.22274683105,,-1.10755209255,2.19640410122,,-2.49920558283,-0.108756366983,-4.00301024374,-1.6537755658,-1.16354327741,,,,0.435053233545,,-1.21678358067,-0.189883311743,0.307790008023,,,,2.40289489975,0.284973277187,,0.120673938906,2.53203498884
TRGL09,"MADD",ENSG00000110514,7.310150,0.331756484985,,,,-0.018876224394053766,,-1.71096938405,,-4.09728447841,3.21193160121,1.92334532485,-0.405040933508,,,,,,3.68648247834,2.04295334949,,,,,1.98216441188,,-2.17587932132,1.82363580823,,-3.46056565117,-1.10261404382,-4.27293694889,-2.72349456291,-2.11102160038,,,,-0.707634088903,,-1.86935159826,-0.781271954093,-0.564688951704,,,,1.77802854072,0.557394975362,,-0.640505591698,1.88590768564
TRGL11,"MADD",ENSG00000110514,5.853562,0.563456048032,,,,1.483038148717036,,-0.490217266296,,-3.1996591702,2.92559059815,2.28000752119,0.435605722762,,,,,,3.51565673661,2.65981286439,,,,,1.95655308231,,-0.919916632139,2.63166021247,,-2.54336039008,0.203806739069,-3.58356823488,-1.5500110982,-0.638317772904,,,,0.595160852031,,-1.43194850305,0.0208123580693,0.184072945431,,,,2.36573286623,0.8373454346,,0.183783719683,2.58745658565
