code,target,ENSEMBL,association,Adipose_Subcutaneous,Adipose_Visceral_Omentum,Breast_Mammary_Tissue,Muscle_Skeletal,DGN_Whole_Blood,Whole_Blood,Artery_Aorta,Artery_Coronary,Artery_Tibial,Heart_Atrial_Appendage,Heart_Left_Ventricle,Spleen,Brain_Amygdala,Brain_Anterior_cingulate_cortex_BA24,Brain_Caudate_basal_ganglia,Brain_Nucleus_accumbens_basal_ganglia,Brain_Putamen_basal_ganglia,Brain_Cerebellar_Hemisphere,Brain_Cerebellum,Brain_Cortex,Brain_Frontal_Cortex_BA9,Brain_Hippocampus,Brain_Hypothalamus,Brain_Spinal_cord_cervical_c-1,Brain_Substantia_nigra,Nerve_Tibial,Cells_Transformed_fibroblasts,Cells_EBV-transformed_lymphocytes,Colon_Sigmoid,Colon_Transverse,Esophagus_Gastroesophageal_Junction,Esophagus_Mucosa,Esophagus_Muscularis,Liver,Minor_Salivary_Gland,Small_Intestine_Terminal_Ileum,Stomach,Adrenal_Gland,Pituitary,Pancreas,Thyroid,Lung,Ovary,Prostate,Testis,Uterus,Vagina,Skin_Not_Sun_Exposed_Suprapubic,Skin_Sun_Exposed_Lower_leg
BFPC02B,"KNTC1",ENSG00000184445,8.092035,,,-1.48119243268,,3.2442168114857353,,,,2.15333088268,-1.63865173293,,,,-1.40292548069,,,-0.116695597003,-0.621556318973,-1.4891150922,0.0461766649007,,,,,,1.21310475537,,0.0847880290364,,,,-2.65291086317,,,,1.00478577614,,-1.57018081711,,,,,,,,,,-0.863300882858,-0.582700587214
BFPC02F,"KNTC1",ENSG00000184445,5.850688,,,-0.354251259186,,1.5563810890185727,,,,0.695879980985,-2.55692458629,,,,-1.40743960215,,,-0.323794249782,-0.303101120817,-1.60276736958,0.964225555082,,,,,,-0.204201211711,,0.138670405588,,,,-2.39637749422,,,,1.53997683525,,-2.48225990403,,,,,,,,,,-1.64600439526,-0.603913029788
BFPC02,"KNTC1",ENSG00000184445,8.913854,,,-1.46811175153,,3.1622236027602497,,,,2.07269618238,-2.11017094193,,,,-1.47499444672,,,-0.211151802628,-0.522137884591,-1.6232638834,0.32609583056,,,,,,0.97974167287,,0.164700548753,,,,-2.81796074486,,,,1.0919547081,,-2.03373137628,,,,,,,,,,-1.04462167179,-0.625157466721
BFPC03B,"KNTC1",ENSG00000184445,9.238072,,,-1.47931482647,,3.3714858908292973,,,,2.30372314552,-1.481354054,,,,-1.47335093281,,,-0.0277776837835,-0.7525068913,-1.49188010202,0.0278952353729,,,,,,1.37296028145,,0.0739763015212,,,,-2.67344622707,,,,0.933038651943,,-1.45853882777,,,,,,,,,,-0.783197754695,-0.512873940129
BFPC03F,"KNTC1",ENSG00000184445,6.579252,,,-0.359953105963,,1.7979210903972187,,,,0.989882274885,-2.24390434515,,,,-1.55360232582,,,-0.150640112716,-0.491127687268,-1.57161439347,0.843268418875,,,,,,0.0623316968664,,0.048342990466,,,,-2.47274336243,,,,1.36566543579,,-2.23812663306,,,,,,,,,,-1.48588324841,-0.479908923378
BFPC03,"KNTC1",ENSG00000184445,10.689817,,,-1.45860945011,,3.3174214796312755,,,,2.26476659707,-1.89938842647,,,,-1.5757035779,,,-0.109215733536,-0.681046326988,-1.6166618045,0.26856163354,,,,,,1.16944375887,,0.125638233632,,,,-2.85399715041,,,,0.999432981014,,-1.87744132293,,,,,,,,,,-0.938238069398,-0.541233342838
BFPC04B,"KNTC1",ENSG00000184445,21.798958,,,-1.88039956622,,4.475946195582952,,,,2.48523409211,-3.84948825948,,,,-2.66509693932,,,-0.589897019144,-0.79522573463,-2.29582366719,-1.84144516253,,,,,,0.281475731277,,-0.901540864704,,,,-4.87649816412,,,,0.203282698989,,-4.1186916604,,,,,,,,,,-0.867026736975,-1.51667861858
BFPC04F,"KNTC1",ENSG00000184445,14.715705,,,-0.612313681906,,3.2643958215698907,,,,2.0779127008,-3.43456079166,,,,-1.42172201741,,,-0.573921358243,0.352823127448,-2.23175748089,-0.706424408222,,,,,,0.451580894793,,-0.262361881648,,,,-4.17094485793,,,,0.0849614962935,,-4.00559587784,,,,,,,,,,-1.06931373502,-0.467522919966
BFPC04M,"KNTC1",ENSG00000184445,12.988303,,,-2.08984475917,,3.428195840965588,,,,1.6764004993,-2.41385789352,,,,-2.48821238142,,,-0.331083378425,-1.40938684696,-1.28262612602,-1.95721812898,,,,,,-0.00201376668378,,-1.02977234486,,,,-3.21455681463,,,,0.209675431252,,-2.30151210473,,,,,,,,,,-0.290041137084,-1.71019342346
BFPC04,"KNTC1",ENSG00000184445,17.640981,,,-1.74546731387,,4.5677745280164235,,,,2.61903541706,-4.05466801012,,,,-2.58122870888,,,-0.632416361443,-0.571123953163,-2.42809590863,-1.66586236593,,,,,,0.407861110836,,-0.749910668178,,,,-4.99190071474,,,,0.0816570520401,,-4.40790020854,,,,,,,,,,-0.90474510792,-1.34185373773
BLOO29,"KNTC1",ENSG00000184445,26.326316,,,-6.39176353447,,-4.205961708207459,,,,-9.62649772632,-11.3597600385,,,,-6.01140334694,,,-inf,5.6872984651,-7.35129022389,-8.5793778489,,,,,,-5.71847904291,,4.58397800276,,,,-2.49829579314,,,,4.37078619003,,-8.97285064613,,,,,,,,,,-8.96163598737,-2.67814446238
BLOO33,"KNTC1",ENSG00000184445,4.098144,,,-2.01378724515,,-2.3607074997177113,,,,-3.36295453993,-4.16738333327,,,,-0.814515000766,,,-7.46484614336,4.518699437,-1.98156018038,-2.66467234632,,,,,,-4.03408341379,,-0.209040217639,,,,-0.889016778162,,,,1.35757052898,,-2.59025819887,,,,,,,,,,-2.6030675527,-0.952151243588
BLOO34,"KNTC1",ENSG00000184445,6.955774,,,-3.85900815414,,-1.6879476059332545,,,,-4.84149411822,-4.00085473339,,,,-2.1939684649,,,-9.52628147843,1.26967345745,-3.24173760731,-3.29523145275,,,,,,-2.32533882664,,2.0124073145,,,,-0.357414112806,,,,2.31050872803,,-3.3527235267,,,,,,,,,,-4.78723918342,-1.56857935776
BLOO36,"KNTC1",ENSG00000184445,5.606969,,,-2.63947003294,,-1.7064420125273179,,,,-1.4383237595,-0.165588290097,,,,1.31625345266,,,-2.93461176935,-0.393030234071,-2.12049044022,-0.141939040139,,,,,,-2.28042445729,,-0.444779080304,,,,0.429481884766,,,,-0.834676265717,,-0.507604426096,,,,,,,,,,-1.42529269595,-0.789721043052
BODY03,"KNTC1",ENSG00000184445,6.278536,,,-1.52344923673,,1.3367084344542413,,,,0.774687034719,-1.38161753112,,,,-0.765011533815,,,2.26146764528,-0.39931317629,-3.17274968158,-1.86409169376,,,,,,-0.0738795826095,,-2.27783992808,,,,-3.37466769857,,,,,,-1.60319787335,,,,,,,,,,-0.811851819293,0.385687855012
BODY04F,"KNTC1",ENSG00000184445,5.676975,,,-2.07221999555,,0.38388137588277177,,,,0.948327592795,-2.02729230321,,,,-1.24087751843,,,2.02133965549,-0.536790702607,-3.42413806308,-1.54253963775,,,,,,-1.65161229111,,-3.04205846666,,,,-4.03993777515,,,,,,-2.27840634675,,,,,,,,,,-1.11838912674,-0.818278060774
BODY04,"KNTC1",ENSG00000184445,6.397962,,,-1.6868274987,,1.2968246110355373,,,,0.805124572262,-1.4812709159,,,,-0.851229284268,,,2.3479099309,-0.271907438143,-3.32080357138,-1.84404210335,,,,,,-0.265166858058,,-2.43021683274,,,,-3.61092722588,,,,,,-1.74170869633,,,,,,,,,,-1.11431916041,0.26916518949
BODY06B,"KNTC1",ENSG00000184445,9.075995,,,-0.0978011959336,,3.084441513436843,,,,2.12391410283,-2.28427902759,,,,-2.14019278426,,,0.226858591151,-1.1920564527,-1.68303413159,0.0546189981098,,,,,,1.1963828813,,0.365408498588,,,,-2.25970541639,,,,1.2236083746,,-2.15764531421,,,,,,,,,,-0.466069422349,-0.165385234814
BODY06,"KNTC1",ENSG00000184445,11.205428,,,-0.174247894456,,2.7610390760562082,,,,1.95232999395,-2.67956775445,,,,-2.18546650211,,,0.0830458671388,-1.0198529309,-1.76693927056,0.269921444155,,,,,,0.821777791548,,0.294119137708,,,,-2.47909126948,,,,1.37859392166,,-2.45386303169,,,,,,,,,,-0.76619112431,-0.342667255639
BODY07B,"KNTC1",ENSG00000184445,9.618686,,,-0.0759069590202,,3.1887011172191717,,,,2.23543167163,-2.11675674476,,,,-2.18385364385,,,0.306642167717,-1.2875570871,-1.71526163664,0.0103183701643,,,,,,1.35180569316,,0.391390177248,,,,-2.24125455333,,,,1.19881474972,,-2.05333416074,,,,,,,,,,-0.417446968395,-0.155454006332
BODY07,"KNTC1",ENSG00000184445,10.541559,,,-0.146918752636,,2.880144321560234,,,,2.08366849564,-2.45904471412,,,,-2.24982767899,,,0.169776707327,-1.13577228578,-1.79310857153,0.181421232345,,,,,,0.998052052656,,0.305993906639,,,,-2.45907446721,,,,1.34500384331,,-2.30727212838,,,,,,,,,,-0.701492132014,-0.33041262795
BODY08B,"KNTC1",ENSG00000184445,18.852169,,,-0.695074092074,,4.0331890600603435,,,,2.266012016,-3.98330443453,,,,-3.90458884182,,,-0.207456906607,-1.23834215731,-1.97944023966,-1.89527635388,,,,,,0.372471550077,,-1.10184697879,,,,-4.29747575893,,,,0.00815722346306,,-4.02984772501,,,,,,,,,,-0.376524508498,-1.6877020952
BODY08F,"KNTC1",ENSG00000184445,13.522937,,,0.190315436802,,2.4718325810938904,,,,2.5140880322,-2.77575190515,,,,-2.01025867175,,,-0.12698421104,0.741606796939,-1.91138012848,-1.0376499196,,,,,,0.215837069374,,-1.34970857784,,,,-3.76716381523,,,,0.271349817514,,-2.91278024783,,,,,,,,,,-0.919710674825,-0.463061149844
BODY08M,"KNTC1",ENSG00000184445,11.652572,,,-1.11720278112,,3.4316279588734235,,,,0.965906453935,-3.10228685799,,,,-3.64849440421,,,-0.1759795651,-2.33332935863,-1.08579748125,-1.71757995103,,,,,,0.324382628897,,-0.362861114033,,,,-2.68967110879,,,,-0.22012218833,,-3.05017019079,,,,,,,,,,0.269335334518,-1.9262687224
BODY08,"KNTC1",ENSG00000184445,22.591913,,,-0.569479400821,,4.025198266876202,,,,2.44037223992,-4.08232062436,,,,-3.64638436865,,,-0.245311916799,-0.899393874103,-2.12255583799,-1.76884118683,,,,,,0.411268197402,,-1.08271918382,,,,-4.34669009205,,,,0.0126290647313,,-4.13623732554,,,,,,,,,,-0.514090319498,-1.52931878667
EDUC01,"KNTC1",ENSG00000184445,5.946499,,,1.16159733012,,2.042950929819362,,,,1.57560603748,-0.921182025013,,,,-1.87803387735,,,1.31980777097,-0.355496599415,-2.33645938893,-1.3365710703,,,,,,3.64646097321,,0.298648650764,,,,-0.736167346006,,,,0.0,,-1.06829219803,,,,,,,,,,1.11118762343,1.38058789685
EDUC03,"KNTC1",ENSG00000184445,8.049489,,,2.20322338868,,2.682797495197867,,,,2.43405922197,-1.16793437626,,,,-2.16014532106,,,2.17548755184,1.56393099525,-2.51205890264,-0.877015374845,,,,,,4.21038728504,,0.480978665117,,,,-0.565326205351,,,,-0.790904045105,,-1.32832829081,,,,,,,,,,0.911110615626,3.00590129853
FATM02B,"KNTC1",ENSG00000184445,13.772885,,,-0.56742289463,,4.135175875618944,,,,2.77434921485,-2.45693624139,,,,-2.19488070668,,,0.365039389921,-1.35164176891,-2.32844086007,0.075701413598,,,,,,2.00975499877,,0.496668190661,,,,-2.95038762531,,,,0.736707925797,,-2.6074818227,,,,,,,,,,-0.163387054779,0.0468830125019
FATM02F,"KNTC1",ENSG00000184445,7.440584,,,0.405872450851,,1.6524811534886439,,,,1.02336402536,-3.11351198824,,,,-1.90198258137,,,-0.322700243464,-0.417233315725,-2.19466102591,0.885176347294,,,,,,0.128576323906,,0.176007944071,,,,-2.71608004446,,,,1.46586155891,,-2.94708527579,,,,,,,,,,-1.52799888978,-0.408077922697
FATM02M,"KNTC1",ENSG00000184445,5.744752,,,-1.01224088305,,3.9306861074937625,,,,2.70451272511,-0.743122656281,,,,-1.3160177275,,,0.695533417009,-1.37976719851,-1.27067450492,-0.573779573235,,,,,,2.40834195172,,0.49043829192,,,,-1.65466945292,,,,-0.176223963499,,-1.05769512273,,,,,,,,,,0.938600219183,0.360603904759
FATM02,"KNTC1",ENSG00000184445,15.631286,,,-0.534676848889,,3.919079715430557,,,,2.6488224291,-2.91587806604,,,,-2.2301221008,,,0.19816367609,-1.17434835822,-2.47412157045,0.329323108495,,,,,,1.71877512005,,0.521332723127,,,,-3.13390664455,,,,0.892466366291,,-3.00388186597,,,,,,,,,,-0.443510950256,-0.0522086932976
FATM03B,"KNTC1",ENSG00000184445,15.104307,,,-0.570132590324,,4.269216865017499,,,,2.91321240788,-2.31543263091,,,,-2.26414104148,,,0.463945700835,-1.48514710916,-2.33872908143,0.0814213180781,,,,,,2.18436197656,,0.48486251887,,,,-2.97176907544,,,,0.66867941618,,-2.49235784451,,,,,,,,,,-0.0728248372279,0.0659673102554
FATM03F,"KNTC1",ENSG00000184445,11.188324,,,0.393567702566,,1.8908951931989806,,,,1.2958328471,-2.82747695021,,,,-2.05240441049,,,-0.150315827537,-0.599622066939,-2.17724860366,0.788623807792,,,,,,0.398156366837,,0.0852548957799,,,,-2.78451185213,,,,1.31736886501,,-2.69009160161,,,,,,,,,,-1.35170479928,-0.353672133882
FATM03,"KNTC1",ENSG00000184445,14.509550,,,-0.529757781886,,4.076800281526733,,,,2.82307519426,-2.72336628326,,,,-2.32834568196,,,0.307953267698,-1.33360108459,-2.4766820182,0.296593911367,,,,,,1.92066564044,,0.480652820612,,,,-3.16944341731,,,,0.808817744255,,-2.84106791835,,,,,,,,,,-0.325265925076,-0.0299567359072
FATM04B,"KNTC1",ENSG00000184445,27.830590,,,-1.07188952828,,5.56759245778208,,,,3.27221306452,-4.83858911441,,,,-4.03520382397,,,0.140220397625,-1.69394217502,-3.09182479602,-2.16306848122,,,,,,1.205198932,,-0.916707373333,,,,-5.48652207387,,,,-0.36400949955,,-5.30266788678,,,,,,,,,,-0.42573383767,-0.857966913822
FATM04F,"KNTC1",ENSG00000184445,20.034535,,,0.26317817131,,4.040938292736125,,,,3.13872784176,-3.64659636858,,,,-2.29479645166,,,0.150370627032,0.236630445403,-2.69783252295,-1.15041606994,,,,,,1.28218373298,,-0.74519828825,,,,-4.52847572159,,,,-0.280709803104,,-4.23779017726,,,,,,,,,,-0.626177223854,0.0122795465693
FATM04M,"KNTC1",ENSG00000184445,16.264976,,,-1.70390229686,,4.242405415469333,,,,1.84314914605,-3.57297065686,,,,-3.61633010586,,,0.0641731166334,-2.54051770157,-1.96934928047,-2.00786972129,,,,,,0.565158485464,,-0.632970940571,,,,-3.72098584131,,,,-0.263395190239,,-3.71128237823,,,,,,,,,,-0.0533084590405,-1.196895519
FATM04,"KNTC1",ENSG00000184445,31.500217,,,-0.867625651128,,5.655890074000459,,,,3.46834561528,-4.94440083226,,,,-3.87731595454,,,0.135518560568,-1.3655644872,-3.22916057138,-2.01997395567,,,,,,1.36069838972,,-0.836663559454,,,,-5.54097343422,,,,-0.444992333651,,-5.4645193656,,,,,,,,,,-0.463342242825,-0.71773544655
HEIG03,"KNTC1",ENSG00000184445,5.753157,,,0.930141092463,,3.1040784274642403,,,,-0.131837947604,-3.15469626542,,,,-1.53677239771,,,-0.414034281362,-2.487782527,-1.7722868185,-3.89295228251,,,,,,1.90009770872,,0.175942519938,,,,-2.09309211618,,,,,,-3.4290721269,,,,,,,,,,-0.0567441781202,0.66949226777
HIPC01,"KNTC1",ENSG00000184445,6.588784,,,-0.881005431592,,1.988809163201548,,,,0.589950587063,-1.79453296827,,,,-0.364282890109,,,1.40182276792,-0.995089477275,-2.07943335052,-2.0786823228,,,,,,0.871617301489,,-1.41220106536,,,,-2.56142013486,,,,,,-2.29472877729,,,,,,,,,,-1.01772257522,1.09848253169
HIPC02,"KNTC1",ENSG00000184445,5.602077,,,-0.687920883714,,1.934354647172182,,,,0.587566078014,-1.74539777788,,,,-0.390490427874,,,1.34195309247,-1.19888044153,-1.99990252684,-2.03325563,,,,,,0.848320239527,,-1.37353435667,,,,-2.49394437308,,,,,,-2.2318980854,,,,,,,,,,-0.989856868649,1.08675221545
LEAN04B,"KNTC1",ENSG00000184445,12.734875,,,2.02304414679,,3.434025455543158,,,,2.18124555048,-2.88591243096,,,,-2.63448563411,,,0.980744277961,-2.32125361371,-2.71638807541,-0.105501093076,,,,,,2.30635375239,,0.495066106358,,,,-2.51448695769,,,,0.0776019841433,,-3.25907951171,,,,,,,,,,0.659504970956,1.04348053464
LEAN04M,"KNTC1",ENSG00000184445,7.258612,,,0.646850100813,,3.884924820972434,,,,2.10877721228,-1.4087857761,,,,-1.98174262931,,,1.54660574822,-3.03114888701,-2.03844789019,-0.344064984625,,,,,,2.88654853721,,0.923044575397,,,,-1.37624312913,,,,-0.53972107172,,-2.20948046353,,,,,,,,,,1.59816148308,1.61799885505
LEAN04,"KNTC1",ENSG00000184445,11.846551,,,1.48944747443,,4.037179894426261,,,,2.28162972013,-2.48616660357,,,,-2.48152955728,,,1.35634513808,-3.00106064758,-2.65719475236,-0.228004007381,,,,,,2.85807486947,,0.898113434141,,,,-2.10548240646,,,,-0.0445660203695,,-3.11471348384,,,,,,,,,,1.1467429829,1.41176028985
LEAN05B,"KNTC1",ENSG00000184445,11.549643,,,2.04376068049,,3.5867858390974203,,,,2.3522295037,-2.6620736284,,,,-2.66515012699,,,1.08867818896,-2.39047988427,-2.69590837178,-0.025698800281,,,,,,2.54685074255,,0.510395852991,,,,-2.46461155537,,,,0.113985307515,,-3.00892014368,,,,,,,,,,0.81388784522,0.934701578393
LEAN05F,"KNTC1",ENSG00000184445,5.976871,,,2.14582838939,,1.7862816674623994,,,,1.50037752568,-2.39158606469,,,,-2.0024637359,,,0.261954421024,-0.86501883357,-1.96779970284,0.163398977697,,,,,,1.14546154922,,-0.0302921992697,,,,-2.16866540155,,,,0.533831655979,,-2.24491532753,,,,,,,,,,-0.0984215460722,0.0635798924677
LEAN05M,"KNTC1",ENSG00000184445,6.300969,,,0.642389027583,,3.909782219754353,,,,2.10727474353,-1.39882876886,,,,-1.95630189002,,,1.58292004322,-3.05690113537,-2.05031767327,-0.281749249561,,,,,,2.94457708401,,0.956057283336,,,,-1.36097605236,,,,-0.5468993783,,-2.22757266359,,,,,,,,,,1.601992892,1.59510719186
LEAN05,"KNTC1",ENSG00000184445,11.881372,,,1.5052918539,,4.137554052859617,,,,2.36913084005,-2.35255955321,,,,-2.49201869433,,,1.43139564958,-3.06806678621,-2.66091429888,-0.1564322844,,,,,,3.0255669078,,0.927772722972,,,,-2.06948483107,,,,-0.025762848556,,-2.98163785317,,,,,,,,,,1.23615436112,1.32394959373
LEAN06B,"KNTC1",ENSG00000184445,27.057362,,,1.84090817331,,5.408269021819256,,,,3.88569624756,-3.8765523681,,,,-4.51121885221,,,1.83038607985,-2.7634950566,-3.27442656672,-1.03401417504,,,,,,3.03790496163,,-0.814810558413,,,,-4.16856177397,,,,-1.4911056757,,-4.58028769383,,,,,,,,,,1.0743152785,0.842693841871
LEAN06F,"KNTC1",ENSG00000184445,19.801976,,,2.15286461629,,3.984492368757649,,,,4.03702466385,-2.50021385814,,,,-3.13426055711,,,1.67070065857,-0.746043023137,-2.43318352335,-0.906793011856,,,,,,2.40115536831,,-1.28668044192,,,,-3.43105398627,,,,-1.19603610039,,-2.97877007415,,,,,,,,,,0.99462593408,0.948727236045
LEAN06M,"KNTC1",ENSG00000184445,14.139297,,,0.216662116012,,4.302350569428604,,,,1.24639826644,-3.63606613089,,,,-3.88381296296,,,0.953934561468,-4.21292715215,-2.56447089761,-0.591826087253,,,,,,2.16239250184,,0.427990262062,,,,-2.74923727372,,,,-1.03203713894,,-4.25791618229,,,,,,,,,,0.540025565694,0.155888866943
LEAN06,"KNTC1",ENSG00000184445,23.065229,,,1.26995026472,,5.540689461911271,,,,2.97273603546,-4.31257123966,,,,-4.58376630893,,,1.58523434844,-3.84312143156,-3.3531471587,-0.891697682347,,,,,,2.96076221351,,-0.172407186754,,,,-3.84964745378,,,,-1.36404192448,,-5.03131004421,,,,,,,,,,0.880837128413,0.551805175124
SCHI01,"KNTC1",ENSG00000184445,2.982967,,,1.11206151367,,2.387988260286859,,,,3.21105289306,-0.732602010577,,,,-1.25513999466,,,4.96324258031,3.0225750731,0.00669835114897,0.143398843584,,,,,,2.79553217137,,-0.782163060403,,,,-0.885144926027,,,,-1.78809916973,,0.398819540609,,,,,,,,,,2.52994552252,0.833415349167
WEIG04F,"KNTC1",ENSG00000184445,6.588010,,,-1.22727786949,,1.1280407589054493,,,,0.384750612122,-0.946644710701,,,,-0.414169826292,,,1.61741317365,0.494397843003,-1.25302923222,0.42458715956,,,,,,-0.0580657192263,,-2.15131679126,,,,-1.45670209849,,,,,,-2.19412301151,,,,,,,,,,-0.699960397487,-0.403770624646
