code,target,ENSEMBL,association,Adipose_Subcutaneous,Adipose_Visceral_Omentum,Breast_Mammary_Tissue,Muscle_Skeletal,DGN_Whole_Blood,Whole_Blood,Artery_Aorta,Artery_Coronary,Artery_Tibial,Heart_Atrial_Appendage,Heart_Left_Ventricle,Spleen,Brain_Amygdala,Brain_Anterior_cingulate_cortex_BA24,Brain_Caudate_basal_ganglia,Brain_Nucleus_accumbens_basal_ganglia,Brain_Putamen_basal_ganglia,Brain_Cerebellar_Hemisphere,Brain_Cerebellum,Brain_Cortex,Brain_Frontal_Cortex_BA9,Brain_Hippocampus,Brain_Hypothalamus,Brain_Spinal_cord_cervical_c-1,Brain_Substantia_nigra,Nerve_Tibial,Cells_Transformed_fibroblasts,Cells_EBV-transformed_lymphocytes,Colon_Sigmoid,Colon_Transverse,Esophagus_Gastroesophageal_Junction,Esophagus_Mucosa,Esophagus_Muscularis,Liver,Minor_Salivary_Gland,Small_Intestine_Terminal_Ileum,Stomach,Adrenal_Gland,Pituitary,Pancreas,Thyroid,Lung,Ovary,Prostate,Testis,Uterus,Vagina,Skin_Not_Sun_Exposed_Suprapubic,Skin_Sun_Exposed_Lower_leg
BALD01,"SUPT3H",ENSG00000196284,7.010061,-2.7549529867,1.14106558276,,-4.74026233564,-0.1672336121159769,0.473242767816,-0.11394857223,,-0.361174046178,-2.11707644873,,-0.685432903713,1.67788669325,2.4093436308,3.06556371022,3.0172129449,1.44888560279,2.72655053047,2.94567220417,2.39221782836,3.38700671533,,1.68337726461,,,1.29759792597,1.10440559553,-0.34333569146,,1.21661651265,,-0.390927533747,-0.77176789042,,1.62331414293,,,-0.348438826529,1.22915050882,-0.419769713971,0.943905127703,0.396828893533,,,2.75163395375,,,-0.519737906807,
BLOO11,"SUPT3H",ENSG00000196284,6.946154,1.83842653391,3.15234525233,,0.971333520342,5.037336345676826,3.61023983413,3.57097012991,,2.76819147148,3.04599024338,,3.63656920348,4.75977836614,4.12622384017,4.38962275872,4.4292737528,2.84265289562,4.16515138297,4.37576325791,3.2213836923,2.28043701413,,3.47864943189,,,3.45566804456,3.91911572181,3.81553991605,,0.752709022816,,2.96364299771,4.10975171257,,1.78964904519,,,1.15547095166,2.58608109322,1.87816337682,3.51273224702,3.16029842097,,,3.9312451595,,,3.26735844686,
BLOO17,"SUPT3H",ENSG00000196284,6.107894,1.23006976902,3.06043523395,,-0.98054889756,2.5151059251174135,2.77336115038,3.39022571758,,2.53298597543,2.04001209075,,2.34247079627,2.03280086305,1.15123767856,1.65435987571,1.43232038842,1.01392069937,1.41484737342,1.59852207792,1.08041483532,1.21131495205,,0.0654946996235,,,1.77768430695,1.48318931689,2.6839051805,,0.508494307611,,3.2885412878,2.11105589027,,0.886736134932,,,-0.590124307679,0.786286627306,2.37968987094,0.963367457715,2.95575724421,,,2.01226896518,,,3.03542774517,
BLOO18,"SUPT3H",ENSG00000196284,5.704807,1.40334263854,3.29358044966,,-0.910325963488,3.0729152124016372,3.04473677411,3.76374362931,,2.95375041382,2.43397400997,,2.66901248415,2.58491206942,1.58835304987,2.24576985085,1.96420206188,1.43000807062,1.82030604719,2.14082568801,1.32115147454,1.44919098273,,0.185213857632,,,2.16516901683,1.9006117207,3.01872749433,,0.692796631582,,3.52034229553,2.48884062618,,1.1644467078,,,-0.557468211594,1.05325557623,2.62754352044,1.11036238561,3.32182294967,,,2.42113162245,,,3.29499661923,
HEIG02,"SUPT3H",ENSG00000196284,5.532126,-3.69785572872,-5.35360664846,,-4.04590678581,-4.297304509073979,-4.98455033265,-3.62334367288,,-4.19882849374,-5.01316992554,,-4.81421871749,-2.19432692436,-0.158408227501,-0.276844892594,-0.311661220568,0.344920844005,-0.25100980852,-0.58546395594,0.354418740235,1.75398223499,,-0.803123737485,,,-3.54706355326,-2.89158115269,-5.12656990139,,-2.40690232012,,-4.45768208962,-5.28340586411,,-0.883665353688,,,-2.69383731544,0.292533133387,-3.91265706163,-3.08185113347,-2.76845420419,,,-0.942043232082,,,-4.53643044612,
HEIG03,"SUPT3H",ENSG00000196284,14.115828,-5.50194519676,-8.12384833145,,-3.3764286069,-5.907948028681815,-6.49653152586,-5.74035528984,,-4.953888858,-4.63884732226,,-6.08088226195,-2.36339516182,-1.02516566154,-0.956267875221,-0.499420589837,0.27557930362,-0.756556275819,-1.17667624411,-0.614664296032,1.49451838052,,-1.42756875269,,,-5.68762141232,-4.24558323274,-6.81414754134,,-3.33061234284,,-6.33929796435,-6.96145943023,,-1.79607365684,,,-4.47843405843,-1.61521570793,-4.90843308748,-3.00852670271,-3.00993993746,,,-1.90393833438,,,-6.61100812954,
HEIG04M,"SUPT3H",ENSG00000196284,4.867708,-2.35061692875,-5.65591888053,,-2.89976368185,-2.9640152176569403,-3.76471365518,-2.08385673164,,-3.09832709365,-3.07543421234,,-3.57669321633,-1.26386005781,0.22084707018,-1.06815471021,0.381613566801,0.680088319178,0.0369336588441,0.0641704797906,0.781961649709,1.38328584091,,-0.621054789151,,,-3.3752047835,-2.10587308642,-4.00724940784,,-2.62339038075,,-3.80409134328,-4.33144515147,,-1.28150772766,,,-3.99159461648,0.111229245166,-3.13804144007,-1.88879420397,-1.32204467984,,,-1.10666208988,,,-3.52022566047,
HIPC03,"SUPT3H",ENSG00000196284,9.733369,-2.69144602285,-4.42475020962,,-1.18513980656,-5.138787316321239,-4.08796510758,-5.38629971865,,-0.793660703415,-1.89794417471,,-5.37655875436,-2.33848267691,-2.10994686792,-0.625486283704,-1.29872010375,0.483773041216,-1.34241546142,-1.88684937465,-1.01592399197,0.182993424684,,-2.16432046144,,,-2.58725392722,-4.01159119521,-4.91637659713,,-0.191770662034,,-4.09760509901,-3.90708169721,,-1.36223257128,,,-0.568011865155,-2.00842222691,-2.44376277677,-0.0885587518938,-1.44307765848,,,-2.33500266353,,,-5.21983793764,
HIPC04,"SUPT3H",ENSG00000196284,8.791021,-2.62432487767,-4.32029674892,,-1.03572300469,-4.995850035081684,-3.99181805878,-5.23307279561,,-0.794920780688,-1.82579971286,,-5.24247429835,-2.18333769763,-2.06984056469,-0.609887428404,-1.26633167999,0.471708388044,-1.31295334366,-1.83979377804,-0.992714022421,0.178429783828,,-2.10803714397,,,-2.5227312158,-3.90843557345,-4.77914471356,,-0.188118584107,,-3.99541618465,-3.81374240859,,-1.27300928713,,,-0.580902775313,-1.95833479318,-2.37482682013,-0.156570099443,-1.38893338064,,,-2.27677074258,,,-4.78069025703,
LEAN04B,"SUPT3H",ENSG00000196284,4.747001,-1.01298709819,-3.42865985636,,-1.83579574933,-3.714897222635358,-3.41430445627,-3.48588761976,,-1.30034920056,-3.036248207,,-2.96857367051,-1.22485753409,-0.809090312136,-1.01201124876,-0.987383028472,-0.419046580958,-1.02334455226,-1.21254939473,-0.167443420925,0.779604692546,,-1.41304527758,,,-2.76696986799,-2.30937941295,-4.3085354043,,-0.591527878256,,-3.61152521339,-4.7645633296,,-0.659447752259,,,-1.86045040701,-0.38442144306,-3.55348190173,-1.70206783069,-0.809629741184,,,-1.17149375018,,,-3.94033633392,
LEAN04,"SUPT3H",ENSG00000196284,5.789414,-1.02947797426,-3.83125058957,,-1.27901700573,-4.185178614289014,-3.64416407919,-3.87286729831,,-1.4068373286,-2.41116167031,,-3.42648362644,-1.83489107796,-1.64425523236,-1.29143022364,-1.85354275647,-1.07009465897,-1.74849070286,-2.08778493724,-0.536561008359,-0.150939786657,,-1.76355270165,,,-3.25028517214,-2.79235264805,-4.48772235847,,-0.507665682556,,-3.70597347667,-4.67426589353,,-1.50919038819,,,-1.55187437251,-0.99662016492,-3.77663208548,-1.39512890611,-1.20718973606,,,-1.99289185695,,,-4.51073565439,
LEAN05B,"SUPT3H",ENSG00000196284,4.880909,-1.10661344476,-3.54297823587,,-1.83213076074,-3.9098611221408563,-3.49629583783,-3.68156989872,,-1.44207101053,-3.15302644951,,-3.1603516551,-1.39187114755,-0.937069594043,-1.05692566871,-1.05129878403,-0.497064606433,-1.09992596561,-1.26198591008,-0.19938538556,0.728675215478,,-1.49895395041,,,-2.80268836317,-2.41991852362,-4.45471840025,,-0.57282353708,,-3.75173365374,-4.96652984726,,-0.802021513629,,,-1.84540416505,-0.39695351801,-3.63188212699,-1.69346586964,-0.89553642401,,,-1.24967817938,,,-4.05223756361,
LEAN05,"SUPT3H",ENSG00000196284,5.862298,-1.09489152895,-3.92120743157,,-1.27827620803,-4.316071594671132,-3.71861210796,-4.01637762607,,-1.49876389945,-2.48598517528,,-3.55026269703,-1.93527919601,-1.71685052403,-1.30965077912,-1.88265160858,-1.12386385187,-1.79121792564,-2.10380992266,-0.564683419885,-0.168466418842,,-1.81748483443,,,-3.26540917703,-2.87404867296,-4.59570649507,,-0.470566233692,,-3.8095110624,-4.81293584362,,-1.60611968421,,,-1.5543403473,-0.990026947449,-3.86247671226,-1.38422997217,-1.26538698341,,,-2.04125600012,,,-4.59669267635,
LEAN06B,"SUPT3H",ENSG00000196284,12.699100,-2.34374529912,-5.78786670647,,-1.75153947335,-6.128975823964972,-5.43026183218,-6.08580838411,,-2.45162812831,-3.86377150388,,-5.14646315891,-3.61126384119,-3.33538672387,-2.88303892246,-3.61245175186,-1.81936628016,-3.41783157729,-4.03798781699,-1.76808745693,-1.18999238005,,-2.82863762441,,,-5.83316606238,-5.32497739349,-5.88355939936,,-2.44398222249,,-5.64249303179,-6.30435648242,,-2.36735330558,,,-3.15425387857,-2.56004986297,-4.2908237936,-2.88504537104,-2.25948749883,,,-3.59633469559,,,-6.57436612481,
LEAN06F,"SUPT3H",ENSG00000196284,5.883492,-2.01866901759,-4.61318696933,,-2.06316992376,-4.615943803209344,-4.18965739368,-4.8028649206,,-2.70089363278,-4.14843606026,,-3.7351550296,-2.70072976886,-2.06510093141,-2.24073393472,-2.53642392664,-0.858965055635,-2.45369635644,-2.92106129586,-1.45205959969,-0.291014779783,,-2.42079361394,,,-4.73418804943,-3.9297647424,-4.5839715418,,-2.54728165466,,-4.46010906209,-5.11166776665,,-1.07857526463,,,-3.14555359317,-1.72706146496,-2.92334278152,-3.02588316079,-2.02774631669,,,-2.18312624933,,,-4.94041450563,
LEAN06M,"SUPT3H",ENSG00000196284,7.181702,-1.40734556157,-4.05448012392,,-0.18619151465,-4.712469455626609,-4.02012404096,-4.33471531059,,-0.547178297581,-1.02661330401,,-4.17756536174,-2.8055565991,-3.26519655856,-2.10876148012,-3.06677326488,-2.20334520278,-2.81634336159,-3.2940129813,-1.17038246013,-1.8598057665,,-1.72010659191,,,-3.95286698426,-4.22212495627,-4.28279606493,,-0.770866315375,,-4.00885215356,-4.2791490148,,-2.9266757478,,,-1.21610160635,-2.28458288784,-3.78538837473,-0.883217506296,-1.22583749003,,,-3.58996565546,,,-5.07346399799,
LEAN06,"SUPT3H",ENSG00000196284,12.841698,-2.14204325549,-5.58529058518,,-1.29362162237,-6.1356068942176805,-5.4003330642,-5.89558676306,,-1.83933721772,-2.91407413711,,-5.24735252638,-3.63241176816,-3.71332160043,-2.90206692713,-3.81738626492,-2.18314832255,-3.59474415078,-4.18216167141,-1.82642061842,-1.70289589524,,-2.62585634039,,,-5.59082521176,-5.47377049049,-5.77177486711,,-1.95057658569,,-5.52499814532,-6.017394934,,-2.94067970195,,,-2.57570881597,-2.76421970988,-4.43823466117,-2.30679590325,-2.06729432271,,,-4.06045768097,,,-6.57281155916,
OSTE04,"SUPT3H",ENSG00000196284,19.084020,-3.70853135651,-10.4889937889,,-4.37458350238,-6.797413485795366,-8.41509373178,-6.60570440138,,-5.59825879465,-5.01484542261,,-9.56405289232,-3.69975315564,-2.65104286424,-0.811671111848,-2.18838446597,-4.15871200883,-2.73114145754,-2.06878439644,-0.993364011946,-1.60389672169,,-0.342050856272,,,-9.07739867964,-5.26070536181,-7.10111022113,,-1.54690454979,,-8.29944723301,-11.8381013911,,-1.24626032345,,,-11.9316707179,-1.11850610355,-9.92745610721,-5.3757407671,-5.26542865955,,,-4.18787219472,,,-9.46387186373,
