code,target,ENSEMBL,association,Adipose_Subcutaneous,Adipose_Visceral_Omentum,Breast_Mammary_Tissue,Muscle_Skeletal,DGN_Whole_Blood,Whole_Blood,Artery_Aorta,Artery_Coronary,Artery_Tibial,Heart_Atrial_Appendage,Heart_Left_Ventricle,Spleen,Brain_Amygdala,Brain_Anterior_cingulate_cortex_BA24,Brain_Caudate_basal_ganglia,Brain_Nucleus_accumbens_basal_ganglia,Brain_Putamen_basal_ganglia,Brain_Cerebellar_Hemisphere,Brain_Cerebellum,Brain_Cortex,Brain_Frontal_Cortex_BA9,Brain_Hippocampus,Brain_Hypothalamus,Brain_Spinal_cord_cervical_c-1,Brain_Substantia_nigra,Nerve_Tibial,Cells_Transformed_fibroblasts,Cells_EBV-transformed_lymphocytes,Colon_Sigmoid,Colon_Transverse,Esophagus_Gastroesophageal_Junction,Esophagus_Mucosa,Esophagus_Muscularis,Liver,Minor_Salivary_Gland,Small_Intestine_Terminal_Ileum,Stomach,Adrenal_Gland,Pituitary,Pancreas,Thyroid,Lung,Ovary,Prostate,Testis,Uterus,Vagina,Skin_Not_Sun_Exposed_Suprapubic,Skin_Sun_Exposed_Lower_leg
BFPC04B,"CPNE7",ENSG00000178773,6.129473,1.38414649694,,,,1.1435597430720088,0.144831729602,,,,0.937927386769,,,,,,,,,0.0200067929554,0.423771614306,,,,,,-3.86926921416,3.89749553932,,0.296952402588,,,4.50197130509,3.16445333131,4.71684479894,,,4.15847224323,,,,3.53410167327,2.49587466183,,-1.79801279292,3.23001388784,,,3.74803362882,3.74936317543
BFPC04M,"CPNE7",ENSG00000178773,5.389958,1.67523540987,,,,-0.13446647657866878,-0.488390080254,,,,2.20699302482,,,,,,,,,0.134701064895,0.0965592038274,,,,,,-2.65133838356,4.05977111891,,0.307920041167,,,2.89297315122,3.64576090229,4.10940539197,,,4.94482895745,,,,4.15918219622,2.93236786423,,-1.86125515193,4.29839048974,,,3.59903293534,3.60302805157
BLOO01,"CPNE7",ENSG00000178773,5.664683,-1.14869703022,,,,0.4961835392535123,-0.0528317541863,,,,-2.2055830313,,,,,,,,,-0.635452586319,2.24853609065,,,,,,-1.04870934409,-1.36363865363,,1.55242650278,,,-1.85307476237,-4.3995347616,-1.0763596563,,,-2.27707830677,,,,-4.4762944409,-5.27349462566,,-1.336074866,-2.43712740995,,,-3.5315990397,-2.53597628953
BLOO02,"CPNE7",ENSG00000178773,5.668006,5.46390484377,,,,3.4242790914420818,1.09467047946,,,,-0.722006068044,,,,,,,,,-2.23718909829,0.931350698714,,,,,,-1.22384194009,4.6541065839,,1.30326065934,,,2.13714203516,2.35938136329,2.91482881722,,,1.74653816367,,,,3.53875544384,1.65510665926,,4.77760304054,3.9877522214,,,3.7980405608,3.08064722783
BLOO03,"CPNE7",ENSG00000178773,5.317431,5.36810867182,,,,0.0345872927180785,-2.0897433403,,,,0.69190528171,,,,,,,,,-2.26245372055,1.71867519568,,,,,,-0.69482514222,7.05236111663,,5.0970872835,,,2.01821804215,6.23038564586,2.55435613096,,,3.5450693279,,,,4.36915603675,0.683140615154,,2.39131760704,6.06974221676,,,3.52248427178,3.88394154587
BLOO04,"CPNE7",ENSG00000178773,5.668249,5.06187525349,,,,3.6820060761717075,0.471791560062,,,,0.657905042092,,,,,,,,,1.65894473857,1.51612687535,,,,,,-2.93471365787,5.54554564543,,3.51718529402,,,4.60638415708,1.8239327355,4.3121867571,,,1.47236550234,,,,2.30879096387,2.08717637412,,3.65760448968,3.64016236364,,,5.06902232849,4.92066625605
BLOO20,"CPNE7",ENSG00000178773,5.904412,4.34272400592,,,,1.0062889572295552,-1.16641880092,,,,0.508202277906,,,,,,,,,-2.22928610315,1.58099651829,,,,,,-1.11768478383,6.00388117791,,2.28253394266,,,2.48731578549,5.87153343064,3.04783472287,,,3.07220858605,,,,4.47882557811,1.23600005471,,2.16772349227,5.47458824124,,,2.74722769832,3.61613635339
BLOO25,"CPNE7",ENSG00000178773,7.093999,2.7238104806,,,,-4.280763965076343,-2.79055233152,,,,0.851367470201,,,,,,,,,-0.0650513245649,0.299190606005,,,,,,1.62275023151,2.67426745674,,8.10879817456,,,-1.58161775772,0.78937428032,-1.48728368707,,,0.439220478281,,,,-1.076692759,-2.32235501724,,1.01207892298,1.52574161035,,,1.5943445102,0.585616648504
BLOO27,"CPNE7",ENSG00000178773,8.858331,-3.19013290444,,,,-2.112805166852926,-3.04931746029,,,,1.29810773206,,,,,,,,,0.474760239255,0.749391244242,,,,,,-0.313239839317,0.647084181002,,0.764444615006,,,0.132896309344,4.09189660897,-0.547157325105,,,1.54732363533,,,,0.279646338742,-0.868866411451,,-5.52282276681,0.855030642082,,,-2.59589109077,0.169542817448
BLOO29,"CPNE7",ENSG00000178773,5.820879,5.00601424018,,,,-0.7757714646846268,-0.907741578018,,,,1.49036115342,,,,,,,,,0.837836245252,2.20602181386,,,,,,1.94107421579,2.82318905166,,-0.193864614616,,,1.31453022558,2.28076385602,1.95480205421,,,2.89848309734,,,,3.97634446325,2.59664204527,,4.11411024212,4.03117623245,,,3.77108220452,2.76152169331
BLOO33,"CPNE7",ENSG00000178773,6.292285,1.27367300775,,,,-0.039544987930679336,-0.395161154203,,,,-1.85036641046,,,,,,,,,-0.273965853037,3.80603193351,,,,,,-0.282421449584,-0.254895643115,,1.64374050011,,,-1.5259797816,-4.10694357495,-0.190849428952,,,-1.28638423851,,,,-3.33496884347,-5.33564409652,,0.338463313554,-0.919359952006,,,-2.31110954794,-1.63528976051
BLOO35,"CPNE7",ENSG00000178773,2.218137,-4.125861839,,,,0.9752687340835958,0.843566856611,,,,-2.62162850849,,,,,,,,,-1.41916508728,-1.11877551042,,,,,,-0.38374974199,-4.82023382169,,-3.63568729167,,,-2.61984817151,-3.74759616873,-2.19730404871,,,-3.21327136649,,,,-3.15326207252,-0.444954787783,,-1.83089701612,-2.81049934431,,,-2.99435577191,-3.05728846823
EDUC03,"CPNE7",ENSG00000178773,7.390278,-2.3749591334,,,,-1.9433750353391916,-0.739920531233,,,,0.143861640479,,,,,,,,,1.25476423088,0.919981996192,,,,,,-1.05382688125,-1.87757738327,,0.876337321819,,,-2.7295424205,-1.75547377991,-3.84329407843,,,-4.46527240109,,,,-4.7869520441,-0.681524455134,,-1.97188317359,-3.44868865969,,,-3.29304723691,-2.75076528553
FATM04B,"CPNE7",ENSG00000178773,7.415635,1.07763350677,,,,0.06330191786696115,-0.597321239378,,,,0.845892171866,,,,,,,,,1.21494105677,0.357761080107,,,,,,-3.46748271478,2.64241364448,,1.68236962559,,,3.58811235279,2.36441500011,2.96440591395,,,2.16160520595,,,,1.89382282581,1.16290613955,,-0.853906280305,0.730949778924,,,1.94908916273,1.94701537184
FATM04,"CPNE7",ENSG00000178773,6.231554,0.913819419897,,,,0.3084331766219652,-0.4544406989,,,,0.57402476951,,,,,,,,,1.21579067303,0.469483767507,,,,,,-3.40950841764,2.28615014908,,1.5794453068,,,3.56926840905,2.0635655767,2.73091942504,,,1.68018630872,,,,1.5438693345,0.942841875754,,-0.797244241765,0.331385901487,,,1.61937729811,1.66813302534
LEAN06B,"CPNE7",ENSG00000178773,13.619282,-0.195303340583,,,,-2.0456720097552346,-2.2412055037,,,,0.743054895877,,,,,,,,,4.02604629754,0.823952971926,,,,,,-1.65951356605,-0.111786061772,,5.2134388043,,,1.07851379668,-0.0859091597999,-1.17333194383,,,-3.17655395396,,,,-2.52057210465,-1.48536308655,,1.46943165951,-3.96002573311,,,-2.58786599114,-2.00425875125
LEAN06F,"CPNE7",ENSG00000178773,7.826726,0.259079777376,,,,-1.243064401916211,-1.64013706792,,,,0.697785669488,,,,,,,,,2.95106537413,1.05544008106,,,,,,-1.55982132267,-0.119554265838,,3.71449888586,,,1.2245708601,-0.106997523799,-0.446177240893,,,-2.55143076633,,,,-1.923167856,-0.733517262183,,1.22735654308,-2.61922859415,,,-2.51057634861,-1.22525589541
LEAN06M,"CPNE7",ENSG00000178773,7.338850,-0.787931298247,,,,-2.039280650382017,-1.79747776135,,,,0.354526378123,,,,,,,,,3.22329293895,-0.0498806634672,,,,,,-0.790915162746,-0.0307498001406,,4.34545741408,,,0.185669980569,0.000717690975661,-1.58825148855,,,-2.19381063564,,,,-1.89886485,-1.74827814114,,0.940811796036,-3.61507673463,,,-1.10940325892,-1.98838615363
LEAN06,"CPNE7",ENSG00000178773,10.987880,-0.575034817034,,,,-2.2802634376232986,-2.21883524112,,,,0.637793357689,,,,,,,,,3.98949727691,0.409173515116,,,,,,-1.51487581941,-0.135668943907,,5.39119168464,,,0.76949241333,-0.0691943933222,-1.53198391155,,,-3.13960706108,,,,-2.54799945791,-1.84363889756,,1.39000431456,-4.3558633067,,,-2.17022004767,-2.24846840466
SCHI01,"CPNE7",ENSG00000178773,7.208674,-1.97493368978,,,,-0.4738262546780767,-0.840193517528,,,,1.00548608989,,,,,,,,,0.486423391685,0.317957455592,,,,,,-1.09043089175,0.30233332597,,0.435735110449,,,-0.867341843922,2.75359933605,-0.983541221715,,,1.61146601548,,,,0.762787467931,0.0339750272708,,-4.25874043379,0.346080484438,,,-0.110197043867,-0.741638279927
SCHI02F,"CPNE7",ENSG00000178773,7.519289,-1.88548246301,,,,0.6695567277064524,-0.603599570849,,,,-0.293197806317,,,,,,,,,0.107776614022,-0.633359438728,,,,,,-2.43398018925,-0.493656350105,,-0.237503510724,,,1.57867599631,2.35232394615,-0.0749152532669,,,0.0966960314623,,,,-0.082430034406,0.705965378515,,-3.22325069263,-1.03108797315,,,0.180031530461,0.672259028424
SCHI02,"CPNE7",ENSG00000178773,6.228141,-1.78094664836,,,,-0.5847429886536786,-1.03790010749,,,,1.02438154837,,,,,,,,,0.949464647166,0.437100298458,,,,,,-1.03855736172,0.470247283016,,0.38372732524,,,-0.673162034415,2.84368249932,-0.88898154303,,,1.58114804485,,,,0.721761822041,0.0755395400217,,-4.02777447545,0.492348506985,,,0.044870189478,-0.735469565427
