code,target,ENSEMBL,association,Adipose_Subcutaneous,Adipose_Visceral_Omentum,Breast_Mammary_Tissue,Muscle_Skeletal,DGN_Whole_Blood,Whole_Blood,Artery_Aorta,Artery_Coronary,Artery_Tibial,Heart_Atrial_Appendage,Heart_Left_Ventricle,Spleen,Brain_Amygdala,Brain_Anterior_cingulate_cortex_BA24,Brain_Caudate_basal_ganglia,Brain_Nucleus_accumbens_basal_ganglia,Brain_Putamen_basal_ganglia,Brain_Cerebellar_Hemisphere,Brain_Cerebellum,Brain_Cortex,Brain_Frontal_Cortex_BA9,Brain_Hippocampus,Brain_Hypothalamus,Brain_Spinal_cord_cervical_c-1,Brain_Substantia_nigra,Nerve_Tibial,Cells_Transformed_fibroblasts,Cells_EBV-transformed_lymphocytes,Colon_Sigmoid,Colon_Transverse,Esophagus_Gastroesophageal_Junction,Esophagus_Mucosa,Esophagus_Muscularis,Liver,Minor_Salivary_Gland,Small_Intestine_Terminal_Ileum,Stomach,Adrenal_Gland,Pituitary,Pancreas,Thyroid,Lung,Ovary,Prostate,Testis,Uterus,Vagina,Skin_Not_Sun_Exposed_Suprapubic,Skin_Sun_Exposed_Lower_leg
BFPC04B,"CRCP",ENSG00000241258,7.689370,,,,0.836436483416,1.876521452066438,3.61231446402,-2.65130336368,,-0.993660774572,1.01079580871,1.06628589714,,-3.39674658278,-1.49648801782,-1.49234363615,0.101474721293,,-0.16803383639,,-1.66344666317,-1.98467147884,,-1.14102130729,,,,-4.65611267286,-4.06528595269,,,-0.837603225347,-1.9995212784,-0.991835641006,,,,-0.773039212288,-1.19358702606,0.021882858354,-3.88580882577,-3.28827559804,0.97538803219,,,-0.728352210311,,,2.68130717143,0.647703871504
BFPC04,"CRCP",ENSG00000241258,7.120795,,,,1.01972472495,1.9240455586803695,3.60809416296,-2.25883601738,,-0.656361181833,1.02512970958,1.21799708766,,-3.25732906788,-1.426762005,-1.3133412049,0.287219762492,,-0.341489678935,,-1.61436133458,-2.08698370526,,-1.0348087099,,,,-4.58148403003,-3.89921283377,,,-0.799606214618,-1.97029979599,-0.953930371732,,,,-0.644655917336,-1.13274516564,0.206723309783,-3.73756421679,-3.26830398943,1.14947900155,,,-0.804123905586,,,2.36860317072,0.551169743021
BLOO06,"CRCP",ENSG00000241258,7.926538,,,,-0.821909029603,-0.8959723342183704,2.86433283038,-2.67134676379,,-2.9371547415,-1.17665050147,0.238276234059,,-5.69054516073,-5.44544229362,3.07159784836,-2.50110435361,,-4.03328454495,,-3.67592072188,-6.28355700326,,-5.02329198419,,,,-5.09011594942,-6.45052009221,,,-4.60518144899,-5.77648920752,-5.2642211721,,,,-2.6495620101,-3.74115142134,-2.14056474962,-5.06655840423,-5.78830230345,-0.568588128045,,,-1.67070434914,,,-3.67892840683,-3.95133414213
BLOO09,"CRCP",ENSG00000241258,8.003501,,,,-0.799358153418,-0.8639595253406674,2.75593874916,-2.46431882634,,-2.73410707917,-1.14597947358,0.182359218557,,-5.58951551467,-5.22120784915,2.79471541328,-2.45699017547,,-3.97641777958,,-3.61709625294,-6.219206885,,-4.75306744813,,,,-5.01018819869,-6.29061389429,,,-4.28915752098,-5.63478982907,-4.99762447345,,,,-2.45733126937,-3.53147634508,-2.13200777039,-4.98926274628,-5.7269037015,-0.543872426242,,,-1.88637668008,,,-3.50806423438,-3.89679771196
BLOO10,"CRCP",ENSG00000241258,7.883824,,,,-0.865094441295,-0.6344958076272843,2.99672595284,-2.32145012422,,-2.76605477119,-1.2249933154,0.256087855788,,-5.59847702106,-5.27288260919,2.43719988075,-2.31340298137,,-3.63136533524,,-3.78524401744,-6.18609828145,,-4.85509011296,,,,-5.22116500352,-6.34433087389,,,-4.31831009675,-5.63052824726,-5.04611764423,,,,-2.49954366481,-3.72489745487,-1.86040521817,-4.79453201141,-5.6385723874,-0.572006519913,,,-1.58109952456,,,-3.06777557981,-3.5468107174
BLOO12,"CRCP",ENSG00000241258,7.699992,,,,-1.24050517458,-0.7034494861180068,2.94796594102,-2.35127016545,,-2.94253098127,-1.44525041907,-0.0724420116044,,-5.65097759846,-5.24356769055,1.50673359891,-2.66213594776,,-3.13470231552,,-4.05892026923,-6.24582141161,,-4.51379064861,,,,-5.39668371031,-6.28422401013,,,-4.05189668201,-5.66475051611,-4.95297410347,,,,-2.78450327698,-3.86579567722,-2.26237794381,-4.74517578462,-5.65935724312,-0.957640733656,,,-1.83333181057,,,-2.46500740134,-3.35423059346
BLOO13,"CRCP",ENSG00000241258,7.496223,,,,-0.634598013208,-0.9139214010813427,2.76503241565,-3.40858039644,,-3.95045245507,-1.12463791644,0.503589968526,,-5.54802696012,-5.30242008032,-0.132402913046,-4.63806853674,,-4.03146150207,,-4.74668133042,-6.51007041667,,-5.31595102818,,,,-5.05072681799,-6.41741386386,,,-5.39184221304,-5.49393145636,-5.07030625082,,,,-2.52137597751,-3.72946917953,-1.79436796829,-5.01210743708,-5.75989925593,-0.502232739847,,,-0.976053318444,,,-3.59105909452,-4.84894387905
BLOO15,"CRCP",ENSG00000241258,6.234235,,,,0.0952557439023,-0.06822561292998332,-2.16950888916,2.39770770536,,2.53626631557,1.05094739542,-1.41960963681,,3.27208054633,3.8646580382,0.950341166957,3.36368662148,,2.33167264363,,3.61338949537,3.85726969439,,4.91604538508,,,,2.51373495788,4.73285754563,,,4.1297484684,3.83685164675,4.18568816361,,,,1.31351870157,3.21783766331,1.55860489023,3.23786860207,3.17783025245,-0.0519146168772,,,-1.37830177111,,,3.08970214623,3.96137854655
BLOO19,"CRCP",ENSG00000241258,5.522459,,,,0.204103525806,-2.8363134161983345,-0.0895669269383,-2.33077030408,,-2.46145785836,-0.0846138689524,0.39932730455,,-4.6437539447,-2.76107967162,-0.610102409294,-4.52391498293,,-6.37341710863,,-3.19875990834,-6.1109694412,,-3.69469189919,,,,-2.06333283697,-4.38263769077,,,-3.55715266816,-3.71681829452,-2.78070464742,,,,-0.204783865106,-1.2329017715,-2.12053947493,-4.59710707918,-4.89773144435,-0.301161885612,,,-3.65578927801,,,-5.82100448384,-5.96527683538
BLOO28,"CRCP",ENSG00000241258,4.966818,,,,-0.284629952152,3.33107863768756,1.02024807781,1.62612763772,,1.83438858,-0.161435142989,-0.115186609052,,4.02420257837,1.89083262161,0.589077410826,4.16724015541,,6.35943129722,,2.44415363138,5.63573385454,,2.77097991956,,,,1.13664931422,3.44968287651,,,2.67167082502,3.03080834221,1.96247454342,,,,-0.408298736968,0.336168958291,2.63509096924,4.32827686347,4.38573640202,0.514275867928,,,4.40334695523,,,5.85672770966,5.730916849
BLOO30,"CRCP",ENSG00000241258,8.569457,,,,-0.794159941464,-0.8084737661175656,2.86911410765,-3.42472506943,,-3.97896660132,-1.19196612466,0.532805588034,,-5.68348047127,-5.35865576981,-0.403532120946,-4.63024391758,,-3.89684488259,,-4.82747242661,-6.60636994382,,-5.30372981603,,,,-5.22021476694,-6.46763397403,,,-5.43235167075,-5.61768616197,-5.08728165905,,,,-2.54648341632,-3.7920777142,-1.79156157956,-5.00239450189,-5.78117354351,-0.550437672463,,,-0.860879626332,,,-3.38761752068,-4.76845063995
BLOO32,"CRCP",ENSG00000241258,6.117834,,,,0.164612490674,-0.8738377393408393,1.79485412466,-2.64633932353,,-3.21114347319,-0.661888109712,1.04116651862,,-3.84025335159,-3.69331899164,-0.13770928449,-3.82436569454,,-3.77488474414,,-3.46723209626,-4.78343167135,,-4.65311484857,,,,-2.85177609742,-4.91123868911,,,-4.33013878599,-3.67718144036,-3.83447373381,,,,-1.5414892903,-2.81104663874,-0.48435014911,-3.4620652085,-3.92386163552,0.294062437904,,,-0.272111840886,,,-4.05124107648,-4.51285957421
FATM04B,"CRCP",ENSG00000241258,8.811072,,,,0.684918881001,2.4405223047659943,3.99485904895,-2.91872393617,,-1.23241460378,0.504146218697,1.10989308182,,-2.95320680242,-1.33953401335,-1.39612033883,0.3023505151,,0.741884143832,,-1.47737529862,-1.35739396384,,-0.963337340516,,,,-4.61248894954,-3.73883188106,,,-0.893107601603,-1.80807601021,-0.876160931858,,,,-1.02516721771,-1.44910278439,0.362323393283,-3.1749687132,-2.40247279223,0.95016880929,,,0.118836675816,,,3.51779011748,1.62935602381
FATM04,"CRCP",ENSG00000241258,8.033262,,,,0.855465868251,2.470494707297613,3.95384865485,-2.53052559985,,-0.83041024015,0.437094025838,1.2391601533,,-2.74614359594,-1.2226418163,-1.27224516774,0.484929753271,,0.612054197719,,-1.390374529,-1.36256372543,,-0.787606889777,,,,-4.4669609868,-3.50871104239,,,-0.811972159734,-1.66940432992,-0.793238068309,,,,-0.898377601067,-1.37189444884,0.501670052764,-2.94495452941,-2.31641646832,1.10611553195,,,0.0822391709694,,,3.25482983988,1.57340325482
