code,target,ENSEMBL,association,Adipose_Subcutaneous,Adipose_Visceral_Omentum,Breast_Mammary_Tissue,Muscle_Skeletal,DGN_Whole_Blood,Whole_Blood,Artery_Aorta,Artery_Coronary,Artery_Tibial,Heart_Atrial_Appendage,Heart_Left_Ventricle,Spleen,Brain_Amygdala,Brain_Anterior_cingulate_cortex_BA24,Brain_Caudate_basal_ganglia,Brain_Nucleus_accumbens_basal_ganglia,Brain_Putamen_basal_ganglia,Brain_Cerebellar_Hemisphere,Brain_Cerebellum,Brain_Cortex,Brain_Frontal_Cortex_BA9,Brain_Hippocampus,Brain_Hypothalamus,Brain_Spinal_cord_cervical_c-1,Brain_Substantia_nigra,Nerve_Tibial,Cells_Transformed_fibroblasts,Cells_EBV-transformed_lymphocytes,Colon_Sigmoid,Colon_Transverse,Esophagus_Gastroesophageal_Junction,Esophagus_Mucosa,Esophagus_Muscularis,Liver,Minor_Salivary_Gland,Small_Intestine_Terminal_Ileum,Stomach,Adrenal_Gland,Pituitary,Pancreas,Thyroid,Lung,Ovary,Prostate,Testis,Uterus,Vagina,Skin_Not_Sun_Exposed_Suprapubic,Skin_Sun_Exposed_Lower_leg
BLOO05,"STXBP6",ENSG00000168952,24.249484,3.93988013532,,,,,,,,,-3.61114057278,-4.66448963927,,,,,,,,,-6.88442688664,,-0.149244908346,,,,,-4.09538105958,,-3.04444750348,-5.35795499535,,-4.75673293393,-4.73067458257,-2.32233251947,,,-5.0723430764,1.14181182865,,-0.892304863223,-1.69288270675,,-0.925888263982,,,,,-6.82557054687,-5.26831805227
BLOO06,"STXBP6",ENSG00000168952,17.521997,0.761648168621,,,,,,,,,-2.2923376893,-2.81718880835,,,,,,,,,-5.60989772334,,-0.967917009688,,,,,-3.43470228008,,-2.31229534926,-3.95090646098,,-2.86589357111,-3.98672865332,-1.50223878657,,,-3.8607820999,-0.102139532698,,0.246214174447,-0.988456501702,,0.30891920349,,,,,-5.32002540977,-4.03044916884
BLOO07,"STXBP6",ENSG00000168952,7.456131,1.92975299816,,,,,,,,,-1.04850794283,-2.12413224425,,,,,,,,,-2.85945003024,,0.0186043655633,,,,,-2.71353679528,,-1.46716878466,-3.23078817315,,-1.5068272943,-3.63595843191,-1.28013245502,,,-2.65689074888,-1.13674595527,,-0.575628355599,-0.189158389326,,-1.06244711881,,,,,-3.16687804105,-2.92241369062
BLOO09,"STXBP6",ENSG00000168952,16.480947,0.809013431613,,,,,,,,,-2.41917503231,-3.23450624655,,,,,,,,,-5.77840821485,,-0.911100497426,,,,,-3.89724860528,,-2.43531476639,-4.14863506535,,-2.92201764584,-4.4100696061,-1.39946783641,,,-4.0156130224,-0.15486303004,,0.242629291366,-0.870349634278,,0.00388249907689,,,,,-5.40679960452,-4.05461452196
BLOO10,"STXBP6",ENSG00000168952,23.074832,1.15584304495,,,,,,,,,-2.72947866438,-3.52148706513,,,,,,,,,-6.14066576667,,-0.908581989377,,,,,-4.1187680505,,-2.51978312156,-4.4575613298,,-3.22001597677,-4.64014194925,-1.76662931044,,,-4.22396301113,0.0226824337867,,0.21976374505,-0.971628194406,,-0.108948926019,,,,,-5.72337112887,-4.29316179661
BLOO12,"STXBP6",ENSG00000168952,19.027793,1.15039803526,,,,,,,,,-2.15059592428,-3.00179864709,,,,,,,,,-5.52774172323,,-1.1788996824,,,,,-3.53141273586,,-2.03997754047,-3.97932444031,,-2.75167178609,-4.32962813576,-2.00433698179,,,-3.74104306546,0.119870130465,,0.0910672180221,-0.570498229612,,0.229767534317,,,,,-5.34059509045,-4.08218769233
BLOO13,"STXBP6",ENSG00000168952,16.367057,0.733508264006,,,,,,,,,-2.37465288874,-2.99026213138,,,,,,,,,-5.58448689554,,-0.944025769465,,,,,-3.51420663345,,-2.31689450199,-3.86494368726,,-2.80855225434,-4.03346322993,-1.39158523401,,,-3.83271749737,0.0223844764127,,0.300833707435,-1.11273169795,,0.201948720832,,,,,-5.25402680559,-4.00256745719
BLOO16,"STXBP6",ENSG00000168952,8.396044,1.81074569853,,,,,,,,,-1.05075415246,-2.18074950116,,,,,,,,,-2.99995458129,,-0.14105529707,,,,,-2.96350816526,,-1.57715345474,-3.03987611298,,-1.3145168298,-3.80875709136,-1.54121738375,,,-2.63766504084,-0.3747293534,,-0.594266034991,-0.124421203792,,-0.771161730719,,,,,-2.91675101104,-2.50043532272
BLOO24,"STXBP6",ENSG00000168952,10.336384,-0.854746078864,,,,,,,,,2.39565219916,2.21653148096,,,,,,,,,5.04565499836,,-0.281577937136,,,,,2.66703202685,,2.42868661913,3.26643494415,,2.7374854609,2.88279886239,0.601005117905,,,3.16629114615,0.278381489105,,-0.391203373203,1.98780704872,,0.555282609608,,,,,4.26985396233,3.16947201665
BLOO28,"STXBP6",ENSG00000168952,5.767461,3.40991060355,,,,,,,,,-2.01980352561,-2.472550559,,,,,,,,,-3.15800232067,,0.441325067232,,,,,-1.15942518308,,-1.85732233863,-2.6021188493,,-3.0273697544,-1.74298376513,-0.847304739222,,,-2.68812628689,1.48366586871,,-1.00332708989,-1.63353975007,,-1.02615164772,,,,,-3.17061179737,-2.50942657405
BLOO30,"STXBP6",ENSG00000168952,17.853190,0.895962529722,,,,,,,,,-2.51329097191,-3.22064199178,,,,,,,,,-5.79289529057,,-0.916103719748,,,,,-3.81334680926,,-2.46579675594,-4.25286618759,,-3.00676739545,-4.37851369588,-1.51377637252,,,-4.08582272908,-0.269464942969,,0.163026394533,-1.02184109912,,0.116532591249,,,,,-5.52555242347,-4.28376327197
