code,target,ENSEMBL,association,Adipose_Subcutaneous,Adipose_Visceral_Omentum,Breast_Mammary_Tissue,Muscle_Skeletal,DGN_Whole_Blood,Whole_Blood,Artery_Aorta,Artery_Coronary,Artery_Tibial,Heart_Atrial_Appendage,Heart_Left_Ventricle,Spleen,Brain_Amygdala,Brain_Anterior_cingulate_cortex_BA24,Brain_Caudate_basal_ganglia,Brain_Nucleus_accumbens_basal_ganglia,Brain_Putamen_basal_ganglia,Brain_Cerebellar_Hemisphere,Brain_Cerebellum,Brain_Cortex,Brain_Frontal_Cortex_BA9,Brain_Hippocampus,Brain_Hypothalamus,Brain_Spinal_cord_cervical_c-1,Brain_Substantia_nigra,Nerve_Tibial,Cells_Transformed_fibroblasts,Cells_EBV-transformed_lymphocytes,Colon_Sigmoid,Colon_Transverse,Esophagus_Gastroesophageal_Junction,Esophagus_Mucosa,Esophagus_Muscularis,Liver,Minor_Salivary_Gland,Small_Intestine_Terminal_Ileum,Stomach,Adrenal_Gland,Pituitary,Pancreas,Thyroid,Lung,Ovary,Prostate,Testis,Uterus,Vagina,Skin_Not_Sun_Exposed_Suprapubic,Skin_Sun_Exposed_Lower_leg
BFPC02B,"EFCAB5",ENSG00000176927,6.243349,,,,,-4.034262524262735,-3.53880780923,,,,,,-3.97502767745,,,,,,-3.02932424349,-2.57692858678,-4.13650827123,,,-1.97320823581,,,-4.40524213711,-4.40447734277,,-1.82190411533,-3.55617483582,,,,,,-3.50751361286,-3.66219490217,,,,-4.58637595989,-3.35961536073,,,4.03533930505,,,-4.59081258664,-4.02365869668
BFPC02M,"EFCAB5",ENSG00000176927,6.146783,,,,,-4.029675858715944,-3.33095631614,,,,,,-4.02916851927,,,,,,-3.27470030978,-2.54167344415,-4.18993052301,,,-1.62311120013,,,-4.16522723749,-3.93444822771,,-2.44072797292,-3.34981405187,,,,,,-4.26307336759,-2.79350862914,,,,-4.38703396648,-3.09274396315,,,3.83306985522,,,-4.57003143262,-3.63651639187
BFPC02,"EFCAB5",ENSG00000176927,5.738380,,,,,-3.8100228718026994,-3.38101904378,,,,,,-3.69879542679,,,,,,-2.80870124829,-2.43365010501,-3.86505026409,,,-1.96473775406,,,-4.18737615012,-4.2802808124,,-1.52276041802,-3.40648842498,,,,,,-3.11366341493,-3.70593295465,,,,-4.37406431715,-3.28082928367,,,3.86668421843,,,-4.32342247243,-3.90429760425
BFPC03B,"EFCAB5",ENSG00000176927,6.067582,,,,,-4.044220854138778,-3.6011854761,,,,,,-3.95985204403,,,,,,-3.00441699189,-2.57022041517,-4.06804164261,,,-1.98545757751,,,-4.40297447852,-4.43799159089,,-1.83163419321,-3.60622103864,,,,,,-3.56990990409,-3.67622014175,,,,-4.57249542653,-3.48466502681,,,3.99840670753,,,-4.62447123783,-4.00440682044
BFPC03M,"EFCAB5",ENSG00000176927,6.619047,,,,,-4.0364641045462015,-3.34060131947,,,,,,-4.05000236408,,,,,,-3.27578250224,-2.55982235857,-4.18884830179,,,-1.63413645984,,,-4.17994684236,-3.95964580364,,-2.43482096085,-3.35313904222,,,,,,-4.25353742083,-2.81446645489,,,,-4.40730184455,-3.1110858867,,,3.81387613804,,,-4.59267000179,-3.64562460004
BFPC03,"EFCAB5",ENSG00000176927,5.662920,,,,,-3.818939261427784,-3.44331820947,,,,,,-3.67848352222,,,,,,-2.78130678601,-2.41849825226,-3.77933201775,,,-1.97197401701,,,-4.17587911224,-4.30546231084,,-1.54157110669,-3.4674760956,,,,,,-3.18878545696,-3.71382422114,,,,-4.34740807085,-3.42503707024,,,3.82337342616,,,-4.3548594947,-3.87675328263
BFPC04B,"EFCAB5",ENSG00000176927,13.596948,,,,,-6.131335171361239,-4.13288579754,,,,,,-5.42297911336,,,,,,-4.76482754376,-4.23750913805,-5.59759031589,,,-3.98069904464,,,-6.31231892061,-5.98437715743,,-2.91052246407,-5.54965380683,,,,,,-4.85064763046,-5.65495219675,,,,-6.29914463748,-5.36336124606,,,5.72843768732,,,-6.67129025372,-5.40537866339
BFPC04M,"EFCAB5",ENSG00000176927,12.546131,,,,,-5.511641931361869,-3.5921404507,,,,,,-4.40052744778,,,,,,-4.39618097909,-3.50002990821,-5.50077062809,,,-2.71241374614,,,-5.6276749269,-5.22273704254,,-2.89265022292,-4.63012160841,,,,,,-4.71692800796,-4.26875317303,,,,-5.48788988852,-4.68056341452,,,5.19521984347,,,-6.11645519132,-4.82860466241
BFPC04,"EFCAB5",ENSG00000176927,11.820793,,,,,-5.935832923482591,-4.05847176295,,,,,,-5.3180037045,,,,,,-4.56448783121,-4.13527292587,-5.27908541783,,,-4.01727473979,,,-6.09614325817,-5.80729702325,,-2.74505199979,-5.4595363981,,,,,,-4.63883469943,-5.66538159522,,,,-6.13049775371,-5.23865614149,,,5.543534416,,,-6.40379194543,-5.25949715297
BLOO05,"EFCAB5",ENSG00000176927,20.769347,,,,,7.754037687188308,5.1797610837,,,,,,5.52004480401,,,,,,5.72548812097,5.96466682097,6.67617319866,,,5.98912461072,,,7.4394680392,8.08202039317,,5.45527944311,7.10795323178,,,,,,4.51656310503,5.94255147528,,,,7.44771588182,7.0582564138,,,-7.13691264572,,,8.33444225702,7.98684133183
BLOO09,"EFCAB5",ENSG00000176927,5.758777,,,,,3.38360603936982,1.35719958384,,,,,,3.89051335463,,,,,,2.84975034326,2.65810510821,2.11036542272,,,2.30051236782,,,3.65334202503,4.118792377,,2.02439078847,3.38656908886,,,,,,2.04863308905,1.90630827174,,,,4.18206046155,3.74268551285,,,-3.52686000322,,,4.37893193834,3.88154955517
BLOO10,"EFCAB5",ENSG00000176927,7.580970,,,,,4.091014881004908,1.92461728013,,,,,,4.33480343527,,,,,,3.45383030808,3.22773211959,2.7646252175,,,2.79259161231,,,4.29842740879,4.85366300652,,2.46254065131,3.97941632851,,,,,,2.47376480162,2.43495161684,,,,4.85362263141,4.36014294464,,,-4.11618181944,,,5.14441260536,4.62146569743
BLOO11,"EFCAB5",ENSG00000176927,6.990464,,,,,4.325513157904199,3.36123095533,,,,,,3.13592098517,,,,,,2.78590804396,4.66695330804,4.04497384759,,,3.51843879336,,,5.13198796532,4.46750076948,,1.35363595105,4.20831390623,,,,,,1.22892630366,2.54399014798,,,,4.40750805,5.05946400715,,,-4.06389711525,,,4.60510298528,3.70643581622
BLOO12,"EFCAB5",ENSG00000176927,11.077809,,,,,5.126790641849545,2.68028296607,,,,,,5.01607657759,,,,,,3.95331988324,4.3851764257,3.95656779979,,,3.62772453964,,,5.57221097857,5.81489133624,,2.60760145231,4.98600046982,,,,,,2.47601915592,3.00605220391,,,,5.84335500871,5.50114385492,,,-5.0607319539,,,6.10727525838,5.38076249199
BLOO28,"EFCAB5",ENSG00000176927,6.021842,,,,,4.51166586601341,3.50506850298,,,,,,2.1299549079,,,,,,3.29170789996,2.88487512566,4.33740328042,,,3.778220973,,,3.80149537758,4.26642696703,,3.86783166527,3.90043774525,,,,,,3.15339941764,4.32033424069,,,,3.55543856322,3.28406092388,,,-3.84946988297,,,4.3523608404,4.40600984272
BLOO29,"EFCAB5",ENSG00000176927,13.192262,,,,,4.5124431333028046,0.218666755738,,,,,,-6.23077122174,,,,,,-3.34746109594,2.08106928214,2.85909453615,,,3.88160649038,,,2.90751029038,2.68730161993,,0.633018591271,2.68764928541,,,,,,0.0235678368823,5.51141384338,,,,1.49943863686,7.15380358512,,,-0.454006106342,,,4.06620643983,3.33694063523
BODY06B,"EFCAB5",ENSG00000176927,5.627309,,,,,-3.7239619479665933,-4.40040838044,,,,,,-3.37995426744,,,,,,-2.35555275725,-3.00864880869,-3.99422712119,,,-1.57130712011,,,-4.00452834606,-4.38046740578,,-1.06053455538,-3.31687967895,,,,,,-3.22468359999,-2.88067521618,,,,-4.14400145196,-2.94999332373,,,4.16116484955,,,-4.12981109611,-4.26501374915
BODY06,"EFCAB5",ENSG00000176927,5.799861,,,,,-3.785815074092551,-4.29162659424,,,,,,-3.35492283534,,,,,,-2.33038205807,-3.05723693502,-3.90501230183,,,-1.64312015235,,,-4.03070448072,-4.42422935338,,-1.04078090424,-3.42373275148,,,,,,-2.9086909717,-3.07324267411,,,,-4.09503417177,-2.99183925682,,,4.23525199389,,,-4.04727802887,-4.35618068004
BODY07B,"EFCAB5",ENSG00000176927,5.622639,,,,,-3.806179309849152,-4.47464712343,,,,,,-3.47016204918,,,,,,-2.41798437937,-3.04189977408,-4.00724551825,,,-1.62993869912,,,-4.07768558082,-4.49328256085,,-1.16673156663,-3.4625130448,,,,,,-3.34343037436,-2.9866263873,,,,-4.21845074921,-3.06016180533,,,4.22649652001,,,-4.24304081374,-4.34507094266
BODY07,"EFCAB5",ENSG00000176927,5.731001,,,,,-3.866697177814304,-4.36761696607,,,,,,-3.45372647051,,,,,,-2.39342222964,-3.0748556852,-3.90609435766,,,-1.69844891162,,,-4.09746480155,-4.53516535052,,-1.15902297257,-3.58223241678,,,,,,-3.04626292324,-3.1820997991,,,,-4.16506831253,-3.10863672858,,,4.29482898499,,,-4.16105062369,-4.42925742342
BODY08B,"EFCAB5",ENSG00000176927,11.063662,,,,,-5.309904818869548,-4.36884119036,,,,,,-4.2806190115,,,,,,-3.61688910673,-4.54563154498,-5.31402632763,,,-3.16850103086,,,-5.56028252705,-5.36875087978,,-2.36410620583,-4.911953797,,,,,,-4.05439606688,-4.18210922401,,,,-5.55123495707,-3.9296163694,,,5.30975065519,,,-5.81498515363,-4.99576225117
BODY08M,"EFCAB5",ENSG00000176927,6.408168,,,,,-3.861472290368672,-3.91982591432,,,,,,-2.76279077145,,,,,,-2.72138052314,-2.98390036579,-4.2294294574,,,-1.80458535115,,,-4.16593374459,-4.03683747886,,-1.84147000776,-3.31726463035,,,,,,-3.92706084006,-2.46395766415,,,,-4.2725151265,-3.13552004247,,,4.03651879981,,,-4.67867944608,-3.77632426827
BODY08,"EFCAB5",ENSG00000176927,10.506291,,,,,-5.366430295698306,-4.22760108874,,,,,,-4.38581179658,,,,,,-3.59887349074,-4.6265653655,-5.20378487716,,,-3.26851585209,,,-5.58010757826,-5.38114819301,,-2.39914885275,-5.03174393122,,,,,,-3.85560734279,-4.37497753106,,,,-5.5390839704,-3.93506262861,,,5.30983339419,,,-5.74359061729,-5.04762453655
FATM04B,"EFCAB5",ENSG00000176927,9.596519,,,,,-4.758788982370005,-4.56827039158,,,,,,-4.01443890031,,,,,,-3.38395769962,-3.69363303246,-4.6586398065,,,-3.6365501837,,,-5.34486839969,-5.08940985014,,-1.88896017182,-4.08340550946,,,,,,-4.06060896907,-4.42526241206,,,,-5.04395626384,-4.35782020603,,,4.65272858911,,,-5.50795555195,-4.79455713432
FATM04M,"EFCAB5",ENSG00000176927,7.057436,,,,,-3.9612076350506773,-3.91425118643,,,,,,-2.88830087671,,,,,,-2.92516451058,-2.64213978526,-4.170471249,,,-2.29062501218,,,-4.45327975547,-4.20314958682,,-1.84792273468,-3.04912581328,,,,,,-4.02575399128,-3.14792639693,,,,-4.1839891145,-3.74419440519,,,3.90142401327,,,-4.84533696827,-4.04835712096
FATM04,"EFCAB5",ENSG00000176927,8.714623,,,,,-4.661787531013275,-4.46880022663,,,,,,-3.99745770149,,,,,,-3.2636950917,-3.67875651994,-4.4569266831,,,-3.68082556121,,,-5.2164536244,-4.96940004706,,-1.78586536269,-4.08923376969,,,,,,-3.84188481567,-4.47763642648,,,,-4.93459029985,-4.26114941852,,,4.55627743146,,,-5.31344038738,-4.70486025104
OSTE04,"EFCAB5",ENSG00000176927,15.237599,,,,,5.988619498617308,3.97691864476,,,,,,6.00252066352,,,,,,6.03390538308,5.10300085131,5.84430783694,,,4.49719433847,,,5.69699865765,5.59162513705,,3.60181242897,4.92630253746,,,,,,5.6743112441,5.20165591231,,,,6.65866755982,5.17558708911,,,-5.53743787472,,,6.62933763459,6.3179178595
