code,target,ENSEMBL,association,Adipose_Subcutaneous,Adipose_Visceral_Omentum,Breast_Mammary_Tissue,Muscle_Skeletal,DGN_Whole_Blood,Whole_Blood,Artery_Aorta,Artery_Coronary,Artery_Tibial,Heart_Atrial_Appendage,Heart_Left_Ventricle,Spleen,Brain_Amygdala,Brain_Anterior_cingulate_cortex_BA24,Brain_Caudate_basal_ganglia,Brain_Nucleus_accumbens_basal_ganglia,Brain_Putamen_basal_ganglia,Brain_Cerebellar_Hemisphere,Brain_Cerebellum,Brain_Cortex,Brain_Frontal_Cortex_BA9,Brain_Hippocampus,Brain_Hypothalamus,Brain_Spinal_cord_cervical_c-1,Brain_Substantia_nigra,Nerve_Tibial,Cells_Transformed_fibroblasts,Cells_EBV-transformed_lymphocytes,Colon_Sigmoid,Colon_Transverse,Esophagus_Gastroesophageal_Junction,Esophagus_Mucosa,Esophagus_Muscularis,Liver,Minor_Salivary_Gland,Small_Intestine_Terminal_Ileum,Stomach,Adrenal_Gland,Pituitary,Pancreas,Thyroid,Lung,Ovary,Prostate,Testis,Uterus,Vagina,Skin_Not_Sun_Exposed_Suprapubic,Skin_Sun_Exposed_Lower_leg
BLOO01,"CNTN2",ENSG00000184144,22.300631,-6.10033441189,-8.66742747357,,,,,,,-7.52832833635,-4.84253589265,,-7.33782052994,,,,,,2.05884690419,-0.964007684695,,,,,,,-4.70377933233,,,-2.07670668148,-3.70831546294,-3.91896445933,,-3.82577853071,,,,,,,,-7.78988576288,,,,,,,-4.91768077826,-8.36796356034
BLOO02,"CNTN2",ENSG00000184144,11.260420,4.53220879312,5.09147585136,,,,,,,2.11509174635,1.65566139829,,2.39722013474,,,,,,-0.595231756063,-0.064125052467,,,,,,,2.2721368109,,,1.40497747894,3.14374407533,3.40037898135,,2.66351142162,,,,,,,,3.16125740187,,,,,,,4.44295400092,5.23071109162
BLOO04,"CNTN2",ENSG00000184144,10.765508,4.31965050691,5.5699810137,,,,,,,3.03690864052,1.51127465856,,2.678150177,,,,,,-1.17401821825,1.56194431012,,,,,,,2.88178601454,,,2.21533575139,3.04363115443,3.06751092439,,2.63034751079,,,,,,,,2.96557433729,,,,,,,3.87606236025,5.44004654879
BLOO08,"CNTN2",ENSG00000184144,16.483689,6.30194639688,6.12480829894,,,,,,,3.28955684154,3.30788557952,,3.73771548271,,,,,,-1.13269026838,0.96629269309,,,,,,,2.94062602415,,,1.22785645308,1.06346341316,2.77343436648,,3.55276925638,,,,,,,,4.69043027545,,,,,,,5.6980735714,6.18406510831
BLOO14,"CNTN2",ENSG00000184144,16.371856,5.77559851125,6.07198413536,,,,,,,4.53152329933,3.62994290778,,4.94360780716,,,,,,-0.323485528608,1.9935203176,,,,,,,3.23459071161,,,1.11590870138,0.820584343422,2.41015655088,,3.98057631375,,,,,,,,5.76594451529,,,,,,,4.83406477013,5.99305109505
BLOO15,"CNTN2",ENSG00000184144,11.638952,5.12842250176,5.55142237509,,,,,,,4.41207486389,3.55828211516,,4.63225746155,,,,,,-0.410323797835,1.82509549072,,,,,,,3.04671715073,,,1.17767825349,0.96748246839,2.11837916099,,4.07961119857,,,,,,,,5.42799986522,,,,,,,4.12316447069,5.28150686722
BLOO21,"CNTN2",ENSG00000184144,15.729298,5.68564412835,6.67961347004,,,,,,,4.21238271772,1.78698622307,,3.77941060066,,,,,,-1.46654594356,3.12150428738,,,,,,,3.63277323014,,,2.74627254191,2.83584241232,3.3978636927,,3.62105480018,,,,,,,,4.1540841566,,,,,,,5.11704864905,7.14439297538
BLOO22,"CNTN2",ENSG00000184144,17.748532,6.27112726839,7.3643411409,,,,,,,4.58617809674,1.9533407518,,4.21652126312,,,,,,-1.49985720111,3.14011825345,,,,,,,3.98874259393,,,2.95485275975,3.28837399185,3.88762488538,,4.0182220006,,,,,,,,4.68628559922,,,,,,,5.67590000905,7.86993337133
BLOO23,"CNTN2",ENSG00000184144,19.224222,6.76316425209,7.55929600387,,,,,,,5.40741323947,2.2317407613,,4.92672348022,,,,,,-1.70006471088,4.35262756472,,,,,,,4.4262842501,,,3.24491086598,2.65741189638,3.92560600163,,4.96387672545,,,,,,,,5.41819962242,,,,,,,6.12020554048,8.40069948907
BLOO25,"CNTN2",ENSG00000184144,17.915495,-6.24909890576,-7.76026826108,,,,,,,-4.51851706119,-2.54999567131,,-4.16205215454,,,,,,1.51316466732,-0.332868535202,,,,,,,-3.95874960908,,,-2.10940835043,-2.39158329603,-4.14463552164,,-3.32891081188,,,,,,,,-4.7923503667,,,,,,,-5.74491221896,-7.39106099857
BLOO26,"CNTN2",ENSG00000184144,33.460071,-8.55813593896,-9.9128913979,,,,,,,-6.35657725889,-4.42261362265,,-6.39968299866,,,,,,1.77233198406,-1.45772344619,,,,,,,-5.14184926738,,,-2.60691574487,-4.08149312325,-4.85423786713,,-5.44638757137,,,,,,,,-7.30828756672,,,,,,,-7.66007166271,-10.2655030116
BLOO27,"CNTN2",ENSG00000184144,16.701649,-6.58886010869,-7.25806784543,,,,,,,-4.68058669469,-3.50764100256,,-4.91809606552,,,,,,1.25294230463,-1.42538028869,,,,,,,-3.74536940848,,,-1.91261400823,-3.40122367294,-3.53908044601,,-4.4042403927,,,,,,,,-5.61949588971,,,,,,,-5.95988588875,-8.0174035397
BLOO29,"CNTN2",ENSG00000184144,79.379541,18.1038856634,23.5044855406,,,,,,,17.9367563802,10.5842476729,,16.7688808441,,,,,,-6.75975527189,4.62997766077,,,,,,,14.3901199616,,,7.97357218817,8.09207651217,13.2634764531,,13.6660179547,,,,,,,,18.8433370542,,,,,,,15.3660535127,23.394203745
BLOO34,"CNTN2",ENSG00000184144,7.312641,4.01761290137,4.1294915802,,,,,,,2.88210925542,-0.934155080766,,2.70115089417,,,,,,-1.52084331782,-0.644954847339,,,,,,,-0.166538600297,,,0.316089599388,1.20130525023,2.09770232302,,0.223950515038,,,,,,,,3.37098976648,,,,,,,4.1882938378,5.59439068121
BLOO35,"CNTN2",ENSG00000184144,9.836302,4.49921575286,5.36655067587,,,,,,,5.131239549,3.52033535384,,5.35970067978,,,,,,-1.32143769061,1.96146130657,,,,,,,4.31670452512,,,1.91803807318,1.90456936089,3.09802024283,,3.91035623601,,,,,,,,5.76582939321,,,,,,,3.26340641112,5.74085118398
SCHI01,"CNTN2",ENSG00000184144,6.306598,4.11410345138,5.00094774641,,,,,,,1.57836552679,1.37183735155,,1.43812000751,,,,,,-1.52298897648,-0.798752442248,,,,,,,1.40978339445,,,1.61422083205,1.24624058624,2.72822341396,,1.65685305381,,,,,,,,1.95785940759,,,,,,,3.95755017215,3.99469610372
SCHI02,"CNTN2",ENSG00000184144,5.650684,4.37689986143,5.17849662727,,,,,,,1.65294679932,1.41675873405,,1.43812000751,,,,,,-1.05567951605,-0.684277030793,,,,,,,1.43060927729,,,1.76234742721,1.45358265335,2.76695879263,,1.88033129076,,,,,,,,1.97372934495,,,,,,,4.05504578693,3.92816852295
