code,target,ENSEMBL,association,Adipose_Subcutaneous,Adipose_Visceral_Omentum,Breast_Mammary_Tissue,Muscle_Skeletal,DGN_Whole_Blood,Whole_Blood,Artery_Aorta,Artery_Coronary,Artery_Tibial,Heart_Atrial_Appendage,Heart_Left_Ventricle,Spleen,Brain_Amygdala,Brain_Anterior_cingulate_cortex_BA24,Brain_Caudate_basal_ganglia,Brain_Nucleus_accumbens_basal_ganglia,Brain_Putamen_basal_ganglia,Brain_Cerebellar_Hemisphere,Brain_Cerebellum,Brain_Cortex,Brain_Frontal_Cortex_BA9,Brain_Hippocampus,Brain_Hypothalamus,Brain_Spinal_cord_cervical_c-1,Brain_Substantia_nigra,Nerve_Tibial,Cells_Transformed_fibroblasts,Cells_EBV-transformed_lymphocytes,Colon_Sigmoid,Colon_Transverse,Esophagus_Gastroesophageal_Junction,Esophagus_Mucosa,Esophagus_Muscularis,Liver,Minor_Salivary_Gland,Small_Intestine_Terminal_Ileum,Stomach,Adrenal_Gland,Pituitary,Pancreas,Thyroid,Lung,Ovary,Prostate,Testis,Uterus,Vagina,Skin_Not_Sun_Exposed_Suprapubic,Skin_Sun_Exposed_Lower_leg
BFPC04B,"PICK1",ENSG00000100151,6.639937,-0.176374272787,0.00188926958264,,0.936328577304,-1.4619283499573783,-1.0720557039,,,,,,-0.324452525142,1.22891768774,,0.548599205013,,2.74186258978,,,,,1.3319554298,0.982668414621,2.74589346473,2.90852006391,1.0106730842,-0.886796583375,,-0.90138534807,,,,0.627670765714,4.50711983651,,,-2.35746129708,,,,,-0.750248614366,,,3.16276154558,,,1.67858443892,0.924682753791
BFPC04,"PICK1",ENSG00000100151,5.998872,-0.271399770443,-0.0874511168636,,0.822303678626,-1.5084898311347663,-1.11653251784,,,,,,-0.401900354793,1.26325576955,,0.360500984018,,2.50930353963,,,,,1.2942611784,0.881865877353,2.57119127447,2.68942828752,0.90271255674,-0.892343470078,,-0.922751142289,,,,0.60295127912,4.3536269429,,,-2.2439906863,,,,,-0.825842690792,,,2.9643897435,,,1.55685673775,0.804806056828
BLOO03,"PICK1",ENSG00000100151,0.086213,0.756519872993,0.0661135813321,,1.02031670108,0.9672129279972984,0.772529924067,,,,,,0.595770679753,-0.0851568162744,,0.68627458446,,-0.0296829805017,,,,,-0.1895738614,-0.769849692141,0.622990698543,-0.175741957534,0.581490307119,1.53596207799,,0.456299161478,,,,0.577707029488,-4.89772041757,,,-4.19964326481,,,,,0.972563313118,,,-0.686664438802,,,0.357832340933,3.6134773525
BLOO26,"PICK1",ENSG00000100151,2.640013,-2.48143339741,-2.07056975758,,inf,-1.787653491812707,-2.00503274928,,,,,,-2.13774505759,-0.17796247134,,-2.08273466567,,-3.01551866011,,,,,-0.491453840413,-2.07697284238,-1.29667332823,0.689643736623,-2.19864514456,-1.09976236453,,-1.30010615591,,,,-1.98149513744,-inf,,,-7.04419985504,,,,,-3.26461209921,,,0.0776349633744,,,-2.77013882046,inf
BLOO27,"PICK1",ENSG00000100151,1.983970,-2.58130482142,-1.82312134904,,-1.72055338901,-1.89012570129527,-2.02343463916,,,,,,-2.10380044186,-0.543926511482,,-1.88018540149,,-3.29470998185,,,,,-1.11018794887,-2.17119880745,-1.47737082761,0.222328028823,-2.29111698976,-1.09561683613,,-1.57650585506,,,,-2.35779877429,-2.74987713738,,,-6.57150725456,,,,,-3.18435764516,,,-0.103690274467,,,-2.73908161247,2.01019701937
BLOO34,"PICK1",ENSG00000100151,8.216511,1.27569743769,0.292607323742,,2.04778162996,-0.003950366668627437,0.27353252669,,,,,,0.453702563452,1.13848955232,,2.05614274317,,2.84197927148,,,,,2.31263293464,2.74011142725,2.8635177419,2.41161096054,1.77979045019,0.123634250796,,-0.0218813667491,,,,1.04272068766,-1.51641299709,,,-1.32697333353,,,,,1.6588345309,,,2.1343960047,,,2.55394676109,2.08590369492
BLOO35,"PICK1",ENSG00000100151,2.856579,1.29614032797,2.04956577744,,1.74387604311,0.6197893915982912,1.11746173177,,,,,,1.47596255535,0.317147226077,,1.98098886095,,2.25149172459,,,,,1.98553960685,1.79786690572,1.42352576805,0.425578098445,1.88336145483,0.456357502391,,0.885195717306,,,,2.05212467014,5.20861070085,,,6.28697161619,,,,,1.52628260322,,,0.63268521279,,,2.14481009967,-2.18341001864
FATM04B,"PICK1",ENSG00000100151,5.878145,-0.0916253253606,0.158421677277,,1.03789207265,-1.0291691603958946,-0.815480369556,,,,,,-0.0467220692744,1.22795956808,,0.584610346701,,2.63875576743,,,,,1.82065855879,1.34163345353,2.75156071285,2.9656403298,1.26481179168,-1.12380136449,,-0.519213958869,,,,0.663608578332,3.59372448514,,,-2.27075983777,,,,,-0.600436342203,,,3.20981468768,,,1.88828821489,1.12126244883
FATM04,"PICK1",ENSG00000100151,5.625967,-0.188508510776,0.0519990652517,,0.913048011057,-1.1206820918023455,-0.884309573219,,,,,,-0.150520742225,1.28952700525,,0.359925450539,,2.4513964757,,,,,1.71938842416,1.26380487216,2.63481619168,2.78972554306,1.16636892113,-1.14087908141,,-0.5832243021,,,,0.604353664574,3.49258314107,,,-2.17661767148,,,,,-0.693983467057,,,2.9820317931,,,1.80502080104,1.0124548047
