code,target,ENSEMBL,association,Adipose_Subcutaneous,Adipose_Visceral_Omentum,Breast_Mammary_Tissue,Muscle_Skeletal,DGN_Whole_Blood,Whole_Blood,Artery_Aorta,Artery_Coronary,Artery_Tibial,Heart_Atrial_Appendage,Heart_Left_Ventricle,Spleen,Brain_Amygdala,Brain_Anterior_cingulate_cortex_BA24,Brain_Caudate_basal_ganglia,Brain_Nucleus_accumbens_basal_ganglia,Brain_Putamen_basal_ganglia,Brain_Cerebellar_Hemisphere,Brain_Cerebellum,Brain_Cortex,Brain_Frontal_Cortex_BA9,Brain_Hippocampus,Brain_Hypothalamus,Brain_Spinal_cord_cervical_c-1,Brain_Substantia_nigra,Nerve_Tibial,Cells_Transformed_fibroblasts,Cells_EBV-transformed_lymphocytes,Colon_Sigmoid,Colon_Transverse,Esophagus_Gastroesophageal_Junction,Esophagus_Mucosa,Esophagus_Muscularis,Liver,Minor_Salivary_Gland,Small_Intestine_Terminal_Ileum,Stomach,Adrenal_Gland,Pituitary,Pancreas,Thyroid,Lung,Ovary,Prostate,Testis,Uterus,Vagina,Skin_Not_Sun_Exposed_Suprapubic,Skin_Sun_Exposed_Lower_leg
BLOO11,"PUS10",ENSG00000162927,7.139129,2.70471083624,,2.11101972191,3.43216751568,3.169175025124191,0.286130922358,2.83893068601,,1.23353465619,3.11716756776,1.71911650352,2.84356311861,2.99910971887,,,,,,,,,,,,,2.09595541366,2.63260484475,,2.44153495049,,2.73941052064,3.37461114212,2.28523805697,,0.298730652707,2.58238685816,3.10376028822,3.11356103421,,,2.76823163732,2.36024170414,2.12910561695,,,,2.51514248959,,0.751004699431
BLOO21,"PUS10",ENSG00000162927,7.419931,1.77788945632,,2.2388131526,2.75699565077,3.234438936532105,-0.865816281884,2.11489562092,,0.813494848952,2.55093913851,-0.187483429308,2.43090412585,1.96416351472,,,,,,,,,,,,,1.97606035945,1.99634139377,,2.57433321874,,1.96224983771,2.36876871823,2.1156446181,,-1.3168191928,1.9233788305,3.39521732408,2.21895660986,,,2.97997303785,1.72931003174,1.47717809218,,,,1.94871062006,,0.140822551284
BLOO22,"PUS10",ENSG00000162927,7.249692,1.57791124947,,1.86960303087,2.68180080423,2.944711079926324,-0.766956175274,1.92201203845,,0.407797080598,2.34005377505,-0.133984406187,2.21264803858,2.34944152968,,,,,,,,,,,,,1.74292757209,1.77797926009,,2.36605392759,,1.64047489994,2.06936611133,1.79609279416,,-1.02113029018,1.80703838434,3.23163986309,1.93615402686,,,2.60233815248,1.41070123232,1.55316791898,,,,1.6815608783,,-0.518159147878
BLOO23,"PUS10",ENSG00000162927,16.215126,2.38780990072,,3.16640401842,3.95980951767,4.737835364616109,0.305931777962,2.61159338628,,1.51181622087,3.27684632851,0.0352033474944,2.83507779777,2.53329742731,,,,,,,,,,,,,3.11272773702,2.51172472226,,3.07959443641,,2.82804923962,2.69857949495,2.57544554353,,-1.95434063489,2.26220980729,5.67150835365,2.95662328877,,,4.52932613411,2.81641206977,2.29174857119,,,,2.2813287755,,0.247790215686
BLOO26,"PUS10",ENSG00000162927,1.693575,1.70590964412,,3.09174927967,1.6462803871,1.6079369913866344,-2.37277309799,1.73802727838,,2.48085216553,1.73818118084,1.14446949749,1.9775009325,-1.90057069822,,,,,,,,,,,,,1.36971425773,1.89226763799,,1.10547574324,,1.79188021362,2.75102743219,2.55785101162,,-2.03713860806,1.51640509792,0.691331416842,2.17589183806,,,2.99594639652,2.52003650791,-0.725945876481,,,,2.62374728306,,5.68013790279
BLOO27,"PUS10",ENSG00000162927,2.176415,1.57358825898,,3.09994230682,1.64059596515,1.4697487351895298,-2.58000701372,1.68389751418,,2.41883677455,1.67005836861,1.37698548261,2.11639325911,-2.11142075984,,,,,,,,,,,,,1.17137362086,1.76849063626,,1.271130769,,1.6814014107,2.90404206197,2.54010089122,,-1.80129791887,1.10433450133,0.697991203932,2.36031836404,,,3.41036203916,2.39459967609,-0.846432483041,,,,2.6812481743,,6.19867697543
CELI01,"PUS10",ENSG00000162927,7.447356,-1.3736795187,,-4.05736064911,-1.03275416097,-1.0586666960097042,1.75288450718,-1.3736795187,,0.342101859028,1.86939156055,2.06495161411,-1.3736795187,-1.278425453,,,,,,,,,,,,,-2.74690809011,0.540108227194,,-0.92663224177,,-0.916536808185,-1.89840872616,-1.3736795187,,-1.75997728003,-1.2566755607,-1.39012241508,-1.15825150081,,,2.31834361259,-1.3736795187,0.398208599725,,,,-2.05928063345,,-0.960249349191
CROH01,"PUS10",ENSG00000162927,9.849274,-2.80407756121,,-2.53675052058,-2.18767458631,-2.363594214867357,-0.690133322954,-2.84112190521,,-1.94805522347,-2.9867636683,0.705897488837,-2.20447346298,-2.10878954389,,,,,,,,,,,,,-1.67249649893,-2.55625105235,,-1.48105535674,,-2.71951597789,-2.28905540851,-2.42749031137,,0.592929515731,-2.05060166959,-2.95356069801,-1.88968787458,,,-2.44330186255,-2.47799161624,-1.68488555194,,,,-3.405760126,,-1.01010991119
EDUC01,"PUS10",ENSG00000162927,3.891909,-4.03243666638,,-3.49099453799,-4.73102223679,-1.8611892115768756,0.516593653169,-3.92524945339,,-3.11881161524,-3.89885103449,-4.11858500182,-3.63162566023,-3.99993196004,,,,,,,,,,,,,-2.8784354914,-3.68556670508,,-3.55758428329,,-2.58743198281,-3.45815046866,-3.38608879467,,-1.34391420861,-4.63852008833,-3.86285157184,-3.35274279942,,,-2.31646347972,-3.37720560164,-3.91762562201,,,,-3.07819671083,,0.873188999926
EDUC03,"PUS10",ENSG00000162927,9.723286,-5.88915417158,,-4.78976029455,-6.71221858872,-3.884109412512892,1.49396459809,-5.88098254184,,-4.57358739743,-5.82532826509,-5.08829882156,-5.48575944236,-4.98989954216,,,,,,,,,,,,,-5.22252461907,-5.53634590434,,-5.12821200118,,-4.63202259033,-4.74431694758,-5.11108656385,,-2.03702106131,-6.21243905356,-6.17306316765,-5.4626930695,,,-4.70403309041,-5.72908267538,-6.17155230457,,,,-3.99922415886,,0.455390778221
INFB01,"PUS10",ENSG00000162927,17.090765,-1.21746496208,,-0.809260348722,-1.36244800291,-0.6166916788956444,-0.67663593236,-1.37009776317,,0.666860575456,-2.02015493671,1.61207667193,-0.853889877712,-1.41878330661,,,,,,,,,,,,,0.197675526742,-0.943370465968,,0.213348802021,,-0.923913713259,-0.956184239887,-0.4984926334,,2.36444857025,-1.37106224872,-2.43804372675,-0.778469833307,,,-1.58137695436,-0.451856698392,-0.472765913085,,,,-3.18645380884,,0.728891142166
MENA02F,"PUS10",ENSG00000162927,5.362881,4.50238310785,,3.47621583546,3.83673070077,3.898137006329109,0.0370872407023,4.57939899078,,3.45491618297,4.31838853058,6.44004597772,4.37278647397,2.02346510549,,,,,,,,,,,,,3.89216767359,4.50668272213,,3.14467853268,,4.38945146636,4.7670089175,4.11008825947,,3.01233277133,2.3181175275,2.65532650896,6.43062460741,,,2.52368880065,4.59336538004,3.75085462202,,,,3.91746426918,,4.14127152938
RHEU01,"PUS10",ENSG00000162927,11.070714,4.9251937011,,6.40181943854,5.13562483519,4.764327149956583,1.50993544321,4.80345655836,,7.02123292529,4.27993655851,3.43634621044,4.60016950002,3.40854139563,,,,,,,,,,,,,4.08466710211,4.94627001992,,4.25694752861,,5.16527694208,4.03077084008,5.74591294045,,2.00435356298,3.05738589302,3.87485334838,4.33457310126,,,4.19415836531,6.10335151521,4.15594451957,,,,2.88183470295,,6.09076196798
RHEU02,"PUS10",ENSG00000162927,11.983552,4.9251937011,,6.40181943854,5.13562483519,4.764327149956582,1.50993544321,4.80345655836,,7.02123292529,4.27993655851,3.43634621044,4.60016950002,3.40854139563,,,,,,,,,,,,,4.08466710211,4.94627001992,,4.25694752861,,5.16527694208,4.03077084008,5.74591294045,,2.00435356298,3.05738589302,3.87485334838,4.33457310126,,,4.19415836531,6.10335151521,4.15594451957,,,,2.88183470295,,6.09076196798
ULCC01,"PUS10",ENSG00000162927,15.401943,0.442079007022,,0.868933254525,-0.548257450726,1.0830908052380386,-0.408901250224,0.172368620571,,2.53486061728,-0.494541934016,1.32826500522,0.343491858854,-0.727597808592,,,,,,,,,,,,,1.61580436699,0.596498572522,,1.11007977144,,0.667576065053,0.031442981662,1.09262744452,,2.02676585908,-0.258916690259,-0.962544431491,0.106183912554,,,-0.275564227801,1.22357530199,0.264605151134,,,,-2.09388496846,,2.21148846322
