code,target,ENSEMBL,association,Adipose_Subcutaneous,Adipose_Visceral_Omentum,Breast_Mammary_Tissue,Muscle_Skeletal,DGN_Whole_Blood,Whole_Blood,Artery_Aorta,Artery_Coronary,Artery_Tibial,Heart_Atrial_Appendage,Heart_Left_Ventricle,Spleen,Brain_Amygdala,Brain_Anterior_cingulate_cortex_BA24,Brain_Caudate_basal_ganglia,Brain_Nucleus_accumbens_basal_ganglia,Brain_Putamen_basal_ganglia,Brain_Cerebellar_Hemisphere,Brain_Cerebellum,Brain_Cortex,Brain_Frontal_Cortex_BA9,Brain_Hippocampus,Brain_Hypothalamus,Brain_Spinal_cord_cervical_c-1,Brain_Substantia_nigra,Nerve_Tibial,Cells_Transformed_fibroblasts,Cells_EBV-transformed_lymphocytes,Colon_Sigmoid,Colon_Transverse,Esophagus_Gastroesophageal_Junction,Esophagus_Mucosa,Esophagus_Muscularis,Liver,Minor_Salivary_Gland,Small_Intestine_Terminal_Ileum,Stomach,Adrenal_Gland,Pituitary,Pancreas,Thyroid,Lung,Ovary,Prostate,Testis,Uterus,Vagina,Skin_Not_Sun_Exposed_Suprapubic,Skin_Sun_Exposed_Lower_leg
ANKY01,"TRIM38",ENSG00000112343,16.227766,,,,2.89495015144,-7.310252257984957,,,,,,,,,,,,,,,,,,,,,,,,,1.75121419632,-8.18206214905,,,,,,,,,,,,,,,,-1.32157683372,,-8.56764764778
BFPC04B,"TRIM38",ENSG00000112343,7.760050,,,,-2.03658836605,-3.432790329791322,,,,-0.759657551044,2.82621408822,,,,,,-2.22734854745,,,,,,,,,,,,,,-1.56185963771,1.22576660075,1.02270051983,3.68895966303,,-0.175450293552,,,,,3.71914142858,4.11651622695,,,,4.08932420411,,-0.0116158495136,0.731069073365,-1.19098288063
BFPC04M,"TRIM38",ENSG00000112343,7.683946,,,,-0.932242574476,-3.665842730190186,,,,-2.10808209408,1.39324817642,,,,,,-1.63341264131,,,,,,,,,,,,,,-1.58006607992,-0.2871917042,-0.339116364462,2.55934041115,,-1.11252416434,,,,,2.76064296422,3.32335100028,,,,3.36528840377,,-0.870525423465,0.0838669943167,-2.65923063988
BFPC04,"TRIM38",ENSG00000112343,7.352862,,,,-2.14137179362,-3.1952739845308216,,,,-0.462288197481,2.94072794662,,,,,,-2.29029916761,,,,,,,,,,,,,,-1.52444748054,1.50965214231,1.23859804072,3.76210545444,,0.0943536962827,,,,,3.7372820809,4.09280682154,,,,4.09483418998,,0.14950311687,0.802141445108,-0.85011327206
BLOO01,"TRIM38",ENSG00000112343,7.376255,,,,-3.88691991741,-5.654298411495855,,,,0.339788614294,2.1613755206,,,,,,-0.510910127979,,,,,,,,,,,,,,1.19483558271,1.89490688424,0.959283822788,3.99064937663,,-0.826367511452,,,,,3.31178501808,3.71562773306,,,,2.35259093544,,2.15704201337,-0.193701359459,-1.68314855616
BLOO02,"TRIM38",ENSG00000112343,5.630395,,,,-4.89726538497,0.35586088817106576,,,,3.50649283802,2.28906268196,,,,,,2.88263907422,,,,,,,,,,,,,,4.69644193967,2.73727159553,2.00297768235,2.24466420996,,0.345410672771,,,,,3.38332184828,2.15520234784,,,,-0.663527846808,,-0.0520707785667,1.57776908563,1.97780883331
BLOO03,"TRIM38",ENSG00000112343,72.600569,,,,7.81136274431,18.55283342856715,,,,-3.93150758743,-7.09380472928,,,,,,4.05649434674,,,,,,,,,,,,,,-8.09357303436,-9.62268922985,-0.664264679649,-16.6832217126,,-4.71263233054,,,,,-16.9289129994,-19.2893810055,,,,-16.1053599646,,7.20765325261,1.47449802316,8.1806449445
BLOO04,"TRIM38",ENSG00000112343,46.677615,,,,3.92922487757,12.163052354399511,,,,-1.32512418677,-3.95514845823,,,,,,3.82346263802,,,,,,,,,,,,,,-4.09955770675,-5.17026201812,-0.210093935699,-10.3320265659,,-2.93232784211,,,,,-9.59681937989,-11.541171555,,,,-10.236568226,,5.37633109434,0.986002191622,6.17145692817
BLOO05,"TRIM38",ENSG00000112343,16.561458,,,,0.454648314206,7.242808825222569,,,,3.95455252705,-0.652576482549,,,,,,4.28989258162,,,,,,,,,,,,,,1.02977361464,0.689429437586,1.61206679438,-2.31549601441,,1.43195159256,,,,,-2.15197433775,-3.62121176392,,,,-3.70569175318,,2.08794959824,0.194857051092,4.12687336526
BLOO06,"TRIM38",ENSG00000112343,9.137845,,,,1.52707274457,4.960998308971709,,,,1.3377282397,-0.734409261683,,,,,,1.87423377959,,,,,,,,,,,,,,-0.123473664457,-1.53409407081,1.44585744275,-3.18691125692,,-0.382472726225,,,,,-3.04746886811,-4.134090326,,,,-2.20181165183,,1.1645159375,0.0580772015903,1.29645047699
BLOO07,"TRIM38",ENSG00000112343,9.874194,,,,1.13928350496,5.089713355181242,,,,2.23614891198,0.619297060452,,,,,,2.99763456499,,,,,,,,,,,,,,4.24163292428,2.28397644412,0.256099357545,-0.441075474058,,1.98814142693,,,,,-0.210699870026,-1.71039709417,,,,-1.05082657993,,0.589520715736,-2.8723131631,1.51045545546
BLOO09,"TRIM38",ENSG00000112343,10.030910,,,,1.67283878522,5.475990810107195,,,,1.38032781234,-0.552778730462,,,,,,2.15455144236,,,,,,,,,,,,,,0.203317942367,-1.26536952061,1.34359431687,-3.15259301618,,-0.111424285523,,,,,-2.99501103121,-4.17572572827,,,,-2.18200042387,,1.33677458071,-0.296291979643,1.31845218603
BLOO10,"TRIM38",ENSG00000112343,11.265648,,,,1.56590302859,5.992570348140179,,,,1.87925016016,-0.483464049907,,,,,,2.49158473822,,,,,,,,,,,,,,0.265673879946,-1.07640843592,1.50187827981,-3.22624876732,,0.0415519931924,,,,,-3.05967631342,-4.29701098302,,,,-2.54031165166,,1.68878223831,-0.252343531051,1.80667212374
BLOO11,"TRIM38",ENSG00000112343,14.983510,,,,0.177654689254,6.975401096152036,,,,5.94834238755,1.65946306662,,,,,,5.61109945988,,,,,,,,,,,,,,4.29849841565,3.23095072223,1.46862551677,-0.623647809868,,2.26191584671,,,,,-0.21754505657,-1.52819543891,,,,-2.71420456247,,3.29743916757,-1.42180991529,4.52467215873
BLOO12,"TRIM38",ENSG00000112343,21.662441,,,,1.38331328579,7.625222356179939,,,,3.81314889231,0.148714062649,,,,,,4.18128583324,,,,,,,,,,,,,,2.13697451333,0.346051731872,1.84247340453,-3.02360503607,,0.998882492924,,,,,-2.62234259448,-4.25927234265,,,,-3.15403592422,,2.41048722442,-0.801172451401,3.32583292096
BLOO13,"TRIM38",ENSG00000112343,8.284649,,,,1.58692264425,5.949241581186551,,,,1.37260562656,-0.653371471202,,,,,,1.90088897447,,,,,,,,,,,,,,-0.1034333485,-1.4440289573,1.48891370148,-3.13505806448,,-0.282876847045,,,,,-3.0251375044,-4.21656142054,,,,-2.16393716044,,1.2678957328,0.107894476653,1.28631718768
BLOO16,"TRIM38",ENSG00000112343,9.919337,,,,1.42478370889,5.723667298782462,,,,2.37398854704,0.553708707777,,,,,,3.27707800419,,,,,,,,,,,,,,4.23410024141,2.14365182848,0.300421069331,-0.711248855789,,1.8506081249,,,,,-0.54441990487,-2.12693487911,,,,-1.48226420697,,0.664616205908,-2.61488106141,1.60973911837
BLOO20,"TRIM38",ENSG00000112343,50.188727,,,,4.63081757633,13.026789527884048,,,,-1.59295835687,-3.98719497833,,,,,,3.4709387447,,,,,,,,,,,,,,-4.32718548507,-5.44202737499,-0.311042987903,-10.9824917745,,-2.92611474647,,,,,-10.8673152946,-12.8846292436,,,,-11.4418848499,,5.01373943648,0.798833213584,5.94661574348
BLOO21,"TRIM38",ENSG00000112343,16.167044,,,,2.23182400978,7.83555106864628,,,,-0.923952590047,-3.14850954759,,,,,,2.4990669661,,,,,,,,,,,,,,-2.82906068277,-3.1771816113,-0.736843014269,-6.63049786704,,-2.31361863521,,,,,-5.77519770944,-6.81185712528,,,,-6.87280808377,,4.31561409421,0.150244397286,4.26069646882
BLOO22,"TRIM38",ENSG00000112343,17.914852,,,,1.42468800404,7.942633099328085,,,,-0.384232590996,-2.69757627587,,,,,,2.97049555097,,,,,,,,,,,,,,-2.0909967418,-2.75044739746,-0.351749418907,-6.26887928459,,-2.27831735737,,,,,-5.26320024937,-6.51142951323,,,,-7.02961082227,,4.33358478278,0.472958540071,4.64064770129
BLOO25,"TRIM38",ENSG00000112343,79.417937,,,,9.84990759764,15.87986896976355,,,,-6.77782668765,-8.5884897216,,,,,,1.98461400946,,,,,,,,,,,,,,-10.4747465272,-12.320994268,-1.24655725792,-17.1220939902,,-5.2578660441,,,,,-18.3349665722,-19.6512631549,,,,-14.1869465454,,7.08409804682,1.14026288199,6.34461919527
BLOO26,"TRIM38",ENSG00000112343,83.022583,,,,17.8523012087,22.972867434379737,,,,-10.9139251155,-12.597610669,,,,,,1.28974113549,,,,,,,,,,,,,,-17.815239463,-17.0852561182,-3.96305093661,-25.8617100881,,-7.33175907307,,,,,-27.8275642553,-29.4781115614,,,,-20.9607676788,,10.2355194751,-1.02750307343,7.86091110031
BLOO27,"TRIM38",ENSG00000112343,63.683610,,,,15.5304246539,18.474267592390838,,,,-8.6274355022,-9.93011571158,,,,,,0.261582703536,,,,,,,,,,,,,,-14.9048504314,-12.9824172072,-4.00089288152,-20.6670878169,,-5.11811333474,,,,,-22.430169485,-23.4886842618,,,,-16.4488899929,,7.96845290968,-1.739938322,5.81629155311
BLOO30,"TRIM38",ENSG00000112343,9.071307,,,,1.62649421862,6.28167123042826,,,,1.32864752569,-0.659165629827,,,,,,2.11622915004,,,,,,,,,,,,,,0.1622968858,-1.38232776647,1.54042228455,-3.23243198505,,-0.284136725782,,,,,-3.02718313756,-4.38178443755,,,,-2.29522624676,,1.20202619802,0.0321944090481,1.37467994864
BLOO33,"TRIM38",ENSG00000112343,8.894524,,,,-3.58150269876,-3.705507517008679,,,,2.01986105377,3.58552136691,,,,,,-0.239581805831,,,,,,,,,,,,,,1.28929126864,3.52873703293,0.940733534467,4.74093962356,,1.16995680703,,,,,4.03282304406,4.55144163325,,,,2.98063111396,,2.32759167736,0.0649502771127,-0.622670595961
BLOO34,"TRIM38",ENSG00000112343,6.976871,,,,3.68570965803,5.389148955551361,,,,1.50848174471,-1.65159806532,,,,,,1.90163877461,,,,,,,,,,,,,,-1.15978013563,-0.690312216236,-1.63678978951,-2.90577660777,,1.77368193197,,,,,-3.49273778097,-3.33495491324,,,,-2.41908600065,,-1.63731135736,-0.107814575894,1.65232821263
BLOO35,"TRIM38",ENSG00000112343,88.826348,,,,-12.2799400034,-17.839613194740128,,,,5.70278135847,6.97140839438,,,,,,-0.599272412252,,,,,,,,,,,,,,8.91726612709,9.41426834028,2.32799561364,17.1495795835,,2.75198266938,,,,,18.3975725108,20.1316007034,,,,14.3010763875,,-6.73912662454,1.7186906802,-6.55652998935
BLOO36,"TRIM38",ENSG00000112343,41.330023,,,,5.22577973435,12.756983080788594,,,,-2.2096413875,-4.68135020979,,,,,,3.23659890006,,,,,,,,,,,,,,-5.36175207185,-6.01241474539,-0.849735212717,-11.1721390585,,-3.14423633107,,,,,-10.6844109547,-12.2479760142,,,,-10.3562326421,,5.46613258657,0.488854478213,5.71856480262
BODY07B,"TRIM38",ENSG00000112343,5.685311,,,,-0.885888270043,-3.2961927604758707,,,,-0.755277818637,0.93266549051,,,,,,-0.295536183144,,,,,,,,,,,,,,-0.828694914405,0.820445622274,-0.38901710626,3.16702893226,,0.143754835499,,,,,3.25382875574,3.84997553639,,,,3.17827468165,,-1.69840785937,-0.0829791916971,-2.28155346053
BODY07,"TRIM38",ENSG00000112343,5.706394,,,,-1.09399254267,-3.137001455942499,,,,-0.450375880681,1.18503456084,,,,,,-0.298274401757,,,,,,,,,,,,,,-0.617704670423,1.18883472831,-0.306498679145,3.41747963705,,0.279318689168,,,,,3.46702654513,3.9669760418,,,,3.11322276616,,-1.48993298215,-0.105300556975,-1.9819812525
BODY08B,"TRIM38",ENSG00000112343,8.654489,,,,-0.517283587083,-4.165117198569981,,,,-2.21911347705,1.88995125634,,,,,,-2.66997879275,,,,,,,,,,,,,,-1.48691450013,0.058389884884,-1.07285406775,3.2730289839,,-0.269019113872,,,,,3.23758477245,4.06869190003,,,,4.64302801145,,-2.09671008041,-0.10173944792,-3.78095520111
BODY08M,"TRIM38",ENSG00000112343,10.446639,,,,0.0131617880894,-4.835230044777823,,,,-3.29768199151,0.794114976515,,,,,,-2.54310594514,,,,,,,,,,,,,,-1.69162099225,-1.0154453571,-1.36130172402,2.44656969978,,-0.702206842619,,,,,2.42513868289,3.44348055717,,,,4.46045583678,,-2.59050447622,-0.261153226715,-4.52515148424
BODY08,"TRIM38",ENSG00000112343,8.602616,,,,-0.552223837501,-3.7544453683219765,,,,-1.84685437829,2.03178678888,,,,,,-2.61857038983,,,,,,,,,,,,,,-1.38034809005,0.361528633375,-1.01220313883,3.34571245977,,-0.0378769203016,,,,,3.30160528979,4.06219833982,,,,4.54055368676,,-1.90550429461,-0.113391482953,-3.44481269729
EDUC03,"TRIM38",ENSG00000112343,6.514676,,,,5.53456053027,0.4637473189321672,,,,-5.22814385425,-3.22844617272,,,,,,-1.66515847615,,,,,,,,,,,,,,-1.87766485902,-4.36329877874,-5.48200044167,-3.56415608235,,-1.5201514016,,,,,-4.2783649599,-2.64322919616,,,,-0.446403701027,,-3.02830469863,-3.00243501521,-4.74171287404
ELEC04,"TRIM38",ENSG00000112343,31.307797,,,,7.55642383031,9.072636185321254,,,,-4.20889545193,-7.7359589487,,,,,,0.735226508117,,,,,,,,,,,,,,-7.92947747724,-9.16581873148,0.596820797106,-12.400794757,,-4.75118191322,,,,,-13.2957050439,-12.9368605039,,,,-8.7239156139,,4.73045508797,2.32963574613,3.17740618261
FATM02B,"TRIM38",ENSG00000112343,6.177734,,,,-1.94059170809,-2.9633988556777813,,,,0.252600586311,2.22265983382,,,,,,0.0711949198168,,,,,,,,,,,,,,-1.04058950843,2.21942701236,0.961208135004,3.68446059704,,0.56716166581,,,,,3.74095838387,4.01275833125,,,,2.84102484632,,-0.0869046543474,0.356457423734,-0.0600043142187
FATM02,"TRIM38",ENSG00000112343,6.715051,,,,-2.10486709739,-2.893915401437653,,,,0.466563832102,2.47692643512,,,,,,0.0468008337042,,,,,,,,,,,,,,-0.956038839879,2.55898155355,1.04148347547,3.93596586754,,0.700831094175,,,,,3.9198568893,4.11435640125,,,,2.8248344009,,0.132707704298,0.361178692418,0.19594772874
FATM03B,"TRIM38",ENSG00000112343,7.321873,,,,-2.09708525305,-3.0966048930714143,,,,0.382177346248,2.27540837332,,,,,,0.0491808891517,,,,,,,,,,,,,,-0.854279639193,2.40700467494,0.972869485474,3.82088398358,,0.658601797602,,,,,3.8761150974,4.15437124647,,,,2.93204281623,,-0.130180184481,0.386285069287,0.0194860809418
FATM03,"TRIM38",ENSG00000112343,6.667461,,,,-2.28377563125,-3.0451561059365764,,,,0.59594146922,2.51539950896,,,,,,0.0246749287778,,,,,,,,,,,,,,-0.752504734057,2.75044022652,1.05605941882,4.07318309712,,0.7798018311,,,,,4.05629085625,4.26225455741,,,,2.91931802282,,0.0732974521577,0.402170105953,0.279349545655
FATM04B,"TRIM38",ENSG00000112343,10.713656,,,,-1.71735674064,-4.5772672738692055,,,,-0.957826119842,3.49587336896,,,,,,-2.34057088758,,,,,,,,,,,,,,-1.64906812589,1.99803974863,0.333923123951,4.75080910386,,0.552280346428,,,,,4.50040759473,5.22216023582,,,,4.96316842134,,-0.12416858978,0.239929417967,-1.34581775673
FATM04M,"TRIM38",ENSG00000112343,9.087640,,,,-0.83272936692,-4.724594916464782,,,,-2.07744762178,2.0685390633,,,,,,-2.08302502872,,,,,,,,,,,,,,-1.50280815022,0.473032168771,-0.569938912657,3.38183114134,,-0.243331564198,,,,,3.25240685186,4.06356536174,,,,4.29525633009,,-0.954905185301,-0.0976359464117,-2.6354954944
FATM04,"TRIM38",ENSG00000112343,12.533192,,,,-1.75760661596,-4.265650194523195,,,,-0.692439806367,3.57899181938,,,,,,-2.31954700906,,,,,,,,,,,,,,-1.63227851282,2.24573278037,0.46935961021,4.82004077495,,0.7720017979,,,,,4.53812380594,5.22678011713,,,,4.92647044611,,0.0236997302834,0.258904268062,-1.04334576563
GLYC22,"TRIM38",ENSG00000112343,13.509480,,,,-3.22703716228,-5.00634474295978,,,,3.59516938388,3.20449138074,,,,,,-1.24340554593,,,,,,,,,,,,,,4.17219787001,4.29860228888,-0.0285466058393,5.81932780196,,2.54405005569,,,,,6.42379062744,6.2203006054,,,,4.80364189765,,-4.17519117063,-0.982876980489,-1.72867797099
HEIG03,"TRIM38",ENSG00000112343,9.669018,,,,-3.79145201774,-1.4392659974022413,,,,4.97521210271,4.04395955373,,,,,,1.09453956935,,,,,,,,,,,,,,1.82610159454,5.63940924711,3.02497016445,4.51417592654,,3.67098364424,,,,,3.39552617992,3.5482685157,,,,2.15490310298,,4.0084917965,1.28914529559,6.64994297653
HIPC03,"TRIM38",ENSG00000112343,7.544561,,,,-2.63649177898,-0.8347947488668013,,,,4.04756286985,4.61148065983,,,,,,1.14194543941,,,,,,,,,,,,,,1.66489216927,4.71640858468,2.19465259916,4.00886023587,,3.97664072398,,,,,3.53580192268,3.64550729848,,,,1.81101394438,,3.58546015701,0.226247905971,4.69114371861
HIPC04,"TRIM38",ENSG00000112343,7.003256,,,,-2.60368681798,-0.6750679700837967,,,,3.61181452067,4.36403623607,,,,,,1.69152509428,,,,,,,,,,,,,,1.79786738154,4.70329465799,2.23656885099,3.84516920023,,3.3991419451,,,,,3.45209175938,3.01370996933,,,,1.74469302911,,3.39095013333,0.249706791651,4.46003540174
IRON01,"TRIM38",ENSG00000112343,10.133134,,,,3.24197732592,5.5154597363960525,,,,-1.97267777541,-5.12931244699,,,,,,1.73916982844,,,,,,,,,,,,,,-4.20600938797,-4.16563515917,-0.9271794867,-5.89072161475,,-3.72140302482,,,,,-6.15589008344,-6.3652143416,,,,-5.81805667529,,3.95588322864,0.801459498952,1.46870994694
IRON02,"TRIM38",ENSG00000112343,33.569425,,,,-4.55833888423,-9.120991518061944,,,,3.1270461141,6.76324233704,,,,,,-3.29782871006,,,,,,,,,,,,,,8.11275860213,7.19337103891,-0.521059119535,10.55476979,,6.85214405861,,,,,10.9769307198,11.8156692312,,,,12.3583366922,,-8.6266481428,-2.96921499713,-5.80636777657
IRON03,"TRIM38",ENSG00000112343,54.553665,,,,9.3883469817,12.540192748432322,,,,-5.61446368658,-10.2556239883,,,,,,2.37403292241,,,,,,,,,,,,,,-10.6921629623,-11.8471178948,0.229592095533,-16.2558987679,,-7.43141053262,,,,,-17.302204641,-17.1629580499,,,,-13.5528230362,,8.09494904983,3.10206385048,5.12748311527
LEAN04B,"TRIM38",ENSG00000112343,7.217542,,,,-1.73151591905,-2.4554143065337946,,,,2.25950344459,3.09247998623,,,,,,0.278436223115,,,,,,,,,,,,,,0.185804023542,4.37965986027,0.263518961,4.63701611782,,2.46095323296,,,,,4.5288557272,4.14860484382,,,,2.40582074458,,-0.150835626021,-0.943958249038,1.36026104565
LEAN04,"TRIM38",ENSG00000112343,7.153991,,,,-1.23629637122,-2.718365754799015,,,,1.62092737017,2.5085616605,,,,,,-0.0318431566986,,,,,,,,,,,,,,0.0683184416633,3.71499034102,-0.177586220943,4.26033862492,,2.36585724336,,,,,4.07708625385,3.91467230223,,,,2.59391070111,,-0.583204740985,-0.862195186614,0.495103975996
LEAN05B,"TRIM38",ENSG00000112343,7.180285,,,,-1.82465910223,-2.45523758478827,,,,2.35815769283,2.94340682669,,,,,,0.354694591331,,,,,,,,,,,,,,0.247981131081,4.42275984003,0.283780162995,4.62392843779,,2.45632847924,,,,,4.50559180338,4.14599546694,,,,2.34234521415,,-0.126184147066,-0.915840527213,1.45220839109
LEAN05,"TRIM38",ENSG00000112343,6.643687,,,,-1.29967796709,-2.7346576979785606,,,,1.68718690542,2.44515366806,,,,,,0.0270897476861,,,,,,,,,,,,,,0.149078922326,3.78168330585,-0.160028387156,4.30125908737,,2.41006725436,,,,,4.10733234965,3.94411045151,,,,2.60486469689,,-0.549809569938,-0.853358619753,0.54992348961
LEAN06B,"TRIM38",ENSG00000112343,9.640943,,,,-1.3051037052,-2.8314481101218747,,,,1.68859007042,3.93264664058,,,,,,-0.161224273653,,,,,,,,,,,,,,0.0535857434105,4.63589266557,0.247074141404,5.43823863953,,3.26707567042,,,,,4.93330165118,5.02012924324,,,,3.98325806667,,-0.19906811032,-0.581514205212,1.30430455984
LEAN06M,"TRIM38",ENSG00000112343,6.241504,,,,-0.671644480106,-3.4488543118666364,,,,0.391840589998,2.66102924207,,,,,,-0.94503009642,,,,,,,,,,,,,,0.0525154998018,2.95051456222,-0.0321658958837,3.74322524248,,2.38103150336,,,,,3.1672039683,3.4679156523,,,,3.59187445527,,-0.251464557029,-0.438470103358,0.0726669566529
LEAN06,"TRIM38",ENSG00000112343,9.827047,,,,-1.1525652841,-3.499884019893153,,,,1.28399179788,3.86759769133,,,,,,-0.633574285054,,,,,,,,,,,,,,0.0741052670998,4.44545318839,0.119294847345,5.38585228829,,3.33831002794,,,,,4.78853288527,4.9981224091,,,,4.42470951176,,-0.299259647999,-0.570577527683,0.834080030809
LUPU01,"TRIM38",ENSG00000112343,15.179050,,,,-1.6104976944,-7.091410874705427,,,,-5.01572673912,-1.83385023728,,,,,,-2.61239374522,,,,,,,,,,,,,,-3.50918177656,-3.24609442446,-1.33877467862,0.030622334342,,-3.84662658047,,,,,0.219441478895,1.86028047186,,,,2.13827056024,,-1.43197576461,0.901282452028,-4.26218067593
NEUR02B,"TRIM38",ENSG00000112343,3.872928,,,,-2.80800064499,3.1565184390875203,,,,5.06876990554,0.188453540917,,,,,,2.86524851928,,,,,,,,,,,,,,1.03139672858,2.35119706551,2.0746657336,0.169333243051,,0.811883981058,,,,,1.05610326766,-0.971886572138,,,,-2.50666655117,,0.649373919354,0.492152911792,4.17181933846
PRSC01,"TRIM38",ENSG00000112343,45.787519,,,,1.10897426319,-5.754527539983141,,,,-8.69672400096,-1.18816219988,,,,,,0.513819992542,,,,,,,,,,,,,,-5.49545397223,-5.09469099042,-3.71262342376,-1.59567806846,,-5.61192187736,,,,,-3.30334975951,-0.946002002637,,,,0.98071171785,,-2.53593538681,0.0910315773476,-7.71417489875
SCHI01,"TRIM38",ENSG00000112343,15.701890,,,,-2.54348174506,5.31782832759121,,,,8.05144750466,2.72804169239,,,,,,2.96627498104,,,,,,,,,,,,,,4.99059081671,4.49525474988,3.14387018121,1.84490678665,,3.85969658647,,,,,2.69040698986,0.722306098078,,,,-1.46388849527,,0.953352821487,1.91023368008,6.05381073616
SCHI02M,"TRIM38",ENSG00000112343,13.345275,,,,-1.84034354223,4.625952297164722,,,,6.5004451263,1.84541610955,,,,,,1.67702429822,,,,,,,,,,,,,,4.15860408145,4.06234271373,2.3610871765,1.7406972588,,3.81717736817,,,,,2.35339883096,0.674207501321,,,,-0.860963419533,,0.867183302673,0.954532925133,4.95634070853
SCHI02,"TRIM38",ENSG00000112343,14.278222,,,,-2.74265298202,5.255453064406188,,,,7.95819552185,2.74351321174,,,,,,2.96776355405,,,,,,,,,,,,,,5.12405575939,4.42479103623,3.00529435938,1.66674554704,,3.92390127242,,,,,2.58545317535,0.609385326416,,,,-1.36849653114,,0.955691138061,2.15476689334,6.05178151682
URAT01,"TRIM38",ENSG00000112343,30.743090,,,,5.40344028644,0.08320626416498705,,,,-7.91532880184,-6.3469531887,,,,,,-4.30875571789,,,,,,,,,,,,,,-8.43832462622,-12.2156106846,-1.20990478522,-9.16129064814,,-11.3074625394,,,,,-9.78333551891,-8.39011838799,,,,-6.44240351205,,0.615841666838,1.91232821228,-5.76314070618
