code,target,ENSEMBL,association,Adipose_Subcutaneous,Adipose_Visceral_Omentum,Breast_Mammary_Tissue,Muscle_Skeletal,DGN_Whole_Blood,Whole_Blood,Artery_Aorta,Artery_Coronary,Artery_Tibial,Heart_Atrial_Appendage,Heart_Left_Ventricle,Spleen,Brain_Amygdala,Brain_Anterior_cingulate_cortex_BA24,Brain_Caudate_basal_ganglia,Brain_Nucleus_accumbens_basal_ganglia,Brain_Putamen_basal_ganglia,Brain_Cerebellar_Hemisphere,Brain_Cerebellum,Brain_Cortex,Brain_Frontal_Cortex_BA9,Brain_Hippocampus,Brain_Hypothalamus,Brain_Spinal_cord_cervical_c-1,Brain_Substantia_nigra,Nerve_Tibial,Cells_Transformed_fibroblasts,Cells_EBV-transformed_lymphocytes,Colon_Sigmoid,Colon_Transverse,Esophagus_Gastroesophageal_Junction,Esophagus_Mucosa,Esophagus_Muscularis,Liver,Minor_Salivary_Gland,Small_Intestine_Terminal_Ileum,Stomach,Adrenal_Gland,Pituitary,Pancreas,Thyroid,Lung,Ovary,Prostate,Testis,Uterus,Vagina,Skin_Not_Sun_Exposed_Suprapubic,Skin_Sun_Exposed_Lower_leg
BFPC02,"VPS33A",ENSG00000139719,5.986236,0.326057544765,1.7436981546,,2.25220611004,-1.2297275694191647,-3.51158601334,,,,,1.64731101761,1.48700944495,,,,,-0.324786329908,1.19008189107,3.36232796696,,3.23160428482,,,,,1.02435351032,,,,,,,,,,,,,,,1.36200660045,1.08058863393,,,,,,,0.987772181123
BFPC03B,"VPS33A",ENSG00000139719,5.967422,0.0952436534014,1.65127253833,,2.24428694175,-1.534346675816536,-3.77494211275,,,,,1.42118899034,1.30456306939,,,,,-0.522051883385,1.05670365586,3.21689529931,,3.06557275456,,,,,0.901512803968,,,,,,,,,,,,,,,1.28645584482,0.963530700284,,,,,,,0.872541313381
BFPC03,"VPS33A",ENSG00000139719,7.032443,0.320484586452,1.74016075376,,2.450684934,-1.2899358019625378,-3.56820728731,,,,,1.62145849269,1.46374188025,,,,,-0.380865093171,1.22593906096,3.44175113817,,3.27582999991,,,,,1.03011615409,,,,,,,,,,,,,,,1.36386557338,1.10498309226,,,,,,,0.983506230542
BFPC04B,"VPS33A",ENSG00000139719,13.063205,-0.252166742452,3.42508588963,,1.71088390051,-3.3556959578194117,-4.76919038204,,,,,1.32187499191,1.25745134336,,,,,-0.617473638958,0.137694781853,2.57678074911,,2.58840707551,,,,,1.1222445773,,,,,,,,,,,,,,,1.06260810575,0.931654497616,,,,,,,0.94266479336
BFPC04F,"VPS33A",ENSG00000139719,10.095647,1.34465229234,2.83960512245,,1.64659592138,-1.9561711275405742,-2.5988555142,,,,,2.05373417857,2.14173441194,,,,,0.260724992204,1.62259032482,3.23604718391,,2.45165367428,,,,,1.95206580584,,,,,,,,,,,,,,,1.42065174673,1.96575280411,,,,,,,1.85783280759
BFPC04M,"VPS33A",ENSG00000139719,6.834400,-1.50284943459,2.33028926791,,0.971886354572,-2.9924473038984143,-4.40620275131,,,,,0.076590186429,-0.0868580879721,,,,,-1.08540389886,-1.20095697955,0.807233995261,,1.49891108897,,,,,-0.113024173981,,,,,,,,,,,,,,,0.259330509895,-0.389868006636,,,,,,,-0.281763462958
BFPC04,"VPS33A",ENSG00000139719,16.406393,0.185054205666,3.58263381142,,1.7684821516,-3.1913885046921187,-4.49783942261,,,,,1.63993429174,1.62836260198,,,,,-0.387548497028,0.586576306423,2.99990836264,,2.81822857945,,,,,1.48029548612,,,,,,,,,,,,,,,1.3048413864,1.32344328914,,,,,,,1.30434255712
BLOO29,"VPS33A",ENSG00000139719,41.035288,3.159107093,-5.54621779024,,-0.21625665664,1.764801554322075,1.64443832539,,,,,3.90815308728,4.92070035851,,,,,-3.29396089892,5.64877876461,1.75997622302,,-1.69089095065,,,,,0.81684968749,,,,,,,,,,,,,,,3.63254795002,1.4048650985,,,,,,,1.84940374436
BLOO34,"VPS33A",ENSG00000139719,9.239155,2.12589177574,-2.69853804206,,0.304912559729,1.3927227721365556,-0.0419618541101,,,,,1.5172022964,2.20814604439,,,,,-1.00362408517,2.29311385991,1.13244938451,,-1.0563284103,,,,,0.401063739574,,,,,,,,,,,,,,,1.87387548981,0.650688693232,,,,,,,0.762404017021
BODY04,"VPS33A",ENSG00000139719,6.480566,1.5033065756,1.92666930655,,1.53373250367,-0.3794317975960952,-0.81482068477,,,,,3.05216260284,2.03854751372,,,,,0.0266412503364,1.08645613675,2.38679109115,,1.50621201417,,,,,1.94130195432,,,,,,,,,,,,,,,2.22696215487,2.22881283841,,,,,,,2.00894713987
BODY06B,"VPS33A",ENSG00000139719,8.743812,0.253478873941,1.57922494335,,2.81354032821,-1.7105517229784268,-4.49017375025,,,,,2.31912034072,0.768573237264,,,,,-0.117306933056,1.01990425308,2.79746247472,,3.52707674257,,,,,1.25482479542,,,,,,,,,,,,,,,1.52920416908,1.20408840259,,,,,,,1.02793351782
BODY06,"VPS33A",ENSG00000139719,8.354450,0.251093785011,1.46104684503,,2.72932029167,-1.52925346390735,-4.3697278582,,,,,2.25851488436,0.785586157402,,,,,-0.205316015297,1.01284618258,2.76790007535,,3.52220760284,,,,,1.13892996847,,,,,,,,,,,,,,,1.39215654465,1.09647562998,,,,,,,0.926363102807
BODY07B,"VPS33A",ENSG00000139719,7.734781,0.225897794494,1.52738371265,,2.97619170685,-1.801431380670135,-4.4735487491,,,,,2.26976144834,0.746981131151,,,,,-0.162049546066,1.05331506192,2.88889600222,,3.54421462791,,,,,1.23928556672,,,,,,,,,,,,,,,1.49336106464,1.20709130697,,,,,,,1.0292112808
BODY07M,"VPS33A",ENSG00000139719,5.904517,0.493191782479,1.84051101508,,2.32352128068,-1.7570822754992457,-3.16116445493,,,,,2.13447961514,0.872308033128,,,,,0.195518031378,1.04890957943,2.42065664309,,2.84606174605,,,,,1.64201422991,,,,,,,,,,,,,,,2.03577914957,1.59994130392,,,,,,,1.45039363569
BODY07,"VPS33A",ENSG00000139719,8.007875,0.208070049083,1.38839736177,,2.89274454149,-1.6444830842582607,-4.37381613993,,,,,2.19753653811,0.750907010492,,,,,-0.272682180242,1.04122132843,2.86216415179,,3.53274103786,,,,,1.11272782013,,,,,,,,,,,,,,,1.34397007214,1.09366811349,,,,,,,0.920646051526
BODY08B,"VPS33A",ENSG00000139719,12.783966,-0.665890441618,2.70995299373,,1.69616045001,-3.775104085309237,-5.98471376865,,,,,1.75924881193,0.149563920545,,,,,-0.764092933363,-0.221475263631,1.80311557168,,2.87184623187,,,,,0.770598441393,,,,,,,,,,,,,,,0.686257005181,0.593589748329,,,,,,,0.801839820524
BODY08F,"VPS33A",ENSG00000139719,5.844360,0.317878124378,2.04111382615,,0.944340081326,-2.1142282522743385,-3.63966709713,,,,,1.56694221154,1.05341960738,,,,,-0.0309046394109,0.960009343607,2.26341942692,,1.79960766232,,,,,1.12425830947,,,,,,,,,,,,,,,0.448649820074,1.06851064384,,,,,,,1.17282112583
BODY08M,"VPS33A",ENSG00000139719,8.049149,-1.18739968247,1.98025974928,,1.52370324676,-3.383109323655027,-5.11636151281,,,,,1.0753180403,-0.695949059277,,,,,-1.02571218925,-1.12755416895,0.537597724959,,2.40827200167,,,,,0.0970370051186,,,,,,,,,,,,,,,0.559143237699,-0.0989515612192,,,,,,,0.098266194021
BODY08,"VPS33A",ENSG00000139719,12.620042,-0.419041509442,2.76913994474,,1.55028208121,-3.6416891037304193,-5.67880631419,,,,,1.87952235804,0.421771007874,,,,,-0.651588653552,0.106429383385,2.07867240263,,2.888801009,,,,,0.955757127542,,,,,,,,,,,,,,,0.748336997425,0.795799832862,,,,,,,1.01230897704
FATM02B,"VPS33A",ENSG00000139719,11.175464,0.587194115342,2.15912661678,,3.22032935065,-1.9487210828094899,-4.71111435872,,,,,2.80140676031,1.45467437422,,,,,0.162832741765,1.85783252658,3.79317092766,,4.24423902815,,,,,1.81179996257,,,,,,,,,,,,,,,2.04098152624,1.83506258209,,,,,,,1.55362956081
FATM02F,"VPS33A",ENSG00000139719,6.134665,0.607968300408,0.955048040267,,2.56472601059,-0.32534078724586546,-2.83904811019,,,,,2.13100721182,1.02734159897,,,,,0.343477408046,1.57092422763,2.88949361691,,3.20284873818,,,,,0.903054143622,,,,,,,,,,,,,,,0.734724098404,0.95823875398,,,,,,,0.698521614905
FATM02M,"VPS33A",ENSG00000139719,7.272711,0.276163672983,1.98137892452,,2.1074929263,-2.1907678888624833,-3.76598510733,,,,,1.90519205453,1.04948080572,,,,,-0.0521575218208,1.14452025978,2.57792929886,,2.90768008185,,,,,1.58512553551,,,,,,,,,,,,,,,1.99759676021,1.57402900086,,,,,,,1.41532564854
FATM02,"VPS33A",ENSG00000139719,11.816702,0.737389502603,2.16308113513,,3.29633389008,-1.6927733609576652,-4.52394373958,,,,,2.94274581393,1.6063384114,,,,,0.248078824611,2.0196839125,3.97502275692,,4.40361601258,,,,,1.85434596364,,,,,,,,,,,,,,,2.0171038247,1.89379290219,,,,,,,1.58833590022
FATM03B,"VPS33A",ENSG00000139719,11.855052,0.602118805824,2.1734474538,,3.41111481543,-1.9841768060790934,-4.73499284284,,,,,2.80659467129,1.45061334271,,,,,0.129565686337,1.89777729415,3.8882228804,,4.28906030049,,,,,1.83131402639,,,,,,,,,,,,,,,2.05024613707,1.86800910188,,,,,,,1.59088164128
FATM03F,"VPS33A",ENSG00000139719,5.791801,0.638159193507,1.0121453975,,2.81399880082,-0.3829237365771926,-2.92808897891,,,,,2.18777708787,1.05182438901,,,,,0.2462886663,1.6553316284,3.04928896186,,3.29799189339,,,,,0.97072176355,,,,,,,,,,,,,,,0.785520307644,1.04675727737,,,,,,,0.775657525811
FATM03M,"VPS33A",ENSG00000139719,6.882928,0.270332334433,1.95922441004,,2.15250170538,-2.198367882803888,-3.72864061302,,,,,1.86587304128,1.02508754244,,,,,-0.0223722020421,1.12727181882,2.57154132784,,2.88660916821,,,,,1.56039352137,,,,,,,,,,,,,,,1.9752758691,1.55013961025,,,,,,,1.40581436039
FATM03,"VPS33A",ENSG00000139719,11.769040,0.741544095913,2.16645806667,,3.50045879666,-1.7453387781229246,-4.5763207177,,,,,2.9415812977,1.58778420215,,,,,0.186199012139,2.05675652857,4.0730484715,,4.4398694377,,,,,1.86717501109,,,,,,,,,,,,,,,2.01901128051,1.9236119445,,,,,,,1.62255728378
FATM04B,"VPS33A",ENSG00000139719,21.452422,0.0751323351202,4.03012366228,,2.79512402994,-3.9458469490677692,-6.24268280831,,,,,2.62564495538,1.23372633891,,,,,-0.0936206828501,1.00084394878,3.19194527627,,3.96622725381,,,,,1.90345657546,,,,,,,,,,,,,,,1.69844541396,1.75813879168,,,,,,,1.64300369128
FATM04F,"VPS33A",ENSG00000139719,12.459620,1.24937066886,3.19178351648,,2.04071463165,-2.372692705543669,-3.98071103715,,,,,2.89111524566,1.99476694749,,,,,0.739489206476,2.35156607449,3.65993127947,,3.16994900208,,,,,2.26717894579,,,,,,,,,,,,,,,1.42598091216,2.29226546437,,,,,,,2.16096073072
FATM04M,"VPS33A",ENSG00000139719,10.484471,-0.962650033189,2.8435530636,,2.12074647268,-3.426885173800413,-5.22816355329,,,,,1.15891837395,0.00141055874745,,,,,-0.762000761751,-0.62596511873,1.28083316813,,2.77298142472,,,,,0.693326502823,,,,,,,,,,,,,,,1.12808111724,0.471296494062,,,,,,,0.424376570073
FATM04,"VPS33A",ENSG00000139719,21.202649,0.417627734567,4.13488348215,,2.75357693399,-3.817947599040747,-6.01188186547,,,,,2.89526577304,1.54965110648,,,,,0.142333462984,1.45041278564,3.59861674301,,4.11645032235,,,,,2.17504980119,,,,,,,,,,,,,,,1.81183413687,2.05702142951,,,,,,,1.93857590076
HEIG03,"VPS33A",ENSG00000139719,5.811606,0.693155043505,0.913463129722,,3.75282346556,-1.1119057771569743,-2.44949893185,,,,,3.6240464294,1.06739118651,,,,,2.19992101636,3.11126164861,0.589735093311,,3.09182400533,,,,,2.92594276969,,,,,,,,,,,,,,,1.67807005589,2.69789727352,,,,,,,2.81749934708
HIPC01F,"VPS33A",ENSG00000139719,5.838093,1.47291351817,1.38570156899,,1.55328868651,0.2793890012102808,0.264545785479,,,,,2.85625698579,2.16816695002,,,,,0.856244211914,1.89870988439,2.83815819845,,1.41742776134,,,,,2.33567257832,,,,,,,,,,,,,,,2.14886791159,2.13534074771,,,,,,,2.20628260409
HIPC01,"VPS33A",ENSG00000139719,7.383871,1.56069263643,1.18755068038,,2.64080165443,-0.012658176875344691,-0.606351969006,,,,,3.35063617773,1.91454575829,,,,,0.982770298487,1.69191282912,2.29772365566,,1.82171289433,,,,,2.65051293577,,,,,,,,,,,,,,,2.32276433404,2.49896019469,,,,,,,2.51918324925
LEAN04B,"VPS33A",ENSG00000139719,10.432891,1.23473165748,1.80020545638,,3.63374025648,-1.8023327568287613,-4.87518455464,,,,,4.14526978134,0.931601749611,,,,,1.45072622489,2.7546839838,3.38544636839,,4.29965408796,,,,,2.55879970875,,,,,,,,,,,,,,,2.06184458087,2.4849510208,,,,,,,2.20897768724
LEAN04M,"VPS33A",ENSG00000139719,10.490676,1.41718358429,1.9495836539,,3.46147929994,-2.0057623297168155,-2.98976520511,,,,,3.30079545194,0.625608008365,,,,,1.49517627466,1.69209082612,2.56343864227,,3.5664506258,,,,,2.67853819969,,,,,,,,,,,,,,,2.69454073091,2.57898515209,,,,,,,2.34268778746
LEAN04,"VPS33A",ENSG00000139719,12.049299,1.46088122835,2.00120165697,,3.9503527428,-2.0903633672998563,-4.3154861106,,,,,4.16151940195,0.867265510037,,,,,1.56048626671,2.51114085271,3.33058036297,,4.42107773631,,,,,2.87344887877,,,,,,,,,,,,,,,2.64134455728,2.79207019264,,,,,,,2.5146394031
LEAN05B,"VPS33A",ENSG00000139719,9.914353,1.23860524409,1.7746948622,,3.74762423361,-1.803965388406818,-4.91699975386,,,,,4.15478319997,0.931118444789,,,,,1.40027156108,2.77658827279,3.51276438066,,4.32290938552,,,,,2.58390504229,,,,,,,,,,,,,,,2.07045210997,2.52453795857,,,,,,,2.31285905637
LEAN05M,"VPS33A",ENSG00000139719,10.932557,1.44434784144,1.96988866886,,3.51474337318,-2.014495736433932,-2.97498136824,,,,,3.29332898191,0.631605325718,,,,,1.54023439454,1.71239244379,2.60490999311,,3.54973582789,,,,,2.69748408072,,,,,,,,,,,,,,,2.7076954312,2.59588551365,,,,,,,2.37290558877
LEAN05,"VPS33A",ENSG00000139719,13.549643,1.47366229563,1.99145648692,,4.03519243802,-2.1008358689279647,-4.3497081735,,,,,4.16459584655,0.867510609175,,,,,1.54889563524,2.52844044527,3.42243370099,,4.429297282,,,,,2.89191707521,,,,,,,,,,,,,,,2.64797291736,2.82047548254,,,,,,,2.59034191108
LEAN06B,"VPS33A",ENSG00000139719,16.773477,0.909092682081,3.1758406778,,3.1584799453,-3.355752540756259,-6.81373957227,,,,,4.1481356082,0.570929289825,,,,,1.84630881578,2.72216429903,3.59525127897,,4.5709127375,,,,,2.67074625178,,,,,,,,,,,,,,,1.94573374651,2.67701605501,,,,,,,2.57621877702
LEAN06F,"VPS33A",ENSG00000139719,8.752297,0.750175554202,2.45692521018,,1.58566580399,-2.1979569505051866,-5.42300421987,,,,,3.31888647372,0.758988291148,,,,,1.79801187996,2.80027533647,3.23675285403,,3.20825438566,,,,,1.93090220436,,,,,,,,,,,,,,,0.944023010586,1.99595926645,,,,,,,1.90720714739
LEAN06M,"VPS33A",ENSG00000139719,12.838422,0.598691239329,2.34178460363,,3.67153051802,-3.0993170274855504,-4.78450468623,,,,,2.88934185412,-0.0754142663266,,,,,0.782348343913,0.920653740744,1.93341751676,,3.88153472354,,,,,2.18214460463,,,,,,,,,,,,,,,2.3177223021,2.09266165806,,,,,,,2.03588447008
LEAN06,"VPS33A",ENSG00000139719,18.505386,0.840596764971,3.07183981591,,3.66268659649,-3.684595100283223,-6.51969520394,,,,,4.0237675296,0.29003661131,,,,,1.45918510355,2.16326650767,3.16005860546,,4.77485219556,,,,,2.68807147439,,,,,,,,,,,,,,,2.32821375427,2.65800872659,,,,,,,2.60431309271
