code,target,ENSEMBL,association,Adipose_Subcutaneous,Adipose_Visceral_Omentum,Breast_Mammary_Tissue,Muscle_Skeletal,DGN_Whole_Blood,Whole_Blood,Artery_Aorta,Artery_Coronary,Artery_Tibial,Heart_Atrial_Appendage,Heart_Left_Ventricle,Spleen,Brain_Amygdala,Brain_Anterior_cingulate_cortex_BA24,Brain_Caudate_basal_ganglia,Brain_Nucleus_accumbens_basal_ganglia,Brain_Putamen_basal_ganglia,Brain_Cerebellar_Hemisphere,Brain_Cerebellum,Brain_Cortex,Brain_Frontal_Cortex_BA9,Brain_Hippocampus,Brain_Hypothalamus,Brain_Spinal_cord_cervical_c-1,Brain_Substantia_nigra,Nerve_Tibial,Cells_Transformed_fibroblasts,Cells_EBV-transformed_lymphocytes,Colon_Sigmoid,Colon_Transverse,Esophagus_Gastroesophageal_Junction,Esophagus_Mucosa,Esophagus_Muscularis,Liver,Minor_Salivary_Gland,Small_Intestine_Terminal_Ileum,Stomach,Adrenal_Gland,Pituitary,Pancreas,Thyroid,Lung,Ovary,Prostate,Testis,Uterus,Vagina,Skin_Not_Sun_Exposed_Suprapubic,Skin_Sun_Exposed_Lower_leg
ANKY01,"CCDC101",ENSG00000176476,6.216611,-2.20308250024,,,1.52312290668,3.6830894362023683,-0.236885274313,,,3.7255077983,,,,,,,,,,,,,,,,,-3.1031031764,,,,,-2.28746841007,2.25597796204,-2.72438885764,,,,,,3.4769384861,,,1.95285418658,,,,,,,3.81960453555
BFPC01,"CCDC101",ENSG00000176476,6.577640,-0.221899248932,,,-3.11136634927,-3.4801555744147388,-2.83551951363,,,-3.79193323289,,,,-0.0994468554854,,,,,-0.129738252405,1.66555335843,,,,,,,1.40873612437,,,-2.30777707593,,-0.864330391883,-1.45142833383,-2.66275629191,,,,-3.11700291156,,-1.66727650063,-3.11258591983,,-1.42373086297,-3.23403394362,,,,,,-3.25993124434
BFPC02B,"CCDC101",ENSG00000176476,20.166866,-1.49179400879,,,-6.0916959703,-6.7767716389897,-5.68046460809,,,-7.43178092553,,,,,,,,,1.06249608066,6.32142942728,,,,,,,3.85889783196,,,-5.01224711847,,-2.94209289435,-4.03781392907,-3.78929824768,,,,-6.13180204847,,-5.03006200235,-6.07996788918,,-3.46742053807,-6.39317378496,,,,,,-6.1159811795
BFPC02M,"CCDC101",ENSG00000176476,20.427826,-1.19157580357,,,-5.56536453872,-6.148500172814079,-5.17220324461,,,-6.74454960695,,,,,,,,,0.257878164554,6.05452692205,,,,,,,3.53762999013,,,-4.4262973538,,-2.56750942616,-2.81964498497,-3.56542886665,,,,-5.60723367093,,-4.83887632052,-5.5521761659,,-3.13194878289,-5.69272046322,,,,,,-5.53638361686
BFPC02,"CCDC101",ENSG00000176476,20.237667,-1.35005439832,,,-5.6625977766,-6.341984250783966,-5.27777995457,,,-7.07960077193,,,,,,,,,1.24381701471,5.92400558199,,,,,,,3.73421024404,,,-4.68993261202,,-2.72156811865,-4.17540968644,-3.48658383001,,,,-5.69957720894,,-4.69115532391,-5.65954178076,,-3.31334419431,-6.00711280319,,,,,,-5.70366446962
BFPC03B,"CCDC101",ENSG00000176476,19.071384,-1.49876499716,,,-6.09711177427,-6.7657582251060555,-5.68827460154,,,-7.37671185789,,,,,,,,,1.13929060231,6.15322425902,,,,,,,3.84923544086,,,-5.05381857552,,-2.93543734276,-3.88633321433,-3.71702339967,,,,-6.13518820841,,-4.99085721739,-6.08221917505,,-3.40069745373,-6.40232970788,,,,,,-6.10074310424
BFPC03M,"CCDC101",ENSG00000176476,17.580606,-1.20272837016,,,-5.55439355961,-6.131339279498765,-5.16434163491,,,-6.72216866982,,,,,,,,,0.298439228215,5.96748240836,,,,,,,3.52578899066,,,-4.44024754539,,-2.55491829317,-2.77545851001,-3.54574385253,,,,-5.59654003043,,-4.7976784661,-5.54168882269,,-3.10452641975,-5.6840760247,,,,,,-5.52294798375
BFPC03,"CCDC101",ENSG00000176476,19.517755,-1.34934164724,,,-5.66138398319,-6.321808994816667,-5.27865166078,,,-7.00780036637,,,,,,,,,1.31751104867,5.74680531649,,,,,,,3.72156148607,,,-4.72523847462,,-2.70976683018,-4.00284603875,-3.39383047781,,,,-5.69581020862,,-4.648444891,-5.65431533584,,-3.24456398232,-6.01116589383,,,,,,-5.67865403535
BFPC04B,"CCDC101",ENSG00000176476,38.422290,-3.3194130263,,,-9.24403723746,-10.05751164286327,-8.73153196673,,,-9.67845788758,,,,,,,,,2.65889549879,8.54454533263,,,,,,,4.30103322204,,,-7.56615983384,,-5.35632344624,-5.29122523444,-7.04880015058,,,,-9.29336766575,,-6.53060715423,-9.1755266727,,-4.48264883738,-9.45001690557,,,,,,-9.07661684683
BFPC04F,"CCDC101",ENSG00000176476,15.932929,-1.86749438082,,,-5.81080119634,-6.491016083791869,-5.516462367,,,-6.34124064178,,,,,,,,,2.67106294797,5.06846814113,,,,,,,3.52720678175,,,-4.67345512977,,-3.45751325949,-4.44003799825,-4.31119093448,,,,-5.85208494282,,-4.00450453578,-5.77017198141,,-2.9310605514,-6.18236584898,,,,,,-5.97242887413
BFPC04M,"CCDC101",ENSG00000176476,26.806375,-3.01468746231,,,-7.87525225513,-8.424144060079998,-7.41490514718,,,-8.02594603601,,,,,,,,,1.41021566306,7.53740694417,,,,,,,2.96107762418,,,-6.51643706867,,-4.48476573628,-3.54715035974,-6.10773580262,,,,-7.90848514881,,-5.64914308709,-7.81484695009,,-3.72248288548,-7.84344486553,,,,,,-7.50454824783
BFPC04,"CCDC101",ENSG00000176476,28.895923,-3.11301115822,,,-8.94168600444,-9.782354412595673,-8.44319056764,,,-9.46560834119,,,,,,,,,2.82683547723,8.27302458941,,,,,,,4.40636464579,,,-7.29417961269,,-5.18353898554,-5.46056940865,-6.81084737333,,,,-8.99210533882,,-6.3427140855,-8.87772691043,,-4.32624468934,-9.19891845682,,,,,,-8.82488523588
BLOO01,"CCDC101",ENSG00000176476,22.546942,-9.85039924889,,,-6.68505923437,-5.896820109476891,-7.22536977857,,,-2.87829992144,,,,1.7437081337,,,,,1.27561335108,-0.125532135518,,,,,,,-7.51916123193,,,-7.37412670599,,-8.79833991668,-2.14671397221,-7.4173112177,,,,-6.67988173383,,-0.610241935912,-6.65387841724,,-3.45975324183,-6.27668914281,,,,,,-6.65043842312
BLOO02,"CCDC101",ENSG00000176476,10.166273,0.69940900326,,,3.79794281414,4.319564312798128,3.5134933003,,,4.83813014714,,,,-0.563491880894,,,,,-1.76533030601,-4.30296298742,,,,,,,-1.69932124465,,,1.77124497318,,1.20704203443,2.71136361853,3.60082475646,,,,3.80196503285,,3.55070684453,3.82190887345,,1.58622348876,3.82949656386,,,,,,3.78259072628
BLOO26,"CCDC101",ENSG00000176476,6.389084,1.23430356558,,,-1.48862762392,-2.1657966150515633,-1.36032731319,,,-3.08707512778,,,,-0.952388465405,,,,,1.04543138682,2.95494603369,,,,,,,2.54086722875,,,-0.41527457685,,0.468268924677,-2.62632390175,-2.02733099315,,,,-1.51676331867,,-2.53695093889,-1.5087476673,,-2.14187450599,-1.56750621564,,,,,,-1.48313467089
BLOO27,"CCDC101",ENSG00000176476,14.119890,1.19295480515,,,-2.68425181146,-3.568228316396455,-2.4923924974,,,-4.615811568,,,,-0.766464471817,,,,,1.07560293871,4.24082660446,,,,,,,3.80903103712,,,-1.18973396514,,0.0787070432685,-3.47723257484,-2.85878918971,,,,-2.71650618253,,-3.52031478939,-2.7005989934,,-2.63012044662,-2.78787286012,,,,,,-2.67449166125
BLOO29,"CCDC101",ENSG00000176476,20.574286,9.09407690073,,,4.57618649453,3.405487291026213,5.27582556059,,,0.611057422555,,,,-1.51410186291,,,,,0.190814270092,1.89993136298,,,,,,,8.96818068748,,,5.89990651906,,8.17736405072,-0.604461650301,4.6925720832,,,,4.56710827734,,-2.23008515992,4.58915906811,,2.44914866246,4.50280005863,,,,,,4.32672148021
BLOO33,"CCDC101",ENSG00000176476,9.710277,-6.69300663675,,,-5.44846697001,-5.1420835641066365,-5.70740270287,,,-3.16888034597,,,,1.37381219864,,,,,1.47097351685,0.782615926542,,,,,,,-4.13647487287,,,-5.41050133661,,-5.81356421202,-2.79502825092,-5.9862101969,,,,-5.44394754826,,-2.14831665552,-5.40535299684,,-2.58803291238,-4.99742353847,,,,,,-5.43209153748
BLOO34,"CCDC101",ENSG00000176476,4.483769,4.26444084067,,,2.26868836351,1.901628455132609,2.68372522974,,,0.684066890538,,,,-0.458490610123,,,,,-0.561860596556,0.354446170449,,,,,,,4.94956169758,,,2.67945331366,,3.67912788811,0.872667597012,3.8010202799,,,,2.27024153945,,-0.509841502522,2.29684476784,,2.06599648088,2.19372880864,,,,,,2.47568525161
BODY03,"CCDC101",ENSG00000176476,20.903751,-1.63973690389,,,-6.22557943178,-6.853280076091886,-5.8996302765,,,-6.70975225372,,,,-1.38784432411,,,,,1.93926463729,2.98057702476,,,,,,,2.4462088703,,,-4.41194255351,,-2.6541054345,-2.79768408353,-4.03420096367,,,,-6.26951963673,,-3.94532620478,-6.22730847702,,-2.70276912134,-6.1483438163,,,,,,-6.20259461578
BODY04F,"CCDC101",ENSG00000176476,12.739595,-0.737060033138,,,-4.20737769109,-4.732532857558032,-3.91248510727,,,-5.10010402601,,,,-1.51466357708,,,,,1.49769988956,2.09552711863,,,,,,,2.11309024318,,,-2.89623232129,,-1.3455445583,-3.15551865187,-2.31077460593,,,,-4.2744865256,,-2.91730301701,-4.24094875672,,-1.75329647138,-4.18560388806,,,,,,-4.05008299702
BODY04M,"CCDC101",ENSG00000176476,13.919590,-1.85467973547,,,-5.36080929232,-5.671414444375416,-5.12282215651,,,-4.73674163635,,,,-0.751350283623,,,,,1.60150020307,2.58719030081,,,,,,,1.69830513317,,,-4.08442721886,,-2.6350976599,-0.647164205082,-3.10475631832,,,,-5.35726307359,,-2.62875095304,-5.30232534019,,-2.11276753478,-5.25487368429,,,,,,-5.36890079489
BODY04,"CCDC101",ENSG00000176476,23.416257,-1.69293602362,,,-6.6264805223,-7.227240797737989,-6.22057080314,,,-7.07854735729,,,,-1.46708357334,,,,,2.16303855013,3.34134871758,,,,,,,2.63305168022,,,-4.64592970965,,-2.76807599647,-2.76000531011,-4.36286485332,,,,-6.66460324786,,-4.00727374784,-6.61444993767,,-2.67900895525,-6.49930155734,,,,,,-6.55581218245
BODY06B,"CCDC101",ENSG00000176476,19.702196,-1.90809977874,,,-5.95836784362,-6.5812595094386985,-5.54524242415,,,-7.21710477596,,,,,,,,,0.794705760096,6.06566422482,,,,,,,2.72058588874,,,-5.05399302175,,-3.46959442638,-4.26083691485,-3.94943800969,,,,-6.00593323884,,-4.98598129589,-5.9556391511,,-3.54480699683,-6.2743126363,,,,,,-5.93792502473
BODY06M,"CCDC101",ENSG00000176476,16.851675,-1.71333108989,,,-5.73774501175,-6.282848239717055,-5.26508177214,,,-7.03013497491,,,,,,,,,0.749570802234,5.99005070448,,,,,,,2.78179433993,,,-4.78806720613,,-3.23471963325,-3.35991363925,-3.57022905781,,,,-5.78352740487,,-5.22682986182,-5.74294037745,,-3.70256640059,-5.85456026725,,,,,,-5.74468661878
BODY06,"CCDC101",ENSG00000176476,15.954169,-1.76973184494,,,-5.49975576746,-6.100284387980345,-5.14057658828,,,-6.70258338278,,,,,,,,,0.780886948813,5.67188969899,,,,,,,2.53014739691,,,-4.68008426646,,-3.24063538946,-4.19728353884,-3.6832800099,,,,-5.54448827315,,-4.55007571325,-5.49844929719,,-3.26989124842,-5.865661417,,,,,,-5.46951722437
BODY07B,"CCDC101",ENSG00000176476,18.740334,-1.85482475916,,,-5.88563183193,-6.491004888101648,-5.47056168782,,,-7.09319501455,,,,,,,,,0.821292146398,5.87272324457,,,,,,,2.68767957242,,,-5.00064304037,,-3.41762188106,-4.062489257,-3.85225862221,,,,-5.93106268941,,-4.89736382664,-5.87989279759,,-3.41087211451,-6.20646177763,,,,,,-5.83949130554
BODY07M,"CCDC101",ENSG00000176476,15.355867,-1.70683695675,,,-5.69848307228,-6.237165478950546,-5.22826732702,,,-6.98000554094,,,,,,,,,0.782571176319,5.897831607,,,,,,,2.76310767565,,,-4.78306181994,,-3.20245853188,-3.31546157497,-3.53212616898,,,,-5.74479027559,,-5.16817550921,-5.70385982593,,-3.65053663544,-5.8191617685,,,,,,-5.6992183544
BODY07,"CCDC101",ENSG00000176476,16.929814,-1.70622888148,,,-5.41676800984,-5.998125587296789,-5.0550986658,,,-6.56384938405,,,,,,,,,0.802558756034,5.46866012593,,,,,,,2.49111043252,,,-4.61371903803,,-3.18228848558,-3.98483326446,-3.57247506551,,,,-5.45893795977,,-4.45294608746,-5.4118412969,,-3.13550564459,-5.78799764468,,,,,,-5.3587681017
BODY08B,"CCDC101",ENSG00000176476,26.341102,-3.05548478863,,,-8.08392008509,-8.814354025793213,-7.6054375806,,,-8.87552712906,,,,,,,,,2.02214740523,7.56273742302,,,,,,,3.23876675091,,,-6.87514519056,,-5.03902929769,-5.11388268794,-6.475763664,,,,-8.1377714859,,-5.47980089075,-8.054205423,,-4.30964956814,-8.3498826676,,,,,,-8.0274212323
BODY08F,"CCDC101",ENSG00000176476,13.096725,-1.03610037207,,,-4.29451862073,-4.978376190637067,-4.04429488728,,,-5.2603561333,,,,,,,,,2.07027253628,4.01846936575,,,,,,,2.99035293241,,,-3.45673573268,,-2.50050294987,-4.31746509803,-3.95689538773,,,,-4.34426380078,,-2.4387928884,-4.28371877485,,-2.10304858524,-4.76899344724,,,,,,-4.39901519568
BODY08M,"CCDC101",ENSG00000176476,22.924453,-3.31127308875,,,-7.4370545572,-7.856653384980074,-6.99325407695,,,-7.70109088034,,,,,,,,,1.00873301421,6.95631134753,,,,,,,1.89700997566,,,-6.49136498144,,-4.78692951533,-3.32779882853,-5.51722936038,,,,-7.46848842287,,-5.44431634111,-7.40544536462,,-4.1249925087,-7.39701745748,,,,,,-7.2702443503
BODY08,"CCDC101",ENSG00000176476,23.859995,-2.69356130997,,,-7.59036039314,-8.356781323791607,-7.13341401935,,,-8.49116502382,,,,,,,,,2.15263196276,7.18699791281,,,,,,,3.41142105791,,,-6.42309029433,,-4.70442035041,-5.23762931864,-6.19900670941,,,,-7.64638709009,,-5.08139490428,-7.5648392756,,-3.99581712134,-7.92417709642,,,,,,-7.54837081667
CROH01,"CCDC101",ENSG00000176476,11.338841,-1.98940588403,,,-4.84128099696,-5.266070561173673,-4.69158703114,,,-5.05641609569,,,,-0.913461267948,,,,,1.94991610776,5.06267372113,,,,,,,1.78587385307,,,-4.22033936142,,-3.0712027085,-2.15197203513,-3.67035746657,,,,-4.86241230776,,-3.51746478729,-4.82026532285,,-3.04032383721,-4.68638005576,,,,,,-4.82368344701
EDUC01,"CCDC101",ENSG00000176476,8.674095,1.50426861534,,,4.30668500917,4.553988674851895,4.13041040067,,,4.75570998111,,,,0.0,,,,,-1.52550337009,-2.65895077145,,,,,,,-1.84175993927,,,3.15332238847,,2.28417012678,1.91513896137,2.07651355344,,,,4.31291762042,,2.87335824944,4.30064968423,,3.11059046167,4.25766653173,,,,,,4.04165621425
EDUC02,"CCDC101",ENSG00000176476,6.637442,1.20684726948,,,3.64576882291,3.8988755461995543,3.58366890576,,,4.17133763201,,,,-0.333119601011,,,,,0.135216659974,-2.59811551507,,,,,,,-1.4084458671,,,2.66485042907,,1.76561553773,1.00143911778,3.13779699709,,,,3.64045194188,,3.03897122595,3.65784590507,,4.16401093929,3.74246256817,,,,,,3.37572882186
EDUC03,"CCDC101",ENSG00000176476,26.695036,2.20760015571,,,7.38311602144,8.147340891332451,6.96361822844,,,8.65620340438,,,,,,,,,-2.90753544097,-7.0990965442,,,,,,,-3.49229285494,,,5.43845394995,,3.52980937391,5.01311272348,5.78752145331,,,,7.4243134694,,5.35824955046,7.36599887899,,5.22045259805,7.25772261135,,,,,,7.04348498042
FATM02B,"CCDC101",ENSG00000176476,20.651306,-2.21612706222,,,-6.84427864186,-7.505574615110044,-6.39738984816,,,-8.13157891855,,,,,,,,,0.753637486618,7.06277731537,,,,,,,3.36235804442,,,-5.74277615259,,-3.70281591513,-4.09965027595,-4.44112122727,,,,-6.89032269472,,-5.55966701061,-6.8473867371,,-4.00054622745,-7.15376732905,,,,,,-6.76659765372
FATM02M,"CCDC101",ENSG00000176476,21.193868,-1.74624672976,,,-6.30960353616,-6.90487195682471,-5.84246369509,,,-7.59323816572,,,,,,,,,0.374571324261,6.88394150078,,,,,,,3.38438764611,,,-5.09420893687,,-3.18651373681,-3.069899249,-3.9095317021,,,,-6.35610935431,,-5.47640661842,-6.31481134619,,-3.64444204537,-6.47492544476,,,,,,-6.27839515144
FATM02,"CCDC101",ENSG00000176476,21.365956,-2.09475864481,,,-6.37500308362,-7.015971640209139,-5.97049879575,,,-7.67208945752,,,,,,,,,0.823330536367,6.58911446639,,,,,,,3.14772008382,,,-5.3926972476,,-3.4970255347,-4.15294947165,-4.18412046626,,,,-6.41738174661,,-5.15594935241,-6.38349183861,,-3.82835507439,-6.71947669519,,,,,,-6.28542177946
FATM03B,"CCDC101",ENSG00000176476,22.521188,-2.17269242476,,,-6.80400232073,-7.448949753042082,-6.35775061336,,,-8.0361150799,,,,,,,,,0.826821594425,6.89585886759,,,,,,,3.34741029724,,,-5.72024193396,,-3.65220649545,-3.91651835493,-4.32563983645,,,,-6.84733500782,,-5.5172062984,-6.8026606263,,-3.88833690736,-7.11274213296,,,,,,-6.70635455728
FATM03M,"CCDC101",ENSG00000176476,21.850719,-1.74537699979,,,-6.27960288811,-6.867039728648671,-5.81368050729,,,-7.55265141392,,,,,,,,,0.416479190243,6.78571506663,,,,,,,3.36849814579,,,-5.09375851511,,-3.15693652383,-3.01014732439,-3.87381591671,,,,-6.32621323153,,-5.42692675195,-6.28532307533,,-3.57456938141,-6.44556352006,,,,,,-6.24449653383
FATM03,"CCDC101",ENSG00000176476,19.284114,-2.0365805284,,,-6.32510281563,-6.947954338445303,-5.92125739207,,,-7.55923129599,,,,,,,,,0.894263869683,6.41873341713,,,,,,,3.13266580157,,,-5.35622347676,,-3.43712448284,-3.94883321508,-4.0436012213,,,,-6.3641842668,,-5.11289646399,-6.3281070443,,-3.7169775665,-6.66969472337,,,,,,-6.21436157953
FATM04B,"CCDC101",ENSG00000176476,38.143912,-3.7428668199,,,-9.86587981732,-10.70020338261403,-9.33372908353,,,-10.5585571728,,,,,,,,,2.55503566313,9.2445536599,,,,,,,4.02437527671,,,-8.11831281101,,-5.87240903097,-5.5764298263,-7.60331862002,,,,-9.91702988137,,-6.9056242921,-9.81738859369,,-4.84938721708,-10.1517241167,,,,,,-9.73264902462
FATM04F,"CCDC101",ENSG00000176476,21.824140,-1.88439867571,,,-6.05947597662,-6.811049944970641,-5.73842775942,,,-7.04757877708,,,,,,,,,2.63601339534,5.57382527514,,,,,,,3.53875629957,,,-4.88172684371,,-3.59046997022,-4.87889512544,-4.8699404972,,,,-6.10556024263,,-3.98284659191,-6.04165269108,,-3.07790546332,-6.47599314672,,,,,,-6.16666114031
FATM04M,"CCDC101",ENSG00000176476,27.744197,-3.5591668049,,,-8.45399051328,-8.965560711461652,-7.9929774864,,,-8.56916585535,,,,,,,,,1.27950981926,8.01009720731,,,,,,,2.54145496723,,,-7.04520180775,,-5.04440009575,-3.53062237565,-6.34549878094,,,,-8.48531581204,,-6.13718651888,-8.40225092559,,-4.07172642952,-8.49343880306,,,,,,-8.17893812559
FATM04,"CCDC101",ENSG00000176476,37.570442,-3.46316223692,,,-9.50272053304,-10.37614878568978,-8.98266357054,,,-10.3410774085,,,,,,,,,2.72298794604,8.95068323078,,,,,,,4.18160388274,,,-7.7948149553,,-5.6485655649,-5.78393757915,-7.38123159952,,,,-9.55552151958,,-6.63120199845,-9.46052774071,,-4.67571087442,-9.83581850094,,,,,,-9.39942909529
HIPC01F,"CCDC101",ENSG00000176476,14.130581,-0.794560708391,,,-4.7836080409,-5.278310893376397,-4.41232846815,,,-6.7876717825,,,,-0.673787117004,,,,,1.12425825652,1.6919121002,,,,,,,2.83572006424,,,-3.02478589694,,-1.61876569864,-3.05840309418,-1.39514827712,,,,-4.81912286718,,-3.7105103512,-4.82297666581,,-1.42085221611,-4.77298347712,,,,,,-4.75144093253
HIPC01M,"CCDC101",ENSG00000176476,8.472383,-0.644289544879,,,-3.81007140848,-4.107037865635978,-3.62901632069,,,-4.87742653795,,,,0.0666640847921,,,,,-0.18094778621,0.245541226921,,,,,,,2.67336517913,,,-2.63749697862,,-1.81818949474,-0.368517250621,-0.951224517604,,,,-3.82292638567,,-1.47051797208,-3.85728689767,,-2.23586545442,-3.83252268724,,,,,,-3.9067925888
HIPC01,"CCDC101",ENSG00000176476,21.969522,-0.956598862588,,,-6.00283566222,-6.625697891982351,-5.59971657084,,,-6.28185440758,,,,-0.331922888756,,,,,0.832290624577,1.71359531172,,,,,,,3.9454786423,,,-3.78438203207,,-2.28299489345,-2.59868264444,-3.84935762332,,,,-6.04318276739,,-4.51942573778,-5.97576837588,,-2.09423375151,-5.95209212927,,,,,,-6.08577402496
HIPC02F,"CCDC101",ENSG00000176476,13.042048,-0.917068080526,,,-4.66829008043,-5.174867079306309,-4.32059469947,,,-6.61685726668,,,,-0.656853497028,,,,,1.06776941388,1.64939101224,,,,,,,2.58853709536,,,-2.93690442444,,-1.65453222625,-3.03500851296,-1.36645654525,,,,-4.70827540388,,-3.62277562479,-4.7166110761,,-1.44942843442,-4.67248355496,,,,,,-4.69015516065
HIPC02M,"CCDC101",ENSG00000176476,8.547141,-0.680353235096,,,-3.72577222925,-4.045520686018366,-3.57807565817,,,-4.80838460032,,,,0.0658649727702,,,,,-0.0720226088756,0.242597890696,,,,,,,2.59211567602,,,-2.59684861257,,-1.8002113326,-0.430345363775,-1.0410961365,,,,-3.7446518788,,-1.64992519985,-3.78116577526,,-2.24936271427,-3.76707194445,,,,,,-3.83940079051
HIPC02,"CCDC101",ENSG00000176476,20.421842,-1.05986696891,,,-5.78452298254,-6.417392623852807,-5.40834051314,,,-6.12987339509,,,,-0.322834700346,,,,,0.868081286992,1.66667629481,,,,,,,3.66436587597,,,-3.63235824872,,-2.25993380949,-2.7064289963,-3.70711250341,,,,-5.82319511393,,-4.36331593147,-5.76027870234,,-2.20450563636,-5.73992466231,,,,,,-5.88593569574
HIPC03F,"CCDC101",ENSG00000176476,5.790056,-0.846242260684,,,-3.386966532,-3.522276152795501,-3.14994850192,,,-3.02108613008,,,,0.882495582104,,,,,0.732631722261,0.1350331937,,,,,,,1.81382050741,,,-1.9764238893,,-1.32889564261,-0.750585549148,-0.82190025275,,,,-3.37527560965,,-2.91883120571,-3.29587593706,,-0.450771672436,-3.3415400669,,,,,,-3.38037079682
INFB01,"CCDC101",ENSG00000176476,9.536704,-2.0059574163,,,-4.89137327668,-5.282721681707667,-4.62496780892,,,-4.94955282142,,,,-0.260999381542,,,,,1.90985411676,4.85751447527,,,,,,,1.77479219238,,,-4.29922120988,,-2.90157425502,-2.43348121478,-3.5416923028,,,,-4.90125812786,,-3.31117677178,-4.86233123498,,-2.54991911224,-4.72745272559,,,,,,-5.10396157357
INTE02,"CCDC101",ENSG00000176476,6.305202,1.95860618902,,,4.35698801984,4.638741214715444,4.19543481492,,,4.61094229359,,,,-0.19588522613,,,,,-0.131103573801,-2.86922064787,,,,,,,-1.05842144336,,,3.29661298922,,2.47129976763,2.79017463143,3.90137746509,,,,4.35286741531,,3.10339261686,4.36904998023,,4.15631638845,4.24123851656,,,,,,4.33438437276
LEAN04B,"CCDC101",ENSG00000176476,7.260633,-2.43351623693,,,-4.40652562638,-4.620295716985019,-4.18955790292,,,-4.61762805999,,,,,,,,,0.239395563228,4.58636018345,,,,,,,0.685015124424,,,-4.16065348444,,-3.07501784238,-1.83533361223,-3.29474975552,,,,-4.44071415924,,-3.21758405857,-4.41751411401,,-2.78851777694,-4.6289552148,,,,,,-4.19930090176
LEAN04M,"CCDC101",ENSG00000176476,9.188445,-2.08148732303,,,-4.78689014164,-5.090006044497937,-4.39581610693,,,-5.34223527904,,,,,,,,,0.948971808691,5.24589470359,,,,,,,1.43786464944,,,-4.27891043778,,-2.80634863535,-1.79251369059,-2.8802083829,,,,-4.82484665713,,-4.03944777694,-4.80960343664,,-3.24620477654,-4.97299586871,,,,,,-4.66609681849
LEAN04,"CCDC101",ENSG00000176476,10.712915,-2.56279658563,,,-5.10513212143,-5.3780657995398675,-4.7816890474,,,-5.44718482447,,,,,,,,,0.664667376962,5.48141646884,,,,,,,1.10930720047,,,-4.67751243857,,-3.3402074735,-1.95044854112,-3.4413774225,,,,-5.14496389854,,-3.97040424382,-5.12035420231,,-3.36745540498,-5.34935974922,,,,,,-4.90901660478
LEAN05B,"CCDC101",ENSG00000176476,7.227392,-2.33492103187,,,-4.31448329579,-4.510133903431293,-4.09444655865,,,-4.4884440269,,,,,,,,,0.247065117114,4.53597632603,,,,,,,0.603733440196,,,-4.02591971861,,-3.01728939746,-1.65360496217,-3.09496234305,,,,-4.34429104448,,-3.22561723955,-4.3186394736,,-2.65323664678,-4.54070876715,,,,,,-4.09933187326
LEAN05M,"CCDC101",ENSG00000176476,9.428140,-2.06315544057,,,-4.74425964716,-5.04108369343699,-4.35155040698,,,-5.29631021207,,,,,,,,,0.962471337471,5.17342501408,,,,,,,1.42081741753,,,-4.25529945002,,-2.77035060355,-1.73967301294,-2.83881941677,,,,-4.78197729634,,-3.99832931267,-4.76726524404,,-3.16208323986,-4.92796220703,,,,,,-4.61857192998
LEAN05,"CCDC101",ENSG00000176476,9.865727,-2.49744336632,,,-5.02584994847,-5.285355392689943,-4.70141695499,,,-5.34855201992,,,,,,,,,0.677374552825,5.41313465159,,,,,,,1.04902301799,,,-4.58942904421,,-3.28540476518,-1.83249690461,-3.30070252592,,,,-5.06315139502,,-3.94670620384,-5.03738155378,,-3.25610677018,-5.27084278845,,,,,,-4.82586682929
LEAN06B,"CCDC101",ENSG00000176476,18.284874,-1.91402138475,,,-5.50648556572,-6.0714823107826605,-5.16185494284,,,-6.72670938618,,,,,,,,,1.0869710767,6.27050071492,,,,,,,2.22238189685,,,-4.74527019148,,-3.31341842054,-3.48904629075,-4.52249462136,,,,-5.55281400983,,-3.92031082153,-5.52826124526,,-3.23338916682,-5.8778543837,,,,,,-5.60109099299
LEAN06F,"CCDC101",ENSG00000176476,8.952608,-0.927134126242,,,-3.52135342987,-4.056859503178359,-3.29934161283,,,-4.88072750599,,,,,,,,,1.10041060597,4.41125818969,,,,,,,1.95255841988,,,-3.00736223302,,-2.1851214536,-3.40837017723,-3.38264217856,,,,-3.56071125432,,-2.05142270104,-3.54747374261,,-2.12819432234,-3.907475034,,,,,,-3.62584105089
LEAN06M,"CCDC101",ENSG00000176476,10.806180,-2.27604878466,,,-5.21142554752,-5.473587354579354,-4.8877157978,,,-5.46006810102,,,,,,,,,0.387545466456,5.30552639307,,,,,,,1.27105333139,,,-4.53297639167,,-3.03165692141,-1.44098943098,-3.51198831676,,,,-5.24001730011,,-4.42312363133,-5.21297030699,,-2.96627451469,-5.33076510892,,,,,,-5.23232960831
LEAN06,"CCDC101",ENSG00000176476,16.485691,-2.23647290857,,,-5.88382817642,-6.368818378968734,-5.51365510111,,,-6.78785341961,,,,,,,,,0.868188219763,6.46272009162,,,,,,,2.05081993304,,,-5.10345758561,,-3.5226024142,-2.90291081001,-4.46110649856,,,,-5.92705784658,,-4.48588983742,-5.89850751136,,-3.43286815631,-6.18399521495,,,,,,-5.94246954409
OBES01,"CCDC101",ENSG00000176476,8.025502,-0.819935511656,,,-3.80015502804,-4.127181574364405,-3.58625617527,,,-5.30385937082,,,,-0.140230968595,,,,,2.27016413608,3.22059450469,,,,,,,1.43776729288,,,-2.58397281857,,-1.65540461915,-3.02003224025,-1.30622208102,,,,-3.81117392145,,-2.56873049082,-3.8172797033,,-1.70080301808,-3.8216461404,,,,,,-3.76372160465
OVER01,"CCDC101",ENSG00000176476,7.659576,0.184328958439,,,-2.99907821986,-3.376545514872302,-2.72615383154,,,-4.1905761739,,,,0.124670647085,,,,,1.88163973407,3.27298773557,,,,,,,2.01792081401,,,-1.73510717661,,-0.348083941175,-3.47846402499,-0.417592825872,,,,-3.01543284269,,-1.92624180198,-2.99184151479,,-1.275779817,-2.95551686523,,,,,,-2.98139331153
WAIS01F,"CCDC101",ENSG00000176476,11.095182,0.298113794523,,,-3.33060631539,-3.8393914371528495,-2.99200469125,,,-4.18790240532,,,,-0.516329526901,,,,,0.0484651323085,2.50204609266,,,,,,,3.28240061476,,,-1.83952801087,,-0.408521338611,-1.93247068087,-0.761763970585,,,,-3.38311329324,,-2.70032858561,-3.34341025517,,-1.34532137956,-3.41708574477,,,,,,-3.37924021549
WAIS01M,"CCDC101",ENSG00000176476,12.896744,-1.89026131655,,,-5.32024805128,-5.657234997173791,-5.13484474142,,,-6.35130176319,,,,-0.202535197139,,,,,0.463245908753,1.09549138464,,,,,,,1.60472179076,,,-4.30131928931,,-2.9951124002,-1.14892274299,-2.55790187065,,,,-5.32981896228,,-2.40382972605,-5.35385004382,,-3.80228282264,-5.21925801497,,,,,,-5.19091542819
WAIS01,"CCDC101",ENSG00000176476,21.584009,-1.01270859374,,,-5.93021894531,-6.533977038791657,-5.54453446505,,,-6.37449732585,,,,-0.472537368536,,,,,0.679042566849,3.10649889114,,,,,,,3.4904484857,,,-4.16831468355,,-2.18828693729,-2.18282862608,-3.27251005759,,,,-5.97289648737,,-4.18016672639,-5.91477358501,,-2.5721589874,-5.84131554246,,,,,,-5.89182361968
WAIS02F,"CCDC101",ENSG00000176476,11.278758,0.105945674369,,,-3.37385347947,-3.8792797805468,-3.03889696864,,,-4.19963070671,,,,-0.502785682678,,,,,-0.0496487701256,2.43641477462,,,,,,,3.27223880481,,,-1.86157517248,,-0.551215729678,-2.15556791721,-0.782580223919,,,,-3.42227947124,,-2.67247879447,-3.38579239717,,-1.43854284429,-3.45222889877,,,,,,-3.45223814075
WAIS02M,"CCDC101",ENSG00000176476,12.959398,-1.78772162435,,,-5.17528228037,-5.557231855761147,-5.01396474986,,,-6.26031955489,,,,-0.200105711818,,,,,0.598871965344,1.08235060639,,,,,,,1.99857510292,,,-4.16286074283,,-2.87467998162,-1.16534399146,-3.29835822337,,,,-5.18671014305,,-3.0868249298,-5.21513597102,,-3.74147952083,-5.09001535696,,,,,,-5.06880130862
WAIS02,"CCDC101",ENSG00000176476,20.886257,-1.11387122563,,,-5.80121452811,-6.4458614168534,-5.46631192153,,,-6.30320449902,,,,-0.457502305508,,,,,0.611058502867,3.00765732415,,,,,,,3.31276263353,,,-4.11338958004,,-2.23390615177,-2.3959730809,-3.22579745002,,,,-5.84372601767,,-4.21184178897,-5.794272533,,-2.75344321528,-5.7219431176,,,,,,-5.80750483696
WEIG04M,"CCDC101",ENSG00000176476,7.983176,0.250832716573,,,-3.12203514547,-3.3674173677797086,-2.91373259702,,,-3.65956159698,,,,-0.300586432219,,,,,1.22485773936,0.428457146228,,,,,,,2.1193539454,,,-2.14392204593,,-0.732661391439,-1.82605900384,-0.884038228982,,,,-3.11309490267,,-1.42296547261,-3.08641455453,,-1.99210073731,-2.91939016207,,,,,,-3.38984000538
WHIP03M,"CCDC101",ENSG00000176476,5.874129,-0.901895231263,,,-3.49872821308,-3.7230844486118957,-3.27033346875,,,-4.44255905229,,,,-1.02898073196,,,,,0.861878725682,0.829940517232,,,,,,,1.16263586704,,,-2.84783027775,,-1.64507340544,-1.85183492319,-1.70519566962,,,,-3.47812193496,,-1.53331071479,-3.48142586317,,-3.08739024664,-3.28301310152,,,,,,-3.04264107397
WHIP03,"CCDC101",ENSG00000176476,7.279229,0.169348351679,,,-2.63169944219,-3.069959425198503,-2.41271540907,,,-3.05335124544,,,,-1.04201042652,,,,,0.263357721423,2.37408304904,,,,,,,1.85812126491,,,-2.02330896235,,-0.633544075175,-2.23312083392,-2.13396113523,,,,-2.64802584225,,-1.96621873609,-2.61685734931,,-1.82208895981,-2.52536346037,,,,,,-2.26619542478
WHIP04M,"CCDC101",ENSG00000176476,6.087597,-0.629248474756,,,-3.29158895313,-3.557849688231061,-3.09421210338,,,-4.32401615362,,,,-1.01835501194,,,,,1.08625287552,0.821370088195,,,,,,,1.3928479675,,,-2.642706994,,-1.42215469351,-1.68642712544,-1.33639221279,,,,-3.27566496932,,-1.53873195775,-3.2895529185,,-2.93268319873,-3.1105723117,,,,,,-2.88675735405
WHIP04,"CCDC101",ENSG00000176476,7.196386,0.280576130506,,,-2.58707844694,-3.0525487868396524,-2.37631217087,,,-3.09993412444,,,,-1.0194631815,,,,,0.257659105026,2.3227120519,,,,,,,1.93419451158,,,-1.96804993664,,-0.595709520476,-2.43318775634,-2.07213622608,,,,-2.59334881831,,-2.02021122755,-2.56872913766,,-1.89345132714,-2.44074463063,,,,,,-2.25102963056
