code,target,ENSEMBL,association,Adipose_Subcutaneous,Adipose_Visceral_Omentum,Breast_Mammary_Tissue,Muscle_Skeletal,DGN_Whole_Blood,Whole_Blood,Artery_Aorta,Artery_Coronary,Artery_Tibial,Heart_Atrial_Appendage,Heart_Left_Ventricle,Spleen,Brain_Amygdala,Brain_Anterior_cingulate_cortex_BA24,Brain_Caudate_basal_ganglia,Brain_Nucleus_accumbens_basal_ganglia,Brain_Putamen_basal_ganglia,Brain_Cerebellar_Hemisphere,Brain_Cerebellum,Brain_Cortex,Brain_Frontal_Cortex_BA9,Brain_Hippocampus,Brain_Hypothalamus,Brain_Spinal_cord_cervical_c-1,Brain_Substantia_nigra,Nerve_Tibial,Cells_Transformed_fibroblasts,Cells_EBV-transformed_lymphocytes,Colon_Sigmoid,Colon_Transverse,Esophagus_Gastroesophageal_Junction,Esophagus_Mucosa,Esophagus_Muscularis,Liver,Minor_Salivary_Gland,Small_Intestine_Terminal_Ileum,Stomach,Adrenal_Gland,Pituitary,Pancreas,Thyroid,Lung,Ovary,Prostate,Testis,Uterus,Vagina,Skin_Not_Sun_Exposed_Suprapubic,Skin_Sun_Exposed_Lower_leg
BFPC04B,"PACS1",ENSG00000175115,16.161233,-3.59366289186,-2.83948743452,-4.05831769103,,-4.516669101771511,-3.55224934631,-3.20738239862,,,,,-2.96902880612,,-4.9466874639,-3.42573352246,-4.20004182769,,,,-2.48903269774,-2.80564577399,-3.93678106601,,-3.69771412234,-4.884720671,-3.73713995162,,,-5.02513065072,,,-3.87650264312,,,,,,,,,-4.85552658636,-3.1972379822,,,,,,,
BFPC04M,"PACS1",ENSG00000175115,11.045073,-3.26553401553,-2.48809905864,-3.96269765984,,-4.0839512508796,-3.15587177,-2.70602542628,,,,,-3.19133434484,,-5.04786273895,-3.29126619423,-4.19521913068,,,,-3.29609734308,-2.39931109358,-2.90582748921,,-2.9269909907,-4.54600909619,-4.0630298573,,,-5.27165362433,,,-3.74104715866,,,,,,,,,-4.02027091028,-3.20066867428,,,,,,,
BFPC04,"PACS1",ENSG00000175115,12.922777,-3.40499741978,-2.71531501326,-3.76173922637,,-4.3368221155466555,-3.39325503731,-3.05078283753,,,,,-2.65947756243,,-4.54069558374,-3.19233767547,-3.86421314079,,,,-2.08214760632,-2.67456449993,-3.95501780627,,-3.61615179985,-4.63937792781,-3.34340503371,,,-4.59238975434,,,-3.60802652374,,,,,,,,,-4.72862270035,-2.9475900853,,,,,,,
BLOO07,"PACS1",ENSG00000175115,7.658170,-2.16876768085,0.0262375741032,-2.7503040051,,-0.9289762312945308,-2.90286161888,-3.44151239943,,,,,-2.0020792615,,1.46063925186,-0.485799020222,0.940888185007,,,,2.39291612583,0.95429124108,1.42436400389,,-2.64123408585,0.537585450944,-3.01447924169,,,-0.837218603215,,,-2.20206189355,,,,,,,,,0.0877379365896,-1.76291116697,,,,,,,
BLOO16,"PACS1",ENSG00000175115,9.090733,-2.52079699601,-0.0807674637222,-2.69254015362,,-1.4001132480307033,-3.09069304427,-3.51636175005,,,,,-2.24680552045,,0.921521287815,-0.707895438897,0.449872677987,,,,1.87958555867,0.568682976676,1.43572195946,,-2.88746798635,0.029802954183,-3.28608722836,,,-0.76203746644,,,-2.48730524024,,,,,,,,,-0.125922023845,-2.15593406845,,,,,,,
BLOO17,"PACS1",ENSG00000175115,9.386592,-2.10026551629,0.248225805238,-2.48084021576,,-0.6452618761105867,-2.89635395624,-3.45755222732,,,,,-2.00343718547,,1.54746043202,-0.470891183402,1.17041156392,,,,2.03752830004,0.520898006069,1.17365927924,,-2.50707556172,0.784008010091,-2.76097635167,,,-0.86933519182,,,-2.04636913614,,,,,,,,,-0.233760752265,-1.76335204038,,,,,,,
BLOO18,"PACS1",ENSG00000175115,9.523618,-2.12840763799,0.168157359475,-2.34594392415,,-0.7158682733024867,-2.81508636596,-3.32746743283,,,,,-1.90533201187,,1.65037804229,-0.104576976159,1.24870603278,,,,1.85677142519,0.532805841953,1.07047563713,,-2.42099673731,0.918342915385,-2.67995840241,,,-0.382287770476,,,-2.09920390239,,,,,,,,,-0.218578021956,-1.84416532772,,,,,,,
BLOO29,"PACS1",ENSG00000175115,4.636144,3.98811301775,5.9522027998,4.23698951489,,4.082546885911069,3.96090343361,4.33214965241,,,,,3.97577730878,,3.053927874,2.50416475706,3.3389442039,,,,0.298920624227,2.10922820229,0.24497835546,,3.65394204731,3.03737211801,3.94629492484,,,1.93584755334,,,3.96199556553,,,,,,,,,1.91564548726,3.41100915892,,,,,,,
BLOO31,"PACS1",ENSG00000175115,7.234622,2.41953369527,-0.0441558681699,2.3069430321,,1.06680870920693,2.88903229532,3.33133035404,,,,,2.11614581942,,-1.26280178801,0.339178667092,-0.942757765878,,,,-1.46974524045,-0.173884835712,-1.07895267743,,2.61380616432,-0.497601322873,2.85821947472,,,0.15856198312,,,2.23322266668,,,,,,,,,0.392262947731,2.0786115165,,,,,,,
BODY08B,"PACS1",ENSG00000175115,8.962215,-2.84032657696,-3.30989485763,-2.42581207516,,-4.498050394106832,-2.217150167,-2.07996475264,,,,,-2.22390286825,,-4.44975165338,-3.32627833213,-3.49054559036,,,,-2.83525111709,-2.1258623019,-2.77014621532,,-3.03178513097,-4.21180657343,-2.36829961803,,,-3.81831882719,,,-3.03832126846,,,,,,,,,-4.81764725733,-2.56750888694,,,,,,,
BODY08M,"PACS1",ENSG00000175115,7.122508,-2.72442849852,-3.67547198407,-2.73416627412,,-4.2339664132980905,-2.12421332803,-2.21593489196,,,,,-2.95909730384,,-4.83653838463,-3.4590509304,-3.9664421281,,,,-3.52130117803,-2.03450414172,-2.45996164123,,-2.4013061383,-4.1524430357,-3.01228427081,,,-4.66550724352,,,-3.14716891883,,,,,,,,,-3.92257238353,-2.83483152683,,,,,,,
BODY08,"PACS1",ENSG00000175115,7.840944,-2.55600691084,-2.92246548201,-2.06530246515,,-4.179921576407152,-2.00480049205,-1.78371510898,,,,,-1.81073365371,,-3.95161267399,-2.96343818903,-3.03974267822,,,,-2.38593604465,-1.91020082664,-2.61386302403,,-2.89257940365,-3.8648752283,-1.9095219639,,,-3.27123481514,,,-2.68683462617,,,,,,,,,-4.60825213376,-2.21467595942,,,,,,,
EDUC03,"PACS1",ENSG00000175115,8.172715,4.04150897776,1.619111125,4.37250246986,,3.589910846496587,4.58716648553,3.84273422632,,,,,3.94805906219,,4.55615049886,3.06911341097,3.82366969945,,,,3.09519123796,3.61760643047,6.53788467126,,3.60165618598,3.91660622533,4.83512365324,,,5.9297064524,,,3.92876342217,,,,,,,,,5.979359729,4.13382704134,,,,,,,
FATM04B,"PACS1",ENSG00000175115,16.471225,-3.65174846048,-3.60736075938,-4.03940666774,,-5.055720422338133,-3.42588707326,-3.18991491019,,,,,-3.49859773623,,-5.0794566011,-4.37616958325,-4.20695943007,,,,-2.38699332075,-2.80474028393,-4.4001919996,,-3.82945087245,-5.12051118494,-3.52678168859,,,-4.72711623275,,,-3.91807358611,,,,,,,,,-4.97090766017,-3.0773631854,,,,,,,
FATM04M,"PACS1",ENSG00000175115,12.238568,-3.49297198746,-3.65426415672,-4.03425257828,,-4.78050810645017,-3.3228637553,-3.05424578807,,,,,-3.80143591551,,-5.42196880998,-4.21296159745,-4.58266181118,,,,-3.43821065451,-2.70288686458,-3.41703264183,,-3.12277251542,-4.94941334264,-4.06760593922,,,-5.18348892722,,,-4.01258716367,,,,,,,,,-4.18932906813,-3.33989596648,,,,,,,
FATM04,"PACS1",ENSG00000175115,12.751046,-3.36127601223,-3.28292307437,-3.66681203194,,-4.737578308209749,-3.16567580536,-2.9033419587,,,,,-3.11504737178,,-4.54570561135,-4.04689815417,-3.72010985273,,,,-1.87839254165,-2.563942246,-4.35020864311,,-3.67774466052,-4.76053034191,-3.04293040208,,,-4.21132546398,,,-3.53451349878,,,,,,,,,-4.76866626829,-2.71925263594,,,,,,,
LEAN06B,"PACS1",ENSG00000175115,8.687421,-2.36060765284,-3.57010619829,-2.31756075584,,-3.787873222713095,-2.2287443444,-1.91188474807,,,,,-3.11108216292,,-2.74280368514,-4.31919355281,-1.85792243918,,,,-0.8306584178,-2.16572171711,-3.36506489317,,-2.31818556415,-3.19692549329,-1.54653510045,,,-1.43676402655,,,-2.29483809748,,,,,,,,,-2.83494713068,-1.5705233815,,,,,,,
LEAN06M,"PACS1",ENSG00000175115,9.857736,-3.69801841215,-5.21875882886,-3.60296145067,,-5.086635160024961,-3.68327497273,-3.78168466281,,,,,-4.4779364713,,-4.81370938547,-5.01386718604,-3.95816858206,,,,-3.31960172228,-3.78590768648,-3.61458636572,,-2.64864351365,-4.73967151921,-3.40057225753,,,-3.17229071739,,,-3.99788334952,,,,,,,,,-3.49749380279,-3.49288203179,,,,,,,
LEAN06,"PACS1",ENSG00000175115,9.614233,-3.12407910111,-4.68177663692,-3.08285250979,,-4.710632547458419,-3.07478559516,-2.9110705705,,,,,-4.07232657633,,-3.96061554834,-5.03727989985,-2.99751686098,,,,-2.0428646043,-3.10494255189,-3.78322289757,,-2.62408365571,-4.19299117383,-2.46722404783,,,-2.35678683725,,,-3.24842989715,,,,,,,,,-3.32863448203,-2.53876701918,,,,,,,
