code,target,ENSEMBL,association,Adipose_Subcutaneous,Adipose_Visceral_Omentum,Breast_Mammary_Tissue,Muscle_Skeletal,DGN_Whole_Blood,Whole_Blood,Artery_Aorta,Artery_Coronary,Artery_Tibial,Heart_Atrial_Appendage,Heart_Left_Ventricle,Spleen,Brain_Amygdala,Brain_Anterior_cingulate_cortex_BA24,Brain_Caudate_basal_ganglia,Brain_Nucleus_accumbens_basal_ganglia,Brain_Putamen_basal_ganglia,Brain_Cerebellar_Hemisphere,Brain_Cerebellum,Brain_Cortex,Brain_Frontal_Cortex_BA9,Brain_Hippocampus,Brain_Hypothalamus,Brain_Spinal_cord_cervical_c-1,Brain_Substantia_nigra,Nerve_Tibial,Cells_Transformed_fibroblasts,Cells_EBV-transformed_lymphocytes,Colon_Sigmoid,Colon_Transverse,Esophagus_Gastroesophageal_Junction,Esophagus_Mucosa,Esophagus_Muscularis,Liver,Minor_Salivary_Gland,Small_Intestine_Terminal_Ileum,Stomach,Adrenal_Gland,Pituitary,Pancreas,Thyroid,Lung,Ovary,Prostate,Testis,Uterus,Vagina,Skin_Not_Sun_Exposed_Suprapubic,Skin_Sun_Exposed_Lower_leg
BLOO01,"GTF2H4",ENSG00000213780,4.393694,,,,6.9963664408,-6.315092563629151,,5.81619056681,,-2.9034357218,,,,,,,,,,2.65542531869,,,,,,,,-3.92718736931,5.72176842567,8.42795615664,-3.62942444893,,-4.03682503741,,,,,,,2.43004893424,,-3.54885908106,,,,,,,,-3.93453323517
BLOO02,"GTF2H4",ENSG00000213780,3.259811,,,,5.17624497282,-3.0797131061553955,,1.71185842156,,0.0890714330176,,,,,,,,,,2.14730784695,,,,,,,,-0.933925692823,-0.807631950499,9.54238836259,-1.36762075358,,-1.04759154596,,,,,,,1.67230014486,,0.16948416813,,,,,,,,-1.07221822836
BLOO03,"GTF2H4",ENSG00000213780,4.303041,,,,1.35226782205,-5.445431232452393,,0.467118484965,,-0.776259040982,,,,,,,,,,0.0945538507619,,,,,,,,-0.801711089384,-0.556624432288,9.9951651048,1.19854547654,,-0.760127458225,,,,,,,1.14658009746,,-0.180637585614,,,,,,,,-1.70380709321
BLOO04,"GTF2H4",ENSG00000213780,9.252402,,,,-2.68268693852,-6.109570026397706,,0.444637089371,,-1.57922607673,,,,,,,,,,-0.0740797784329,,,,,,,,-1.59297407202,1.04635730987,14.1748776316,-0.436108426653,,-1.49848247278,,,,,,,1.32385699402,,-0.359924872668,,,,,,,,-0.737083090163
BLOO05,"GTF2H4",ENSG00000213780,3.907174,,,,8.13423905522,-5.829992294311523,,4.38983873195,,1.77555714657,,,,,,,,,,2.8061302874,,,,,,,,1.41943694482,13.0135266152,16.2909334269,1.16001220533,,1.30420504227,,,,,,,3.86703699819,,4.07983839492,,,,,,,,1.43195161067
BLOO06,"GTF2H4",ENSG00000213780,11.571703,,,,8.70898540988,-1.315029501914978,,1.38435894675,,0.456881853581,,,,,,,,,,2.33705689224,,,,,,,,0.352357151082,7.03878364936,12.9822682847,-2.21322696855,,0.343206134532,,,,,,,0.951369017267,,1.81232506265,,,,,,,,3.27957240823
BLOO07,"GTF2H4",ENSG00000213780,9.519864,,,,7.65470235967,-5.781698703765869,,2.81684656953,,-5.42829102953,,,,,,,,,,1.63885535402,,,,,,,,-6.43101433131,4.33539625372,12.7917895197,-8.04939233018,,-6.43820999564,,,,,,,0.302041735267,,-4.35350690753,,,,,,,,-4.75780993634
BLOO08,"GTF2H4",ENSG00000213780,6.675265,,,,5.32045666979,-1.8890882730484007,,2.58202285622,,0.444269698423,,,,,,,,,,2.9170925635,,,,,,,,-0.334924992468,4.81545891567,8.61114847311,-1.59602306392,,-0.335885687306,,,,,,,1.83088693067,,0.721812322695,,,,,,,,-0.982996334477
BLOO09,"GTF2H4",ENSG00000213780,12.290603,,,,9.34649908338,-1.9266761541366577,,1.88059136482,,0.172805856586,,,,,,,,,,2.59709649577,,,,,,,,-0.0473006708846,7.56679918313,14.1443237817,-2.65735003545,,-0.0578665370081,,,,,,,1.11630874493,,1.54361161058,,,,,,,,2.90820406848
BLOO10,"GTF2H4",ENSG00000213780,11.659377,,,,9.7670846604,-2.452670812606812,,2.32315616035,,0.351640876964,,,,,,,,,,2.80335704665,,,,,,,,0.092359270614,8.49497631577,15.2743496881,-2.45053439146,,0.0663914639069,,,,,,,1.60738432904,,1.9221918102,,,,,,,,2.90981988185
BLOO11,"GTF2H4",ENSG00000213780,22.072460,,,,6.75194526994,-2.811246156692505,,4.32037089241,,-2.43726965086,,,,,,,,,,4.20243850102,,,,,,,,-2.62552319381,12.8655158188,19.8326376727,-4.38820264566,,-2.65856810136,,,,,,,5.26635099538,,1.1676432442,,,,,,,,0.0505445194623
BLOO12,"GTF2H4",ENSG00000213780,13.863343,,,,11.1244926338,-3.247802495956421,,3.63260750653,,-0.668740009591,,,,,,,,,,3.99126851301,,,,,,,,-0.977459371241,12.2220768516,20.4808679429,-3.82415145231,,-1.01160230782,,,,,,,3.19602231496,,1.92093501357,,,,,,,,2.44333744803
BLOO13,"GTF2H4",ENSG00000213780,30.947268,,,,2.27863526581,-1.2864442795234663,,1.60202881267,,2.18547748497,,,,,,,,,,4.70523047996,,,,,,,,-0.885949260697,5.26684339571,5.83743677964,3.29143989808,,-0.507451491623,,,,,,,1.7003182062,,1.74484031332,,,,,,,,1.37226018102
BLOO16,"GTF2H4",ENSG00000213780,28.052047,,,,1.29435227132,-6.882768085948718,,2.72316832745,,-0.9039261892,,,,,,,,,,0.449408400931,,,,,,,,-8.18313982068,1.8312084969,5.99427769367,-2.21176015297,,-1.30777755844,,,,,,,1.48415973229,,-2.07421407569,,,,,,,,-4.16299356944
BLOO17,"GTF2H4",ENSG00000213780,9.075369,,,,0.427152111393,-5.993845775873584,,1.10518111076,,-1.89385357728,,,,,,,,,,-2.23040902617,,,,,,,,-7.51384745948,-1.93252775475,2.80240958202,-4.67613737827,,-1.06265437228,,,,,,,0.607158819344,,-2.8441486661,,,,,,,,-4.93375391115
BLOO18,"GTF2H4",ENSG00000213780,10.604429,,,,0.168212119752,-5.96433001304869,,1.6098328199,,-1.92421945885,,,,,,,,,,-2.06035016631,,,,,,,,-7.57441690841,-0.897312315442,3.01615262973,-4.12134532671,,-1.30189991796,,,,,,,0.77311958991,,-2.96138951769,,,,,,,,-4.74774080199
BLOO19,"GTF2H4",ENSG00000213780,11.254660,,,,1.69326501398,-1.1074257876180402,,-2.60214990391,,-0.0558800167467,,,,,,,,,,1.25942811219,,,,,,,,-1.6229518379,-4.69375167053,-1.42370578708,-0.61592264751,,-1.2038471061,,,,,,,0.017749967084,,0.029190248859,,,,,,,,-1.85975126333
BLOO20,"GTF2H4",ENSG00000213780,9.645469,,,,2.27873911483,2.946819946449984,,2.37781933766,,1.73358260009,,,,,,,,,,0.0215392415539,,,,,,,,-0.530537382197,-0.102500574042,4.23690005473,1.90767091551,,3.23653567739,,,,,,,1.90084086594,,-1.48623766766,,,,,,,,0.467866367399
BLOO21,"GTF2H4",ENSG00000213780,12.815735,,,,-3.74314821013,0.6456079512488094,,2.53925481582,,1.50377203223,,,,,,,,,,1.94638880988,,,,,,,,-0.600385214644,2.8080024138,3.4164557519,1.68704057608,,1.82796531008,,,,,,,3.25079056727,,-3.13022573821,,,,,,,,0.779966363504
BLOO22,"GTF2H4",ENSG00000213780,11.143440,,,,-3.36851907898,1.001404888006151,,3.03844866436,,1.93149786521,,,,,,,,,,2.10605327057,,,,,,,,-0.798108857639,2.47627030402,4.13886785622,1.9151585392,,2.20242004196,,,,,,,3.69880843978,,-2.98541858751,,,,,,,,0.764364596026
BLOO24,"GTF2H4",ENSG00000213780,6.680602,,,,-2.37023671078,-2.02624181488426,,2.1377427552,,-1.31792650518,,,,,,,,,,1.06269695481,,,,,,,,-3.62376081088,3.91384000324,1.16957048119,0.468437002946,,-1.8427567222,,,,,,,0.471103810133,,-2.16131044613,,,,,,,,-1.85200178412
BLOO25,"GTF2H4",ENSG00000213780,13.257094,,,,-4.66449161446,-0.1638887524516676,,-0.127790900661,,-1.98227617787,,,,,,,,,,-1.38885721328,,,,,,,,-1.20778254469,-0.622919913825,0.583901545464,-1.70043059628,,-1.17017857384,,,,,,,-0.988945856642,,-6.17277635369,,,,,,,,-2.10428651686
BLOO26,"GTF2H4",ENSG00000213780,29.087698,,,,-2.88526624499,0.5389664206434187,,-1.85530456439,,-2.73822954014,,,,,,,,,,-2.59571437509,,,,,,,,1.33975547688,2.30070808103,-1.59032197861,-0.433282776533,,0.45625118189,,,,,,,-2.4212120834,,-5.698986756,,,,,,,,0.0658888261327
BLOO27,"GTF2H4",ENSG00000213780,17.623441,,,,-0.942274828017,0.7045966895637237,,-2.27504831849,,-2.19700952033,,,,,,,,,,-2.27936011292,,,,,,,,1.84272128405,3.04206076953,-1.91426013021,0.213398985786,,0.895324018693,,,,,,,-2.34859865725,,-3.6396766601,,,,,,,,0.901795617166
BLOO28,"GTF2H4",ENSG00000213780,14.541589,,,,-1.23089925693,2.0698221305606945,,2.08692924433,,0.494297215609,,,,,,,,,,-1.92089043882,,,,,,,,3.21435078848,3.99852936259,1.11470125155,0.455016230788,,1.97624824995,,,,,,,-0.216967221088,,0.679508712353,,,,,,,,2.70914388757
BLOO29,"GTF2H4",ENSG00000213780,17.288429,,,,2.02538403842,5.260246562635575,,-3.48951415471,,2.3761425396,,,,,,,,,,-1.74670142408,,,,,,,,8.36896951999,4.10953649346,-1.22675928421,5.91599653444,,-0.539071031962,,,,,,,-1.00924828544,,0.0657149337663,,,,,,,,5.51423291468
BLOO30,"GTF2H4",ENSG00000213780,25.242695,,,,2.435171413,-1.9230467333320727,,1.82586621063,,2.01990270377,,,,,,,,,,4.52941235895,,,,,,,,-1.74856590826,5.10310306074,6.24922927393,2.97214549625,,-0.671532349331,,,,,,,1.78679035896,,1.29621525566,,,,,,,,0.898868688391
BLOO31,"GTF2H4",ENSG00000213780,10.398179,,,,-0.239355688382,5.461278959474398,,-1.88824082604,,1.67374897715,,,,,,,,,,1.7611932138,,,,,,,,6.98165485164,0.510659116342,-2.99766115859,3.41809786455,,0.766258411464,,,,,,,-0.777317342461,,2.61541393153,,,,,,,,4.37833253506
BLOO32,"GTF2H4",ENSG00000213780,6.029397,,,,2.3479476696,2.2330368263714133,,-2.72309107634,,1.39483740017,,,,,,,,,,0.169737568835,,,,,,,,3.59925383693,-4.14005448188,-1.79707415585,0.0569250475417,,1.30508504912,,,,,,,-0.400441520902,,2.31695288245,,,,,,,,1.68773482543
BLOO33,"GTF2H4",ENSG00000213780,9.411639,,,,1.30414021108,-0.27898655334057226,,4.28943518017,,-0.402358652838,,,,,,,,,,-1.07105036636,,,,,,,,-0.741495859365,3.20917930017,3.23807463733,1.62772151228,,0.789796638754,,,,,,,1.09929081908,,-0.648357447813,,,,,,,,2.68494385584
BLOO35,"GTF2H4",ENSG00000213780,10.819817,,,,1.12861714938,-1.5333034259021092,,-1.86938832264,,0.481059443796,,,,,,,,,,-2.26632814109,,,,,,,,4.6778049113,-0.664515648327,-3.71893474917,1.0531239157,,-0.29152394963,,,,,,,-1.40869997651,,4.81579240796,,,,,,,,2.95210372671
BLOO36,"GTF2H4",ENSG00000213780,17.320200,,,,-3.49224099784,0.3003005670276373,,2.07045248061,,0.602395432457,,,,,,,,,,1.36656728609,,,,,,,,-1.85339225816,2.24417320001,3.94575217157,0.835866777731,,2.13384359471,,,,,,,2.49507778515,,-4.37528139671,,,,,,,,-0.222832217616
EDUC03,"GTF2H4",ENSG00000213780,1.662281,,,,2.54333092374,1.2222332829501983,,,,2.54588842392,,,,,,,,,,4.75542642959,,,,,,,,2.87348874936,,,2.70733556428,,0.877717682828,,,,,,,1.41652858382,,1.85417584637,,,,,,,,
FATM04B,"GTF2H4",ENSG00000213780,6.635036,,,,-0.365222788284,1.5309601806286328,,0.91290444345,,0.463614712409,,,,,,,,,,1.27240143636,,,,,,,,2.65775031804,0.443455263332,-1.99373726896,0.202689171401,,0.693691597148,,,,,,,-1.10472856761,,0.955098302697,,,,,,,,1.66941099332
FATM04,"GTF2H4",ENSG00000213780,5.949582,,,,-0.522756609766,1.6538246755734736,,0.833999599927,,0.418686966897,,,,,,,,,,0.98382651893,,,,,,,,3.00904612198,0.571390127896,-2.1079392678,0.338460750319,,0.760898496114,,,,,,,-1.30141761187,,0.907303031901,,,,,,,,1.83974122788
HEIG03,"GTF2H4",ENSG00000213780,6.205400,,,,2.02668989468,-1.8832715104420763,,2.38563350287,,-2.11990240274,,,,,,,,,,-3.66497236042,,,,,,,,6.56193290613,-0.631716905504,-2.94120830631,-0.75101873387,,3.7814921582,,,,,,,-2.20352487443,,-2.68803478401,,,,,,,,1.08959101382
HIPC03,"GTF2H4",ENSG00000213780,1.442108,,,,0.824435837181,-1.4819448853957895,,1.44817562037,,-0.957931854764,,,,,,,,,,-3.03749563744,,,,,,,,5.43636529655,1.121176564,-1.97690749754,-0.894597708823,,3.43818977713,,,,,,,0.388640867584,,-1.56516221488,,,,,,,,-0.286784410207
HIPC04,"GTF2H4",ENSG00000213780,1.377258,,,,0.843314434478,-1.3716415586000543,,1.57334550186,,-0.829714061319,,,,,,,,,,-2.95269374244,,,,,,,,5.15710720955,1.26912127028,-1.88036661848,-0.861946278791,,3.40650265665,,,,,,,0.378948672772,,-1.5063007903,,,,,,,,-0.277675899459
IRON02,"GTF2H4",ENSG00000213780,5.879722,,,,1.1208176093,0.9209136434589823,,-2.18988108085,,0.713114275435,,,,,,,,,,0.784706785853,,,,,,,,-1.01788027379,-1.75118837835,-2.19751210607,0.815616824228,,-1.22246249898,,,,,,,2.03626956013,,3.32021260803,,,,,,,,-0.308303415538
IRON03,"GTF2H4",ENSG00000213780,4.379032,,,,-0.255488740933,-0.002173144536041483,,1.46828638517,,-1.16232657481,,,,,,,,,,-0.105433695112,,,,,,,,0.365118143935,0.831345333207,1.51834811005,-1.88416406597,,2.19039347268,,,,,,,-1.68755613925,,-4.87328384857,,,,,,,,0.986161253136
LEAN04B,"GTF2H4",ENSG00000213780,10.684786,,,,2.11809077876,1.342675632756383,,1.97779330137,,1.58138645001,,,,,,,,,,-1.15913834406,,,,,,,,5.29415268457,1.5788140127,-1.89366906275,1.84200239082,,2.91125538154,,,,,,,-0.42427628589,,1.83346446231,,,,,,,,3.50904405124
LEAN04M,"GTF2H4",ENSG00000213780,6.158628,,,,2.52539257002,0.9159413762119047,,1.69586937378,,1.19118148374,,,,,,,,,,-0.532538180203,,,,,,,,4.50245996789,0.624065962948,-1.07354590754,1.59698736937,,1.94390993476,,,,,,,-0.478432018493,,1.37842646757,,,,,,,,3.75840811887
LEAN04,"GTF2H4",ENSG00000213780,10.590676,,,,2.57981864215,1.2921683498146017,,2.12111507621,,1.67585057074,,,,,,,,,,-0.832643699594,,,,,,,,5.36579767157,1.3841916438,-1.51989529248,1.97510600304,,2.70887007011,,,,,,,-0.339530633014,,1.82279744973,,,,,,,,4.05177248714
LEAN05B,"GTF2H4",ENSG00000213780,9.262648,,,,2.15199011442,1.3232999400552876,,2.03244366057,,1.71547547533,,,,,,,,,,-1.10224565085,,,,,,,,5.23379998612,1.57618457095,-1.69484367617,1.88816513796,,2.9682191033,,,,,,,-0.277810739634,,1.84472316985,,,,,,,,3.51468876521
LEAN05M,"GTF2H4",ENSG00000213780,6.109752,,,,2.58609355395,0.9823405976265154,,1.74271563577,,1.21894363009,,,,,,,,,,-0.512708283273,,,,,,,,4.51884551912,0.636496489366,-1.00486111184,1.64632107919,,1.97203342457,,,,,,,-0.457531169177,,1.36190683398,,,,,,,,3.82585298977
LEAN05,"GTF2H4",ENSG00000213780,9.592626,,,,2.62417411455,1.3171445416929295,,2.16281035765,,1.76423608007,,,,,,,,,,-0.801691095405,,,,,,,,5.34373698798,1.37001504341,-1.38219027582,2.02563868252,,2.76682483588,,,,,,,-0.251504977972,,1.81890953619,,,,,,,,4.08417074131
LEAN06B,"GTF2H4",ENSG00000213780,18.428909,,,,1.34193327201,2.315074387438814,,1.56554700998,,1.23680407212,,,,,,,,,,-2.41528193758,,,,,,,,7.83440659177,2.3253509154,-3.44358199434,2.29156076068,,3.55447866784,,,,,,,-1.9535235034,,2.0528405956,,,,,,,,4.03010674904
LEAN06F,"GTF2H4",ENSG00000213780,9.697323,,,,0.283587722918,1.8496002988040103,,0.952328135093,,0.972603784316,,,,,,,,,,-2.38199205612,,,,,,,,6.06202656627,1.93642095992,-2.84164972323,1.67129408238,,2.90063869921,,,,,,,-1.481900145,,1.54989765284,,,,,,,,2.58827807891
LEAN06M,"GTF2H4",ENSG00000213780,9.505971,,,,2.17383672568,1.617336793574778,,1.5566912531,,0.881357312324,,,,,,,,,,-0.975486460147,,,,,,,,5.77064625364,1.49718476958,-2.26277644136,1.84415731501,,2.37625289322,,,,,,,-1.49251048709,,1.57010871611,,,,,,,,3.80317072183
LEAN06,"GTF2H4",ENSG00000213780,17.469813,,,,1.81514952935,2.2151414704963543,,1.73041837914,,1.26235338327,,,,,,,,,,-1.92096497973,,,,,,,,7.63816185622,2.25304916548,-3.2109511345,2.27413209752,,3.40024173644,,,,,,,-1.87664211991,,2.0706377665,,,,,,,,4.33407248835
LUPU01,"GTF2H4",ENSG00000213780,1.119204,,,,1.13263869895,-0.6491847456749387,,,,-3.40527796745,,,,,,,,,,-2.91968065862,,,,,,,,3.38466064633,,,1.92244929392,,-2.97989244515,,,,,,,-1.38722081037,,-5.69920777178,,,,,,,,
PRSC01,"GTF2H4",ENSG00000213780,55.106654,,,,3.85946734409,1.72345169668103,,-3.1074134918,,-0.430411055423,,,,,,,,,,-0.173997223068,,,,,,,,7.1502536548,-6.02259942102,-5.78129396247,-0.700207566918,,-3.28634914251,,,,,,,-1.07146508968,,5.25130506085,,,,,,,,3.7362476957
RHEU01,"GTF2H4",ENSG00000213780,36.043212,,,,1.71421805034,-11.144101872184134,,0.0449927976084,,-5.05369302162,,,,,,,,,,2.41643842876,,,,,,,,-16.3918215997,-8.34204388212,1.6456094863,-11.7593943678,,-6.7779228132,,,,,,,4.36138157331,,-4.31333657902,,,,,,,,-6.54518524775
RHEU02,"GTF2H4",ENSG00000213780,45.923323,,,,1.72723525927,-11.144101872184134,,0.0449927976084,,-4.8702061346,,,,,,,,,,2.67067203039,,,,,,,,-16.3918215997,-8.34204388212,1.6456094863,-11.6879013914,,-6.6224597644,,,,,,,4.3054435902,,-4.20926559054,,,,,,,,-6.54383665249
SCBP01,"GTF2H4",ENSG00000213780,8.434105,,,,-2.49391055721,0.6941583428176322,,-1.09395177711,,0.696063036246,,,,,,,,,,3.24899495467,,,,,,,,0.134260875848,0.541006871491,0.201509466598,-0.690984376365,,-0.0920902631463,,,,,,,0.682171180952,,2.57028092791,,,,,,,,-1.18152737822
SCHI01,"GTF2H4",ENSG00000213780,1.455808,,,,-5.11683314272,1.4430892795686734,,,,-1.54684758186,,,,,,,,,,-1.81982900136,,,,,,,,-1.84138499941,,,-1.59433014551,,-1.79794962347,,,,,,,-0.707704419328,,2.58717305206,,,,,,,,
SCHI02,"GTF2H4",ENSG00000213780,1.611206,,,,-5.01033817331,1.7393879172783975,,,,-1.21098804474,,,,,,,,,,-1.61199418707,,,,,,,,-1.70913854236,,,-1.42634502216,,-2.11281809369,,,,,,,-0.608689529503,,2.59149418761,,,,,,,,
