code,target,ENSEMBL,association,Adipose_Subcutaneous,Adipose_Visceral_Omentum,Breast_Mammary_Tissue,Muscle_Skeletal,DGN_Whole_Blood,Whole_Blood,Artery_Aorta,Artery_Coronary,Artery_Tibial,Heart_Atrial_Appendage,Heart_Left_Ventricle,Spleen,Brain_Amygdala,Brain_Anterior_cingulate_cortex_BA24,Brain_Caudate_basal_ganglia,Brain_Nucleus_accumbens_basal_ganglia,Brain_Putamen_basal_ganglia,Brain_Cerebellar_Hemisphere,Brain_Cerebellum,Brain_Cortex,Brain_Frontal_Cortex_BA9,Brain_Hippocampus,Brain_Hypothalamus,Brain_Spinal_cord_cervical_c-1,Brain_Substantia_nigra,Nerve_Tibial,Cells_Transformed_fibroblasts,Cells_EBV-transformed_lymphocytes,Colon_Sigmoid,Colon_Transverse,Esophagus_Gastroesophageal_Junction,Esophagus_Mucosa,Esophagus_Muscularis,Liver,Minor_Salivary_Gland,Small_Intestine_Terminal_Ileum,Stomach,Adrenal_Gland,Pituitary,Pancreas,Thyroid,Lung,Ovary,Prostate,Testis,Uterus,Vagina,Skin_Not_Sun_Exposed_Suprapubic,Skin_Sun_Exposed_Lower_leg
BFPC01,"SLC22A3",ENSG00000146477,5.630209,-3.68846228728,-3.59390866038,,,-3.217025969112885,-0.751796450003,,,-2.7471054892,,-3.34710487108,,,-2.86684109476,-2.86315195192,,-3.58538126551,,,-3.42992549889,,,,,,-3.94525284867,,,,-1.10968385748,,-2.42199432785,,2.60694236894,,-2.16878567712,0.118204440809,,-3.34842070728,-1.69577876862,-3.30590485799,-4.54874716323,-2.82547453475,-0.235219520307,-4.19014815126,,,-4.13109755403,-3.94363993208
BFPC04B,"SLC22A3",ENSG00000146477,5.140058,-4.10838662154,-3.99932730753,,,-4.7362925584005255,0.406961345734,,,-3.52554997344,,-3.1222865152,,,-3.43631051741,-2.72962496825,,-3.81629068737,,,-3.89050036008,,,,,,-4.05536954128,,,,-1.48446326876,,-1.60702438871,,3.17907367711,,-1.90300762066,1.54833114458,,-2.88727994308,-2.58757066063,-3.11990099929,-3.65049710545,-3.13121218976,-0.82343003645,-4.21134238092,,,-4.80596745041,-3.84971527691
BFPC04,"SLC22A3",ENSG00000146477,5.168751,-3.94301533831,-3.8136221291,,,-4.695404926422446,0.371979976236,,,-3.42441567688,,-3.11821298226,,,-2.98998392945,-2.79566374368,,-3.6975301343,,,-3.7036938683,,,,,,-3.89236551367,,,,-1.66618053697,,-1.37295171468,,2.99233709256,,-1.90176050963,1.3550546915,,-2.73591399003,-2.6576783763,-3.10040920684,-3.60507699519,-3.04834571454,-0.706442923565,-3.98598936152,,,-4.7674490302,-3.76996464098
BODY03,"SLC22A3",ENSG00000146477,8.768199,-3.25334719837,-3.19091341174,,,-2.574472781606283,1.07000188364,,,-2.09046324188,,-3.10885061516,,,-4.83370724948,-2.20201472171,,-2.59865751872,,,-4.34390787061,,,,,,-3.80488424702,,,,-0.76450132851,,-2.58788829069,,4.38026638028,,-1.60267296386,2.23683120202,,-2.96689561207,-2.01918299553,-3.43203269261,-3.35926896542,-3.37387140606,-0.0710096934133,-4.45224890398,,,-3.08558952544,-2.79067372265
BODY04M,"SLC22A3",ENSG00000146477,5.770549,-2.12051147627,-2.03521088132,,,-1.9486508103381208,-0.128892691441,,,-1.36053775491,,-1.58526749973,,,-3.98077337969,-1.90934634515,,-1.61775702567,,,-3.22221798032,,,,,,-2.40187504145,,,,-0.880997164893,,-2.88898578925,,3.61673349399,,-1.63816719528,1.8644151582,,-1.50753274241,-1.17250184097,-4.19844017941,-2.72815838913,-2.56530022486,-0.958582639685,-3.44844170534,,,-2.79889894276,-1.88560555174
BODY04,"SLC22A3",ENSG00000146477,8.403557,-3.47689184665,-3.38340948269,,,-2.8111176155896223,1.1271760851,,,-2.34190652001,,-3.19430787321,,,-5.10776782306,-2.39785471952,,-2.82951536814,,,-4.63068959935,,,,,,-4.13010438204,,,,-0.930099796631,,-2.89324588207,,4.59598221665,,-1.82132768805,2.31758418986,,-3.19917651762,-2.29748070221,-3.7182715953,-3.79259254853,-3.59954731703,-0.202414877247,-4.72050723389,,,-3.35798075282,-3.11529139211
BODY08B,"SLC22A3",ENSG00000146477,6.177616,-3.92027548822,-3.7621416419,,,-4.3632924486332865,0.615211293842,,,-3.2258902185,,-3.05505363106,,,-3.77132433113,-2.65566389275,,-3.47451333844,,,-3.87451043271,,,,,,-4.00873510119,,,,-2.59633894511,,-2.08280198707,,3.7185227004,,-2.50001740669,1.69371748688,,-3.35224128883,-2.65619026284,-3.24844774652,-3.77012898897,-2.66230656939,-1.3930682057,-4.15756980685,,,-4.36045283509,-3.84219156618
BODY08M,"SLC22A3",ENSG00000146477,6.647991,-4.26304698025,-4.1741857313,,,-4.141120380206554,0.232107961253,,,-3.61874108007,,-2.70944930743,,,-4.82017831994,-2.43477261788,,-3.69485419898,,,-4.0936308321,,,,,,-4.3518391251,,,,-2.06316571094,,-3.28585071232,,3.6913543823,,-2.88322865353,1.84152147361,,-3.98136697363,-2.83201764141,-3.73630289268,-3.87252785796,-2.70670309538,-2.33348907409,-4.55272243907,,,-4.17754637012,-4.10191874782
CHOL21,"SLC22A3",ENSG00000146477,8.859335,2.93637879118,2.79236427804,,,3.0184285009595717,1.50125586642,,,2.34988679715,,1.18619867095,,,4.078797279,3.87885509748,,3.51558747355,,,4.1802288959,,,,,,2.95641971173,,,,0.361118100346,,4.63461424273,,-3.83644999169,,2.01131581755,-1.16760510431,,1.72559318744,3.41956079541,5.02736959698,3.52201648503,3.76283117692,0.29127325491,3.58147472506,,,2.94032193819,2.55415891035
CHOL22,"SLC22A3",ENSG00000146477,2.640810,0.110814254811,-0.0616105023559,,,0.46756426246338895,-1.30593913013,,,1.43796377723,,-0.24034670968,,,-0.0265812156125,1.04081709157,,-0.218932959664,,,-0.294780561781,,,,,,0.669198850333,,,,0.257037370714,,0.520452225675,,2.25936063387,,1.56796350616,3.78915007054,,1.86544686578,4.94798590333,-0.511708854272,1.99017129448,0.596798931147,0.936644463314,-0.243217171812,,,0.438628725603,2.0281437325
CHOL27,"SLC22A3",ENSG00000146477,6.335255,1.84117928944,1.76319372136,,,2.0979655148550975,2.05358073282,,,1.44735903834,,-0.0672721872684,,,2.9164397851,2.24270642942,,2.75831968951,,,2.66887216715,,,,,,1.41353540437,,,,0.603357482637,,3.84215020323,,-3.03332886161,,1.69464799382,-1.473421468,,0.33429431562,1.56013724073,3.95337043144,2.13059190544,2.47905582308,-0.188440440405,2.47785869348,,,2.04691887342,1.49223603789
COAD01,"SLC22A3",ENSG00000146477,8.946653,5.32295008682,5.34833289166,,,5.552145552862619,0.71815813026,,,4.90205041828,,4.25835548189,,,3.11073723689,3.28880078202,,5.80404959959,,,4.55910692273,,,,,,4.31888657414,,,,2.19465138829,,2.25708847502,,-3.26653606379,,2.63725358001,-1.43628376291,,3.19930311419,2.87610969866,4.79001471169,3.7568161107,4.17765508936,-0.0751148691172,4.67972088969,,,5.25511473403,4.61035724854
COAD03,"SLC22A3",ENSG00000146477,27.365442,6.11779789649,6.18024168472,,,6.059725395964934,1.49161713375,,,5.54228051824,,4.83664811454,,,3.7638977561,3.8456222034,,7.23545351202,,,5.44961115865,,,,,,4.77721826374,,,,2.54603339663,,3.0825367054,,-4.07221347425,,3.20886458594,-1.51281416119,,3.75067060478,3.10710131501,5.72084840321,4.41248730724,5.11669398743,-0.105927011708,5.63734371548,,,6.26903450766,5.7817222939
FATM02B,"SLC22A3",ENSG00000146477,7.730417,-3.60344899974,-3.43004034949,,,-3.786231182252606,0.959918714691,,,-3.26414833184,,-2.69414989376,,,-3.75363331242,-2.68127160122,,-3.05263332299,,,-3.8604132288,,,,,,-3.44599736126,,,,-2.14492433103,,-2.38421939617,,4.10396029437,,-1.88685637946,3.21756400972,,-2.23436020985,-1.1256726781,-4.20422449385,-3.07452291799,-2.84681476403,-0.213273960142,-4.51573848488,,,-4.29217127444,-2.76231584627
FATM02M,"SLC22A3",ENSG00000146477,5.640449,-3.53371451907,-3.47338636957,,,-3.620055694682363,1.24114927474,,,-2.5635520068,,-2.26003995718,,,-4.10330764184,-2.58040039486,,-2.9360419599,,,-3.99679987143,,,,,,-3.33259046146,,,,-1.50206962794,,-2.0538381003,,3.97498734736,,-1.71432986567,3.61226264665,,-2.23731064871,-0.498446465976,-3.88115345979,-2.62226924182,-2.79019050437,-0.524936720906,-4.39033607458,,,-3.59200090313,-2.41767839366
FATM02,"SLC22A3",ENSG00000146477,7.874389,-3.44062341109,-3.24399070327,,,-3.675286563919221,0.762502589603,,,-3.35035903434,,-2.67614303184,,,-3.34522474538,-2.52668077199,,-2.94658015029,,,-3.61847168783,,,,,,-3.33063668309,,,,-2.26891953989,,-2.3286528423,,3.78971134896,,-1.85311156498,2.78465965773,,-2.18302887744,-1.31755302061,-4.06394741107,-3.09908106323,-2.78029983233,-0.164124364111,-4.28544179976,,,-4.27181465101,-2.78350603101
FATM03B,"SLC22A3",ENSG00000146477,7.317268,-3.57740761833,-3.40266931001,,,-3.769157245739816,0.927165957557,,,-3.26158320211,,-2.68292333387,,,-3.75371020262,-2.62210904341,,-3.04699866677,,,-3.80536294561,,,,,,-3.41635160757,,,,-2.18270477646,,-2.30639726827,,4.04317427813,,-1.9443117966,3.1630824234,,-2.33057136817,-1.08523416245,-4.1519285115,-3.04877326084,-2.75414182849,-0.221908504693,-4.48169855033,,,-4.21717010245,-2.7564670596
FATM03M,"SLC22A3",ENSG00000146477,5.681937,-3.53403669768,-3.47524295631,,,-3.5990452419341574,1.3518370696,,,-2.54942048223,,-2.26174277842,,,-4.13104203823,-2.56339746097,,-2.91753927054,,,-3.98490934852,,,,,,-3.32729186219,,,,-1.50562855921,,-2.01877334278,,3.97164992547,,-1.70309061985,3.64107092305,,-2.24754445017,-0.523380149025,-3.87255478881,-2.60634941192,-2.75581416167,-0.533758521142,-4.3845517657,,,-3.58733336433,-2.40144661346
FATM03,"SLC22A3",ENSG00000146477,7.048998,-3.41632386215,-3.21834064534,,,-3.669101810349831,0.692699301255,,,-3.35388698596,,-2.66561879221,,,-3.34236638024,-2.46403665318,,-2.95178911804,,,-3.56311114891,,,,,,-3.30289446843,,,,-2.31024726215,,-2.24639501905,,3.724068678,,-1.92668291518,2.71520752351,,-2.29987113145,-1.25668910204,-4.0116015601,-3.07363935888,-2.68117653761,-0.186755701836,-4.25225863238,,,-4.18469061818,-2.78440516989
FATM04B,"SLC22A3",ENSG00000146477,11.808298,-5.09761670416,-4.89834689415,,,-5.462105865929275,0.290971733329,,,-4.20399349091,,-4.07450772167,,,-5.13559838055,-3.8308085567,,-4.74697044238,,,-5.05023052449,,,,,,-5.29421762441,,,,-2.62658831962,,-3.19738428957,,5.02721317398,,-3.00143523686,2.36101716791,,-3.98524230121,-3.05795440157,-5.10851588117,-4.81494427761,-3.51844366515,-1.74462174835,-5.80583669415,,,-5.83504505208,-4.71394896992
FATM04M,"SLC22A3",ENSG00000146477,11.562963,-5.11994824855,-5.02665605323,,,-4.975736173548846,0.319807891476,,,-4.07866821257,,-3.44774995194,,,-6.0451642821,-3.15040214223,,-4.47689913112,,,-5.01824243796,,,,,,-5.27336726137,,,,-1.82027800601,,-3.87006122053,,4.68284931729,,-2.8274346462,2.47905773331,,-4.17622090876,-2.76864473251,-5.10969543132,-4.42275298287,-3.27499813988,-2.17147022522,-5.78780046291,,,-5.16929136968,-4.54362369712
FATM04,"SLC22A3",ENSG00000146477,10.191020,-4.79340566583,-4.57914767737,,,-5.301946577404192,0.315284656674,,,-3.99801492317,,-3.99630487021,,,-4.52331756691,-3.73803672855,,-4.53376133566,,,-4.74233348971,,,,,,-4.99753545944,,,,-2.71799648465,,-2.80965588282,,4.72401431285,,-2.85531339955,2.10663214527,,-3.70732216522,-3.00374634394,-4.79804595785,-4.6573334513,-3.37467297244,-1.54705529964,-5.44289254887,,,-5.6581902651,-4.51385075402
HEIG03,"SLC22A3",ENSG00000146477,5.714533,-2.27322417645,-2.04115177193,,,-1.3488926173454727,-1.09690179129,,,-1.86939495536,,-0.809398001599,,,-2.99491143874,-1.91997123396,,-2.57354186749,,,-2.28898329295,,,,,,-2.48138940018,,,,-1.87536803714,,-4.7452444302,,2.77481971681,,-3.56049488057,1.48746037037,,-2.62700420953,-2.137276699,-2.92489991028,-2.18514108576,-0.247209828754,-1.81630460418,-4.05992221599,,,-2.89594934273,-1.90736381456
HIPC02,"SLC22A3",ENSG00000146477,5.789815,-2.490387016,-2.43293118198,,,-1.9828587286941555,0.0360697056765,,,-2.43843784003,,-2.25403540481,,,-3.45801994224,-3.10449007494,,-2.31716888198,,,-3.24182622044,,,,,,-3.36423551134,,,,0.627046621669,,-3.29157650779,,2.89327264725,,-2.20746444995,1.29775982953,,-2.63314723981,-2.12159786209,-3.06071799086,-2.65622331111,-1.54419501494,0.0189328132013,-3.84400542399,,,-2.53705946625,-2.37158244803
LEAN04B,"SLC22A3",ENSG00000146477,12.074760,-3.73200578315,-3.43883412607,,,-3.257646673518692,-0.128099485547,,,-3.60145117841,,-2.77285143331,,,-4.49663255316,-3.87723612294,,-3.41870051219,,,-4.29645445865,,,,,,-3.89501245397,,,,-2.64384433912,,-3.57780186159,,5.58373461019,,-3.04170249654,3.59393994791,,-2.98179816126,-0.914353763507,-5.48905519525,-3.5973804593,-2.76793098261,-0.990009775702,-5.20287220107,,,-4.3534356967,-3.01804759259
LEAN04M,"SLC22A3",ENSG00000146477,11.974653,-4.41091728223,-4.23755764706,,,-3.876426289236252,-0.505177840332,,,-3.96564952004,,-3.01995256992,,,-4.82384683297,-4.28965388666,,-3.99362834595,,,-4.76953618497,,,,,,-4.53590114981,,,,-2.34996860725,,-3.39679803046,,4.9611890298,,-3.35614719596,3.19952005813,,-4.17949015875,-0.874394040446,-5.30099600202,-3.7174954842,-3.08362707736,-1.79763599989,-5.53509709243,,,-4.23264517222,-3.45420116251
LEAN04,"SLC22A3",ENSG00000146477,14.107488,-4.49710833686,-4.23444805155,,,-3.931005750238312,-0.3111775285,,,-4.18422008107,,-3.17812561321,,,-5.17847802014,-4.38914195326,,-4.11379415223,,,-5.00009753746,,,,,,-4.64513399711,,,,-2.84058986141,,-3.96252515044,,5.99022607097,,-3.51634559306,3.86431337563,,-3.95434995678,-0.945322044859,-6.10140997721,-4.03613298338,-3.16148744238,-1.53965682806,-5.98048518946,,,-4.80085879004,-3.55473723799
LEAN05B,"SLC22A3",ENSG00000146477,10.670338,-3.58844493274,-3.2926416045,,,-3.1325229132594763,-0.154688257385,,,-3.53998345845,,-2.70284582629,,,-4.43431400901,-3.64533926519,,-3.31064382375,,,-4.19373418584,,,,,,-3.77719591841,,,,-2.6787721169,,-3.50997046099,,5.39999160738,,-3.07206676995,3.41120159122,,-3.05516703711,-0.875255308517,-5.30052363148,-3.48722808095,-2.67393426475,-1.09627617303,-5.09072559882,,,-4.16726149802,-2.95749219119
LEAN05M,"SLC22A3",ENSG00000146477,10.927199,-4.39290129364,-4.22011908756,,,-3.846832547907316,-0.452479762821,,,-3.93838460184,,-3.01369663746,,,-4.83156752463,-4.26169707893,,-3.96873070971,,,-4.7582712637,,,,,,-4.50869704127,,,,-2.33867685339,,-3.33463732863,,4.96404232239,,-3.32729484189,3.22197253181,,-4.14132917312,-0.862536682805,-5.28916074511,-3.68032958196,-3.06460904491,-1.79299407147,-5.51281595281,,,-4.21639928716,-3.41863245969
LEAN05,"SLC22A3",ENSG00000146477,15.069795,-4.39659926306,-4.13338321866,,,-3.837332244353642,-0.293717286303,,,-4.13693085631,,-3.13556973228,,,-5.14281232336,-4.23758137722,,-4.02837412297,,,-4.9312878048,,,,,,-4.55635958898,,,,-2.84429983008,,-3.88776648764,,5.89075202228,,-3.50496368564,3.76727910269,,-3.9669239504,-0.913262813645,-5.98336509949,-3.94729737329,-3.09539464959,-1.60663453273,-5.89874999183,,,-4.67530907547,-3.49431356314
LEAN06B,"SLC22A3",ENSG00000146477,20.372030,-5.73351212646,-5.411770516,,,-5.345566586477702,-0.884071623132,,,-4.48171434063,,-5.11273600603,,,-5.96402025884,-4.91777257983,,-5.35293958426,,,-5.95964172248,,,,,,-6.1348262562,,,,-3.51056040636,,-4.59559521015,,6.68929548858,,-4.30997214008,3.34278353664,,-5.01626127283,-2.60093173288,-6.52647322429,-5.4824566406,-3.60938084435,-1.80186088568,-7.00886350722,,,-6.21765438959,-4.91466273795
LEAN06F,"SLC22A3",ENSG00000146477,8.592049,-3.51464887556,-3.25461126886,,,-3.5149184984116117,-0.419361213481,,,-2.69527334331,,-3.70605634765,,,-3.35456373029,-3.24676839523,,-3.39697843308,,,-3.83996642053,,,,,,-3.8604259247,,,,-2.4981902944,,-2.16070835398,,4.5598090679,,-2.68367168716,2.34559005232,,-2.71283342953,-1.40092402311,-3.67535835197,-3.54774872065,-2.52366252123,-0.717186962915,-4.49122138999,,,-4.23175215865,-2.97680796589
LEAN06M,"SLC22A3",ENSG00000146477,16.336045,-5.66860269403,-5.44913037008,,,-4.912646025585426,-1.06566086585,,,-4.51258961365,,-4.15883140509,,,-6.37164619842,-4.49288704786,,-5.10992978398,,,-5.60010669767,,,,,,-5.90877946742,,,,-2.92232713171,,-5.57255244235,,5.8970460372,,-4.19574992922,2.84619734567,,-5.53255079958,-2.87520534254,-6.95798040265,-5.12682710144,-3.08107534411,-2.38581061044,-6.62573008846,,,-5.48800391173,-4.91494384425
LEAN06,"SLC22A3",ENSG00000146477,21.900665,-6.23784707112,-5.93304471645,,,-5.625925604680733,-0.924696371652,,,-4.91801784442,,-5.08857337741,,,-6.75355975941,-5.14446758509,,-5.7584712053,,,-6.33694604037,,,,,,-6.58379627566,,,,-3.62397105641,,-5.58486567259,,7.08125225812,,-4.66247725254,3.52408257051,,-5.71007503234,-2.89704402591,-7.39624812208,-5.81801626457,-3.63731647727,-2.26150512052,-7.52390798105,,,-6.48344602263,-5.3502252788
LONG04,"SLC22A3",ENSG00000146477,10.401461,3.28420100612,3.37361939274,,,2.5665442489817414,-0.0942157875353,,,1.53773741437,,1.72833117225,,,2.30660978424,2.22470199857,,2.8396720346,,,3.06512149322,,,,,,2.29431628542,,,,-0.911530435911,,1.42568576704,,-4.0011124188,,-0.142508093904,-3.04609248943,,1.1800929487,0.0306854387868,2.92747523949,1.65914696339,3.03658502413,-1.47786951622,2.71085740758,,,2.59692908402,1.77513338568
LONG06,"SLC22A3",ENSG00000146477,11.366542,3.90057675629,4.01572252818,,,3.729909461593759,-0.258838528669,,,2.86557402459,,2.08244666753,,,3.04046950531,3.00157254917,,3.88872655099,,,3.39177612101,,,,,,2.96723053378,,,,-0.834532750787,,2.05024439558,,-4.07165349466,,1.06196040098,-2.49913273484,,2.74280111413,0.633474953069,3.58130429226,2.35672779509,3.05024772207,-1.40069488792,3.54974831233,,,3.29768920224,2.6420664099
TRGL03,"SLC22A3",ENSG00000146477,7.790003,2.77698795,2.67375352174,,,1.985562872136611,0.494684096363,,,0.433918590967,,2.71212780891,,,3.67408949686,2.75105550545,,2.54267389767,,,3.67575651178,,,,,,3.22463791107,,,,0.352538923884,,2.66358099614,,-4.31478908523,,0.253950186119,-3.63414721465,,1.47544846908,-0.228718832174,3.40100947404,2.14365627893,2.56148222315,-0.0913350786695,3.4771984905,,,2.63696998405,1.04997938313
URIN02,"SLC22A3",ENSG00000146477,5.999306,3.5051018904,3.36754862135,,,2.638004333628212,1.27415225185,,,4.43676727655,,3.69239509068,,,2.20798954569,1.48013319133,,3.27684772099,,,3.16485557308,,,,,,3.9254125537,,,,0.430393761322,,1.52857928281,,-1.67723668391,,2.58433089896,0.540371275102,,4.8984474165,2.25888932276,4.08165748566,4.23171607905,3.32243749194,1.34705959314,2.63468159744,,,3.31799178669,3.7534811859
URIN07,"SLC22A3",ENSG00000146477,8.707655,-2.42007176638,-2.50065954049,,,-1.6176952562997138,0.0677030081109,,,-2.32168017808,,-2.57122513323,,,-2.52322427261,-0.8989994838,,-2.2618018887,,,-1.81412304086,,,,,,-2.29729903501,,,,3.50689032058,,0.289320406041,,1.75912987311,,0.697252102395,0.578634954889,,-2.37024653863,0.374370097838,-1.4551405514,-1.58553088308,-1.82350743713,-0.179187581139,-0.708067105822,,,-1.48520984167,-1.89721796656
URIN09,"SLC22A3",ENSG00000146477,9.876737,-2.70120125495,-2.81797345777,,,-1.8761065333426061,0.318505699073,,,-2.18722301437,,-2.83457650039,,,-2.57654109715,-1.16711111189,,-2.28333322814,,,-2.18393065287,,,,,,-2.51094494571,,,,3.57924293126,,0.0408587375491,,2.46092971085,,1.04138633891,1.17238852625,,-2.40343359488,0.895657994741,-1.79779072824,-1.49153136576,-2.30681409783,-0.164062577611,-1.15673552124,,,-1.66871252581,-1.70185591528
