code,target,ENSEMBL,association,Adipose_Subcutaneous,Adipose_Visceral_Omentum,Breast_Mammary_Tissue,Muscle_Skeletal,DGN_Whole_Blood,Whole_Blood,Artery_Aorta,Artery_Coronary,Artery_Tibial,Heart_Atrial_Appendage,Heart_Left_Ventricle,Spleen,Brain_Amygdala,Brain_Anterior_cingulate_cortex_BA24,Brain_Caudate_basal_ganglia,Brain_Nucleus_accumbens_basal_ganglia,Brain_Putamen_basal_ganglia,Brain_Cerebellar_Hemisphere,Brain_Cerebellum,Brain_Cortex,Brain_Frontal_Cortex_BA9,Brain_Hippocampus,Brain_Hypothalamus,Brain_Spinal_cord_cervical_c-1,Brain_Substantia_nigra,Nerve_Tibial,Cells_Transformed_fibroblasts,Cells_EBV-transformed_lymphocytes,Colon_Sigmoid,Colon_Transverse,Esophagus_Gastroesophageal_Junction,Esophagus_Mucosa,Esophagus_Muscularis,Liver,Minor_Salivary_Gland,Small_Intestine_Terminal_Ileum,Stomach,Adrenal_Gland,Pituitary,Pancreas,Thyroid,Lung,Ovary,Prostate,Testis,Uterus,Vagina,Skin_Not_Sun_Exposed_Suprapubic,Skin_Sun_Exposed_Lower_leg
AMIN09,"HSD17B11",ENSG00000198189,3.440980,1.50772540764,-0.423758102714,3.69716608501,1.74807820569,2.5416385451666024,2.53529141198,1.96322224386,,2.98638321051,0.72262819035,1.70196188404,0.691083961478,,,,,,,,,,,,1.82197252095,,1.52734020243,1.35042948103,4.63691039008,-1.80646965613,0.0382812244863,1.43883709215,-0.759695294727,2.16131587754,,1.69052245303,,4.75484318882,,,0.783850567762,0.121899530642,1.24448541767,,,,,,2.79006876326,0.700809610004
BLOO03,"HSD17B11",ENSG00000198189,6.360962,-4.07616200342,-4.8181106004,-4.57241232084,-5.47365589311,-3.22399890041015,-3.50060138168,-4.70107270278,,-3.52197279103,-4.0135953954,-5.35746433083,-1.80478224034,,,,,,,,,,,,-1.64193657549,,-3.96299181604,-5.31857357785,-0.80488177274,-5.6497042054,-5.91389842375,-3.80555992735,-4.4576324942,-4.37272346357,,-3.79662874914,,-4.3289058817,,,-4.5557894025,-3.30279024169,-2.28957795148,,,,,,-3.83822008483,-5.2907248269
BLOO08,"HSD17B11",ENSG00000198189,3.188318,-3.38817198343,-3.57600161992,-2.91758254168,-2.38936528813,-1.582080963740999,-0.934276793343,-3.40993181175,,-2.73726796285,-2.88038150205,-2.33498840524,0.106265205996,,,,,,,,,,,,0.864715759578,,-0.438456338523,-3.3136915809,1.35549614808,-3.79354186709,-5.72918818212,-1.29781491432,-1.08342423814,-2.36598506647,,-1.45025033879,,-5.45854126588,,,-1.19776690694,-1.05753252499,-0.101173579563,,,,,,-0.402912710474,-2.82616623594
BLOO14,"HSD17B11",ENSG00000198189,4.498325,-3.87890102458,-4.24712828637,-3.34357207569,-2.82831892012,-2.3291136219482587,-1.23305807494,-3.9455607635,,-3.06267209559,-3.27167039119,-2.77081259862,0.488512049626,,,,,,,,,,,,0.754172053267,,-0.928619257801,-4.07994281117,0.576709242394,-4.41582748907,-6.31765224301,-1.73669850637,-1.54253814419,-2.88694004199,,-2.12080087073,,-5.86141459928,,,-1.60501953569,-1.20320001622,-0.0629974766145,,,,,,-0.988472402305,-3.28413181337
BLOO15,"HSD17B11",ENSG00000198189,4.014246,-3.55507569571,-4.1501901492,-2.91021045653,-2.70649538103,-2.056646113904599,-1.01004895576,-3.77184311997,,-2.83182446738,-3.10583637253,-2.65773774948,0.575920260195,,,,,,,,,,,,0.781304241467,,-0.839723180551,-3.84468462307,-0.064992416815,-4.12387245473,-5.75405391364,-1.6265403505,-1.64444801993,-2.91106043429,,-2.17732313052,,-5.79285988862,,,-1.74774071028,-1.08810146531,0.0175689843124,,,,,,-0.801962394787,-3.12198673131
BLOO20,"HSD17B11",ENSG00000198189,4.143030,-3.37514713711,-4.02053154062,-3.99345131301,-4.59421714205,-2.7991525381768967,-2.79586508535,-3.86308505667,,-2.79983858098,-3.47032413893,-4.48311308723,-1.32369226469,,,,,,,,,,,,-1.32082570179,,-3.42570359939,-4.47694056243,-0.750958485952,-4.82876791819,-5.19138394769,-3.34527131099,-3.84093225615,-3.56740508374,,-3.4149705536,,-3.61093953486,,,-3.89114888364,-2.98923821546,-1.70976818178,,,,,,-2.91486676732,-4.34487876116
GOUT01,"HSD17B11",ENSG00000198189,0.057194,-0.974391479981,-0.159899583179,-1.59782150416,-0.124785477875,-0.0554993493559844,-0.310916292227,-0.159112567868,,-0.569419518565,-0.342417527179,-0.149659915695,-1.10250354886,,,,,,,,,,,,-7.23716778239,,0.414537410463,-0.233925213293,-2.20690404539,0.279349715877,0.36501702288,-0.588427558798,1.30542232609,0.132554019932,,0.402755062603,,1.48441033721,,,0.597427506348,-0.08688669043,-1.40512156521,,,,,,0.152726934779,0.0855368377343
LEAN02,"HSD17B11",ENSG00000198189,4.541695,3.86811293624,2.11888017348,2.34153659714,0.683126155182,1.7968778466829507,5.05607597476,2.02321364776,,2.41964505251,1.04150882797,0.746940020035,-0.156850812419,,,,,,,,,,,,1.06637074578,,2.9978602614,3.38256223439,2.06106200474,1.16331578542,0.912272065724,2.23258313611,-0.561184511676,2.55269613626,,0.80799531368,,1.29700735041,,,0.492573977721,0.510870570267,0.621639744226,,,,,,1.03446831624,3.42103538185
URAT01,"HSD17B11",ENSG00000198189,0.916784,-2.24372100503,-0.452651724651,-2.95063932376,-0.0739709935678,-0.9715533345897777,-1.70810603513,-0.608089576974,,-0.630107834456,-0.761210592534,-0.0380246588129,-1.75587224525,,,,,,,,,,,,-13.7451208015,,-0.366726763644,-0.755606838957,-3.15955025195,0.938025434333,1.71827233536,-2.46587891459,1.20282782691,-0.940984914246,,0.0670947648716,,2.16291398375,,,0.5945311952,0.0630570345213,-0.0181652921379,,,,,,0.449460817268,-0.40091178782
