code,target,ENSEMBL,association,Adipose_Subcutaneous,Adipose_Visceral_Omentum,Breast_Mammary_Tissue,Muscle_Skeletal,DGN_Whole_Blood,Whole_Blood,Artery_Aorta,Artery_Coronary,Artery_Tibial,Heart_Atrial_Appendage,Heart_Left_Ventricle,Spleen,Brain_Amygdala,Brain_Anterior_cingulate_cortex_BA24,Brain_Caudate_basal_ganglia,Brain_Nucleus_accumbens_basal_ganglia,Brain_Putamen_basal_ganglia,Brain_Cerebellar_Hemisphere,Brain_Cerebellum,Brain_Cortex,Brain_Frontal_Cortex_BA9,Brain_Hippocampus,Brain_Hypothalamus,Brain_Spinal_cord_cervical_c-1,Brain_Substantia_nigra,Nerve_Tibial,Cells_Transformed_fibroblasts,Cells_EBV-transformed_lymphocytes,Colon_Sigmoid,Colon_Transverse,Esophagus_Gastroesophageal_Junction,Esophagus_Mucosa,Esophagus_Muscularis,Liver,Minor_Salivary_Gland,Small_Intestine_Terminal_Ileum,Stomach,Adrenal_Gland,Pituitary,Pancreas,Thyroid,Lung,Ovary,Prostate,Testis,Uterus,Vagina,Skin_Not_Sun_Exposed_Suprapubic,Skin_Sun_Exposed_Lower_leg
BFPC04B,"PSMG1",ENSG00000183527,4.990974,4.44319821384,3.50797537756,4.08124888148,4.3878170192,-1.0513267981482248,,1.8602748595,,3.74379632773,2.77867858369,3.52164736056,,,,3.16411792949,,2.72458457729,,,2.98599878645,,,1.92084570135,,,3.64881564478,,,3.70091325819,3.92984233117,2.11213500496,4.11321833837,2.79775454302,4.09405700024,4.28731460254,3.9727064482,3.04585321718,3.70301478697,,,,4.8555122101,,1.73910837293,,,4.25289728035,4.07861294261,4.15675447484
BFPC04,"PSMG1",ENSG00000183527,4.897498,4.42868547579,3.45057765096,3.99430263014,4.24373778831,-1.0649725618194952,,1.92682622339,,3.586517001,2.74688897931,3.27131314148,,,,2.92016225087,,2.46558937598,,,2.82505186926,,,1.75363569898,,,3.60732704518,,,3.6744482192,3.80450690123,1.85926517311,4.06174613253,2.75635741421,4.04025997061,4.14443787662,3.95271288486,3.05064537107,3.49329679503,,,,4.77807573027,,1.61407549795,,,4.05556733715,4.02140493149,4.09671812143
BLOO01,"PSMG1",ENSG00000183527,10.229266,4.07615654723,4.23167780187,3.65597348177,4.35354006046,-0.056593035829538264,,4.56512461904,,4.39821164068,2.11129911805,5.2408636256,,,,5.23085621316,,4.12834122314,,,3.55739350074,,,3.89528817882,,,3.76080829535,,,1.72033259998,3.83418922163,3.68705789441,2.95237835973,3.79656041471,2.98150179984,3.41914274948,3.03670355823,2.44352977913,4.99001460691,,,,4.05236448364,,1.70732011738,,,3.14154094275,3.11994320076,2.42311873605
BLOO33,"PSMG1",ENSG00000183527,7.743018,4.30030785888,3.64289548967,3.56726483304,4.0413786869,-0.5061157000538467,,4.29324690453,,3.95856186403,1.83736745412,4.51153770717,,,,4.49841570035,,3.57292646883,,,3.15698602953,,,3.60599247111,,,3.39911431058,,,1.9821343812,3.65216708077,3.24139560559,3.07479113137,3.41683947592,3.11195269062,3.5074720431,3.04683953039,2.32627293673,4.30485126722,,,,3.99832589289,,1.7232538262,,,3.02902115067,3.23378295295,2.662158453
BODY08B,"PSMG1",ENSG00000183527,6.276495,4.61672578642,3.8225615975,4.44018202804,4.7304570323,-0.9071523246852007,,2.10589672201,,3.9817964962,3.11419690711,3.90739646504,,,,3.65481017919,,3.01275091266,,,3.20823174404,,,1.64880215123,,,4.09015874081,,,3.75091709133,4.4642708574,2.73497954332,4.4278699877,3.38138066312,4.45047500807,4.70384007367,4.19120793081,2.97919258238,4.12452733098,,,,5.36427414956,,1.55904760344,,,4.70383782022,4.37589937189,4.35022285683
BODY08M,"PSMG1",ENSG00000183527,6.607022,4.05942187552,3.67881353663,4.23306196486,4.3767807016,-0.9247597510388667,,1.82605769744,,3.94621602477,3.1042709601,3.80750961,,,,3.62419292341,,3.02634419378,,,2.84685885588,,,2.01294859183,,,3.89822712084,,,3.59888464744,4.28259200763,3.12990308232,4.18904345416,3.11745862179,4.20259750177,4.55132250058,3.84771106457,3.12133832017,4.08521693849,,,,4.50971731965,,1.97171431018,,,4.55187689019,4.19398193771,4.14253708559
BODY08,"PSMG1",ENSG00000183527,6.109456,4.40018235657,3.60774214688,4.16596051106,4.46854255518,-0.8500733456037786,,2.06406186423,,3.7252233006,2.98281493877,3.64615403289,,,,3.3973735979,,2.77478131066,,,3.036087908,,,1.53027623095,,,3.86372765066,,,3.50369890373,4.1775301168,2.43294739621,4.15147910468,3.19845710283,4.17629827079,4.38564529933,3.98295730333,2.74660696401,3.83763189927,,,,5.19348925031,,1.40628466415,,,4.37534441386,4.08385505488,4.06804286673
FATM04B,"PSMG1",ENSG00000183527,4.747098,4.15226746458,2.91403382056,3.84475379851,4.0115874564,-1.4704086645025753,,1.135167206,,3.08923630194,2.54245443266,2.89795122482,,,,2.5899494853,,2.08002219642,,,2.64308509177,,,1.49154838186,,,3.13123937307,,,3.65329047014,3.65025786184,1.67260958599,4.09828827107,2.20712876275,4.13390373579,4.34651877507,3.82444334014,2.75499706587,3.12400376283,,,,4.73515551215,,1.97562609941,,,4.27591593489,4.05675952261,4.22160589137
MENA02F,"PSMG1",ENSG00000183527,12.419577,-6.0733582396,-5.24479136608,-5.45903706673,-5.62810078588,1.227096014535998,,-2.86717100726,,-5.49204997073,-3.09394228042,-5.94716703934,,,,-5.43235780953,,-4.80045645704,,,-2.82491112968,,,-3.39242031476,,,-5.27916451056,,,-3.38545460224,-5.64638080191,-5.4566301427,-4.85720007776,-4.17394424212,-4.89189806424,-5.42306663772,-4.76685783839,-3.07929730764,-5.66904565487,,,,-5.83719458488,,-2.89585963184,,,-5.23176700192,-4.86565268305,-4.52653211263
