code,target,ENSEMBL,association,Adipose_Subcutaneous,Adipose_Visceral_Omentum,Breast_Mammary_Tissue,Muscle_Skeletal,DGN_Whole_Blood,Whole_Blood,Artery_Aorta,Artery_Coronary,Artery_Tibial,Heart_Atrial_Appendage,Heart_Left_Ventricle,Spleen,Brain_Amygdala,Brain_Anterior_cingulate_cortex_BA24,Brain_Caudate_basal_ganglia,Brain_Nucleus_accumbens_basal_ganglia,Brain_Putamen_basal_ganglia,Brain_Cerebellar_Hemisphere,Brain_Cerebellum,Brain_Cortex,Brain_Frontal_Cortex_BA9,Brain_Hippocampus,Brain_Hypothalamus,Brain_Spinal_cord_cervical_c-1,Brain_Substantia_nigra,Nerve_Tibial,Cells_Transformed_fibroblasts,Cells_EBV-transformed_lymphocytes,Colon_Sigmoid,Colon_Transverse,Esophagus_Gastroesophageal_Junction,Esophagus_Mucosa,Esophagus_Muscularis,Liver,Minor_Salivary_Gland,Small_Intestine_Terminal_Ileum,Stomach,Adrenal_Gland,Pituitary,Pancreas,Thyroid,Lung,Ovary,Prostate,Testis,Uterus,Vagina,Skin_Not_Sun_Exposed_Suprapubic,Skin_Sun_Exposed_Lower_leg
BFPC04B,"EFEMP2",ENSG00000172638,8.695984,4.48008032422,3.25487216612,2.13893257331,4.49750213809,0.6452625182003212,-0.372910595435,0.180468002294,,3.78924522796,,,,0.646368754694,-1.137566615,,,,3.81343326626,2.77405428055,5.41829050715,,,,,,0.00529166778607,4.22024485128,,,,,3.94985111676,2.90555945514,,,,,3.35231935029,,2.80906026604,,,,,,,,,
BFPC04M,"EFEMP2",ENSG00000172638,6.711393,4.11854083281,3.58843173378,2.87282384144,4.23962467067,1.8349820843240636,0.502731321645,1.91175108307,,3.5626170966,,,,2.47151682628,-0.457269044792,,,,3.69583922741,3.51494075227,4.54596488993,,,,,,0.313218682684,3.95774900712,,,,,3.5769113419,2.87326447894,,,,,3.23306849414,,2.73393277165,,,,,,,,,
BFPC04,"EFEMP2",ENSG00000172638,8.013542,4.20386929532,2.88314398256,1.81617643996,4.25278066795,0.22737833186985446,-0.611696912536,-0.288769658729,,3.61658845946,,,,0.137166196309,-1.174873584,,,,3.59419686287,2.40299872963,5.27311296009,,,,,,-0.105598028314,3.98544846546,,,,,3.80663936937,2.70317167841,,,,,3.17057645254,,2.65928787388,,,,,,,,,
BLOO01,"EFEMP2",ENSG00000172638,16.278676,-4.97028378927,-4.78155419249,-3.15196802526,-3.72266809706,-2.7124327355433695,0.314935137373,-4.53042636838,,-3.38791284517,,,,-4.98952177127,0.510362531266,,,,-3.42912480468,-2.07243633675,-4.98517806362,,,,,,-1.46007071722,-3.52285767776,,,,,-3.1042957193,-3.19788132258,,,,,-3.17041099326,,-2.04075829037,,,,,,,,,
BLOO05,"EFEMP2",ENSG00000172638,6.072178,-2.73881935448,-3.1969817919,-1.96469603194,-3.55765746091,-2.788261160811576,-0.465879834767,-3.34969473099,,-2.24332989464,,,,-0.557370825275,-0.033830618618,,,,-3.91117776165,-3.03615147587,-2.37401487707,,,,,,-0.163637338553,-3.69802842014,,,,,-2.90189845971,-3.61708932315,,,,,-3.02589870079,,-2.99385592814,,,,,,,,,
BLOO07,"EFEMP2",ENSG00000172638,30.710924,-4.49312281248,-9.03996375855,-8.43675798816,-9.29805416265,-6.798102971667349,-2.16726624597,-4.38670647091,,-8.39286546135,,,,-6.828002699,-1.03613757491,,,,-8.78909518974,-9.10720186013,-7.9981304159,,,,,,-3.09646980504,-8.88394998312,,,,,-8.72199308643,-7.17675173208,,,,,-6.46087304636,,-7.98620695043,,,,,,,,,
BLOO09,"EFEMP2",ENSG00000172638,6.755550,-2.01533922929,-3.88630183872,-2.92901790673,-3.78902994698,-3.9672673175178415,-2.12902891553,-3.7137643172,,-3.2291207,,,,-1.81989117551,-1.42410287856,,,,-4.00564019618,-3.5128804043,-2.90175777912,,,,,,-1.38239927979,-3.80875497766,,,,,-2.75290904117,-2.60515586994,,,,,-3.00721564136,,-3.71736224858,,,,,,,,,
BLOO10,"EFEMP2",ENSG00000172638,7.837167,-2.35811267642,-4.19396010667,-3.12995419505,-4.13301095933,-4.086381542105393,-2.06082683221,-4.03715760633,,-3.45175317218,,,,-1.8286659234,-1.22982419564,,,,-4.33113354108,-3.73708526412,-3.09586829195,,,,,,-1.27321936286,-4.16682167867,,,,,-3.05036334303,-2.90542104795,,,,,-3.32525848672,,-3.99133405641,,,,,,,,,
BLOO12,"EFEMP2",ENSG00000172638,9.763211,-2.46585988924,-4.833307703,-3.52317759302,-4.8940390201,-4.265395761877792,-1.94411047771,-4.1976426959,,-3.98474994592,,,,-2.26004342403,-1.22562723718,,,,-4.90959370085,-4.16541219788,-3.61643729945,,,,,,-0.744347683193,-4.83718246686,,,,,-3.54219681698,-3.62598378659,,,,,-3.96686968683,,-4.28497204169,,,,,,,,,
BLOO16,"EFEMP2",ENSG00000172638,25.089082,-4.33486833309,-8.7298250133,-7.98307240726,-8.8553206424,-6.657048146285809,-2.29327719068,-4.53097478848,,-8.10138605003,,,,-6.72417173959,-0.773059124949,,,,-8.397274138,-8.54973908694,-7.725372131,,,,,,-2.03249530298,-8.45343086858,,,,,-8.10584361707,-6.5834745846,,,,,-6.27798329937,,-7.65923891411,,,,,,,,,
BLOO17,"EFEMP2",ENSG00000172638,19.593715,-3.67513466815,-7.51800717443,-7.37858269387,-7.66500625278,-5.6243055832247295,-1.68857056992,-3.07643794778,,-7.15343107675,,,,-6.11951048365,-0.648259431618,,,,-7.14577086347,-7.7906110246,-6.88102931733,,,,,,-2.71062585829,-7.2905114722,,,,,-7.58008348612,-5.8609769092,,,,,-5.16062673884,,-6.64645644883,,,,,,,,,
BLOO18,"EFEMP2",ENSG00000172638,17.223408,-3.43735792411,-7.10506753702,-7.03501675431,-7.35077605143,-5.200961168599692,-1.55217116924,-2.86322511085,,-6.73353707089,,,,-5.62159327449,-0.44827500686,,,,-6.77716030754,-7.27524155402,-6.56810586669,,,,,,-1.91636327321,-6.96419692163,,,,,-7.24242731447,-5.71181858871,,,,,-5.13489233636,,-6.28074873376,,,,,,,,,
BLOO21,"EFEMP2",ENSG00000172638,6.485134,1.61859410188,0.434476729805,2.00143068456,-0.0833655979073,1.7163697502463737,1.85147677581,1.75442264712,,-0.603963204398,,,,-0.928970156659,-1.9524545698,,,,-0.795834949733,-0.374463604679,2.91125906589,,,,,,0.206766543418,-0.337344722802,,,,,-0.429516287371,-1.09878069269,,,,,0.427146246557,,1.11272968224,,,,,,,,,
BLOO22,"EFEMP2",ENSG00000172638,6.663821,1.75925401248,0.471292262925,2.44145984174,-0.030391867011,1.9016324335777766,2.11510666615,1.89862849515,,-0.639741308699,,,,-0.906556801444,-2.34043104412,,,,-0.694793534156,-0.270946759733,2.94814599108,,,,,,-0.140744150606,-0.237295491538,,,,,-0.42980482488,-1.20248989065,,,,,0.506150589403,,1.27623703714,,,,,,,,,
BLOO23,"EFEMP2",ENSG00000172638,6.724965,1.46156572134,0.602116947026,1.67568496538,0.0218092576726,1.358037060355224,1.65937127378,2.77026104377,,-0.880524425702,,,,-1.5803707955,-1.35565531077,,,,-0.437677196252,-0.91450615298,3.3903247431,,,,,,0.315352503743,-0.184258157564,,,,,-1.11515613669,-1.13001103418,,,,,1.15325324024,,0.982120506278,,,,,,,,,
BLOO29,"EFEMP2",ENSG00000172638,6.461012,4.80844989683,3.45936829257,2.28562449788,3.14083154873,1.6250996607421713,-1.81661876992,2.40624236564,,3.36731739257,,,,8.32742851153,-1.04047298166,,,,2.76927988754,2.90136126901,3.76673747453,,,,,,4.86483821913,3.31959021235,,,,,2.50166992906,3.18628643225,,,,,1.49732714206,,0.680536381412,,,,,,,,,
BLOO30,"EFEMP2",ENSG00000172638,7.156680,-2.12813221289,-3.91781289458,-2.94014297345,-3.90193486559,-3.944649616725394,-2.15859344486,-3.72277060109,,-3.3008134442,,,,-1.80968039847,-1.42078994742,,,,-4.09274567617,-3.55556214564,-2.95102416402,,,,,,-1.35181969033,-3.91175132168,,,,,-2.82289066875,-2.72688640164,,,,,-3.09720882762,,-3.76772105727,,,,,,,,,
BLOO31,"EFEMP2",ENSG00000172638,17.304658,3.24061930174,6.67713833234,6.53676865004,6.7261102246,4.763391696999071,1.45310940791,2.84754128328,,6.31536480519,,,,5.58960365323,0.0718414902365,,,,6.21591345531,6.58935772132,6.1464019686,,,,,,0.985340477082,6.37157738542,,,,,6.47903102262,5.01644740474,,,,,4.77526868043,,5.67017178473,,,,,,,,,
BLOO33,"EFEMP2",ENSG00000172638,9.700253,-2.51702518304,-3.03938291608,-2.0816158319,-1.96281132429,-1.9329303552740926,-0.673570953225,-3.29365868821,,-1.56817061837,,,,-0.925618390863,0.0283794005012,,,,-1.77568704369,-0.34811921102,-3.20017417585,,,,,,0.697037675643,-1.66775283983,,,,,-1.61887814035,-1.23382667927,,,,,-2.28578541899,,-1.58286274493,,,,,,,,,
BODY06B,"EFEMP2",ENSG00000172638,5.812592,2.61183714151,4.50511129134,3.58989109143,4.97824211556,1.875063947111614,0.451678842412,1.84244119061,,4.44413575293,,,,1.98891859599,0.621894498474,,,,4.28995423495,3.69177083722,5.07406724108,,,,,,0.102288483426,4.93488529708,,,,,3.827576289,3.99463719764,,,,,4.20770344248,,3.76844969291,,,,,,,,,
BODY06M,"EFEMP2",ENSG00000172638,6.081482,2.79524216123,4.21276229398,3.87698735391,4.65803393887,2.869770435498217,1.21462440761,2.97832798492,,3.84544507016,,,,2.43194764087,-0.399322878282,,,,4.03055288901,4.04693218785,4.64467279908,,,,,,-0.105668317331,4.69743033383,,,,,3.76587359376,3.67867984653,,,,,4.14695412725,,3.75153138251,,,,,,,,,
BODY06,"EFEMP2",ENSG00000172638,5.753551,2.40333011728,4.20238642185,3.32728422411,4.73349233849,1.4252281751262244,0.180061076564,1.38036023769,,4.32973865251,,,,1.80048360778,0.815229134188,,,,4.06568290664,3.33414729382,4.76365092932,,,,,,0.159537869571,4.63874014824,,,,,3.62486594976,3.71356553117,,,,,3.92898883881,,3.56791331566,,,,,,,,,
BODY07B,"EFEMP2",ENSG00000172638,6.430626,2.55412192747,4.53516984666,3.71162563271,5.03588279827,2.023210631561557,0.577337620716,1.9267118026,,4.46863514116,,,,2.04005498267,0.688052482288,,,,4.34086682111,3.81480866086,5.0899640331,,,,,,0.109769557159,5.00006473347,,,,,3.8998829979,4.01350624999,,,,,4.26020786477,,3.86488749321,,,,,,,,,
BODY07M,"EFEMP2",ENSG00000172638,5.649364,2.80262795859,4.19875139368,3.91583741345,4.66619714106,2.8912967650306287,1.24187744905,2.98517306709,,3.86909353653,,,,2.46235151521,-0.425840785799,,,,4.04983509788,4.06819741723,4.62222849268,,,,,,-0.0883700813286,4.71855472528,,,,,3.76599640468,3.69811102902,,,,,4.16491843897,,3.79148511412,,,,,,,,,
BODY07,"EFEMP2",ENSG00000172638,6.206419,2.32850688038,4.24233197577,3.46314232536,4.79679981291,1.5998622528008697,0.325361354588,1.47567121253,,4.34904870776,,,,1.8540657466,0.88864252292,,,,4.11418563641,3.48060079902,4.78998951379,,,,,,0.172438440961,4.70874204963,,,,,3.71441471854,3.72879247785,,,,,3.9829705908,,3.66630602643,,,,,,,,,
BODY08B,"EFEMP2",ENSG00000172638,18.225834,5.68844823213,7.04114833113,5.28619850331,7.96949265059,2.27358166976737,-0.101730408434,2.84331443472,,6.92571300144,,,,2.23278268477,-0.867634371501,,,,7.2070934311,5.86230814042,7.74644362564,,,,,,-0.331158696011,8.07478379363,,,,,7.10836996546,5.81328675252,,,,,6.83454698035,,5.82191387398,,,,,,,,,
BODY08F,"EFEMP2",ENSG00000172638,6.502241,3.24033425572,3.43777676264,1.7646115724,4.20008766273,-0.3313369716836441,-1.30916493389,-0.750884586467,,3.68170617743,,,,-0.564154645751,-0.953164736475,,,,3.68724914133,1.97828166256,4.94071207014,,,,,,-0.124328920499,4.37803377395,,,,,3.85534233356,2.48177489315,,,,,3.39375778198,,2.63762150955,,,,,,,,,
BODY08M,"EFEMP2",ENSG00000172638,14.213952,5.04909969901,6.73957085763,5.75909392323,7.36235918632,3.4075944079410876,0.977570210626,4.55016633013,,6.37095263327,,,,3.54841495794,-0.377622693625,,,,6.75348404212,6.36534014011,6.42320202217,,,,,,-0.349234225674,7.35564516433,,,,,6.47437773358,5.86663970924,,,,,6.49187411433,,5.74967074522,,,,,,,,,
BODY08,"EFEMP2",ENSG00000172638,17.016437,5.36961486398,6.51229248092,4.8206883202,7.52526541309,1.7998545386428901,-0.352620328775,2.14306375609,,6.5853323718,,,,1.79625553608,-0.831063260149,,,,6.78164465082,5.30818164949,7.47790062734,,,,,,-0.357885841045,7.63208921693,,,,,6.77197540846,5.32012549724,,,,,6.40331372004,,5.46014799117,,,,,,,,,
EDUC03,"EFEMP2",ENSG00000172638,8.903785,-2.31418152464,-3.80321051632,-2.33794737758,-4.24731066842,-2.320659720103796,-0.91221191299,-3.40806525593,,-3.75849466881,,,,-0.549863151603,0.284695806696,,,,-5.12021908204,-2.73939151769,-5.67486548858,,,,,,1.11377888,-4.12094230212,,,,,-3.38643969246,-3.29655430512,,,,,-4.55459412139,,-4.08868452705,,,,,,,,,
FATM04B,"EFEMP2",ENSG00000172638,10.064125,4.42526070339,4.13068966481,3.06964603572,5.23161620547,1.6970504589115423,0.36292770792,0.494273390588,,4.57922626499,,,,0.889365523525,-0.167431643825,,,,4.46130536659,3.40473085399,5.82696397483,,,,,,-0.972620422893,4.86419275441,,,,,4.83742735638,3.65854915503,,,,,4.10894145984,,3.64004531697,,,,,,,,,
FATM04M,"EFEMP2",ENSG00000172638,8.552408,3.98144613645,4.37507724177,3.69086746894,4.96538212899,2.739458263993806,1.13351376732,2.51534425192,,4.28906879081,,,,2.55744374092,0.306526767495,,,,4.35111241336,4.15197041648,4.86137726092,,,,,,-0.376514872394,4.64359979807,,,,,4.35231749043,3.74925558247,,,,,4.12408676504,,3.55761331723,,,,,,,,,
FATM04,"EFEMP2",ENSG00000172638,8.604586,4.16584189194,3.68947286041,2.70001224423,4.91247951571,1.2588904295678554,0.125343590481,-0.0930007828822,,4.3465731182,,,,0.415833992345,-0.200823976436,,,,4.17614747016,2.96786574454,5.6366540095,,,,,,-1.0988182883,4.54760270165,,,,,4.63540960339,3.35820210998,,,,,3.80778529727,,3.4241146605,,,,,,,,,
LEAN06B,"EFEMP2",ENSG00000172638,6.587388,2.47652270477,3.87024543957,3.26288887369,4.12347429119,2.9359457559824653,1.76385032154,0.395603257387,,4.26394267911,,,,0.0780991530962,2.40691464123,,,,3.66276109232,2.60169894136,4.11402026065,,,,,,-2.2509170502,3.83275833175,,,,,4.36552872933,3.96436399039,,,,,3.80071698415,,3.89579701104,,,,,,,,,
LEAN06,"EFEMP2",ENSG00000172638,7.260610,2.31201848509,4.14296702359,3.95944561789,4.26767638743,3.7433099815888227,2.65966736442,1.43905594754,,4.28581158677,,,,0.607769725186,2.31545892003,,,,3.79997743645,3.10777511524,3.92914193633,,,,,,-2.35449071393,3.99578537545,,,,,4.39214619279,4.00424902178,,,,,4.23182830321,,4.33793582534,,,,,,,,,
OSTE04,"EFEMP2",ENSG00000172638,1.667865,0.370700124832,-0.714440158864,-1.05379053474,-1.01454360366,-0.6888968226833517,-0.392228249493,-0.177426653185,,-1.98369728472,,,,-5.28981172043,0.0877754720436,,,,-1.30040404602,-2.62721949209,0.0383866464551,,,,,,-0.480437086064,-0.788359784062,,,,,-1.89587419341,-1.10578770937,,,,,-0.178700919291,,-0.876914557009,,,,,,,,,
URAT01,"EFEMP2",ENSG00000172638,1.547355,-2.59339734103,-0.853028758788,-2.63639687646,-1.14829525133,-2.2694241293082937,-0.718150851418,-0.512940173303,,-2.00613763396,,,,-6.88723722407,-0.198360143095,,,,-0.4994240203,-2.64603054047,-1.35329366857,,,,,,-3.17627461235,-0.629464383797,,,,,-1.28666004924,-0.339968808077,,,,,-0.412883559181,,-1.18807997539,,,,,,,,,
