code,target,ENSEMBL,association,Adipose_Subcutaneous,Adipose_Visceral_Omentum,Breast_Mammary_Tissue,Muscle_Skeletal,DGN_Whole_Blood,Whole_Blood,Artery_Aorta,Artery_Coronary,Artery_Tibial,Heart_Atrial_Appendage,Heart_Left_Ventricle,Spleen,Brain_Amygdala,Brain_Anterior_cingulate_cortex_BA24,Brain_Caudate_basal_ganglia,Brain_Nucleus_accumbens_basal_ganglia,Brain_Putamen_basal_ganglia,Brain_Cerebellar_Hemisphere,Brain_Cerebellum,Brain_Cortex,Brain_Frontal_Cortex_BA9,Brain_Hippocampus,Brain_Hypothalamus,Brain_Spinal_cord_cervical_c-1,Brain_Substantia_nigra,Nerve_Tibial,Cells_Transformed_fibroblasts,Cells_EBV-transformed_lymphocytes,Colon_Sigmoid,Colon_Transverse,Esophagus_Gastroesophageal_Junction,Esophagus_Mucosa,Esophagus_Muscularis,Liver,Minor_Salivary_Gland,Small_Intestine_Terminal_Ileum,Stomach,Adrenal_Gland,Pituitary,Pancreas,Thyroid,Lung,Ovary,Prostate,Testis,Uterus,Vagina,Skin_Not_Sun_Exposed_Suprapubic,Skin_Sun_Exposed_Lower_leg
BLOO02,"ACHE",ENSG00000087085,17.434944,-4.35211254785,1.717790063,0.975938826504,,7.5983943647708,-0.886806266187,-0.258132524017,1.83446872902,-1.52432724223,-4.24869582781,,,,,,,,,,,,,,,,1.15748787871,-12.3076029552,,,,0.752435017471,-3.16856448803,1.98249801944,-2.61975745602,,,,6.51660037014,,-2.2661394616,-1.32337911683,,-4.74866785137,,-5.42984078091,1.20954639691,,1.496573503,1.35137689999
BLOO03,"ACHE",ENSG00000087085,3.380145,-3.13952622078,-0.223017257277,-0.913512891295,,4.262836970317326,-1.87819512778,-1.43065466075,-0.9093656109,-2.00226021564,-2.96921041544,,,,,,,,,,,,,,,,-0.742735882651,-6.14408469877,,,,-0.0420416551412,-2.34433606221,-0.0695955669136,-2.60908089629,,,,1.0737244728,,-2.51869335636,-2.1309199475,,-4.07594116411,,-3.50273470701,0.251702652753,,-0.605243644038,-0.465559237425
BLOO20,"ACHE",ENSG00000087085,9.460222,-3.14283880791,0.998740693372,0.359412369148,,5.455479044242992,-0.875546164331,-0.470267783988,0.646608821061,-1.25285649572,-2.78764952227,,,,,,,,,,,,,,,,0.519555253415,-7.7858107844,,,,0.0441485058315,-1.88995788484,1.2308404719,-2.08612554846,,,,3.22833629049,,-1.89126241907,-1.18048816749,,-4.34893358313,,-4.16196201994,0.977918371015,,0.656630063932,0.735481256641
BLOO21,"ACHE",ENSG00000087085,5.941992,4.44669475245,3.1514794195,3.51193867605,,-2.270559520290317,2.9292035073,3.88153523703,2.73169753382,4.20780794761,4.84387963793,,,,,,,,,,,,,,,,3.37918947033,5.65142023879,,,,2.38184676309,4.15035616637,2.93354822576,3.31347230829,,,,1.46951244037,,2.92389511698,3.92942423807,,3.79310916784,,1.23683639527,2.77025849664,,3.26005942018,3.39019916174
BLOO23,"ACHE",ENSG00000087085,8.606969,4.06838060011,3.99352995395,4.44159286816,,0.6475668683750937,3.5537807069,4.67851823572,4.07565179062,4.30543146688,5.33357156632,,,,,,,,,,,,,,,,4.31822328511,3.75184446234,,,,2.83138919157,5.199017446,3.5625908173,4.68620514447,,,,2.65358139287,,3.29828384492,4.79178187361,,2.79213504148,,-0.719634305618,2.90291930846,,4.09871654456,4.28792395331
BLOO25,"ACHE",ENSG00000087085,10.675882,0.266909630268,-3.26142483526,-3.50269576147,,-3.615125046872387,-2.44768355798,-2.70509686114,-4.22161087497,-1.98008618262,-0.191840209105,,,,,,,,,,,,,,,,-3.44743384934,5.921802981,,,,-0.307572022766,-1.47715525536,-3.41447451711,-1.8204614901,,,,-5.87932472943,,-1.33250148469,-2.42394026075,,0.253131409155,,2.32169897086,-1.63882439824,,-3.43835379051,-3.16140816221
BLOO26,"ACHE",ENSG00000087085,22.359389,2.11137500473,-3.26384256613,-3.02066623432,,-6.306976139994657,-1.31946923619,-1.93056121714,-4.27958275269,-0.781894814098,2.18985207943,,,,,,,,,,,,,,,,-3.05158195411,10.3082235457,,,,-1.31248613457,1.21125611155,-3.45587161808,0.270625154068,,,,-8.55038297893,,-0.131618614257,-1.08404122942,,1.36567297136,,4.02337535446,-1.88669865428,,-3.35535907971,-3.00689531821
BLOO27,"ACHE",ENSG00000087085,18.184980,2.44985711892,-1.92451781298,-1.53503789767,,-5.2707423047456725,0.233727920983,-0.600762683402,-2.57059336683,0.303686229063,2.82813528127,,,,,,,,,,,,,,,,-1.62862360968,9.06411757159,,,,-1.35663278856,2.478922653,-1.97080465625,1.50958741435,,,,-6.73699762656,,0.707870488953,0.151416187309,,1.59809885258,,3.38661226907,-1.01409587886,,-1.98459277607,-1.67834937632
BLOO34,"ACHE",ENSG00000087085,6.877555,-0.487149325838,-1.02510410693,-1.09145862721,,0.7931964691952211,-2.25916263136,-1.42574187875,-1.63637051914,-0.538587231378,-2.89974618314,,,,,,,,,,,,,,,,-0.912000583366,1.03942827336,,,,-0.0755577282286,-3.10171782242,-0.275496933067,-3.5463157645,,,,0.941813098477,,-1.9943765829,-1.40260587732,,1.73595359414,,2.2738305048,-1.52820370936,,-0.911597950219,-0.8112021402
BLOO35,"ACHE",ENSG00000087085,8.512692,-1.40325031936,1.35545763286,1.40386864953,,3.872847481247403,1.95844729491,1.11762622919,2.05935249922,0.474724622889,-1.34031888307,,,,,,,,,,,,,,,,1.3503735386,-4.79760928162,,,,0.963456852722,-0.519425119347,1.14833127829,1.28174675408,,,,4.41902734,,-0.179361824121,0.673262899587,,0.0525472436117,,0.467713081366,1.32540771823,,1.52300390794,1.35457512705
BLOO36,"ACHE",ENSG00000087085,3.229428,3.66446436471,1.93937972146,2.16444535501,,-3.7441423131122225,1.89857176598,2.57655755763,1.27628687529,3.19931337719,3.44376719173,,,,,,,,,,,,,,,,2.01937922425,5.74423136752,,,,1.59384636366,2.68724735164,1.90316771293,1.80700124491,,,,0.557994397897,,2.01620155391,2.55587780366,,3.6562801012,,2.38775031841,2.20235147731,,1.98470850692,2.08221762337
HEAR01,"ACHE",ENSG00000087085,14.733886,6.34961426238,7.90150646009,7.51701925985,,4.3584980844590175,3.40899579768,7.6438369478,7.83674051732,7.24245255034,7.24558429562,,,,,,,,,,,,,,,,7.6988135848,2.14899512734,,,,5.03914384375,5.75893702347,7.75167706654,5.16347276314,,,,7.01717262499,,4.86766179181,7.44820921061,,2.13355514869,,-0.755241682216,3.34530490491,,7.41319875408,7.94233370551
OSTE04,"ACHE",ENSG00000087085,8.050254,-2.8649190298,-1.92768287414,-2.44468525723,,-0.26353209093934776,-3.36190559453,-2.9102269737,-2.84373553653,-2.43702375556,-3.18583567635,,,,,,,,,,,,,,,,-2.43232791343,-1.26275139104,,,,-1.8775939102,-5.09509906263,-1.48025705963,-4.42575514238,,,,-1.06600707735,,-2.29851914987,-2.99670371378,,-1.59015005048,,-1.64107718484,-1.66898286284,,-1.99985310044,-2.01236265288
