code,target,ENSEMBL,association,Adipose_Subcutaneous,Adipose_Visceral_Omentum,Breast_Mammary_Tissue,Muscle_Skeletal,DGN_Whole_Blood,Whole_Blood,Artery_Aorta,Artery_Coronary,Artery_Tibial,Heart_Atrial_Appendage,Heart_Left_Ventricle,Spleen,Brain_Amygdala,Brain_Anterior_cingulate_cortex_BA24,Brain_Caudate_basal_ganglia,Brain_Nucleus_accumbens_basal_ganglia,Brain_Putamen_basal_ganglia,Brain_Cerebellar_Hemisphere,Brain_Cerebellum,Brain_Cortex,Brain_Frontal_Cortex_BA9,Brain_Hippocampus,Brain_Hypothalamus,Brain_Spinal_cord_cervical_c-1,Brain_Substantia_nigra,Nerve_Tibial,Cells_Transformed_fibroblasts,Cells_EBV-transformed_lymphocytes,Colon_Sigmoid,Colon_Transverse,Esophagus_Gastroesophageal_Junction,Esophagus_Mucosa,Esophagus_Muscularis,Liver,Minor_Salivary_Gland,Small_Intestine_Terminal_Ileum,Stomach,Adrenal_Gland,Pituitary,Pancreas,Thyroid,Lung,Ovary,Prostate,Testis,Uterus,Vagina,Skin_Not_Sun_Exposed_Suprapubic,Skin_Sun_Exposed_Lower_leg
ASTH01,"IL18R1",ENSG00000115604,10.618073,,1.67630298251,,1.39896665255,1.3350801251996784,1.59227876857,,,2.22160967829,,3.65606279614,,2.34250178011,-1.00487920547,-0.085771911898,0.798331196544,1.30635902495,0.255055397342,1.57773090066,2.22947830908,0.344865047748,-0.0461029300982,1.54729113247,-0.0858881684216,1.28425989781,4.60689018533,,,,2.16259859509,,,2.14877069679,,,,4.12269025031,,,1.48127351474,1.02148122665,1.84413786859,,,,,,6.27886699945,5.93357773182
ATOP01,"IL18R1",ENSG00000115604,9.108111,,2.01986560313,,3.9441350768,-4.793243080315484,4.62600163471,,,0.783699091089,,4.91031786054,,4.95679630764,4.60903435853,4.82631640369,4.98108995725,4.72833963399,3.78141050203,4.83381045025,4.90483549015,4.74827798669,4.70607342111,4.57629711399,4.84026170808,3.67517822052,1.80370546481,,,,2.65307171304,,,2.83274905665,,,,2.82918851371,,,1.83472823962,-0.26981060763,5.42561829995,,,,,,2.00828805448,3.12974986633
BLOO07,"IL18R1",ENSG00000115604,56.183779,,15.2980710562,,2.28637198087,-0.8838769805729664,5.60539681392,,,16.4207162451,,6.92213202167,,-5.01250025355,-6.14971088085,-5.7379965337,-4.92974210423,-4.14996338769,-5.24518091926,-1.59082146869,-4.16493170141,-5.56612429758,-5.63595310294,-1.59310007021,-5.73498623363,-4.46973044203,16.017866233,,,,19.8587655038,,,3.45852383724,,,,21.4340349698,,,1.35862097829,2.27659248678,1.84490693454,,,,,,19.0075446152,16.8096511833
BLOO11,"IL18R1",ENSG00000115604,15.485545,,-2.40382019008,,-4.7068906257,3.557763120402959,-4.20112981251,,,-0.950733500725,,-4.1689333142,,-4.86262924829,-4.94597896575,-4.93288871706,-4.8732791489,-4.90418942186,-3.42801825221,-4.85366217021,-4.72100432111,-4.78446661409,-4.76531400681,-3.59230326514,-4.92661868119,-4.76622274484,-1.71499116162,,,,-0.334820163031,,,-4.15022904169,,,,-1.50207052856,,,-3.02233460969,-0.197951062261,-4.97625170415,,,,,,-2.58773664963,-3.57601917365
BLOO16,"IL18R1",ENSG00000115604,60.702524,,13.3288107227,,1.31891054463,-0.3144197990364787,4.49033263301,,,14.4513158035,,6.30065571819,,-4.79147272441,-5.81580099941,-5.46570597387,-4.70716185388,-3.98219412104,-4.77549919618,-1.74267719827,-3.99678284868,-5.28452893747,-5.3788752282,-1.48754492806,-5.45540078161,-4.33428315933,14.1484094483,,,,18.1046919354,,,2.41461805842,,,,19.6224945384,,,0.498028916272,1.55160229029,1.4708183939,,,,,,16.9539851279,14.7163266038
BLOO17,"IL18R1",ENSG00000115604,71.476540,,16.0558406477,,2.83656361504,-1.503843056725166,6.18571955562,,,16.7445573509,,7.16793260233,,-4.43936469206,-5.60951140534,-5.16175650491,-4.35255502456,-3.60371043354,-4.88805180766,-1.17900972029,-3.61854176177,-5.009936875,-5.07314841429,-1.50005951345,-5.17739887082,-3.85580493458,16.6713729279,,,,20.1597016266,,,4.50075851394,,,,21.4990595234,,,2.01463802095,2.94973296801,2.41095417733,,,,,,19.4669686269,17.5611132641
BLOO18,"IL18R1",ENSG00000115604,65.689838,,15.4240363723,,2.41445189777,-1.340790787793486,5.69588023289,,,16.1618906282,,6.40696234771,,-4.68777624418,-5.83149083776,-5.38496314816,-4.61334540595,-3.87773590491,-5.09929717964,-1.58425440936,-3.90413069649,-5.27205683239,-5.27514659494,-1.89027345919,-5.41354910987,-4.10135832756,16.0051372574,,,,19.2623978975,,,4.42774367021,,,,20.2780039501,,,1.7941288174,3.23600429664,1.92025376131,,,,,,18.5330959112,16.6943456774
BLOO24,"IL18R1",ENSG00000115604,6.177917,,-1.63902719298,,-3.50190968878,2.5220539075859016,-2.82480422615,,,-1.13082255093,,-3.90146668649,,-3.41501945492,-3.4544345126,-3.41947899239,-3.44486441404,-3.51453311692,-2.44811276759,-3.88175431442,-3.37193710832,-3.28182894305,-3.27405328979,-3.13058539997,-3.45760187251,-3.24341416092,-1.17245413096,,,,-1.07661486101,,,-1.84580755842,,,,-2.26262588321,,,-1.72149728245,0.846157125265,-3.86227036451,,,,,,-2.44087644005,-2.79457671106
BLOO31,"IL18R1",ENSG00000115604,65.538426,,-13.3356706967,,-1.46353387885,0.7081647441482809,-4.7783588567,,,-14.0271222967,,-5.81304739119,,4.26565174776,5.28119849434,4.908062282,4.18436181138,3.51553184169,4.35987545744,1.55293166215,3.53683757604,4.73892030165,4.82205782415,1.60357904737,4.9302427853,3.73297923305,-14.0589773381,,,,-17.4657618888,,,-3.44024670878,,,,-18.5603531199,,,-0.924612027708,-2.38504501714,-1.64499617406,,,,,,-16.4048943051,-14.5422347339
BLOO32,"IL18R1",ENSG00000115604,8.592864,,-2.17763439319,,1.8971286243,-0.7878561900911032,0.961154521843,,,-2.59193768229,,1.62755251307,,3.44411266537,3.70220072491,3.59082167442,3.44102673402,3.2375573831,2.80329152457,3.1405851918,3.25405083955,3.47097916585,3.46496340771,2.71672925154,3.63796960506,2.9483449511,-2.48651213561,,,,-3.04369595419,,,-0.261413574633,,,,-2.26396722662,,,1.16689677399,-1.52828006409,2.58631409951,,,,,,-2.09950193624,-1.58257211411
CELI01,"IL18R1",ENSG00000115604,10.575985,,-1.88678785543,,4.40820811142,-0.6153383646114466,3.38332680107,,,2.84573971604,,0.646961735123,,4.26123905182,2.94266527778,4.26123905182,4.29391106273,4.63714430508,1.70751782972,5.83181904199,4.36012261343,2.85583089893,4.26123905182,2.10859772441,4.26123905182,2.05982944449,1.47665097643,,,,-0.195874946934,,,2.43228694664,,,,2.00984199186,,,1.74993523684,-0.580565971225,4.73067881569,,,,,,2.81075090795,3.3255788052
CROH01,"IL18R1",ENSG00000115604,8.627585,,1.50091748146,,3.47424111866,-3.0710689666074833,2.57221204474,,,-0.603859018798,,3.57004468049,,5.25521062662,5.20335905502,5.26218852658,5.22062427208,4.92153264827,4.26293362031,5.05689022163,5.09623385155,5.08306696579,5.18488864573,3.5200888933,5.23312852769,4.20547200677,-0.723038349063,,,,0.469155728475,,,3.73468861906,,,,0.867844981944,,,2.48716217905,1.10290221772,4.86364561102,,,,,,1.17918312819,2.25521543203
INFB01,"IL18R1",ENSG00000115604,9.921579,,0.267295102534,,2.95515473954,-2.8121804043796557,2.10993272427,,,-1.24096587966,,3.8344661411,,5.27906793953,5.26178247795,5.3159529057,5.23109260272,4.83171059836,4.56155113995,4.81909727334,5.16622035606,5.10992671023,5.29860224904,3.87867461807,5.28846511009,4.15368487802,-2.12144866586,,,,-0.453146595379,,,3.84645840093,,,,0.300255451154,,,2.40002393566,0.737344176054,4.64364765885,,,,,,0.138203157568,1.13832413721
