code,target,ENSEMBL,association,Adipose_Subcutaneous,Adipose_Visceral_Omentum,Breast_Mammary_Tissue,Muscle_Skeletal,DGN_Whole_Blood,Whole_Blood,Artery_Aorta,Artery_Coronary,Artery_Tibial,Heart_Atrial_Appendage,Heart_Left_Ventricle,Spleen,Brain_Amygdala,Brain_Anterior_cingulate_cortex_BA24,Brain_Caudate_basal_ganglia,Brain_Nucleus_accumbens_basal_ganglia,Brain_Putamen_basal_ganglia,Brain_Cerebellar_Hemisphere,Brain_Cerebellum,Brain_Cortex,Brain_Frontal_Cortex_BA9,Brain_Hippocampus,Brain_Hypothalamus,Brain_Spinal_cord_cervical_c-1,Brain_Substantia_nigra,Nerve_Tibial,Cells_Transformed_fibroblasts,Cells_EBV-transformed_lymphocytes,Colon_Sigmoid,Colon_Transverse,Esophagus_Gastroesophageal_Junction,Esophagus_Mucosa,Esophagus_Muscularis,Liver,Minor_Salivary_Gland,Small_Intestine_Terminal_Ileum,Stomach,Adrenal_Gland,Pituitary,Pancreas,Thyroid,Lung,Ovary,Prostate,Testis,Uterus,Vagina,Skin_Not_Sun_Exposed_Suprapubic,Skin_Sun_Exposed_Lower_leg
BFPC04B,"CHRNB1",ENSG00000170175,4.255449,-0.761110106338,-2.15851187026,-3.25555682625,-3.73934782056,-4.232788093076937,-3.56187412739,-0.614116600182,-1.91684193537,-0.179156542653,,-3.25579048056,,,,-1.8823443596,,,,-3.93438360356,-4.74415994931,-2.03218198405,,,,,0.144805501483,-1.6600301735,,-0.13732523617,-4.03308476169,-1.4882976505,-4.27029234203,-0.392730911497,,-1.91173560239,,-2.95409307193,-2.47728381295,-2.60127074417,,-1.44854800726,-1.99811156577,-0.486889576634,-1.69557537954,-2.5211061415,,,-3.8155144387,-2.69852192275
BLOO03,"CHRNB1",ENSG00000170175,5.811493,-4.21534861735,-4.2650491798,-4.45505025436,-0.27785885204,-3.992207027080435,-4.34860368844,-3.60387296247,-2.72384335702,-3.01045146504,,-4.68422729949,,,,-3.9645725679,,,,-2.68138749163,-2.78580770118,-3.50086301104,,,,,-2.988307659,-3.92226204957,,-4.00168204541,-4.59121223089,-3.95218936391,-4.54189472176,-2.52589598131,,-0.944690372561,,-3.41392030471,-4.0093580856,-4.60130403058,,-4.05470225386,-4.02075656698,-1.29931072154,-3.62155129068,-1.67701830894,,,-4.52436272975,-4.19339591847
BLOO25,"CHRNB1",ENSG00000170175,4.393866,-3.12979611051,-4.12281841807,-4.61625884587,-2.08736191119,-5.077512447946057,-4.93585279306,-3.42462128705,-2.41380282526,-2.26015680654,,-4.41100602891,,,,-3.31140982455,,,,-4.53496246822,-4.76188166472,-3.7864168858,,,,,-1.90058110125,-3.37467320032,,-2.70311368367,-5.04428483501,-3.2426787275,-4.19371274373,-1.58956527233,,-2.96591368345,,-2.62822047838,-4.32366429147,-4.49876881166,,-3.25749069544,-2.87985280765,-1.5317719663,-3.3063833342,-2.12251483301,,,-4.87319694883,-4.55123060153
EDUC03,"CHRNB1",ENSG00000170175,9.253841,5.54721098312,6.04820246697,5.80339107074,-0.248093053587,5.5318958786410946,5.47105930999,5.05919257051,5.38775046773,3.89259300357,,4.01564207916,,,,5.06545583287,,,,5.11100462069,2.0219210053,5.68695915873,,,,,4.09318253747,5.36419664165,,4.82736877817,5.65735838147,5.6596906131,6.16623302847,4.51921409527,,1.9267943031,,4.85260144565,5.7911868888,6.51528733182,,5.02165232633,4.76448423238,1.93703529451,4.72224885825,1.72802559593,,,5.78483905202,6.09637892191
HEIG03,"CHRNB1",ENSG00000170175,13.749897,7.91320085628,8.49428343088,8.67588921172,-3.71294273707,5.668959876575362,7.95670508379,8.12571308057,5.17507651779,7.26105614478,,5.96976290478,,,,4.68415754243,,,,5.07101191297,2.56756306311,4.02252967494,,,,,7.31835273019,8.06240077019,,7.45055276888,7.31129898878,7.34042957366,5.98937202653,7.4626507032,,0.671748459963,,8.69296352617,6.18448778122,6.91381056654,,6.09378769579,8.09357326711,4.07459312694,8.44440263841,5.04217011552,,,7.46839375963,6.82690838431
LEAN04B,"CHRNB1",ENSG00000170175,6.521304,4.46921051506,4.78255240971,4.81060109563,0.256960846219,3.846383053616902,4.60383297739,3.60861935751,2.96848180053,3.50812828529,,3.87165216206,,,,3.12921591762,,,,3.27725760685,2.53929143984,2.75759833418,,,,,3.33325212963,3.92970108613,,3.59073692173,3.95897538608,4.24318425937,3.54850714103,3.18667912489,,1.3719235815,,3.91830202851,4.63782755721,4.96494706268,,4.13603994116,4.02462506962,1.99597176924,4.03889415836,2.08104851196,,,4.68342887007,4.71054848316
LEAN04M,"CHRNB1",ENSG00000170175,5.672518,5.33394154872,4.99730661846,4.87248571519,-2.07734731349,2.725939521195147,4.38549120605,4.90810968968,3.10121918149,4.5613128949,,2.88527424922,,,,1.88460386015,,,,2.32517632314,-0.0430030152344,3.07448309203,,,,,4.52359939584,4.34986021604,,4.24792670638,3.04229583175,4.45391567755,2.95201338658,3.70758597931,,-0.161080827715,,3.83309638859,3.9449125756,4.39895285549,,3.3015096929,4.56150513747,2.46839327101,4.87458872533,2.48716437472,,,4.02610960862,4.4699058945
LEAN04,"CHRNB1",ENSG00000170175,8.064417,5.34386934215,5.39925065712,5.34252329173,-0.793741582707,3.788755079126144,4.99790689908,4.59483690195,3.43993440928,4.33522272824,,3.8529656976,,,,2.9251284422,,,,3.22878893327,1.56781165935,3.3506349086,,,,,4.22441204973,4.52292823158,,4.27198362788,3.91908567984,4.84523042206,3.65929764145,3.75839918634,,0.739599099048,,4.26622366697,4.87924813344,5.29287787338,,4.19173112609,4.74550760047,2.3797978842,4.81571071773,2.42601183881,,,4.8799034397,5.15431414951
LEAN05B,"CHRNB1",ENSG00000170175,6.636877,4.55459239623,4.86267317526,4.87760878832,0.271893544533,3.9121148498655405,4.6814657407,3.63322484242,3.0654567965,3.54386325355,,3.9836357458,,,,3.13369368473,,,,3.38059566765,2.52163355003,2.79909902862,,,,,3.36451568475,4.0032363222,,3.67345054166,3.9949621746,4.28990065945,3.61425342062,3.28102985564,,1.37363746671,,3.89637151573,4.6969026199,5.0519745523,,4.08759959626,4.07781371634,1.9883292646,4.07980893706,2.12180702316,,,4.7635363938,4.79571056283
LEAN05M,"CHRNB1",ENSG00000170175,5.611047,5.31342052641,4.97211566603,4.84520240962,-2.07885077636,2.699946150394867,4.35393146964,4.88202569629,3.06106625157,4.53921578245,,2.85929279875,,,,1.84795083484,,,,2.29614037865,-0.0581066287204,3.09949424496,,,,,4.50705166529,4.32347595353,,4.22342782322,3.03603380301,4.41422867215,2.94836291653,3.67924627888,,-0.155321830509,,3.80359306696,3.91275938144,4.35822041901,,3.27470844266,4.50928452313,2.45846340927,4.85490994477,2.48925259317,,,3.9925827058,4.44451109717
LEAN05,"CHRNB1",ENSG00000170175,7.666754,5.40775076196,5.45912734589,5.38949952479,-0.792356757605,3.825822297075314,5.04937823953,4.61789870781,3.48187949023,4.36615505641,,3.92098969506,,,,2.91585258657,,,,3.29005777935,1.55791224256,3.40373688758,,,,,4.25419808863,4.57590356569,,4.33190339597,3.95641751469,4.87572132332,3.71620775292,3.82049650175,,0.740792244375,,4.2556730364,4.91943928534,5.34556048524,,4.16353152645,4.77181610549,2.39407160452,4.85096451279,2.46348324184,,,4.92908354562,5.21177511508
LEAN06B,"CHRNB1",ENSG00000170175,15.900872,5.76765640355,6.68673826328,7.07656017289,1.81499863559,6.226190543241203,7.36221755373,4.21038222631,4.41342061745,4.42655333774,,6.31739670371,,,,4.0419041789,,,,5.28876174189,4.01591436357,3.5290959172,,,,,3.8802958089,5.81715440128,,4.59853112822,6.25642349766,5.50999929887,4.51578797349,4.96746168003,,0.687966429774,,5.62466704473,5.99841772182,6.54048036387,,4.29834955735,5.75931337091,2.40380067832,5.52971646189,4.25292859354,,,6.88348288711,6.15045066588
LEAN06F,"CHRNB1",ENSG00000170175,6.470557,3.19514435051,4.25484956658,4.7320050087,2.81147617404,4.87265259787372,5.23485705891,2.00098319493,2.77279645796,2.20390901763,,4.59841815033,,,,2.99075594178,,,,4.16283844404,3.86106193059,1.76003086806,,,,,1.66806759641,3.36916722671,,2.43936184588,4.68140669743,3.2169651173,3.05474258067,3.12287935065,,1.0553848196,,3.81025246152,4.0375621503,4.32672249047,,2.63108926252,3.53257851477,1.18356607686,3.21576977474,3.01516483658,,,4.84051397307,4.01816894598
LEAN06M,"CHRNB1",ENSG00000170175,10.532155,6.2405944231,6.37069279358,6.38395928206,-0.871397240083,4.502393092964673,6.15186628444,5.07669273372,4.25992546399,5.18130676135,,5.11489483526,,,,3.19472914866,,,,3.78641716189,1.77693128714,4.12500616381,,,,,4.95516688134,6.06392861519,,5.1460836783,4.86187341408,5.70613177973,4.02332303987,4.79370811559,,-0.312900677163,,4.99584831624,5.37224100676,5.97773695331,,4.26021128029,5.69683256986,2.83466043442,5.74435333734,3.56635891166,,,5.83729944612,5.69885917214
LEAN06,"CHRNB1",ENSG00000170175,14.672212,6.55121263615,7.25034695576,7.48258404727,0.842344112694,6.202141522107692,7.61305722207,5.02662225931,4.84797501642,5.15328061331,,6.4704330089,,,,4.21333652297,,,,5.24275978631,3.47202524778,4.33334965259,,,,,4.71250399123,6.55924631236,,5.32582250634,6.26513809946,6.21614764077,4.80241429222,5.33503533881,,0.260602987099,,5.91597717238,6.45582011252,7.05998424795,,4.83056558793,6.34663695514,2.8199101648,6.13131724496,4.29883387862,,,7.1481602494,6.6587300083
OSTE04,"CHRNB1",ENSG00000170175,6.785845,-5.82109512807,-5.8075653053,-5.09430302947,2.97157418303,-1.8929296869356875,-4.50811849913,-5.02531761688,-3.19463020116,-5.2328026311,,-2.76335370947,,,,-1.80223769636,,,,-2.53948609084,-0.00414566688498,-0.488997408087,,,,,-5.19744328902,-5.13319486326,,-4.97380834234,-3.62732136788,-5.04980251075,-3.96249671826,-6.23267110376,,0.930671991099,,-4.31250114514,-3.90962165507,-4.15937199753,,-3.19302111762,-5.31818103745,-2.78792855646,-5.50085928463,-3.00194802235,,,-4.0397154521,-3.99553503313
