code,target,ENSEMBL,association,Adipose_Subcutaneous,Adipose_Visceral_Omentum,Breast_Mammary_Tissue,Muscle_Skeletal,DGN_Whole_Blood,Whole_Blood,Artery_Aorta,Artery_Coronary,Artery_Tibial,Heart_Atrial_Appendage,Heart_Left_Ventricle,Spleen,Brain_Amygdala,Brain_Anterior_cingulate_cortex_BA24,Brain_Caudate_basal_ganglia,Brain_Nucleus_accumbens_basal_ganglia,Brain_Putamen_basal_ganglia,Brain_Cerebellar_Hemisphere,Brain_Cerebellum,Brain_Cortex,Brain_Frontal_Cortex_BA9,Brain_Hippocampus,Brain_Hypothalamus,Brain_Spinal_cord_cervical_c-1,Brain_Substantia_nigra,Nerve_Tibial,Cells_Transformed_fibroblasts,Cells_EBV-transformed_lymphocytes,Colon_Sigmoid,Colon_Transverse,Esophagus_Gastroesophageal_Junction,Esophagus_Mucosa,Esophagus_Muscularis,Liver,Minor_Salivary_Gland,Small_Intestine_Terminal_Ileum,Stomach,Adrenal_Gland,Pituitary,Pancreas,Thyroid,Lung,Ovary,Prostate,Testis,Uterus,Vagina,Skin_Not_Sun_Exposed_Suprapubic,Skin_Sun_Exposed_Lower_leg
BFPC02B,"PABPC1L",ENSG00000101104,6.871084,,1.10275276065,0.686451072509,,4.702745042239224,3.94614183667,1.59402632225,,,,,,-1.78735563187,-4.05352209669,-3.42193098884,-2.80217685693,-3.25204999796,,,-0.997836242276,-4.52553103169,-1.5591248213,,,-1.02706992681,,4.64474542301,,0.813373223835,,,3.52889124923,3.36336697073,,,,-3.85136079972,-3.02133865605,,-2.9812084047,,,,,0.413244733137,,,0.287930925692,1.65822772447
BFPC02,"PABPC1L",ENSG00000101104,6.601678,,1.31130865251,0.618179487786,,4.579993767836064,3.83293049066,1.69372158554,,,,,,-1.97491766011,-4.01066364883,-3.41581174848,-2.76751290503,-3.24073792105,,,-1.06979707117,-4.52075364643,-1.42284183863,,,-1.24379345867,,4.5172248305,,0.762661131411,,,3.42803911429,3.14764676078,,,,-3.9095956119,-3.12279135144,,-3.1850599029,,,,,0.436630293993,,,0.343678778498,1.62543055845
BFPC03B,"PABPC1L",ENSG00000101104,6.725657,,0.970424430775,0.588931334452,,4.602215743933877,3.82672288998,1.47174656916,,,,,,-1.72470761935,-3.94992653293,-3.34998848743,-2.70666168315,-3.14039178116,,,-0.870085876363,-4.44671067715,-1.50689187406,,,-0.98132889094,,4.55039742956,,0.642576215021,,,3.40809110008,3.27036209202,,,,-3.80108441174,-2.96683112861,,-2.83454661483,,,,,0.397863725606,,,0.278598846633,1.63735243263
BFPC03,"PABPC1L",ENSG00000101104,6.096698,,1.15084873366,0.506311753051,,4.4449834162951,3.68785205556,1.54775770525,,,,,,-1.8877113407,-3.86633469239,-3.30770563874,-2.64110127493,-3.09208694242,,,-0.901127490149,-4.40797818347,-1.34891522829,,,-1.1792293642,,4.38739649923,,0.548743657454,,,3.26749318804,3.02510188942,,,,-3.83193150267,-3.05355207108,,-2.99275619235,,,,,0.425185897988,,,0.34271519371,1.61728683082
BFPC04B,"PABPC1L",ENSG00000101104,6.648320,,0.618280304671,0.245286554332,,4.560466441960736,4.02123089318,1.45459176772,,,,,,-3.01605858747,-4.03150513409,-3.26649641496,-3.15077723733,-3.39246811586,,,-1.10615065914,-4.48965200285,-1.36833919601,,,-1.51247545995,,4.2663342395,,0.00359402294923,,,3.26717859218,3.34034359039,,,,-4.09417882339,-2.78669051091,,-3.07648896917,,,,,-0.435094935874,,,0.323472344307,1.00007792119
BFPC04,"PABPC1L",ENSG00000101104,6.159775,,0.523448671781,0.00833530290645,,4.382241335661811,3.82352399089,1.31555187571,,,,,,-2.96979222803,-3.84339553662,-3.22558650962,-2.92173180156,-3.23581998602,,,-1.02169508024,-4.27235182984,-0.998935424888,,,-1.55184024641,,4.02977962633,,-0.27877625217,,,3.04561569957,2.9696274183,,,,-3.95853424228,-2.65321961657,,-3.07370167193,,,,,-0.460217434575,,,0.484127865918,1.18283707184
BLOO08,"PABPC1L",ENSG00000101104,8.659536,,-1.67498737769,-1.41307717755,,-4.653729467055599,-3.81660469459,-2.89388257682,,,,,,4.37180823745,4.96770998352,4.28061501667,3.70062757122,4.08221097407,,,3.31968346366,5.46334468721,3.21334954845,,,1.15302644741,,-5.02547189291,,-2.24589906108,,,-3.94737796099,-4.19515252952,,,,5.03548874184,4.40531570312,,4.27545067859,,,,,1.17232992902,,,2.62971130837,0.82062473663
BLOO14,"PABPC1L",ENSG00000101104,7.894047,,-1.77281621461,-1.7969305535,,-4.044772377344569,-3.36269958513,-2.99204886823,,,,,,3.77928751984,4.36178189106,4.03136142226,3.52082708917,3.44237735869,,,3.24624814025,4.87005518994,3.22037690898,,,1.64187229013,,-4.64266523495,,-2.07816504889,,,-3.98344858704,-4.08122146716,,,,4.57608632534,3.49510480496,,3.54944673954,,,,,1.0857302136,,,2.44139449048,0.821330709524
BLOO29,"PABPC1L",ENSG00000101104,11.226243,,-0.768278450132,0.357606182665,,5.96181735189827,3.2482667438,-0.800019632438,,,,,,-4.20233854467,-5.15512156646,-5.45582378163,-4.48074849989,-3.66089686319,,,-3.51001981398,-5.55682736041,-2.90162917895,,,-3.45245051097,,4.80852112234,,-3.05293603747,,,3.13324508799,3.91177236029,,,,-6.26275980921,-4.83311386176,,-3.8454766419,,,,,-1.4690652819,,,-4.29337716593,-0.533075075602
BODY06,"PABPC1L",ENSG00000101104,5.836958,,1.43068087269,0.0065124632943,,3.874665891337187,3.20862037987,1.38285165962,,,,,,-1.92438156954,-3.86874677104,-3.45257899369,-2.81675851705,-2.81316630542,,,-1.77950588383,-4.09098943161,-1.45184503814,,,-1.88484539203,,3.68005137683,,0.445112377485,,,2.47984640916,2.02819361915,,,,-3.91963474596,-2.83728445425,,-3.04323165677,,,,,0.328627356055,,,0.235716842153,1.77518572333
BODY08B,"PABPC1L",ENSG00000101104,5.958844,,0.643303388701,-0.697795855703,,4.295012904544694,3.82467549297,0.91168424549,,,,,,-2.3454926552,-3.8993593767,-2.8053634369,-3.28323988858,-2.71187180952,,,-1.84796271144,-4.15872129284,-1.30553370375,,,-2.20819644179,,3.81532605205,,-0.666021617196,,,2.72224382421,2.69506158435,,,,-4.00755460259,-2.76475923574,,-2.70282619127,,,,,0.138801974698,,,0.385138679134,1.33311673949
FATM02B,"PABPC1L",ENSG00000101104,8.130457,,1.2658475949,0.542132117989,,5.123057821313759,4.51513986045,1.85662568259,,,,,,-2.39976838432,-4.7369213146,-4.17712016413,-3.49869302966,-3.4701780812,,,-1.85141057664,-4.95925035634,-1.86875088456,,,-1.36345670512,,5.08756888903,,0.883303055221,,,3.66342452922,3.37767211105,,,,-4.52565277188,-3.6141015312,,-3.53027482017,,,,,0.0747958699319,,,0.28172370222,1.69489798228
FATM02,"PABPC1L",ENSG00000101104,8.484736,,1.41129079042,0.469389576282,,5.043097086786938,4.4733915816,1.91166339361,,,,,,-2.57938763769,-4.72552803787,-4.24527681924,-3.43224849178,-3.4232256541,,,-2.02123064545,-4.98253878066,-1.69172536513,,,-1.58659144484,,5.01667284064,,0.831284662674,,,3.62439854868,3.19284504177,,,,-4.64131039369,-3.7744722077,,-3.73334166387,,,,,0.107373223779,,,0.286380152333,1.60881073927
FATM03B,"PABPC1L",ENSG00000101104,9.038536,,1.13724970875,0.44470424692,,5.0745986798271625,4.41811805616,1.74450865398,,,,,,-2.36955832391,-4.6726172219,-4.13397047254,-3.42029548821,-3.35641053373,,,-1.74281818666,-4.91811065137,-1.82437705451,,,-1.32975146839,,5.0349258379,,0.751985958741,,,3.60265745309,3.33317906374,,,,-4.52038927596,-3.58107550204,,-3.44063839417,,,,,0.0404699605072,,,0.249762783887,1.65516748164
FATM03,"PABPC1L",ENSG00000101104,9.222240,,1.2569909482,0.361719413717,,4.967040094314725,4.35310528755,1.78184178993,,,,,,-2.53063789244,-4.62602396285,-4.16780229407,-3.32749272294,-3.27437322611,,,-1.8780414799,-4.91238648161,-1.62928545063,,,-1.54232304585,,4.93485896406,,0.668116954684,,,3.53646809834,3.12580612935,,,,-4.61513732706,-3.72418567843,,-3.6073111778,,,,,0.0712299693794,,,0.264807055243,1.5785844686
FATM04B,"PABPC1L",ENSG00000101104,10.258124,,0.556795005765,0.190423859276,,5.356108521061714,5.02626174236,1.45606768144,,,,,,-3.83029582477,-5.08581528838,-4.2678300558,-4.19964873803,-3.64938428554,,,-2.52950962366,-5.4947704304,-2.08238667949,,,-1.82027433492,,5.20246547206,,0.22642614947,,,3.74923212194,3.98548431581,,,,-5.11548926254,-3.81864997314,,-4.03205968482,,,,,-0.761706296598,,,0.200112511556,0.808308221257
FATM04M,"PABPC1L",ENSG00000101104,6.555440,,1.02704763104,1.01082255743,,4.668036572174362,4.21585034472,1.72362793397,,,,,,-3.37966868275,-4.36874510163,-3.27589369705,-4.17910742096,-3.3295574852,,,-2.34928928862,-4.78779378041,-3.18337333553,,,-1.42045022546,,4.66312316254,,1.24329608439,,,3.71295418556,4.26567682312,,,,-4.32184806768,-3.1564990699,,-2.98589247744,,,,,-0.407132130388,,,-0.537266710241,-0.0584880193811
FATM04,"PABPC1L",ENSG00000101104,9.130235,,0.342918633063,-0.0536858324948,,5.126125310378666,4.81161555392,1.26826525175,,,,,,-3.7598184923,-4.88281927537,-4.25804462118,-3.90942808355,-3.42464743435,,,-2.416630312,-5.27854107616,-1.65945110029,,,-1.86226937587,,4.92696540502,,-0.0383962106614,,,3.45504955568,3.62973232301,,,,-4.96853859675,-3.65768415158,,-4.00107614419,,,,,-0.811873889082,,,0.341934762415,0.901814774722
LEAN06B,"PABPC1L",ENSG00000101104,10.987374,,-0.360807803788,-0.156868303887,,4.546715069382304,5.21543521298,0.725134629044,,,,,,-4.02088475288,-5.3507338339,-4.71467766159,-4.20023285926,-3.03674827746,,,-3.96335712329,-5.30918755442,-2.43155469083,,,-1.94492911669,,4.85478966898,,0.739528829444,,,2.79003486825,3.53892816864,,,,-5.52570069947,-4.72176206905,,-4.29706422839,,,,,-1.41408277412,,,0.0344429992779,-0.0951925194543
LEAN06M,"PABPC1L",ENSG00000101104,7.424512,,1.29614696772,0.32447290741,,4.614175632150655,4.25987703617,1.61003759017,,,,,,-3.65905376641,-4.58870539818,-3.46934361395,-4.33059634787,-3.26558487616,,,-3.76349951527,-4.4929022031,-3.62242260245,,,-1.38762347016,,4.48014597978,,1.05026250521,,,3.32144483577,3.14023617975,,,,-4.77107394941,-4.01205633012,,-3.24426179422,,,,,-0.113612064094,,,-0.245919562659,0.438588027456
LEAN06,"PABPC1L",ENSG00000101104,12.255785,,0.374822594691,0.114446786828,,5.0630842457394465,5.36857160988,1.17724131398,,,,,,-4.37656466935,-5.65025277382,-4.73702364284,-4.76980158624,-3.52240093193,,,-4.43052206667,-5.5666078247,-3.34338692241,,,-1.89050596574,,5.22727531283,,1.01971662771,,,3.35093885438,3.81618127016,,,,-5.87238242323,-4.94309859547,,-4.28514462071,,,,,-0.983976678818,,,-0.124256664298,0.0383645474124
MENA02F,"PABPC1L",ENSG00000101104,7.111332,,0.235403994668,0.10695375204,,2.758817361238155,2.42956493953,0.244001019582,,,,,,-3.56073414769,-3.96687102829,-3.95066545866,-2.77725664498,-3.33760592108,,,-2.35254538567,-4.21844924718,-4.44864756004,,,-0.788967199675,,3.35676980567,,0.873803696835,,,2.11080165659,4.10100139096,,,,-4.46938993515,-4.19182740202,,-4.08121938946,,,,,-1.01314873389,,,-4.75665121999,-3.79993366049
