code,target,ENSEMBL,association,Adipose_Subcutaneous,Adipose_Visceral_Omentum,Breast_Mammary_Tissue,Muscle_Skeletal,DGN_Whole_Blood,Whole_Blood,Artery_Aorta,Artery_Coronary,Artery_Tibial,Heart_Atrial_Appendage,Heart_Left_Ventricle,Spleen,Brain_Amygdala,Brain_Anterior_cingulate_cortex_BA24,Brain_Caudate_basal_ganglia,Brain_Nucleus_accumbens_basal_ganglia,Brain_Putamen_basal_ganglia,Brain_Cerebellar_Hemisphere,Brain_Cerebellum,Brain_Cortex,Brain_Frontal_Cortex_BA9,Brain_Hippocampus,Brain_Hypothalamus,Brain_Spinal_cord_cervical_c-1,Brain_Substantia_nigra,Nerve_Tibial,Cells_Transformed_fibroblasts,Cells_EBV-transformed_lymphocytes,Colon_Sigmoid,Colon_Transverse,Esophagus_Gastroesophageal_Junction,Esophagus_Mucosa,Esophagus_Muscularis,Liver,Minor_Salivary_Gland,Small_Intestine_Terminal_Ileum,Stomach,Adrenal_Gland,Pituitary,Pancreas,Thyroid,Lung,Ovary,Prostate,Testis,Uterus,Vagina,Skin_Not_Sun_Exposed_Suprapubic,Skin_Sun_Exposed_Lower_leg
BLOO01,"USP37",ENSG00000135913,5.801921,3.72316931851,3.85186591822,,2.75577720407,3.7898760261171813,3.66024086667,,,,,,3.30352512802,,,,,,,-4.03998463132,,,,0.0133816028796,,,3.34403417371,4.40241896001,,,,0.490763424283,4.04413891483,,3.90769155423,,,3.58863223736,,-0.464368491539,3.00008771144,4.09076263983,3.47140953127,,,,,,3.04406131935,4.1645078951
BLOO02,"USP37",ENSG00000135913,22.434235,-6.87568267162,-7.14764822041,,-6.16087896745,-8.65914025657825,-4.92318763693,,,,,,-6.55264399841,,,,,,,7.63674186222,,,,0.484011238945,,,-6.86164634975,-5.36623013407,,,,-2.65800719675,-6.90337357776,,-7.07608237983,,,-5.18691143913,,0.338970712267,-3.22481972783,-6.27382081859,-6.96648188519,,,,,,-4.38521202591,-6.95879935139
BLOO03,"USP37",ENSG00000135913,12.792581,-5.3185719615,-5.68215277768,,-4.63335683884,-6.242876385519612,-3.07190777929,,,,,,-4.82576540202,,,,,,,5.88981522952,,,,0.477840008406,,,-4.83085750254,-4.28651651603,,,,-2.21307321314,-5.25634481995,,-5.16715595934,,,-4.60585378583,,-0.386436259047,-2.65965486309,-4.54245366345,-5.40586130506,,,,,,-4.24005792431,-5.24653759606
BLOO04,"USP37",ENSG00000135913,13.648436,-5.56306464949,-5.52208209037,,-3.62561886446,-6.415386197504516,-3.95796980336,,,,,,-4.84546479314,,,,,,,5.58466263669,,,,0.484018143196,,,-5.38376414008,-3.82041987945,,,,-1.02158251905,-5.82660944494,,-4.83082689469,,,-4.35731417278,,-1.33642277878,-3.29170590015,-4.17421766556,-5.56401281172,,,,,,-4.80731050489,-5.1512296829
BLOO20,"USP37",ENSG00000135913,23.403524,-7.09029545586,-7.3597674617,,-6.12994642125,-8.109378608418638,-4.36299917105,,,,,,-6.40387569865,,,,,,,7.86134415819,,,,0.645153397147,,,-6.31640448924,-5.90742901697,,,,-2.24234989016,-6.92135696333,,-6.95227357913,,,-5.47561271692,,-0.265137522698,-3.68401050311,-6.49066909148,-7.112725622,,,,,,-4.93404902084,-7.10257802524
BLOO21,"USP37",ENSG00000135913,7.816047,-4.34890472489,-4.11854950405,,-2.53743053707,-4.881639135273925,-2.64248987739,,,,,,-3.74938021848,,,,,,,4.39228464045,,,,0.810317932573,,,-4.20952352006,-2.59358839791,,,,-0.511052530923,-4.92668223245,,-4.29862234753,,,-3.33249434268,,-0.175380346598,-2.01380814495,-2.93806395786,-4.26062876614,,,,,,-4.25986713814,-3.95161674814
BLOO22,"USP37",ENSG00000135913,12.299097,-5.38495349985,-5.20539078711,,-3.48661293144,-6.197308059010645,-3.39326745465,,,,,,-4.7273118721,,,,,,,5.55873142594,,,,0.830171409918,,,-5.25484884141,-3.43180183799,,,,-0.928470829059,-5.96390805888,,-5.37433891821,,,-4.09666034403,,-0.195488689956,-2.52222120415,-3.8743752423,-5.32522992019,,,,,,-4.88575140233,-5.00656978703
BLOO23,"USP37",ENSG00000135913,5.967220,-3.73489499592,-3.26250604431,,-2.26523591291,-4.121088790236025,-1.74575176684,,,,,,-3.45414909016,,,,,,,4.02296673738,,,,1.2637405363,,,-3.78873337121,-2.04593430944,,,,-0.436095782996,-4.56767053381,,-4.46858789122,,,-3.10781015786,,1.72186092579,-0.818672724675,-2.47926625665,-3.59864164487,,,,,,-3.96986152391,-3.52571839413
BLOO25,"USP37",ENSG00000135913,12.033886,5.29770888733,5.06194044109,,4.29310598141,5.244249131053753,3.94911997463,,,,,,4.58798803827,,,,,,,-5.79280081725,,,,0.251374807865,,,3.98167509675,4.97918833711,,,,-0.126372432571,5.05485423628,,5.54702849582,,,3.05584421416,,-0.615790182232,3.31107506544,5.84551971059,4.99670843836,,,,,,2.4365700226,5.55529594378
BLOO26,"USP37",ENSG00000135913,7.797512,3.27329684396,3.15176541332,,2.92101654169,4.5348192882410885,2.77592486578,,,,,,3.37622242022,,,,,,,-3.68062577143,,,,0.430245015743,,,3.76443284625,2.58905148008,,,,1.03827578651,3.34212413765,,3.62254239319,,,1.80778024985,,-1.0127417986,1.41821320793,3.58875095969,3.21663726703,,,,,,1.11180327399,3.41093233189
BLOO29,"USP37",ENSG00000135913,12.030999,-4.8917860027,-4.49793479901,,-2.14897738925,-4.943893796500947,-3.93589721842,,,,,,-4.23842986188,,,,,,,5.35900720544,,,,0.0884568972948,,,-3.96356079891,-5.21082739845,,,,-1.13678260257,-4.90530284479,,-4.29882027766,,,-4.64773807671,,2.04522892082,-3.75741633177,-5.18622976429,-4.29200062112,,,,,,-3.44253059419,-5.09993084572
BLOO36,"USP37",ENSG00000135913,6.103551,-4.10677956027,-4.00124736125,,-2.30981306492,-4.588453786995625,-2.93400041092,,,,,,-3.47532920254,,,,,,,3.96914093303,,,,0.389333851889,,,-3.9307367129,-2.66302155729,,,,-0.42772824579,-4.36517698387,,-3.33977529069,,,-3.28142378383,,-1.40515114674,-2.63146275441,-2.82937562786,-4.09302270707,,,,,,-3.88673049828,-3.66519943455
BODY03,"USP37",ENSG00000135913,7.787200,4.30654840804,3.7741066272,,4.08426521145,4.955004038833989,5.26442813607,,,,,,4.03435280438,,,,,,,-4.46640014193,,,,-1.30464288049,,,4.49112431415,3.7880761714,,,,-0.0123941368732,4.57471640202,,3.15866523749,,,3.5408765123,,1.82212824669,2.75714058716,3.96548644067,4.49929313123,,,,,,3.22150508626,4.1953390607
BODY04M,"USP37",ENSG00000135913,7.916068,4.8924765076,4.58893813096,,4.3807662931,5.40231060124861,5.45397209887,,,,,,4.91632557704,,,,,,,-4.79223085573,,,,-0.0429827198937,,,5.65996661881,3.92511750307,,,,-0.00779446238597,5.04228837504,,3.58898828191,,,5.09043783892,,1.59446277679,3.57589519982,4.90677444823,5.06974649713,,,,,,4.12106288079,4.39409208916
BODY04,"USP37",ENSG00000135913,7.346055,4.54413284414,3.96340738688,,4.13408962714,5.242230894278715,5.49297225137,,,,,,4.31451209537,,,,,,,-4.69114720135,,,,-1.15571902248,,,4.77536558212,3.96690412754,,,,0.0313942847799,4.78461968175,,3.27903832086,,,3.92494795984,,1.899944212,2.83046917432,4.14530945702,4.73498132311,,,,,,3.3708805273,4.40322550994
BODY08M,"USP37",ENSG00000135913,4.889343,3.83602459731,2.87981565314,,2.66262530003,4.080215433824715,3.32954220796,,,,,,4.30102345645,,,,,,,-3.92385251094,,,,1.18754256612,,,4.81374478426,3.44163267836,,,,2.07574074087,3.8648800719,,2.97845875504,,,1.84587652215,,1.29281382768,3.77466206786,4.05129967917,4.19387647091,,,,,,2.10772156171,4.15062782958
EDUC03,"USP37",ENSG00000135913,7.084780,-4.57500790312,-3.18077080662,,-3.36477600543,-4.13649795028608,-3.32251428882,,,,,,-4.22986371256,,,,,,,4.40250898196,,,,-0.308224484081,,,-4.12278683951,-4.88314319795,,,,-1.17361045623,-4.66534170636,,-4.7064316902,,,-3.00429261119,,-0.804732603704,-4.04346165851,-4.92824782858,-4.60086965528,,,,,,-2.93209349184,-4.43573787636
HEIG02,"USP37",ENSG00000135913,5.155498,-4.04912426733,-3.59012092639,,-4.26332222411,-4.979301536841353,-3.65490107418,,,,,,-4.194677557,,,,,,,4.6497252265,,,,-1.9086499799,,,-3.98621550269,-3.04050587416,,,,-0.888273157466,-4.22632646434,,-3.88353259961,,,-3.86649455066,,2.36593413353,-4.00698697179,-3.86760685071,-4.2827371206,,,,,,-2.21169031612,-3.85790323623
HEIG03,"USP37",ENSG00000135913,16.236153,-7.02528138416,-5.16363944909,,-6.22003119265,-8.137974231509315,-5.13174167133,,,,,,-6.65684423822,,,,,,,7.79936286169,,,,1.07629176881,,,-6.59811019358,-5.9672505421,,,,-0.749215784073,-6.98792577931,,-5.73762569614,,,-5.3533380141,,0.677094460492,-3.75490436572,-6.73337834,-7.24047336626,,,,,,-3.34068289791,-7.05127423798
HEIG04F,"USP37",ENSG00000135913,8.284047,-5.00986698652,-4.29924466467,,-3.98058371764,-5.74030170772286,-3.6562779702,,,,,,-4.24555566318,,,,,,,5.61853896621,,,,1.26428002977,,,-4.53420727264,-4.16350911111,,,,0.39334574453,-5.45926955777,,-3.65061819791,,,-4.90068187961,,-0.417954338868,-3.14189272434,-5.14750767993,-5.7205954572,,,,,,-3.03363146295,-4.39231549208
OBES01,"USP37",ENSG00000135913,5.955617,4.44725571268,3.80490008215,,3.98305140227,4.605566434541316,4.93117642428,,,,,,4.45793400736,,,,,,,-4.95683003436,,,,-1.18733338903,,,4.89793957412,3.89044492848,,,,0.368903216911,4.41019538144,,3.22405866001,,,4.23136208634,,0.96956341766,1.88850831302,4.11328877633,4.44515459638,,,,,,2.97627647669,4.47668227923
