code,target,ENSEMBL,association,Adipose_Subcutaneous,Adipose_Visceral_Omentum,Breast_Mammary_Tissue,Muscle_Skeletal,DGN_Whole_Blood,Whole_Blood,Artery_Aorta,Artery_Coronary,Artery_Tibial,Heart_Atrial_Appendage,Heart_Left_Ventricle,Spleen,Brain_Amygdala,Brain_Anterior_cingulate_cortex_BA24,Brain_Caudate_basal_ganglia,Brain_Nucleus_accumbens_basal_ganglia,Brain_Putamen_basal_ganglia,Brain_Cerebellar_Hemisphere,Brain_Cerebellum,Brain_Cortex,Brain_Frontal_Cortex_BA9,Brain_Hippocampus,Brain_Hypothalamus,Brain_Spinal_cord_cervical_c-1,Brain_Substantia_nigra,Nerve_Tibial,Cells_Transformed_fibroblasts,Cells_EBV-transformed_lymphocytes,Colon_Sigmoid,Colon_Transverse,Esophagus_Gastroesophageal_Junction,Esophagus_Mucosa,Esophagus_Muscularis,Liver,Minor_Salivary_Gland,Small_Intestine_Terminal_Ileum,Stomach,Adrenal_Gland,Pituitary,Pancreas,Thyroid,Lung,Ovary,Prostate,Testis,Uterus,Vagina,Skin_Not_Sun_Exposed_Suprapubic,Skin_Sun_Exposed_Lower_leg
BFPC04B,"RNF40",ENSG00000103549,3.364979,1.7958175873,2.65228339806,2.37736125185,,-0.5274302597876377,1.73675397871,2.63581062378,,2.00713594661,,,-2.86864947258,1.87902416459,,4.27742601294,3.49757748786,,3.37102313039,0.363060236875,2.41870639739,,,,,3.22525870757,1.63452485691,3.60162914851,,,,2.2082384142,,2.4072723846,,,,1.6297036306,-0.532200049174,2.44502048943,-0.516944954466,2.11173314645,1.2247011787,,,,,,,-7.36078691483
BFPC04F,"RNF40",ENSG00000103549,4.723469,2.49634437726,2.98558238886,2.39071651184,,-0.09123687387082408,2.61958213172,2.88668807241,,2.41482328523,,,-3.04084325239,2.18025887381,,4.66737387999,3.71100677758,,3.83206778469,1.10304313977,2.92509069044,,,,,3.71436465521,2.13380332488,3.91378170696,,,,2.94017254947,,2.96510241042,,,,1.56705076659,0.185157289498,2.91800097849,-0.244048433969,2.69144385547,1.61182590331,,,,,,,-7.77722787857
BFPC04,"RNF40",ENSG00000103549,4.481868,2.13920468395,2.96137324735,2.58261812525,,-0.39389059647733593,2.09311229134,2.9271885833,,2.30033050729,,,-3.03424101782,2.15596304742,,4.64382471518,3.80316145872,,3.71396251089,0.641770520175,2.80294978352,,,,,3.58584175658,1.90735404399,3.92824013319,,,,2.55771999909,,2.73340705714,,,,1.79046763217,-0.311179396044,2.75752205013,-0.411325453763,2.42457293445,1.44734894541,,,,,,,-7.85398769379
BLOO05,"RNF40",ENSG00000103549,8.091767,-4.25657844181,-4.00481038674,-4.37753878456,,-2.1655418789146816,-4.74249234114,-3.58390419218,,-2.86901696975,,,-0.499098902752,-3.97835685027,,-5.21705165425,-3.82620982041,,-5.00429040107,-3.49348766917,-4.4476260504,,,,,-4.27361737145,-3.41567293529,-4.5877369616,,,,-4.46866922258,,-4.15176630169,,,,-4.29603894131,-1.97751942195,-3.49724224921,-2.63129500185,-4.97707413545,-4.02481014456,,,,,,,2.72087192535
BLOO07,"RNF40",ENSG00000103549,10.726976,-5.0126701334,-4.80063114015,-5.91904663387,,-3.0933236154423516,-5.52556131234,-4.62969199342,,-4.33621733999,,,-0.343291253026,-4.84164641443,,-6.16770684596,-4.74498333919,,-5.41710249285,-4.26464600729,-5.62006356003,,,,,-5.04835083423,-4.97360746808,-5.34340516236,,,,-5.56408928139,,-5.20680211413,,,,-5.36532563454,-2.96295704924,-4.76558853152,-4.79530126665,-6.29817971404,-4.96270396162,,,,,,,3.16666102409
BLOO11,"RNF40",ENSG00000103549,17.767487,-3.85044716558,-4.18720406013,-3.45894917624,,1.151952139814333,-3.70149021714,-4.22557250197,,-2.77153681222,,,1.48407588117,-3.7117822193,,-7.35299559054,-4.73275989489,,-5.74881608742,-2.57013827758,-3.71052143258,,,,,-5.2831425983,-2.20232084556,-5.1920588078,,,,-2.65203453003,,-3.5247787104,,,,-4.26599065248,0.0756610157722,-4.67398863592,1.4997978878,-4.52905859021,-2.73803171066,,,,,,,5.89206457138
BLOO12,"RNF40",ENSG00000103549,10.295566,-3.8238044593,-4.15788548344,-3.15055628929,,-0.9042681137034599,-3.87443869154,-3.63386993486,,-2.81154337299,,,0.233045756133,-3.68905340527,,-6.19521298163,-4.7593617456,,-5.13382205377,-3.6187451893,-4.19685816497,,,,,-4.65238543124,-2.85968436577,-4.86861077226,,,,-3.69213396102,,-3.96854068981,,,,-4.26615515419,-1.07429759946,-4.55634307869,-1.01698776571,-4.55884896396,-3.64787199389,,,,,,,3.67408847809
BLOO16,"RNF40",ENSG00000103549,11.328725,-4.69399744041,-4.28881343375,-5.63062544475,,-2.69658285224472,-5.10630546955,-4.0945433828,,-3.98463739326,,,-0.148458981346,-4.19644099135,,-5.77775458148,-4.28882783061,,-4.94529198393,-3.74976016208,-5.01302285615,,,,,-4.52088256743,-4.56597196766,-4.79897990554,,,,-5.04215679347,,-4.69743284024,,,,-4.98328163123,-2.42679126631,-4.34530906506,-4.56749171986,-5.92205012576,-4.62522563265,,,,,,,2.65991663933
BLOO17,"RNF40",ENSG00000103549,6.399201,-3.55665299745,-3.17459431811,-4.79616743985,,-2.697399034496007,-4.07280151642,-3.20438473013,,-3.19267155972,,,-0.551158493353,-3.39541540354,,-3.86275611245,-2.90116346207,,-3.41058722575,-2.83413712359,-4.04209975199,,,,,-3.23009134975,-3.93380094254,-3.48997219347,,,,-4.09680368194,,-3.64466044944,,,,-3.80388109232,-2.39140491113,-3.07497346279,-4.48265652291,-4.60440289794,-3.54427770545,,,,,,,1.8179615736
BLOO18,"RNF40",ENSG00000103549,7.744776,-3.75298116937,-3.25910850461,-4.8419529798,,-2.478121977379969,-4.20231540174,-3.41769390137,,-3.26018419528,,,-0.222608363035,-3.51392543681,,-4.31241888229,-3.01684430413,,-3.70763692461,-2.74495981954,-4.11813570168,,,,,-3.47446447269,-4.01295919813,-3.7013195242,,,,-4.00480624854,,-3.73739418344,,,,-4.04003349457,-2.22874021448,-3.27822694167,-4.04893976951,-4.76707919913,-3.50311984258,,,,,,,2.29522895813
BLOO26,"RNF40",ENSG00000103549,3.660171,1.8584082556,2.65209677217,3.51388022912,,-0.7640268896669795,2.36860394025,2.76710217529,,1.75953153669,,,-2.4144519101,3.11592654527,,3.9226040001,2.91801124126,,2.62904564776,1.44031327138,4.28800419651,,,,,3.25885574732,1.97199824959,3.89046137652,,,,2.51362732159,,2.47674846516,,,,3.35208928407,0.993211882566,1.75123170148,2.23411759725,2.3587393629,1.26887700203,,,,,,,-5.84830760956
BLOO27,"RNF40",ENSG00000103549,2.186419,1.19986489521,1.68807456726,2.80431256044,,-1.0834752168921644,1.96648732314,2.05750488241,,0.998024447937,,,-1.76009531248,2.38137650291,,3.22154923331,1.94258025217,,1.71028193036,0.558388402923,3.8302693874,,,,,2.51291830941,1.6222814055,3.15383840925,,,,1.94575287638,,1.78652819064,,,,3.11737115266,0.315167001025,0.836935470591,1.86661168772,1.8104621904,0.671716748665,,,,,,,-5.25515460968
BLOO31,"RNF40",ENSG00000103549,7.522488,3.52369063067,2.82439721048,4.67993919966,,2.1973959361492215,3.90545494355,2.97735574981,,3.0151844218,,,0.0965409407575,2.95726910188,,3.86029881747,2.57223053257,,3.30603498647,2.27678613909,3.45243170457,,,,,2.99803395276,3.61425506893,3.19362564473,,,,3.48900806624,,3.25291587975,,,,3.63574332935,1.86566718259,2.8537293757,3.83540057313,4.43718756265,3.27719465704,,,,,,,-1.74416685104
BODY03,"RNF40",ENSG00000103549,0.069148,-0.0383967597666,0.331834835625,1.71493601737,,-1.7147011180261662,0.795876322446,0.485174187295,,-0.564933367864,,,-1.1343253116,0.640934414546,,0.503507982887,0.327610666081,,-0.027650478893,-0.0893598015631,1.44832877677,,,,,0.86305697707,-0.218384575693,0.950067284587,,,,-1.45952757186,,0.0309749133011,,,,0.0831996126,-1.47403639223,0.766699341325,-0.753573565985,0.856421835899,-0.767153491632,,,,,,,-6.67943048477
BODY04F,"RNF40",ENSG00000103549,0.293906,0.654873730445,0.486962952364,2.21405282767,,-0.872531950367356,1.26911985905,1.19249345786,,-0.0234247233825,,,-1.2080375116,1.34807120055,,1.30384273118,1.03316549976,,0.836714662287,0.539946502569,2.32779267892,,,,,1.53939174015,0.561544375956,1.55914243663,,,,-1.19231522645,,0.73719723908,,,,0.882222647099,-1.12062327232,1.56369369752,-0.0194136777439,1.35602320856,-0.775828179651,,,,,,,-5.24984645844
BODY04M,"RNF40",ENSG00000103549,0.218740,-0.949392665568,-0.943870528117,0.354110452476,,-1.6363992021829303,-0.458007982372,-0.59081677897,,-1.06161052251,,,-1.28166012394,-0.690282615162,,-0.606242468373,-0.708462158281,,-1.03400291061,-0.91727919552,-0.308219240252,,,,,-0.361135762139,-0.939087222303,-0.32103821988,,,,-1.37189784528,,-0.854035468913,,,,-0.52111019176,-1.44770725043,0.00379247974401,-1.29035741509,-0.241927546626,-1.7178019138,,,,,,,-4.83080434799
BODY04,"RNF40",ENSG00000103549,0.139974,-0.155109704711,0.317509616594,1.70630514879,,-1.738292298385518,0.755333777059,0.432195239757,,-0.698900625513,,,-1.32766726349,0.689043477552,,0.538854881789,0.281824402189,,-0.0476406723593,-0.1343473301,1.44615111902,,,,,0.887559307142,-0.266403002947,0.955013656719,,,,-1.66200569663,,-0.0309825252806,,,,0.215134944964,-1.57248215775,1.09314166119,-0.80750960055,0.853786969448,-0.888807381615,,,,,,,-7.25447750092
BODY06,"RNF40",ENSG00000103549,1.207510,-0.0169577445875,0.654938310255,1.45200089339,,-2.038320724075376,0.335227647542,1.27804093969,,0.542080141574,,,-1.29106050622,0.590064265235,,2.65810515114,1.49808369203,,0.8068724609,-0.136122961512,1.429643727,,,,,1.1879726311,-0.255805274703,1.30172220542,,,,0.615578651451,,0.530330960844,,,,0.129414934523,-1.34314942813,0.519973011519,-0.971495973409,0.44704845967,-0.32931461659,,,,,,,-4.82873392105
BODY07,"RNF40",ENSG00000103549,1.279849,-0.038417146081,0.657976401008,1.41148579594,,-2.038849082954425,0.240518763854,1.25896987764,,0.570715763092,,,-1.3508225884,0.576330428073,,2.64666186968,1.49347375286,,0.8423872021,-0.169857132557,1.35620167638,,,,,1.16322235604,-0.28639000753,1.25295793632,,,,0.567278662384,,0.497146052169,,,,0.0678780088368,-1.33344692058,0.477685195858,-1.0652328507,0.420967080777,-0.359259987578,,,,,,,-4.81514120102
BODY08B,"RNF40",ENSG00000103549,5.997834,0.553916141108,2.13225020809,2.85696261346,,-2.704416307279584,0.794088472989,2.31018091906,,1.35900147336,,,-4.26633006279,1.05703299385,,4.3965260685,2.83432835913,,2.92768001253,-0.154147617222,2.67555379131,,,,,2.69994381028,0.404135559842,3.01900788758,,,,1.43578545173,,1.41047392814,,,,0.512929099339,-2.23781647574,2.28941338358,-1.06257008819,1.53799126658,-0.0357180894715,,,,,,,-9.03772354126
BODY08F,"RNF40",ENSG00000103549,5.933301,2.41690966766,3.36197445723,3.01403658402,,-1.0456933151005283,2.4154042743,3.49115903535,,2.72073227031,,,-3.56775472535,2.65906359224,,5.50102889597,3.84323518641,,4.32751934824,1.62191262352,3.32246345019,,,,,4.15794719377,1.87385120184,4.25566156469,,,,2.94319346032,,3.01805360443,,,,1.97365881283,0.0250843460985,3.5618708407,-0.72116938334,2.96628883391,1.43298086713,,,,,,,-8.35820484161
BODY08M,"RNF40",ENSG00000103549,3.010670,-1.30144332709,0.0610262514694,1.35401485714,,-2.820525033492134,-0.96868679537,0.191512020394,,-0.45675662657,,,-2.80840585025,-0.816545424008,,1.34512375604,0.613493783076,,0.328422313084,-1.59358484014,0.841358177269,,,,,0.160741548536,-1.04339069205,0.515312758108,,,,-0.537781275976,,-0.640853153282,,,,-0.978016868386,-3.09327197503,0.105318670862,-0.841284308088,-0.418327695182,-1.27129051378,,,,,,,-5.27717590332
BODY08,"RNF40",ENSG00000103549,6.197055,1.08660230299,2.58892887665,3.13478455724,,-2.43369048727463,1.25275853053,2.7711929061,,1.81373906341,,,-4.2786527058,1.58232756684,,4.92870340913,3.26583395456,,3.46239638954,0.283031673003,3.09244805546,,,,,3.23576664373,0.826613342603,3.51197687274,,,,1.92016481328,,1.91686608149,,,,0.925848691857,-1.76267564546,2.77954114689,-0.956429446204,1.99509009395,0.332180405804,,,,,,,-9.36912536621
FATM02,"RNF40",ENSG00000103549,1.615306,1.38612492817,1.92676115581,2.03987919296,,-0.17795020781774268,1.82346949333,2.39607491441,,1.59306618999,,,-0.690479263767,1.71488058432,,3.52660893762,2.36066850051,,1.80051806889,1.01699925075,2.47451380269,,,,,2.42949082736,1.22737709074,2.60669111823,,,,1.83015953619,,1.90693772951,,,,1.93026039682,-0.230362441846,1.44039650996,-0.412339359219,1.76536560731,1.16435013094,,,,,,,-4.8258433342
FATM03,"RNF40",ENSG00000103549,1.771215,1.37312606627,1.94470918829,1.97995296047,,-0.20731452569389042,1.7440043736,2.36968529105,,1.61145798022,,,-0.733103517656,1.68065334324,,3.51478608142,2.33519096517,,1.83647395073,0.999775264135,2.43697993086,,,,,2.41309198222,1.21003827832,2.57262541423,,,,1.79018844359,,1.8759791634,,,,1.88725927002,-0.251476032623,1.3826757516,-0.509526057641,1.7524468785,1.1328413983,,,,,,,-4.7925620079
FATM04B,"RNF40",ENSG00000103549,4.794877,2.26888804708,3.37231651674,3.69968233069,,-0.6092179837287484,2.50715958181,3.51543719582,,2.59992235365,,,-3.23854401814,2.31033717173,,5.47434873811,3.93287792589,,3.9804192478,0.72369697985,3.74056734725,,,,,3.94230221859,2.13794141194,4.34088954327,,,,2.8575832346,,2.94858124584,,,,2.30141276769,-0.570811885032,3.3022722303,-0.0734337374182,2.97533716916,1.60905221702,,,,,,,-8.64842987061
FATM04F,"RNF40",ENSG00000103549,5.852138,2.94076399398,3.59975384186,3.25667222696,,-0.1377936298982345,3.12579521947,3.63475888065,,2.88423443087,,,-3.45109538492,2.80011338291,,5.68798012596,4.07282709269,,4.46377576173,1.57274718728,3.78268415749,,,,,4.44546396097,2.45272594775,4.6090720327,,,,3.46764691132,,3.44583104133,,,,2.48692194715,0.417398718594,3.6678119697,-0.413889651838,3.4284553576,1.97224985405,,,,,,,-8.22319412231
FATM04M,"RNF40",ENSG00000103549,0.861035,0.628309985978,1.59078843503,2.33471845897,,-0.7217803302832779,0.801401418089,1.75549770372,,1.13133490086,,,-1.52448027692,0.805649990613,,2.71374396001,1.96079126311,,1.69374996478,-0.338011043749,1.9435372826,,,,,1.65716027416,0.863491747411,2.06748496589,,,,0.993062516117,,1.13388554521,,,,1.06033700174,-1.14016155797,1.43527996576,0.253025216908,1.18836129127,0.542436332624,,,,,,,-4.93127202988
FATM04,"RNF40",ENSG00000103549,5.591913,2.65329149993,3.7058896226,3.90278859917,,-0.4616249316663799,2.87531211353,3.83563703026,,2.90600313184,,,-3.41171116703,2.66747824992,,5.89567353947,4.25792670961,,4.38197649182,1.04319772001,4.1167304492,,,,,4.36050849956,2.42350038759,4.7185601956,,,,3.23754546949,,3.30956690881,,,,2.57023359634,-0.28144982318,3.65463199676,-0.0554167518856,3.33068179503,1.86188183751,,,,,,,-9.04442501068
HIPC01,"RNF40",ENSG00000103549,1.484736,1.56747031052,1.78732506351,1.85325398941,,-0.5873207280027164,1.60839352207,2.36056009116,,1.06399304923,,,-0.905726737031,2.40648600981,,2.55378631426,2.26566193203,,2.06883286067,1.53384978416,3.41680702735,,,,,2.64896743906,1.39086104323,2.58431566758,,,,0.648239929858,,1.63965034998,,,,1.795457308,0.476374994408,2.81290758945,-0.367423114286,1.73568190234,0.175724642282,,,,,,,-6.26607322693
HIPC02,"RNF40",ENSG00000103549,1.436412,1.52455215287,1.76936134787,1.87014798061,,-0.674767907462236,1.57710774037,2.38205187121,,1.05656233885,,,-0.874069603668,2.34059528055,,2.48386242358,2.20362701895,,2.01218724199,1.4893026547,3.32850211418,,,,,2.57643750337,1.31028656349,2.51355592712,,,,0.625892393468,,1.59475594447,,,,1.70149266771,0.462557030604,2.73588870772,-0.362089960713,1.68815817154,0.18028728178,,,,,,,-5.88571739197
LEAN06B,"RNF40",ENSG00000103549,5.170355,2.51446488783,3.17494513343,5.54383859995,,-0.23541897494446468,3.05980530003,3.69507312112,,2.79421146411,,,-2.07607490847,2.2816141943,,5.53342363531,3.10546077242,,3.53816947695,1.63092874167,5.4911295297,,,,,3.71385169968,2.49599683336,3.83377349955,,,,3.63650856038,,3.01653508243,,,,2.59854647645,-0.0276473317499,3.35388300132,1.61564800885,3.62143281377,1.72018648255,,,,,,,-6.99712562561
LEAN06F,"RNF40",ENSG00000103549,4.282063,2.55360805586,3.14786153024,4.27787073283,,-0.05945549303059504,2.97925861513,3.55535175534,,2.75603788086,,,-2.59103341504,2.69656960214,,5.2123823656,2.99849714104,,3.74349121735,1.99290905762,4.71133657537,,,,,3.93357801448,2.29501663466,3.87415011821,,,,3.65716497389,,3.08697818518,,,,3.03778557142,0.533774242103,2.98171849682,0.595469890153,3.4748707862,1.70215907016,,,,,,,-6.39480924606
LEAN06,"RNF40",ENSG00000103549,3.962693,2.05932534045,2.62481926854,5.53469074395,,-0.3395307982277448,2.57162664306,3.13305008573,,2.3254088817,,,-1.2742868955,1.61542590731,,4.82007275389,2.65101579835,,2.7984107211,1.04364629568,5.12416255914,,,,,2.90860555972,2.23034143672,3.14100436686,,,,3.03559561266,,2.45624145951,,,,1.82104594202,-0.411795573327,3.05634886228,2.12536246309,3.0886035717,1.40431157941,,,,,,,-6.19861936569
MENA02F,"RNF40",ENSG00000103549,4.111573,3.47519457183,2.51763336599,-0.796958037454,,4.884768046897792,3.10658883657,2.1383508802,,3.23673786493,,,2.23131464877,1.33414659247,,1.15602831532,1.94252999135,,2.66908305831,3.32005755866,-0.2632559356,,,,,2.09808445403,2.80998577498,1.8754415989,,,,2.86691608788,,2.92819615814,,,,2.85060936169,3.07455516237,1.45610001611,2.1391467115,2.4883837717,3.71039544246,,,,,,,3.44115424156
OBES01,"RNF40",ENSG00000103549,0.543680,-0.264337801345,-0.279237208979,1.22494685218,,-1.7609760089850726,0.262997299187,0.522777574326,,-1.01336361316,,,-1.46926697727,0.939134824847,,0.806922792538,0.465926630833,,-0.0219076467113,0.568926864814,1.68104278454,,,,,0.936482543424,-0.0944349220343,0.994425717566,,,,-1.10984199295,,0.193641533419,,,,0.780113416758,-1.79596527441,1.99627859636,-0.674198100134,0.170010708794,-1.86395219871,,,,,,,-4.77214241028
RHEU01,"RNF40",ENSG00000103549,5.578051,4.72085320671,4.54892205163,3.71549570497,,3.5454245863662703,3.65562800946,4.2361720179,,4.5322986155,,,1.32501230497,3.86933770088,,4.43598403641,4.32547134026,,4.64973711805,3.71798919614,4.11129181751,,,,,4.35235934915,4.37231552554,4.28833089016,,,,4.8452202142,,4.35561564509,,,,3.2402607739,3.90646693981,3.84925503657,3.53035174146,4.15481233141,4.02706956382,,,,,,,0.0
RHEU02,"RNF40",ENSG00000103549,5.873739,4.72085320671,4.54892205163,3.71549570497,,3.545424586366271,3.65562800946,4.2361720179,,4.5322986155,,,1.32501230497,3.86933770088,,4.43598403641,4.32547134026,,4.64973711805,3.58136530007,4.11129181751,,,,,4.25277586667,4.37231552554,4.28833089016,,,,4.8452202142,,4.33849682843,,,,3.2402607739,3.89890618148,3.84925503657,3.53035174146,4.15481233141,4.02706956382,,,,,,,0.0
TRGL03,"RNF40",ENSG00000103549,2.350480,2.10372096021,2.11981920003,0.567574202371,,0.5791335283662536,1.94907234608,2.78306031765,,1.78066122092,,,-0.972874859991,2.54618662659,,2.82373951858,3.11011967908,,3.27142085072,1.94929812092,2.22077787698,,,,,3.40699116004,3.16233067717,3.45496410654,,,,2.61366370952,,2.74395066233,,,,2.49943431437,1.15065791763,1.52005982747,0.652335252405,2.17934772098,1.37922895293,,,,,,,-5.41041564941
WAIS01,"RNF40",ENSG00000103549,3.447028,2.86902747232,2.96070853548,1.87525398525,,0.3899283028034897,2.93616255714,3.25982069221,,2.12126952825,,,-1.15914145523,3.64510945749,,3.81466655335,3.65281596309,,3.65143243462,2.69416340808,4.46450151724,,,,,4.09497793934,2.84397022363,4.02432158794,,,,2.59033098296,,3.02004622136,,,,3.08151356294,1.53396291905,3.52909193062,0.897369943329,3.08903289701,1.64424578374,,,,,,,-6.36963319778
WAIS02,"RNF40",ENSG00000103549,3.356784,2.77774167954,2.90760186065,1.87647825428,,0.36054357511657215,2.91268124848,3.27113441608,,2.08256962039,,,-1.10795192725,3.52913054543,,3.69329266113,3.53659177724,,3.53525226811,2.61207236594,4.33082931701,,,,,3.96468513318,2.63384690054,3.89627692412,,,,2.50017445552,,2.92395536602,,,,2.86369026086,1.53733186315,3.41680445447,0.855508783072,2.99074689434,1.59192968509,,,,,,,-6.3221116066
WAIS03M,"RNF40",ENSG00000103549,4.430907,3.55316248798,3.20981293212,-0.153162562417,,2.879124263455961,2.8586695284,3.26752621136,,2.48497067409,,,-0.383595915012,4.24776332931,,4.24444184605,4.3465485112,,4.61182001235,3.95798297901,3.67149941023,,,,,4.39915707798,3.83854583286,4.63167822457,,,,4.78334061349,,4.16297455076,,,,3.60572842753,2.96902579796,3.31222641091,1.96590409052,3.09774940388,2.86048617154,,,,,,,-2.22053194046
WAIS03,"RNF40",ENSG00000103549,5.129930,4.35151000534,4.00304698414,0.629481385216,,3.4358165664335703,3.77866049348,3.77358171905,,3.81672391873,,,0.455564824895,4.40466833245,,4.35789365005,4.47887701818,,4.77250018444,3.86889027554,4.16830595579,,,,,4.49924878049,4.33371938117,4.55473594136,,,,5.06379995414,,4.45720963707,,,,3.68220398465,3.8251499613,3.01975414848,3.75594216819,4.11557964726,4.14972544648,,,,,,,-0.621536254883
WAIS04M,"RNF40",ENSG00000103549,4.715772,3.49253060987,3.19411546049,-0.141990138344,,2.8744908028881673,2.76319632987,3.21060795142,,2.45921278411,,,-0.41999133149,4.1752789865,,4.17201424867,4.27237854926,,4.5331235427,3.91794146796,3.60884854065,,,,,4.32408943704,3.77304421474,4.55264275329,,,,4.84625375861,,4.09193702152,,,,3.54895622471,2.83048741203,3.25570617915,1.93235771921,3.04488905659,2.8327558978,,,,,,,-2.13844490051
WAIS04,"RNF40",ENSG00000103549,5.083625,4.24631226676,3.95859484642,0.627851697234,,3.412437128954817,3.70581516191,3.76123378957,,3.74661410342,,,0.445361407404,4.29818535029,,4.25254150634,4.37060007663,,4.65712484252,3.79766171372,4.07408034749,,,,,4.39047935005,4.25480421935,4.44462526024,,,,4.95612305825,,4.34945658228,,,,3.64709688408,3.70195962958,2.94675154748,3.66802258888,4.01608550809,4.07454848185,,,,,,,-0.754121780396
