code,target,ENSEMBL,association,Adipose_Subcutaneous,Adipose_Visceral_Omentum,Breast_Mammary_Tissue,Muscle_Skeletal,DGN_Whole_Blood,Whole_Blood,Artery_Aorta,Artery_Coronary,Artery_Tibial,Heart_Atrial_Appendage,Heart_Left_Ventricle,Spleen,Brain_Amygdala,Brain_Anterior_cingulate_cortex_BA24,Brain_Caudate_basal_ganglia,Brain_Nucleus_accumbens_basal_ganglia,Brain_Putamen_basal_ganglia,Brain_Cerebellar_Hemisphere,Brain_Cerebellum,Brain_Cortex,Brain_Frontal_Cortex_BA9,Brain_Hippocampus,Brain_Hypothalamus,Brain_Spinal_cord_cervical_c-1,Brain_Substantia_nigra,Nerve_Tibial,Cells_Transformed_fibroblasts,Cells_EBV-transformed_lymphocytes,Colon_Sigmoid,Colon_Transverse,Esophagus_Gastroesophageal_Junction,Esophagus_Mucosa,Esophagus_Muscularis,Liver,Minor_Salivary_Gland,Small_Intestine_Terminal_Ileum,Stomach,Adrenal_Gland,Pituitary,Pancreas,Thyroid,Lung,Ovary,Prostate,Testis,Uterus,Vagina,Skin_Not_Sun_Exposed_Suprapubic,Skin_Sun_Exposed_Lower_leg
BFPC02B,"PYGB",ENSG00000100994,6.627917,0.785948207,1.27020981519,,-2.84759833796,3.412354667039108,3.54538704186,0.576553836822,,-0.628741875853,,-2.74275671731,2.03727817717,,,,,0.0741750907721,,-3.39433095452,,,,,1.31051973134,2.4132771927,-3.56578987814,,2.62781171877,2.90864929589,0.650954020808,1.22215703928,-0.128658801492,1.57939779053,,-1.22571445786,,,1.65623180579,,-3.28432668285,-2.05086539609,1.00664734333,,,,,,-4.10485882862,-4.2619277211
BFPC02,"PYGB",ENSG00000100994,6.735702,1.00307142804,1.26266054715,,-2.88673390228,3.5074569261276354,3.62773032987,0.51688174196,,-0.72002364943,,-2.94939150143,2.06711257923,,,,,0.29970153808,,-3.44896910186,,,,,1.39547468877,2.50984889854,-3.67151898315,,2.62730578698,2.97730233542,0.630760820087,1.28176868393,-0.185241378785,1.62808681284,,-1.07299190746,,,1.65352217717,,-3.41132423021,-2.02467113636,1.11411550827,,,,,,-4.34395055844,-4.27857981851
BFPC03B,"PYGB",ENSG00000100994,6.547003,0.905259910735,1.37042231265,,-2.78613338029,3.4313287566748927,3.56850049138,0.684905951567,,-0.349134437308,,-2.73516246071,2.10164297532,,,,,0.170637986725,,-3.26782103746,,,,,1.28168427941,2.39961427392,-3.40949348021,,2.65080260808,2.9575380842,0.768181069534,1.38630182859,-0.101397971772,1.7066903917,,-1.04765386413,,,1.76340943543,,-3.06026076388,-1.90783028877,1.17413256177,,,,,,-3.93102222005,-4.10996697255
BFPC03,"PYGB",ENSG00000100994,7.025332,1.12203687589,1.36699882323,,-2.80817201841,3.5082380014853607,3.63387118159,0.628552696485,,-0.411185976285,,-2.96756603014,2.1293087036,,,,,0.417594658102,,-3.28671218137,,,,,1.35051032767,2.47910429279,-3.4687432581,,2.6376100205,3.01480250748,0.755783353619,1.45758068121,-0.154592898311,1.76165547762,,-0.852617384531,,,1.77269738206,,-3.14278094764,-1.8536853062,1.29382627906,,,,,,-4.13354965796,-4.08557000193
BFPC04B,"PYGB",ENSG00000100994,13.487809,1.57601363532,2.64587170055,,-3.15978247962,5.266867739694482,5.29861808005,1.60211400172,,0.956904003834,,-5.2036185774,3.9714341969,,,,,0.717777236575,,-3.73631522811,,,,,2.27195649845,4.13422525264,-3.57301049364,,4.76377263962,4.76952771325,1.65526339496,2.91406298451,0.723371998571,3.24293556362,,0.154966330455,,,3.42986014692,,-3.00896817479,-1.58409147994,2.86763737561,,,,,,-3.63399602118,-4.85761100362
BFPC04F,"PYGB",ENSG00000100994,11.939793,2.80882039338,3.01028855478,,-1.8153683844,5.515569543138898,5.26529436997,1.6235211308,,1.15783570619,,-4.0200727867,4.65574219864,,,,,1.92389929252,,-2.82723279188,,,,,3.41890636634,4.96988251226,-2.39324906504,,4.99661343427,5.21950474258,2.17449106746,3.39205874553,1.74194411975,3.62968441165,,1.08699554736,,,3.85153241401,,-2.03510476763,-0.814002567562,3.62993270324,,,,,,-2.71733513946,-3.7386121727
BFPC04,"PYGB",ENSG00000100994,13.648880,1.87299310419,2.83517153705,,-3.06573147852,5.513953104986939,5.48434873914,1.61995497118,,1.04764665914,,-5.25794953477,4.25905737643,,,,,1.08136341105,,-3.70462140776,,,,,2.59682674006,4.44377691825,-3.50838670754,,4.9805055668,5.04137041614,1.76892377987,3.11964383616,0.910267757197,3.4234896937,,0.410108476552,,,3.63199678807,,-2.96146675372,-1.56063789315,3.1339195226,,,,,,-3.66195419455,-4.84990574619
BLOO01,"PYGB",ENSG00000100994,8.000843,1.87653792902,0.91037496963,,1.40295657986,1.832582200448885,1.2297190683,1.05558763166,,2.01608337796,,0.467596522827,1.20662660318,,,,,-0.720303477833,,-1.58352298107,,,,,0.677914046162,0.795476018069,-1.05062242121,,1.80753568763,1.58471061781,0.0310567690278,-0.7210436657,-0.706841434637,1.26884455243,,-0.514962182914,,,0.63112719564,,-0.370222085851,-0.769428886128,-0.15411156936,,,,,,0.0403743778764,-1.78726812941
BLOO02,"PYGB",ENSG00000100994,7.495366,-4.79831117803,-3.8204674312,,-2.85422550464,-3.061019773113565,-3.6648773591,-4.60020927113,,-4.78742172469,,-3.71094057864,-4.11776775622,,,,,0.240393700828,,-2.79614529115,,,,,-1.86007267556,-3.04032885079,-4.12786877425,,-3.04480372629,-3.80058131125,-6.27664951428,-6.42098887099,-4.41442106418,-5.20280602203,,-3.3779889904,,,-5.2023864585,,-5.36248616397,-4.34330202107,-6.50443890162,,,,,,-4.8871102668,-4.06436007667
BLOO03,"PYGB",ENSG00000100994,4.310159,-4.20710183837,-2.74316829406,,-4.11006789431,-2.1588155153895237,-2.44841098206,-3.71583268811,,-4.59855602863,,-3.32756286339,-3.29416529387,,,,,-0.237929110039,,-3.11836587551,,,,,-1.22687666319,-1.96131525084,-4.72181704212,,-2.17042346683,-2.82230880282,-5.05311509108,-4.62330787133,-3.98326043035,-4.04728065564,,-2.41404479299,,,-4.36030455498,,-5.46026260054,-4.53339470034,-5.00518629687,,,,,,-5.66885721467,-4.69244565778
BLOO20,"PYGB",ENSG00000100994,4.897189,-3.84111909878,-2.34655142324,,-3.52134862423,-1.7780333612307797,-2.15083670309,-3.49512760409,,-4.25989632424,,-3.33982239509,-3.02479009107,,,,,-0.0380208212966,,-3.14085790006,,,,,-1.12745195928,-2.13136567031,-4.7369900407,,-1.93792173763,-2.51185111629,-4.67020856612,-4.63196387897,-4.00356131155,-3.8667830792,,-2.61860508623,,,-3.92322328831,,-5.40218486486,-4.5701565908,-5.00706766884,,,,,,-5.37328147718,-4.78613627466
BLOO33,"PYGB",ENSG00000100994,10.230423,2.47054968999,1.21635207229,,1.54192055304,1.936109206407819,1.42085025824,1.35728282125,,2.34090714629,,0.986781957297,1.43487413418,,,,,-0.323394711713,,-1.25770893595,,,,,0.659081419339,0.706458693498,-0.910184440013,,1.87100359649,1.75331315617,0.729690983214,-0.369323749419,-0.779211596484,1.53165250941,,-0.571727938581,,,0.917725463207,,-0.111153775629,-0.242196666569,0.294055364089,,,,,,0.0475055618897,-1.54264823024
BODY06,"PYGB",ENSG00000100994,7.065502,0.335423366533,0.677856996396,,-2.62366392102,3.0831428820118125,3.21617564929,-0.478178488944,,-1.31660627771,,-3.9270709304,1.68718579225,,,,,-0.490854924343,,-2.907042907,,,,,0.476149553599,1.36666997277,-3.58837009385,,2.12489491691,2.68329553341,0.0477526276183,0.443667179047,-1.15913936784,0.768881445349,,-0.839063083981,,,2.0000665516,,-3.95820500378,-2.58669508836,0.215171758851,,,,,,-4.26771228978,-4.11359276083
BODY07B,"PYGB",ENSG00000100994,5.835290,0.0803242456337,0.661360816343,,-2.58352303272,2.8307779112931164,3.00473383371,-0.523617433117,,-1.22488536274,,-3.90566255851,1.54261921452,,,,,-0.668278905388,,-2.63306303174,,,,,0.251758982694,1.09879111182,-3.37249740492,,1.94530046698,2.52121842199,0.114284427247,0.366739166672,-1.2894898941,0.640132778729,,-0.658181724573,,,1.96785857482,,-3.71548151843,-2.5277200461,0.108723277261,,,,,,-3.94270380299,-3.897826924
BODY07,"PYGB",ENSG00000100994,6.203335,0.509508885041,0.846331233939,,-2.46362913947,3.155020694544904,3.28785974809,-0.292489401666,,-1.00408269319,,-3.85917561636,1.80585267396,,,,,-0.453403767331,,-2.77344713753,,,,,0.510698948292,1.41060801414,-3.43942793022,,2.22098940041,2.78982864469,0.260206271919,0.626016499796,-1.08282356229,0.949595925234,,-0.664985407081,,,2.14626555658,,-3.66765970468,-2.39121284778,0.416819896961,,,,,,-4.05459539007,-3.95356998695
BODY08B,"PYGB",ENSG00000100994,8.997748,0.196633333907,1.1079674299,,-3.49709658298,3.9930506275923703,4.06689668116,-0.0177570890558,,-0.301627494402,,-5.85743164287,2.70244884126,,,,,-0.786249798017,,-2.93276217028,,,,,0.541012413672,2.33771500734,-3.4778358906,,3.41996873685,3.54827694001,0.563960882698,1.37737153379,-0.72858132561,1.68816305081,,0.0587854616902,,,2.90528280776,,-3.51969843196,-2.09032157895,1.30515141058,,,,,,-3.81776498993,-4.42115012305
BODY08F,"PYGB",ENSG00000100994,10.045820,2.50193946388,2.65015254581,,-1.71798325782,5.333429103650594,5.05938536572,1.36314145389,,1.09042997523,,-4.33361359473,4.44884423266,,,,,0.92229242147,,-2.23610973873,,,,,2.52914429105,4.18658012397,-1.74782125875,,4.86867180676,5.08693493345,2.14283758781,3.12841684224,1.47585340066,3.43341186567,,0.805518038091,,,4.40393161894,,-1.61271869012,-0.961571048984,3.39736272685,,,,,,-2.20140268883,-3.35140797663
BODY08,"PYGB",ENSG00000100994,11.164957,0.734917874455,1.55335018234,,-3.27621130669,4.5179730137113685,4.51417442879,0.302784091016,,0.0320121557991,,-5.79851896122,3.24893885872,,,,,-0.376852584231,,-2.96853117995,,,,,1.03268364249,2.85402445156,-3.32907855045,,3.92172124352,4.08473155894,0.901325553186,1.85419232009,-0.295838821818,2.16560924251,,0.195004986251,,,3.36221584622,,-3.32077854273,-1.98704566224,1.85042158756,,,,,,-3.72303719776,-4.44284663451
FATM02B,"PYGB",ENSG00000100994,8.347145,0.34843825832,0.915440505959,,-3.52140228593,3.4080476290580597,3.54678685699,-0.188672883401,,-1.17992147366,,-3.74691955627,1.72121755015,,,,,-0.764812020487,,-3.64144029559,,,,,0.542691609163,1.86715757947,-4.47172171957,,2.37942803756,2.91543698819,0.144433339369,0.592672086003,-1.11173561759,1.00724624403,,-1.7110448603,,,1.59282657397,,-4.29777892384,-2.77366077701,0.294651209171,,,,,,-4.78399348055,-4.89680582751
FATM02F,"PYGB",ENSG00000100994,6.071507,1.71982897758,1.35559261551,,-2.00001049243,3.556501468641404,3.52080182883,0.457654189538,,-0.368094936868,,-2.62610929165,2.1455439323,,,,,0.234134016755,,-2.94016219171,,,,,1.32312391141,2.50216567406,-3.20027402913,,2.51413906363,3.09275122073,0.662855514527,1.2655778533,-0.354236560021,1.70391254493,,-0.677239980039,,,1.96294266977,,-2.90902761082,-1.18860685371,1.24619806066,,,,,,-3.86715158434,-3.53353703664
FATM02,"PYGB",ENSG00000100994,9.500217,0.687923014274,1.02668132011,,-3.49183291593,3.649754633654095,3.76120480698,-0.0895507057901,,-1.09640157674,,-3.81556022287,1.88695972502,,,,,-0.553253868605,,-3.7553661241,,,,,0.718874521058,2.08109211734,-4.55176081269,,2.53781963857,3.12122622283,0.220916781321,0.770995302245,-1.0588252936,1.20133470498,,-1.62947117927,,,1.71412560604,,-4.32926073236,-2.70920855589,0.506375299773,,,,,,-4.96334174375,-4.95047039255
FATM03B,"PYGB",ENSG00000100994,8.476540,0.496155924458,1.05023824167,,-3.43225763869,3.4832610011168206,3.62246196318,-0.0321719006559,,-0.8907560644,,-3.69650523967,1.82190063236,,,,,-0.708569530364,,-3.54966312816,,,,,0.573392588154,1.91026951816,-4.39215687374,,2.4512249216,3.01567804891,0.310643023614,0.763723425063,-1.06231781112,1.1641797136,,-1.57512101463,,,1.72236923989,,-4.08832256248,-2.6374661206,0.475982037634,,,,,,-4.63384008321,-4.79994456118
FATM03F,"PYGB",ENSG00000100994,6.054074,1.86192568251,1.48660605346,,-1.86007945975,3.592718082492168,3.55404040938,0.612914634916,,-0.00738071661006,,-2.68986833514,2.23341350225,,,,,0.329958157575,,-2.76022015329,,,,,1.32439698782,2.50604617687,-3.04187732594,,2.56631324199,3.16974530845,0.83026154182,1.437306589,-0.309145847087,1.86688470865,,-0.409157404689,,,2.11933476267,,-2.60626707587,-1.0302878692,1.43215897085,,,,,,-3.62548847141,-3.36823593273
FATM03,"PYGB",ENSG00000100994,8.793390,0.834879890423,1.16726769146,,-3.38310151174,3.7162521214971926,3.82842996579,0.0750067381924,,-0.782681613723,,-3.78709933118,1.99191551272,,,,,-0.492717343035,,-3.63537397643,,,,,0.740100848858,2.1156141121,-4.44246071966,,2.60717410482,3.21866605457,0.399454450379,0.950102934322,-1.00717019094,1.36589682653,,-1.45286234372,,,1.85718622937,,-4.08192463272,-2.54989579728,0.697958419963,,,,,,-4.78164239817,-4.82600789773
FATM04B,"PYGB",ENSG00000100994,12.938962,1.26955660523,2.22815076403,,-3.94653033107,5.2993435572669965,5.38408988388,1.11947892644,,0.78508053226,,-5.57979601886,3.75293861532,,,,,-0.58387145541,,-3.95599435456,,,,,1.49248668812,3.80619916408,-4.12137924808,,4.5670189317,4.79468374703,1.36646815774,2.48046090764,0.0299558061187,2.91540838397,,-0.541104346949,,,3.33473447248,,-3.48812920591,-1.99668537228,2.39963542863,,,,,,-4.04467046171,-5.30268410193
FATM04F,"PYGB",ENSG00000100994,12.516812,2.94837254245,3.20130274985,,-2.27907453983,6.0550061483782525,5.83471803327,1.84364267853,,1.59533965089,,-3.97071782356,4.97055698348,,,,,1.04818686529,,-3.1016431949,,,,,3.23749234227,5.12606895306,-2.4805833765,,5.39602688641,5.75866537874,2.38419055351,3.53882591848,1.65134967339,3.93086816747,,0.49487902928,,,4.3344259704,,-1.97001796989,-1.03667712037,3.73175802196,,,,,,-2.67638372737,-4.19972601534
FATM04,"PYGB",ENSG00000100994,15.122036,1.6681641735,2.54569255276,,-3.81839112013,5.6944781643918985,5.71150980584,1.29397171047,,1.01749884981,,-5.54937894928,4.17479761394,,,,,-0.198008656127,,-3.96836928772,,,,,1.92290749438,4.22818606932,-4.01747662745,,4.93619241784,5.2105741205,1.58109581888,2.8107796089,0.318670277626,3.23966288871,,-0.330765525761,,,3.67671028527,,-3.35320509278,-1.94931365591,2.78489446368,,,,,,-3.99908833182,-5.34406937875
LEAN06B,"PYGB",ENSG00000100994,8.093568,0.541144492805,0.974532110046,,-3.83605746533,3.6752897998663605,3.82599477188,-0.493695877635,,0.308564764401,,-4.4005602212,2.0829355319,,,,,-1.35668272592,,-3.03544038104,,,,,0.0550840701904,1.55311493642,-3.25067265969,,2.51679775588,3.30199826211,0.138517203924,0.786835725055,-1.45400212444,1.2981103242,,-1.28345928626,,,2.20895203556,,-3.11337912175,-2.36858522215,0.647757690313,,,,,,-3.2669022841,-4.3996731768
LEAN06F,"PYGB",ENSG00000100994,7.057332,1.78274239776,2.08710887126,,-2.13009508057,4.200511236049693,4.11793553737,0.636948046864,,0.996843556879,,-2.87067077293,2.9960384203,,,,,-0.482257049346,,-2.27280620469,,,,,1.14418219226,2.38830993818,-1.73995767475,,3.26002067133,3.97346307501,1.07560029689,1.78543936056,-0.0443186125766,2.29896555672,,-0.690372959333,,,3.15400461757,,-1.49908394337,-1.3353279989,1.73832515532,,,,,,-1.86746046397,-3.37276877592
LEAN06,"PYGB",ENSG00000100994,6.848171,-0.343131274464,0.133880044096,,-4.31446811213,2.804419985727638,3.0934878568,-1.10041332937,,-0.175529655946,,-4.60282250944,1.19552389286,,,,,-1.70697259743,,-3.15194097336,,,,,-0.65205516769,0.755844823005,-3.82352931201,,1.66592375083,2.36460984219,-0.498431526515,0.0268582359088,-2.146311654,0.456570240608,,-1.64024729128,,,1.21573378725,,-3.80610881558,-2.67378070591,-0.167606594557,,,,,,-3.76582295427,-4.43778945649
