code,target,ENSEMBL,association,Adipose_Subcutaneous,Adipose_Visceral_Omentum,Breast_Mammary_Tissue,Muscle_Skeletal,DGN_Whole_Blood,Whole_Blood,Artery_Aorta,Artery_Coronary,Artery_Tibial,Heart_Atrial_Appendage,Heart_Left_Ventricle,Spleen,Brain_Amygdala,Brain_Anterior_cingulate_cortex_BA24,Brain_Caudate_basal_ganglia,Brain_Nucleus_accumbens_basal_ganglia,Brain_Putamen_basal_ganglia,Brain_Cerebellar_Hemisphere,Brain_Cerebellum,Brain_Cortex,Brain_Frontal_Cortex_BA9,Brain_Hippocampus,Brain_Hypothalamus,Brain_Spinal_cord_cervical_c-1,Brain_Substantia_nigra,Nerve_Tibial,Cells_Transformed_fibroblasts,Cells_EBV-transformed_lymphocytes,Colon_Sigmoid,Colon_Transverse,Esophagus_Gastroesophageal_Junction,Esophagus_Mucosa,Esophagus_Muscularis,Liver,Minor_Salivary_Gland,Small_Intestine_Terminal_Ileum,Stomach,Adrenal_Gland,Pituitary,Pancreas,Thyroid,Lung,Ovary,Prostate,Testis,Uterus,Vagina,Skin_Not_Sun_Exposed_Suprapubic,Skin_Sun_Exposed_Lower_leg
AMIN01,"COG4",ENSG00000103051,5.755970,-2.50997405594,-1.66242594825,-4.17851567384,0.523429007198,-0.9790342313597734,-0.449968411865,,,,-1.25340489031,,,,-0.691096909662,-2.11909521078,0.23613764162,-1.28395605187,,,-1.01048707851,,,,,-1.85569880169,-2.65934070754,-1.1424201221,,2.38742265108,-1.3965391773,,1.51326746814,,,,,-2.43959026574,-0.81158884548,-1.31240632845,,,-0.98052830439,1.2620771402,,0.88174479568,,,-0.722200175057,-1.66776653628
AMIN05,"COG4",ENSG00000103051,6.186319,0.491216409812,1.12778347809,-0.355046199106,3.33982935617,-1.9253223408613764,-3.1458821114,,,,1.25318592138,,,,0.918670471318,0.836855653307,0.716546259843,0.952313102698,,,0.585550994398,,,,,-1.01518294833,2.0753821962,2.75005699647,,-0.979946870302,0.507509164838,,3.93283525564,,,,,0.816528683628,2.24841517493,1.07228534428,,,0.838420390956,-1.10028748904,,-4.64156201515,,,2.95569729925,2.3674354069
AMIN06,"COG4",ENSG00000103051,6.196400,0.719394787922,0.940159392616,-0.612694321381,3.4188465831,-2.297652371237917,-3.45195790408,,,,1.63332538984,,,,0.724825056531,0.436653459461,1.62600913295,0.745834040223,,,0.941532993847,,,,,-0.75046998613,2.0784478847,2.75730534273,,-1.64114090883,0.294230692366,,4.09775063577,,,,,0.454545411065,1.98113457858,0.468812851617,,,0.145180263204,-0.977789828907,,-4.37552140492,,,3.00676986963,2.31819130442
AMIN09,"COG4",ENSG00000103051,7.461602,0.494803843385,0.561606826196,-0.119167117779,3.53324527932,-2.6165344449619328,-3.80872659903,,,,1.41922984163,,,,0.265083291189,0.834910313037,1.0839794707,1.05859332571,,,0.942744071063,,,,,-1.2079578437,2.09611240337,3.16853297238,,-1.81400460101,0.472760170552,,3.72581769888,,,,,0.85940523074,2.26906945532,0.908293152421,,,-0.0086319740141,-1.24363946636,,-4.47688974587,,,2.97093794737,2.43730175229
BFPC04B,"COG4",ENSG00000103051,3.318940,-4.30274236491,-1.23455476352,-1.64987517642,-0.0941413856141,-1.99891795729999,-2.00672204537,,,,0.156833516333,,,,-0.253040172184,-3.71820201015,-3.55091803562,-3.13769577023,,,-1.06239609754,,,,,-6.0036506903,-0.552252237776,-1.30029579769,,-2.65226937353,-2.74843642678,,0.580571820195,,,,,-2.71836553647,-2.46781101565,-3.73681563257,,,-1.25671484139,0.026218346857,,-0.816279511978,,,-1.17936651736,-1.24799989292
BFPC04M,"COG4",ENSG00000103051,3.747657,-3.28992871329,-1.10275214217,-0.507914632161,0.501657495554,-2.50226618977457,-2.26511373588,,,,0.955925740468,,,,-0.678911965625,-2.72043355636,-2.45539272824,-1.89097117553,,,-0.483610564756,,,,,-5.31335253167,0.301507095124,0.138027544575,,-2.13719421016,-1.83247916654,,1.5030331315,,,,,-1.74186923563,-1.32602032299,-2.70416024761,,,-1.68286654153,-0.00572620402543,,-1.52503998932,,,-0.321137059791,-0.395565612948
BFPC04,"COG4",ENSG00000103051,2.688416,-4.25487806954,-1.137365058,-1.77520743376,-0.15975858319,-1.8225550441456926,-1.88197981352,,,,-0.0193506190948,,,,-0.077654845533,-3.71496611699,-3.61686520084,-3.22553993327,,,-1.16566455443,,,,,-5.80459291789,-0.684760130564,-1.54019655995,,-2.6322023598,-2.78227946511,,0.392768816906,,,,,-2.74640043434,-2.55127786911,-3.74353594491,,,-1.04118744037,0.065399117407,,-0.663221093133,,,-1.2524631079,-1.32066310764
BODY07,"COG4",ENSG00000103051,5.730394,-3.64430930349,-1.27485899191,-2.60943143334,1.63677010007,-3.3436697021014528,-3.45393288079,,,,1.04791613981,,,,-1.34740237062,-3.09482141559,-2.5402284857,-2.80561444738,,,-0.561878072964,,,,,-4.40654893619,-0.938570802091,-0.320397303536,,-2.12957798307,-3.00942636029,,2.4405427406,,,,,-3.94689762054,-1.22516609952,-2.982298493,,,-1.56645347176,-0.0141484143199,,-2.10426266575,,,0.87499279119,-0.868162244097
BODY08B,"COG4",ENSG00000103051,9.517827,-5.71968869058,-2.23731977576,-3.555455408,0.113614008762,-3.5380562202067276,-3.69276283576,,,,-0.266293875052,,,,-1.3383454992,-5.09367332843,-4.84410005131,-4.62735594615,,,-2.46182091756,,,,,-6.78390449523,-1.51863913365,-1.75527099155,,-4.0084846236,-4.53535715956,,1.03624769339,,,,,-4.50187086625,-3.19902450245,-4.99436446757,,,-2.34819323726,-0.810151075504,,-1.4974815999,,,-0.715760556446,-1.86373281585
BODY08F,"COG4",ENSG00000103051,2.372306,-4.79441200384,-1.9497725168,-3.72788301746,-0.433536162856,-1.804681173868152,-2.33372384261,,,,-1.16359587618,,,,-0.66192783892,-4.36248876752,-3.84944847255,-4.23315476214,,,-2.12951636779,,,,,-5.20997303851,-2.45524302558,-2.28783612105,,-3.27311314946,-3.97516650346,,-0.229921227396,,,,,-3.72258026183,-3.38217582361,-4.25656418985,,,-1.58637597635,-0.803764302334,,0.21625965202,,,-1.26337991212,-2.33395996417
BODY08M,"COG4",ENSG00000103051,5.184907,-3.77060516715,-1.41527534743,-1.7047086403,0.522516335107,-3.3221954769714115,-3.08031119827,,,,0.620430857421,,,,-1.27809900753,-3.28120440292,-3.37378934818,-2.75174528884,,,-1.56889886689,,,,,-4.87496162323,0.00456840516106,-0.46631937359,,-2.71649375073,-2.84600514961,,1.61429505442,,,,,-3.01228317832,-1.51448443495,-3.23524696794,,,-1.88103781585,-0.427696181673,,-2.24124923402,,,0.0918620206235,-0.574702548332
BODY08,"COG4",ENSG00000103051,8.382151,-5.77637343011,-2.2897086021,-3.69286907276,0.0284988544252,-3.348739906431625,-3.57826264491,,,,-0.502029804159,,,,-1.24662469142,-5.15694808246,-4.85180261146,-4.74175895317,,,-2.54575016182,,,,,-6.74588552491,-1.73705306228,-1.96327023015,,-4.00591221426,-4.62583052228,,0.83398667303,,,,,-4.52719295006,-3.36997258594,-5.05348726463,,,-2.32800390986,-0.751556607311,,-1.20284385182,,,-0.859396731324,-2.03844890899
FATM04B,"COG4",ENSG00000103051,4.747608,-3.36579064061,-0.662840280691,-1.34243981951,0.808019158225,-2.4350470110353375,-2.53035638208,,,,1.11607107511,,,,-0.136519253167,-2.96123758472,-3.04323810398,-2.47655121114,,,-0.72087686215,,,,,-5.38655385196,-0.0601648246953,-0.572697967907,,-2.42608879634,-2.20682519256,,1.43380454495,,,,,-2.48178162706,-1.43342221738,-3.01047220916,,,-0.655721403072,-0.25333866776,,-1.65889012523,,,-0.0802694138624,-0.559706733791
FATM04,"COG4",ENSG00000103051,3.854089,-3.38153495123,-0.65600123455,-1.54302272695,0.768497035488,-2.323450553984015,-2.4857906392,,,,0.937163560386,,,,-0.0480340371938,-3.03929785748,-3.10895091859,-2.60601197345,,,-0.818585048229,,,,,-5.26331831102,-0.266270247593,-0.794310024672,,-2.42697615112,-2.29356243179,,1.29219761042,,,,,-2.51154022738,-1.56250699836,-3.08908390313,,,-0.561189171795,-0.294658449662,,-1.48101858114,,,-0.150955385798,-0.696669959946
GLYC15,"COG4",ENSG00000103051,7.426050,-2.25875858912,-1.94214644506,-2.46293207562,-1.39596867749,1.205950103089936,2.6251132331,,,,-0.826672076726,,,,-1.96435010034,-0.97645230017,0.032819260542,-1.1648554933,,,-0.939873892979,,,,,-0.665566442571,-1.56747936547,-2.88100815716,,2.03230665035,-1.10061084329,,-1.52157757601,,,,,-2.1541567762,-1.43336721203,-0.434851981835,,,-0.969773600244,1.89780826136,,2.85217243744,,,-2.82024065157,-1.78350769803
HEIG03,"COG4",ENSG00000103051,3.135050,4.8955677495,3.45070496346,4.54630434712,2.14842271123,1.062433684099415,0.849822950705,,,,2.03483568079,,,,2.64428770755,4.09043152805,2.34327795781,3.7757731935,,,2.85171128345,,,,,2.6908939604,3.58837077389,3.91241317637,,1.66625603532,4.04287412343,,1.72733488522,,,,,3.92939732256,3.85819205744,3.87753368305,,,3.10485577386,0.251309467856,,-1.4467806862,,,2.71510923184,2.69349939214
MENA01F,"COG4",ENSG00000103051,1.236977,4.71173089063,1.99357125686,2.47495368674,1.51975669953,2.0069404102790087,1.72220094912,,,,1.60572149557,,,,1.23347993005,3.98946458083,4.61611799905,3.62515358814,,,3.25755514606,,,,,4.73685739575,2.35927946525,3.71849694087,,0.289002629063,2.855185714,,2.73187055484,,,,,2.56606379675,3.29382863626,2.88149413122,,,2.32294353581,1.37798534834,,-1.75918506819,,,4.19854766138,1.86084163761
MENA02F,"COG4",ENSG00000103051,5.558132,7.39611897589,3.94809277609,4.57196948333,1.71873672638,2.264083823030207,1.79885056747,,,,3.70447453158,,,,2.6919196447,6.45189021345,7.33805016534,5.6263959256,,,5.96398968055,,,,,4.95330082946,4.25292736649,4.45782046725,,2.27640303263,6.25670769127,,2.77762935297,,,,,5.75759261652,5.37762243556,5.93884370288,,,4.27844455349,1.50500499503,,-1.63817935592,,,3.91354143167,3.72930901558
PHYS01F,"COG4",ENSG00000103051,1.305500,4.09328249168,2.80644683307,4.23035089691,1.47772308945,0.7432167785463262,1.61787416825,,,,4.64219060965,,,,1.5740041862,4.16630998469,3.07589752671,3.38994648673,,,2.37791874877,,,,,3.41768513026,4.85302485417,2.26299362856,,1.19834696553,3.4747239254,,1.42993835513,,,,,3.54393585241,3.37283636512,4.01511261719,,,1.43043662481,2.17147871137,,-0.831191609447,,,1.90917182624,3.66633429475
