code,target,ENSEMBL,association,Adipose_Subcutaneous,Adipose_Visceral_Omentum,Breast_Mammary_Tissue,Muscle_Skeletal,DGN_Whole_Blood,Whole_Blood,Artery_Aorta,Artery_Coronary,Artery_Tibial,Heart_Atrial_Appendage,Heart_Left_Ventricle,Spleen,Brain_Amygdala,Brain_Anterior_cingulate_cortex_BA24,Brain_Caudate_basal_ganglia,Brain_Nucleus_accumbens_basal_ganglia,Brain_Putamen_basal_ganglia,Brain_Cerebellar_Hemisphere,Brain_Cerebellum,Brain_Cortex,Brain_Frontal_Cortex_BA9,Brain_Hippocampus,Brain_Hypothalamus,Brain_Spinal_cord_cervical_c-1,Brain_Substantia_nigra,Nerve_Tibial,Cells_Transformed_fibroblasts,Cells_EBV-transformed_lymphocytes,Colon_Sigmoid,Colon_Transverse,Esophagus_Gastroesophageal_Junction,Esophagus_Mucosa,Esophagus_Muscularis,Liver,Minor_Salivary_Gland,Small_Intestine_Terminal_Ileum,Stomach,Adrenal_Gland,Pituitary,Pancreas,Thyroid,Lung,Ovary,Prostate,Testis,Uterus,Vagina,Skin_Not_Sun_Exposed_Suprapubic,Skin_Sun_Exposed_Lower_leg
BLOO02,"IGDCC4",ENSG00000103742,19.146430,0.332624950832,,,-5.50012360962,-0.05278903245925904,,,,,,-0.367537335624,,,,,,,-6.12688028103,-6.51753363157,,,,,,,,0.96731588756,,-1.97525930623,,,0.281863880888,1.33966029604,,,,,-5.82015836071,,-3.25516960217,-4.92921986017,,,,,,,,
BLOO03,"IGDCC4",ENSG00000103742,7.699339,2.40560240408,,,3.8573973399,-1.206045389175415,,,,,,1.65692395056,,,,,,,3.3806343435,3.57162594921,,,,,,,,-0.0197629098125,,1.77332018375,,,-0.0962242097962,-0.783686276187,,,,,2.03211805111,,1.96153756296,3.7302010123,,,,,,,,
BLOO05,"IGDCC4",ENSG00000103742,9.987036,1.48388800423,,,4.76322098464,-0.19052213430404666,,,,,,1.43991393512,,,,,,,5.02090102217,4.57403264219,,,,,,,,-0.946071915867,,0.792585180667,,,-1.51995509808,1.1667995928,,,,,4.67808754271,,0.708613008606,2.38859619423,,,,,,,,
BLOO06,"IGDCC4",ENSG00000103742,7.055354,-1.93859549734,,,-4.45512767402,-0.40496939420700073,,,,,,-0.757517886585,,,,,,,-4.21406246885,-4.16435051711,,,,,,,,0.829091526867,,-1.14905966985,,,-0.32564677688,-0.543153262161,,,,,-2.10879886999,,-3.27693355121,-4.42540471037,,,,,,,,
BLOO09,"IGDCC4",ENSG00000103742,6.119398,-1.97394857015,,,-4.25580136589,-0.5047990083694459,,,,,,-0.567237179852,,,,,,,-4.02018512022,-3.91236701457,,,,,,,,0.694502307587,,-1.11901186398,,,-0.422551298315,-0.773754925506,,,,,-2.19640887332,,-2.8055057221,-4.23508517852,,,,,,,,
BLOO13,"IGDCC4",ENSG00000103742,7.125588,-0.744539189977,,,-2.84355063725,-0.7575060180302339,,,,,,-1.08208403174,,,,,,,-4.13831721007,-4.04919224878,,,,,,,,0.834014587613,,0.315038189926,,,0.0758521712343,-0.173446466569,,,,,-1.14627425446,,-1.08359570647,-3.89339555405,,,,,,,,
BLOO15,"IGDCC4",ENSG00000103742,6.488638,0.433743134608,,,2.00981021525,-0.7040215194332106,,,,,,1.18196240226,,,,,,,3.68966222094,4.69433668789,,,,,,,,-1.81400074203,,0.192734683661,,,-2.46152412369,-2.08303997229,,,,,0.7115901579,,1.28822186112,2.76587615949,,,,,,,,
BLOO18,"IGDCC4",ENSG00000103742,5.833274,-0.555072395355,,,2.50044379842,0.8005498994214624,,,,,,1.23052455904,,,,,,,3.20809078587,2.83112224587,,,,,,,,-0.828797043823,,-0.878489605156,,,0.213451995664,0.136616039754,,,,,0.245848757925,,1.2169288675,3.82947815885,,,,,,,,
BLOO19,"IGDCC4",ENSG00000103742,18.218776,-0.821165616077,,,-5.13898593249,-0.3535730521809,,,,,,-0.740500870374,,,,,,,-7.55725907174,-7.16516659139,,,,,,,,2.23716939818,,-0.635049798689,,,1.45973910856,-0.305498611775,,,,,-3.94151668822,,-1.11715292764,-4.44815198797,,,,,,,,
BLOO25,"IGDCC4",ENSG00000103742,36.579533,0.426798921234,,,5.46587063649,-0.059757811588471134,,,,,,2.81619568682,,,,,,,7.72243120526,8.31448225069,,,,,,,,-2.33925792905,,0.758497022845,,,0.0292326426127,-1.92785187191,,,,,4.70619952013,,2.15714615445,7.09209993717,,,,,,,,
BLOO26,"IGDCC4",ENSG00000103742,89.743595,1.6277019246,,,9.413124633,-1.0850873845812428,,,,,,1.11167541687,,,,,,,13.0073756719,14.5183089028,,,,,,,,-2.51360378242,,3.49449875433,,,-0.801263377825,-2.9560010487,,,,,8.22884883049,,3.08600900883,11.4223247747,,,,,,,,
BLOO27,"IGDCC4",ENSG00000103742,72.843936,1.71635409256,,,8.26566957102,-1.4229136869404404,,,,,,0.0299627568686,,,,,,,11.3496618807,12.8072303221,,,,,,,,-1.81884650026,,3.75917105856,,,-1.32597841702,-2.42736205742,,,,,7.16218630187,,2.72362529557,9.7726569333,,,,,,,,
BLOO28,"IGDCC4",ENSG00000103742,18.827222,0.806050412995,,,5.22637880482,0.13562098795191627,,,,,,0.119361025526,,,,,,,7.55612816963,7.07279247889,,,,,,,,-2.21599715779,,0.321584513016,,,-1.25512291176,0.547559878117,,,,,4.13255408753,,0.978716909233,4.24377808932,,,,,,,,
BLOO30,"IGDCC4",ENSG00000103742,5.780442,-0.867974951616,,,-2.82333381718,-0.7329531999799804,,,,,,-1.05952183874,,,,,,,-4.03795556937,-4.00595754838,,,,,,,,0.664583980946,,0.179095389522,,,0.125319553778,-0.259780794105,,,,,-1.36172725714,,-1.04336562112,-3.72031079294,,,,,,,,
BLOO31,"IGDCC4",ENSG00000103742,7.334110,0.328499180746,,,-2.51728342798,-0.7835156472214025,,,,,,-1.34549429674,,,,,,,-3.60062206106,-3.54793127505,,,,,,,,1.40015688263,,0.741667183347,,,0.781136351543,0.597559328453,,,,,-0.292170421934,,-1.18592858876,-3.93142078176,,,,,,,,
BLOO32,"IGDCC4",ENSG00000103742,8.073848,-0.242968068118,,,-3.01247532764,-0.05910781284727247,,,,,,-1.36563572973,,,,,,,-4.8375618849,-4.71221952586,,,,,,,,1.57747363518,,-0.180962662196,,,1.48262113428,0.146599565033,,,,,-2.04298005608,,-1.18873855725,-3.51706484571,,,,,,,,
EDUC01F,"IGDCC4",ENSG00000103742,6.062939,-0.466367281126,,,-3.31338436649,0.9621733605377542,,,,,,-0.017724755749,,,,,,,-4.67481493867,-4.07309120396,,,,,,,,0.369703706578,,-0.832744087217,,,2.14346967782,-0.721886202526,,,,,-3.07403503994,,0.311112212404,-2.38791959324,,,,,,,,
EDUC01,"IGDCC4",ENSG00000103742,8.715818,-0.783226457913,,,-4.30671283323,1.0357988251794825,,,,,,-2.07463384193,,,,,,,-5.63335319958,-4.45368504265,,,,,,,,-0.159665376088,,-1.39904951215,,,2.48290067022,-0.738600972484,,,,,-3.72841811712,,-0.28680508063,-2.68316550261,,,,,,,,
EDUC03,"IGDCC4",ENSG00000103742,10.452422,-1.36998213255,,,-3.83651143446,1.3290814933580206,,,,,,-1.41853885685,,,,,,,-5.96113650516,-4.76509705018,,,,,,,,0.3892055737,,-0.632647264018,,,3.05451874346,-0.439671847474,,,,,-4.0524493852,,1.00874871443,-2.33998236156,,,,,,,,
OSTE04,"IGDCC4",ENSG00000103742,6.608447,-0.579704983389,,,1.51401760799,-0.8581320888796021,,,,,,1.89973390489,,,,,,,3.45678135935,2.96306641573,,,,,,,,-1.21369160562,,-1.19531379042,,,-1.02497305743,-2.20282553214,,,,,1.84150212319,,-0.359415862353,2.92899048533,,,,,,,,
