code,target,ENSEMBL,association,Adipose_Subcutaneous,Adipose_Visceral_Omentum,Breast_Mammary_Tissue,Muscle_Skeletal,DGN_Whole_Blood,Whole_Blood,Artery_Aorta,Artery_Coronary,Artery_Tibial,Heart_Atrial_Appendage,Heart_Left_Ventricle,Spleen,Brain_Amygdala,Brain_Anterior_cingulate_cortex_BA24,Brain_Caudate_basal_ganglia,Brain_Nucleus_accumbens_basal_ganglia,Brain_Putamen_basal_ganglia,Brain_Cerebellar_Hemisphere,Brain_Cerebellum,Brain_Cortex,Brain_Frontal_Cortex_BA9,Brain_Hippocampus,Brain_Hypothalamus,Brain_Spinal_cord_cervical_c-1,Brain_Substantia_nigra,Nerve_Tibial,Cells_Transformed_fibroblasts,Cells_EBV-transformed_lymphocytes,Colon_Sigmoid,Colon_Transverse,Esophagus_Gastroesophageal_Junction,Esophagus_Mucosa,Esophagus_Muscularis,Liver,Minor_Salivary_Gland,Small_Intestine_Terminal_Ileum,Stomach,Adrenal_Gland,Pituitary,Pancreas,Thyroid,Lung,Ovary,Prostate,Testis,Uterus,Vagina,Skin_Not_Sun_Exposed_Suprapubic,Skin_Sun_Exposed_Lower_leg
BLOO06,"CDC42SE2",ENSG00000158985,2.032602,-4.16525516711,-5.49477524493,,-2.77764465609,-0.8990295009558764,-2.49832719121,0.150066116107,,-1.81596946619,,,,,,,,,,,,,,,,,-2.90411461397,,-2.30595281335,,,-4.27203694859,,-3.21137678679,,0.669806654847,,-3.29418700931,-2.52984488673,,,-2.04025214807,,,,-3.5947203056,,,-3.27429716061,-3.06515869812
BLOO07,"CDC42SE2",ENSG00000158985,41.785289,-2.72852977025,-5.35421586435,,-11.6245942941,-2.400244457643225,-4.57398112289,0.742861621234,,0.899945872434,,,,,,,,,,,,,,,,,-1.89303741168,,-7.27288194416,,,-4.22866948956,,-3.212891767,,-4.41462475066,,-2.65010399832,-2.94495323911,,,-2.7770208894,,,,-7.81936072619,,,-12.4665239868,-8.84620214405
BLOO08,"CDC42SE2",ENSG00000158985,2.092524,-4.54252786874,-5.09292774344,,-2.43625274391,-2.6153753546613387,-4.59768925559,-2.21639912347,,-3.11343572531,,,,,,,,,,,,,,,,,-3.81172422861,,-3.62814030412,,,-3.78799408233,,-3.82913005337,,-0.688675929738,,-3.56749327366,-3.36972705337,,,-3.69837276471,,,,-3.68577474399,,,-3.93707134113,-3.46788394523
BLOO09,"CDC42SE2",ENSG00000158985,4.218094,-4.51672168412,-6.09471539339,,-3.97318728718,-1.2898940010990592,-3.08763944171,0.0579159904792,,-1.83598522966,,,,,,,,,,,,,,,,,-3.22897804943,,-3.13491884316,,,-4.65672137802,,-3.63404141095,,0.200810468643,,-3.63527847108,-2.94072207711,,,-2.45639595356,,,,-4.43402972558,,,-4.5722042428,-4.01042805466
BLOO10,"CDC42SE2",ENSG00000158985,5.218173,-4.54890771137,-6.13361570579,,-4.06156645078,-1.1678042366132253,-3.3431110941,0.209048198681,,-1.67076520112,,,,,,,,,,,,,,,,,-3.13977397006,,-3.15460851967,,,-4.64462207954,,-3.58141414114,,0.319350841797,,-3.58062440914,-2.83918259599,,,-2.30908417793,,,,-4.49094167273,,,-4.71071856918,-4.01991156346
BLOO12,"CDC42SE2",ENSG00000158985,6.453482,-5.41750336083,-6.9530471798,,-4.09637733162,-1.22306267592248,-3.8644812092,-0.169060648984,,-2.38773291046,,,,,,,,,,,,,,,,,-3.57454218883,,-3.35013119819,,,-5.35586312704,,-3.96556434881,,0.844801146466,,-4.17044718749,-3.04909266287,,,-2.67758699585,,,,-4.85756586057,,,-4.79363610103,-4.18720999038
BLOO13,"CDC42SE2",ENSG00000158985,2.096801,-4.31319213071,-5.66668096691,,-2.98475268042,-1.1367270749004839,-2.72758445675,-0.0939628153461,,-1.94538101396,,,,,,,,,,,,,,,,,-3.0955237722,,-2.49493229608,,,-4.39900948374,,-3.39928906532,,0.523911945262,,-3.45459191458,-2.74423036098,,,-2.26742428344,,,,-3.80947046838,,,-3.5550829364,-3.24973930892
BLOO16,"CDC42SE2",ENSG00000158985,38.774975,-4.04374280467,-6.50476998425,,-11.5977779387,-3.101593154253671,-5.63840196446,-0.263580855747,,-0.318108089585,,,,,,,,,,,,,,,,,-3.15360675001,,-8.15212560632,,,-5.10250119763,,-4.37068963281,,-4.58082123762,,-3.74042860319,-4.00862166677,,,-3.7512243492,,,,-8.58093607522,,,-12.8771108199,-9.34908910648
BLOO17,"CDC42SE2",ENSG00000158985,52.204788,-1.14796664007,-3.40186004405,,-10.7759137458,-2.1091584698227366,-3.50479473946,0.744143692694,,1.71338587689,,,,,,,,,,,,,,,,,-0.900192953133,,-6.44733471344,,,-2.70993126803,,-2.11173617123,,-4.8424104263,,-1.49955293943,-2.10907674806,,,-2.07060874907,,,,-6.62722507217,,,-11.4515965512,-7.86460001515
BLOO18,"CDC42SE2",ENSG00000158985,42.852757,-0.759991535028,-2.7150837502,,-10.0100912192,-1.7862044236468466,-3.23187159171,0.641690756645,,1.7551714597,,,,,,,,,,,,,,,,,-0.492404812512,,-5.86263520123,,,-2.20040045212,,-1.58331344219,,-4.74813843949,,-1.10610882667,-1.67499097074,,,-1.63930921712,,,,-6.02630691863,,,-10.6870513703,-7.18450186667
BLOO29,"CDC42SE2",ENSG00000158985,13.499736,6.33747978221,7.38875537137,,6.14165532957,4.877541052395949,6.38598047461,2.57978722438,,2.76856026437,,,,,,,,,,,,,,,,,4.58890840374,,5.1647811084,,,5.29662350318,,4.79828202359,,1.48425033476,,4.47685300951,4.81896388652,,,4.7090381902,,,,6.11683740766,,,7.27156425448,4.43837866958
BLOO30,"CDC42SE2",ENSG00000158985,3.824401,-4.41586477977,-5.95154803096,,-3.78435218886,-1.0912845941811125,-2.8980186384,0.259336888451,,-1.71551529013,,,,,,,,,,,,,,,,,-3.08879773217,,-2.98229080047,,,-4.555859611,,-3.47517986492,,0.355646764268,,-3.51779196106,-2.76799434762,,,-2.29935106397,,,,-4.26095758426,,,-4.30094212627,-3.84510695838
BLOO31,"CDC42SE2",ENSG00000158985,33.950201,1.56345131036,3.27872180341,,9.61272907007,2.45650529819743,3.98691208394,0.319705426662,,-0.694188218174,,,,,,,,,,,,,,,,,1.35105107126,,6.40728731849,,,2.6374118506,,2.28788070777,,4.74216993896,,1.74339670408,2.38642481155,,,2.39563124541,,,,6.26199978846,,,10.5742754805,7.33370118683
CROH01,"CDC42SE2",ENSG00000158985,9.563869,4.14634374533,4.95106911931,,5.34745703526,3.517544879868802,5.18605214347,2.27473282397,,2.30089574779,,,,,,,,,,,,,,,,,3.20567794723,,4.22852180575,,,3.14367260652,,3.30956050057,,2.91054199727,,3.15606999993,3.80711731343,,,3.36744633068,,,,4.60984913932,,,6.22444474935,3.58789612421
FATM04B,"CDC42SE2",ENSG00000158985,6.253023,2.25262751391,2.71345346654,,3.52465110025,0.428349635364521,2.66489756843,1.57210130676,,2.20008043839,,,,,,,,,,,,,,,,,1.94574107393,,2.75895991087,,,2.48153028431,,2.92928909838,,0.862245561903,,2.1602596152,1.33843026878,,,1.0078425088,,,,3.42945997085,,,4.50042152834,4.558250291
FATM04,"CDC42SE2",ENSG00000158985,6.702699,2.2261469938,2.90246952207,,3.64454514007,0.6545326470984352,2.89680135684,1.77864746103,,2.35439823624,,,,,,,,,,,,,,,,,2.0572822369,,2.86502767644,,,2.61226346941,,3.07481229489,,0.99939507189,,2.24686097327,1.50226612853,,,1.07050331989,,,,3.56004321651,,,4.70736425995,4.56825292682
HEIG02,"CDC42SE2",ENSG00000158985,4.406758,3.94829619448,4.99076988039,,3.8422869531,2.230024396680501,4.30849155939,1.75949744699,,2.2293222184,,,,,,,,,,,,,,,,,2.5539286905,,3.46964496003,,,2.62200668032,,2.52593787902,,1.44354247743,,2.51537350225,2.48954997283,,,3.29469103124,,,,3.67076323317,,,4.79747337737,3.46373220039
HEIG03,"CDC42SE2",ENSG00000158985,9.975555,7.01614255066,7.26046755678,,7.48511932233,5.08148353518867,6.17442520729,2.55690172736,,4.26890108852,,,,,,,,,,,,,,,,,5.71035682185,,7.34641097264,,,4.50105174735,,5.73444927455,,1.79072993706,,5.59633781001,5.73322531434,,,5.64159603328,,,,7.13883821608,,,7.52023729826,6.98832296737
HEIG04M,"CDC42SE2",ENSG00000158985,3.214670,2.29319931855,3.53328276432,,4.50781687824,2.8123083026925175,2.55835786636,1.11410900031,,1.26633909121,,,,,,,,,,,,,,,,,2.12416492355,,3.28940947635,,,1.35858439844,,1.56696418676,,2.11409254558,,1.78366942742,2.21956807945,,,2.28182264256,,,,3.12061227438,,,3.81658940272,4.78647135167
INFB01,"CDC42SE2",ENSG00000158985,3.641741,4.12952392815,4.96982789614,,3.9463701995,3.0416043437825406,4.44429532834,2.1911588844,,3.24330992756,,,,,,,,,,,,,,,,,3.17423179649,,3.32160210587,,,2.75753317036,,2.83124810457,,1.82346738987,,3.17552010377,3.62818020614,,,3.22111986987,,,,3.97438797972,,,4.60081050684,2.96422387148
LEAN04B,"CDC42SE2",ENSG00000158985,8.484351,6.73020610102,6.85156685098,,5.99942074094,4.303422070010432,6.20459855655,3.44722239641,,5.0042879074,,,,,,,,,,,,,,,,,5.80379351856,,6.90166327155,,,5.01321506679,,6.38873238801,,1.27826681434,,5.67482077603,5.27701654111,,,5.02803184785,,,,7.11332875387,,,7.81800969014,7.27075047267
LEAN04F,"CDC42SE2",ENSG00000158985,6.768632,4.5661065661,4.71064668189,,5.16561838268,3.7905968189626122,5.25393003402,3.1200137744,,4.02581660994,,,,,,,,,,,,,,,,,4.09981665881,,5.12387341083,,,3.0716637436,,4.77012938666,,0.818805255615,,3.8512819244,3.8912397261,,,3.73515760239,,,,5.35658018226,,,6.48010772692,5.64874124397
LEAN04M,"CDC42SE2",ENSG00000158985,4.735041,5.59492073787,5.60697875359,,3.46357851494,2.3663180424984,3.70302156878,1.77528821111,,3.27095557426,,,,,,,,,,,,,,,,,4.59553417072,,5.12007620422,,,4.61543800598,,4.70163556896,,1.12593450182,,4.71210836627,3.95149339137,,,3.72716850432,,,,5.17230593058,,,4.86414332433,5.04737145586
LEAN04,"CDC42SE2",ENSG00000158985,7.889309,6.88262057739,7.01181959405,,5.44472660933,3.8021570012315675,5.65886388174,3.05133102569,,4.69529939085,,,,,,,,,,,,,,,,,5.82427950879,,6.75649616461,,,5.42158269607,,6.22785348694,,1.38785756816,,5.78882590933,5.1792970712,,,4.90873548102,,,,6.94982746749,,,7.225282988,6.89318245531
LEAN05B,"CDC42SE2",ENSG00000158985,9.960665,6.7464575949,6.87095649497,,6.03510985494,4.275807516166117,6.29146122045,3.50379151276,,5.04729723854,,,,,,,,,,,,,,,,,5.88419487086,,7.03771180515,,,5.09879463123,,6.51813279771,,1.27746533743,,5.77000836381,5.29931338897,,,5.07098333319,,,,7.16725387998,,,7.72939114054,7.348773252
LEAN05F,"CDC42SE2",ENSG00000158985,5.227458,4.63115581955,4.78210621088,,5.21683375479,3.797834234900199,5.36995478106,3.21978783045,,4.12376815945,,,,,,,,,,,,,,,,,4.27024030347,,5.33873798612,,,3.23776402723,,4.97831531041,,0.842300871282,,4.03753766565,3.99000198532,,,3.85583724908,,,,5.46560264882,,,6.37260785019,5.75724183232
LEAN05M,"CDC42SE2",ENSG00000158985,4.830149,5.56241802077,5.57185955711,,3.46504626154,2.3123522571612027,3.70663767216,1.73961801952,,3.2230774883,,,,,,,,,,,,,,,,,4.52360194791,,5.08547185466,,,4.56263124283,,4.66230487824,,1.0994111644,,4.64651516073,3.87174165747,,,3.65142620149,,,,5.13897389475,,,4.87271798228,5.05708683272
LEAN05,"CDC42SE2",ENSG00000158985,8.838333,6.87922989196,7.00027469437,,5.47650757549,3.7587967140802205,5.72066796141,3.05998540109,,4.69990567927,,,,,,,,,,,,,,,,,5.8367397868,,6.82522930957,,,5.42429576242,,6.28738033768,,1.37166047057,,5.81277846247,5.14893428687,,,4.90066773265,,,,6.9725366505,,,7.18337725463,6.94322245653
LEAN06B,"CDC42SE2",ENSG00000158985,15.135139,7.75681147926,8.47773624594,,7.60819013024,4.963607082186911,7.35653127842,4.37937265327,,5.66160466182,,,,,,,,,,,,,,,,,7.12466172834,,8.06067688568,,,7.05331435438,,7.64746420903,,2.30685665569,,6.9414703526,6.39367677933,,,6.21868655607,,,,8.66001928188,,,9.32962235082,9.11624687263
LEAN06F,"CDC42SE2",ENSG00000158985,9.952336,5.21478450534,5.92538284088,,5.89305242447,4.233444929811802,6.33314166881,3.91273385379,,3.96242164968,,,,,,,,,,,,,,,,,5.08221594814,,5.64566072648,,,5.05009731239,,5.64499093853,,1.74253928203,,4.67324695281,4.62710511152,,,4.4726686493,,,,6.48597098596,,,7.42321296619,6.24646090501
LEAN06M,"CDC42SE2",ENSG00000158985,8.951869,6.9467023568,7.24137305536,,5.59343855602,3.039733067335841,4.41259293342,2.40173128057,,4.82553523677,,,,,,,,,,,,,,,,,5.92121552937,,6.86359833359,,,5.83159505551,,6.05786180785,,1.76896605903,,6.20588524292,5.21125420569,,,5.11035643723,,,,6.71389943455,,,6.55122586049,7.97361079956
LEAN06,"CDC42SE2",ENSG00000158985,15.922705,8.29720985924,8.9119621021,,7.63839370544,4.673202542842995,6.86813089218,4.04112106747,,5.94766489345,,,,,,,,,,,,,,,,,7.42993229595,,8.44397817769,,,7.37615150166,,7.82390994352,,2.40474011062,,7.43141104715,6.63816310486,,,6.4465891393,,,,8.83176450686,,,9.22954700866,9.59724167296
