code,target,ENSEMBL,association,Adipose_Subcutaneous,Adipose_Visceral_Omentum,Breast_Mammary_Tissue,Muscle_Skeletal,DGN_Whole_Blood,Whole_Blood,Artery_Aorta,Artery_Coronary,Artery_Tibial,Heart_Atrial_Appendage,Heart_Left_Ventricle,Spleen,Brain_Amygdala,Brain_Anterior_cingulate_cortex_BA24,Brain_Caudate_basal_ganglia,Brain_Nucleus_accumbens_basal_ganglia,Brain_Putamen_basal_ganglia,Brain_Cerebellar_Hemisphere,Brain_Cerebellum,Brain_Cortex,Brain_Frontal_Cortex_BA9,Brain_Hippocampus,Brain_Hypothalamus,Brain_Spinal_cord_cervical_c-1,Brain_Substantia_nigra,Nerve_Tibial,Cells_Transformed_fibroblasts,Cells_EBV-transformed_lymphocytes,Colon_Sigmoid,Colon_Transverse,Esophagus_Gastroesophageal_Junction,Esophagus_Mucosa,Esophagus_Muscularis,Liver,Minor_Salivary_Gland,Small_Intestine_Terminal_Ileum,Stomach,Adrenal_Gland,Pituitary,Pancreas,Thyroid,Lung,Ovary,Prostate,Testis,Uterus,Vagina,Skin_Not_Sun_Exposed_Suprapubic,Skin_Sun_Exposed_Lower_leg
BLOO04,"POP5",ENSG00000167272,38.879689,,1.02125364349,,,1.7636386876713526,,2.27409353004,,,4.99491976101,4.75947920288,,,-3.00237578992,-3.36124705166,,-3.65292622505,,-2.84378737422,-7.79273392579,-6.11566152666,,,,0.913367880174,,11.6645455972,5.72714851911,4.25725645972,,,1.6695241833,5.41851193463,,,,,-10.4811976,1.55547046755,6.91163829018,-7.62775259653,-5.28499120187,,,,,,,11.2122514706
BLOO21,"POP5",ENSG00000167272,57.080906,,1.69152042192,,,2.8682591020545884,,2.2523569305,,,6.02023840082,5.57364582268,,,-3.43006004837,-2.81303418649,,-2.28317882277,,-3.71497509889,-8.39963298739,-6.6769290294,,,,1.70357981573,,13.7267971561,7.27113615521,5.06709548143,,,2.20875251627,6.51160613898,,,,,-10.8523269163,2.23588759617,8.02325573961,-7.89649690559,-5.59539909539,,,,,,,12.0103416141
BLOO22,"POP5",ENSG00000167272,67.357634,,1.63181782604,,,2.7427016986883204,,2.36645172791,,,5.85806486175,5.57278047252,,,-3.24126750426,-2.95592430451,,-2.63771276243,,-3.53560241537,-8.40329008026,-6.6197500669,,,,1.61135919916,,13.6532599052,7.03341903279,5.07965686742,,,1.78913621859,6.45660374369,,,,,-10.9022955697,2.07320380328,7.77517651391,-8.04249869121,-5.69794419823,,,,,,,12.1683395669
BLOO23,"POP5",ENSG00000167272,47.386581,,2.40675705002,,,3.3323025761986127,,2.24819389832,,,6.07957867072,5.27667803505,,,-1.98036693899,-1.75251905984,,-0.870332509696,,-3.08540368353,-6.43646381026,-4.92330763376,,,,2.55970776274,,12.1435039556,6.97698346915,4.9904343718,,,2.9878735536,6.11589741984,,,,,-7.80146710945,2.35201447571,6.91477005124,-5.79139248938,-4.5821849001,,,,,,,8.97495141385
BLOO26,"POP5",ENSG00000167272,10.705225,,2.42423247826,,,2.570535454724677,,1.84785052428,,,3.64423597435,1.48919042968,,,0.559270267432,1.67263426218,,4.92711196891,,1.212367541,1.81420802684,1.15368690168,,,,1.57129075965,,0.624605281967,3.28129545573,1.23953761976,,,3.38321975668,1.70083790619,,,,,1.48258734372,5.74246696297,1.98610432559,3.59479164584,2.90123978925,,,,,,,-1.08741374724
BLOO27,"POP5",ENSG00000167272,14.140904,,2.76385708081,,,3.2023409576851356,,2.21902816811,,,3.51441955831,1.48739114613,,,0.462125233088,1.75396588059,,5.49573345799,,1.36630852136,2.39788611113,1.69845043288,,,,1.35706006315,,-0.131658571406,3.58327107145,1.28576731765,,,4.18399492772,2.01684388569,,,,,2.94276331406,5.90736298889,2.23332395628,4.9498675513,4.02651330594,,,,,,,-2.20641972991
BLOO29,"POP5",ENSG00000167272,7.434778,,-2.06432621693,,,-1.8371458904966753,,-0.760794513124,,,-2.94845789248,-3.10603997465,,,-1.41152471351,-0.48078610748,,-2.01460947744,,-2.81759433183,-2.50915881196,-0.88753542744,,,,-2.12976298595,,-0.937345115243,-2.57398891954,-1.22617149682,,,0.826260573259,-1.58443901716,,,,,0.489425685032,-2.77764438226,-1.51925656381,-1.82039644795,-3.23756999029,,,,,,,-0.667522757397
BLOO35,"POP5",ENSG00000167272,12.830884,,2.08552008936,,,2.9436389631549273,,1.9097326925,,,-1.38180090235,2.08324215383,,,1.26684248195,2.29721953272,,2.3003496449,,3.92090096447,4.82428796565,0.135009957395,,,,-0.18229464691,,-2.18341195249,1.35128213504,1.08790230527,,,1.66261485529,2.15311591269,,,,,3.02921172154,-1.16933806013,1.22464805557,4.53697229288,4.15713927314,,,,,,,-2.43757992423
BLOO36,"POP5",ENSG00000167272,65.128375,,0.985715197981,,,1.9608654718686682,,1.94088289287,,,4.92079061153,4.66150472199,,,-3.47251099251,-3.046844105,,-2.75188763527,,-3.28423054723,-8.02144842485,-6.23767742746,,,,0.934106978989,,12.0443598323,6.03145052697,4.20474108223,,,1.35652402111,5.51532039566,,,,,-10.6563672564,1.69358778245,7.09154510951,-7.67059474456,-5.1881327591,,,,,,,11.5459089464
CHOL21,"POP5",ENSG00000167272,0.760150,,2.07719799167,,,2.121368274461979,,3.08077532353,,,3.75191418875,1.96602748604,,,2.32899772832,1.61968520019,,2.29599509524,,3.01410292829,1.04167670569,2.20126935489,,,,1.04909485649,,0.497001600434,1.76279060156,1.93169143702,,,1.35279871509,0.680561000865,,,,,-1.44305016267,5.63496582134,0.601583996503,1.22541047111,2.46904846766,,,,,,,0.284727334403
CHOL27,"POP5",ENSG00000167272,0.254270,,1.36302966998,,,1.6042041070485265,,2.28487187753,,,3.31310121824,1.55845059226,,,1.43232456976,1.7864580165,,1.6319411091,,2.41168052455,0.221423746381,1.52985971945,,,,0.245403959522,,0.725850208612,1.33662583788,1.30538083683,,,1.08268852684,0.186598241481,,,,,-2.4926739244,5.52428744367,0.357512451861,0.507731573447,1.89729823107,,,,,,,0.228731781942
CHRO01,"POP5",ENSG00000167272,5.932185,,-0.298514684934,,,0.9415124904460874,,-0.321958289042,,,-1.43288634596,0.673911025423,,,-3.31404967873,-0.800270771826,,2.29554955865,,1.49419174422,0.40242113401,-2.14004479939,,,,-3.83008082459,,-0.90165279723,0.50439743239,-0.306387100129,,,0.596511065108,-0.0339367983362,,,,,-0.726755801785,0.745486666016,1.27577420011,1.84414991164,1.45839675112,,,,,,,0.00408587410282
EDUC03,"POP5",ENSG00000167272,7.442192,,3.75495198556,,,4.041564379422796,,3.11243402327,,,1.75946606967,0.711432124436,,,1.49757346806,1.86816169977,,3.30286729395,,2.47293677191,2.67260013116,0.903515391443,,,,-1.19721707556,,2.01424195331,3.52768179856,4.56169989373,,,4.68474715061,3.14198423763,,,,,2.7612499404,1.4087319136,4.74668103363,4.33971100753,2.13127926986,,,,,,,-2.158417556
