code,target,ENSEMBL,association,Adipose_Subcutaneous,Adipose_Visceral_Omentum,Breast_Mammary_Tissue,Muscle_Skeletal,DGN_Whole_Blood,Whole_Blood,Artery_Aorta,Artery_Coronary,Artery_Tibial,Heart_Atrial_Appendage,Heart_Left_Ventricle,Spleen,Brain_Amygdala,Brain_Anterior_cingulate_cortex_BA24,Brain_Caudate_basal_ganglia,Brain_Nucleus_accumbens_basal_ganglia,Brain_Putamen_basal_ganglia,Brain_Cerebellar_Hemisphere,Brain_Cerebellum,Brain_Cortex,Brain_Frontal_Cortex_BA9,Brain_Hippocampus,Brain_Hypothalamus,Brain_Spinal_cord_cervical_c-1,Brain_Substantia_nigra,Nerve_Tibial,Cells_Transformed_fibroblasts,Cells_EBV-transformed_lymphocytes,Colon_Sigmoid,Colon_Transverse,Esophagus_Gastroesophageal_Junction,Esophagus_Mucosa,Esophagus_Muscularis,Liver,Minor_Salivary_Gland,Small_Intestine_Terminal_Ileum,Stomach,Adrenal_Gland,Pituitary,Pancreas,Thyroid,Lung,Ovary,Prostate,Testis,Uterus,Vagina,Skin_Not_Sun_Exposed_Suprapubic,Skin_Sun_Exposed_Lower_leg
ATOP01,"PCNXL3",ENSG00000197136,8.464959,3.52217509599,3.03088149444,,1.23344929012,1.56876671072795,,2.56591913351,,4.07342740515,3.56757154924,,,,,,,,,4.25060096103,,-0.409447625964,,,,,4.03250896262,,,,,5.05797357636,-0.858375743925,3.68777476343,,-2.13693760102,,,,,2.66044854727,3.75766879373,4.56622395927,,,2.63005197676,,,,
BLOO01,"PCNXL3",ENSG00000197136,19.300527,5.95815657329,2.97315571946,,5.68363157194,6.735200681099595,,7.26771250796,,6.69399569521,5.98119485504,,,,,,,,,5.65580364158,,0.83340842484,,,,,7.59478996853,,,,,5.84663856536,3.9359781275,6.73455439107,,0.0472469958796,,,,,3.77552377264,6.98886721046,5.82883376809,,,6.99743156516,,,,
BLOO04,"PCNXL3",ENSG00000197136,9.083931,-1.13121342548,-1.28508875501,,-3.49893964373,-3.810652806768419,,-4.01298888623,,-2.014055819,-2.92977757144,,,,,,,,,-0.906375279276,,-0.71818043141,,,,,-2.49634086347,,,,,-1.43792878231,-1.40903949456,-2.06423756867,,1.0709077846,,,,,-0.091471062829,0.105347654896,-0.302794502608,,,-3.89943942353,,,,
BLOO07,"PCNXL3",ENSG00000197136,21.209433,4.8859102076,4.20729540762,,0.933402112604,2.488559305818036,,6.2494806769,,7.84587454943,5.34451066892,,,,,,,,,5.91893324841,,2.23353322636,,,,,5.96805191894,,,,,5.90693361948,2.36959371827,5.335344167,,0.0323874624248,,,,,2.60310216214,4.44195555998,5.90879125565,,,4.04507929376,,,,
BLOO16,"PCNXL3",ENSG00000197136,16.628932,4.57326239927,3.53135800364,,1.27590232114,2.5497606586875246,,6.34366613456,,7.59888157368,5.07033342937,,,,,,,,,5.69817507363,,1.62627779634,,,,,5.89560426275,,,,,5.73623333638,2.07869389188,5.31580182886,,0.0781987072858,,,,,2.88870898162,4.45742386247,5.63056215169,,,4.05164653182,,,,
BLOO17,"PCNXL3",ENSG00000197136,14.906228,4.61506701151,4.04329889238,,0.581784709471,2.300895827618324,,5.39860958626,,7.25600473388,5.29976544433,,,,,,,,,5.6006195447,,2.00790223375,,,,,5.51377820168,,,,,5.50125429329,1.92280889526,4.92671041736,,0.415372306132,,,,,2.60560091845,4.07624303341,5.57862989888,,,3.92204365748,,,,
BLOO18,"PCNXL3",ENSG00000197136,12.443794,4.27117817015,3.4316512466,,0.684101370084,2.033693737198176,,5.16380477404,,6.7371409748,4.92391973271,,,,,,,,,5.05848325758,,1.59421500126,,,,,5.09305124117,,,,,5.04140543996,1.34821478277,4.61516483924,,0.287111806149,,,,,2.20126005645,3.83420819287,5.10825140913,,,3.50986420716,,,,
BLOO21,"PCNXL3",ENSG00000197136,16.463505,-0.685279053582,-0.412551297296,,-4.91663970771,-4.382101358924652,,-4.80003447204,,-1.65506157253,-2.45848896976,,,,,,,,,-0.29304827842,,-0.382552715628,,,,,-2.4196709503,,,,,-1.08713062826,-1.67606411273,-2.16367329707,,1.91744895772,,,,,-0.386580244151,0.569165140709,0.488956478358,,,-4.82158019259,,,,
BLOO22,"PCNXL3",ENSG00000197136,16.464541,-0.793619471674,-0.488129338412,,-5.45056795578,-4.959793401937898,,-5.24872606355,,-1.83831697509,-2.83096147409,,,,,,,,,-0.401349788879,,0.121748257713,,,,,-2.67756418133,,,,,-1.30221698776,-1.47834961936,-2.42594617605,,2.12946522559,,,,,-0.751287461611,0.382710729933,0.442347961018,,,-5.35695697725,,,,
BLOO23,"PCNXL3",ENSG00000197136,18.598755,0.283317964306,1.05791448592,,-5.58869940782,-4.205650294882225,,-4.34129856945,,-0.48366273219,-1.3985052132,,,,,,,,,0.789556355718,,0.822742387489,,,,,-1.58680236143,,,,,-0.186580501777,-1.19980284809,-1.48266666742,,3.02461547453,,,,,-0.758181874436,1.23205552838,1.65454160595,,,-4.92666654426,,,,
BLOO25,"PCNXL3",ENSG00000197136,10.964650,1.95034178599,1.40376322382,,3.26560174242,2.92111720215214,,2.2697927288,,2.54749731942,1.95349213796,,,,,,,,,2.51760897545,,-0.693360030983,,,,,3.11332036479,,,,,2.69112552511,2.2613222283,2.22272102999,,0.14007431988,,,,,1.53999955425,1.6143556261,2.08914716617,,,3.41486174025,,,,
BLOO26,"PCNXL3",ENSG00000197136,16.042441,2.11586697116,0.644471682629,,4.55620770473,6.31744515400138,,3.87317858203,,2.4187865577,2.75106694598,,,,,,,,,2.57423962336,,-3.60871522278,,,,,3.63297991395,,,,,2.67454106033,0.61744942572,2.8814490927,,-0.535304365327,,,,,1.28051688937,2.82177399276,1.40715528212,,,6.16642701469,,,,
BLOO27,"PCNXL3",ENSG00000197136,10.559044,1.73503481885,0.336038931834,,3.7694601245,5.802683597164942,,3.53804622241,,1.84687082446,2.46076877524,,,,,,,,,1.86969902857,,-3.55146617724,,,,,2.80975621068,,,,,2.01236888812,-0.545994730957,2.61088580959,,-0.870705940873,,,,,0.962241851628,2.6340812975,0.892736994604,,,5.42942090251,,,,
BLOO29,"PCNXL3",ENSG00000197136,18.049348,-8.68715938362,-5.87562942148,,-3.54752989667,-7.0648529155392135,,-7.64785197568,,-7.92400039352,-6.72821022314,,,,,,,,,-8.79179780367,,-2.20577104878,,,,,-8.29921849876,,,,,-8.524411675,-5.05853039305,-8.35409202616,,-3.04200646086,,,,,-2.79554840348,-9.02790719054,-9.00112200007,,,-7.13053429102,,,,
BLOO31,"PCNXL3",ENSG00000197136,12.198624,-4.16592702945,-3.13644465437,,-1.03705284482,-2.2781708620807657,,-5.31224631661,,-6.59728338231,-4.8957105732,,,,,,,,,-5.01991846328,,-1.00704329833,,,,,-5.12234082023,,,,,-5.02460370638,-1.4371804384,-4.70216579064,,-0.449876135041,,,,,-2.51946089032,-3.98848408528,-5.01119408936,,,-3.72046350418,,,,
BLOO33,"PCNXL3",ENSG00000197136,12.750802,2.22388401833,0.395471919233,,5.09206219659,4.363927511889768,,4.22713551682,,3.30632562982,3.58968550135,,,,,,,,,1.92517489377,,0.0150031788241,,,,,4.51941282609,,,,,2.34136105647,2.2230870427,3.45091103257,,-1.44816695894,,,,,2.74189004169,3.06940736765,1.8723945794,,,4.66441183512,,,,
BLOO35,"PCNXL3",ENSG00000197136,17.759401,-5.12522813431,-3.2592751171,,-2.87008393269,-2.8673401910617695,,-3.93989188143,,-5.21269461645,-3.4681636906,,,,,,,,,-4.24951520487,,2.15939163179,,,,,-4.75253460352,,,,,-4.99007728951,-3.78634497427,-3.75849413335,,1.00258821323,,,,,-1.64724155893,-5.04010576267,-5.29375503942,,,-3.28977295542,,,,
BLOO36,"PCNXL3",ENSG00000197136,6.287350,-1.13684282721,-1.30746810338,,-2.88756660636,-3.1749059365499006,,-3.54437451006,,-1.91735271362,-2.53851347468,,,,,,,,,-0.884165812071,,-1.37430171896,,,,,-2.30662873988,,,,,-1.27666505699,-1.79490912633,-1.83713544651,,0.86497747594,,,,,0.296207881849,0.227514843098,-0.374982361047,,,-3.32076287238,,,,
BODY08B,"PCNXL3",ENSG00000197136,7.877391,-1.86972582921,-1.5073838289,,-0.656861691961,0.5980422638352323,,-3.0522769116,,-3.96722832475,-0.555735057178,,,,,,,,,-0.44655315826,,1.18237848344,,,,,-1.63913777529,,,,,-1.15311485337,0.470572846293,-2.42713667942,,4.13531364987,,,,,-2.05652599596,-1.3063234228,-1.86269774657,,,-0.31347468709,,,,
BODY08,"PCNXL3",ENSG00000197136,8.196837,-1.80325331458,-1.56501026225,,-0.861767319903,0.2215140568075278,,-3.02663173878,,-3.83251075118,-0.597504277253,,,,,,,,,-0.404803118181,,1.27467462154,,,,,-1.75522409633,,,,,-1.03463344691,0.302844399893,-2.44868094027,,3.73288267001,,,,,-1.82980065117,-1.21643365466,-1.71119550493,,,-0.485537036007,,,,
DIAB05,"PCNXL3",ENSG00000197136,7.128556,-1.80752668596,-0.595020191372,,-2.40396754061,-2.4398517523978582,,-2.89324312256,,-2.6164863654,-1.38340587535,,,,,,,,,-1.34670412921,,-2.10417939007,,,,,-2.08416417271,,,,,-1.62551135979,-2.87811381349,-2.70261954144,,1.86733116559,,,,,-0.960736037833,-0.179717097869,-0.73671686891,,,-2.93638737922,,,,
HEIG03,"PCNXL3",ENSG00000197136,3.900976,3.97544626369,3.31406271354,,2.36337312591,3.917653750449937,,5.37303797526,,3.22339636838,3.26097797912,,,,,,,,,3.35505556441,,2.68399586587,,,,,1.41553943866,,,,,4.31424752603,2.67902958669,3.00115837186,,-1.05728106103,,,,,1.01661479445,1.85178185724,3.19243148566,,,3.88550790939,,,,
HIPC03,"PCNXL3",ENSG00000197136,5.951752,4.35743611147,2.57255542001,,3.485609733,4.866134502320316,,4.7807136287,,4.12376284859,4.42042720516,,,,,,,,,4.19838480182,,2.1433207712,,,,,3.74885361419,,,,,4.86935574075,3.67595407835,3.91574624211,,-0.967561992883,,,,,0.891464725795,3.50573670993,3.94153862497,,,4.82782315717,,,,
HIPC04,"PCNXL3",ENSG00000197136,6.521491,4.19428910556,2.49447888203,,3.39026950107,4.701540768666594,,4.66148883238,,4.01524012985,4.29568929066,,,,,,,,,4.07654197321,,2.08986915665,,,,,3.64188509007,,,,,4.68500380995,3.68872013969,3.79143134986,,-0.94343224075,,,,,0.923195412331,3.40206514219,3.84324165349,,,4.69497899794,,,,
LEAN04,"PCNXL3",ENSG00000197136,6.505539,-0.40646173001,0.366367205506,,0.777531453661,2.4772434780073054,,0.428979513268,,-1.86542706722,-0.288054815397,,,,,,,,,-0.0343295067599,,0.831102499606,,,,,-0.859749713023,,,,,-0.240159766885,-0.444425641164,-1.13148911828,,2.23417769502,,,,,-0.239437527678,-0.472584172443,-0.615659842921,,,0.532067147072,,,,
LEAN05,"PCNXL3",ENSG00000197136,6.772808,-0.325035043402,0.399240184959,,0.782148100276,2.469137558995222,,0.429184696317,,-1.83515781656,-0.279124394601,,,,,,,,,-0.0121664335491,,0.819428298659,,,,,-0.825817347451,,,,,-0.203770672979,-0.392865525243,-1.14941008791,,2.2558458302,,,,,-0.226626718858,-0.413338709174,-0.559601402464,,,0.527187680158,,,,
LEAN06B,"PCNXL3",ENSG00000197136,6.732406,0.561830296372,0.915831281846,,0.524703339646,3.368667907114677,,0.628605178913,,-1.28566913937,0.898799989764,,,,,,,,,1.08577672541,,1.27196690543,,,,,-0.608317520513,,,,,0.920029482501,0.140332131675,-0.212460928719,,2.54852562458,,,,,0.0708796375484,0.124158178314,0.0242875858731,,,1.04480784512,,,,
LEAN06,"PCNXL3",ENSG00000197136,7.265360,0.302544983097,0.674399621783,,0.695999702536,3.6223045756027465,,0.639863423877,,-1.46298308059,0.478775020343,,,,,,,,,0.853625070616,,1.37461689351,,,,,-0.609308000755,,,,,0.573214951009,0.259409002769,-0.044911937496,,3.15678888614,,,,,-0.531792519185,-0.0233442554696,-0.268897970914,,,1.01060925682,,,,
MENA02F,"PCNXL3",ENSG00000197136,7.755352,0.300275586944,-0.308605617458,,3.71747775505,3.339382631331795,,3.03348744125,,0.66899599337,1.41486915539,,,,,,,,,0.276659762997,,-0.970082505301,,,,,1.0668195312,,,,,0.544928838463,-0.560289624597,1.54405430176,,-0.824975304108,,,,,0.560760550272,-0.0895469637696,-0.539669374234,,,2.73597112985,,,,
OSTE03,"PCNXL3",ENSG00000197136,5.935130,1.60908181931,1.61261458559,,-2.50253348137,-1.6999785393241094,,-0.166205459771,,2.55905489906,1.10113680601,,,,,,,,,2.75678101831,,1.36938843402,,,,,-2.21959563628,,,,,1.17672952793,0.457717136547,0.906385294061,,-0.244615517468,,,,,-2.12983834501,-1.11611055344,3.20501040384,,,-0.831645413144,,,,
OSTE04,"PCNXL3",ENSG00000197136,18.377009,4.20112875482,4.04789572918,,-1.55054015731,-0.6304640978851883,,0.816779874024,,4.46016968505,3.01443785674,,,,,,,,,4.4756058784,,0.568437316979,,,,,2.73645601694,,,,,4.46936571151,0.598566197755,1.3954101884,,-0.77597308022,,,,,-1.06445657738,3.69517249521,5.59435858345,,,0.198657173739,,,,
SCHI01,"PCNXL3",ENSG00000197136,5.791424,-3.415671273,-2.72889542354,,-2.79204715397,-3.7662509146631136,,-3.26597834434,,-2.93440338678,-3.023955488,,,,,,,,,-2.65021514409,,0.623288924591,,,,,-3.44520804956,,,,,-3.33933097494,-2.45370001972,-3.27990734211,,-0.873747601622,,,,,-1.98526694078,-2.74964308504,-2.68940065401,,,-4.40283406308,,,,
URAT01,"PCNXL3",ENSG00000197136,5.976213,5.39187139946,2.12893165853,,-1.31311557903,2.3317494293185583,,2.84600391473,,5.34099001113,0.105876970975,,,,,,,,,5.60351809822,,3.45566910012,,,,,2.41561703189,,,,,5.95014522008,1.72583059848,5.97769470836,,4.08845421066,,,,,0.60683050806,2.96563257271,5.04482106703,,,4.04360461302,,,,
URIN07,"PCNXL3",ENSG00000197136,6.826989,-5.30720529659,-3.37658403647,,-1.54602796727,-4.025609648918086,,-4.39239254996,,-4.71574529946,-5.36547365396,,,,,,,,,-5.20029592527,,-0.885021762352,,,,,-4.299225,,,,,-5.60877157717,-2.99683643811,-4.58282330363,,-1.64097377889,,,,,-1.10047987494,-3.25425086214,-4.60340182016,,,-5.03061280793,,,,
URIN09,"PCNXL3",ENSG00000197136,6.057689,-4.67535729734,-2.88245672964,,-1.72331109169,-3.687468930198315,,-4.07612425909,,-3.79819967277,-4.81354119399,,,,,,,,,-4.48956487325,,-1.8353522388,,,,,-3.72263707673,,,,,-5.01646242642,-2.70236434109,-4.04623944723,,-1.2965428909,,,,,-1.21221647737,-2.47116916365,-3.65843946446,,,-4.58019442865,,,,
