code,target,ENSEMBL,association,Adipose_Subcutaneous,Adipose_Visceral_Omentum,Breast_Mammary_Tissue,Muscle_Skeletal,DGN_Whole_Blood,Whole_Blood,Artery_Aorta,Artery_Coronary,Artery_Tibial,Heart_Atrial_Appendage,Heart_Left_Ventricle,Spleen,Brain_Amygdala,Brain_Anterior_cingulate_cortex_BA24,Brain_Caudate_basal_ganglia,Brain_Nucleus_accumbens_basal_ganglia,Brain_Putamen_basal_ganglia,Brain_Cerebellar_Hemisphere,Brain_Cerebellum,Brain_Cortex,Brain_Frontal_Cortex_BA9,Brain_Hippocampus,Brain_Hypothalamus,Brain_Spinal_cord_cervical_c-1,Brain_Substantia_nigra,Nerve_Tibial,Cells_Transformed_fibroblasts,Cells_EBV-transformed_lymphocytes,Colon_Sigmoid,Colon_Transverse,Esophagus_Gastroesophageal_Junction,Esophagus_Mucosa,Esophagus_Muscularis,Liver,Minor_Salivary_Gland,Small_Intestine_Terminal_Ileum,Stomach,Adrenal_Gland,Pituitary,Pancreas,Thyroid,Lung,Ovary,Prostate,Testis,Uterus,Vagina,Skin_Not_Sun_Exposed_Suprapubic,Skin_Sun_Exposed_Lower_leg
BFPC02B,"C18orf8",ENSG00000141452,8.177414,-4.61180140507,-4.84746304842,-2.83840290608,-4.4515461807,-4.866329940433148,-4.07868950721,,,-4.83683427477,,,,,-4.2218915992,,,,-4.99088894433,-4.70704403111,-4.9537330595,-3.86595063531,,,,,-5.05088681604,-2.79168616059,,,,-3.71657684148,-4.68018966573,-4.18551499726,,,,,,,0.745677728842,-2.76884781745,-4.33467822691,,,,,,-4.68089315824,-4.84482460806
BFPC02F,"C18orf8",ENSG00000141452,6.069204,-3.28124210947,-3.3030428902,-1.62329891587,-2.99278396013,-3.6781284889487105,-2.75325609365,,,-3.27109283917,,,,,-3.07600753394,,,,-3.36173296205,-2.89509131997,-3.1856610803,-2.65768318674,,,,,-3.45072957984,-0.90285359394,,,,-3.73146303961,-2.76794079194,-3.16088250952,,,,,,,1.390559693,-1.40737673672,-2.62924161404,,,,,,-2.86768785505,-3.1049771287
BFPC02,"C18orf8",ENSG00000141452,8.689307,-4.6143285098,-4.82313111287,-2.65304734313,-4.43860780947,-4.912415446792088,-4.04543474792,,,-4.80632834732,,,,,-4.26141229354,,,,-4.94644441046,-4.59625029123,-4.87560579754,-3.82395291019,,,,,-5.02168570894,-2.52891435635,,,,-4.02842022233,-4.53632543321,-4.23479270409,,,,,,,1.00932075472,-2.71490588386,-4.26757152248,,,,,,-4.55158495532,-4.74869833946
BFPC03B,"C18orf8",ENSG00000141452,8.648610,-4.41319013279,-4.67069695413,-2.7625367708,-4.3090039551,-4.692741798681523,-3.93535484606,,,-4.6837214056,,,,,-4.09436474009,,,,-4.824770318,-4.55178698768,-4.78266264105,-3.84352842898,,,,,-4.88432660645,-2.58333018925,,,,-3.58888620929,-4.50135942325,-4.04221757923,,,,,,,0.738772581514,-2.68539734639,-4.17607313196,,,,,,-4.52046771934,-4.68198763347
BFPC03,"C18orf8",ENSG00000141452,8.152810,-4.36729890719,-4.60894090171,-2.55980866303,-4.26313742642,-4.701994009172125,-3.86817824152,,,-4.62356232454,,,,,-4.10609740278,,,,-4.7445487927,-4.41030259355,-4.66623488477,-3.77923651873,,,,,-4.81947994036,-2.27474170651,,,,-3.87047196506,-4.31774861761,-4.0624381966,,,,,,,0.972086363832,-2.62190832751,-4.07996515809,,,,,,-4.35235808058,-4.55092561661
BFPC04B,"C18orf8",ENSG00000141452,17.572206,-7.74522949888,-8.31335757409,-5.36262069996,-7.44658041008,-8.560581552000993,-7.31173453375,,,-8.23721160457,,,,,-7.08566349232,,,,-8.47425821936,-8.3176429661,-8.51216235089,-6.61329423453,,,,,-8.44843882866,-5.35042357362,,,,-5.30371919015,-8.16474078892,-7.51420976391,,,,,,,-0.189825888162,-5.16330144068,-7.01244065525,,,,,,-8.22581173136,-8.37596239731
BFPC04F,"C18orf8",ENSG00000141452,10.836272,-5.37768043715,-5.54870266873,-3.32490218438,-5.29055864391,-6.007910165335105,-4.60704152395,,,-5.58623112648,,,,,-4.95922830779,,,,-5.75012373085,-5.4516657624,-5.59641199194,-4.41805991067,,,,,-5.72852429097,-1.87564221393,,,,-4.42428392534,-5.22503970062,-5.57482462732,,,,,,,0.253863400603,-3.21639756421,-4.66919846086,,,,,,-5.29539204065,-5.46032885301
BFPC04M,"C18orf8",ENSG00000141452,14.844057,-6.16487344913,-6.80757744515,-4.60820530637,-5.82678653075,-6.758204099958826,-6.22219343265,,,-6.66965666927,,,,,-5.60574002697,,,,-6.85926050778,-6.89685233532,-7.04347182136,-5.41387790303,,,,,-6.8415806898,-5.83437672691,,,,-3.58706355882,-6.8785774028,-5.67548471364,,,,,,,-0.48030280445,-4.42466810472,-5.7518216496,,,,,,-6.90295094972,-6.97023672535
BFPC04,"C18orf8",ENSG00000141452,21.043145,-7.59319167264,-8.10780307523,-5.1126692053,-7.31093712967,-8.419733257168094,-7.06461583706,,,-8.05669063218,,,,,-6.96690981182,,,,-8.28232356374,-8.09309096586,-8.28447098755,-6.46329356615,,,,,-8.25440291948,-4.85101229994,,,,-5.34952033336,-7.91228855731,-7.4549682916,,,,,,,-0.0947669682499,-4.98660451154,-6.85109545718,,,,,,-7.97944275764,-8.13823254486
BLOO06,"C18orf8",ENSG00000141452,13.878014,6.12570032046,6.34636577208,4.19044478554,5.21347196138,6.030569261749267,6.4053079375,,,6.65951435234,,,,,6.44824651122,,,,6.50704692744,6.30289278543,6.40653172284,3.57692726517,,,,,6.56713972606,4.19694584768,,,,4.55695693321,5.68782081192,7.51765095573,,,,,,,0.495702818871,5.21079124874,6.71656991319,,,,,,5.7031434913,6.02103751147
BLOO09,"C18orf8",ENSG00000141452,13.529590,6.0552074466,6.26498445867,4.19216553089,5.20079978001,5.916883916680578,6.40994790654,,,6.63417891034,,,,,6.44262594996,,,,6.47436045409,6.26117666747,6.368579621,3.6625741002,,,,,6.52893738653,4.14671117651,,,,4.48572727804,5.60809167073,7.44187193961,,,,,,,0.379938482875,5.11388547366,6.72726615406,,,,,,5.6263444805,5.97180420088
BLOO10,"C18orf8",ENSG00000141452,12.091526,5.91081039096,6.14213943288,4.05923419713,5.17469745743,5.790112059475519,6.31550291512,,,6.5681830212,,,,,6.40542912564,,,,6.37253816885,6.15841696625,6.23986422305,3.56925857545,,,,,6.4297473299,3.91198282227,,,,4.37843476056,5.44525987023,7.33681459933,,,,,,,0.305834287407,5.11144735887,6.6061434625,,,,,,5.46402968771,5.83044172189
BLOO12,"C18orf8",ENSG00000141452,11.993534,5.85529590742,6.00417515313,3.91602945179,5.09461620206,5.696525457439721,5.93761004862,,,6.47241755328,,,,,6.26602590043,,,,6.33142552675,6.12794905692,6.22292089818,4.18640571605,,,,,6.36429959928,3.62732584245,,,,4.74403882499,5.46132497887,7.17741650347,,,,,,,-0.266123736923,4.77809811454,6.43226260414,,,,,,5.65715664766,5.81467242587
BLOO13,"C18orf8",ENSG00000141452,13.263508,5.99153204186,6.20999749925,4.13706362355,5.16069189913,6.012459988191374,6.33282433702,,,6.57133620396,,,,,6.38303157879,,,,6.39131324982,6.19899120245,6.28822096904,3.47630896486,,,,,6.45463647835,4.11136938533,,,,4.48070747169,5.54299769577,7.37081201425,,,,,,,0.614361810162,5.08385564826,6.61642236349,,,,,,5.56424177042,5.89428612242
BLOO30,"C18orf8",ENSG00000141452,12.057679,6.1299656839,6.35807958356,4.17572304054,5.22662144416,6.146818885401735,6.45402640701,,,6.67837975372,,,,,6.48453782865,,,,6.54359820846,6.30829786458,6.43391438524,3.7215556988,,,,,6.59509484263,4.18455724437,,,,4.54811846396,5.69087812605,7.56823534463,,,,,,,0.245650491649,5.2177408733,6.80307052535,,,,,,5.69730314495,6.04161646898
BODY03,"C18orf8",ENSG00000141452,12.430685,-6.12628941392,-6.44524062565,-4.58852080816,-6.18081315665,-6.589919840179203,-6.78398736618,,,-6.81806930503,,,,,-6.29676804599,,,,-6.83016944229,-6.53719934855,-6.68933557427,-4.91992861521,,,,,-6.52935840403,-6.03577832684,,,,-3.36854311523,-6.27203708946,-6.28360875585,,,,,,,-0.690690714579,-4.04692742114,-6.20055112196,,,,,,-6.09252318203,-6.31520194579
BODY04F,"C18orf8",ENSG00000141452,11.359847,-6.59393766544,-6.81442347991,-5.25714690497,-6.08595670912,-7.089489541998733,-6.66057157911,,,-7.02661743576,,,,,-6.09983435816,,,,-7.00221268516,-6.98505734573,-6.90700261895,-4.7004669574,,,,,-6.92710237962,-5.42828745852,,,,-3.88239845278,-6.48418597134,-6.62910531961,,,,,,,-1.26433302273,-3.70543121224,-6.60329866975,,,,,,-6.49840562544,-6.65556656401
BODY04,"C18orf8",ENSG00000141452,12.355404,-6.43841193423,-6.77126738349,-4.85664249369,-6.45656038773,-6.953779411898334,-7.07577761972,,,-7.14526740817,,,,,-6.56430993361,,,,-7.14096880615,-6.9182058322,-7.06114271961,-5.21308023141,,,,,-6.84011064843,-6.39118544527,,,,-3.41099114101,-6.56654820631,-6.63295967871,,,,,,,-0.739792745727,-4.24862325889,-6.55319331959,,,,,,-6.42305295398,-6.66675919242
BODY06B,"C18orf8",ENSG00000141452,8.840282,-4.82100644474,-5.09567741818,-3.74805197369,-4.76420287419,-5.006626826681762,-4.56522181923,,,-5.35341528243,,,,,-4.67033761416,,,,-5.29075118768,-5.24066355049,-5.31862599062,-4.4590366644,,,,,-5.30043584042,-3.7576664512,,,,-3.10960111858,-4.94129787115,-4.36758572186,,,,,,,-0.84014850652,-3.51783029126,-4.72578304369,,,,,,-4.96090566105,-5.18485584072
BODY06,"C18orf8",ENSG00000141452,8.177407,-4.85569814046,-5.09870450448,-3.50625745175,-4.74952695619,-5.05427693732814,-4.55582604948,,,-5.32908726734,,,,,-4.70353219128,,,,-5.27013858653,-5.15725894052,-5.27027688486,-4.36629150817,,,,,-5.29655897177,-3.59999723246,,,,-3.28248052942,-4.84953311769,-4.35682745219,,,,,,,-0.485203495618,-3.48382830201,-4.68607477012,,,,,,-4.88286983439,-5.13675922602
BODY07B,"C18orf8",ENSG00000141452,7.172792,-4.54878894825,-4.86123154858,-3.57669294384,-4.5771695062,-4.778366579518367,-4.36205473159,,,-5.14244926949,,,,,-4.50093570079,,,,-5.07030822448,-5.02026425274,-5.08918552943,-4.39476909569,,,,,-5.08287891126,-3.52642729657,,,,-2.92731293961,-4.71094294872,-4.15477585488,,,,,,,-0.786309452567,-3.39324229074,-4.51404673929,,,,,,-4.73888692433,-4.95337465678
BODY07,"C18orf8",ENSG00000141452,7.116782,-4.5297491771,-4.82279710191,-3.29830167852,-4.52449564284,-4.7847821873413805,-4.31642292188,,,-5.08135311979,,,,,-4.50144328669,,,,-5.00900548517,-4.89821563009,-4.99750418891,-4.28319802183,,,,,-5.0379417402,-3.33334191564,,,,-3.06146298956,-4.57790895171,-4.11537861028,,,,,,,-0.444279489429,-3.34102115316,-4.44230943772,,,,,,-4.6164978594,-4.86414178767
BODY08B,"C18orf8",ENSG00000141452,20.169078,-7.1607640891,-7.81852902911,-6.00692802298,-6.77348052731,-7.823955695673298,-7.01270788052,,,-7.73667132158,,,,,-6.48836945862,,,,-7.90752727349,-8.03090852273,-8.11856449913,-6.67351425331,,,,,-7.76917883671,-6.27448757237,,,,-3.63299461644,-7.93493709693,-6.85472766323,,,,,,,-1.70347282428,-5.12807967904,-6.55779137399,,,,,,-7.96035103975,-8.1426983698
BODY08F,"C18orf8",ENSG00000141452,9.381022,-4.75324804252,-5.11940841643,-3.49638058594,-4.43541819729,-5.221056991120964,-4.24264480416,,,-4.9986893528,,,,,-4.13750835649,,,,-5.22947428489,-5.18409295421,-5.29224997808,-4.5205193013,,,,,-5.11458752154,-3.05777792993,,,,-2.4789956186,-5.25684836226,-4.68464735019,,,,,,,-0.656779030486,-2.69915537783,-4.17506197184,,,,,,-5.32075217689,-5.40742625138
BODY08M,"C18orf8",ENSG00000141452,12.575363,-5.77874353195,-6.36955321176,-5.2659285865,-5.52024533163,-6.2901634584653126,-6.01223720407,,,-6.36020684833,,,,,-5.38079493431,,,,-6.39807501256,-6.60633851626,-6.63447404358,-5.30894265177,,,,,-6.3059704045,-6.01034607578,,,,-2.87328810782,-6.41243426755,-5.41677513489,,,,,,,-1.77944694292,-4.73979370914,-5.44390356507,,,,,,-6.39275837825,-6.56906098645
BODY08,"C18orf8",ENSG00000141452,17.750826,-7.04408578612,-7.64996173377,-5.73578490668,-6.58627261475,-7.706775428030911,-6.79199343028,,,-7.5713745709,,,,,-6.34988435914,,,,-7.75695419067,-7.85193419393,-7.94396318444,-6.57942575712,,,,,-7.61523454407,-5.92170711345,,,,-3.57945821267,-7.77546036831,-6.7710082462,,,,,,,-1.59260176518,-4.85409252556,-6.39728303937,,,,,,-7.808023599,-7.98627195445
EDUC01F,"C18orf8",ENSG00000141452,5.739428,4.28098164979,4.42057615543,2.13336971952,4.11721821327,4.308155328128235,4.20482632167,,,4.33823756059,,,,,4.18557286007,,,,4.63912488074,4.4172005762,4.57685986201,3.39708456181,,,,,4.66672048837,3.30490670952,,,,3.74721934535,4.25655354044,4.2408503881,,,,,,,-1.11146635748,2.48205714828,3.25647611037,,,,,,4.2856813003,4.36062177052
EDUC01M,"C18orf8",ENSG00000141452,6.562551,4.39536950543,4.57152116118,1.9523187301,4.0905990517,4.071089569771722,4.60007440826,,,4.46753237967,,,,,4.25085483653,,,,4.59455925946,4.39538656067,4.6730048084,2.64328557949,,,,,4.5553619261,3.98255775617,,,,3.00004964148,4.07249552198,4.90765255581,,,,,,,-2.48724966645,3.60248477166,4.14697294522,,,,,,4.36903233362,4.32509130241
EDUC01,"C18orf8",ENSG00000141452,11.675491,6.04902156363,6.24826393961,2.90648405326,5.74635632109,5.782121045205478,6.15822363605,,,6.10553470347,,,,,5.8704271242,,,,6.42313832567,6.12436765362,6.42467979704,4.28140452494,,,,,6.41946061167,4.87587489285,,,,4.44516681528,5.78722384289,6.20750375362,,,,,,,-2.51601785118,4.23799226321,5.1333880372,,,,,,6.01035971496,6.017460407
EDUC02,"C18orf8",ENSG00000141452,6.115664,3.42452393477,3.36993966058,1.2421697114,3.43287836854,3.2723418137258173,3.23885826379,,,3.12787274073,,,,,3.13054542513,,,,3.41630874408,2.8792064741,3.31137674674,1.71671257407,,,,,3.40899940566,2.83937694019,,,,3.36458410384,2.99022836197,2.93443569312,,,,,,,-3.31080763844,1.65193563583,2.315511332,,,,,,3.05715952902,3.24326801768
EDUC03,"C18orf8",ENSG00000141452,20.143060,8.06633486727,8.55403848447,5.39778088153,7.55703235184,7.857434652560153,8.02169324449,,,8.61540267405,,,,,8.12694424187,,,,8.7021482754,8.55077061995,8.68646230269,5.81728277111,,,,,8.76851965188,6.10010628337,,,,6.59274834095,7.74575562911,8.14451658694,,,,,,,-1.28413702693,5.731154891,7.72869676594,,,,,,7.84291741434,8.04243737896
FATM02B,"C18orf8",ENSG00000141452,11.166006,-5.62805464947,-5.87605743549,-3.64954132455,-5.39454818274,-5.9429959738887455,-4.72145594581,,,-5.93824213218,,,,,-5.15495614924,,,,-6.06674826937,-5.837237386,-6.08177104294,-5.21887750458,,,,,-6.10510364655,-3.09753704923,,,,-4.73619643101,-5.77581379802,-5.30155848338,,,,,,,0.581217844601,-3.54661430693,-5.49522433957,,,,,,-5.83334994783,-5.93547067055
FATM02F,"C18orf8",ENSG00000141452,6.681770,-3.9370898201,-3.95538769371,-1.75047154052,-3.69238115636,-4.288642250792445,-3.15252926655,,,-4.00333654254,,,,,-3.75967640736,,,,-4.06163050772,-3.55797947178,-3.87805646875,-3.32423320461,,,,,-4.14229990026,-1.10718737916,,,,-4.39766907789,-3.44440925774,-3.74294077774,,,,,,,1.66807877555,-2.04646554195,-3.56937841652,,,,,,-3.48846818956,-3.72608238745
FATM02M,"C18orf8",ENSG00000141452,6.246593,-4.08342449656,-4.37883747136,-3.24299146588,-3.97433468437,-4.212126914214937,-3.53913758214,,,-4.42082984691,,,,,-3.625710162,,,,-4.53768582317,-4.62795705216,-4.69400552888,-4.03159068489,,,,,-4.52521725735,-3.03846570233,,,,-2.62781526252,-4.63601004186,-3.8218857853,,,,,,,-0.523670933666,-2.89826132013,-4.19171840621,,,,,,-4.67470442608,-4.62462168385
FATM02,"C18orf8",ENSG00000141452,12.672008,-5.6436718027,-5.85349746864,-3.3894537659,-5.40077399301,-5.9769381517935,-4.70312026735,,,-5.92296145879,,,,,-5.22817503893,,,,-6.02996292915,-5.71573261789,-5.99984470453,-5.12916091132,,,,,-6.08771194984,-2.83958669142,,,,-5.05625284284,-5.62102754534,-5.31941367658,,,,,,,0.924931452465,-3.52458828831,-5.46347545281,,,,,,-5.67502483839,-5.82050724721
FATM03B,"C18orf8",ENSG00000141452,12.833274,-5.3845115827,-5.65915150266,-3.52144403865,-5.22093839548,-5.727359048364846,-4.52478153339,,,-5.7390983267,,,,,-4.99095758721,,,,-5.85829656386,-5.63309209165,-5.86511545902,-5.16599757069,,,,,-5.89688038342,-2.84721140672,,,,-4.57087768365,-5.55713429071,-5.10922915112,,,,,,,0.598776317464,-3.43872831767,-5.29746956438,,,,,,-5.62898505592,-5.71992158357
FATM03F,"C18orf8",ENSG00000141452,5.645124,-3.58656810488,-3.66517814986,-1.62023897619,-3.45527849194,-4.002225350362159,-2.88654731883,,,-3.74543263674,,,,,-3.53485883167,,,,-3.78199061664,-3.29915897933,-3.58396053138,-3.25496921005,,,,,-3.86082481532,-0.75909166825,,,,-4.15598756968,-3.15319593178,-3.47849913929,,,,,,,1.57381798373,-1.89301157276,-3.31607122799,,,,,,-3.21047869085,-3.44179147246
FATM03M,"C18orf8",ENSG00000141452,6.576508,-4.03855560279,-4.32299883076,-3.18497624915,-3.93237468564,-4.152519365297753,-3.49120514568,,,-4.36254845846,,,,,-3.58436824931,,,,-4.48442520076,-4.56723115723,-4.64292367523,-4.01641477746,,,,,-4.4731684411,-2.99524732477,,,,-2.58962870563,-4.58269414463,-3.77599718065,,,,,,,-0.44097276888,-2.87983591861,-4.13317725456,,,,,,-4.62901354576,-4.56817222307
FATM03,"C18orf8",ENSG00000141452,11.819014,-5.34426121641,-5.59400588099,-3.23354014989,-5.18881443415,-5.717198856686184,-4.46695673593,,,-5.68646477054,,,,,-5.03023067464,,,,-5.77872141906,-5.47333817853,-5.7376881828,-5.05242088346,,,,,-5.83644346448,-2.54357083466,,,,-4.85008074103,-5.35750383738,-5.09443318185,,,,,,,0.91340763095,-3.40154421964,-5.23373223355,,,,,,-5.4249329309,-5.56183793385
FATM04B,"C18orf8",ENSG00000141452,23.704873,-8.40387493493,-8.99167667253,-5.89326800427,-7.94834270329,-9.207217129193864,-7.34496233514,,,-8.78182788653,,,,,-7.43248081729,,,,-9.10679705104,-8.9714192192,-9.25345695372,-7.74142461548,,,,,-9.03072322726,-5.19358744172,,,,-5.91522822801,-8.99480189381,-8.27373838841,,,,,,,0.224221543071,-5.667415506,-7.81330631419,,,,,,-9.14282599226,-9.17635002261
FATM04F,"C18orf8",ENSG00000141452,14.421361,-6.00056743999,-6.19063392097,-3.46424856111,-5.74344608242,-6.548733448397347,-4.85258659568,,,-6.206064192,,,,,-5.432717699,,,,-6.40088026267,-6.09789482815,-6.33497182812,-5.40169602036,,,,,-6.36759897646,-2.01891419655,,,,-4.92801129557,-6.02055792809,-6.13279373557,,,,,,,0.743699978339,-3.54624800933,-5.51290793491,,,,,,-6.11023565228,-6.19050806287
FATM04M,"C18orf8",ENSG00000141452,15.489978,-6.48805173326,-7.13715078567,-5.18208948459,-6.08116429481,-7.129658169211952,-6.00520827125,,,-6.83465890202,,,,,-5.63132251704,,,,-7.11732088814,-7.18852740436,-7.37584102662,-6.08508337006,,,,,-7.04053482584,-5.45095436013,,,,-3.96705568026,-7.28658593313,-6.19627356987,,,,,,,-0.32340642863,-4.80138169678,-6.08839072255,,,,,,-7.41445274291,-7.39213914642
FATM04,"C18orf8",ENSG00000141452,21.998742,-8.32801820773,-8.85123371773,-5.61053848062,-7.84795652231,-9.12235073716841,-7.18323097631,,,-8.68792176731,,,,,-7.39766733398,,,,-8.99445745576,-8.82100152276,-9.10594170985,-7.64885265051,,,,,-8.9217290942,-4.78488508497,,,,-5.98956425243,-8.81809500667,-8.25234043658,,,,,,,0.345737235959,-5.49638194778,-7.73374634592,,,,,,-8.96124582209,-9.00649767233
GLYC18,"C18orf8",ENSG00000141452,5.752223,-4.41140560255,-4.31591371693,-2.63115409295,-3.87985627313,-4.712421435501222,-4.36736681637,,,-4.44284133635,,,,,-3.80601759132,,,,-4.48679404511,-4.49951494939,-4.41358545549,-2.33581180801,,,,,-4.26273821337,-3.47718873788,,,,-3.93250091345,-4.24604808507,-4.44487532537,,,,,,,-0.670824052591,-1.7485331691,-3.93521039208,,,,,,-4.17422736043,-4.27067771013
HEIG03,"C18orf8",ENSG00000141452,6.617191,-3.69738859035,-3.66107480564,-3.19854696424,-3.20717028726,-3.953546645564499,-3.24264028001,,,-3.03523981757,,,,,-2.73102301277,,,,-3.61123009134,-3.23197816307,-3.58507556113,-2.85525795962,,,,,-3.2197792903,-0.299808372936,,,,-5.1477025278,-3.69314794857,-3.63584519454,,,,,,,2.84343439307,-1.97866007324,-3.88420644344,,,,,,-3.76273712222,-3.72752470794
HIPC01F,"C18orf8",ENSG00000141452,12.804599,-6.29979108264,-6.91637880715,-5.05960978944,-5.63858857864,-6.864276639114109,-6.29036503768,,,-6.44753535455,,,,,-5.28056265146,,,,-6.62893647041,-6.64742430088,-6.67789351119,-5.38351018805,,,,,-6.42629608912,-4.98836108768,,,,-4.31118067211,-6.58164723991,-5.99405447068,,,,,,,-0.23505275744,-3.48280267259,-6.00317222547,,,,,,-6.59040801653,-6.78261180073
HIPC01,"C18orf8",ENSG00000141452,13.816104,-6.43855609276,-7.02273166278,-5.27731244804,-6.03010504867,-7.274534833227225,-6.74425890863,,,-6.70693520034,,,,,-5.66914425033,,,,-6.92713780637,-6.82885960613,-6.95428211005,-5.61733224462,,,,,-6.58168208941,-5.00660546133,,,,-4.18617768459,-6.78625088294,-6.19357206209,,,,,,,0.173913402654,-4.10434151296,-6.32847545607,,,,,,-6.70767195561,-6.90971883835
HIPC02F,"C18orf8",ENSG00000141452,13.386835,-6.11327364223,-6.74935292919,-4.92553422029,-5.47036419569,-6.633627931386669,-6.13176332367,,,-6.25046931337,,,,,-5.11615993167,,,,-6.44740609987,-6.36331539569,-6.40834584119,-5.19221367775,,,,,-6.22918491427,-4.78422495667,,,,-4.14637528894,-6.41623741906,-5.72856956673,,,,,,,-0.229145409382,-3.38662833901,-5.85368638127,,,,,,-6.36831694221,-6.54988991902
HIPC02,"C18orf8",ENSG00000141452,14.554411,-6.23482588453,-6.76425893066,-5.12597355578,-5.83876618204,-6.938459303818666,-6.55816068424,,,-6.48957346161,,,,,-5.48256778445,,,,-6.72269727503,-6.51360130689,-6.64551478515,-5.44374768032,,,,,-6.36915045466,-4.75131678169,,,,-4.03118416524,-6.60044048315,-5.97484334557,,,,,,,0.169151568985,-3.88998847139,-6.0519988497,,,,,,-6.48662871152,-6.67529472883
LEAN04B,"C18orf8",ENSG00000141452,10.824025,-5.89392177878,-5.95348268256,-3.85991820355,-5.69958035515,-6.23469094492582,-4.36969439795,,,-6.06028575045,,,,,-5.40533301352,,,,-6.13819662207,-5.85756592051,-6.14600382073,-5.97171112115,,,,,-6.11554647801,-1.83231820618,,,,-5.78567895559,-5.72521032639,-5.67711958437,,,,,,,1.31609460432,-3.85777532043,-6.27826814809,,,,,,-5.92727993242,-5.94357256641
LEAN04F,"C18orf8",ENSG00000141452,6.205233,-4.55585211621,-4.60489086881,-2.24285862642,-4.68846376885,-4.779782305684296,-3.52095193594,,,-4.67418938652,,,,,-4.34682878015,,,,-4.72454953981,-4.26324118388,-4.61794903341,-4.19848037209,,,,,-4.75489367401,-1.13845496482,,,,-4.64951149254,-4.17052702063,-4.15481336196,,,,,,,2.0931100665,-2.99081951666,-4.99771290039,,,,,,-4.24254296244,-4.3846129211
LEAN04M,"C18orf8",ENSG00000141452,5.679065,-4.12436756242,-4.16230811841,-3.72360439911,-3.59398844463,-4.417513409890794,-2.85734825405,,,-4.2546398578,,,,,-3.54705919796,,,,-4.32351943884,-4.46662778811,-4.48567618801,-4.7590419942,,,,,-4.24092871657,-1.6687225238,,,,-3.80085186996,-4.36199238945,-4.29623100529,,,,,,,-0.578754183298,-2.68959746887,-4.19024765727,,,,,,-4.61998777143,-4.45151158994
LEAN04,"C18orf8",ENSG00000141452,10.411672,-5.63368343945,-5.67597904236,-4.21670583706,-5.2348224678,-5.982697157995613,-4.09362307211,,,-5.80100807753,,,,,-5.07966606867,,,,-5.86449060287,-5.76495988612,-5.93999755003,-5.97060169816,,,,,-5.81595222253,-1.9075329835,,,,-5.45235316163,-5.5866445226,-5.59576539423,,,,,,,0.488182817179,-3.70683553745,-5.87815400751,,,,,,-5.85280787907,-5.78786549463
LEAN05B,"C18orf8",ENSG00000141452,9.611828,-5.65166973108,-5.75245653302,-3.64171759767,-5.52041638272,-6.024043636225904,-4.1839940046,,,-5.85609682561,,,,,-5.25667582891,,,,-5.92899096306,-5.63783245697,-5.92646640381,-5.92442158296,,,,,-5.9055677054,-1.63116009599,,,,-5.60460305461,-5.50133272498,-5.50056993055,,,,,,,1.4214291209,-3.777726097,-6.13122903191,,,,,,-5.7065462664,-5.70713407252
LEAN05F,"C18orf8",ENSG00000141452,5.820018,-4.27954275612,-4.3849272961,-1.9935191359,-4.47343549709,-4.543959252884374,-3.32317784822,,,-4.44813087044,,,,,-4.17989320981,,,,-4.48807268133,-4.02255168339,-4.37144966184,-4.16013979759,,,,,-4.51529167806,-0.938620263686,,,,-4.42205709858,-3.92205218309,-3.97074422192,,,,,,,2.150424664,-2.89693954428,-4.85307483232,,,,,,-3.99562970482,-4.12278899909
LEAN05M,"C18orf8",ENSG00000141452,6.337525,-4.09660864421,-4.12927151965,-3.70596745706,-3.58793955662,-4.390938756700654,-2.8132775011,,,-4.22491198684,,,,,-3.52908331599,,,,-4.2997356603,-4.43277828076,-4.45923249275,-4.75214703569,,,,,-4.21952246986,-1.59917956491,,,,-3.81072862077,-4.33109858978,-4.25909365592,,,,,,,-0.482481187848,-2.69008673393,-4.1468532079,,,,,,-4.59437790516,-4.41683324161
LEAN05,"C18orf8",ENSG00000141452,10.209349,-5.48351343432,-5.54891045865,-4.07730157827,-5.13730942718,-5.855498462551654,-3.96801976287,,,-5.67479134292,,,,,-4.99300344799,,,,-5.73825323553,-5.62498835806,-5.80525786571,-5.94964780242,,,,,-5.6903072572,-1.74921236093,,,,-5.36012415156,-5.44624544899,-5.49262105672,,,,,,,0.614820966281,-3.6662956745,-5.78150619707,,,,,,-5.71464478183,-5.6380481316
LEAN06B,"C18orf8",ENSG00000141452,17.651384,-6.90048918885,-7.24909166319,-4.85698461048,-6.30141439064,-7.407516746605196,-4.68774107681,,,-6.8766667016,,,,,-5.72390112158,,,,-7.28341444965,-7.10633771911,-7.51804533495,-7.64030329097,,,,,-7.14362361435,-1.95160776846,,,,-5.90090654737,-7.43623540061,-6.96774148642,,,,,,,1.47639186572,-4.34746069098,-7.39473095061,,,,,,-7.71909440639,-7.60656093666
LEAN06F,"C18orf8",ENSG00000141452,10.622257,-5.25187131107,-5.49316500142,-3.15253951413,-5.00244076939,-5.634319263151214,-3.55342157888,,,-5.32022679582,,,,,-4.49365847333,,,,-5.6421299878,-5.35874962568,-5.76788790062,-6.01980821356,,,,,-5.57339713523,-1.03926277602,,,,-4.66341274169,-5.68844867096,-5.21900549279,,,,,,,1.70311015806,-3.14343163457,-5.81467975214,,,,,,-5.82513629149,-5.77497764169
LEAN06M,"C18orf8",ENSG00000141452,12.475578,-5.22245439507,-5.52290686907,-4.52590642082,-4.44325300812,-5.611491294041724,-3.5676766878,,,-5.06770414484,,,,,-4.11447210325,,,,-5.35700135249,-5.45574385008,-5.617626675,-5.46063825175,,,,,-5.19194471724,-2.1770897447,,,,-4.19396667574,-5.58422456826,-5.40430069409,,,,,,,0.208169651193,-3.54688611165,-5.30103956431,,,,,,-5.92100059374,-5.77993413531
LEAN06,"C18orf8",ENSG00000141452,18.784786,-7.00838903924,-7.32062528203,-5.30029009904,-6.13514499077,-7.509128767700055,-4.75148975614,,,-6.87829448047,,,,,-5.6826654326,,,,-7.28288132374,-7.21077747014,-7.5507377437,-7.55125097378,,,,,-7.113924461,-2.3370476483,,,,-5.81894713169,-7.48192782778,-7.12434402965,,,,,,,1.01303134544,-4.47671769301,-7.28292647707,,,,,,-7.81508181538,-7.69298855469
OBES01,"C18orf8",ENSG00000141452,5.687844,-3.88993759899,-4.49557891648,-3.42663579218,-3.29039480642,-4.196138654805693,-4.42210477776,,,-4.47523952287,,,,,-3.60211085521,,,,-4.42851710808,-4.47028154958,-4.55376027973,-3.30969597458,,,,,-4.32703433906,-4.41289458324,,,,-1.63667647975,-4.57249807305,-4.39724482274,,,,,,,-0.868143384479,-3.50423164172,-4.43796899349,,,,,,-4.26684742682,-4.52706702242
WAIS01F,"C18orf8",ENSG00000141452,6.681040,-4.39702413039,-4.83814844339,-4.19170113697,-4.48980909705,-5.057251351982633,-4.53607845683,,,-4.62610759992,,,,,-4.02789466131,,,,-4.72912900795,-4.71685205557,-4.69607538324,-2.9743043442,,,,,-4.64094069452,-3.02039548809,,,,-3.57244549698,-4.38439201571,-4.63163772618,,,,,,,0.32747910661,-2.50348137442,-4.44822152155,,,,,,-4.54538504439,-4.70247048124
WAIS01,"C18orf8",ENSG00000141452,9.724827,-5.07002347327,-5.72719424167,-4.76050341013,-5.39660990103,-6.116672384193497,-5.6831188937,,,-5.59774144498,,,,,-4.95903815826,,,,-5.71926524478,-5.617236354,-5.70055474287,-4.18911475259,,,,,-5.43287164616,-3.84811320942,,,,-3.77739689,-5.43030884212,-5.41885872116,,,,,,,0.251850086979,-3.33022878102,-5.47327551982,,,,,,-5.4008945221,-5.56757982478
WAIS02F,"C18orf8",ENSG00000141452,6.948384,-4.26427025642,-4.73469475492,-4.07645581181,-4.35337874239,-4.928010549494885,-4.41673044928,,,-4.48011281572,,,,,-3.8999384645,,,,-4.59457193417,-4.5301973128,-4.51594634897,-2.85722255134,,,,,-4.49414945794,-2.89241248927,,,,-3.47555410868,-4.26938496642,-4.43111525804,,,,,,,0.318888996665,-2.45565646012,-4.37829415137,,,,,,-4.39080749757,-4.54124992574
WAIS02,"C18orf8",ENSG00000141452,9.637084,-4.86873485657,-5.4333831124,-4.5994224187,-5.18805639424,-5.733880282474116,-5.50105960402,,,-5.37226678039,,,,,-4.75721440047,,,,-5.51654191503,-5.29352261215,-5.37427660238,-3.97782985894,,,,,-5.21461006533,-3.58390051768,,,,-3.63455910886,-5.25752883063,-5.10036059886,,,,,,,0.243836788087,-3.05717913262,-5.14334265952,,,,,,-5.15232597911,-5.29280090943
WEIG04F,"C18orf8",ENSG00000141452,5.966014,-4.28844803057,-3.52828177127,-3.98119725803,-3.71198931107,-4.168881718472772,-3.2030274852,,,-3.9221490286,,,,,-2.89759731858,,,,-4.34780075626,-3.72018520477,-4.32696833246,-3.14917265132,,,,,-4.51164071448,-2.75749095764,,,,-2.91508131762,-4.25715820725,-4.50587308858,,,,,,,-0.43777294021,-2.88617685586,-4.57934667356,,,,,,-4.15378799149,-4.31883271471
