code,target,ENSEMBL,association,Adipose_Subcutaneous,Adipose_Visceral_Omentum,Breast_Mammary_Tissue,Muscle_Skeletal,DGN_Whole_Blood,Whole_Blood,Artery_Aorta,Artery_Coronary,Artery_Tibial,Heart_Atrial_Appendage,Heart_Left_Ventricle,Spleen,Brain_Amygdala,Brain_Anterior_cingulate_cortex_BA24,Brain_Caudate_basal_ganglia,Brain_Nucleus_accumbens_basal_ganglia,Brain_Putamen_basal_ganglia,Brain_Cerebellar_Hemisphere,Brain_Cerebellum,Brain_Cortex,Brain_Frontal_Cortex_BA9,Brain_Hippocampus,Brain_Hypothalamus,Brain_Spinal_cord_cervical_c-1,Brain_Substantia_nigra,Nerve_Tibial,Cells_Transformed_fibroblasts,Cells_EBV-transformed_lymphocytes,Colon_Sigmoid,Colon_Transverse,Esophagus_Gastroesophageal_Junction,Esophagus_Mucosa,Esophagus_Muscularis,Liver,Minor_Salivary_Gland,Small_Intestine_Terminal_Ileum,Stomach,Adrenal_Gland,Pituitary,Pancreas,Thyroid,Lung,Ovary,Prostate,Testis,Uterus,Vagina,Skin_Not_Sun_Exposed_Suprapubic,Skin_Sun_Exposed_Lower_leg
BLOO07,"VAMP8",ENSG00000118640,8.110183,1.75519076681,1.99988531084,,,3.330142386523146,,2.14265918276,,,,,,,,,,,,,,,,,,,1.41759334387,,,,,,4.56827717444,,,,-0.358217705234,,,,0.965764801362,0.273659248171,,,2.42532835891,-4.29187792926,,,4.54515759108,5.40317602725
BLOO08,"VAMP8",ENSG00000118640,6.257401,-1.88615712407,-2.00344897673,,,2.334798963139455,,-1.82327126929,,,,,,,,,,,,,,,,,,,-2.42529004801,,,,,,4.14189241685,,,,0.19759653847,,,,0.704589411243,-2.86617183609,,,1.32245324043,-0.00391712594231,,,3.35496840455,3.67348380695
BLOO16,"VAMP8",ENSG00000118640,10.340502,1.05880374209,1.25145814682,,,3.501750546563232,,1.50810451118,,,,,,,,,,,,,,,,,,,0.59265898774,,,,,,5.11202629707,,,,-0.422668380253,,,,0.987926456939,-0.392008536511,,,2.08869110196,-3.71774681885,,,4.86412338551,5.7033798565
BLOO17,"VAMP8",ENSG00000118640,6.342523,1.87082750648,2.27854817293,,,2.8283638894357,,2.34291273593,,,,,,,,,,,,,,,,,,,1.80291425315,,,,,,3.88100006599,,,,-0.0503888981085,,,,-0.0196709136693,0.3702329971,,,1.9583402637,-3.82392087202,,,4.33950131225,4.81229043364
BLOO34,"VAMP8",ENSG00000118640,5.802251,-3.04855411136,-2.93024926807,,,1.6764065871148786,,-2.16274975131,,,,,,,,,,,,,,,,,,,-4.32503477082,,,,,,3.21286045421,,,,0.705068022656,,,,0.681085209636,-3.96561638936,,,0.806701125666,1.26584081234,,,2.01211708841,2.21859013102
COAD01,"VAMP8",ENSG00000118640,11.710701,2.67788012971,1.821632387,,,-2.783280826146665,,2.39253542244,,,,,,,,,,,,,,,,,,,3.10464622689,,,,,,-6.07629271829,,,,-1.02776359432,,,,1.06715717223,3.13915401444,,,-1.26798403692,2.72925472957,,,-3.92615503325,-5.58779458492
COAD02,"VAMP8",ENSG00000118640,7.248559,-0.091410595208,-0.298709191262,,,-2.7604665179110297,,0.0863038952397,,,,,,,,,,,,,,,,,,,1.14134585314,,,,,,-4.49262598736,,,,0.0302835749824,,,,-0.0992629983481,0.324658616122,,,-0.468638225178,0.546331232912,,,-3.8040261401,-4.42726264594
COAD03,"VAMP8",ENSG00000118640,16.345544,1.9288247693,1.23527138618,,,-4.1618278476731945,,1.67623494896,,,,,,,,,,,,,,,,,,,2.67244767289,,,,,,-7.47407582731,,,,-1.55499528623,,,,2.56498660755,3.26700118945,,,-2.27223819102,4.05920263499,,,-5.77501114043,-7.46448386478
LEAN04B,"VAMP8",ENSG00000118640,8.759975,4.61624182472,4.8440891721,,,-1.8110817870978875,,4.62390365706,,,,,,,,,,,,,,,,,,,5.43301235095,,,,,,-3.97170345215,,,,-1.95574073374,,,,-0.881567358789,3.19063497403,,,-2.32658429726,1.25232383975,,,-1.1624331353,-1.88807241695
LEAN04M,"VAMP8",ENSG00000118640,6.581616,4.31910122836,4.57159416785,,,-0.5978817419703477,,4.9127984612,,,,,,,,,,,,,,,,,,,4.71534605761,,,,,,-2.25688025268,,,,-2.51465599818,,,,-1.75129065317,2.85873157761,,,-2.99765347375,-0.286579131863,,,-0.448892647339,-0.227995892651
LEAN04,"VAMP8",ENSG00000118640,9.467437,5.03184721078,5.29943552631,,,-1.4763414272090687,,5.34772212317,,,,,,,,,,,,,,,,,,,5.71725339587,,,,,,-3.47681709407,,,,-2.43661063153,,,,-1.46572944925,3.45195672966,,,-2.895772093,0.534735192848,,,-0.79354943537,-1.19050134895
LEAN05B,"VAMP8",ENSG00000118640,9.053582,4.54745807913,4.79134549926,,,-2.154743502423333,,4.62008154325,,,,,,,,,,,,,,,,,,,5.42777403949,,,,,,-4.07340156637,,,,-2.00380637591,,,,-0.921554125968,3.19220259691,,,-2.43270744361,1.23246065515,,,-1.25088408401,-2.04034923188
LEAN05M,"VAMP8",ENSG00000118640,6.308883,4.31154762345,4.55433747078,,,-0.6383918890792604,,4.92277045402,,,,,,,,,,,,,,,,,,,4.7095543236,,,,,,-2.23794605221,,,,-2.49131582002,,,,-1.78247596389,2.87490289992,,,-2.99481364911,-0.336403545227,,,-0.45131716751,-0.230507057604
LEAN05,"VAMP8",ENSG00000118640,9.492104,5.00062928196,5.27170167936,,,-1.7046482756445387,,5.35467132936,,,,,,,,,,,,,,,,,,,5.72312340407,,,,,,-3.53183789005,,,,-2.46358091821,,,,-1.50743114401,3.47887511458,,,-2.96198048111,0.487988636921,,,-0.841279944989,-1.28040920034
LEAN06B,"VAMP8",ENSG00000118640,13.025746,5.4160021171,5.09624210409,,,-1.7140594320484492,,5.07263782713,,,,,,,,,,,,,,,,,,,5.88801516865,,,,,,-4.56331478008,,,,-2.3323432944,,,,-1.8700437506,3.50389921951,,,-3.06051073519,1.38050712409,,,-1.66334320335,-2.1986873648
LEAN06F,"VAMP8",ENSG00000118640,7.522763,3.6406123572,3.23006670429,,,-1.2027125719583796,,3.05449214145,,,,,,,,,,,,,,,,,,,4.19569504856,,,,,,-3.87341074072,,,,-1.52326864866,,,,-1.48872644424,2.5563135774,,,-2.32781369123,0.650691845979,,,-1.43505074781,-2.36562187783
LEAN06M,"VAMP8",ENSG00000118640,7.188043,4.85118999,4.86882584386,,,-1.4587975272168463,,5.09685130565,,,,,,,,,,,,,,,,,,,4.90034344837,,,,,,-2.8243787321,,,,-2.17264758374,,,,-1.30956954283,2.81955992225,,,-2.31908732399,1.67665976813,,,-0.99375654734,-0.57924842111
LEAN06,"VAMP8",ENSG00000118640,12.651131,5.72269275175,5.54950517864,,,-1.8899481125025033,,5.66383377603,,,,,,,,,,,,,,,,,,,6.11181746403,,,,,,-4.28415136958,,,,-2.58490708656,,,,-1.86121430351,3.61328662618,,,-3.09020175188,1.63365490861,,,-1.60983236494,-1.76924691812
