code,target,ENSEMBL,association,Adipose_Subcutaneous,Adipose_Visceral_Omentum,Breast_Mammary_Tissue,Muscle_Skeletal,DGN_Whole_Blood,Whole_Blood,Artery_Aorta,Artery_Coronary,Artery_Tibial,Heart_Atrial_Appendage,Heart_Left_Ventricle,Spleen,Brain_Amygdala,Brain_Anterior_cingulate_cortex_BA24,Brain_Caudate_basal_ganglia,Brain_Nucleus_accumbens_basal_ganglia,Brain_Putamen_basal_ganglia,Brain_Cerebellar_Hemisphere,Brain_Cerebellum,Brain_Cortex,Brain_Frontal_Cortex_BA9,Brain_Hippocampus,Brain_Hypothalamus,Brain_Spinal_cord_cervical_c-1,Brain_Substantia_nigra,Nerve_Tibial,Cells_Transformed_fibroblasts,Cells_EBV-transformed_lymphocytes,Colon_Sigmoid,Colon_Transverse,Esophagus_Gastroesophageal_Junction,Esophagus_Mucosa,Esophagus_Muscularis,Liver,Minor_Salivary_Gland,Small_Intestine_Terminal_Ileum,Stomach,Adrenal_Gland,Pituitary,Pancreas,Thyroid,Lung,Ovary,Prostate,Testis,Uterus,Vagina,Skin_Not_Sun_Exposed_Suprapubic,Skin_Sun_Exposed_Lower_leg
BLOO06,"OIP5",ENSG00000104147,11.561078,,,,-0.87155333538,-6.140433374843829,-1.44266864438,3.826303295,-3.27915955175,-0.435593774198,-1.86216621157,,,,,-1.2570748527,,,-3.95954508231,-6.32326626086,-5.01073218418,,,,,,-5.86799647609,,,,,,,,,,,,-1.08252521457,,-0.978285213611,,,,,,,,-1.07971496853,
BLOO09,"OIP5",ENSG00000104147,8.630450,,,,-0.780244271561,-5.588444949332149,-1.20121918886,3.95854712844,-2.95953461229,-0.441151180998,-1.51941428319,,,,,-1.07970211632,,,-3.55596893946,-5.82777388107,-4.55488624825,,,,,,-5.47278483527,,,,,,,,,,,,-1.02748608237,,-0.939833350539,,,,,,,,-1.14962032,
BLOO10,"OIP5",ENSG00000104147,8.885823,,,,-0.619502780526,-5.408126263284607,-1.07344192745,3.94827149665,-3.03419609,-0.470127089049,-1.47408283024,,,,,-1.02454051854,,,-3.77027809842,-5.75165377882,-4.41210655057,,,,,,-5.42660359596,,,,,,,,,,,,-0.953484558782,,-1.19846868495,,,,,,,,-1.34516478749,
BLOO13,"OIP5",ENSG00000104147,10.385577,,,,-0.771595382563,-6.119011527956113,-1.40818390924,3.87212623909,-3.23325473939,-0.595527148659,-1.74453995418,,,,,-1.20955249357,,,-3.9024207293,-6.29609870541,-4.96931359632,,,,,,-5.8586440322,,,,,,,,,,,,-1.08220993973,,-1.08061515374,,,,,,,,-1.07486975796,
BLOO17,"OIP5",ENSG00000104147,7.815309,,,,0.595548206715,6.126315004031678,2.60420275657,-0.488669566446,3.48144068641,1.187074814,2.70184077289,,,,,1.97708742667,,,3.27000970268,5.48561712227,4.05394753561,,,,,,4.2647346268,,,,,,,,,,,,0.995094158158,,1.79489128315,,,,,,,,2.17129350938,
BLOO18,"OIP5",ENSG00000104147,11.186352,,,,0.695812847987,6.773241169052579,2.88786296975,-0.851357705395,3.59609549847,0.943489650089,3.32630073537,,,,,2.32697766473,,,3.69997591041,6.24900224098,4.71287615779,,,,,,5.03320530759,,,,,,,,,,,,1.18832438274,,1.71767149962,,,,,,,,2.24707401142,
BLOO24,"OIP5",ENSG00000104147,14.186512,,,,0.45476167343,5.776464993802136,2.2331442705,-2.25413466563,2.73990084553,-0.502474742261,4.13321142879,,,,,1.20097592527,,,4.71352740805,6.70417344254,4.81428034792,,,,,,6.62775721428,,,,,,,,,,,,2.24906800045,,2.17593191737,,,,,,,,1.85605654323,
BLOO30,"OIP5",ENSG00000104147,8.714015,,,,-0.835715615471,-5.670787036594145,-1.19576661257,3.88136240212,-2.99581366025,-0.334750070185,-1.63084466341,,,,,-1.09274283369,,,-3.64998028431,-5.81744053303,-4.55042097397,,,,,,-5.47651390168,,,,,,,,,,,,-1.05931213369,,-0.875251425819,,,,,,,,-1.16859239972,
BLOO31,"OIP5",ENSG00000104147,10.381262,,,,-0.795910141033,-6.425443750651168,-2.80528144902,0.883964546572,-3.47932017798,-0.841549667843,-3.01296446604,,,,,-2.3901996931,,,-3.60040634342,-5.84416735806,-4.64936162104,,,,,,-4.74914043202,,,,,,,,,,,,-1.20007377475,,-1.52187990971,,,,,,,,-2.66020877214,
BLOO32,"OIP5",ENSG00000104147,13.006224,,,,-0.836400894,-6.4219832592232375,-2.398220179,2.08016225491,-2.98910691468,0.598287002973,-3.80488305481,,,,,-1.60198865645,,,-4.61689278819,-6.95157933502,-5.36995196318,,,,,,-6.66483466948,,,,,,,,,,,,-2.07163166092,,-1.51963071289,,,,,,,,-1.51863248986,
HEIG03,"OIP5",ENSG00000104147,7.156636,,,,-1.0675515513,-4.788525341903356,-2.55419164552,-1.5236362357,-2.42201963175,-0.408529611384,-2.05871739908,,,,,-3.66970143513,,,-4.04589259549,-5.38011523394,-1.94278793306,,,,,,-4.96530417661,,,,,,,,,,,,-1.33074412453,,-2.07364572911,,,,,,,,-0.637011539993,
LEAN06B,"OIP5",ENSG00000104147,4.223764,,,,-1.05923786662,-4.3238253467890235,-5.08640750311,-0.230851543586,2.3036821419,1.9041730186,-2.03551998311,,,,,-1.54278968612,,,-3.65526555689,-4.05688367772,-1.03781326436,,,,,,-2.41776888494,,,,,,,,,,,,-2.46953139807,,0.409742438081,,,,,,,,-0.333446278961,
LEAN06,"OIP5",ENSG00000104147,4.425853,,,,-1.15623466756,-4.257612967308497,-5.41383400711,0.0708084294701,2.3503354694,1.76834600857,-2.01672743365,,,,,-1.29299488344,,,-3.36195927261,-3.952354645,-0.790277792198,,,,,,-2.24442805574,,,,,,,,,,,,-2.72785438855,,0.377454841146,,,,,,,,-0.375820918423,
MENO01F,"OIP5",ENSG00000104147,7.034977,,,,-0.989021449258,-4.885199760759034,-0.872978220937,-1.25594555774,-1.80146724627,0.489964909513,-2.9756425704,,,,,-1.36784210895,,,-2.60998119709,-5.53575563297,-2.46574021279,,,,,,-5.53261092338,,,,,,,,,,,,-1.05484144365,,-3.07344184728,,,,,,,,-1.69766092393,
URIN09,"OIP5",ENSG00000104147,4.408902,,,,0.788700959344,-4.725024082496433,-1.13056813714,-0.94836127795,-3.05876882208,-1.23022985471,-1.48905700673,,,,,-0.819392007302,,,-1.30997754698,-3.97003696474,-3.60771424578,,,,,,-3.29044726377,,,,,,,,,,,,-0.452618006569,,-2.79851675375,,,,,,,,-0.293560027567,
