code,target,ENSEMBL,association,Adipose_Subcutaneous,Adipose_Visceral_Omentum,Breast_Mammary_Tissue,Muscle_Skeletal,DGN_Whole_Blood,Whole_Blood,Artery_Aorta,Artery_Coronary,Artery_Tibial,Heart_Atrial_Appendage,Heart_Left_Ventricle,Spleen,Brain_Amygdala,Brain_Anterior_cingulate_cortex_BA24,Brain_Caudate_basal_ganglia,Brain_Nucleus_accumbens_basal_ganglia,Brain_Putamen_basal_ganglia,Brain_Cerebellar_Hemisphere,Brain_Cerebellum,Brain_Cortex,Brain_Frontal_Cortex_BA9,Brain_Hippocampus,Brain_Hypothalamus,Brain_Spinal_cord_cervical_c-1,Brain_Substantia_nigra,Nerve_Tibial,Cells_Transformed_fibroblasts,Cells_EBV-transformed_lymphocytes,Colon_Sigmoid,Colon_Transverse,Esophagus_Gastroesophageal_Junction,Esophagus_Mucosa,Esophagus_Muscularis,Liver,Minor_Salivary_Gland,Small_Intestine_Terminal_Ileum,Stomach,Adrenal_Gland,Pituitary,Pancreas,Thyroid,Lung,Ovary,Prostate,Testis,Uterus,Vagina,Skin_Not_Sun_Exposed_Suprapubic,Skin_Sun_Exposed_Lower_leg
BFPC04B,"TAF11",ENSG00000064995,7.578972,-2.00679639247,,,-3.32959687683,-2.5733951644875175,,-1.16501790793,,-2.51805580378,,0.603987829548,,,,,,,,,-0.422774005948,,,,,,3.0477583913,-0.303500648794,,0.1514434295,,0.245967994975,-0.68337341757,0.476748431167,,,,,,,,2.0906976983,,,,,,,,-0.205934966414
BFPC04F,"TAF11",ENSG00000064995,7.873219,-1.07837079846,,,-2.91438922495,-2.4213146629543068,,-0.915601206608,,-1.65030276732,,0.991372743299,,,,,,,,,-0.936766118178,,,,,,2.29061279622,0.432781758934,,0.119247612073,,1.0595317526,-0.0543972121074,0.316564755206,,,,,,,,1.62416755668,,,,,,,,-1.08339459482
BFPC04,"TAF11",ENSG00000064995,8.186179,-1.95011769298,,,-3.47701715775,-2.6950031644617845,,-1.1528091227,,-2.49287212993,,0.739678534873,,,,,,,,,-0.694528014341,,,,,,3.07446137534,-0.118725490498,,0.119143512986,,0.447978598089,-0.577021831408,0.485833426664,,,,,,,,2.09154855761,,,,,,,,-0.415274113842
BLOO07,"TAF11",ENSG00000064995,2.644663,-1.50400315074,,,-3.65227817711,-1.1445985191868167,,-1.82608292859,,-4.0413832095,,-3.04221921278,,,,,,,,,-2.00808820613,,,,,,-0.263015450452,-3.04624648105,,-2.58521679587,,-4.8217887082,-2.90776530984,-3.1398141599,,,,,,,,1.64380385516,,,,,,,,0.130648092586
BLOO11,"TAF11",ENSG00000064995,8.127023,-1.4741873979,,,-1.85012209695,1.1945540866268325,,-1.94282100945,,-0.883318250698,,-2.58031119343,,,,,,,,,-4.39504094068,,,,,,-1.18264404715,-2.87845075056,,-1.72436008262,,-4.43943128702,-2.08256435175,-2.68025302025,,,,,,,,0.253484433217,,,,,,,,-4.05419792397
BLOO29,"TAF11",ENSG00000064995,7.299660,1.0298250129,,,2.44143869159,1.1537010997705488,,2.73453689722,,2.61195832387,,2.15616651823,,,,,,,,,3.11720491109,,,,,,4.05926866685,1.90685717763,,3.02466124459,,3.34707043013,2.00667931349,2.0157138555,,,,,,,,0.549482367645,,,,,,,,3.91075754749
BLOO33,"TAF11",ENSG00000064995,7.976295,3.19480174749,,,1.45930526372,1.6473989404460145,,1.13822615553,,0.850751917148,,0.687969495235,,,,,,,,,-0.816090717363,,,,,,-0.802531264175,0.0662326337779,,-2.6972519763,,-0.951553519378,1.33475312541,0.236844878447,,,,,,,,-2.19517728234,,,,,,,,2.0468075798
BODY08B,"TAF11",ENSG00000064995,7.982424,-3.53801335681,,,-3.75308686441,-2.239875111932364,,-2.74771771279,,-1.95987063116,,-0.75101958707,,,,,,,,,1.54659886563,,,,,,2.35867943304,-1.5751289353,,2.88378095827,,0.282831257242,-2.01771590703,-0.790402657597,,,,,,,,4.66370015654,,,,,,,,-0.430778006872
BODY08F,"TAF11",ENSG00000064995,7.297578,-1.99090461917,,,-2.23448727129,-1.5924850984138392,,-1.42309668357,,-0.843456929287,,0.775098493919,,,,,,,,,1.81695440664,,,,,,2.75656677195,-0.10695392827,,3.06526159972,,1.97897819591,-0.220484166646,0.0734183590969,,,,,,,,3.96147823014,,,,,,,,-0.243689181212
BODY08,"TAF11",ENSG00000064995,9.154245,-3.36313348277,,,-3.58449042362,-2.1699024916368495,,-2.50330270144,,-1.74635731997,,-0.365938285235,,,,,,,,,1.58878025618,,,,,,2.7092574064,-1.24352336156,,3.06979718762,,0.758078455385,-1.64292552496,-0.559384389903,,,,,,,,4.7468486007,,,,,,,,-0.318088005583
FATM04B,"TAF11",ENSG00000064995,13.262322,-2.33228005252,,,-3.85145523092,-3.508667239366915,,-2.08940532939,,-2.02055645079,,0.934117266683,,,,,,,,,-1.3891746597,,,,,,3.04258887297,0.0846436333982,,-0.457966831508,,0.707585482068,-0.849837358291,0.74827451968,,,,,,,,1.15068141199,,,,,,,,-0.773427095836
FATM04F,"TAF11",ENSG00000064995,10.299365,-1.0725189382,,,-2.78916575398,-2.7441990713079636,,-1.30448326638,,-0.985471455091,,1.63199611399,,,,,,,,,-0.919877069137,,,,,,2.58785157608,0.877755704363,,0.372319213004,,1.97110912766,0.273873897361,0.901021306547,,,,,,,,1.30906609485,,,,,,,,-0.939370890158
FATM04M,"TAF11",ENSG00000064995,7.280760,-2.30358619034,,,-2.94206842542,-2.506692470510091,,-1.77297461957,,-1.95123803293,,-0.102250385231,,,,,,,,,-1.13536230468,,,,,,1.99504251139,-0.631506217363,,-0.949564092459,,-0.704710011905,-1.40815274222,0.264476413177,,,,,,,,0.472797304355,,,,,,,,-0.268724517713
FATM04,"TAF11",ENSG00000064995,13.520828,-2.20760868559,,,-3.85880626332,-3.5367925566336433,,-1.98354986929,,-1.91200392298,,1.1726852052,,,,,,,,,-1.48475959651,,,,,,3.17590735647,0.308521340142,,-0.307539965625,,1.05736815645,-0.623318185047,0.855068666097,,,,,,,,1.25860669373,,,,,,,,-0.82882905852
HEIG03,"TAF11",ENSG00000064995,7.032181,0.125865979388,,,-0.99343271051,-2.3909769138553014,,-1.73200572583,,-0.233059092608,,1.5331322369,,,,,,,,,-3.59599325952,,,,,,-0.474137392703,0.603826901451,,-5.08238031589,,0.0424059699659,0.29247631498,1.33952210291,,,,,,,,-5.24894792392,,,,,,,,-3.27524779168
HIPC01,"TAF11",ENSG00000064995,1.222095,-4.7651485811,,,-2.98507933751,-2.4894109869122967,,-3.57835775955,,-3.88469166169,,-2.84557892574,,,,,,,,,-1.53607525234,,,,,,0.192777574094,-2.76379414746,,-1.24467042502,,-2.70411731934,-3.5768817728,-2.65124550527,,,,,,,,-0.185731652635,,,,,,,,-4.02186152223
LEAN04,"TAF11",ENSG00000064995,5.889208,-1.53428498967,,,-3.2590993226,-3.4552306644132984,,-3.06293906958,,-1.06592585024,,-0.265881922233,,,,,,,,,-1.96861521876,,,,,,0.341565393702,-0.0947216047568,,-2.26556911211,,-0.418233383789,-1.43629343654,-0.856274169284,,,,,,,,-1.20879040972,,,,,,,,-2.46729482871
LEAN05B,"TAF11",ENSG00000064995,5.679646,-0.966590860482,,,-2.91531508785,-3.3179753474815192,,-2.66315508012,,-0.709619936409,,0.483976410274,,,,,,,,,-1.26828098523,,,,,,0.683394033713,0.406581093119,,-1.62949644093,,0.583189573155,-0.783327683774,-0.448818286713,,,,,,,,-1.05685546319,,,,,,,,-2.10260421164
LEAN06B,"TAF11",ENSG00000064995,15.504511,-1.878062276,,,-3.2046962727,-3.8639013612316635,,-2.89383785857,,0.253154116881,,1.80393218311,,,,,,,,,-3.19270886469,,,,,,1.33626702252,1.65925937458,,-1.40871360106,,1.77712643281,-0.18018916236,1.29657288548,,,,,,,,-1.39635021061,,,,,,,,-2.48397193973
LEAN06F,"TAF11",ENSG00000064995,9.779264,-1.13477294975,,,-1.96914376174,-2.910907763875295,,-1.75338400373,,0.466133146782,,2.22337392766,,,,,,,,,-1.59746718855,,,,,,1.65335285428,1.81565650074,,0.0962389476561,,2.47925706795,0.626734594664,1.41410444794,,,,,,,,-0.169069180507,,,,,,,,-1.51001535863
LEAN06,"TAF11",ENSG00000064995,12.248552,-1.97621166181,,,-3.38985137521,-3.7839183074783302,,-3.08868097051,,0.21865656505,,1.30050126524,,,,,,,,,-3.75513749693,,,,,,1.05935292065,1.34830010053,,-2.21495064191,,1.09093430704,-0.603887925865,1.09742836087,,,,,,,,-2.04135961193,,,,,,,,-2.5454149317
LUPU01,"TAF11",ENSG00000064995,3.342801,-3.76578951057,,,-2.98675633473,-2.0809024723293774,,-3.46670850155,,-2.58995982478,,-4.17150883018,,,,,,,,,1.34187087841,,,,,,-0.276632850542,-4.44732595065,,0.808283729786,,-2.32932592592,-4.04362262006,-4.25778955043,,,,,,,,5.32830125614,,,,,,,,-2.24407690682
WAIS03,"TAF11",ENSG00000064995,5.861129,-0.677834792128,,,-1.49760891387,-2.1573023005050183,,-1.35642336793,,-0.694515140334,,0.193047866614,,,,,,,,,-4.05630061489,,,,,,-0.750498716492,0.327225202072,,-3.58998390853,,-0.713362955043,-0.251143123645,-0.132093272629,,,,,,,,-3.41774919029,,,,,,,,-1.70455111905
