code,target,ENSEMBL,association,Adipose_Subcutaneous,Adipose_Visceral_Omentum,Breast_Mammary_Tissue,Muscle_Skeletal,DGN_Whole_Blood,Whole_Blood,Artery_Aorta,Artery_Coronary,Artery_Tibial,Heart_Atrial_Appendage,Heart_Left_Ventricle,Spleen,Brain_Amygdala,Brain_Anterior_cingulate_cortex_BA24,Brain_Caudate_basal_ganglia,Brain_Nucleus_accumbens_basal_ganglia,Brain_Putamen_basal_ganglia,Brain_Cerebellar_Hemisphere,Brain_Cerebellum,Brain_Cortex,Brain_Frontal_Cortex_BA9,Brain_Hippocampus,Brain_Hypothalamus,Brain_Spinal_cord_cervical_c-1,Brain_Substantia_nigra,Nerve_Tibial,Cells_Transformed_fibroblasts,Cells_EBV-transformed_lymphocytes,Colon_Sigmoid,Colon_Transverse,Esophagus_Gastroesophageal_Junction,Esophagus_Mucosa,Esophagus_Muscularis,Liver,Minor_Salivary_Gland,Small_Intestine_Terminal_Ileum,Stomach,Adrenal_Gland,Pituitary,Pancreas,Thyroid,Lung,Ovary,Prostate,Testis,Uterus,Vagina,Skin_Not_Sun_Exposed_Suprapubic,Skin_Sun_Exposed_Lower_leg
BLOO02,"L3MBTL3",ENSG00000198945,6.521650,-4.83659122726,-3.25497237598,-4.37526258801,,-4.326553994251531,-4.42297336938,-4.05749687233,,-3.80967868569,-0.95502608681,,-4.40459678666,-2.36379852833,,,,,-0.677343372898,-2.04577507995,-3.63372797164,,,,,,-4.30493187451,,-4.1372677084,,-4.47336808564,,-4.60015505716,-4.04509723012,-4.41694530197,-3.94710124719,-4.0550366559,-4.16178835233,,-4.32120360986,-4.36487022105,-4.54270027655,-4.03389849323,,-4.42141778815,-2.75401159118,,,-4.43822050714,-4.06359452656
BLOO03,"L3MBTL3",ENSG00000198945,8.086599,-5.28591520996,-4.03888610752,-5.05449279862,,-4.924392184005011,-5.06515251958,-4.65524304106,,-4.40989524543,-1.85194610897,,-5.13737498495,-2.92895685657,,,,,-0.709083189374,-2.08702709434,-3.65218235465,,,,,,-5.11181432376,,-4.11059445517,,-5.12419708747,,-5.0876028625,-4.50057152364,-4.83900872711,-4.39792152767,-4.77230897265,-5.07685121888,,-4.68831410787,-5.09525087656,-5.20089920536,-4.51211136407,,-5.08172193936,-3.58590975536,,,-5.24544635952,-5.08176993367
BLOO11,"L3MBTL3",ENSG00000198945,13.894320,-6.11639271121,-6.07302536468,-6.35828843093,,-6.290205990740528,-6.58612598237,-6.01234724843,,-4.60068310701,-1.80633804121,,-6.77553423048,-4.61744836803,,,,,-2.58170599741,-4.23138447447,-3.15831654376,,,,,,-6.76111287098,,-4.23955963532,,-6.3544660745,,-6.58270679794,-6.03284288217,-5.741380938,-5.7069391853,-6.15765839425,-6.07524363996,,-6.24121643098,-6.55637687563,-6.64002141842,-6.41502029226,,-6.63302126117,-4.74601345438,,,-6.65936193217,-6.57599452975
BLOO12,"L3MBTL3",ENSG00000198945,6.609683,-4.42643534419,-4.32295935457,-4.56173499888,,-4.250485370399659,-4.64911701699,-4.34751729531,,-3.36132724159,-1.3550776565,,-4.85906190579,-2.40523495578,,,,,-1.16543956268,-3.26371815064,-2.35456705183,,,,,,-4.60828671601,,-3.08666802181,,-4.66852652821,,-4.50400627563,-3.82972738591,-3.80286247325,-4.32433377452,-4.32548001689,-4.52073979688,,-4.49237183355,-4.71336412496,-4.77302293822,-4.53948911773,,-4.5765078639,-3.68986879529,,,-4.69830451165,-4.53174515535
BLOO20,"L3MBTL3",ENSG00000198945,9.525085,-5.50258760286,-4.1492669681,-5.39899753244,,-5.281162993593289,-5.34413822437,-4.91587776765,,-4.84350162227,-1.77535678017,,-5.40034625132,-3.12519719927,,,,,-0.605153283539,-2.47909809618,-3.92326465998,,,,,,-5.40667067196,,-4.31391164876,,-5.4970355465,,-5.30470625333,-4.94825787662,-5.02778295109,-4.94954855301,-5.07071953515,-5.35701594933,,-5.09469248595,-5.44185250615,-5.53820279097,-4.83618809119,,-5.36682421882,-3.73898427302,,,-5.57898533092,-5.46386123733
BLOO21,"L3MBTL3",ENSG00000198945,6.075814,-4.03953914756,-3.68935792604,-4.33687695011,,-4.328455129304002,-4.44812376103,-4.44377309134,,-2.7425888323,-1.45943261541,,-4.22998149861,-3.36858995288,,,,,-0.777143299014,-2.43632118225,-3.17045815881,,,,,,-4.18263565274,,-2.69655340348,,-4.25392866943,,-4.0024808397,-4.73509497543,-4.53137165801,-3.67416307167,-4.35577072821,-4.22087910823,,-4.1280961318,-4.56644670062,-4.46820542802,-4.31559576126,,-4.29447393627,-3.42405384879,,,-4.2787809036,-4.40473282444
BLOO22,"L3MBTL3",ENSG00000198945,7.999783,-4.78459135843,-4.18827422147,-5.01378955293,,-5.008362631018566,-5.13292659428,-5.08169795803,,-3.32853555772,-1.65927467489,,-4.89890398634,-3.74277167567,,,,,-0.858640501662,-2.73388812747,-3.80570313808,,,,,,-4.83917409528,,-3.31371544655,,-4.94735501657,,-4.70091673507,-5.3441221293,-5.23901274353,-4.24061454947,-4.9777680375,-4.86877387619,,-4.79141971516,-5.24480436722,-5.17392660532,-4.94063215191,,-4.96827781701,-3.86457851544,,,-4.96283174391,-5.02782979814
BLOO23,"L3MBTL3",ENSG00000198945,8.255903,-4.30664687809,-3.84606897493,-4.68706431519,,-5.132959692275236,-4.88700991005,-4.95471649419,,-3.54626632781,-2.00583589675,,-4.48395860896,-4.18715245387,,,,,-1.6641781586,-2.99151517836,-4.04125071128,,,,,,-4.572528745,,-3.30326129815,,-4.59400950892,,-4.34831221719,-5.15581917258,-5.27294454057,-4.12393468221,-4.76307928599,-4.4073291968,,-4.57953239923,-4.95601659209,-4.83387755064,-4.80756909046,,-4.7940136126,-4.02524833546,,,-4.66271018562,-4.65654478372
BODY03,"L3MBTL3",ENSG00000198945,7.048643,3.63592992587,4.56180219585,4.4323649135,,4.201563174709541,4.29815892288,4.31453096104,,2.89908025405,3.69948542083,,4.1759836851,2.40116888909,,,,,0.951758271659,3.89190058257,3.60972615409,,,,,,4.37912368525,,3.29626251776,,4.32946350278,,3.53047305795,4.06762299397,4.27140843369,3.33891685819,4.41902039961,4.01001945683,,4.40630843745,4.7182088326,4.47230053209,4.19184307402,,4.07355312078,4.05832520667,,,4.84216456349,4.95088647098
BODY04M,"L3MBTL3",ENSG00000198945,6.866685,4.04696328125,4.45611291252,4.58974549769,,4.712885670325605,4.34801020925,4.32492089752,,3.31714798601,3.80047132774,,4.22078789129,4.05752589378,,,,,1.91688181423,4.02817161517,4.55200690929,,,,,,4.52937639018,,3.25998334159,,4.53004898987,,3.81528352764,4.76880306781,4.41890340649,3.94024599414,4.62298925744,4.32855407799,,4.69172918834,4.71956143389,4.63568707836,4.44108090298,,4.35557526604,3.15918948822,,,4.87450794099,5.15622348447
BODY04,"L3MBTL3",ENSG00000198945,7.262712,3.85522012729,4.80402063149,4.73162508949,,4.463793554089523,4.59507605485,4.60682665551,,3.1288731689,3.92128258673,,4.43311443403,2.5952923064,,,,,1.16813429679,4.12888969118,3.87248124273,,,,,,4.65470102976,,3.50269845642,,4.58546175664,,3.74557255821,4.31675011439,4.54468411986,3.56369100065,4.72565802778,4.26587973227,,4.68866949161,5.02476762143,4.78289291741,4.46478185756,,4.33760359915,4.22726832799,,,5.16743939433,5.25067216185
FATM02B,"L3MBTL3",ENSG00000198945,9.225972,4.89440709263,4.45868747598,5.26662766073,,5.4946804208163105,5.18105013197,4.78569572819,,3.73040160353,3.50582750684,,5.08588030323,2.70839720004,,,,,0.753055649031,3.65232900367,3.54944410304,,,,,,5.30646553586,,3.62389984864,,5.37132972393,,4.87727688573,5.22153087793,5.10701521437,3.95597513374,5.32523908423,5.4071790207,,4.49258980167,5.3670162495,5.40856509319,5.00946478558,,5.48495244267,3.62216017454,,,5.443137163,5.42224716439
FATM02F,"L3MBTL3",ENSG00000198945,7.857329,4.81937391761,3.71108207236,5.09123768491,,4.997783052354748,5.00319505043,4.74089673797,,3.715492548,2.07531940161,,5.06453653986,2.66057481876,,,,,0.817325105658,3.13834022864,4.19237590975,,,,,,4.86464701676,,3.60998726991,,5.09396987355,,4.73043020514,4.62294117835,4.74061257212,3.20505252904,4.81974806143,4.89149416057,,4.13647607131,5.09651456241,5.17944560356,4.9203746308,,5.15855193837,3.67014902925,,,5.08144878275,4.81169266218
FATM02,"L3MBTL3",ENSG00000198945,9.701322,5.22647277889,4.57461857025,5.58903201874,,5.773662596705489,5.49980070364,5.1206982343,,4.00359104711,3.37804227747,,5.44023877137,2.90213771583,,,,,0.838201694759,3.78189970578,3.91635478691,,,,,,5.57243946882,,3.87135460038,,5.68123339771,,5.17850557831,5.41892207594,5.38901920382,4.07831609718,5.58238961469,5.63772769354,,4.71234167463,5.67690757673,5.72828831988,5.31956591121,,5.78096701873,3.96790414954,,,5.73609148536,5.66156842418
FATM03B,"L3MBTL3",ENSG00000198945,8.037598,5.02653205812,4.48509501135,5.36335446573,,5.548475009781471,5.28064564379,4.86412556857,,3.64109616933,3.46379456467,,5.20435520688,2.6019117052,,,,,0.860285200803,3.59862944323,3.57984897129,,,,,,5.37395073232,,3.68366926456,,5.46563749443,,4.99920252481,5.22575042694,5.19387814141,4.01971562576,5.37430889274,5.50237497062,,4.56998259761,5.45009066711,5.50992596185,5.06621576714,,5.55941673528,3.70943451054,,,5.52395579664,5.43533216194
FATM03F,"L3MBTL3",ENSG00000198945,8.025622,4.9567314919,3.70347025392,5.16660832776,,5.002943062752424,5.08936232479,4.81261180712,,3.53001222933,1.97877412248,,5.16391409512,2.44182663731,,,,,0.972084257993,3.05122130241,4.1863982172,,,,,,4.90699273908,,3.64127823953,,5.15840654137,,4.83947802807,4.58521493135,4.80208838319,3.25093866267,4.84086350321,4.97606792925,,4.18846753339,5.15730257246,5.25832006779,4.93892969649,,5.20790636555,3.76955446612,,,5.13997998581,4.78199921659
FATM03,"L3MBTL3",ENSG00000198945,9.393071,5.36219926148,4.58475328654,5.68063657462,,5.810093485668031,5.59531434823,5.19588213031,,3.88439705267,3.31178034478,,5.55421392765,2.76684573347,,,,,0.964270884658,3.71278691402,3.93856723171,,,,,,5.63078519053,,3.92028689698,,5.76775563802,,5.29706456947,5.40974626345,5.46443581943,4.13972181249,5.62289140176,5.73074398816,,4.78077011793,5.75354407892,5.82398935492,5.36410184148,,5.8506519573,4.06416459785,,,5.8121055531,5.66104629006
FATM04B,"L3MBTL3",ENSG00000198945,9.567464,4.85869874083,4.32092140245,5.56847658427,,6.161514921199876,5.40458147388,5.53180166295,,4.30871675448,4.90237994098,,5.22654172593,3.41066331111,,,,,1.62158223302,4.30300158765,3.99887489081,,,,,,5.25026996399,,3.78851131867,,5.56074950901,,4.77399186964,5.10756905479,5.27239323113,4.62525298927,5.92941288064,5.64789203861,,4.92277669592,5.71768185922,5.69515060426,5.41982467429,,5.68232144793,3.94354871622,,,5.83304362414,5.56370866578
FATM04F,"L3MBTL3",ENSG00000198945,9.404901,4.78311108092,3.88020292014,5.47007194632,,5.906085478716271,5.31137409959,5.30609114252,,4.99849942929,3.67668155131,,5.29852641163,3.37668767601,,,,,1.2849178324,4.02945225551,3.96858202442,,,,,,5.02583225225,,3.39800967668,,5.37099659862,,4.87430202977,4.45896679527,5.05822771121,4.39018755393,5.47619515008,5.12752998723,,4.38217560491,5.51393863064,5.55665682872,5.3640198058,,5.46305281776,3.93707978119,,,5.54042503449,5.02453390162
FATM04,"L3MBTL3",ENSG00000198945,9.985353,5.07124525947,4.37567307613,5.79731288921,,6.383046921535935,5.62793434469,5.73477067587,,4.6527123686,4.88077298328,,5.47840259636,3.55045876069,,,,,1.61879653662,4.43454196374,4.18275301215,,,,,,5.4420365408,,3.86164403329,,5.77226407898,,5.01526353411,5.16676971284,5.4709375084,4.77135547042,6.10724363847,5.76758728328,,5.01662312186,5.9310101087,5.92436606258,5.63391782187,,5.88518092875,4.19946468659,,,6.03328595845,5.70573885913
HEIG02,"L3MBTL3",ENSG00000198945,9.739619,5.29541213205,5.09179224837,5.27341462821,,5.526316411843682,5.31347395283,5.28748814732,,3.37829938656,3.79747455164,,5.22611323447,1.74175501624,,,,,2.40465187566,3.38445672662,4.32338071615,,,,,,5.11391207591,,4.46230653298,,5.340338486,,4.94452808286,4.15934911975,5.10113440586,4.48993389044,5.32457099332,5.2476959697,,4.21658239793,5.3002691114,5.40054752403,5.04074255536,,5.44809859772,4.00804325304,,,5.22736520113,4.95292624626
HEIG03,"L3MBTL3",ENSG00000198945,34.724021,9.95641218423,8.67543614833,10.6999756167,,10.760787955312935,10.4017028309,10.7690982205,,7.82748354649,3.1376174611,,10.6576175122,5.44096320239,,,,,2.73847230289,6.52329828987,7.85528635732,,,,,,10.0639748833,,7.10322898089,,10.8163177679,,9.95974749531,8.91063003362,10.5769348532,8.54812391009,10.6253175064,9.99206010009,,8.66708695655,11.2192712989,10.7461229436,10.3907636753,,10.608675045,7.62060130491,,,10.8850967928,10.556415256
HEIG04F,"L3MBTL3",ENSG00000198945,8.627604,4.85035102808,3.57166693032,5.22494269608,,4.671354001446153,5.17723001709,5.06488551292,,3.53902737432,1.92405598345,,5.51725774039,0.996582385954,,,,,0.70567897956,2.15069496126,3.43809787243,,,,,,5.02008877375,,3.48557723063,,5.38685846403,,5.2311841957,4.08776639653,4.80285916966,4.50670414383,5.12658242153,5.00225935116,,4.17297855967,5.49430052289,5.33269162467,5.49893788033,,5.29741548238,4.02733926913,,,5.39414469961,4.98351063528
HEIG04M,"L3MBTL3",ENSG00000198945,9.857642,5.43543159819,5.17709477824,5.98081593831,,5.837452209493171,5.62326220547,5.59114327787,,3.84892276658,2.25484676569,,5.65849966019,4.20669999707,,,,,1.17488947833,3.37457448075,3.6018330892,,,,,,5.40328360301,,3.56715791853,,5.80406976388,,5.18427770716,5.07409822074,6.11833116339,4.80450002601,5.80351586761,5.36472372115,,4.58841921023,6.1862045809,5.81733464509,5.7576851437,,5.43251714273,4.45239756619,,,5.81844954338,5.91212654851
HIPC01M,"L3MBTL3",ENSG00000198945,9.146496,4.72663985573,5.25098925748,5.49046697944,,5.6948461991954265,5.26948264657,5.46122856077,,3.29811889034,3.01611476674,,4.84816027669,3.12161012663,,,,,0.96414196993,4.82270163267,4.42221216049,,,,,,5.15857642854,,3.86466066483,,5.29437813597,,4.26774882967,5.2887637528,5.42527094439,4.38084316749,5.44801690573,4.70374462363,,5.15566158084,5.76576390886,5.5682079446,5.34186778302,,5.26594105158,3.8251684584,,,5.63619810279,5.79081863092
HIPC01,"L3MBTL3",ENSG00000198945,13.659100,5.57416365292,6.57381680308,6.45648657377,,5.980951979875322,6.21177815521,6.3974256453,,3.94434364275,3.48884539616,,5.8604127072,2.55288581348,,,,,0.686068690746,5.61590748183,4.21048703165,,,,,,6.16353101332,,4.57121902745,,6.19260779024,,5.00835649855,5.72155126163,5.98321089301,4.35977208555,6.30315332856,5.54364956771,,5.76854192214,6.82652963076,6.49348226439,6.15990094727,,5.80904066877,4.94547551042,,,6.67752325407,6.8672955026
HIPC02M,"L3MBTL3",ENSG00000198945,10.497709,4.68026542029,5.20461553839,5.44230053533,,5.643669489210024,5.22291396615,5.41452519653,,3.27395419987,2.97996030194,,4.79935614688,3.08944936222,,,,,0.965125219864,4.79256776984,4.36665153553,,,,,,5.11398483084,,3.82443739958,,5.23149857957,,4.21689588648,5.24226232702,5.37836115721,4.31787198365,5.39836171877,4.66051790608,,5.10696059507,5.71975527499,5.51813381755,5.29651471073,,5.21312250203,3.76471134928,,,5.58494662346,5.73891480164
HIPC02,"L3MBTL3",ENSG00000198945,12.998483,5.40212831346,6.34124301813,6.23080509143,,5.771427636896735,5.99422929123,6.18683476821,,3.77686836663,3.39331923757,,5.67425443834,2.4761277762,,,,,0.651179666504,5.38557060969,4.08992034208,,,,,,5.93646992329,,4.42293763117,,5.98478250785,,4.84642631611,5.52593757191,5.77510677588,4.22409373985,6.07962129376,5.36699956906,,5.57665159383,6.58947217689,6.2624724644,5.95107924618,,5.61612170258,4.77272711412,,,6.44385186754,6.62516773823
HIPC03M,"L3MBTL3",ENSG00000198945,10.164861,4.32540860354,4.8301014071,4.87826199651,,4.972916608741641,4.84179310406,5.11332276949,,3.78356319086,1.83193992655,,4.29545752787,2.90360098823,,,,,0.304546510035,3.49589340374,3.30718500326,,,,,,4.53449170486,,3.07087858411,,4.56405859184,,3.62276617301,4.47101259799,5.05074936294,3.96129689023,5.04190626584,3.94510234688,,4.28763811318,5.2479260994,4.94672913111,4.75020321886,,4.63086156042,3.24697725097,,,5.06573218143,4.8853949574
HIPC03,"L3MBTL3",ENSG00000198945,15.938510,5.38287173908,5.92287990331,6.3212564556,,5.793349789625612,6.20667400171,6.43873786872,,4.62229810888,2.19780178792,,5.7054961029,2.9216157437,,,,,0.46252471176,4.36528205669,3.41231894094,,,,,,6.0516303332,,3.93906848581,,6.04730533036,,5.0399886863,5.53489667902,6.03352995678,4.81133802056,6.25291137086,5.07775989228,,5.17157251884,6.74983386739,6.32537781797,6.01964180405,,5.97886104568,3.93041313755,,,6.46363066526,6.4999862882
HIPC04F,"L3MBTL3",ENSG00000198945,5.816759,3.69947308433,3.73409351545,4.17885791085,,3.523057249025039,4.02616603543,4.092290053,,2.812238799,1.11289179733,,3.8678369515,1.56071372008,,,,,0.679473118789,2.95194788625,2.25579112975,,,,,,4.07790998616,,2.62805915744,,4.11978736394,,3.61930727452,3.50663587709,3.6910239864,2.86222202583,4.07952986614,3.4213901722,,3.37454964244,4.39455372501,4.11849867766,3.80588425503,,4.13474991365,2.38208267313,,,4.21223933131,4.29877382203
HIPC04M,"L3MBTL3",ENSG00000198945,8.850535,4.26822588934,4.77418630066,4.82276122831,,4.909781375330194,4.78107465586,5.05277523243,,3.74279304933,1.80273613395,,4.24129624938,2.85583727828,,,,,0.318503238014,3.48421696255,3.25341831205,,,,,,4.48607385738,,3.02143362281,,4.50177095591,,3.57700135726,4.42276042283,4.99212252623,3.8885953629,4.98554245386,3.89715361705,,4.23242830965,5.1934940139,4.88797753311,4.69874897835,,4.57517085355,3.18349045092,,,5.01189336963,4.83404816339
HIPC04,"L3MBTL3",ENSG00000198945,12.422807,5.22816934242,5.72014758622,6.11270509626,,5.602119717290136,6.00330730985,6.24082462543,,4.44601194464,2.14299143562,,5.5371015039,2.83948866106,,,,,0.448754209003,4.20628530389,3.31997381424,,,,,,5.84024798185,,3.81414153267,,5.85755141639,,4.88784745086,5.35566395364,5.83680926422,4.69071253595,6.04608816431,4.92492230738,,5.00646120053,6.52851974502,6.11277540277,5.82578713193,,5.79300595918,3.79296234225,,,6.25288801768,6.28787010409
LEAN04B,"L3MBTL3",ENSG00000198945,40.876737,11.4200111327,9.89416288337,12.0729715604,,12.5791438635636,11.9864125877,11.6375834177,,8.94143388559,5.7623138516,,11.7305291239,6.33462096415,,,,,2.32388606211,7.67161785933,8.42554764971,,,,,,11.8202657216,,8.00530522063,,12.0941840222,,11.3239969036,11.1194755509,11.7317301053,9.62536239208,12.1070054419,11.7983034199,,10.2950815078,12.2922355869,12.3860937363,12.0470686728,,12.2784005589,8.34482939302,,,12.2174737089,11.6238433555
LEAN04F,"L3MBTL3",ENSG00000198945,21.897704,8.66170930093,7.065186072,9.27671519438,,9.585360888632128,9.20509043154,8.9199829319,,7.13768575354,4.10485007991,,9.11544172349,5.4953389943,,,,,2.10035350801,5.90838426301,6.98972646823,,,,,,9.13421741243,,5.91146112797,,9.35293278,,8.81884150715,8.542626751,8.89004805869,6.9317474425,9.17119023095,8.86279198759,,7.77805234574,9.43584611713,9.54546662279,9.2137681144,,9.55674014247,6.40106428739,,,9.40221509636,8.80664456185
LEAN04M,"L3MBTL3",ENSG00000198945,21.962096,8.22244956774,7.73543825441,8.52854511539,,8.99860886737262,8.47419826357,8.25402815511,,5.94285028767,4.51191164115,,8.14308531704,3.59598765438,,,,,1.19966590905,5.39895654959,5.23919419776,,,,,,8.27629299771,,5.9870591281,,8.45987607783,,7.83194028739,7.85518572171,8.46132496893,7.44821883133,8.73576855049,8.61787275542,,7.4546430131,8.69722687955,8.71023025538,8.56963675171,,8.50211491204,5.91352550633,,,8.60969704744,8.3847062685
LEAN04,"L3MBTL3",ENSG00000198945,35.458209,11.1387397224,9.93681864418,11.7033358847,,12.262973318264468,11.6184303669,11.283795382,,8.56369322352,5.8213063252,,11.2955359732,5.86444513226,,,,,2.0577280645,7.39366121818,7.7968180548,,,,,,11.4304247219,,8.02215777549,,11.679987161,,10.9079297824,10.775566121,11.4474567381,9.69636442172,11.8195598367,11.5381593134,,10.0922010602,11.9092570799,11.978677932,11.6925236305,,11.812682114,8.0901260821,,,11.8206282824,11.3842531342
LEAN05B,"L3MBTL3",ENSG00000198945,37.671906,11.467872794,9.88917076853,12.1194234176,,12.605911690203522,12.0252866485,11.692263343,,8.78437067307,5.7625066246,,11.7668379515,6.24336551593,,,,,2.42983717465,7.59738158605,8.4005490253,,,,,,11.8213642892,,7.96211429791,,12.1295827711,,11.3295492622,11.0738060776,11.759779647,9.66747581268,12.1245291164,11.8454512882,,10.3153778156,12.3276147878,12.4200778443,12.0477399491,,12.2948003314,8.46656448078,,,12.2412761915,11.6206441874
LEAN05F,"L3MBTL3",ENSG00000198945,26.777726,8.74732609441,7.09779458129,9.35801144507,,9.64135535077031,9.28089789952,9.02441607518,,6.9688800826,4.12040481923,,9.17946162241,5.37476571775,,,,,2.2249155126,5.85594078183,6.97096755968,,,,,,9.16404801497,,5.85920719886,,9.41707662063,,8.84138978877,8.51494097509,8.95357284555,7.0172329508,9.2314708858,8.94813882498,,7.82294119789,9.51004139551,9.61215101898,9.24359278384,,9.60198950692,6.57675279311,,,9.46034999188,8.84223382826
LEAN05M,"L3MBTL3",ENSG00000198945,22.602825,8.22424080307,7.71882022913,8.53387784332,,9.006792092174164,8.47339728842,8.24038758834,,5.92220902852,4.51174958331,,8.1518183887,3.6123299768,,,,,1.21572634091,5.36388713826,5.23844436196,,,,,,8.27124903071,,6.01120659625,,8.46851614001,,7.84245608805,7.84644127139,8.45956174079,7.4386175255,8.72090816397,8.62072689894,,7.46085553576,8.69347391169,8.71430344941,8.56589597192,,8.50294550084,5.90897939124,,,8.60723531384,8.36576289516
LEAN05,"L3MBTL3",ENSG00000198945,36.559878,11.1947474214,9.94633074888,11.7594808981,,12.304162437541748,11.6671954848,11.3350780547,,8.48167348489,5.83079847807,,11.3484954278,5.84126091124,,,,,2.14176273559,7.35190923713,7.79372342336,,,,,,11.4555093542,,8.02323635907,,11.7307773963,,10.9412971051,10.774399393,11.4839759545,9.73971813692,11.8499707355,11.5931540457,,10.1298528898,11.9545053634,12.0269711942,11.7172495931,,11.8513700205,8.18209325816,,,11.8608784563,11.4008653025
LEAN06B,"L3MBTL3",ENSG00000198945,57.884922,14.1779798481,12.6253887417,15.2179005225,,16.371388567867285,15.1661022718,15.0330893886,,12.34493308,7.93746972604,,14.8490329558,8.40763103763,,,,,4.65760488783,9.98254519709,10.9369212892,,,,,,14.6850682911,,10.3632452134,,15.2422098651,,14.1824780752,13.8751417981,14.6328781544,12.6387378232,15.391288373,14.6437265931,,13.3075297741,15.5731855901,15.6670781678,15.0780488368,,15.4715677563,10.8042873287,,,15.4852128766,14.7330700841
LEAN06F,"L3MBTL3",ENSG00000198945,39.186686,11.2609746815,9.59905102387,12.1176224819,,13.079383951996986,12.1064216559,11.8111679238,,10.3208309067,5.7513845821,,11.9341180468,6.47880571096,,,,,3.75101538266,8.04235403875,8.68104664152,,,,,,11.7742807858,,8.12567203645,,12.1964036351,,11.5243148402,10.6158203274,11.503828781,9.84491297951,12.0305163078,11.5097904602,,10.3433572306,12.3380103229,12.483973887,11.9196773123,,12.3831190323,8.59416721668,,,12.2872335725,11.5036258459
LEAN06M,"L3MBTL3",ENSG00000198945,29.865090,9.98285497643,9.56375683095,10.6679567555,,11.40989903199084,10.5843201259,10.7892516241,,7.88250420145,6.4515049284,,10.2354205627,6.22886187327,,,,,3.19807717751,6.85411684513,7.71235990883,,,,,,10.1662622014,,7.4632814882,,10.5917378115,,9.57808235321,10.4037229473,10.4906251348,9.20358292876,11.1433997165,10.5020854807,,9.72425362459,11.0149723836,10.9690428692,10.7068560589,,10.7457427202,7.58940452808,,,10.922902108,10.6851479303
LEAN06,"L3MBTL3",ENSG00000198945,57.120852,13.9000521135,12.6692630828,14.8900952535,,15.97031194653543,14.8195810175,14.8049321031,,11.7746264348,8.15920844291,,14.4569172531,8.48652732593,,,,,4.52250295355,9.63844285654,10.7001451043,,,,,,14.329506223,,10.3113733725,,14.8684844163,,13.7463853905,13.8599534397,14.4117059931,12.5403906763,15.2067982928,14.3917004688,,13.2028814234,15.2662728776,15.316664348,14.8087019816,,15.0882830802,10.6182061501,,,15.1763420862,14.5959046508
OSTE04,"L3MBTL3",ENSG00000198945,14.930184,-5.71194635595,-4.98117663034,-6.14398010212,,-6.2808176035158265,-5.97477232637,-6.43342408434,,-1.93967124071,-2.76286355155,,-5.25582507399,-1.8836271934,,,,,0.772317469656,-5.48417249987,-4.23303980881,,,,,,-5.3418388789,,-4.26833583223,,-5.90991133386,,-5.14243293585,-4.90500659455,-5.9935288055,-6.90919639467,-5.93848534201,-6.14788360642,,-5.61221351346,-6.19838832543,-6.13375585398,-5.96175544664,,-5.53193516369,-5.8248889592,,,-5.64872078017,-5.77376320595
PHYS01,"L3MBTL3",ENSG00000198945,6.460723,-4.51911908672,-4.28784654313,-4.27700960139,,-4.792892308586582,-4.42291254528,-5.07817635714,,-2.92340508792,-4.74147417893,,-4.18388216168,-1.95980259071,,,,,-1.65525600323,-2.78902116559,-3.9187501299,,,,,,-3.73173949757,,-2.88401596114,,-4.29480207267,,-3.68062891357,-4.1463466008,-5.01113077084,-3.47625826941,-4.30375853277,-4.23822328026,,-4.1682958854,-4.50513667712,-4.48206061158,-4.72079223503,,-4.53670577511,-3.29674137949,,,-4.43280243215,-4.29836667307
TRGL03,"L3MBTL3",ENSG00000198945,6.471559,-3.78921680093,-2.51061996654,-3.44636830932,,-4.355477795390823,-3.46107580012,-3.40373594691,,-2.88525461866,-1.19680730591,,-3.47932776903,-4.43543811048,,,,,-1.51944072995,-2.55731982278,-3.21859946625,,,,,,-3.33713507853,,-2.94717434506,,-3.8397649437,,-3.76501788828,-3.7216298115,-3.39225775749,-3.80907351648,-3.50752844314,-3.32324321622,,-3.36517061288,-3.62079966404,-3.5672734812,-3.49712460815,,-3.88697116411,-1.93165221171,,,-3.53478384562,-3.74717221749
URIN07,"L3MBTL3",ENSG00000198945,5.313408,-3.87962422166,-3.808752955,-4.2325326422,,-3.8204492002305828,-4.09874023551,-4.83955325658,,-1.95613921539,-1.51044136516,,-3.82068400508,-3.07728593212,,,,,-0.774793648061,-3.87145160159,-3.50057801079,,,,,,-3.79893914562,,-2.85805226467,,-4.12341555658,,-3.46209382526,-4.37430829232,-3.90982779675,-4.23570122713,-4.33801453238,-4.19264577324,,-3.83930463572,-4.32480241701,-4.19435806476,-4.13494080195,,-4.33603543167,-2.29804877015,,,-4.20547463286,-4.22016639873
URIN09,"L3MBTL3",ENSG00000198945,5.408412,-4.0608109149,-3.99014566071,-4.31910935604,,-3.962453999721557,-4.17137938285,-4.78763420473,,-2.17684751044,-1.8005850043,,-3.90331070165,-3.01034621564,,,,,-0.695811413538,-4.01812090554,-3.68549558202,,,,,,-3.95921677203,,-3.23240649239,,-4.26838502333,,-3.68407884135,-4.25456003232,-4.11896545631,-4.33362249057,-4.45696398061,-4.28996650917,,-3.82159524946,-4.38676826782,-4.28715350472,-4.27303750779,,-4.38906353306,-2.38713020146,,,-4.38263393697,-4.36490825154
WEIG02,"L3MBTL3",ENSG00000198945,10.224586,4.83605565121,4.79399721933,5.3938677274,,5.656047996558136,5.12083434018,4.69291514858,,3.69390312741,2.87917982382,,5.2173948174,2.50471079763,,,,,0.910725398145,4.04794205235,3.47003958216,,,,,,5.3294522616,,3.54791983808,,5.4932288311,,5.21166863928,4.46818813025,5.46919371781,4.41944112476,4.96457293355,5.24640026114,,4.63410299964,5.32728841958,5.44283285113,4.88709247833,,5.33921284247,4.42829784865,,,5.52805523405,5.22439786059
WEIG03,"L3MBTL3",ENSG00000198945,11.373126,4.40170258671,4.41410104225,5.13301686011,,5.285639850237281,4.79776647587,4.43667987145,,3.41118744632,2.64533105542,,4.90287350863,2.46332763796,,,,,0.89270409997,3.69807020316,3.34389250088,,,,,,5.05080810178,,3.19930439714,,5.30944536218,,4.8725475869,4.46538068438,5.23231640239,4.31054040413,4.68661111727,5.08006024285,,4.4834485044,5.05263240679,5.16866553373,4.542476642,,5.06714086005,4.41631595491,,,5.21279066485,4.99095851333
WEIG04M,"L3MBTL3",ENSG00000198945,9.412974,5.2264078359,4.86425864256,5.4533666292,,5.467494670704762,5.28162062956,5.12000976652,,3.82464332413,3.47530785474,,5.36712211012,3.8506596813,,,,,1.72573431182,3.29945668324,4.61166950232,,,,,,5.14255456462,,3.7427903106,,5.50421577975,,4.74402561822,5.06493542164,5.56342101313,5.20175414604,5.3366082253,5.32017366593,,4.94170806814,5.64778479122,5.47626929369,5.20674590699,,5.10388137452,4.54500539845,,,5.56523678258,5.87149552652
WEIG05F,"L3MBTL3",ENSG00000198945,11.766116,5.98297944821,4.83271820052,5.79705434027,,6.070473358277065,5.67272803209,5.34758900925,,4.93539463512,1.93814109795,,5.56459311231,2.47627638461,,,,,1.4477660948,3.25970096714,4.95794940107,,,,,,5.42805989182,,4.16566093408,,5.86647532334,,5.3725413551,4.85539238201,5.3390627619,4.43616678329,5.37288374952,5.43289528514,,5.03103318074,5.93375636403,5.93540918055,5.58572398667,,5.46544215541,4.42371434506,,,5.70467898885,5.66669841472
WHIP05,"L3MBTL3",ENSG00000198945,7.302971,-4.08386851751,-4.08015976579,-4.70807520979,,-4.219626882595736,-4.6684523194,-4.55339532776,,-4.76192383407,-0.53888296779,,-4.55642474661,-3.1445774371,,,,,-2.0728562103,-2.99630908534,-3.52940961051,,,,,,-4.72232889569,,-2.79925809857,,-4.63174140207,,-4.49565561091,-4.99084458886,-3.91348540244,-3.66404968798,-4.6128035082,-4.5138013782,,-4.09143046939,-4.8609246691,-4.7329688204,-4.32184989398,,-4.74832074852,-2.25933779695,,,-4.91032353887,-4.36761172038
WHIP06,"L3MBTL3",ENSG00000198945,7.617965,-4.02134776925,-4.06120919751,-4.66834360455,,-4.195790597950755,-4.63093014154,-4.49489440522,,-4.74129159922,-0.528550058033,,-4.49262391469,-3.10007029235,,,,,-2.04720588539,-2.9808571222,-3.46016954518,,,,,,-4.6968771701,,-2.78952980524,,-4.56184112383,,-4.44274213857,-4.93050462861,-3.8815310014,-3.584149935,-4.56219314512,-4.44746873902,,-4.05294066029,-4.81189378696,-4.70151291298,-4.27597774287,,-4.68724726775,-2.24532830184,,,-4.86155565131,-4.32889640832
