code,target,ENSEMBL,association,Adipose_Subcutaneous,Adipose_Visceral_Omentum,Breast_Mammary_Tissue,Muscle_Skeletal,DGN_Whole_Blood,Whole_Blood,Artery_Aorta,Artery_Coronary,Artery_Tibial,Heart_Atrial_Appendage,Heart_Left_Ventricle,Spleen,Brain_Amygdala,Brain_Anterior_cingulate_cortex_BA24,Brain_Caudate_basal_ganglia,Brain_Nucleus_accumbens_basal_ganglia,Brain_Putamen_basal_ganglia,Brain_Cerebellar_Hemisphere,Brain_Cerebellum,Brain_Cortex,Brain_Frontal_Cortex_BA9,Brain_Hippocampus,Brain_Hypothalamus,Brain_Spinal_cord_cervical_c-1,Brain_Substantia_nigra,Nerve_Tibial,Cells_Transformed_fibroblasts,Cells_EBV-transformed_lymphocytes,Colon_Sigmoid,Colon_Transverse,Esophagus_Gastroesophageal_Junction,Esophagus_Mucosa,Esophagus_Muscularis,Liver,Minor_Salivary_Gland,Small_Intestine_Terminal_Ileum,Stomach,Adrenal_Gland,Pituitary,Pancreas,Thyroid,Lung,Ovary,Prostate,Testis,Uterus,Vagina,Skin_Not_Sun_Exposed_Suprapubic,Skin_Sun_Exposed_Lower_leg
BFPC04B,"SLC26A8",ENSG00000112053,2.273950,-3.10673142852,-2.67128610768,-2.56430957893,,-1.6821027441742498,0.0462935774032,,,-2.67771268288,,-5.97899394178,-0.938765907118,,0.162886395568,-2.41148692387,,,-0.58128082799,-0.789810176313,-1.1357938224,1.61934759463,-0.258598452028,1.37880146915,,,-2.59861278421,-1.79224683738,,,-2.66955788423,-0.666953402389,-0.913269724661,-2.7303447018,,,,,-3.89734509124,,,-2.9361848899,,,,-0.0862026926517,,,-2.95952943445,-3.68595100619
BFPC04M,"SLC26A8",ENSG00000112053,2.693661,-4.06276385994,-3.39108456768,-3.38495408361,,-1.8313744771353684,0.196861256096,,,-3.2070798536,,-5.49797541093,-1.32129581241,,-0.132824216337,-1.65671870635,,,-1.11990453195,-1.92256388347,-1.66441903955,0.439312503424,-0.877490933741,1.69843653419,,,-3.43164420968,-2.43237900696,,,-3.51156870377,-1.95416829491,-1.88502637915,-3.91402900722,,,,,-4.62928223629,,,-4.11303407523,,,,-1.19479780429,,,-3.75019449637,-5.15831466048
BFPC04,"SLC26A8",ENSG00000112053,2.586080,-2.60498323857,-2.25783923122,-2.11760043284,,-1.5682674763878486,-0.0436453533881,,,-2.31394513189,,-5.66441784246,-0.762024566932,,0.25185391077,-2.47959156598,,,-0.468761281791,-0.48618077536,-0.950037752201,1.77667260674,-0.139529056592,1.16789797103,,,-2.17111279346,-1.48317161074,,,-2.21969940218,-0.235144066867,-0.523964014114,-2.20793146955,,,,,-3.41380371564,,,-2.39716809877,,,,0.230828044599,,,-2.51818662551,-3.02221164296
BLOO26,"SLC26A8",ENSG00000112053,4.562075,-0.227781543274,0.0686166127032,0.53431855709,,-4.843943032558841,-2.84453734885,,,0.891343575746,,0.611548922226,-1.6733498409,,-1.14363512271,-4.27831317123,,,-3.26570406447,-1.8403879607,-0.249288858488,-0.46645204776,-2.41371257651,-2.3487263917,,,0.20357087046,0.950417265961,,,0.0293872864682,-0.150187436176,0.944633758447,-0.675344216019,,,,,-0.455209040142,,,-0.640154106624,,,,1.57229583288,,,-0.0684035552375,0.236077329598
BODY08B,"SLC26A8",ENSG00000112053,0.797294,-2.41150406894,-1.85132558337,-1.62987500233,,-1.1844899346149846,-0.0247586033003,,,-1.81147371302,,-5.14879794132,-0.0846417925629,,-0.0650480395347,-1.95628980962,,,0.92912404873,-1.02077160638,-1.89686565067,0.0324260873653,-0.986665116639,0.488681251934,,,-1.87585758371,-1.73102219785,,,-1.64227289384,-0.337836076055,-0.874831966562,-1.29792318558,,,,,-2.92055920654,,,-2.32994501531,,,,0.271615016525,,,-1.91905239828,-3.28908835214
BODY08,"SLC26A8",ENSG00000112053,0.756144,-2.20095511471,-1.60838685957,-1.4122849119,,-1.2172563968888737,-0.17184839772,,,-1.6713577342,,-4.99154299477,-0.0124105448959,,-0.115844817297,-2.13686049331,,,0.861803496937,-0.829270001525,-1.79855622279,0.132238091987,-0.931905689088,0.351370345637,,,-1.62611967603,-1.53898771635,,,-1.40006024542,-0.0688153004966,-0.572446494567,-0.985975900854,,,,,-2.63191694535,,,-1.99128486104,,,,0.448738313817,,,-1.69091345152,-2.85616538044
HEIG03,"SLC26A8",ENSG00000112053,11.111933,2.06099540808,1.32028365773,1.7346215379,,-4.073954395652341,-4.22381868171,,,1.74777546247,,3.09103369461,-2.55317579209,,-4.18375021804,-0.736399537472,,,0.222783097774,-0.0420453074114,1.06036507779,-1.72297684191,-2.97723289402,-3.84033724066,,,2.07086356801,1.74006273872,,,0.866877461816,5.56772454411,4.47077492034,0.82147672882,,,,,1.9697932177,,,1.3421427729,,,,4.54847125927,,,1.99408921765,1.91906431307
LEAN06B,"SLC26A8",ENSG00000112053,7.244400,0.772689184538,1.06312714059,1.42714554561,,-3.3671985659254626,-3.61415124457,,,1.7381148567,,0.551656199087,-0.997524002568,,-3.9950235497,-1.63315779018,,,0.14033785058,-2.09689388124,-0.885777763781,-3.39086793956,-3.96025067853,-4.3374980676,,,1.58521861377,0.224064811184,,,1.10597249558,3.40243501822,3.08849786932,0.888821501593,,,,,0.794926064793,,,0.342364568191,,,,3.9191977076,,,1.59853660599,0.498730541181
LEAN06,"SLC26A8",ENSG00000112053,8.372092,1.02565785748,1.0230896298,1.59260090824,,-3.156068847412037,-3.43342275597,,,1.92731639116,,0.995304984128,-0.751019735181,,-3.47735430824,-1.18854619042,,,0.695122492975,-1.80104163119,-0.602519898619,-3.59203801111,-3.8350205251,-4.22322825211,,,1.64099355581,0.02133441326,,,1.22486756249,3.4830079584,3.20449606169,1.08730950102,,,,,0.96435010918,,,0.387311860402,,,,4.31632861703,,,1.7458934968,0.555299925077
