code,target,ENSEMBL,association,Adipose_Subcutaneous,Adipose_Visceral_Omentum,Breast_Mammary_Tissue,Muscle_Skeletal,DGN_Whole_Blood,Whole_Blood,Artery_Aorta,Artery_Coronary,Artery_Tibial,Heart_Atrial_Appendage,Heart_Left_Ventricle,Spleen,Brain_Amygdala,Brain_Anterior_cingulate_cortex_BA24,Brain_Caudate_basal_ganglia,Brain_Nucleus_accumbens_basal_ganglia,Brain_Putamen_basal_ganglia,Brain_Cerebellar_Hemisphere,Brain_Cerebellum,Brain_Cortex,Brain_Frontal_Cortex_BA9,Brain_Hippocampus,Brain_Hypothalamus,Brain_Spinal_cord_cervical_c-1,Brain_Substantia_nigra,Nerve_Tibial,Cells_Transformed_fibroblasts,Cells_EBV-transformed_lymphocytes,Colon_Sigmoid,Colon_Transverse,Esophagus_Gastroesophageal_Junction,Esophagus_Mucosa,Esophagus_Muscularis,Liver,Minor_Salivary_Gland,Small_Intestine_Terminal_Ileum,Stomach,Adrenal_Gland,Pituitary,Pancreas,Thyroid,Lung,Ovary,Prostate,Testis,Uterus,Vagina,Skin_Not_Sun_Exposed_Suprapubic,Skin_Sun_Exposed_Lower_leg
BFPC02B,"C11orf49",ENSG00000149179,2.367381,-2.82144217127,,,-2.5970826248,-3.733397994340992,,,,,-0.832111561218,,,,2.48329528889,-0.853966569402,,,,-1.82225619346,,,,,,,-1.98822950934,,,,,,-3.77818281205,-3.7150647225,-0.615487782025,,,,,,0.280144821838,-2.01141763812,-2.89282863108,,,0.29921895858,-6.86890434638,,-2.02577186822,-2.97881893293
BFPC02M,"C11orf49",ENSG00000149179,2.015855,-3.05939429149,,,-2.41952974076,-3.5273464426424637,,,,,-0.86653637119,,,,2.57251014405,-0.495812553571,,,,-1.76551390257,,,,,,,-2.08130336669,,,,,,-3.30966037364,-3.15292115122,-1.05300762584,,,,,,-0.256105549744,-1.92193989258,-2.60333461529,,,-0.23116821086,-6.03496137345,,-2.36432919109,-3.06201693122
BFPC02,"C11orf49",ENSG00000149179,1.993235,-2.5211511413,,,-2.43383554163,-3.505291648754291,,,,,-0.735466717812,,,,2.25046114677,-0.990926210816,,,,-1.71520190332,,,,,,,-1.80057982944,,,,,,-3.61245787568,-3.61020955782,-0.404773647501,,,,,,0.454859933235,-1.85200702744,-2.7710810356,,,0.394962792663,-6.46552964147,,-1.75085807357,-2.69450746296
BFPC03B,"C11orf49",ENSG00000149179,2.034718,-2.78998497145,,,-2.52931502736,-3.671818970777243,,,,,-0.739318580968,,,,2.40672092119,-1.02010457628,,,,-1.94367411275,,,,,,,-1.78976739937,,,,,,-3.6536192194,-3.62978335505,-0.650532122886,,,,,,0.23175417416,-1.96363612791,-2.93767723479,,,0.283163387192,-6.80890557976,,-2.00532647788,-2.95140485143
BFPC03M,"C11orf49",ENSG00000149179,1.894933,-3.09638800365,,,-2.44588161482,-3.548093491828463,,,,,-0.885942932193,,,,2.57828615072,-0.502960816177,,,,-1.80891176236,,,,,,,-2.07711277362,,,,,,-3.33742799296,-3.19225968914,-1.10093230145,,,,,,-0.323439227642,-1.97295890161,-2.6667237817,,,-0.261263803572,-5.98715920633,,-2.37817036299,-3.10349137763
BFPC03,"C11orf49",ENSG00000149179,1.949968,-2.45980431241,,,-2.33050346829,-3.409587756777282,,,,,-0.604961888012,,,,2.14952883452,-1.18450466555,,,,-1.84076357494,,,,,,,-1.55155706746,,,,,,-3.43121920359,-3.48023017574,-0.426619453145,,,,,,0.421272455458,-1.76803080542,-2.78591956597,,,0.389539903743,-6.39355983185,,-1.7129125756,-2.63542925584
BFPC04B,"C11orf49",ENSG00000149179,4.873187,-3.02071436469,,,-2.51969057865,-3.1598007502916694,,,,,-0.809758704872,,,,3.90211620299,-1.12134032113,,,,-1.62073021131,,,,,,,-2.7115315754,,,,,,-4.53240099121,-4.8234207871,-0.585491286123,,,,,,0.223785241172,-1.78138063804,-3.74982780073,,,0.745960116568,-7.13324680782,,-1.86938620182,-3.37737719142
BFPC04M,"C11orf49",ENSG00000149179,4.331959,-4.30115809911,,,-3.17682566535,-3.673874712971846,,,,,-1.47474987907,,,,4.81036817766,-0.415733208491,,,,-2.07354510897,,,,,,,-3.8664393614,,,,,,-5.35563924503,-4.49514710606,-1.64363873968,,,,,,-1.02147164604,-2.36191136918,-4.30856399846,,,-0.481981515573,-6.45696567345,,-3.24359395878,-4.29117144107
BFPC04,"C11orf49",ENSG00000149179,4.350334,-2.47953071343,,,-2.16912101082,-2.8058711144092605,,,,,-0.608818839798,,,,3.37165062383,-1.25946920897,,,,-1.39743926819,,,,,,,-2.21345108649,,,,,,-3.98703462115,-4.57708141052,-0.248992856475,,,,,,0.547433799482,-1.47498997214,-3.3450095424,,,0.961816885203,-6.81837454924,,-1.39181343939,-2.88737224552
BLOO05,"C11orf49",ENSG00000149179,4.586952,2.87330126267,,,4.65219459379,3.476118651490977,,,,,2.89025168379,,,,-3.15817227215,-3.36818125652,,,,-1.29486151122,,,,,,,4.02776948938,,,,,,5.0794960788,2.49128072315,0.549455643334,,,,,,0.466618004458,3.00572585241,2.85675876787,,,-0.577954824583,5.29777836745,,1.59651867649,3.49843377975
BLOO11,"C11orf49",ENSG00000149179,5.693596,-5.91177448336,,,-5.80227833486,-6.078581889150556,,,,,-1.83860011968,,,,4.10380730931,-0.774787082946,,,,-2.4367137295,,,,,,,-5.35027280606,,,,,,-5.67445180909,-4.53239553277,-4.04513525977,,,,,,-3.35154286597,-3.98897641444,-4.00964940159,,,-1.86307780412,-2.64937195077,,-4.25497153845,-5.23680872842
BLOO24,"C11orf49",ENSG00000149179,6.075731,-6.1062927724,,,-6.61837527894,-6.3164979572055575,,,,,-2.62323005929,,,,4.21508620646,2.5733661069,,,,-0.380408027064,,,,,,,-6.15118272787,,,,,,-5.71300455689,-3.78529372121,-2.1730687811,,,,,,-2.24132867419,-4.0699316077,-3.49644044263,,,-2.2562674148,-3.03247978914,,-4.55100646425,-5.22348946766
BLOO28,"C11orf49",ENSG00000149179,5.825388,3.31624089683,,,4.72528315235,4.2903447972936615,,,,,2.60465361397,,,,-3.92364558839,-0.827582604715,,,,0.261922611772,,,,,,,4.19421516712,,,,,,5.97514724186,3.56938198501,2.47719795411,,,,,,1.78896229563,3.29167349719,3.72208722725,,,-0.728846127549,5.33389957045,,1.53893233683,4.15054990603
BODY06B,"C11orf49",ENSG00000149179,1.325828,-2.06018004803,,,-1.8137266889,-2.852963690517661,,,,,-0.328605157791,,,,2.71939237617,0.788747154804,,,,0.0587031569968,,,,,,,-1.80963274678,,,,,,-3.22848729151,-3.15017051832,-0.842279365576,,,,,,-0.137079210169,-1.8501562727,-1.95479569084,,,1.19419753982,-4.74580639811,,-0.908984293209,-2.88595829777
BODY08B,"C11orf49",ENSG00000149179,3.454309,-2.73009923559,,,-2.22099697176,-2.638202546461697,,,,,-0.441578224086,,,,4.41173286064,0.834187175564,,,,0.0857927743818,,,,,,,-2.68908295235,,,,,,-4.571835446,-4.93440397116,-0.839224970132,,,,,,-0.686532587891,-2.08362521747,-3.23638244659,,,1.31302708071,-4.51498811389,,-0.917950395428,-3.76855017332
BODY08,"C11orf49",ENSG00000149179,3.445220,-2.33936900756,,,-2.06606498587,-2.523654253111349,,,,,-0.426674934092,,,,4.0187889981,0.666665274667,,,,0.320006593135,,,,,,,-2.46927254645,,,,,,-4.35657910268,-4.79359003083,-0.493161435401,,,,,,-0.385925614414,-1.85530725779,-2.9509448475,,,1.41332357846,-4.14792258932,,-0.578291459815,-3.35592401796
CHOL22,"C11orf49",ENSG00000149179,15.610267,3.62352563746,,,5.83887827487,7.0855482869602024,,,,,0.80955245688,,,,-3.03429694147,1.78871780218,,,,1.79410812323,,,,,,,7.17650302163,,,,,,7.52071849717,2.68536758941,3.16339754673,,,,,,-0.471659644726,2.96822153362,2.82084786786,,,-3.82344574076,3.3854466342,,3.92142863759,3.49549706737
FATM02B,"C11orf49",ENSG00000149179,2.141090,-2.48390156556,,,-2.25083677311,-3.2121068994376683,,,,,-0.459223593393,,,,2.69731433293,0.501042944825,,,,-0.427896821615,,,,,,,-1.5854598767,,,,,,-2.90589302188,-3.10324539899,0.0899311585607,,,,,,0.277175595787,-1.73912084222,-2.21185310816,,,0.298103458724,-6.20607775313,,-1.46467542649,-2.78324191739
FATM02M,"C11orf49",ENSG00000149179,0.996971,-2.77526975691,,,-2.15003353351,-3.0843147482286355,,,,,-0.643867891949,,,,2.43341706631,0.458126282204,,,,-0.752862236753,,,,,,,-1.72631729173,,,,,,-2.56516397802,-2.63922764749,-0.700817796003,,,,,,-0.286763298628,-1.71192853447,-1.94304570014,,,-0.0644262369738,-5.59619610789,,-2.02623050901,-2.91741032559
FATM02,"C11orf49",ENSG00000149179,1.796614,-2.20900798946,,,-2.09643874654,-2.996843188252579,,,,,-0.344321661486,,,,2.55685518638,0.374402852829,,,,-0.332437310722,,,,,,,-1.40476357138,,,,,,-2.76624125367,-3.01065722185,0.314226038074,,,,,,0.437406188345,-1.59392816023,-2.14560028028,,,0.350110981543,-5.75959334163,,-1.1758405436,-2.51264264996
FATM03B,"C11orf49",ENSG00000149179,1.805042,-2.45481361575,,,-2.18939309101,-3.139900905081487,,,,,-0.387212515744,,,,2.67059765693,0.388071838607,,,,-0.516746999574,,,,,,,-1.3972113858,,,,,,-2.78576206125,-3.01775728859,0.0679002521562,,,,,,0.206895946636,-1.70081668074,-2.24806224743,,,0.234871448538,-6.10228096932,,-1.45667486122,-2.75750048814
FATM03M,"C11orf49",ENSG00000149179,1.042536,-2.80134529401,,,-2.16432864151,-3.0843743565920616,,,,,-0.658963780773,,,,2.42955026519,0.450457403499,,,,-0.788847699838,,,,,,,-1.71377708009,,,,,,-2.58169286228,-2.67277559964,-0.739002638245,,,,,,-0.35355270592,-1.76455920628,-1.99835031538,,,-0.087245071053,-5.52030745851,,-2.02836732292,-2.95108058284
FATM03,"C11orf49",ENSG00000149179,1.529075,-2.15528245685,,,-2.00534699571,-2.8959915729493177,,,,,-0.242723557988,,,,2.52082908694,0.24597995671,,,,-0.423239706726,,,,,,,-1.17169588371,,,,,,-2.59605479083,-2.8849105798,0.301682718527,,,,,,0.376037431187,-1.52049094468,-2.1529310788,,,0.283887078506,-5.65041481256,,-1.16000102371,-2.45890771442
FATM04B,"C11orf49",ENSG00000149179,3.226923,-2.72681470087,,,-1.97007558025,-2.3336526489779126,,,,,-0.238510802445,,,,4.33950823374,0.439808519093,,,,-0.303294501082,,,,,,,-1.49863544974,,,,,,-3.19420668259,-4.30375887764,0.190622514783,,,,,,-0.263125710608,-1.58504294202,-3.16363093585,,,0.230911736602,-5.97349958698,,-1.11500354818,-3.22201981221
FATM04M,"C11orf49",ENSG00000149179,3.155660,-4.08959777164,,,-2.73671024031,-2.9877762695161287,,,,,-0.857428527674,,,,4.90709590193,0.557558454854,,,,-1.31898837751,,,,,,,-2.75209482647,,,,,,-4.15836010576,-4.16959046702,-1.23708406143,,,,,,-1.38895617736,-2.21917692465,-3.84343853545,,,-0.623816658903,-5.9224366063,,-2.69724277914,-4.25420471863
FATM04,"C11orf49",ENSG00000149179,2.692697,-2.17638940032,,,-1.62935392874,-1.9963035663245272,,,,,-0.0878110100662,,,,3.84620503332,0.330431542152,,,,-0.00818221557145,,,,,,,-1.06563175396,,,,,,-2.70374023008,-4.04030390213,0.567508155784,,,,,,0.0647685780937,-1.27848119478,-2.75791603678,,,0.410658941943,-5.55286861016,,-0.621087568984,-2.70167077362
GLYC03,"C11orf49",ENSG00000149179,17.507743,-1.38375344331,,,1.6738956564,0.9142761202899661,,,,,-0.0391286686902,,,,3.76742095993,-0.18133734404,,,,0.567962563943,,,,,,,0.618059177832,,,,,,-1.34055737296,-1.72227889813,-2.45812062502,,,,,,-2.01254013739,-1.71125650889,-4.82013351756,,,0.00123859534622,-1.70698188975,,1.16934749761,-2.70427415397
GLYC19,"C11orf49",ENSG00000149179,9.386951,1.11665084521,,,4.2771159225,3.8119527824941866,,,,,1.70335139206,,,,0.323394939515,0.145147879995,,,,-1.09488407617,,,,,,,4.46784848504,,,,,,3.88353935478,-0.126144478864,0.554809470266,,,,,,-1.13802790369,1.22512257938,-0.340414702,,,-1.21792930857,-1.59670848798,,2.1421878347,0.531460681253
HEIG03,"C11orf49",ENSG00000149179,2.604516,1.07100501797,,,2.02986560326,2.953385963076933,,,,,-0.537698936036,,,,-1.12368617737,3.08999671925,,,,0.250493446309,,,,,,,5.23265710313,,,,,,4.1397086154,2.78124333061,3.74398083485,,,,,,-0.425599768092,1.20786631586,0.442527438318,,,-2.08679293853,-1.46481529414,,2.13791628658,0.917034611521
LEAN06B,"C11orf49",ENSG00000149179,8.766395,-0.237406862849,,,0.90890950106,1.0116653792234638,,,,,1.84573864722,,,,3.27545468203,3.89138582985,,,,2.78690210167,,,,,,,2.91344085731,,,,,,1.96467077757,-1.29134873607,1.83513919663,,,,,,-1.50451500656,-0.74152240902,-0.445824530854,,,-1.45492231556,-0.861327562656,,1.82943230284,-1.11423248548
LEAN06,"C11orf49",ENSG00000149179,7.784891,-1.24672630927,,,0.214719511049,0.3989920148511357,,,,,1.49829102974,,,,3.69409010915,3.79108753617,,,,2.27720000667,,,,,,,2.3344947659,,,,,,1.3370529059,-1.91384648046,0.959557344529,,,,,,-2.04965276366,-1.26026722262,-1.05674016249,,,-1.62889161772,-1.43959053798,,0.772568679714,-2.01836595915
MENA02F,"C11orf49",ENSG00000149179,2.933562,2.10377952781,,,2.49742887742,2.803576309795328,,,,,3.39080770273,,,,-4.63603834259,-2.32952210445,,,,-2.81763245073,,,,,,,3.4432184585,,,,,,5.10231971175,2.81990705034,0.176948197665,,,,,,0.470713251273,1.5231152396,2.45630287443,,,1.08922243205,2.32718624486,,1.66386497788,2.36052685421
NEUR02B,"C11orf49",ENSG00000149179,6.155417,1.83274511304,,,-0.561561566516,0.3949385163523317,,,,,1.10558361649,,,,-2.45040673137,0.650162254768,,,,1.99301928882,,,,,,,-1.0540655728,,,,,,1.52852239885,1.78034235902,5.20059010694,,,,,,4.01722564064,3.21935793445,3.31457611428,,,0.162757247478,3.69754334753,,0.493871426302,3.28737361037
OSTE04,"C11orf49",ENSG00000149179,26.856891,-3.07858657435,,,0.793543275282,1.4182654951565918,,,,,-0.191756569994,,,,6.2291994812,3.38981433269,,,,0.231274020204,,,,,,,5.45940923259,,,,,,0.875388768056,-2.19884842627,-6.85135859933,,,,,,-8.45603727941,-5.02213212041,-4.55870439463,,,-5.45031040951,-3.89802228986,,-0.633317602659,-5.15832417539
PUTA01,"C11orf49",ENSG00000149179,1.543801,-2.82790790443,,,-2.72257283444,-2.1794681112689798,,,,,-1.59032716539,,,,2.12296507949,0.610285380891,,,,-1.07663549587,,,,,,,-0.0316692547711,,,,,,-2.38742869535,-2.93639420218,-2.19770626063,,,,,,-2.30976436541,-2.51729791702,-3.28630222298,,,-1.33952394988,-4.95180278452,,-2.24983041891,-3.15686643509
SCHI01,"C11orf49",ENSG00000149179,5.943248,-4.81544904379,,,-4.59469090217,-3.1089385700514303,,,,,-1.29823652885,,,,5.73374179439,3.72475121599,,,,0.402520287554,,,,,,,-0.990726809394,,,,,,-2.64434817261,-1.72640013575,-2.37406662042,,,,,,-3.51363041589,-3.96570749632,-4.61032097855,,,-4.66908177225,-2.56830353709,,-4.13277707378,-4.77529824627
SCHI02M,"C11orf49",ENSG00000149179,4.650353,-3.97610887413,,,-3.66676597732,-2.008922007146389,,,,,-1.54869548266,,,,5.26445558926,3.58583608744,,,,1.19092905148,,,,,,,-0.668212374053,,,,,,-2.2761487148,-2.05948280636,-1.9282132912,,,,,,-3.09363931602,-3.28076883573,-4.27739315899,,,-4.49256315621,-1.96272369495,,-3.09226917753,-3.87450900716
SCHI02,"C11orf49",ENSG00000149179,5.438553,-4.79955710948,,,-4.70460353899,-3.2064057870310987,,,,,-1.49130195253,,,,5.42254519036,3.55967120752,,,,0.0903262616384,,,,,,,-1.05338887611,,,,,,-2.7179693592,-1.39803254389,-2.55910627735,,,,,,-3.54675473879,-3.96075762338,-4.65489352452,,,-4.49736776184,-2.40447815172,,-4.17277353697,-4.77529824627
