code,target,ENSEMBL,association,Adipose_Subcutaneous,Adipose_Visceral_Omentum,Breast_Mammary_Tissue,Muscle_Skeletal,DGN_Whole_Blood,Whole_Blood,Artery_Aorta,Artery_Coronary,Artery_Tibial,Heart_Atrial_Appendage,Heart_Left_Ventricle,Spleen,Brain_Amygdala,Brain_Anterior_cingulate_cortex_BA24,Brain_Caudate_basal_ganglia,Brain_Nucleus_accumbens_basal_ganglia,Brain_Putamen_basal_ganglia,Brain_Cerebellar_Hemisphere,Brain_Cerebellum,Brain_Cortex,Brain_Frontal_Cortex_BA9,Brain_Hippocampus,Brain_Hypothalamus,Brain_Spinal_cord_cervical_c-1,Brain_Substantia_nigra,Nerve_Tibial,Cells_Transformed_fibroblasts,Cells_EBV-transformed_lymphocytes,Colon_Sigmoid,Colon_Transverse,Esophagus_Gastroesophageal_Junction,Esophagus_Mucosa,Esophagus_Muscularis,Liver,Minor_Salivary_Gland,Small_Intestine_Terminal_Ileum,Stomach,Adrenal_Gland,Pituitary,Pancreas,Thyroid,Lung,Ovary,Prostate,Testis,Uterus,Vagina,Skin_Not_Sun_Exposed_Suprapubic,Skin_Sun_Exposed_Lower_leg
BLOO01,"PIGC",ENSG00000135845,10.380604,-2.4937665759,-0.319665828946,,-0.812045369714,0.3145125363073575,-5.65774493991,-0.955339962905,,-1.42169632092,,-3.58421945237,-8.17029165887,-4.18105314624,,,,,,-4.80724317116,-2.81045256373,,,-2.96475514548,,,-2.44171879995,,,0.269654509849,-0.81817525032,,0.461141609952,,,,,,,,,-0.645172383987,,,,-2.16739524243,,,,-1.21192107126
BLOO02,"PIGC",ENSG00000135845,7.003029,-1.33731592832,-0.76558483708,,-0.532367184469,1.0419868169844566,3.50211225993,2.29078607025,,0.676848534328,,-1.65923693419,0.430907909995,3.39117500154,,,,,,2.76208583873,-0.429749351761,,,3.76764406659,,,-0.58835807558,,,3.28307162039,2.17666552185,,-1.03894296751,,,,,,,,,-1.16284774618,,,,0.882420523603,,,,2.41915269728
BLOO23,"PIGC",ENSG00000135845,27.081440,-2.87743445307,-2.54042659578,,-2.65322464564,0.9510382734890476,-11.3521857254,-6.2426308033,,-3.33177573033,,-0.0519831974678,-8.553156111,-5.53826627225,,,,,,-10.3833301108,-5.43085956778,,,-9.70506640174,,,-4.92073238204,,,-1.87378373181,-3.22870799377,,1.24968257777,,,,,,,,,-2.72910791534,,,,-6.10072951019,,,,-1.93948751126
BLOO29,"PIGC",ENSG00000135845,12.828391,1.18108885656,0.116009589394,,-0.725552829118,2.993322094530012,4.65768563319,-0.14238696599,,-0.640134421819,,5.15144504088,8.11808868812,5.59566970181,,,,,,2.60280500057,0.0141512258942,,,0.437866316592,,,0.62702132327,,,-1.84808542502,1.90437028825,,2.08966820663,,,,,,,,,-1.9349500646,,,,2.1876596937,,,,2.30437174991
BLOO33,"PIGC",ENSG00000135845,4.481868,-2.25391307861,-0.256555566287,,-1.15167034686,1.810543819114484,-4.28434537449,-1.34084693705,,-2.01710710419,,-1.19582305636,-5.25609096618,-1.96099855488,,,,,,-4.2846337022,-2.9958303598,,,-3.40539446284,,,-2.43200358323,,,-0.739265379585,-0.0513007210388,,1.63608418271,,,,,,,,,-1.64860117191,,,,-1.42950939873,,,,-0.200592855504
BLOO34,"PIGC",ENSG00000135845,25.034568,2.32468575338,1.62585747255,,0.394478152038,2.145446202314799,8.12126716111,1.72735654507,,-0.233627628263,,6.51627194404,12.2559450075,9.20744353599,,,,,,5.05912373435,1.98100794597,,,2.16844171264,,,2.57557469667,,,-0.863304694965,2.94887574991,,2.18367565254,,,,,,,,,-1.56739201442,,,,2.1833689764,,,,3.82860063892
BLOO35,"PIGC",ENSG00000135845,20.932148,-3.7566032706,-2.18285594138,,-2.88200648127,1.168514942619385,-9.03778057254,-6.07915320802,,-4.74627350081,,-0.695838235204,-6.74876346721,-4.13501517646,,,,,,-7.98741890549,-2.97412631716,,,-7.40213300831,,,-4.94160306121,,,-0.783278938588,-3.48024459613,,1.5532597684,,,,,,,,,-2.73333725153,,,,-3.66947946395,,,,-2.8579460558
HEIG03,"PIGC",ENSG00000135845,12.355168,6.37084335396,7.71451605695,,5.7524231692,0.032342506098485886,5.5080296746,5.40214498363,,8.3967584447,,4.73153549747,7.5541654539,1.29842862917,,,,,,3.76015094672,0.981309550552,,,3.54038914419,,,6.69096896262,,,4.73917046695,3.68995836127,,3.16112684996,,,,,,,,,3.65002388999,,,,2.63147782798,,,,5.21507236318
HEIG04F,"PIGC",ENSG00000135845,4.700667,3.17023937432,4.91045539462,,1.73572365796,1.039277044535777,3.66678058685,2.6999535574,,3.76437591527,,1.27952754424,5.30401573162,0.471760602402,,,,,,2.47404977891,0.024421937987,,,1.69059923992,,,2.95663024342,,,1.79489636998,1.22571428932,,2.33850312326,,,,,,,,,1.77430399016,,,,1.67826569248,,,,1.85647128712
HIPC01M,"PIGC",ENSG00000135845,5.659179,1.15599707966,0.111759091275,,0.244276308789,-2.2096537589033005,-2.60901562377,-1.74302643761,,-0.478510759374,,2.01724134917,-0.777542713392,-2.34654021793,,,,,,-1.14291854598,1.52319445911,,,-2.97312091136,,,0.0293792032138,,,-2.22502334984,-1.81062226458,,-0.432972537668,,,,,,,,,1.33904276292,,,,1.88113244337,,,,-3.38747300238
HIPC01,"PIGC",ENSG00000135845,6.567624,2.79863523131,1.43799100922,,2.0641727364,-3.3513872490416405,-2.33523969208,-0.0828416930191,,1.73784074286,,2.37471675266,-0.671719465146,-2.08596610527,,,,,,-1.33181382717,0.92390075543,,,-1.94856283254,,,1.98368091011,,,-0.858476602336,-1.76658524101,,0.64124495237,,,,,,,,,2.98300720784,,,,2.02818105861,,,,-2.07363093505
HIPC02M,"PIGC",ENSG00000135845,6.383545,1.27400318087,0.124101268125,,0.553776414191,-2.181698704031594,-2.71688837866,-1.46855393233,,-0.289170548017,,2.0841118645,-0.935298688966,-2.33473066241,,,,,,-1.31675673675,1.27581634257,,,-2.42286840656,,,0.284670093185,,,-2.08902804965,-1.67335140095,,-0.127886095657,,,,,,,,,1.40679680483,,,,1.22008288844,,,,-3.15976891251
HIPC02,"PIGC",ENSG00000135845,7.109367,3.05214423538,1.39692381811,,2.37503131205,-3.155533146551587,-2.48942436878,0.110015674278,,1.87043771045,,2.38195799568,-0.880671807846,-1.96111464461,,,,,,-1.43996200532,0.792614420994,,,-1.90907419151,,,2.13636424283,,,-0.669526769852,-1.42053829005,,0.89599442219,,,,,,,,,3.13445422785,,,,1.87336362404,,,,-1.6749599002
HIPC03,"PIGC",ENSG00000135845,10.670135,4.61826881761,2.80709282622,,3.41434394862,-4.776123576337403,-1.40830979393,-0.0238357135256,,2.78068007558,,4.47475078847,1.47516228601,-2.61431532379,,,,,,-0.10943936973,3.30069107951,,,-0.837358105417,,,3.9358144315,,,-1.53504773695,-1.06602434255,,-0.265398993196,,,,,,,,,3.99447388617,,,,3.75849715084,,,,-2.37932861814
HIPC04,"PIGC",ENSG00000135845,10.708698,4.68273281494,2.7881158727,,3.5000728698,-4.141911982481984,-1.56228889464,0.0687261067176,,2.74288623648,,4.34310180692,1.23703273826,-2.63104494059,,,,,,-0.185334768295,3.05411568589,,,-0.774755585931,,,3.65099712738,,,-1.37338928825,-0.39771773802,,-0.00841924944431,,,,,,,,,3.90330229225,,,,3.58831081956,,,,-1.75183605808
LEAN04B,"PIGC",ENSG00000135845,1.776115,3.99474775112,5.11687879225,,3.27051187532,1.279387110536623,1.79190042338,2.3619844031,,3.75466098094,,2.44881680741,1.99117096757,1.20675603445,,,,,,1.63935212602,-1.0242299711,,,1.7377614842,,,3.08251557841,,,0.984423664889,2.75742076603,,3.30349854355,,,,,,,,,1.82831177134,,,,2.14995353318,,,,2.1350183531
LEAN04,"PIGC",ENSG00000135845,2.443251,4.46686402527,5.36852208468,,3.8314863115,1.0435841759708555,1.92109152159,2.91933301571,,4.19764357862,,2.60878405935,2.00916415613,1.03451588616,,,,,,1.8752961516,-1.12403142291,,,1.9991454891,,,3.50951086263,,,1.01123457126,3.07348906836,,3.40214179324,,,,,,,,,2.53205484132,,,,2.43631422056,,,,2.13935374262
LEAN05B,"PIGC",ENSG00000135845,1.877784,4.04433452155,5.04578283487,,3.47073980097,1.176008085918776,1.7960347518,2.51883576886,,3.84434220878,,2.64659079634,2.00772565014,1.20074379305,,,,,,1.65838051559,-0.925297958163,,,1.78438993129,,,3.30521400457,,,0.97378229886,2.77929904267,,3.4180158127,,,,,,,,,2.08811319288,,,,2.22296781768,,,,2.07924473946
LEAN05,"PIGC",ENSG00000135845,2.309875,4.50673417891,5.32700301576,,3.96793439585,0.9720520814664821,1.96828032763,3.03909253727,,4.26957471863,,2.73466441802,2.05014660294,1.05320585642,,,,,,1.92463712297,-1.04605046071,,,2.06519369357,,,3.6669966812,,,1.01170725488,3.09104309936,,3.4472730329,,,,,,,,,2.69935638196,,,,2.49346403793,,,,2.11103053145
LEAN06B,"PIGC",ENSG00000135845,3.340398,5.30850418974,5.80594647411,,3.56200285533,2.511145027616958,2.38518646424,2.51479287371,,3.73455944067,,3.85873673781,4.5617545303,0.276720107892,,,,,,1.35235455815,-0.532489178273,,,1.21846805926,,,3.57077496372,,,0.504479466785,3.66605412999,,3.80383813422,,,,,,,,,2.18264995721,,,,2.28060464247,,,,3.02830902404
LEAN06M,"PIGC",ENSG00000135845,4.045584,4.66261079557,4.90461957478,,4.08008251749,1.4262157899725065,3.67114631212,3.49998596751,,4.1218702672,,3.86920717061,4.06432887885,1.0639521545,,,,,,2.9857668892,0.323790027154,,,2.93716953246,,,4.04085910613,,,-0.317178192199,3.91643518399,,2.50712018686,,,,,,,,,2.92385176102,,,,3.29098073107,,,,2.69295089828
LEAN06,"PIGC",ENSG00000135845,4.790539,5.55385120796,5.99304757183,,4.10097776004,2.3526318552939256,3.22331625687,3.15618282872,,4.27745772465,,4.27793438279,4.90457140107,0.604624446482,,,,,,2.2607658449,-0.294156373656,,,2.0717959073,,,4.21372123953,,,0.242698007663,4.19365270051,,3.59782024016,,,,,,,,,2.73489328593,,,,2.98603212889,,,,3.19138815204
WAIS03F,"PIGC",ENSG00000135845,7.257165,-0.799831931702,2.28499421815,,0.488374423929,1.8921448938946475,1.42604471418,1.63995130446,,2.55006572137,,-0.241771366059,1.44361737811,0.764155988291,,,,,,-0.315604939796,-2.67836349822,,,0.681147670742,,,0.719836017291,,,3.93382324193,3.40130124236,,1.03078555378,,,,,,,,,-0.64533437701,,,,-2.0459404422,,,,3.93828947753
WAIS03,"PIGC",ENSG00000135845,5.667299,0.201843996453,2.45190854956,,0.688571435538,2.3781266480719507,1.53282221231,1.07881559853,,2.53334720271,,0.218418749096,1.5352034301,0.635859779445,,,,,,0.311790361554,-1.62745619537,,,1.16985650235,,,0.26474223677,,,2.78687950676,3.08488741817,,0.710191215912,,,,,,,,,-0.618720910173,,,,-0.470135779876,,,,3.25506328725
WAIS04F,"PIGC",ENSG00000135845,8.468061,-0.942254748961,2.24560862766,,0.228275208218,2.0567129308323633,1.36899706993,1.39031283972,,2.36830713155,,-0.542901868943,1.38846899089,0.711861329031,,,,,,-0.399871263986,-2.83974185654,,,0.576811452202,,,0.421500600988,,,3.93723073433,3.44344859899,,0.952676165101,,,,,,,,,-0.808097131359,,,,-1.62467498207,,,,3.89404503573
WAIS04,"PIGC",ENSG00000135845,7.069423,0.011165678268,2.41509479399,,0.664355636195,2.7471670208705343,1.38510557954,1.01680549735,,2.40503029744,,0.0412630213448,1.39560612171,0.553732992223,,,,,,0.163697980609,-1.80984570015,,,0.980591504046,,,0.249284375263,,,2.83463472715,3.38995607517,,0.75484785571,,,,,,,,,-0.788950863429,,,,-0.641220183444,,,,3.41283050467
WHIP03F,"PIGC",ENSG00000135845,8.881868,-2.69890225777,0.573340516699,,-1.08823582217,2.9700095237136837,0.935271305854,1.8157395593,,1.28787817061,,-2.29350866324,-0.331108452635,1.4907361344,,,,,,-0.788620679227,-3.88268781915,,,0.943795067981,,,-1.27661157798,,,3.80927835591,2.99937550997,,0.829420233253,,,,,,,,,-1.64432285626,,,,-3.25288270688,,,,4.28865922945
WHIP03,"PIGC",ENSG00000135845,9.086234,-2.98026234448,0.0204026200872,,-1.95471677312,4.00453652149324,0.713331026605,0.363939752418,,0.0319172049125,,-3.12714908182,-0.720515471997,1.38562050411,,,,,,-0.691668821993,-3.94350953351,,,0.262013407993,,,-2.34019653857,,,2.80171256786,2.02149104285,,1.10732379472,,,,,,,,,-2.97388518065,,,,-3.41946825977,,,,3.29313953688
WHIP04F,"PIGC",ENSG00000135845,9.512113,-2.86321260109,0.56840592597,,-1.12707084845,2.952348341513046,0.80898700658,1.74431291635,,1.22989897329,,-2.37185669194,-0.446538290574,1.43346022129,,,,,,-0.935143783073,-3.98314777613,,,0.815070977076,,,-1.24034588193,,,3.73513069472,2.93326864988,,0.788024091275,,,,,,,,,-1.65315728063,,,,-3.21893708131,,,,4.18943290526
WHIP04,"PIGC",ENSG00000135845,9.452447,-3.03985845984,-0.0201764462228,,-1.92234061501,3.922930102670473,0.662999088578,0.288246698826,,0.0300303422278,,-3.20292902772,-0.731246102293,1.40815244121,,,,,,-0.759867442425,-3.86647426069,,,0.12631151999,,,-2.05488312302,,,2.69120744731,1.89539455009,,1.08431061331,,,,,,,,,-2.92815031182,,,,-3.40902947789,,,,3.1370836324
WHIP05F,"PIGC",ENSG00000135845,12.181735,-3.30335017428,0.242505393594,,-1.87579464085,3.4052291523340443,1.51824328304,1.17938606672,,0.758607208111,,-2.37738075634,0.156897916855,1.83812564329,,,,,,-0.142696976554,-3.60190957263,,,1.25247421347,,,-1.75889176148,,,3.45221536309,3.08513139192,,0.276076503035,,,,,,,,,-2.53656815943,,,,-3.43709310398,,,,4.19512181481
WHIP05M,"PIGC",ENSG00000135845,5.874779,-1.62446211347,-0.408004475751,,-2.22000322173,3.365969685502029,1.67050053557,0.221721626221,,-1.09746214894,,-1.67289297902,0.464937488261,1.21000119543,,,,,,0.696521143839,-1.91154246226,,,1.8553181153,,,-1.95052515386,,,1.00363950694,2.36261003727,,0.78819381358,,,,,,,,,-3.33475653355,,,,-2.25642179894,,,,2.90177814011
WHIP05,"PIGC",ENSG00000135845,16.560936,-3.24845322135,-0.0623750755333,,-2.51390815006,5.100592299519426,2.23955582025,0.651572646957,,0.0683450228023,,-3.02315093456,0.556240473744,2.24052977832,,,,,,0.316143335648,-3.97067506278,,,1.51170121505,,,-2.42826453637,,,3.20245176165,3.5134367558,,0.785757162816,,,,,,,,,-3.7740165587,,,,-3.54127929985,,,,4.93143388768
WHIP06F,"PIGC",ENSG00000135845,11.788666,-3.50992932653,0.287339421829,,-2.0249543873,3.44305365576741,1.46783481911,1.08047461327,,0.640369109851,,-2.49775419189,0.122988034757,1.73793125335,,,,,,-0.271591630627,-3.75675289236,,,1.1146472802,,,-1.79326281608,,,3.38986102747,3.0399048507,,0.202646894969,,,,,,,,,-2.65576025157,,,,-3.43340945814,,,,4.05333228451
WHIP06M,"PIGC",ENSG00000135845,6.530149,-1.53044902968,-0.537343594905,,-2.18735358546,3.4393714979866403,1.76004663888,0.202519580039,,-1.00811764516,,-1.700624282,0.57701665986,1.3028852059,,,,,,0.875590759631,-1.65563545682,,,1.52734037293,,,-1.70852442769,,,0.947924383487,2.28816121825,,0.742978473273,,,,,,,,,-2.99469290319,,,,-1.62935600158,,,,2.92673048156
WHIP06,"PIGC",ENSG00000135845,17.095983,-3.45905413753,-0.0751167437298,,-2.56170001547,5.125919482612638,2.23770235348,0.515539552584,,0.042468171242,,-3.13460876878,0.59663298513,2.20044551588,,,,,,0.259385227798,-3.91580521584,,,1.33467031679,,,-2.23167594802,,,3.08808316056,3.40607375747,,0.714610780393,,,,,,,,,-3.8254183147,,,,-3.5458555063,,,,4.76739251746
