code,target,ENSEMBL,association,Adipose_Subcutaneous,Adipose_Visceral_Omentum,Breast_Mammary_Tissue,Muscle_Skeletal,DGN_Whole_Blood,Whole_Blood,Artery_Aorta,Artery_Coronary,Artery_Tibial,Heart_Atrial_Appendage,Heart_Left_Ventricle,Spleen,Brain_Amygdala,Brain_Anterior_cingulate_cortex_BA24,Brain_Caudate_basal_ganglia,Brain_Nucleus_accumbens_basal_ganglia,Brain_Putamen_basal_ganglia,Brain_Cerebellar_Hemisphere,Brain_Cerebellum,Brain_Cortex,Brain_Frontal_Cortex_BA9,Brain_Hippocampus,Brain_Hypothalamus,Brain_Spinal_cord_cervical_c-1,Brain_Substantia_nigra,Nerve_Tibial,Cells_Transformed_fibroblasts,Cells_EBV-transformed_lymphocytes,Colon_Sigmoid,Colon_Transverse,Esophagus_Gastroesophageal_Junction,Esophagus_Mucosa,Esophagus_Muscularis,Liver,Minor_Salivary_Gland,Small_Intestine_Terminal_Ileum,Stomach,Adrenal_Gland,Pituitary,Pancreas,Thyroid,Lung,Ovary,Prostate,Testis,Uterus,Vagina,Skin_Not_Sun_Exposed_Suprapubic,Skin_Sun_Exposed_Lower_leg
ADIP07F,"POLK",ENSG00000122008,3.091896,1.19602644765,,,,,,,2.46232303623,2.47703561563,,1.38511421991,1.39034810174,0.88965124841,,,2.24075806613,,4.72120448689,3.24324449594,,,-1.47818970629,,,,3.02051865233,,,,,,,1.07377597589,,,,,,,2.83759252152,3.13826158762,2.45584079782,4.43143667056,,1.4097612767,,2.23053226026,,
APOL02,"POLK",ENSG00000122008,17.000730,4.11775503948,,,,,,,4.36758880783,4.16885756833,,3.05668645193,5.73407278205,-1.3098556487,,,4.06656920522,,5.6160560712,6.01186639328,,,-0.865064569652,,,,6.1578950932,,,,,,,3.31024187233,,,,,,,6.56441753898,6.20444012523,5.16106275745,3.81098331319,,1.24348062955,,5.03082786977,,
BFPC04B,"POLK",ENSG00000122008,17.351357,-3.74460221026,,,,,,,-3.88174315509,-3.27694749721,,-5.31354411446,-6.19344817497,1.14210193578,,,-5.68527728826,,-7.29205681335,-6.74368311551,,,-1.25204705159,,,,-6.82115503479,,,,,,,-5.00290283706,,,,,,,-7.05014727323,-6.68653384791,-3.64583928814,-7.50706076807,,-4.44990668231,,-4.7414758573,,
BFPC04F,"POLK",ENSG00000122008,10.569135,-3.31341723767,,,,,,,-3.73298740403,-2.97160447974,,-4.48804202132,-4.58092747125,0.0556200776909,,,-3.24763427035,,-6.06843946286,-5.54457191809,,,0.780941799271,,,,-5.47756575535,,,,,,,-3.84328691129,,,,,,,-5.51417755545,-5.63677601869,-2.61203912707,-5.79968593183,,-3.93452723545,,-4.53023330214,,
BFPC04M,"POLK",ENSG00000122008,8.014627,-2.37105211915,,,,,,,-2.20129676278,-2.01288874104,,-3.54718751159,-4.68942425942,1.53502344385,,,-5.12288492362,,-4.94443572513,-4.63010146519,,,-2.40279347023,,,,-4.79488035599,,,,,,,-3.66614434946,,,,,,,-5.08174549208,-4.47199774152,-2.83094969225,-5.47237909715,,-2.82150691016,,-2.71385172056,,
BFPC04,"POLK",ENSG00000122008,15.075054,-3.90979786185,,,,,,,-4.07048590492,-3.4521211021,,-5.47374853497,-6.17943488891,0.950843517507,,,-5.50892129486,,-7.46462864643,-6.87535921089,,,-0.838969103599,,,,-6.92594091383,,,,,,,-5.03810069615,,,,,,,-7.10797861636,-6.84968957021,-3.63177653951,-7.58235020563,,-4.68999283693,,-4.96845647794,,
BLOO01,"POLK",ENSG00000122008,5.910696,2.56521607149,,,,,,,2.56222253504,0.815662532052,,1.31371154758,4.96901645956,-0.362846895532,,,5.86003638248,,3.59195545135,3.03514649857,,,0.33788600168,,,,3.00094456375,,,,,,,1.30169877904,,,,,,,3.31258562104,3.09380501689,1.21370128998,3.94761501692,,1.3974375563,,2.53151313128,,
BLOO29,"POLK",ENSG00000122008,3.463858,-1.14706324394,,,,,,,-1.50308362564,-1.14888565395,,-0.676865496638,-3.83848170018,-0.158832912154,,,-7.2554576467,,-2.89681136038,-1.83620740728,,,-1.51959514221,,,,-1.93805151543,,,,,,,-1.07294505776,,,,,,,-2.19380978404,-2.0806149119,-0.453986700188,-3.94504917754,,-1.23438734304,,-1.12159954549,,
BODY03,"POLK",ENSG00000122008,12.500547,-4.48247627378,,,,,,,-5.30731969576,-4.30196489227,,-4.87363331672,-3.2477456163,-0.499788778045,,,-6.86518436935,,-6.10753746689,-5.73337690509,,,1.60822921918,,,,-5.5137132643,,,,,,,-3.7626030025,,,,,,,-5.28340571006,-5.94172514912,-3.79525566001,-7.27247223181,,-4.58502281801,,-4.71281566976,,
BODY04F,"POLK",ENSG00000122008,7.222805,-3.08417199644,,,,,,,-3.78291813816,-3.15063079115,,-4.02103905749,-2.59308178849,-1.73016897246,,,-4.98242333409,,-4.04604564463,-4.63965398877,,,1.25624893882,,,,-4.46647852707,,,,,,,-3.18744966978,,,,,,,-4.13847994622,-4.97643906443,-2.80371510672,-5.00545050514,,-3.66590802464,,-3.14659572238,,
BODY04M,"POLK",ENSG00000122008,8.051328,-3.59693964167,,,,,,,-3.74660298836,-3.16697882879,,-3.25696540907,-1.95002689669,0.992659302719,,,-4.85666798093,,-4.7613621293,-3.86683617653,,,1.25324524786,,,,-3.79769533944,,,,,,,-2.64545217977,,,,,,,-3.78523943409,-4.49033569472,-2.74465391722,-5.57559057548,,-3.46353509176,,-3.53525350807,,
BODY04,"POLK",ENSG00000122008,13.782227,-4.67797860761,,,,,,,-5.45883807683,-4.59626998461,,-5.07706206836,-3.39159684399,-0.617029283643,,,-6.99611567471,,-6.3591306436,-6.04604555554,,,1.68879400044,,,,-5.97032935693,,,,,,,-4.15672205994,,,,,,,-5.68121620362,-6.19169756279,-4.11257869862,-7.43948398777,,-5.09809389744,,-4.71181725281,,
BODY06B,"POLK",ENSG00000122008,6.872928,-2.48510333699,,,,,,,-2.83383033674,-1.8559964336,,-4.24768445848,-4.35944243088,0.960473675968,,,-3.52044866074,,-4.21807925081,-4.62096080083,,,-0.796466297136,,,,-4.65745609009,,,,,,,-3.38271428428,,,,,,,-4.71256548401,-4.61316466544,-1.96563769434,-3.53142325239,,-3.13178559604,,-3.36255143302,,
BODY06,"POLK",ENSG00000122008,7.328161,-2.78179983525,,,,,,,-3.10287839422,-1.90275426262,,-4.36771267267,-4.53097637473,0.63839539933,,,-3.36696720874,,-4.16563816093,-4.74155936597,,,-0.74556154619,,,,-4.74695304748,,,,,,,-3.36552898774,,,,,,,-4.80913797491,-4.74524355873,-2.09272760679,-3.44644079408,,-3.16757842717,,-3.66765074384,,
BODY07B,"POLK",ENSG00000122008,6.895957,-2.43808520829,,,,,,,-2.80200180475,-1.89066591407,,-4.21072652444,-4.45431308612,0.915564463086,,,-3.52303587172,,-4.26781643232,-4.63682616721,,,-0.705501742371,,,,-4.67721287555,,,,,,,-3.4057387941,,,,,,,-4.74322952642,-4.61792855016,-1.95156300455,-3.60456301918,,-3.14737086072,,-3.32266133933,,
BODY07,"POLK",ENSG00000122008,6.955382,-2.70278053526,,,,,,,-3.04643304007,-1.91599531151,,-4.30771641482,-4.61713622776,0.554865725387,,,-3.353605539,,-4.19166279746,-4.72982257607,,,-0.630960615024,,,,-4.73967631775,,,,,,,-3.37025033945,,,,,,,-4.81551533089,-4.72278431696,-2.06466455824,-3.49509867659,,-3.18002929228,,-3.59259403262,,
BODY08B,"POLK",ENSG00000122008,18.632812,-4.17489988311,,,,,,,-5.28922103437,-3.50864272313,,-6.2262214114,-7.3459915096,0.799647034061,,,-7.35700866348,,-8.3117849558,-7.62120338431,,,-0.480080579817,,,,-7.8058790958,,,,,,,-5.95983962508,,,,,,,-8.11309986309,-7.56547862928,-4.31328516692,-8.58110025193,,-5.36219361541,,-5.74746346178,,
BODY08F,"POLK",ENSG00000122008,11.905215,-3.05677889426,,,,,,,-4.02778623905,-2.8474605187,,-4.0564701522,-5.58575213236,-0.452593864006,,,-3.62621966614,,-5.95480307043,-5.51588511207,,,1.8658879135,,,,-5.60955260236,,,,,,,-4.09789612298,,,,,,,-5.75397707285,-5.43875418589,-3.02452993047,-5.94749264407,,-3.64783983417,,-4.87001075661,,
BODY08M,"POLK",ENSG00000122008,11.436163,-3.12529113934,,,,,,,-3.82576078215,-2.38780391219,,-5.0895127449,-5.32214646989,1.48265920917,,,-7.01098918413,,-6.33408895429,-5.76003964808,,,-2.24616505821,,,,-5.93365592985,,,,,,,-4.68827207582,,,,,,,-6.23247842134,-5.74921011275,-3.34190035658,-6.70999562986,,-4.25266607749,,-3.7356839499,,
BODY08,"POLK",ENSG00000122008,23.219928,-4.21367861254,,,,,,,-5.28846027531,-3.61750738172,,-6.13174806399,-7.38038778489,0.582898332907,,,-6.97475638948,,-8.30698395471,-7.60428781855,,,0.0417710374271,,,,-7.78342905446,,,,,,,-5.90076684717,,,,,,,-8.05154441747,-7.54367730057,-4.25676412526,-8.52906089796,,-5.38723419152,,-5.90908308583,,
CHOL02,"POLK",ENSG00000122008,14.844482,3.54504471538,,,,,,,3.86527616608,3.63759133152,,3.0512849579,5.71090799694,-1.17414937044,,,4.67844834556,,5.90233951849,6.03802446006,,,-0.869649155594,,,,6.1759946935,,,,,,,3.28212288494,,,,,,,6.48712159218,6.09228688426,5.08593965885,4.09564441723,,1.38947773802,,5.00087905547,,
CHOL05,"POLK",ENSG00000122008,16.621638,3.58236841095,,,,,,,4.13137571348,3.60214798076,,3.14480473017,5.62679607701,-1.34402873345,,,5.08871122307,,5.89413944745,6.07654979505,,,-0.838936084707,,,,6.18019203694,,,,,,,3.1528004959,,,,,,,6.41432011246,6.11372710766,5.05865778773,4.16782232115,,1.55863672638,,5.07750620931,,
CHOL06,"POLK",ENSG00000122008,10.141379,4.44284849378,,,,,,,3.92157894513,3.41265134912,,2.25468438457,5.1801087782,-0.81388536068,,,3.51968975671,,4.35398365441,5.0478149946,,,0.11072887903,,,,5.20081509114,,,,,,,3.21508859322,,,,,,,5.23231441082,4.71504420925,4.37238178657,3.19464213846,,0.832697936398,,4.28451782525,,
CHOL10,"POLK",ENSG00000122008,7.784574,2.18756213345,,,,,,,3.28842704565,3.93357636332,,1.56301860494,4.28149260108,-0.557458618501,,,3.22350201144,,3.88278968401,4.07258656537,,,0.150632067746,,,,4.32879008592,,,,,,,2.56904719535,,,,,,,4.57654310615,4.0861066315,2.95516248168,2.35925143058,,0.851572877642,,3.37507697762,,
CHOL11,"POLK",ENSG00000122008,13.290857,3.24386639173,,,,,,,3.69405608051,3.83053694659,,3.02841021217,4.44121133597,-1.20992367131,,,4.50990130921,,5.89842768193,5.60948414251,,,-0.439829035081,,,,5.69149024756,,,,,,,3.27988038397,,,,,,,6.18390542811,5.87450808287,4.30215400671,4.31561892328,,1.15175460161,,4.80588845443,,
CHOL13,"POLK",ENSG00000122008,14.332202,2.89329651594,,,,,,,3.79896238689,3.63732542973,,2.81532717981,4.68156364417,-1.11520981649,,,4.47905784996,,5.73341731283,5.35590723423,,,-1.05826682105,,,,5.48330722009,,,,,,,2.90265407665,,,,,,,6.02550245217,5.71144236692,4.43405135215,4.03312290392,,1.17380885863,,4.59710702746,,
CHOL16,"POLK",ENSG00000122008,7.385957,3.42387349648,,,,,,,3.42935467819,2.97353981672,,1.38119876468,4.27873471535,-1.13325502795,,,3.35528522124,,3.24878295252,3.76520956612,,,0.426590413656,,,,3.93796085842,,,,,,,2.55857152722,,,,,,,4.04455692679,3.52379017086,3.44267663346,2.74281342757,,0.966649488993,,3.2082306504,,
CHOL17,"POLK",ENSG00000122008,6.904377,2.44251445563,,,,,,,3.19078067508,2.73476535685,,1.1786914491,4.26635285871,-0.992786332429,,,2.86459779675,,3.40022036017,3.75460501071,,,0.379428946415,,,,3.8479246449,,,,,,,1.7422233398,,,,,,,4.18360201474,3.71152159929,3.47671648171,2.76435420504,,0.0432182809262,,3.42408678233,,
CHOL19,"POLK",ENSG00000122008,10.843148,2.93518264937,,,,,,,3.40699733457,3.31980530429,,1.8597429823,5.00963801514,-0.802864841658,,,3.67166733223,,5.26736028179,5.02133115543,,,0.035589699775,,,,5.22375411451,,,,,,,2.7356268474,,,,,,,5.47721194848,5.05513672737,3.46717315741,4.04898374374,,0.676859843381,,4.11851801496,,
CHOL20,"POLK",ENSG00000122008,15.575707,3.58830595634,,,,,,,3.9431286019,3.90927970788,,2.35512849148,4.96482713046,-1.02883042276,,,4.20454659969,,5.86040854057,5.33498003794,,,0.0382945917488,,,,5.39841359685,,,,,,,2.72632158086,,,,,,,6.13967885239,5.80217590964,4.41713804242,4.47381467427,,0.503812828662,,5.16220439253,,
CHOL21,"POLK",ENSG00000122008,41.316458,7.1374890875,,,,,,,7.4455304755,4.21566068837,,4.87485398471,10.0956881417,-0.285967673027,,,7.63909815375,,6.84402644676,8.41105542711,,,-1.94561512314,,,,8.90722895938,,,,,,,5.72153831434,,,,,,,9.60103443753,9.46387046216,6.33676990153,7.8974890704,,5.93988127212,,7.2662279343,,
CHOL24,"POLK",ENSG00000122008,14.336535,3.52552767522,,,,,,,3.35816852023,3.72186823596,,2.92449334658,5.21959608288,-0.750873930595,,,4.10613688717,,5.79301317454,5.80999630417,,,-0.808573165609,,,,5.94661971477,,,,,,,3.37928152159,,,,,,,6.29709644724,5.84193508031,4.707322761,4.01722861349,,0.94344149328,,4.92578105103,,
CHOL25,"POLK",ENSG00000122008,15.262171,2.96113177275,,,,,,,3.8587831101,3.55314467044,,2.76679493257,5.02891377605,-1.2811774942,,,4.50936447832,,5.71239523985,5.4060095108,,,-1.0156688904,,,,5.56289651514,,,,,,,2.96413665014,,,,,,,6.06978552003,5.70850602479,4.65958678225,4.02331099729,,1.21592864723,,4.61935953232,,
CHOL27,"POLK",ENSG00000122008,36.418210,6.5058051027,,,,,,,7.12468023181,3.33073796835,,4.90267537229,9.61974122202,0.0624686632951,,,7.65051547629,,6.23564342833,8.15633460345,,,-1.58085880942,,,,8.57186703173,,,,,,,6.05816764859,,,,,,,9.26093461476,9.12714982587,5.97394803277,7.43227090697,,5.18217933153,,6.95585653372,,
CHOL28,"POLK",ENSG00000122008,15.274578,3.60211160503,,,,,,,4.44404188917,3.61081553483,,3.36781460934,5.47245573028,-1.33647782537,,,4.77550177791,,5.99195840855,6.15394397927,,,-1.07454037936,,,,6.28802287971,,,,,,,3.27402335841,,,,,,,6.67764112362,6.40582417035,5.12854427027,4.09130627067,,1.65773249919,,5.27595319908,,
CHOL30,"POLK",ENSG00000122008,14.894660,3.52849311913,,,,,,,4.21456632567,3.35397997331,,3.24855130417,5.25409061689,-1.24478965109,,,4.89229208781,,5.82930154975,5.95664855735,,,-0.908078577044,,,,6.05813815327,,,,,,,3.00935611197,,,,,,,6.27470954323,6.03285991402,4.93722920022,4.09636917389,,1.64805875445,,4.9432375686,,
CHOL31,"POLK",ENSG00000122008,9.504567,3.92019611475,,,,,,,3.87813797673,3.26396019407,,1.88748220541,4.61057196026,-1.28252617279,,,3.66252510693,,4.09351431823,4.53627268876,,,0.312484542755,,,,4.66686387485,,,,,,,2.83889353928,,,,,,,4.71109955866,4.25409800263,4.0735538619,3.40734905883,,0.985686427514,,3.77975814541,,
CHOL32,"POLK",ENSG00000122008,17.019447,3.85536935204,,,,,,,4.74637673247,3.55981135997,,3.25885066365,5.74402904781,-1.71411559814,,,5.41498097395,,6.06534772385,6.49604608303,,,-0.740307799351,,,,6.55052794531,,,,,,,2.9896404755,,,,,,,6.71854761311,6.53567602012,5.29855646475,4.42446338783,,1.67246799003,,5.54144851334,,
CHOL33,"POLK",ENSG00000122008,12.807795,3.42816743448,,,,,,,3.99842353655,3.12526809467,,2.39232418587,5.04682225848,-1.10095570942,,,3.8794509025,,4.90831122477,5.05434208238,,,-0.0203114800223,,,,5.18322785674,,,,,,,2.91630054124,,,,,,,5.47975047831,5.05746230671,4.15454196431,3.67750746382,,0.669534766598,,4.32510536654,,
FATM02B,"POLK",ENSG00000122008,7.193379,-2.50408446182,,,,,,,-2.61193194978,-2.00557962597,,-3.9165306825,-4.07207013938,1.33972745354,,,-3.67454195533,,-4.69143883483,-4.7182024037,,,-0.926652870239,,,,-4.71394530664,,,,,,,-3.27530915603,,,,,,,-4.78699359516,-4.62407080091,-1.99529146375,-4.40864511783,,-2.9091542087,,-3.31989218219,,
FATM02,"POLK",ENSG00000122008,7.941802,-2.78378754635,,,,,,,-2.94775424011,-2.02980402807,,-4.11267116981,-4.15871670021,0.932401299097,,,-3.6005907337,,-4.72976665098,-4.86267373635,,,-0.873061889531,,,,-4.81109062659,,,,,,,-3.22177088751,,,,,,,-4.88562214056,-4.79826171891,-2.14237683212,-4.3553090199,,-3.045537352,,-3.59978001558,,
FATM03B,"POLK",ENSG00000122008,7.839802,-2.4267647238,,,,,,,-2.55840173145,-2.03083534457,,-3.89934834581,-4.18305241753,1.31961929094,,,-3.70753840919,,-4.75402047404,-4.74065089099,,,-0.858412291853,,,,-4.74186876673,,,,,,,-3.31091752841,,,,,,,-4.82464344001,-4.63325740701,-1.94417186928,-4.46935119113,,-2.96853246542,,-3.3005954688,,
FATM03,"POLK",ENSG00000122008,7.021404,-2.66706768956,,,,,,,-2.86320326583,-2.02434055281,,-4.07818223281,-4.26422778935,0.881400208859,,,-3.61894909373,,-4.76730165118,-4.85663963001,,,-0.790629975776,,,,-4.81156807849,,,,,,,-3.24503476094,,,,,,,-4.89931731405,-4.77960854639,-2.06770145455,-4.38511757989,,-3.1074503951,,-3.5532196204,,
FATM04B,"POLK",ENSG00000122008,19.093983,-4.50213021397,,,,,,,-5.3957048973,-3.78815132322,,-6.30424964385,-7.24927488352,1.13455591815,,,-7.42098363586,,-8.74212628328,-8.03699768974,,,-0.799238753227,,,,-8.10753154266,,,,,,,-5.93759922115,,,,,,,-8.40175046505,-7.91624127065,-4.55738157792,-9.09105723725,,-5.33920206796,,-6.01675903758,,
FATM04F,"POLK",ENSG00000122008,13.292771,-3.43006195194,,,,,,,-4.60095568746,-3.03723750531,,-4.82392895094,-5.12863714855,-0.0140028815932,,,-4.22147796005,,-6.59666205902,-6.11796832993,,,1.34909414374,,,,-6.08117507195,,,,,,,-4.29306366878,,,,,,,-6.16380529416,-6.08227391669,-3.26925353956,-6.35855855398,,-4.36983873188,,-5.2254626971,,
FATM04M,"POLK",ENSG00000122008,11.652455,-3.29236195767,,,,,,,-3.52660870742,-2.64044379015,,-4.59315629458,-5.6370527798,1.57507392633,,,-6.6464766638,,-6.44731113592,-5.88162839891,,,-2.24563527035,,,,-6.01016795804,,,,,,,-4.53863151765,,,,,,,-6.34585073076,-5.74535478006,-3.50454539537,-7.13131750594,,-3.64908791836,,-3.85219449194,,
FATM04,"POLK",ENSG00000122008,18.044163,-4.54630570025,,,,,,,-5.51503520104,-3.88928166536,,-6.33987715062,-7.17865344163,0.928437224458,,,-7.16895852037,,-8.80352577926,-8.07869755456,,,-0.313040748221,,,,-8.12618458509,,,,,,,-5.88043239528,,,,,,,-8.36990602501,-7.97118705862,-4.51322619137,-9.04286466455,,-5.50833941031,,-6.18809562282,,
FATT18,"POLK",ENSG00000122008,9.094053,3.13594127581,,,,,,,3.44197952874,3.312347488,,1.74153318714,5.04657298474,-0.183657468362,,,3.72856124573,,4.79323699496,4.94834674134,,,0.274475618544,,,,5.23929979123,,,,,,,3.04959382932,,,,,,,5.36668542704,4.78384980004,3.98889334346,3.47822406871,,1.07968626405,,3.77665769871,,
FATT25,"POLK",ENSG00000122008,6.416269,2.83006515076,,,,,,,3.19592141043,3.13483604011,,1.59873675578,4.52080384284,-0.413824482633,,,3.23791803405,,4.16109474725,4.51275766065,,,0.432951478873,,,,4.8602318041,,,,,,,3.16228830691,,,,,,,4.80837307618,4.24979427378,2.99889802285,2.92503215492,,0.927565624683,,3.21014498726,,
FATT31,"POLK",ENSG00000122008,6.404140,3.3136216165,,,,,,,3.52232111371,2.52506726495,,1.46356837953,4.16312283977,-0.297312474398,,,3.46045694999,,3.87397240398,4.49800621068,,,0.784817142332,,,,4.69110285425,,,,,,,2.50109965147,,,,,,,4.49203276266,4.1302068163,2.83549172903,2.72770777019,,0.659038580062,,3.51679453453,,
HIPC01F,"POLK",ENSG00000122008,5.394878,-2.80787189953,,,,,,,-3.58669074903,-3.12145018768,,-3.33107199709,-3.24185540317,-0.663380632089,,,-4.09052023593,,-5.04891658375,-4.4543133294,,,0.236014009995,,,,-4.37319969459,,,,,,,-3.12311181201,,,,,,,-3.93810520543,-4.22948070809,-2.63320947759,-5.29713247224,,-2.76207332611,,-2.88815514762,,
HIPC01,"POLK",ENSG00000122008,7.232147,-2.97242008658,,,,,,,-3.23941431782,-2.97823590379,,-3.26575832777,-3.61330584027,-0.309983986536,,,-4.72738350503,,-4.80987912142,-4.46169172346,,,0.194606906512,,,,-4.45406020147,,,,,,,-3.71893646974,,,,,,,-4.41440563045,-4.57129653508,-2.4522345213,-5.48188296218,,-3.34057787663,,-3.81616290232,,
HIPC02F,"POLK",ENSG00000122008,5.545674,-2.9139843281,,,,,,,-3.76742838847,-2.04835800996,,-3.16388443857,-2.93278822783,-0.585007457375,,,-4.12571259793,,-4.96924952909,-4.32021045502,,,0.230082511013,,,,-4.21189813549,,,,,,,-3.25787652532,,,,,,,-3.82521874236,-4.16003143827,-2.59485135598,-5.26341652863,,-2.58814022997,,-2.93034698642,,
HIPC02,"POLK",ENSG00000122008,7.381837,-2.9922312091,,,,,,,-3.39567592124,-2.73125666747,,-3.25540827938,-3.54064465991,-0.274573392571,,,-4.80610528139,,-4.73046357136,-4.3696968823,,,0.18927847818,,,,-4.26072714628,,,,,,,-3.69908380324,,,,,,,-4.27822948197,-4.51223496127,-2.38730457801,-5.53012332462,,-2.99122716294,,-3.91292150251,,
LEAN04B,"POLK",ENSG00000122008,7.824227,-2.38484739847,,,,,,,-3.43904387718,-0.548441038742,,-3.65295079852,-4.14152614024,0.250086691306,,,-4.21221108911,,-4.54279882239,-4.72628640299,,,0.0198266574637,,,,-4.64112488775,,,,,,,-2.85869260755,,,,,,,-4.83868985787,-4.58973079439,-2.5316813867,-4.12936182955,,-3.3564244021,,-3.65443022208,,
LEAN04,"POLK",ENSG00000122008,6.181207,-2.29939450411,,,,,,,-3.58792718554,-0.667245823809,,-3.4544058368,-3.86675743049,1.26687521445,,,-4.62615423081,,-4.48491063426,-4.33591230084,,,-0.22641529383,,,,-4.3295998013,,,,,,,-3.10206231178,,,,,,,-4.51683415934,-4.23789438674,-1.74924336443,-4.48149210267,,-3.12587719661,,-3.27679332263,,
LEAN05B,"POLK",ENSG00000122008,7.114577,-2.3431504925,,,,,,,-3.45718767882,-0.707654422318,,-3.57517562464,-4.1809378324,0.167971204814,,,-4.22165897026,,-4.5511266387,-4.70722550072,,,0.0922897131946,,,,-4.6235351472,,,,,,,-2.84880685653,,,,,,,-4.85268638188,-4.57360750785,-2.47139233197,-4.10479714449,,-3.29428051539,,-3.51860167262,,
LEAN05,"POLK",ENSG00000122008,5.742513,-2.30967149978,,,,,,,-3.63118204665,-0.813470077057,,-3.44936787492,-3.9336690002,1.22792504631,,,-4.67708480348,,-4.54591380435,-4.38738066868,,,-0.158131084028,,,,-4.38354095628,,,,,,,-3.14082793809,,,,,,,-4.59262015125,-4.28780604485,-1.75159873107,-4.50640760428,,-3.12594769014,,-3.23051087991,,
LEAN06B,"POLK",ENSG00000122008,19.074363,-4.14441461508,,,,,,,-6.09649492281,-3.26182232266,,-5.43483488018,-6.19200792852,0.945863957013,,,-7.6271410202,,-7.86906051383,-7.36620150487,,,1.04702270001,,,,-7.2538626392,,,,,,,-4.65127169799,,,,,,,-7.57789105422,-7.16905110738,-4.16873597837,-8.06517010046,,-4.49371601243,,-5.94273635761,,
LEAN06F,"POLK",ENSG00000122008,15.463846,-3.55770650285,,,,,,,-4.96377337047,-2.54382138581,,-4.3103209043,-5.1749836452,0.287390046352,,,-5.52875159762,,-6.22485012077,-6.1465358716,,,1.57423153697,,,,-6.02566607073,,,,,,,-3.48714375635,,,,,,,-6.23560587366,-5.91229501818,-3.82457142535,-5.99645373063,,-3.73426360547,,-5.26569097217,,
LEAN06M,"POLK",ENSG00000122008,7.290433,-2.50163634142,,,,,,,-4.10428549742,-2.37055618112,,-3.83835718976,-3.95911168467,1.39629483067,,,-6.20335067077,,-5.58326031314,-4.72570156321,,,-0.421834775749,,,,-4.69566070392,,,,,,,-3.59889702992,,,,,,,-4.9985935137,-4.70844276041,-2.13360628098,-6.32406013804,,-2.90548847401,,-3.33073656385,,
LEAN06,"POLK",ENSG00000122008,15.649016,-3.84689628583,,,,,,,-5.81373895156,-3.21057715339,,-5.2932991652,-5.87742043284,1.30411931341,,,-7.80167307522,,-7.74734127192,-6.99219745782,,,0.481893641358,,,,-6.90837197098,,,,,,,-4.67988161845,,,,,,,-7.24701551563,-6.85911399767,-3.64561824721,-8.22882260977,,-4.28260340667,,-5.46808862653,,
LIPI02,"POLK",ENSG00000122008,14.442348,3.62111642214,,,,,,,3.41010877464,3.85666140716,,2.75673946951,4.99733726352,-0.812030772173,,,4.3175022178,,5.71840532028,5.76960487101,,,-0.601075120999,,,,5.89026455566,,,,,,,3.27885275177,,,,,,,6.14771834194,5.73015640491,4.60042991764,4.13205543922,,0.871362430779,,4.88561171288,,
LIPI04,"POLK",ENSG00000122008,15.509087,3.57289794134,,,,,,,3.85307553746,3.76567368793,,2.98470189012,5.54135569181,-1.13274088082,,,4.81008903112,,5.96219987409,6.0515025753,,,-0.811518079633,,,,6.17083212667,,,,,,,3.20471790261,,,,,,,6.4716669218,6.10311944002,5.02124949155,4.23918158497,,1.30263205847,,5.01384454977,,
LIPI07,"POLK",ENSG00000122008,17.068415,3.53988745267,,,,,,,4.05020281491,3.63112995817,,3.03613283129,5.56260267868,-1.35343127706,,,5.07481851097,,5.85064551069,6.00625290575,,,-0.750532022463,,,,6.11842544134,,,,,,,3.07727747125,,,,,,,6.35251535152,6.04360699617,5.04563831336,4.19588917287,,1.56407860642,,4.98645919306,,
LIPI09,"POLK",ENSG00000122008,16.522748,3.58960773396,,,,,,,4.20188804005,3.49635956997,,2.75372333467,5.61225491526,-1.36731008273,,,5.199640572,,5.82891012443,5.98041807813,,,-0.565756933735,,,,6.06720368734,,,,,,,2.76539485408,,,,,,,6.26236270444,6.00631998204,4.89654458318,4.38528643304,,1.42204346616,,5.06524562553,,
LIPI10,"POLK",ENSG00000122008,11.524300,3.90532804696,,,,,,,3.55730751249,3.13390586518,,2.00965113122,4.9915933902,-0.967842051286,,,3.71500945606,,4.21019728084,4.82560686805,,,0.0940164048879,,,,4.92371605976,,,,,,,2.65636804189,,,,,,,4.86171991057,4.43927647531,3.97032982704,3.32586855139,,0.696048207047,,3.95266213037,,
LIPI13,"POLK",ENSG00000122008,9.320091,3.6230900725,,,,,,,2.84422366592,3.61722736869,,2.0837975529,4.11843304807,-0.486933512351,,,3.69179403235,,4.84888092064,4.98568626457,,,-0.0963838421543,,,,5.04294400109,,,,,,,2.77113595246,,,,,,,5.09564959965,4.7353684402,3.66871339417,3.70231783424,,0.237579324742,,4.35438164402,,
LIPI14,"POLK",ENSG00000122008,5.603016,3.81242560338,,,,,,,3.12070329758,2.83595836349,,1.45653347924,4.07328224692,-1.09569386885,,,3.06725755097,,2.77898139439,3.68277645659,,,0.463412754694,,,,3.90436600447,,,,,,,2.62934138536,,,,,,,3.77646387306,3.29762591783,3.56914633193,2.17131849593,,1.22124572322,,2.91084395315,,
LIPO01,"POLK",ENSG00000122008,13.052934,3.62516719644,,,,,,,3.36825818173,3.89598888219,,2.61738160235,4.77791205632,-0.793153196914,,,4.33926338452,,5.57230390558,5.63214697272,,,-0.486347916309,,,,5.74037806678,,,,,,,3.15703835236,,,,,,,5.95287356652,5.56762144948,4.48926547666,4.08699200561,,0.792049320054,,4.78416055847,,
LIPO03,"POLK",ENSG00000122008,16.901529,3.60042629227,,,,,,,3.83332425646,3.84463902584,,2.93226536259,5.42430211561,-1.06836950565,,,4.82146451985,,5.93039439904,6.01102367125,,,-0.734874073421,,,,6.12320168266,,,,,,,3.1678256653,,,,,,,6.39603084424,6.04044460955,4.95755161461,4.26253550344,,1.23592879563,,4.96231237817,,
LIPO06,"POLK",ENSG00000122008,15.454544,3.55936619087,,,,,,,4.03564461054,3.69552637384,,2.99581935639,5.51826968436,-1.3340791979,,,5.09337930284,,5.86359713969,5.99879161034,,,-0.673328547358,,,,6.10314151633,,,,,,,3.03624418343,,,,,,,6.31850890246,6.01734948573,5.02198834466,4.25475293152,,1.51615280126,,4.96970957149,,
LIPO10,"POLK",ENSG00000122008,15.313364,3.64204160508,,,,,,,4.13944786829,3.74317789473,,2.69747344463,5.488706861,-1.33785603338,,,5.08756153605,,5.83621541428,5.88135120052,,,-0.386941736978,,,,5.96339063353,,,,,,,2.7604600748,,,,,,,6.21741165566,5.93967223352,4.88981073761,4.49380268718,,1.30331813523,,5.08582522382,,
LIPO11,"POLK",ENSG00000122008,8.414934,3.87013973868,,,,,,,3.41116460872,3.08377106598,,1.86862455609,4.68949317176,-1.00007899344,,,3.60927940632,,3.93043439645,4.57761791697,,,0.151774734133,,,,4.67019841968,,,,,,,2.50855977553,,,,,,,4.55461949379,4.15819829376,3.81788119101,3.19386738297,,0.755106884266,,3.74728448028,,
PHLI04,"POLK",ENSG00000122008,11.983426,3.39796282007,,,,,,,3.92423892749,3.89238092127,,2.79621630714,4.5499646084,-1.20502449803,,,4.62902048909,,5.67541559366,5.61965693534,,,-0.365600417234,,,,5.71062946733,,,,,,,3.18133628901,,,,,,,6.10254813623,5.77540172335,4.40907895624,4.22412243222,,1.06907150006,,4.76840221615,,
PHLI06,"POLK",ENSG00000122008,15.660310,3.2954130461,,,,,,,3.75895309753,3.79587326865,,2.69916145346,4.93887636267,-1.13587197913,,,4.4803569464,,5.688741021,5.53783759853,,,-0.702236690184,,,,5.67914543926,,,,,,,2.99666131009,,,,,,,6.08331735598,5.72732329375,4.6907719457,4.11034293218,,1.18271189442,,4.56342119932,,
PHLI09,"POLK",ENSG00000122008,16.132097,3.72088742048,,,,,,,3.84522221313,3.54677986729,,3.03321911941,5.29121672812,-1.09746276973,,,4.34620013741,,5.5667429651,5.74182466396,,,-0.699462437822,,,,5.88780515921,,,,,,,3.02874399939,,,,,,,6.22528862635,5.86753044885,4.91583377087,3.86915555018,,1.47689053567,,4.74402005317,,
PHLI10,"POLK",ENSG00000122008,7.010492,3.39031164331,,,,,,,3.38640367039,3.02032998124,,1.27312098876,4.13375736493,-1.29043679361,,,3.39562932113,,3.11407851008,3.70686889168,,,0.53301560145,,,,3.85898497542,,,,,,,2.36235109218,,,,,,,3.87789320797,3.43946651961,3.37558770684,2.59267956277,,0.891655887947,,3.09795953998,,
PHLI11,"POLK",ENSG00000122008,9.998959,3.58875153459,,,,,,,3.45513096657,3.23622768483,,1.94185359,4.74437020549,-1.18349645077,,,4.02284770551,,4.47332119846,4.74916632828,,,0.30240951167,,,,4.80237882931,,,,,,,2.59634030311,,,,,,,4.7482891468,4.40105251533,3.92357725347,3.83354119096,,0.711072600146,,3.89171688204,,
PHLI12,"POLK",ENSG00000122008,12.316872,3.93660975525,,,,,,,3.33491180759,3.89651390802,,2.83895545738,4.50963074331,-0.621188615167,,,4.39195909955,,5.57915314339,5.67998835834,,,-0.253247167647,,,,5.73383080057,,,,,,,3.35331270255,,,,,,,5.88512831841,5.55350177484,4.23244233528,4.15458846964,,0.873013217459,,4.84681052697,,
TRGL01,"POLK",ENSG00000122008,6.765660,3.59786730115,,,,,,,3.37770234178,2.98635883858,,1.59324939697,3.9177488719,-1.15006111007,,,3.52407824455,,3.47162879087,3.94815267341,,,0.650978018024,,,,4.01253060559,,,,,,,2.16929815298,,,,,,,4.00221128982,3.67307602903,3.42269313052,3.1654250343,,0.807552374878,,3.35722497701,,
TRGL05,"POLK",ENSG00000122008,7.266570,3.24808680025,,,,,,,2.73669107599,3.76846766163,,2.04235831495,3.6023707813,-0.485545462554,,,3.78242625489,,4.56602782087,4.54580972829,,,-0.0147793392686,,,,4.55706182132,,,,,,,2.44983228401,,,,,,,4.64984156843,4.36639421454,3.74967853264,3.64204221959,,0.373094727726,,4.04783876162,,
TRGL09,"POLK",ENSG00000122008,6.436353,3.49310360884,,,,,,,3.33377183954,2.73892343124,,1.57605859547,3.83882693104,-1.24705601472,,,3.29561861771,,3.07215198186,3.75579701344,,,0.616617817996,,,,3.84336701252,,,,,,,2.01247047281,,,,,,,3.86806879929,3.57701462685,3.42367996355,2.66072837975,,0.917943600604,,3.24160836618,,
TRGL12,"POLK",ENSG00000122008,7.584176,3.66837966303,,,,,,,2.95869468216,3.59365272138,,1.95998216693,3.89151478315,-0.86728074763,,,3.73428920393,,4.14358692925,4.43389650366,,,0.128632517457,,,,4.46301002747,,,,,,,2.3699725663,,,,,,,4.3763434905,4.10600051619,3.63673175448,3.40069038922,,0.595659917386,,3.85797981022,,
WAIS01F,"POLK",ENSG00000122008,6.771959,-2.57407764116,,,,,,,-3.63954584041,-2.52329137928,,-3.72379091082,-3.59924201207,-1.07256353946,,,-4.60152144706,,-6.08196455377,-4.52898796617,,,1.13777802547,,,,-4.74147803316,,,,,,,-3.9305417711,,,,,,,-4.46430814348,-4.56265378614,-2.89115944627,-6.03095293695,,-3.62311017575,,-2.98246821901,,
WAIS01,"POLK",ENSG00000122008,8.606109,-3.02376406342,,,,,,,-3.97010273581,-3.27956422401,,-4.12345812641,-3.56381119101,-0.650881749348,,,-5.4407340874,,-5.28372926516,-4.51835755409,,,0.833827919041,,,,-4.71050284753,,,,,,,-4.36602442123,,,,,,,-4.88648736266,-4.85983056707,-3.2068083348,-6.02938784291,,-4.38420935433,,-3.85465454629,,
WAIS02F,"POLK",ENSG00000122008,6.398049,-2.60577462638,,,,,,,-3.70556869504,-2.21145489663,,-3.56494908365,-3.29944917435,-0.967542081151,,,-4.47173146412,,-4.14352138309,-4.24138039853,,,1.10793297503,,,,-4.13666190547,,,,,,,-3.78558329377,,,,,,,-3.907058108,-4.44286162845,-2.75269231569,-5.99672380508,,-3.4402130515,,-2.9701415868,,
WAIS02,"POLK",ENSG00000122008,7.638820,-2.93602835221,,,,,,,-3.9867159829,-2.95596526533,,-4.08220747466,-3.50397813863,-0.578249075258,,,-5.37397840854,,-5.09622938687,-4.32861900628,,,0.807297404364,,,,-4.33412015559,,,,,,,-4.16139644331,,,,,,,-4.56544671836,-4.72600030334,-2.96763939288,-5.95504146994,,-3.9909968757,,-3.86723833436,,
