code,target,ENSEMBL,association,Adipose_Subcutaneous,Adipose_Visceral_Omentum,Breast_Mammary_Tissue,Muscle_Skeletal,DGN_Whole_Blood,Whole_Blood,Artery_Aorta,Artery_Coronary,Artery_Tibial,Heart_Atrial_Appendage,Heart_Left_Ventricle,Spleen,Brain_Amygdala,Brain_Anterior_cingulate_cortex_BA24,Brain_Caudate_basal_ganglia,Brain_Nucleus_accumbens_basal_ganglia,Brain_Putamen_basal_ganglia,Brain_Cerebellar_Hemisphere,Brain_Cerebellum,Brain_Cortex,Brain_Frontal_Cortex_BA9,Brain_Hippocampus,Brain_Hypothalamus,Brain_Spinal_cord_cervical_c-1,Brain_Substantia_nigra,Nerve_Tibial,Cells_Transformed_fibroblasts,Cells_EBV-transformed_lymphocytes,Colon_Sigmoid,Colon_Transverse,Esophagus_Gastroesophageal_Junction,Esophagus_Mucosa,Esophagus_Muscularis,Liver,Minor_Salivary_Gland,Small_Intestine_Terminal_Ileum,Stomach,Adrenal_Gland,Pituitary,Pancreas,Thyroid,Lung,Ovary,Prostate,Testis,Uterus,Vagina,Skin_Not_Sun_Exposed_Suprapubic,Skin_Sun_Exposed_Lower_leg
APOL02,"TM6SF2",ENSG00000213996,6.372962,0.10701663887,-1.02007754581,1.38130229856,0.557759291817,,,0.318432601034,,0.357899406985,-1.09204590231,-1.19925743598,,,,,-1.17549816237,,-0.762681386698,1.34599516564,,,,,,,-1.27592606148,-0.280474693399,,,,,,,,,,,-1.68152311208,,,-0.847664896911,0.166436790001,,,1.36945529251,,,-2.64316913404,
BIPO02M,"TM6SF2",ENSG00000213996,6.492941,2.84525359781,2.57439664323,1.11951958007,2.29336078518,,,4.3552956457,,1.28631168097,2.35256002642,-0.561550055764,,,,,0.387851392603,,2.14872650695,3.17719065605,,,,,,,1.92527329988,2.42440377933,,,,,,,,,,,2.44570633409,,,1.9863899257,-2.77594686456,,,-2.53492916795,,,0.620782030705,
BLOO01,"TM6SF2",ENSG00000213996,14.352734,5.80074358911,6.13734290327,3.66284061729,5.00037201626,,,6.41570503786,,3.89779781688,4.96270876646,5.43223836472,,,,,-0.708074450186,,7.23536750757,5.67462237485,,,,,,,6.6858101083,6.17997445566,,,,,,,,,,,3.62115360487,,,6.53055897315,-4.30217463651,,,-6.5681195176,,,5.33718434115,
BLOO05,"TM6SF2",ENSG00000213996,7.223604,4.76736461302,4.89518376306,3.81880246666,4.6273345593,,,5.23527839435,,1.98215713513,3.42884987758,2.69716460825,,,,,-2.93390215828,,5.43666997392,5.24308715709,,,,,,,5.08588676294,3.54342173186,,,,,,,,,,,3.85109832053,,,5.11370641278,-3.98950949325,,,-5.27008663442,,,2.66688542828,
BLOO08,"TM6SF2",ENSG00000213996,11.084959,5.90145120018,5.01123984895,4.44621969994,3.8402659201,,,5.32176072563,,3.99321028502,5.06694569941,4.09318480669,,,,,0.343064705655,,5.82957303506,6.24058653132,,,,,,,5.90279450685,4.77528974502,,,,,,,,,,,3.04048247979,,,5.80889665645,-3.89613120763,,,-5.54726304815,,,5.42399653353,
BLOO14,"TM6SF2",ENSG00000213996,8.031695,5.58561955299,4.73913499767,4.39313938328,3.4063448029,,,4.59551571204,,3.71939534532,5.09286588467,3.83334892981,,,,,0.688657762343,,5.47861120683,5.97700762897,,,,,,,5.53330989926,4.55566267037,,,,,,,,,,,2.48917653923,,,5.54517578408,-3.96685360919,,,-4.92060050548,,,5.00612257868,
BLOO15,"TM6SF2",ENSG00000213996,9.115868,5.46859723367,4.24606548701,4.44485440166,3.3487254754,,,4.56673247358,,3.35998248102,4.83453586896,3.18646179959,,,,,0.440918400117,,5.19167111151,6.13110222527,,,,,,,5.17466183339,4.48528164558,,,,,,,,,,,2.18549922526,,,5.29495312036,-3.83785111866,,,-4.71166062669,,,4.4286816404,
BLOO16,"TM6SF2",ENSG00000213996,7.697539,4.49751485507,4.50383621284,3.05389364261,4.30068125119,,,5.30186248518,,3.31454417999,3.64728158916,3.26404385632,,,,,-2.04352803534,,4.83603134212,4.72958060588,,,,,,,4.66379576458,4.37372207951,,,,,,,,,,,2.99612399649,,,4.61138724044,-2.37257657935,,,-4.46147552831,,,3.99700921146,
BLOO24,"TM6SF2",ENSG00000213996,5.975473,-0.110289918562,-1.41645277536,0.191027823086,-0.666017824131,,,-0.0501034703477,,-0.712582171921,-0.165560603018,-2.5445579399,,,,,0.142180536273,,-0.929544376373,1.09657209417,,,,,,,-1.16413250963,0.0772610235739,,,,,,,,,,,-0.82205622177,,,-0.783890212866,0.641568142983,,,0.622234369075,,,-1.66364893059,
BLOO28,"TM6SF2",ENSG00000213996,5.290340,4.34366620804,4.35240933063,4.14231213532,3.88300123692,,,3.60393360802,,1.24403037551,3.52439782971,2.30507901314,,,,,-2.50708727332,,4.62557369904,4.81516662226,,,,,,,4.29140219903,3.05654014584,,,,,,,,,,,2.67741057614,,,4.62519011568,-4.11737032834,,,-4.51452901589,,,1.48728497903,
BLOO33,"TM6SF2",ENSG00000213996,24.353606,7.90099357042,8.64343348092,5.16015284669,7.13265729397,,,8.25932559096,,5.65186849036,6.87953020477,7.58514885251,,,,,-1.31978198845,,9.60851172004,7.58338314836,,,,,,,9.14952088355,8.34755308791,,,,,,,,,,,4.7882056827,,,8.76756054239,-5.96485013147,,,-7.86475803629,,,6.77054302147,
BLOO35,"TM6SF2",ENSG00000213996,16.979846,-6.85131064985,-6.73341466417,-4.75283195468,-4.75632380294,,,-5.00559438096,,-4.71133995872,-6.17147030757,-6.56079338273,,,,,0.0667973831911,,-7.65806560623,-6.84860094559,,,,,,,-7.41357382763,-5.55729261712,,,,,,,,,,,-3.19388530926,,,-7.16376826234,3.82148556049,,,6.47595327442,,,-3.58758841791,
BODY06B,"TM6SF2",ENSG00000213996,6.083004,-1.16634176811,-1.44150113504,1.22145213284,1.06641703264,,,-3.09998126533,,-0.270736313111,-0.500055374553,1.17364731309,,,,,2.81273117419,,-1.09038921843,-1.26357893564,,,,,,,-0.750045028928,-2.18495377339,,,,,,,,,,,0.465708819114,,,-0.448712707906,1.32801389315,,,0.870615949953,,,0.923974976072,
BODY06,"TM6SF2",ENSG00000213996,5.759077,-1.17583396754,-1.55041467198,1.25977624731,0.869129125122,,,-3.19359822894,,-0.325520910646,-0.716090784658,1.10485737077,,,,,2.36604993751,,-1.18008433387,-1.25079608607,,,,,,,-0.839207419252,-2.16676292903,,,,,,,,,,,0.402530006378,,,-0.513953898976,1.55310549199,,,0.783971683263,,,0.728309043994,
BODY08B,"TM6SF2",ENSG00000213996,15.009515,-2.79184279486,-2.99517270042,0.544417289015,-0.0864296122806,,,-4.95018273402,,-1.55022012513,-2.0781762215,0.364439019989,,,,,2.61363492662,,-2.5442930583,-2.67347826208,,,,,,,-2.8334915705,-3.26821107605,,,,,,,,,,,-0.889563980721,,,-2.12817295811,3.19806551373,,,2.79768518915,,,0.0733465556477,
BODY08F,"TM6SF2",ENSG00000213996,9.992082,-2.24445436103,-2.51719989166,0.971902724273,-0.458731199477,,,-4.08575090166,,-1.75817472963,-1.63395380523,0.44844222663,,,,,0.228187564981,,-2.07202328878,-2.19829881437,,,,,,,-2.33117691197,-2.36515137325,,,,,,,,,,,-0.261335189476,,,-1.53257128732,2.98426067876,,,2.17578235786,,,-0.203827668907,
BODY08,"TM6SF2",ENSG00000213996,15.124221,-2.77842168143,-3.01789771887,0.679002841438,-0.160834860734,,,-4.98693144489,,-1.556496224,-2.06860909694,0.367754184984,,,,,2.18995287438,,-2.568781088,-2.67821029392,,,,,,,-2.85779805164,-3.22267055191,,,,,,,,,,,-0.798798388868,,,-2.0875716883,3.29279390955,,,2.77109753168,,,0.021037109618,
CHOL03,"TM6SF2",ENSG00000213996,8.954599,-1.06658002718,-2.60845452783,-0.315209924029,-0.911035328806,,,-0.419370368994,,-0.393832337177,-2.35036615033,-3.01941113243,,,,,-0.0319531495486,,-2.29630901184,0.29842222176,,,,,,,-2.66703411045,-2.33835595908,,,,,,,,,,,-1.41591476049,,,-2.22716671266,0.694275156408,,,2.12718415846,,,-3.54180747686,
CHOL06,"TM6SF2",ENSG00000213996,12.678920,-1.04740878925,-2.66190264151,0.340996700854,-0.529948021111,,,-0.376473556885,,-0.383146634189,-2.84028888874,-2.81874437097,,,,,-0.862943818566,,-2.34577952333,0.58734593674,,,,,,,-2.90788062207,-1.94776381594,,,,,,,,,,,-2.17609061773,,,-2.27884888154,1.28849819192,,,2.08643907515,,,-4.15514282003,
CHOL10,"TM6SF2",ENSG00000213996,5.620785,-1.09770750373,-1.14046676002,0.358629973933,-0.597038072171,,,0.0429164867333,,-0.975354412182,-1.97043259354,-1.78380452779,,,,,-0.759482179755,,-1.34869764055,-0.0408684074948,,,,,,,-1.92102193278,-0.245959228819,,,,,,,,,,,-2.34533907039,,,-1.57051839782,1.24873499398,,,1.64599840263,,,-2.19582617518,
CHOL14,"TM6SF2",ENSG00000213996,10.059767,-0.759844417236,-2.40013709906,-0.0941924095306,-1.23150509265,,,-0.650188761606,,-0.721436582408,-2.61571487235,-2.8013907542,,,,,-0.400270607515,,-2.21086649739,0.565085590575,,,,,,,-2.52532245596,-2.19544195574,,,,,,,,,,,-1.82508142731,,,-2.11398390219,0.569003895254,,,2.22682779825,,,-3.47057965098,
CHOL16,"TM6SF2",ENSG00000213996,13.637141,-1.29909711898,-3.0346086379,-0.0382944595122,-1.43075945981,,,-0.739117732107,,-0.531537135472,-2.52810412976,-2.64989835753,,,,,-0.553563155558,,-2.44136954884,0.179186181142,,,,,,,-3.02426340966,-2.24914135232,,,,,,,,,,,-1.97265667133,,,-2.43023331912,1.41101537814,,,2.31218205202,,,-3.89706171099,
CHOL17,"TM6SF2",ENSG00000213996,10.710121,-1.14211879783,-2.83767208529,0.572990532516,-0.923339198613,,,-0.863529601543,,-0.596755419748,-2.91967597468,-2.27625620392,,,,,-0.965341639124,,-2.3545652829,0.27891881589,,,,,,,-2.83824643145,-1.87312765796,,,,,,,,,,,-2.53338540832,,,-2.24340817344,1.66711689032,,,2.49876876974,,,-3.94796985171,
CHOL19,"TM6SF2",ENSG00000213996,7.520756,-1.33612308403,-1.76585964881,0.224391123813,-0.979974632474,,,-0.0979940099199,,-1.09530815746,-2.64904359078,-2.18958973581,,,,,-0.318012023048,,-1.77471872617,-0.246739626363,,,,,,,-2.27046513583,-0.268548508454,,,,,,,,,,,-2.12112360699,,,-2.00568333216,1.24671636325,,,2.29814727464,,,-3.15931373405,
CHOL20,"TM6SF2",ENSG00000213996,6.564586,-0.385435224475,-1.19833433883,0.901435532718,0.296966632739,,,0.481331554594,,-0.617909280073,-1.79393854101,-1.51021734164,,,,,-1.82626462806,,-1.22741601489,0.630313230572,,,,,,,-1.54056295276,-0.199144621417,,,,,,,,,,,-2.19370755552,,,-1.23342827613,0.501177143277,,,1.70481018011,,,-2.58914533059,
CHOL21,"TM6SF2",ENSG00000213996,32.111832,-2.39616261714,-4.93735875665,-3.47654897404,-3.98827015585,,,-1.66910176488,,-2.22290483659,-4.27042481351,-6.5796305154,,,,,1.42196249292,,-5.13367515865,-0.351017347416,,,,,,,-5.86595571305,-2.37896224085,,,,,,,,,,,-2.35621282901,,,-5.21295516311,3.1499301198,,,5.06520183846,,,-4.86549407669,
CHOL26,"TM6SF2",ENSG00000213996,9.522893,-0.734132475299,-2.32178851276,0.0214096539433,-1.1236039957,,,-0.550884970705,,-0.680111756446,-2.44828289358,-2.51276717383,,,,,-0.599824006165,,-1.98722650633,0.666018192357,,,,,,,-2.37013579238,-2.20393558304,,,,,,,,,,,-1.62473201419,,,-1.92851366387,0.532836786858,,,1.84408143545,,,-3.45703654434,
CHOL27,"TM6SF2",ENSG00000213996,17.328753,-0.905474393144,-2.80870341455,-1.54797266023,-2.49653664699,,,-1.00759731664,,-1.89708048292,-3.09028061346,-4.02366428782,,,,,0.878471209558,,-3.41566962233,0.540753760968,,,,,,,-3.60900466909,-1.35536401718,,,,,,,,,,,-1.62449464611,,,-3.08779622839,1.39416838995,,,2.88054237212,,,-4.02820050319,
CHOL31,"TM6SF2",ENSG00000213996,13.282871,-1.18058541435,-2.91687454166,0.250835191292,-0.835250354494,,,-0.58665660738,,-0.614906897279,-2.81216287952,-2.65791758876,,,,,-0.66601579508,,-2.36793924156,0.398343271428,,,,,,,-2.98760144522,-2.23527696289,,,,,,,,,,,-2.03940408814,,,-2.33960090035,1.44152474385,,,2.23664104353,,,-4.04467968713,
CHOL33,"TM6SF2",ENSG00000213996,8.792527,-0.871215960046,-2.4269841546,0.79368853787,-0.464441548574,,,-0.38304548716,,-0.185384650227,-2.6131316079,-2.06612299943,,,,,-1.24578922612,,-1.88820186624,0.523511144141,,,,,,,-2.36932675467,-1.32700295908,,,,,,,,,,,-2.4389201345,,,-1.81803342116,1.37094048769,,,2.14649963234,,,-3.6255907697,
EDUC03,"TM6SF2",ENSG00000213996,6.930665,-4.77671648094,-4.32545156876,-4.42836660783,-3.56587230814,,,-3.2258216191,,-3.15276033,-3.59936876646,-5.83828586379,,,,,-2.33215479851,,-5.06644915435,-4.6346705244,,,,,,,-5.17111985524,-3.56533132542,,,,,,,,,,,-1.41079559193,,,-5.11944857054,4.05669827898,,,3.41343073037,,,-3.74035589898,
FATT10,"TM6SF2",ENSG00000213996,6.071886,-1.49218996367,-1.28968303813,-0.0949093372762,-2.06902616226,,,-1.17273137822,,-0.331946047818,-2.58734381792,-2.4766228058,,,,,-0.262265070002,,-1.93798697113,-0.653209351085,,,,,,,-2.57306402319,-1.11122901052,,,,,,,,,,,-2.42695784504,,,-2.12832146298,2.23297751859,,,2.04790669371,,,-2.65217178647,
FATT22,"TM6SF2",ENSG00000213996,6.866557,-2.28152035201,-2.84375765165,-1.0721097107,-1.69975394153,,,-0.852929025432,,-1.18570033015,-3.24393096422,-3.09766086578,,,,,0.25101564529,,-2.67300275364,-1.06630624223,,,,,,,-3.11410523836,-1.85033734025,,,,,,,,,,,-2.11875092425,,,-2.76660378017,2.06965896457,,,2.79791340054,,,-3.04559795202,
FATT24,"TM6SF2",ENSG00000213996,8.155175,-1.54147603194,-1.89355859057,-0.681578798766,-2.65181768755,,,-1.42770592382,,-0.833082976396,-3.79134839938,-3.19329903135,,,,,0.286217219968,,-2.39529727023,-0.616432730082,,,,,,,-2.8526297061,-0.809440262238,,,,,,,,,,,-2.44626940612,,,-2.56453037471,2.25877498529,,,2.15256282965,,,-3.71558177559,
FATT26,"TM6SF2",ENSG00000213996,7.714488,-2.38074523207,-2.93120627397,-1.4440697083,-1.48051199118,,,-0.696948377374,,-1.46538963375,-3.47144686761,-3.22514287724,,,,,0.574000968154,,-2.68871921264,-1.17578103417,,,,,,,-3.12900089148,-1.9162694183,,,,,,,,,,,-1.91482593955,,,-2.89809980581,1.94956645484,,,3.19563475353,,,-3.20471160831,
FATT29,"TM6SF2",ENSG00000213996,12.247437,-2.0332807487,-2.31712029929,-0.792059028296,-2.37304902809,,,-0.942055824159,,-1.47246070993,-3.57210511016,-3.69529323748,,,,,0.513483800988,,-2.72825550152,-0.851971160448,,,,,,,-3.44873391557,-1.17686902014,,,,,,,,,,,-2.72033146223,,,-2.99487953715,2.45885351697,,,2.99824794334,,,-3.36138752631,
FATT31,"TM6SF2",ENSG00000213996,8.765508,-2.34065224649,-2.81091175834,-1.37449834268,-1.42382925554,,,-0.534676094864,,-1.59900534923,-3.76410586295,-3.29903057745,,,,,0.363774797656,,-2.62502736511,-1.07671387663,,,,,,,-3.15149819702,-1.77954118386,,,,,,,,,,,-2.23250644263,,,-2.96598879769,2.0481364237,,,3.05057237247,,,-3.40941271271,
HEIG03,"TM6SF2",ENSG00000213996,8.492481,0.66413738766,-0.142330470228,-1.23423755081,-0.225186263017,,,4.36727927203,,0.262462941133,-0.154331554593,-3.53128407622,,,,,-0.0411663392363,,-0.512055727286,1.063583052,,,,,,,-0.468237685306,1.56061411408,,,,,,,,,,,0.419812082532,,,-0.632289812717,-1.33700592616,,,0.540159447057,,,-0.810149734444,
LEAN06B,"TM6SF2",ENSG00000213996,9.764674,-4.90568927117,-5.25324688787,-3.55402024059,-3.35113319324,,,-3.80440051149,,-2.78319612339,-4.58959384064,-5.46123110742,,,,,0.352375841528,,-5.2276234967,-4.26863983236,,,,,,,-5.5898366936,-3.07927661147,,,,,,,,,,,-2.72103517747,,,-5.28415036339,4.03877152965,,,5.08575473024,,,-2.79732665557,
LEAN06F,"TM6SF2",ENSG00000213996,8.460410,-4.72765386239,-5.00306080286,-2.67780893109,-3.71719637678,,,-4.08034859822,,-2.49187222878,-4.56643131995,-4.58695361612,,,,,-0.792730123038,,-4.95114350738,-4.18477809198,,,,,,,-5.40455937357,-2.72186386621,,,,,,,,,,,-2.4770778368,,,-4.9007639636,4.35337165421,,,4.83027185087,,,-3.07437640376,
LEAN06,"TM6SF2",ENSG00000213996,6.365704,-4.16030018521,-4.50689309933,-3.57651176885,-2.47893572152,,,-2.88987262374,,-2.42432740289,-3.81637408301,-5.20712368991,,,,,1.01511059141,,-4.50942646185,-3.56871983397,,,,,,,-4.7407275037,-2.76508190924,,,,,,,,,,,-2.42045993501,,,-4.62960707867,3.12856723344,,,4.346783188,,,-2.14448627009,
LIPI01,"TM6SF2",ENSG00000213996,6.032817,-1.00550068708,-2.28950866414,-0.855998360677,-0.982411032407,,,-0.523618333543,,-0.531781465301,-2.57005753541,-2.67599930362,,,,,0.466498190853,,-2.06312838797,0.11149495489,,,,,,,-2.20965979422,-2.36304464769,,,,,,,,,,,-1.11869729471,,,-2.05352263801,0.0678504405136,,,1.67300663301,,,-2.80532668931,
LIPI02,"TM6SF2",ENSG00000213996,5.998439,-0.680447269201,-1.35785103228,0.626809911748,0.0420663502547,,,-0.0154552610782,,-0.30905117259,-1.91452098287,-1.48578108327,,,,,-2.0659354797,,-1.49212947026,0.369727324015,,,,,,,-1.93019038883,-0.146436405876,,,,,,,,,,,-2.31738906719,,,-1.43464221143,1.08198947599,,,1.53904819904,,,-2.87520390592,
LIPI05,"TM6SF2",ENSG00000213996,8.385482,-1.76522883949,-3.14152788493,-0.915904162117,-1.65930400887,,,-0.97232818136,,-0.410307567466,-2.44419686199,-3.26281913556,,,,,-0.0467852449621,,-2.73742807075,-0.426918745157,,,,,,,-3.08225471141,-2.725071133,,,,,,,,,,,-1.45534912091,,,-2.65311416793,1.36381671227,,,2.32906777048,,,-3.65292476798,
LIPI10,"TM6SF2",ENSG00000213996,11.602651,-1.71923920375,-3.27819074846,-0.0497214114717,-1.10115561429,,,-1.00330274467,,-0.575440445594,-3.29514682074,-2.95939608498,,,,,-0.649743405742,,-2.87725795548,-0.250481188329,,,,,,,-3.38784533368,-2.25069242679,,,,,,,,,,,-2.74301518679,,,-2.75596607219,2.06793411466,,,2.68833868446,,,-4.2381226978,
LIPI12,"TM6SF2",ENSG00000213996,9.933898,-1.2635266206,-2.63932820034,-0.760032792379,-0.862246347941,,,-0.67009307314,,-0.510063475636,-2.78570433087,-3.32190651125,,,,,-0.343580141301,,-2.50260721259,0.015231765374,,,,,,,-2.72225070963,-2.50360968003,,,,,,,,,,,-1.43239826158,,,-2.4409046948,0.671709098378,,,2.02656633283,,,-3.38635154091,
LIPI13,"TM6SF2",ENSG00000213996,11.291741,-2.06696994348,-3.14562030677,-0.38010788862,-1.48683067123,,,-1.32891709913,,-1.32682172867,-3.47887143529,-2.80615848253,,,,,-1.75960781017,,-3.11425964859,-0.729822447492,,,,,,,-3.66002565663,-1.82134735789,,,,,,,,,,,-2.79681882793,,,-3.04911195705,2.50797371507,,,2.44068509326,,,-4.30389696007,
LIPI14,"TM6SF2",ENSG00000213996,12.638197,-1.91927339661,-3.50000811264,-0.574381469448,-1.49798781624,,,-1.10361623724,,-0.5859031926,-2.69780819274,-3.20118054587,,,,,-0.470794663293,,-2.93335411638,-0.449444326656,,,,,,,-3.46897770924,-2.91243622704,,,,,,,,,,,-1.84581697458,,,-2.84208535227,1.9345519493,,,2.44040082625,,,-3.89053929778,
LIPO01,"TM6SF2",ENSG00000213996,6.490582,-0.955956481151,-1.651416741,0.371304913636,-0.265469626083,,,-0.232931581863,,-0.456421732274,-2.14194589701,-1.71625317538,,,,,-2.01367837753,,-1.78937271227,0.141296568194,,,,,,,-2.2604661831,-0.392758520951,,,,,,,,,,,-2.4541960636,,,-1.72885805454,1.29258682386,,,1.74808204489,,,-3.09125181276,
LIPO04,"TM6SF2",ENSG00000213996,10.656710,-0.923192352012,-2.15090083051,-0.243242857051,-0.784906122375,,,-0.262320976625,,0.242814902227,-2.23435556261,-2.99638169442,,,,,0.334997907864,,-2.15462151033,0.42750824668,,,,,,,-2.46641287467,-2.30370611453,,,,,,,,,,,-1.49789834621,,,-2.04115501261,0.365236487669,,,2.09385823717,,,-3.34586215811,
LIPO07,"TM6SF2",ENSG00000213996,11.428664,-1.7191038662,-3.19181815079,-0.442618831015,-1.55234791815,,,-0.937446691375,,0.12113804847,-2.56860248291,-3.29308278658,,,,,0.185656645831,,-2.77438811334,-0.367646051233,,,,,,,-3.29808219745,-3.08229883541,,,,,,,,,,,-1.75588655602,,,-2.71512144575,1.53323510615,,,2.42477945378,,,-3.58000852867,
LIPO08,"TM6SF2",ENSG00000213996,6.604464,-1.06327514413,-1.97814262616,-0.661412563559,-0.504627208188,,,-0.583398475356,,-1.08797888866,-2.36237558086,-2.36272002993,,,,,0.121325510598,,-1.87490231619,0.125954676762,,,,,,,-2.12451443923,-2.15462090662,,,,,,,,,,,-1.13217716864,,,-1.88539826305,0.384031383147,,,1.60390402789,,,-2.25757200214,
LIPO10,"TM6SF2",ENSG00000213996,6.978687,-0.818867217093,-1.62760011146,0.252888638237,-0.15966063482,,,0.0761698863852,,0.122355800416,-2.05490005252,-1.94476706188,,,,,-1.36415422808,,-1.70901083933,0.321149236578,,,,,,,-2.12448205555,-0.592241082887,,,,,,,,,,,-2.49055143828,,,-1.65607798254,0.697847154295,,,1.99863804102,,,-3.29011293819,
LIPO11,"TM6SF2",ENSG00000213996,11.831974,-1.85725995586,-3.40280480182,-0.205676442137,-1.27119869515,,,-1.165452692,,-0.64976691884,-3.29164708052,-3.01396526503,,,,,-0.564630067666,,-3.00681663983,-0.400931122052,,,,,,,-3.5271033537,-2.4699208905,,,,,,,,,,,-2.70635760446,,,-2.87444190056,2.18090285095,,,2.74035855665,,,-4.23867451371,
LIPO13,"TM6SF2",ENSG00000213996,6.156356,-1.74598170069,-2.56940783783,-1.15272851201,-0.707008159716,,,-0.659835175031,,-0.265204096217,-2.35516400074,-3.51496321382,,,,,0.836493879799,,-2.62795072685,-0.638851242962,,,,,,,-2.76637023637,-2.53946755031,,,,,,,,,,,-1.83901012233,,,-2.65732042473,0.575076079123,,,2.40319440844,,,-2.99185597137,
LIPO14,"TM6SF2",ENSG00000213996,11.585394,-2.20451895612,-3.26098958357,-0.498542861671,-1.6358888957,,,-1.45863301578,,-1.37075006223,-3.48745605362,-2.87300617203,,,,,-1.7774034353,,-3.24823229095,-0.869846722502,,,,,,,-3.80805896958,-1.98304769977,,,,,,,,,,,-2.87108540863,,,-3.16653376009,2.60213700835,,,2.59602868615,,,-4.3074288827,
PHLI02,"TM6SF2",ENSG00000213996,6.118981,-2.07035204118,-1.96144865693,-1.00929777565,-1.23826429138,,,-0.4263028983,,-2.07846811889,-3.03106072533,-2.20189514136,,,,,-0.685053958876,,-1.97262286759,-1.18339754222,,,,,,,-2.50327230455,-0.773940644508,,,,,,,,,,,-2.10364087873,,,-2.34569072329,2.27983609041,,,2.28855977228,,,-1.97513225943,
PHLI07,"TM6SF2",ENSG00000213996,8.613091,-1.24327383029,-2.77039902716,-0.315366207728,-1.9284623291,,,-0.698419938646,,-0.628323054726,-2.22314816458,-2.92966878416,,,,,-0.260688488516,,-2.45726527951,0.0628871991315,,,,,,,-2.8276070911,-2.49510107624,,,,,,,,,,,-1.32885824911,,,-2.33520991969,0.905878498205,,,2.5252227637,,,-3.55123211941,
PHLI10,"TM6SF2",ENSG00000213996,10.990337,-1.32173170843,-2.94657063242,-0.00551230785249,-1.76392056426,,,-0.914477678794,,-0.523410970279,-2.3154536911,-2.5483481097,,,,,-0.756339636291,,-2.45318892638,0.113423485854,,,,,,,-3.04332881055,-2.28424049952,,,,,,,,,,,-1.88751932496,,,-2.38781800053,1.51106055717,,,2.3904262024,,,-3.82773418731,
PHLI11,"TM6SF2",ENSG00000213996,11.515672,-1.56047937283,-3.27495712335,0.109469707002,-1.14174883024,,,-0.938411032234,,-0.77638767006,-3.19148333389,-2.5191848646,,,,,-0.759272766956,,-2.66869196083,-0.154697735422,,,,,,,-3.2687797593,-2.06676936327,,,,,,,,,,,-2.7493645554,,,-2.600746226,1.94749154435,,,2.77702674205,,,-4.03403376032,
PHLI12,"TM6SF2",ENSG00000213996,7.338528,-1.32259980478,-2.10014465052,0.328103040592,-0.826624071359,,,-0.767082460482,,-0.917600338591,-2.54764759204,-1.87233231479,,,,,-2.15071780232,,-2.17287655036,-0.182533124424,,,,,,,-2.64782327595,-0.862331387387,,,,,,,,,,,-2.44478917081,,,-2.06121609666,1.79286153232,,,1.89341131283,,,-3.41987058014,
PHLI13,"TM6SF2",ENSG00000213996,8.630098,-0.415878254018,-1.95620125684,-0.00429234130046,-0.913129981688,,,-0.304485996811,,-0.310098070961,-2.0050765941,-2.36893208664,,,,,-0.281553557511,,-1.66836073658,0.767029463855,,,,,,,-1.93043566171,-2.13888605938,,,,,,,,,,,-1.20457125935,,,-1.63484610758,-0.162954663547,,,1.78501360373,,,-3.17036419438,
SCHI01,"TM6SF2",ENSG00000213996,7.353989,5.06571468404,4.75084595179,5.01688345186,3.70076059054,,,4.660741227,,3.81887316261,4.09392994197,4.47204687772,,,,,-0.688872377421,,5.41516070359,5.71741267692,,,,,,,4.92717295676,5.39643372905,,,,,,,,,,,2.51785935527,,,5.426356627,-3.06873196871,,,-5.32351110995,,,2.35016425715,
SCHI02M,"TM6SF2",ENSG00000213996,4.264792,4.11515962029,3.77836292364,4.27380757534,2.3625237627,,,2.95146528584,,2.11761476592,2.38239603858,4.23155376869,,,,,-0.660994444609,,4.1418071447,4.41661706539,,,,,,,3.98819987812,3.99115680823,,,,,,,,,,,1.30329957558,,,4.339238936,-2.63505434469,,,-4.82964098708,,,1.68553341896,
SCHI02,"TM6SF2",ENSG00000213996,7.137529,5.07742762543,4.79455962661,4.92111471786,3.74343199124,,,4.77004038935,,3.85241411295,4.07357090614,4.52049947697,,,,,-0.642859022912,,5.53774077827,5.70336434527,,,,,,,5.03324044834,5.44811250456,,,,,,,,,,,2.35766910377,,,5.47223462648,-3.04232630033,,,-5.08120562104,,,2.24289658843,
TRGL01,"TM6SF2",ENSG00000213996,15.137916,-1.75902175452,-3.41776356839,-0.434878872525,-1.7021703787,,,-1.07299804704,,-0.944938416338,-3.12333362902,-3.19571212703,,,,,-0.509238249913,,-3.10849867308,-0.236322040826,,,,,,,-3.62970957935,-2.94693210617,,,,,,,,,,,-2.32025899415,,,-3.00926141198,1.7073768444,,,3.04535384827,,,-4.12405888868,
TRGL02,"TM6SF2",ENSG00000213996,7.965492,-1.96144280042,-1.78658674197,-1.17465919728,-0.715504352247,,,0.167478833902,,-1.90521015439,-2.99446753874,-2.60150118217,,,,,-0.337810893265,,-1.95838697503,-1.04851147057,,,,,,,-2.46624561908,-1.00638161127,,,,,,,,,,,-2.05544204022,,,-2.38236354545,1.85346712242,,,2.38116618289,,,-2.55700831487,
TRGL03,"TM6SF2",ENSG00000213996,24.936441,-3.17659058856,-6.18967045962,-3.82911378481,-4.31510122843,,,-1.35019971629,,-1.90522025887,-4.16289997675,-5.96166830327,,,,,1.21845765614,,-5.15499048505,-1.22069079483,,,,,,,-5.97800140797,-2.57844400064,,,,,,,,,,,-2.95047927564,,,-5.29873715072,3.8781397874,,,5.07518620658,,,-4.64289569207,
TRGL04,"TM6SF2",ENSG00000213996,6.743018,-1.46856778794,-2.9412988047,-1.08832964618,-1.50205848369,,,-0.765656920877,,-0.753817658196,-2.50124527969,-3.1940365648,,,,,0.70032557885,,-2.52828119607,-0.345509635984,,,,,,,-2.65689418233,-3.10346695848,,,,,,,,,,,-1.00220431695,,,-2.53684701812,0.378831381384,,,2.06038703278,,,-3.47646626139,
TRGL05,"TM6SF2",ENSG00000213996,12.214492,-2.23117827537,-3.03478062749,-1.12226245016,-1.56361112234,,,-1.25967424586,,-1.14727561316,-3.36349415522,-3.0011531012,,,,,-1.82847968149,,-3.27439945482,-0.98215527847,,,,,,,-3.79963146393,-1.68440152592,,,,,,,,,,,-3.45970631295,,,-3.22340276868,2.47878224681,,,2.81562659114,,,-3.85640586354,
TRGL06,"TM6SF2",ENSG00000213996,7.807488,-1.33173272154,-2.95393250781,-0.535017049587,-1.90083596889,,,-0.850162662058,,-0.437298173173,-2.09917955526,-2.80938592758,,,,,-0.17265990672,,-2.41843883142,-0.0602285213177,,,,,,,-2.77607404317,-2.50222709428,,,,,,,,,,,-1.24203961262,,,-2.34745778646,1.12355052225,,,2.3608471468,,,-3.42919578267,
TRGL07,"TM6SF2",ENSG00000213996,8.847528,-1.51434172006,-3.09704666795,-0.36469648837,-1.99309251738,,,-1.04400654227,,-0.639494607347,-1.93493319913,-2.50592843536,,,,,-0.354158075042,,-2.50441028121,-0.299567937815,,,,,,,-3.00539310536,-2.61023710989,,,,,,,,,,,-1.55244360849,,,-2.42100051815,1.57126334258,,,2.45843112047,,,-3.31879799516,
TRGL09,"TM6SF2",ENSG00000213996,12.029323,-1.84950499429,-3.47946942976,-0.238691002066,-1.74796106867,,,-1.4880622332,,-0.896475479952,-2.89032310589,-2.79339703867,,,,,-0.545649981937,,-2.96364976252,-0.417379234946,,,,,,,-3.49401614201,-2.98210221382,,,,,,,,,,,-2.2674266825,,,-2.83554412008,2.06501253067,,,2.80044198047,,,-3.84126190091,
TRGL10,"TM6SF2",ENSG00000213996,6.102389,-1.09432329927,-1.21739293706,-0.509169454283,-0.0939911136456,,,-0.0103744117228,,-1.45077545099,-2.0476791891,-1.85176038703,,,,,-1.20841552305,,-1.66083342338,-0.022121952153,,,,,,,-1.90711262153,-0.634229417811,,,,,,,,,,,-2.17135421092,,,-1.75515660012,1.05774952398,,,1.21745599684,,,-1.64394057131,
TRGL11,"TM6SF2",ENSG00000213996,7.327533,-0.720559574152,-2.2375165741,-0.303137756722,-0.983060896177,,,-0.821260643531,,-0.908677027238,-2.35873491164,-2.39055407862,,,,,-0.531339342791,,-1.96272933123,0.412921605523,,,,,,,-2.17979059101,-2.29925905879,,,,,,,,,,,-1.37845749891,,,-1.86079851642,0.742303499815,,,1.62836881337,,,-2.99226235078,
TRGL12,"TM6SF2",ENSG00000213996,11.435772,-2.53738409184,-3.76912752249,-0.993427236211,-1.81648445481,,,-1.67697075313,,-1.23525429577,-3.69139736463,-3.29151705456,,,,,-1.24436553287,,-3.65016066424,-1.1733079133,,,,,,,-4.21459741494,-2.5808760874,,,,,,,,,,,-3.26513686718,,,-3.54469386884,2.87035515092,,,3.1021872009,,,-4.37930480528,
