code,target,ENSEMBL,association,Adipose_Subcutaneous,Adipose_Visceral_Omentum,Breast_Mammary_Tissue,Muscle_Skeletal,DGN_Whole_Blood,Whole_Blood,Artery_Aorta,Artery_Coronary,Artery_Tibial,Heart_Atrial_Appendage,Heart_Left_Ventricle,Spleen,Brain_Amygdala,Brain_Anterior_cingulate_cortex_BA24,Brain_Caudate_basal_ganglia,Brain_Nucleus_accumbens_basal_ganglia,Brain_Putamen_basal_ganglia,Brain_Cerebellar_Hemisphere,Brain_Cerebellum,Brain_Cortex,Brain_Frontal_Cortex_BA9,Brain_Hippocampus,Brain_Hypothalamus,Brain_Spinal_cord_cervical_c-1,Brain_Substantia_nigra,Nerve_Tibial,Cells_Transformed_fibroblasts,Cells_EBV-transformed_lymphocytes,Colon_Sigmoid,Colon_Transverse,Esophagus_Gastroesophageal_Junction,Esophagus_Mucosa,Esophagus_Muscularis,Liver,Minor_Salivary_Gland,Small_Intestine_Terminal_Ileum,Stomach,Adrenal_Gland,Pituitary,Pancreas,Thyroid,Lung,Ovary,Prostate,Testis,Uterus,Vagina,Skin_Not_Sun_Exposed_Suprapubic,Skin_Sun_Exposed_Lower_leg
ANKY01,"HLA-A",ENSG00000206503,0.547845,8.45742898334,,,,,,,-4.8980255127,5.71600619639,-0.128870591521,-6.71382076017,,,,,1.40799832344,-21.8441781047,-1.67156848951,,,-20.4316902161,,,,,-20.4316902161,,,,,4.61791467667,,,1.06771383826,-8.55396066623,,,-9.17899227142,1.84442591667,,0.937996864319,0.738907959091,13.1667070389,,,,,,1.76673897692
BFPC04B,"HLA-A",ENSG00000206503,7.729088,0.819951551319,-0.180700938966,1.4414226173,0.401532389717,-2.68780448783732,-2.68479494484,4.76244451349,4.29183981441,4.27914731767,4.86915527598,1.91801427174,,,1.36986552029,,2.59428957644,2.15752453882,-0.0473430176037,1.38914165863,1.58093960139,1.54720706125,,,,,2.79971843424,3.12393837123,0.343172000677,3.11438132203,-3.16821897801,2.20572998634,-3.51186765291,3.06313467715,-2.26096387931,-0.944473545838,-1.63416737164,2.75983565348,-0.337475085446,0.352433049234,2.31093679236,3.08266624696,0.359086701119,2.8167235226,,3.17389573026,2.64341359946,,-1.63848216615,-0.672652048623
BFPC04,"HLA-A",ENSG00000206503,6.867260,0.798165087049,-0.219644321885,1.34838880363,0.251879869663,-2.6851488902478238,-2.58627001343,4.66823960094,4.1575868866,4.15285222816,4.7195915639,1.81425959108,,,1.18857857637,,2.48875247509,1.95400605093,-0.046667133091,1.39044896147,1.51274202225,1.32965730655,,,,,2.66720454547,3.1592994359,0.388432299335,3.05513616956,-3.27635476312,2.21674722024,-3.57126065737,3.02849206625,-2.19029205594,-1.03116120344,-1.64963343462,2.70280755819,-0.493851372838,0.199764101978,2.22006710935,3.03853932617,0.287895658825,2.81556044542,,3.23562739705,2.4492440339,,-1.71450238767,-0.766553718064
BLOO01,"HLA-A",ENSG00000206503,20.628969,1.35437413025,0.795367062092,,5.0710003061,3.3869664669036865,-0.632057785122,-7.03082984838,5.84433244206,-7.75869314268,-6.29046154831,7.91508159509,,,,,-2.83826160431,-1.83564984672,3.06528171701,-4.99188161293,,,,,,,-3.91815328598,-2.82456619336,3.3869664669,-5.26829051971,,-4.24823627001,-4.39399368868,-3.21707758027,1.56925758531,1.99400941497,,,4.22153185972,-3.16829414793,,-2.54492878914,-5.50073733856,-5.46509283937,,-4.76746136295,4.99845981598,,2.25317041327,1.00392127488
BLOO02,"HLA-A",ENSG00000206503,15.878933,4.07142380742,-3.72296094894,,4.4608190422,1.626233458518982,-0.734571888948,-6.06078755075,-0.0312422196461,-6.6293634991,-3.8467306904,1.58411383917,,,,,-4.11255741119,-3.17902108342,0.0195922636114,-3.83219084057,,,,,,,-0.946291387081,-4.10328122118,1.62623345852,-2.03233265877,,-3.19834343898,-1.48573581929,-4.06343212686,-1.09072524171,5.57006826733,,,3.42048359161,1.16018334654,,-0.68649661541,-0.93321112657,-2.69824513306,,-2.22294151992,4.09225416183,,0.783914580656,-2.16981072278
BLOO03,"HLA-A",ENSG00000206503,24.476878,5.10452319221,-0.190266892314,,7.70916854488,6.673837184906005,2.00162299578,-3.66658908281,-4.62307832907,-3.57427261455,-2.04103892369,-5.27879827421,,,,,5.83493995667,4.30312168283,0.562590565775,4.0365742613,,,,,,,-0.827241837978,5.84109656108,6.67383718491,-0.829714894295,,0.618687914821,0.409892001738,5.41722287369,-5.56070708275,3.52722697062,,,6.49251367217,2.02025840852,,-1.07695579529,4.06037414164,-1.38395088732,,1.1662163555,-2.60542631149,,-1.22471326678,1.94007245087
BLOO04,"HLA-A",ENSG00000206503,28.629876,2.72385072856,-2.74587368965,,6.98033663733,4.389330863952637,0.568705225326,-2.35445621597,-2.12552387503,-3.2473065653,0.263576167765,-4.48064859111,,,,,7.69436359406,5.17475168093,-0.378799522929,5.48534113749,,,,,,,-1.61921966076,7.70095104897,4.38933086395,1.98901093006,,3.44784562278,0.267848672821,7.48955920857,-13.5631653827,4.21089578321,,,5.50298120895,-0.414417033314,,-0.759589493275,3.26884945594,0.956051078439,,4.52917101431,-4.67756605148,,-8.09665313353,-1.07520385274
BLOO05,"HLA-A",ENSG00000206503,39.859272,7.65077600082,-0.471617251635,,12.1831807172,12.297882080078125,0.775284338969,-8.66134372706,0.895129931168,-8.83692372479,-8.52761650292,8.05440683282,,,,,4.56757450104,3.57303973262,4.20460671048,0.821409648261,,,,,,,1.38582611084,4.59092512416,12.2978820801,-7.76363372803,,-2.26581523031,-3.09469844486,3.50113983087,-1.6176740715,2.35804253853,,,10.1391731745,-1.26401802954,,3.01710677147,-0.946835208602,-7.87896053724,,-4.60117233078,3.14095139503,,4.98936186151,2.12099362185
BLOO06,"HLA-A",ENSG00000206503,22.528987,8.00629586041,-1.74750375748,,9.22937228906,8.582330703735352,3.15442425431,-10.4593656142,-1.26130376248,-10.7260548577,-9.07161122902,6.95166989662,,,,,-0.893293559551,0.369178672122,2.85220134035,-2.52435251852,,,,,,,0.366087198257,-0.868486658614,8.58233070374,-7.48558330536,,-5.82506736029,-2.65186957448,-1.59731968852,-0.648938415384,3.54552941252,,,7.30477047052,1.36260231684,,3.59180140495,0.279239144622,-7.98602169778,,-5.84051375126,0.882142066956,,4.38677797677,-0.0470505796519
BLOO07,"HLA-A",ENSG00000206503,38.417516,4.58194210105,2.78071093559,,12.0020826191,12.468279838562013,0.258258829357,-11.0067717744,2.08848273085,-10.2643140317,-12.6587486365,5.75084621975,,,,,2.07517838478,2.43078111285,6.23397894367,-0.791521605242,,,,,,,-6.40116071701,2.11167486127,12.4682798386,-12.7657766342,,-7.53749014131,-2.79833708635,0.637576864337,1.51971255654,0.939457880669,,,10.1220406829,-3.52756385593,,-0.998782634735,-4.38986258374,-12.671097659,,-9.93131783226,1.93728923798,,4.02270722897,4.35800473464
BLOO08,"HLA-A",ENSG00000206503,8.911580,5.42284031561,0.13210657239,,5.54171683635,5.599557399749756,-0.234968057676,-4.08748674669,2.19811282471,-4.8911109092,-3.64532215451,5.07325080452,,,,,1.47504663467,1.84267757392,2.43595607245,-1.24160593971,,,,,,,-0.334105432034,1.47389653491,5.59955739975,-3.05216121674,,-1.84924923997,-2.87193168425,1.03424309746,-2.6043949452,0.854737200417,,,5.22980857448,0.0781670192441,,0.383701086044,-2.57145850717,-3.33128992073,,-1.73054344146,0.0950186699629,,3.22978463561,-0.630528003741
BLOO09,"HLA-A",ENSG00000206503,28.082059,8.26329848401,-1.50938665867,,10.2918199179,9.74818229675293,3.02699961016,-11.2507995093,-0.881173971026,-11.479695694,-10.0624432375,7.31664293171,,,,,-0.580318272114,0.616766000089,3.47578309321,-2.64040141279,,,,,,,-0.031337980181,-0.552475310273,9.74818229675,-8.52807712555,,-6.29992176574,-3.07778961256,-1.41006374673,-0.706646314948,3.44499131335,,,8.17500587421,0.738662076505,,3.49746632576,-0.220942478914,-9.02065908209,,-6.60087770166,1.05593037605,,4.63556341121,0.340511716817
BLOO10,"HLA-A",ENSG00000206503,29.000778,8.58413719666,-1.38125681877,,10.9461477496,10.513151168823242,3.05135780662,-11.5286003544,-0.767198480112,-11.7798559094,-10.3970363842,7.70384518273,,,,,-0.0251942798495,1.02591815374,3.77179021102,-2.44927039452,,,,,,,0.102323375642,0.00367373436145,10.5131511688,-8.87312698364,,-6.15077438621,-3.32422719812,-0.92333877754,-0.721675128793,3.42419319364,,,8.75292591491,0.455368945535,,3.81954145432,-0.385188601497,-9.34810424663,,-6.72164598434,1.41968297958,,4.99741059275,0.567246878398
BLOO11,"HLA-A",ENSG00000206503,25.692055,5.5081669479,-4.8554725647,,12.9063209741,14.15781879425049,0.75111667145,-7.20181559457,1.32599535467,-7.88900350313,-7.81356065047,6.57255654147,,,,,7.82521247864,8.2379145839,4.43861998779,0.389026002651,,,,,,,-2.65261888504,7.8456390399,14.1578187943,-7.6205997467,,-4.5550016615,-5.65906057713,6.56977441037,-4.53331092692,2.32625172506,,,10.7811048102,-5.56624760575,,1.83632230759,-0.472335248369,-7.63340221105,,-3.85960658784,0.429306745529,,1.10657708097,-0.182676686727
BLOO12,"HLA-A",ENSG00000206503,35.290832,9.54086879247,-2.91560459137,,14.4020738532,14.507631301879886,3.02045564786,-12.678413488,-0.481153670896,-13.1375899311,-11.9636849239,9.19340045304,,,,,3.05269002914,4.13574326331,4.98098971542,-1.86417638046,,,,,,,-0.976130068302,3.08578473068,14.5076313019,-10.5993995667,,-7.03395552227,-4.97666095446,1.79091419426,-2.23684298328,3.72482970404,,,11.8424347782,-1.5823704608,,3.93075370789,-0.394417562759,-10.9864739088,,-7.32477490321,1.47989976406,,5.04184211206,0.870035711559
BLOO13,"HLA-A",ENSG00000206503,41.444301,7.38386275652,6.19692419121,4.91648964809,8.17025968916,9.976158580237668,8.13269691635,-6.50278209232,-2.59163021134,-3.08137421434,-3.63593361938,1.03243399643,,,2.78053482274,,1.83531857469,4.52131296769,2.8260711764,2.7219975123,2.36199349177,2.60523355351,,,,,3.02547232694,1.73363300535,2.85112688761,1.78644618387,13.9023273783,-1.41910555219,13.1608935187,0.942556477622,7.48878057415,8.93657361337,8.57488666219,1.86347239672,9.13112808666,1.79836666763,1.67741589228,0.432486504923,7.11492426893,-1.76628433542,,-2.17929705017,-0.861190606462,,12.7303044783,10.4474176787
BLOO16,"HLA-A",ENSG00000206503,59.718876,12.6630171474,11.4725116954,7.8578588667,9.25662059267,14.51553773649333,14.3952638507,-4.75708039896,1.08602632618,-1.70261841926,-3.31086852839,1.67453207261,,,0.438985134478,,3.76002534448,4.33329012523,5.31927311288,3.79852327368,2.7588246259,3.04376173555,,,,,6.79673376485,4.02760848425,10.0977991123,3.89304252998,15.1459213697,0.176385412793,14.9506671195,1.56115272263,9.11083879234,8.27831032511,16.7830180127,2.859852939,8.77893486228,-0.682484946128,2.44540125735,2.51252527602,9.21779228727,-2.75087385326,,-5.70442474003,1.45478230758,,14.8739589707,15.2224062924
BLOO17,"HLA-A",ENSG00000206503,37.055093,9.48023927733,9.1035272915,5.7550616312,5.60212793212,9.248873821071063,10.6643567057,-1.91460545642,2.0224626466,-0.214800232927,-1.4908940374,1.28944532801,,,-0.394517416948,,2.75198238498,1.7583944272,3.76893407665,2.25629982278,1.62449575495,2.48278252882,,,,,5.58255647258,2.84416587483,7.8879662101,2.82057517664,8.98295935988,0.633828687099,9.29877188784,0.526049738736,6.81198928147,5.06616650702,13.39343242,2.15059503018,5.15817046074,-0.56913485177,2.04324069035,1.9062657332,6.02782459709,-2.4780876135,,-5.31614846508,2.27576715267,,8.9371000426,10.5393891145
BLOO18,"HLA-A",ENSG00000206503,34.582711,8.82990615823,8.18745447091,5.24180817587,4.85958444217,9.01012631434384,10.1607484239,-1.49354356074,2.16180423489,-0.122976355158,-1.39998292405,0.975206491404,,,-0.812685633592,,2.74435888338,1.95416776351,3.87629736421,2.40094111274,1.60927640489,1.84220792357,,,,,5.2276867338,3.16625382375,8.46597291807,2.89691597922,7.94771017951,0.770058572911,8.1995913543,0.870698671999,5.56057818862,3.77490850343,12.4694061537,1.97687556855,4.03574649643,-1.35483052832,1.71813067274,2.26443720687,5.62208350461,-1.85673058243,,-4.62539608403,2.01284589152,,8.18914324192,9.97483770463
BLOO19,"HLA-A",ENSG00000206503,6.007376,-3.13722351993,-2.28913019566,-3.01927768365,-1.64864645684,-1.4768334056368255,-2.51879189902,-2.83048514971,-2.86695864355,-2.48478975411,-2.35362035329,-1.86936296279,,,0.985213763184,,-3.39993116331,2.10120152795,-4.11184783173,-3.21158834486,-1.97569028814,-0.382039015794,,,,,-3.2482572483,-3.89203722722,-6.8822095681,-4.04177367833,0.0147282323203,-3.75324598196,-0.274154013237,-3.13358250699,1.73854856689,1.28615623804,-1.90053325949,-2.76228965647,0.38810977231,-0.276719389896,-2.28711138683,-3.66265639569,-2.4906908675,-2.71082046555,,-2.0412931759,-2.59716933812,,-1.62277192072,-3.2120197571
BLOO20,"HLA-A",ENSG00000206503,18.245981,-0.890910012994,-3.04383476689,-2.40085257412,1.83213124586,4.261910190703824,1.73132813439,-5.69088775946,-5.39452748227,-5.26444631454,-4.736482603,-1.84049353588,,,-1.43377032013,,-0.776991201379,-0.483197320583,1.58034671549,0.473109898405,-0.421061909773,-2.79478987405,,,,,-3.56549980849,-1.00543507256,3.695680381,-1.69712236274,4.44823288372,-0.946939417004,4.67270637227,-0.407842177872,0.542029452569,2.43204560366,-0.748538547168,-2.656874872,0.963722715017,0.623038188437,-1.83642364167,-3.36359003069,1.17424062193,-0.361967261683,,0.243276076523,-3.63662358795,,3.62306769638,3.60317237264
BLOO21,"HLA-A",ENSG00000206503,37.683128,-4.59745297723,-7.83969962352,-4.31674325577,0.123117475796,-0.12442121787926037,-3.24166504539,-0.570709039951,-1.75252352781,-3.61605954872,-1.11598884464,-1.22150738671,,,-4.67065037477,,0.736503149914,-2.50524793788,4.36794459941,3.16964996569,1.2393226065,-2.28245268528,,,,,-4.57194158501,2.96555548322,3.46334444656,1.05999395035,-2.193751117,3.219379347,-2.31158511855,3.2804606737,-6.80838800474,-5.11179124197,-8.40951042573,0.272091944566,-3.25929121752,-3.36169769194,0.547237454037,-0.348465584026,-2.29656206023,3.94134805788,,6.79797955323,-4.45137859491,,-2.11120107209,-0.266279332068
BLOO22,"HLA-A",ENSG00000206503,29.786137,-4.44050583589,-7.76355807825,-4.27208459142,0.71453033151,0.23655709328254287,-2.93170645254,-1.31769079516,-2.13345120677,-4.07238546739,-1.62587360098,-1.21379605314,,,-4.76657700629,,0.484709026422,-2.70427935865,4.2741345289,3.28172557209,1.35185766576,-2.29127621853,,,,,-4.81662381061,2.64495431663,3.19126461181,0.879529042077,-1.16768220743,3.0224384224,-1.31282345161,3.07813149561,-6.39364059738,-4.04861420207,-8.1110297079,0.236505625114,-2.60856534662,-2.92415815327,0.573978795457,-0.761695666411,-1.82833480421,3.66158585009,,6.60848234798,-4.22831139031,,-1.40848080983,0.194361181085
BLOO23,"HLA-A",ENSG00000206503,20.377641,-5.56268549829,-7.26332827554,-3.49936022296,-1.6806187909,-4.284457764791571,-6.4112066242,2.3444615618,0.477842498906,-0.38233200423,1.7303133723,-0.263660119248,,,-2.51582675142,,0.351637187278,-2.58419006454,2.00858936938,2.23177729352,1.20129486231,-1.67984299753,,,,,-3.41104273464,2.19587598342,-1.22529331909,1.52886926299,-5.19418969553,3.03030360384,-5.80294383353,2.90872030107,-8.42612387676,-5.57896778323,-9.62112036718,1.78505194243,-4.17282555783,-2.24227790773,1.165646773,1.17696089736,-2.73610858303,4.48738385373,,6.82408322792,-2.03509810785,,-4.95458166172,-3.72479862663
BLOO24,"HLA-A",ENSG00000206503,16.162323,-2.02200024197,-3.59513605865,-1.88249619685,-2.94738319283,1.683700655402744,-0.682483730698,0.823155609767,0.603052094904,-0.82657987984,-0.757573940312,-2.11143177128,,,-3.02565205566,,-0.614116302862,3.05449160059,0.886252547236,0.365472147375,-0.122133137561,-3.29492730839,,,,,-1.68997657056,1.33484354759,4.60451957637,0.199378133167,-3.01427910591,-0.457262911704,-3.38730698822,1.24915901874,-4.58767440787,-5.71370413848,-2.14423419841,-1.19254399351,-4.46859418011,-5.01914346103,-2.42315355803,1.65449404695,-1.0141877928,2.14812731793,,1.45889649224,-0.927271678187,,-1.80581595973,-1.04909811113
BLOO25,"HLA-A",ENSG00000206503,30.591557,-1.39543587567,-5.99914549978,-2.7777384971,-0.437283383739,2.812370623374025,-0.0388759779985,0.125257172882,-2.52750138563,-2.2724469066,-1.03966848724,-0.519561006256,,,-1.31063111778,,3.65254111161,0.38676760809,5.70062742155,2.72729182471,0.171532073179,-2.14626363943,,,,,-1.97103562543,3.1553535231,8.7349006198,0.272086455841,-2.07542274595,3.5733565486,-0.948095888679,3.05612627987,-4.60728239374,-5.11199015132,-4.81027344385,-1.65755935522,-3.74245736217,-1.34790128739,-0.727949062774,0.416328122445,-2.29850055233,1.82038397235,,5.23988122417,-2.80072944788,,-1.23146196589,3.05144550581
BLOO26,"HLA-A",ENSG00000206503,43.514492,-2.5401314004,-6.28183769468,-4.59175601525,-3.19934341826,4.280113439336537,0.0276821844066,-0.798606967244,-4.70320780459,-3.65688632834,-2.17377181621,-2.77518952874,,,-2.02517222175,,3.11767379812,0.366524391676,5.49747935448,0.592010412053,-1.73651429374,-4.35908921164,,,,,-2.82433073642,3.3368060837,11.1923243636,-0.408239145296,-3.73020800403,2.03571142379,-2.67588731432,2.51258687166,-4.04546667993,-8.63928839881,-4.24790451107,-3.80312036318,-6.11715790544,-4.38943106839,-2.7360401592,-0.613008701037,-3.67164854139,2.49221534381,,3.81453179812,-8.46733196339,,-1.86110977431,2.62409618181
BLOO27,"HLA-A",ENSG00000206503,26.605268,-1.95520175767,-4.09324906799,-3.56571798769,-3.04697356852,3.466557984948062,-0.0169898657157,-0.836884832154,-4.07532544019,-2.92222293922,-1.71943542007,-2.64655005311,,,-1.32634306722,,2.00507458028,0.702905810988,3.86693009142,-0.196894118912,-1.80071179645,-3.69002821906,,,,,-2.03212712517,2.53843083139,8.57449745129,-0.2514926759,-3.07825277363,0.786246565914,-2.38824339624,1.63836666087,-2.50064146893,-7.1053888572,-2.54545177773,-3.15331807715,-4.97047876752,-3.93589035666,-2.48599111014,-0.465208701063,-2.62337928579,2.28399648377,,1.96037959374,-8.17288499646,,-1.22721623169,1.7189196755
BLOO28,"HLA-A",ENSG00000206503,3.831532,4.29290125753,3.81683730812,4.01579050366,2.88363065317,1.2586154385514643,3.01458979021,2.71075624036,2.9040517471,3.0042246577,2.77507766263,2.75471177288,,,0.0273525501802,,3.93701959041,-3.43416244277,4.35628443657,3.47165112431,2.29065601483,1.43599615856,,,,,4.24540205039,3.75898694821,6.16531785853,4.35817127824,1.15087540118,4.2421529487,1.57348165428,3.03128045608,-0.196686847572,0.44857935475,2.96856502572,3.41514049014,1.13148223704,1.87780961912,3.2853660835,3.56315289418,3.20737410342,2.16948964961,,1.69011909914,3.08140954583,,2.54624062616,4.00858756822
BLOO29,"HLA-A",ENSG00000206503,16.074879,-3.2766455369,-5.92649916265,-5.43019445635,-3.01951112117,0.7572104667472279,1.21632759749,-3.06714420772,-7.37291319229,-4.6860290138,-3.80095810656,-3.57561837702,,,0.300880264513,,-0.246343127442,0.667609342818,1.3183108099,-0.0802642018186,-2.88692955478,-4.08201510415,,,,,-3.7921411674,-1.45145283713,1.47327200476,-2.97121263196,-2.57329924066,-2.98048976894,-1.79519889824,-2.17821793221,-1.74698877137,-4.34645594845,-3.6309505701,-4.00739260193,-5.1851260244,-1.94759762182,-3.42282529112,-1.07904811784,-4.05739075645,0.804964745577,,-0.277308061938,-7.17066064274,,-2.94502495094,-1.42886995052
BLOO30,"HLA-A",ENSG00000206503,49.870923,8.23648230835,6.97796929192,5.38077569338,8.6106172143,10.826561053164603,9.28805632492,-6.76253468702,-2.55716783391,-3.1690995455,-3.8948003487,1.03022559788,,,2.75767066011,,2.04942476665,4.75224302712,3.11532016369,2.91457891113,2.49681119929,2.73998314227,,,,,3.47809798601,1.96006499845,3.73736937152,1.96636780096,14.7397717458,-1.41688120122,14.0339013553,0.949921204351,8.12183017086,9.37416943013,9.8555384755,1.93321042891,9.4947046006,1.73574238615,1.81021756565,0.527386465689,7.69504242456,-2.04390567113,,-2.6957670114,-0.673553327742,,13.5800800659,11.4732267279
BLOO31,"HLA-A",ENSG00000206503,27.247475,-8.12558255699,-7.56480179925,-4.77510984041,-4.67708398665,-8.79782930963561,-9.47720816873,1.38548460042,-2.18898754494,0.254866597851,1.38835514208,-1.03733458064,,,1.05654973232,,-2.66222892295,-1.71553819019,-3.68689537266,-2.26253001248,-1.40799636183,-1.42908250177,,,,,-4.77833390313,-3.00481965803,-8.06292732714,-2.73774138979,-7.40510014336,-0.819101742207,-7.5676846901,-1.03945913735,-4.81123323955,-3.28449146185,-11.3757381339,-1.70648475895,-3.73447234237,1.67253963412,-1.4282011394,-2.06498912011,-4.94992633426,1.73702801122,,4.1348984815,-1.51155041141,,-7.74874242884,-9.12492944229
BLOO32,"HLA-A",ENSG00000206503,15.389180,-0.969345170247,0.491763919573,-0.467237385924,0.869590677304,-3.3096066256790024,-2.17326213951,-1.07264598693,-1.66527583509,0.0851713354362,0.269272043302,1.00040828024,,,3.04442570059,,-0.889949189193,-1.84101929453,-2.39674229985,-1.46627304735,-0.624520867266,2.19953643333,,,,,-0.536406659211,-2.64913096348,-7.16098033679,-1.78578694405,0.8075619496,-0.882990136067,1.00610529201,-2.01612837805,2.93562863712,4.09559412059,-1.24619046231,-0.224323742811,2.66813794322,4.08905564581,0.914652268108,-2.61231672885,-0.954886409914,-1.97280117253,,-0.662561231893,-0.422067912149,,-0.663611088822,-1.95280030241
BLOO33,"HLA-A",ENSG00000206503,17.499311,4.76400184021,3.89425664549,2.73029215025,5.5615758718,7.122744203559295,6.74075856177,-4.43942211554,-1.32193769908,-3.02780933974,-3.79197566297,0.288634015402,,,-0.582123801744,,0.334813087467,-1.22801532339,1.07462490749,1.7021866947,0.438378023056,0.474147910604,,,,,0.767924466219,-0.117077734409,3.04646269093,0.363443096598,9.13387596267,-0.925453579694,8.57134412572,-0.302990598007,5.04050026533,5.78336069213,6.02825100495,-0.0139445917758,5.90632717099,0.321062052707,0.255095517832,-0.972324969287,2.86461358343,-2.91717982823,,-2.55175690985,1.05616394957,,7.96645252533,6.17397483336
BLOO35,"HLA-A",ENSG00000206503,23.903751,1.17921055919,5.73742301344,3.32382541176,-0.369220176897,-5.04520266726803,0.0311640020283,1.34024254075,2.97737528741,2.96618079606,2.20030375752,0.459848253796,,,0.342771798394,,-3.91475381399,-0.919507533697,-6.4579296085,-2.6915773381,-0.662315577164,2.56155441325,,,,,2.42395849692,-2.29911185916,-9.80329691008,0.268461551622,1.15752160798,-3.01072820097,-0.143177850431,-2.99776679203,4.3893799027,4.62532735815,4.23584393311,2.90963278449,3.9288815626,2.38707689144,1.76115982718,0.587828100144,1.52650595429,-2.02028164554,,-4.72562776465,5.48538923133,,-0.345612922076,-3.76440727929
BLOO36,"HLA-A",ENSG00000206503,39.843421,-3.06193803502,-6.85959944646,-4.26926794228,1.17405624264,3.1306439620047803,-0.217807290486,-3.13490141991,-3.55800972912,-5.72229339948,-3.49753239148,-2.07453398494,,,-5.36676948866,,0.400801471296,-2.17234710565,4.73829285125,2.82922933212,0.58925368736,-2.74841975918,,,,,-4.9237303406,2.446663788,5.95371676082,-0.0190278230769,0.603523666063,2.22235061505,0.902200325775,2.48257948847,-3.90839516661,-3.69983385947,-5.78373626707,-1.29063330378,-2.02142130237,-3.70833343439,-0.519900737584,-1.78040905074,-1.80337778374,2.35672493842,,4.97464432451,-5.61786200906,,0.395985220578,2.17010266696
BODY08B,"HLA-A",ENSG00000206503,7.854710,0.982117195371,0.290332838901,1.02433791338,0.407129772043,-3.811740819496902,-2.76080033477,4.8229713393,3.78053751186,4.75569690908,5.17351769285,1.89401249978,,,2.40888837727,,2.59691339974,1.75104609433,-0.560376131923,0.92654603155,1.0367516491,2.31108640003,,,,,3.25665831596,2.19002538828,-1.14097249878,2.79960789478,-2.36854722186,1.66941227239,-3.22212114019,1.86259965219,-1.93551223952,-0.569649170051,-0.460307569899,2.87729508,-0.240255293105,1.02130952659,2.56838967479,2.79477984901,0.203731758903,2.67146906226,,2.23496900948,2.1939422106,,-1.90556232991,-0.49160160836
BODY08M,"HLA-A",ENSG00000206503,5.881041,0.972942010668,0.344421296165,1.05743694493,0.942508440723,-2.914207832966954,-2.01447721431,4.03291898342,2.83458557304,3.85468923417,4.22869890392,1.90391550773,,,2.52255390684,,2.36328387268,1.95309921496,-0.352407623435,0.854957166681,1.13747083466,2.11586501721,,,,,2.88564916501,1.31753753209,-0.842112280457,2.23505274242,-1.38622683686,1.24968974264,-2.20593217011,1.28801738432,-1.56932219463,-0.0160775560078,-0.311847994191,2.35950330906,0.299810792204,1.50967871568,2.23396335417,2.37898563814,0.226062371029,1.79636077176,,1.41568342839,2.59676187585,,-1.17788391101,0.081742316486
BODY08,"HLA-A",ENSG00000206503,9.360763,0.850201544062,0.2192889262,0.88428203124,0.197158937689,-3.7869595022735183,-2.81097844085,4.75407676997,3.75591414585,4.69717767321,5.07438346582,1.76727310659,,,2.11071391354,,2.46583048212,1.5198036522,-0.559739949606,0.896955986553,0.945499668029,2.13663858739,,,,,3.08876518398,2.30009571008,-1.10818136497,2.78542034611,-2.58376019498,1.71054295752,-3.37572516121,1.89268831852,-1.95911157442,-0.78778680454,-0.526801314353,2.84728123094,-0.482168051525,0.717743426876,2.49543626411,2.77105039166,0.113243528908,2.78102166226,,2.36998463256,1.88376419087,,-2.08528139069,-0.679368658694
CIRR01,"HLA-A",ENSG00000206503,6.374060,3.40028196553,-0.538726977979,3.86508288996,2.28777802345,-2.190030440130044,2.7077853009,-3.31118230947,-0.280465997854,-1.21962394634,-0.622044123225,-0.119518834682,,,0.824926128914,,-0.0609173886478,3.14706420914,-0.155996412168,0.979645860271,-0.159836889052,0.888755472933,,,,,-0.99186509357,-1.6298365138,-0.794009715351,-0.294824370885,4.16700879311,-1.9646146319,1.25192935582,0.607454401418,0.593040342665,0.64672006826,3.51784177338,-0.481585261729,0.989297522123,-0.955877392592,-1.12658893064,-1.50213164326,0.97797699824,-1.25124022101,,-2.5871968065,-0.186498038752,,1.8672328763,1.42397773851
FATM04B,"HLA-A",ENSG00000206503,9.614233,1.43382304165,0.719611111214,1.71511828893,0.823395301723,-3.2083837685564407,-1.94562007188,5.89988815874,3.83000391477,5.21899508433,5.93126362658,2.89213383461,,,2.36616874611,,3.70230440099,0.631907151232,-0.0963754715119,1.83360079045,1.93615883673,2.36316137261,,,,,3.88675721207,3.58560511175,-0.125256175823,3.70439110567,-3.25332728813,2.89769384037,-3.45636047124,3.233835542,-1.58893576607,-0.571264835567,-1.11563054812,3.39284279934,0.255512715333,1.4446142467,3.38708591215,3.27151406112,0.352704944417,3.46589198631,,3.39025151713,3.03767434792,,-1.83435744012,-0.668122790324
FATM04M,"HLA-A",ENSG00000206503,5.567544,0.8865336747,0.389614960016,1.39407613097,0.928911177709,-2.6707478549854957,-1.79148639723,4.70913569027,3.02704190482,4.19009689545,4.75000662614,2.36385864269,,,2.13205995315,,2.89176300075,0.892632115282,-0.170009169041,1.33180918564,1.63552682324,2.04501037701,,,,,3.13602414411,2.41429598231,-0.153347269049,2.90673573176,-2.26696242477,2.17145293289,-2.61297192042,2.37333805601,-1.55387677221,-0.408873579514,-1.0345988275,2.71839748044,0.415112961857,1.51346242328,2.79110401464,2.69215057152,0.282462225311,2.57900529762,,2.44751693016,2.85483928491,,-1.36571563886,-0.284089330456
FATM04,"HLA-A",ENSG00000206503,9.612610,1.37257195355,0.680517892971,1.58149341969,0.648397297517,-3.1887503015384175,-1.90432802105,5.82776726399,3.72283693128,5.11748671543,5.80785349052,2.79091068828,,,2.14961620849,,3.58780905977,0.475383563321,-0.130713024105,1.80829806592,1.84888294756,2.17016925766,,,,,3.73105216901,3.62971196395,-0.120892118372,3.64274899802,-3.40595794326,2.88223183606,-3.57669284954,3.19957315496,-1.5483749352,-0.707602863982,-1.148169234,3.33464413943,0.0699070123785,1.20402828348,3.28151584902,3.22063172976,0.251968865553,3.49434998785,,3.44953925857,2.80930889962,,-1.96433384104,-0.847617213896
HEIG03,"HLA-A",ENSG00000206503,4.615862,3.87533686023,3.03467715861,2.04758440559,3.28183094453,1.8191453559686583,5.50948561759,-0.779662836288,-1.97660536424,-0.731320214359,-1.22707253456,1.38453661763,,,-0.439568049944,,1.8086216993,-3.78787792458,1.49295464956,-0.00844592419537,0.978960012469,1.48036378785,,,,,1.45508065587,1.59266583525,1.78466613941,0.160974580754,3.43523338717,0.699651888033,3.9188267688,0.0186564098109,5.54259986916,3.04397557092,3.82143558521,-0.313778907818,5.23025355973,1.33117907587,1.36291700905,-1.15346256404,1.06055465332,-1.36237629008,,-0.931726304456,3.0040711886,,3.13283386566,2.6686992313
IRON02,"HLA-A",ENSG00000206503,10.935505,-3.67474146206,-1.83741250067,-3.21822748677,-3.35818046658,-0.31907896623644555,-3.48610196096,-2.1975375078,-0.199709069595,-1.54280165596,-2.18726468671,-2.9247555121,,,-1.35536811404,,-3.56988014583,0.480734588263,-4.21088663375,-2.32783734462,-3.49533383593,-1.17627582665,,,,,-3.33049423004,-5.49590913367,-7.16922414987,-4.60049765479,-1.14167503935,-4.51493623016,-1.98662089076,-4.20402874227,-0.0220842078562,0.539970485007,-2.08012010432,-3.18269436144,-0.699514275,-1.77908450584,-3.05435889808,-4.31131444706,-3.71543951957,-4.04973146967,,-3.54112554471,-0.626587795736,,-2.93649010619,-5.56106112153
IRON03,"HLA-A",ENSG00000206503,13.004672,4.63581193544,2.72208409964,4.26621019942,4.24409504317,-0.32190135806488623,3.37381361974,2.60638972083,1.51048950577,2.12616217796,2.69516874681,3.23187526339,,,1.42852844122,,4.30287472723,0.226060690513,5.34827460078,2.32625943624,3.32966086343,2.26802962332,,,,,3.56693218012,6.29189791394,7.42097112951,5.6319533064,2.37619888922,5.51863011453,2.37170292589,5.27957221958,0.0282649460211,-0.00135552765882,1.97991906272,3.78027971754,2.16126671501,2.75231493477,3.74064554742,3.83583045247,2.83043669039,3.85953686653,,4.27893175148,0.483622349843,,4.56546661131,6.12555575628
LEAN06B,"HLA-A",ENSG00000206503,8.433197,2.83497712264,3.21913657162,2.08881297967,1.05454396622,-1.2182595571589099,1.21311887693,4.48320127378,1.61889020435,4.11780807674,4.34548090346,2.92899356094,,,2.53960395625,,3.67867940043,-2.97598014877,-0.0683132992821,1.57264195049,1.70171046759,2.50590778948,,,,,4.36815062051,3.08693198076,-0.0992335758219,2.96650155072,-1.04285878788,2.43383877564,-0.97315118421,1.8367166247,2.01712124991,0.554601181202,1.90007053132,2.9812034327,1.66434914351,1.97969717009,3.62970497124,2.11978404066,0.968349257134,2.87592238487,,1.39087768826,2.39136904883,,-0.425776715086,0.331012706475
LEAN06,"HLA-A",ENSG00000206503,7.015662,2.94795388052,3.05727808229,2.24550793379,1.32456277068,-1.1176843977965079,1.51022451572,4.35574140597,1.34716215283,3.90942800287,4.24046452853,3.06863589974,,,2.68022886734,,3.78991151967,-3.00812120017,0.07042546294,1.62242221688,1.78106488533,2.52614738273,,,,,4.45575164195,2.99660231711,0.154206702982,2.95350075261,-0.895369792899,2.56448912479,-0.564318019124,1.86276771828,2.06009324508,0.846611478166,1.71537971464,2.88046267493,1.90494791806,2.42640431766,3.68931676029,2.11682773383,0.871011729948,2.62708009314,,1.50010141722,2.59252508937,,-0.175341334182,0.672603182459
LUPU01,"HLA-A",ENSG00000206503,25.913889,,,,,-6.803919908016238,,,,,,,,,,,,,-4.2399225235,-4.2399225235,0.0644208714366,,,,,,,,-6.57094856177,,,4.15181970596,,-2.04817271233,,,,,,,2.67003798485,,-1.95632994175,-1.95632994175,,,,,-4.2399225235,
MENA01F,"HLA-A",ENSG00000206503,5.324735,3.38858539855,3.67249425259,1.84249188845,1.03183272931,0.3560370844217605,4.13697787612,-2.65365530583,0.73559515913,-1.21485684561,-2.22583272274,-0.990722507095,,,-0.930299451971,,-0.535211044873,0.357639461449,-0.908519684584,-2.21093407144,-1.00671214781,0.995786958712,,,,,1.11566841273,-0.344482422776,0.52373454668,-1.04213379272,3.64570419213,-1.65530308594,3.61810759565,-1.23823784725,4.97018027726,1.58678956989,4.73507849518,-1.23012503153,2.84007182831,-1.05320320143,-0.559048286525,-1.96019169993,0.0440882605378,-3.50618250908,,-3.33201562885,1.07412520219,,3.04930493059,1.97303785022
MENA02F,"HLA-A",ENSG00000206503,6.679189,2.76912582838,2.8803382319,1.12392578312,2.21161528428,5.442424224758592,5.95779113349,-2.70937253786,-0.789777617182,-2.17164456486,-2.89443867309,-0.567234319559,,,-0.59996632297,,0.714665861121,-0.59994089427,1.00368416939,0.274894112242,-0.878815045455,0.599676516322,,,,,0.565157951465,0.147176185613,1.67055056621,-0.93698998002,4.89367907518,-1.53535131918,4.67239232859,-1.26708348896,4.91901466134,1.7892540203,4.36701781714,-1.40077169774,3.26461403381,-1.28909599607,-0.4501025164,-2.0848230678,-0.274445790634,-4.09266864055,,-2.86908520028,0.271821047389,,3.94146510696,3.44078436869
OSTE04,"HLA-A",ENSG00000206503,10.162582,-3.66632605465,-3.43412928627,-2.29050526458,-3.27095227522,-5.187005556443023,-5.42992715061,3.15218848023,1.79698915172,1.61913685723,2.02259221356,-0.428323813828,,,-0.65231311289,,-0.620391800372,2.16135590045,-0.947513853415,-0.449462999509,0.573832370147,-0.616928704727,,,,,-0.721431710341,-0.719770516343,-2.34215764793,-0.539482099709,-6.36260570989,0.195343443257,-6.03180048532,0.344380422345,-3.82173263837,-3.94164998552,-4.77462409074,-0.484058346734,-4.55059515042,-0.409370556076,-0.685190768974,1.88396385023,-2.22649346498,1.72748468571,,2.20767193825,-0.179445052991,,-5.69198711535,-4.80000150205
PRSC01,"HLA-A",ENSG00000206503,36.093800,-9.28603889979,-4.80755865285,-8.95533287239,-2.89300887853,-12.816648246787462,-4.40922453187,10.9626500264,1.84816178041,3.48812757079,6.9302301179,3.39888195334,,,8.4821613459,,5.41834881612,-1.27791928346,-0.730960160899,2.08133465705,3.05806731668,1.58600978503,,,,,0.00822454430458,2.68143565167,-10.457356738,3.14066997607,-7.19776438235,1.05005558441,-10.6604793313,-6.88068632331,-3.84135068893,0.183776719882,-6.80919813907,2.25377195422,-2.28823889312,1.0913682717,4.01330376794,2.25734054063,-8.73709692756,0.660045245181,,8.62946131519,6.14661370487,,-11.5773195908,-9.20922860407
RHEU01,"HLA-A",ENSG00000206503,38.435381,5.48369445002,5.60158297722,6.04762993376,-0.697365036306,5.515635256100267,9.00615806127,-3.77947892945,-0.472329491,-2.62786163082,-4.06087888547,-3.01321658068,,,4.57117017237,,-2.47810454406,7.08952653895,-3.48834011296,-4.65415372216,-0.55579909653,1.20478599393,,,,,1.53471886621,-2.30418396185,1.63002467205,-1.86298112385,5.96785505731,-5.98146337045,6.05379127034,-5.87299937317,8.88902359682,2.42603019972,10.4738515784,-1.84788979475,5.27919189574,-4.40626666046,-2.90058422473,-2.34003631929,2.3131449829,-5.86586619417,,-10.7207425311,6.46456707417,,5.5445095978,2.44615847757
RHEU02,"HLA-A",ENSG00000206503,33.287990,5.48369445002,5.60158297722,6.04762993376,-0.503741483834,5.515635256100266,8.85532914852,-3.7919686897,-0.472329491,-3.06550525177,-4.15535712598,-2.84172721214,,,1.62581582294,,-2.35204221019,7.08952653895,-2.84023834969,-4.74588735086,-0.55579909653,1.20478599393,,,,,1.53471886621,-2.30418396185,1.27275338666,-1.86298112385,5.96784146757,-6.3604415297,6.23392368184,-5.89261532839,8.77432642086,2.83515066229,10.4738515784,-1.35926579106,5.27919189574,-4.58927892607,-2.90058422473,-2.38307155691,2.32694961666,-5.64557843674,,-11.1948470105,7.55984100649,,6.09044901355,2.3119109468
SCBP01,"HLA-A",ENSG00000206503,2.035575,3.02174781047,0.0354177022385,3.82112415719,4.01211087488,-1.2627524015498595,-2.12793894609,-0.704513672033,1.18356164804,0.995232927845,0.227992597969,2.33086248549,,,-2.61056404473,,,1.52851699443,2.25982002616,0.871468292226,1.32906622977,0.0309743112585,,,,,2.72083111231,0.214368438772,2.16933308176,1.33540916606,0.422185140588,0.307191951036,1.88392709057,5.56833398977,1.51266537875,2.10418442318,0.695240753338,1.10228519235,2.99278364599,0.45729915924,0.115235644413,1.51179266269,3.26206562951,1.93656372621,,-0.546259664922,1.55698134091,,3.65049706496,3.53905904678
SCHI01,"HLA-A",ENSG00000206503,15.352158,,,,,5.972369330823969,,,,,,,,,,,,,5.87369012833,5.87369012833,1.36867785454,,,,,,,,6.32907825855,,,-2.68856430054,,3.67906313767,,,,,,,0.191287949681,,1.83006644249,1.83006644249,,,,,5.87369012833,
SCHI02M,"HLA-A",ENSG00000206503,14.213447,,,,,5.304539871989086,,,,,,,,,,,,,5.25342082977,5.25342082977,0.766128242016,,,,,,,,6.11651839451,,,-2.88077402115,,3.04626674207,,,,,,,-0.56290435791,,1.28956997395,1.28956997395,,,,,5.25342082977,
SCHI02,"HLA-A",ENSG00000206503,15.129854,,,,,6.028854044643225,,,,,,,,,,,,,6.21192312241,6.21192312241,1.39505255222,,,,,,,,6.54553116875,,,-2.82738399506,,3.66143440289,,,,,,,0.343263804913,,1.85602498055,1.85602498055,,,,,6.21192312241,
SCLE01,"HLA-A",ENSG00000206503,5.109355,-0.209061786532,,,-1.16603577137,-1.4997093377111865,-0.733655575286,,0.457098841667,3.17041384145,-2.84186840057,-0.209061786532,,,,,,,3.38624341562,3.26980641291,,-2.06545472145,,,,,0.471337139606,3.4037399292,,-3.67280769348,,,-1.27287984635,3.65775367617,0.429480602471,0.612661778927,,3.4037399292,-1.49408401343,-0.617204248905,3.40513993258,-5.09216403961,2.63126373919,-2.7739817572,,3.4037399292,0.45857192656,,-1.79782558004,-0.415273575867
