code,target,ENSEMBL,association,Adipose_Subcutaneous,Adipose_Visceral_Omentum,Breast_Mammary_Tissue,Muscle_Skeletal,DGN_Whole_Blood,Whole_Blood,Artery_Aorta,Artery_Coronary,Artery_Tibial,Heart_Atrial_Appendage,Heart_Left_Ventricle,Spleen,Brain_Amygdala,Brain_Anterior_cingulate_cortex_BA24,Brain_Caudate_basal_ganglia,Brain_Nucleus_accumbens_basal_ganglia,Brain_Putamen_basal_ganglia,Brain_Cerebellar_Hemisphere,Brain_Cerebellum,Brain_Cortex,Brain_Frontal_Cortex_BA9,Brain_Hippocampus,Brain_Hypothalamus,Brain_Spinal_cord_cervical_c-1,Brain_Substantia_nigra,Nerve_Tibial,Cells_Transformed_fibroblasts,Cells_EBV-transformed_lymphocytes,Colon_Sigmoid,Colon_Transverse,Esophagus_Gastroesophageal_Junction,Esophagus_Mucosa,Esophagus_Muscularis,Liver,Minor_Salivary_Gland,Small_Intestine_Terminal_Ileum,Stomach,Adrenal_Gland,Pituitary,Pancreas,Thyroid,Lung,Ovary,Prostate,Testis,Uterus,Vagina,Skin_Not_Sun_Exposed_Suprapubic,Skin_Sun_Exposed_Lower_leg
ANKY01,"LRRC16A",ENSG00000079691,15.360862,,,,,-4.225913839594836,,,,,,,1.73638680287,,,,,,,,,,,,8.135381112,,-0.598167479038,,1.43421649933,,,,-0.429413050413,-1.9926057661,,,,,,4.11337995529,,,2.40368378189,,,,,,,
BFPC04B,"LRRC16A",ENSG00000079691,4.217958,1.235875697,,-1.75842699551,,1.1520230718071476,0.561796868013,,,-0.0448603086399,,,2.93661482908,,,,,,,,,,,,-0.858192991398,,1.36209972963,-2.25946503704,1.95111080893,,,,0.398218917858,-1.91584793023,,,,-2.99171602676,,-5.07670942778,,,0.223655324044,,,,,,-0.0629064235505,-0.35541054981
BFPC04,"LRRC16A",ENSG00000079691,4.120950,1.54306079638,,-1.44028622724,,1.6353043575791022,0.931601227868,,,0.22478908956,,,3.23413709532,,,,,,,,,,,,-0.876376104098,,1.50345297741,-2.26877969561,2.3342534628,,,,0.523537316879,-1.68999109955,,,,-3.02528516381,,-5.05616530128,,,0.118141139195,,,,,,-0.0617263507144,-0.227907830122
BLOO01,"LRRC16A",ENSG00000079691,44.651111,-1.69895639311,,-3.37963833026,,3.181399857402296,1.69689854903,,,-0.404891202031,,,1.74527428024,,,,,,,,,,,,1.90093102977,,-0.61426062699,-1.18359057972,1.98581545951,,,,2.35899061828,-2.48156516141,,,,3.30513278967,,-2.49495887369,,,2.88782515428,,,,,,4.20249177678,3.42694216677
BLOO02,"LRRC16A",ENSG00000079691,9.457361,-0.784390331167,,-0.873012022755,,-0.6633529579433066,-0.10896977225,,,1.74465632911,,,-3.01559342149,,,,,,,,,,,,0.716729661405,,-0.172763285847,-0.972798378393,-1.61406629386,,,,0.177347332142,0.192895687949,,,,-0.845015711597,,2.93488199257,,,-1.34093353181,,,,,,-2.39747809813,-1.76924153684
BLOO03,"LRRC16A",ENSG00000079691,82.258722,-0.184674114139,,6.60778971501,,-2.0841282134563,-0.424748928512,,,-4.48787668938,,,1.73324522478,,,,,,,,,,,,-1.48682494627,,-2.47058145481,8.00179097958,-1.17974624452,,,,-1.07010962515,3.87520922592,,,,0.829326491133,,2.09188363913,,,2.97034831157,,,,,,2.20910602439,2.53002648566
BLOO04,"LRRC16A",ENSG00000079691,36.130892,-0.432295893921,,4.42137529571,,-1.4822109550848763,-0.334545338828,,,-1.90039210496,,,0.986218166684,,,,,,,,,,,,-1.85547069321,,-1.2346798073,6.70432591089,-1.62480939458,,,,-0.0417850524145,3.2163168999,,,,0.838339130469,,0.600128556025,,,2.37784357738,,,,,,1.73493508149,2.55370801412
BLOO05,"LRRC16A",ENSG00000079691,20.038536,1.51816686589,,4.53431803999,,1.4549072960322704,3.06461525043,,,-0.853968964481,,,0.659490505275,,,,,,,,,,,,-0.877759994167,,-1.65162875807,3.86461875486,0.375023985548,,,,-0.186085919322,4.73502909045,,,,2.29887892287,,3.46453322524,,,1.73507216605,,,,,,0.816803107058,0.779997055464
BLOO09,"LRRC16A",ENSG00000079691,6.613341,1.35574025998,,2.63369812477,,2.594274664359354,3.16761359156,,,-0.388420285781,,,1.85324853047,,,,,,,,,,,,-0.0432499884774,,-1.6536294875,2.94856265739,1.61661470143,,,,0.122118006931,2.30006545199,,,,2.46847361593,,3.51611543008,,,2.72873057674,,,,,,2.11347660007,1.31790250118
BLOO10,"LRRC16A",ENSG00000079691,8.296640,1.18817058825,,2.96110762068,,2.50317000948627,3.20776157362,,,-0.722567386293,,,1.76262608588,,,,,,,,,,,,-0.245853669363,,-2.02575959,3.35484413745,1.44257009121,,,,-0.127095445075,2.71640650616,,,,2.58248316831,,3.67987275545,,,2.72278869103,,,,,,1.89384453522,1.04031871462
BLOO11,"LRRC16A",ENSG00000079691,19.471894,-1.80733525332,,3.59567868831,,0.8098294765751844,2.28194263723,,,-0.809376662835,,,-1.91534884322,,,,,,,,,,,,-0.12897662024,,-1.88153833897,1.6379212489,-1.3515939907,,,,-0.567578689593,3.20387245196,,,,2.12909927644,,3.98693592598,,,2.69636365293,,,,,,-0.921451990618,-1.47619841314
BLOO12,"LRRC16A",ENSG00000079691,14.817956,0.46355202319,,3.97223462978,,2.6716363707489195,3.749798265,,,-0.705053009498,,,0.665436504612,,,,,,,,,,,,-0.177348293108,,-2.41256746895,3.52396444369,0.774904255419,,,,0.0593946012724,3.52889052299,,,,3.13482077526,,4.55807084359,,,3.5408112116,,,,,,1.4808972315,0.522027033317
BLOO13,"LRRC16A",ENSG00000079691,5.753255,1.4698645772,,2.57060349262,,2.629842980081983,3.0974359676,,,-0.231883290994,,,1.96259528175,,,,,,,,,,,,-0.513284372632,,-1.6420614257,2.9760977794,1.77094646154,,,,0.17286996432,2.22185550233,,,,2.54031507264,,3.28182405616,,,2.79360906685,,,,,,2.2971114524,1.43725816233
BLOO16,"LRRC16A",ENSG00000079691,5.761377,-0.381093684907,,2.19726943044,,-0.3839753397436345,1.14443293275,,,-0.513286854268,,,-1.52763107493,,,,,,,,,,,,-0.771084381467,,-1.1289804601,1.69745105446,-1.79981994465,,,,0.142574496991,2.36162270215,,,,2.02158120121,,4.16489857869,,,1.52998686017,,,,,,0.448571785041,0.0506809124017
BLOO20,"LRRC16A",ENSG00000079691,57.731118,0.350967338407,,4.82153356085,,-1.310803522951066,-0.0157624839649,,,-2.20694832691,,,0.509880683938,,,,,,,,,,,,-1.56778753382,,-1.78921313183,5.95773843276,-1.15772820048,,,,-0.455628500988,3.50300601849,,,,0.397414784413,,2.67398073655,,,2.05321272606,,,,,,1.14380129757,1.40167379085
BLOO21,"LRRC16A",ENSG00000079691,27.221813,-0.234441127705,,2.92076531367,,-0.9176453214782551,-0.347007948017,,,-0.571980398656,,,0.783999942728,,,,,,,,,,,,-1.68940626293,,-0.206023921624,4.68982821884,-1.22668156379,,,,0.630290497015,2.27954732465,,,,1.03648284707,,-0.852566489681,,,1.75278003382,,,,,,1.97931764776,2.69276685353
BLOO22,"LRRC16A",ENSG00000079691,21.466698,-0.364301114978,,2.74209038453,,-1.0440621631376217,-0.356609431966,,,-0.363381229366,,,0.284605639396,,,,,,,,,,,,-1.63467801249,,-0.2514655405,4.4840019274,-1.45640493936,,,,0.577319759714,2.24070937785,,,,0.839644319782,,-0.408887092543,,,1.53747270778,,,,,,1.51133894709,2.35495742928
BLOO25,"LRRC16A",ENSG00000079691,108.539252,-1.51528010332,,5.5500102687,,-1.94443378189243,-0.903998940883,,,-6.73088388456,,,3.35277978742,,,,,,,,,,,,-2.2973589049,,-2.32855788411,6.82206590294,-0.448110519237,,,,-1.48769289354,1.65737538548,,,,1.33446210906,,-0.996496414409,,,3.14386631424,,,,,,3.30573728803,3.20358842855
BLOO26,"LRRC16A",ENSG00000079691,159.770600,1.02151166086,,10.040683945,,-1.5319470954112635,-0.250534674382,,,-8.79668231249,,,7.12262200492,,,,,,,,,,,,-4.25503694607,,-3.13031553257,12.5202524852,1.05058079357,,,,-1.54337749349,4.68824276741,,,,2.0373597008,,-1.78110689729,,,5.74102332399,,,,,,6.37419943716,6.0502879991
BLOO27,"LRRC16A",ENSG00000079691,133.110379,1.96470048807,,8.96285337423,,-0.47305775692945384,0.425592126709,,,-6.58993912192,,,6.43467988936,,,,,,,,,,,,-3.35324739823,,-2.56688179494,10.9514761188,1.53370107007,,,,-0.993934700835,4.81605583275,,,,2.05129944025,,-1.08453179201,,,5.30142398749,,,,,,5.93415411835,5.30464098498
BLOO29,"LRRC16A",ENSG00000079691,38.327293,2.392708547,,4.44157855304,,-0.9798691072740823,-0.0814531425042,,,2.10566314354,,,-1.47643086536,,,,,,,,,,,,0.00585521575811,,0.233691912661,2.05629514101,-1.08782572981,,,,-0.791104685213,4.88031000221,,,,-1.3115570209,,2.09268147607,,,-0.632924938124,,,,,,-2.32601032132,-2.3117792971
BLOO33,"LRRC16A",ENSG00000079691,17.279601,-0.941216302896,,-1.62715843972,,2.812512024210472,1.36654485339,,,0.426039695384,,,0.815843354721,,,,,,,,,,,,2.05169006401,,-0.745176061286,-0.439267200258,1.39388559123,,,,2.17909923332,-0.667195109947,,,,2.9531597639,,-1.77334770056,,,2.67755744726,,,,,,3.4085599744,2.44797112268
BLOO34,"LRRC16A",ENSG00000079691,35.977365,1.76881390669,,4.26452957468,,-1.6063719463013408,-0.838774806758,,,1.57787208557,,,-1.47763679781,,,,,,,,,,,,1.01890656923,,0.138962351184,2.36536869386,-1.39174829336,,,,-0.170783599495,4.02480009776,,,,-0.810976925129,,2.78809343233,,,-0.686809191007,,,,,,-1.40703464967,-1.40748494954
BLOO35,"LRRC16A",ENSG00000079691,123.338623,-0.683924080759,,-8.85037065535,,1.3087596579628664,0.439484597664,,,3.97376288788,,,-3.29549689907,,,,,,,,,,,,2.08761682677,,0.530951908261,-9.95709667808,1.31323031946,,,,-1.15259440302,-4.91985430342,,,,-2.41982561948,,-0.850347687485,,,-5.13033314875,,,,,,-5.85856670958,-6.42261242911
BLOO36,"LRRC16A",ENSG00000079691,52.856205,-0.215639184984,,4.80245340504,,-1.2186029599041526,-0.210165613058,,,-2.29203124157,,,1.7489054961,,,,,,,,,,,,-2.55612305298,,-1.17481297946,7.08244152307,-1.21347564992,,,,-0.0742615398237,3.29987032698,,,,1.12548394113,,-0.0780057045334,,,2.72111007701,,,,,,2.40369067281,3.0799903125
BODY08B,"LRRC16A",ENSG00000079691,6.272020,0.139339968309,,-2.97127103066,,0.7624745955802797,0.111168359769,,,-1.0736182664,,,2.19886036453,,,,,,,,,,,,0.378376408116,,0.184747653061,-2.91005421298,1.71468878931,,,,-0.401301647627,-3.03205904997,,,,-3.3128949281,,-3.78205251586,,,-0.972966074325,,,,,,-0.577484705215,-1.21012934939
BODY08M,"LRRC16A",ENSG00000079691,5.726605,-0.174127710574,,-3.32511449654,,-0.8560786801814627,-1.04457408379,,,-0.759936404667,,,1.10092312092,,,,,,,,,,,,-0.0250729119254,,0.171403957457,-2.15950185543,0.159042881828,,,,-0.747991819029,-2.9212718783,,,,-2.26207849094,,-3.41299526782,,,-0.159114448389,,,,,,-0.307027834983,-1.1241493654
ELEC04,"LRRC16A",ENSG00000079691,30.736506,2.44675156247,,6.04949858998,,0.8622810992212543,2.13605805667,,,-1.25727518334,,,3.01360076679,,,,,,,,,,,,-0.856661569653,,0.68033329054,5.61727424357,1.36731710489,,,,1.22498431679,2.77442940556,,,,2.23743751052,,0.732395739346,,,4.07742805229,,,,,,3.27760482624,1.86841223231
FATM04B,"LRRC16A",ENSG00000079691,5.608306,0.774000070913,,-2.29375248499,,0.5191603173285877,0.232234516432,,,-0.562866578306,,,3.07212288752,,,,,,,,,,,,-0.939327603812,,0.855016246031,-2.41696374395,1.90171987778,,,,0.0264569814277,-1.86339966527,,,,-3.64248584169,,-5.78836079216,,,-0.00544524142613,,,,,,-0.640883269259,-1.08525159454
FATM04M,"LRRC16A",ENSG00000079691,4.354794,-0.262924429601,,-2.88969748854,,-1.413367652166347,-1.26271318597,,,-0.7105747131,,,1.26465999083,,,,,,,,,,,,-0.812652597863,,0.503336054746,-1.73524078064,-0.139873290523,,,,-0.392311821261,-2.1914768338,,,,-2.60665677133,,-4.80175552026,,,0.553966473715,,,,,,-0.392351358584,-1.11965726157
FATM04,"LRRC16A",ENSG00000079691,5.430603,1.02126964641,,-1.97964804755,,0.9912380884339606,0.608092889631,,,-0.400774121181,,,3.33681786519,,,,,,,,,,,,-0.938621305919,,0.967442298455,-2.46943467253,2.2669488625,,,,0.14532440072,-1.64211052444,,,,-3.73510443985,,-5.77820241122,,,-0.197946687956,,,,,,-0.713171610123,-1.01326648878
GLYC06,"LRRC16A",ENSG00000079691,5.713903,-1.24080610554,,-2.56946929607,,-1.5663568169301578,-2.47600891125,,,-0.310952643884,,,-2.18002070409,,,,,,,,,,,,1.30502810628,,-1.65680067755,-0.403075154028,-2.42110990731,,,,1.05955059562,-1.2141281475,,,,0.048423797713,,-0.359558831524,,,-0.468703765902,,,,,,0.658825535977,-0.536451461777
GLYC22,"LRRC16A",ENSG00000079691,10.792150,-1.4975058084,,-2.59057945373,,-0.8362005709701354,-1.68878074604,,,0.158117572969,,,-2.18439386358,,,,,,,,,,,,1.22182469937,,-1.39246198294,-1.77986894583,-2.03595091102,,,,0.277877109508,-0.340846198632,,,,0.799207713675,,-0.187613392368,,,-0.200687473231,,,,,,-0.140921673501,-0.553881124276
IRON01,"LRRC16A",ENSG00000079691,13.609418,0.685116152276,,3.29126337587,,0.13209241492865367,0.753503558813,,,-1.27556244805,,,1.61164663344,,,,,,,,,,,,0.00813588236479,,0.15167781062,3.291888291,0.220850257591,,,,0.976252585853,2.08046344914,,,,1.10044491739,,0.717113834161,,,1.59166976089,,,,,,1.56823640634,0.868325373595
IRON02,"LRRC16A",ENSG00000079691,52.171753,0.265670001562,,-4.4194102995,,3.092843091147483,0.527825149661,,,3.69413094136,,,-2.28587631617,,,,,,,,,,,,1.33854477118,,0.754480635261,-6.52231382497,0.158415493313,,,,0.941873593657,-4.04149441891,,,,-1.01510899638,,-1.31853563701,,,-2.21761785731,,,,,,-1.48186085385,-0.132358466754
IRON03,"LRRC16A",ENSG00000079691,57.465999,2.28994500469,,7.63747286512,,-0.7856300772985931,1.48433030142,,,-2.51576650655,,,3.61265063367,,,,,,,,,,,,-1.35571645798,,0.485942589863,7.83311725827,0.889364112884,,,,0.676818400805,4.32917427246,,,,2.51552758397,,1.06623012026,,,4.64008480666,,,,,,3.62786321764,1.61099901363
LUPU01,"LRRC16A",ENSG00000079691,14.746153,0.826302622068,,-3.51209091677,,1.970384451083427,0.248297566858,,,0.353550584416,,,2.8526901173,,,,,,,,,,,,-1.57730102185,,2.38286805166,-3.15817374353,2.7843737144,,,,-2.27868628242,-3.91396210201,,,,-3.4923167642,,-4.12561545617,,,-3.95814994877,,,,,,-2.71837183586,-1.203578765
PRSC01,"LRRC16A",ENSG00000079691,27.994862,-2.94911987754,,-2.76381195109,,-2.2614053598496535,-5.27888810284,,,-1.52467052708,,,-0.292355820708,,,,,,,,,,,,2.61028974242,,1.67079162576,-1.2549393922,-0.670865995625,,,,-1.60101192997,-7.40284418941,,,,-2.42050274692,,-4.43915406201,,,-2.96548073336,,,,,,-1.50861184487,-2.77202817002
RHEU01,"LRRC16A",ENSG00000079691,7.039215,0.204777371951,,0.661481985495,,0.4766597554424561,1.0416197426,,,2.30149474862,,,-0.560450013235,,,,,,,,,,,,0.972045211347,,-0.153413156865,0.419986566319,-0.0495834125899,,,,0.911161519364,1.3577403567,,,,3.35236095122,,1.92347514509,,,2.01735056561,,,,,,0.486382909463,2.24819807133
RHEU02,"LRRC16A",ENSG00000079691,6.696113,0.204777371951,,0.661481985495,,0.47665975544245615,1.0416197426,,,2.30149474862,,,-0.57324220577,,,,,,,,,,,,0.958871026365,,-0.153413156865,0.40124627415,-0.0495834125899,,,,0.911161519364,1.29704267197,,,,3.25972293482,,1.91634961731,,,2.01735056561,,,,,,0.486382909463,2.11279823031
SCHI01,"LRRC16A",ENSG00000079691,13.151343,-0.589086964731,,1.3940361046,,0.1544056628777836,0.622960205891,,,-0.683224714784,,,-1.81722400734,,,,,,,,,,,,-0.135187227835,,-2.34657280541,1.70065159925,-2.07389594367,,,,0.737693551641,3.01288617616,,,,3.73394311158,,5.1579684762,,,2.98871303514,,,,,,1.96826922238,2.00037876119
SCHI02M,"LRRC16A",ENSG00000079691,7.735088,0.475144831707,,1.90745613476,,0.7671612436913792,1.01419748247,,,0.473363170873,,,-0.869425718476,,,,,,,,,,,,-0.509982775904,,-0.824928524264,1.92730896418,-1.37006237722,,,,0.893446269734,3.11861042454,,,,3.05361905174,,4.12481501908,,,2.60766266024,,,,,,1.94343352547,2.84036179264
SCHI02,"LRRC16A",ENSG00000079691,15.284983,-1.18846185116,,0.921279018767,,0.05198459364991003,0.593785776472,,,-1.20845750146,,,-1.83772033405,,,,,,,,,,,,-0.217340319171,,-2.93724083911,1.78515962611,-1.96305154574,,,,0.433812522624,2.70929548262,,,,3.61632832664,,5.20660296583,,,2.69017027977,,,,,,1.58886885987,1.48234591113
URAT01,"LRRC16A",ENSG00000079691,15.528562,-1.20293534554,,-3.96448942755,,-1.584934835423329,-2.35538873432,,,-4.01479032986,,,1.83960026942,,,,,,,,,,,,2.59130535359,,-0.722013368921,1.0883910306,-0.0366827012261,,,,-2.46162685892,-3.77419601034,,,,-1.52600167454,,1.23368115621,,,-0.622506631031,,,,,,1.63322351433,-0.546899705623
