code,target,ENSEMBL,association,Adipose_Subcutaneous,Adipose_Visceral_Omentum,Breast_Mammary_Tissue,Muscle_Skeletal,DGN_Whole_Blood,Whole_Blood,Artery_Aorta,Artery_Coronary,Artery_Tibial,Heart_Atrial_Appendage,Heart_Left_Ventricle,Spleen,Brain_Amygdala,Brain_Anterior_cingulate_cortex_BA24,Brain_Caudate_basal_ganglia,Brain_Nucleus_accumbens_basal_ganglia,Brain_Putamen_basal_ganglia,Brain_Cerebellar_Hemisphere,Brain_Cerebellum,Brain_Cortex,Brain_Frontal_Cortex_BA9,Brain_Hippocampus,Brain_Hypothalamus,Brain_Spinal_cord_cervical_c-1,Brain_Substantia_nigra,Nerve_Tibial,Cells_Transformed_fibroblasts,Cells_EBV-transformed_lymphocytes,Colon_Sigmoid,Colon_Transverse,Esophagus_Gastroesophageal_Junction,Esophagus_Mucosa,Esophagus_Muscularis,Liver,Minor_Salivary_Gland,Small_Intestine_Terminal_Ileum,Stomach,Adrenal_Gland,Pituitary,Pancreas,Thyroid,Lung,Ovary,Prostate,Testis,Uterus,Vagina,Skin_Not_Sun_Exposed_Suprapubic,Skin_Sun_Exposed_Lower_leg
BLOO01,"NLRP6",ENSG00000174885,77.119038,-17.8778955034,-11.8645898233,-6.73870457887,,-13.873970834070088,-15.5846671944,-17.6386307146,-17.3065070356,-19.8946325489,,,,,,,-1.1989521305,,,,-0.678264921792,,,,,,-13.9571581657,,-0.67011287531,,,,,,-6.52510422508,,,,,,-4.63980091562,-20.3965031144,-12.9681871635,,,,,,,
BLOO06,"NLRP6",ENSG00000174885,6.443613,4.35049974598,3.45060374083,1.54180289621,,-1.2619576332046376,-0.8245606535,4.00477463396,5.47134080681,3.89660012582,,,,,,,2.09165157446,,,,2.27052217541,,,,,,3.08760318227,,-0.227737462381,,,,,,3.55876298416,,,,,,3.31845596673,4.39471192263,3.40043516301,,,,,,,
BLOO09,"NLRP6",ENSG00000174885,7.452250,4.13362532697,3.20945767702,1.2203600363,,-1.462861598770917,-0.915339179864,3.70368724459,5.25137810384,3.56298454993,,,,,,,2.25681683593,,,,2.49992112494,,,,,,2.84554754109,,-0.164807289088,,,,,,3.55105210191,,,,,,3.29655925405,4.11197402903,3.3551219666,,,,,,,
BLOO13,"NLRP6",ENSG00000174885,7.042987,4.28738925263,3.37004257467,1.42383148139,,-1.2389336060669562,-0.94292668895,3.88428825037,5.4348714633,3.80059906738,,,,,,,2.16093023539,,,,2.26644666245,,,,,,2.9848242413,,-0.213399326877,,,,,,3.6797751184,,,,,,3.3831264242,4.3055428656,3.38678342367,,,,,,,
BLOO19,"NLRP6",ENSG00000174885,11.509171,6.05745588575,4.41977223039,2.17024275576,,0.3457367126807398,-0.334244145897,5.90564538037,7.46059308225,5.91185469958,,,,,,,-0.455864337167,,,,0.891747697129,,,,,,4.88042476282,,-0.919020608585,,,,,,4.19268896612,,,,,,3.81433852913,6.01048837636,3.38591377969,,,,,,,
BLOO23,"NLRP6",ENSG00000174885,0.210962,-1.19869605739,0.569832557324,-0.277144574962,,-1.2994732131369973,-1.64091678328,-0.68663775732,-0.497613688411,-1.14482356912,,,,,,,1.53898134167,,,,4.85848359431,,,,,,-0.490811688057,,0.961716002772,,,,,,-1.08494421242,,,,,,-0.264161902113,-0.657051417051,-0.301622753416,,,,,,,
BLOO24,"NLRP6",ENSG00000174885,11.307224,-5.88038472801,-2.58654072219,-2.13318730079,,-2.2171437165311754,-2.98154473368,-5.3823023749,-5.85018542135,-5.64528343035,,,,,,,-2.56495096187,,,,-1.50047105047,,,,,,-4.60582399196,,-0.807723318663,,,,,,-4.12682926025,,,,,,-4.74423890766,-6.13422429568,-3.16370145465,,,,,,,
BLOO28,"NLRP6",ENSG00000174885,6.482105,-4.41743491537,-3.88862962404,-1.69428068394,,0.3951719396635405,1.5005243217,-4.57596116419,-6.01145174171,-4.36005347928,,,,,,,1.29300226622,,,,-0.273331984713,,,,,,-3.80092816669,,1.31278279378,,,,,,-3.28835903164,,,,,,-2.55957171632,-4.31864220953,-2.52100398784,,,,,,,
BLOO29,"NLRP6",ENSG00000174885,74.739547,23.3189125038,15.5915537539,9.12041588155,,17.605326175073575,19.9466146594,22.9398661834,22.6465177098,25.4760409182,,,,,,,1.54674869321,,,,1.54268306334,,,,,,17.6266729766,,0.663903989416,,,,,,7.42144995303,,,,,,5.30013659131,26.3533097597,16.8713862842,,,,,,,
BLOO30,"NLRP6",ENSG00000174885,6.669911,4.1458699466,3.22062718314,1.28971396472,,-1.2650654260624976,-0.836011438399,3.76056074684,5.25187302537,3.61756833839,,,,,,,2.20732300009,,,,2.46517403151,,,,,,2.89128612102,,-0.188404829797,,,,,,3.46711106976,,,,,,3.27381649418,4.16411445979,3.29935256313,,,,,,,
BLOO32,"NLRP6",ENSG00000174885,13.731001,6.67740095919,3.72381439963,2.75563900355,,2.0235809448092352,2.14459068417,6.28853060968,7.1348014677,6.56943907421,,,,,,,1.81639528409,,,,1.46384648376,,,,,,5.33989426443,,0.388253806212,,,,,,4.49101026336,,,,,,4.64644408859,6.94902825558,3.79139148728,,,,,,,
BLOO33,"NLRP6",ENSG00000174885,22.744510,-8.04713167765,-5.40836558823,-2.90272666395,,-7.023880169212095,-7.40917057211,-8.11445993991,-7.85297755146,-9.39936082864,,,,,,,-0.811644226025,,,,-0.0812959121058,,,,,,-6.56824336904,,-0.277371499901,,,,,,-3.63547122379,,,,,,-2.14926891763,-9.51840051086,-5.88441399967,,,,,,,
BLOO35,"NLRP6",ENSG00000174885,23.387470,-0.15523925382,-0.773139335329,-1.58526311088,,-1.4937659912876353,-1.27162378522,-0.145972999624,0.780160179614,-0.387664513891,,,,,,,7.50886711578,,,,-1.14269170264,,,,,,-0.65068891673,,-1.36798499978,,,,,,-3.05185396125,,,,,,-3.10722955479,0.637656722526,-0.178474880766,,,,,,,
GLYC22,"NLRP6",ENSG00000174885,7.460949,-2.9597762453,-2.16289130668,-3.19211307402,,-3.3519344312478387,-2.12678043576,-2.85918156198,-0.511391851292,-1.94418440331,,,,,,,5.60609224846,,,,2.19545965647,,,,,,-3.58479493653,,-2.6635108863,,,,,,-3.59473650275,,,,,,-2.85159459543,-1.76789031147,-0.65656786351,,,,,,,
MENA02F,"NLRP6",ENSG00000174885,9.482290,3.45451359451,3.04157691083,3.12191689484,,3.721270199981996,2.28521651094,4.23285018643,1.48465305718,1.9298279045,,,,,,,-0.88189279762,,,,-0.308738618211,,,,,,4.85304726193,,1.85507937321,,,,,,1.79296247061,,,,,,-0.41546906406,1.9365799435,1.50964144398,,,,,,,
