code,target,ENSEMBL,association,Adipose_Subcutaneous,Adipose_Visceral_Omentum,Breast_Mammary_Tissue,Muscle_Skeletal,DGN_Whole_Blood,Whole_Blood,Artery_Aorta,Artery_Coronary,Artery_Tibial,Heart_Atrial_Appendage,Heart_Left_Ventricle,Spleen,Brain_Amygdala,Brain_Anterior_cingulate_cortex_BA24,Brain_Caudate_basal_ganglia,Brain_Nucleus_accumbens_basal_ganglia,Brain_Putamen_basal_ganglia,Brain_Cerebellar_Hemisphere,Brain_Cerebellum,Brain_Cortex,Brain_Frontal_Cortex_BA9,Brain_Hippocampus,Brain_Hypothalamus,Brain_Spinal_cord_cervical_c-1,Brain_Substantia_nigra,Nerve_Tibial,Cells_Transformed_fibroblasts,Cells_EBV-transformed_lymphocytes,Colon_Sigmoid,Colon_Transverse,Esophagus_Gastroesophageal_Junction,Esophagus_Mucosa,Esophagus_Muscularis,Liver,Minor_Salivary_Gland,Small_Intestine_Terminal_Ileum,Stomach,Adrenal_Gland,Pituitary,Pancreas,Thyroid,Lung,Ovary,Prostate,Testis,Uterus,Vagina,Skin_Not_Sun_Exposed_Suprapubic,Skin_Sun_Exposed_Lower_leg
BFPC02B,"KLC1",ENSG00000126214,5.227972,4.71838019313,1.39776840315,,3.5538110438,4.058922039487679,2.95363472641,,2.9171869647,3.55560594957,,,3.45546964429,,,,,,,,-2.04469406862,,,,,,,3.6524792764,,,3.13760344295,3.33709486227,,2.99588137675,,,,,,,,,,,0.327316888727,0.874340686222,,,2.64491082333,2.8877350817
BFPC02F,"KLC1",ENSG00000126214,5.944851,3.72689357492,1.06523263346,,2.57539343736,4.69351779143508,3.43460047444,,2.14520536448,2.43196587178,,,2.7143174442,,,,,,,,0.0692594841531,,,,,,,1.92642181542,,,3.68184019279,2.630070271,,2.86749334752,,,,,,,,,,,1.56354876023,2.60767512556,,,3.41773617467,2.51449255596
BFPC02,"KLC1",ENSG00000126214,5.381649,4.84057458602,1.51327756765,,3.58859583616,4.46898965147936,3.25312497407,,3.0121898072,3.57210378237,,,3.63627421119,,,,,,,,-1.73789060881,,,,,,,3.54876137843,,,3.48529600524,3.37622051917,,3.1482399424,,,,,,,,,,,0.764391388307,1.29276487541,,,3.04075159,2.97161001652
BFPC03B,"KLC1",ENSG00000126214,5.178225,4.74216064241,1.37134725222,,3.57348072997,4.043514231779668,2.91074048299,,3.06007254781,3.59429089725,,,3.58590051816,,,,,,,,-2.18182485985,,,,,,,3.76616931428,,,3.09168918421,3.26853128196,,2.95892973779,,,,,,,,,,,0.264778797343,0.830485656866,,,2.65320521052,2.89727763988
BFPC03,"KLC1",ENSG00000126214,6.519849,4.84203818433,1.47125829534,,3.60346457783,4.437121995801141,3.18435833129,,3.17807796498,3.60827567624,,,3.79490739517,,,,,,,,-1.90079491659,,,,,,,3.67829986454,,,3.42602270056,3.29035588745,,3.08272569519,,,,,,,,,,,0.695856152445,1.24048044123,,,3.0476349164,2.97352043544
BFPC04B,"KLC1",ENSG00000126214,5.666170,4.23354063195,1.05052084607,,3.46933349852,3.8553538243853316,3.43441193498,,2.48449085422,4.20292238051,,,3.70699729163,,,,,,,,-2.33438566764,,,,,,,3.96451809702,,,3.29339734031,3.79325383893,,3.74035012328,,,,,,,,,,,1.16884375744,0.441295679678,,,2.05617947299,2.89418504466
BFPC04F,"KLC1",ENSG00000126214,10.812536,4.60747201619,1.19084275714,,3.5522317738,5.758787691673663,4.48789354364,,2.61911901986,4.48221406112,,,4.21344331695,,,,,,,,-1.4987625453,,,,,,,3.62935479778,,,4.99041327215,4.04666484136,,3.85778796424,,,,,,,,,,,1.26156916893,2.38716617636,,,2.5303406334,3.63891129422
BFPC04,"KLC1",ENSG00000126214,7.713521,4.51587775643,1.22765198358,,3.76920936871,4.4718707809995175,3.86424168482,,2.6417679104,4.58694577493,,,4.05432643853,,,,,,,,-2.4060087021,,,,,,,4.17424938573,,,3.82305441154,4.10420359549,,4.0082498246,,,,,,,,,,,1.25641490206,0.853884122793,,,2.28154315277,3.29876897059
BLOO02,"KLC1",ENSG00000126214,5.717741,2.78562844312,-0.0989312800473,,2.45621357256,3.8245537020352733,3.16045218274,,1.56209385397,2.04623371241,,,2.73684614083,,,,,,,,1.63703918194,,,,,,,0.477966445393,,,3.79793771889,1.5520386839,,2.68252835854,,,,,,,,,,,-1.26095547959,3.85277380965,,,2.12145451083,3.76172244722
BLOO04,"KLC1",ENSG00000126214,10.148442,4.71726609281,2.81473110253,,3.89643981547,4.231632574074525,3.33464646359,,2.91421831838,3.85062288944,,,4.13682283785,,,,,,,,-0.169803764164,,,,,,,1.92344251594,,,3.78213946511,3.19717306981,,3.83320825123,,,,,,,,,,,1.62238189571,2.82204286084,,,2.60643565473,4.36829352892
BLOO05,"KLC1",ENSG00000126214,28.460723,1.42994171333,-0.426067286197,,-1.76265626386,1.7946550973520068,2.05500713526,,0.873952391741,-2.7283309002,,,6.78092528203,,,,,,,,7.62621896285,,,,,,,-1.78627225453,,,1.04708944162,-3.86348092499,,0.318812434854,,,,,,,,,,,1.78653605904,4.67427310356,,,-1.24906081153,-0.186582515735
BLOO11,"KLC1",ENSG00000126214,7.228662,4.5613788402,1.71103527934,,1.18264547697,3.5550461816583803,3.51649051555,,3.51264141253,0.786631591942,,,3.63051060304,,,,,,,,1.64630731227,,,,,,,2.81702947595,,,3.64945321282,0.811145657879,,2.3436752184,,,,,,,,,,,-0.714749768532,3.40478518661,,,0.247658822989,2.21169123385
BLOO19,"KLC1",ENSG00000126214,14.895308,-1.48790707766,-0.056533661955,,2.03909218873,-1.1214239980207636,-1.1771941683,,-0.495612369395,2.34204608034,,,-4.98054557079,,,,,,,,-5.57804952474,,,,,,,2.19743721578,,,-0.930574690507,2.16688158149,,0.239984469274,,,,,,,,,,,1.49260186279,-3.28309183702,,,2.22277246204,0.0724084586765
BLOO21,"KLC1",ENSG00000126214,5.962972,3.42579617267,2.67898085778,,2.30795015531,3.0028587873388006,2.2160485489,,2.0749193279,2.5200156233,,,3.30734479224,,,,,,,,0.222477655843,,,,,,,0.411522312841,,,2.73190171173,2.08667496798,,3.03552885151,,,,,,,,,,,2.87084935538,2.16249146358,,,1.56257066641,3.09356956871
BLOO22,"KLC1",ENSG00000126214,7.667481,3.83659355752,2.62926928637,,2.7038134701,3.58251054172869,2.66456636268,,2.37381042158,2.83866606109,,,3.73480628736,,,,,,,,0.44877357222,,,,,,,0.545981494635,,,3.3064496924,2.37652551941,,3.44950493617,,,,,,,,,,,2.63806196249,2.72275770464,,,1.91612147235,3.67577387465
BLOO26,"KLC1",ENSG00000126214,9.682919,0.268537641893,0.492400953332,,0.260794116403,-0.359978021565815,-0.906069148528,,1.32495104525,1.79135512761,,,-0.732054562601,,,,,,,,-2.91425818543,,,,,,,2.75445839106,,,-0.552810209989,0.527686380501,,0.367248263402,,,,,,,,,,,0.743788780693,-2.66478808013,,,0.381897042839,-1.00523467596
BLOO27,"KLC1",ENSG00000126214,10.741986,-0.621289597747,-0.120185746961,,-1.39144969052,-1.3927023683228563,-1.36310745657,,0.44523548875,0.406043262036,,,-1.56541760032,,,,,,,,-2.68746885283,,,,,,,1.5709559702,,,-1.49927184415,-0.386585615933,,-0.681946858359,,,,,,,,,,,1.22117717221,-2.54339605899,,,-0.502691582247,-1.97167472285
BLOO28,"KLC1",ENSG00000126214,16.061610,0.233417808472,-0.673843912025,,-2.51075839032,0.26132856514224745,0.516501193134,,-0.452884822788,-3.00069580573,,,4.90250460091,,,,,,,,6.19967991019,,,,,,,-3.15619502324,,,-0.122407598587,-3.10464079557,,-0.719388724296,,,,,,,,,,,-0.0102149034607,2.92859313517,,,-1.9652560445,-0.792406704776
BLOO33,"KLC1",ENSG00000126214,0.255035,0.997040049233,-0.688128639834,,1.35695181821,0.34340995850769745,0.642110580111,,2.01436467309,1.01174975357,,,0.565259900702,,,,,,,,-2.17597603415,,,,,,,3.96376227618,,,0.202310189815,1.85471478247,,0.0691371824088,,,,,,,,,,,-5.06153337983,-0.845775725993,,,0.205490850439,0.450427274261
BLOO36,"KLC1",ENSG00000126214,7.164392,4.21040000169,3.00784492063,,3.40485128447,3.5107500242709535,2.73924881902,,2.62093497209,3.47728103297,,,3.58442678437,,,,,,,,-0.543454801533,,,,,,,1.79654063781,,,3.06428152384,2.81369609187,,3.36525376047,,,,,,,,,,,1.95160444689,2.06000138487,,,2.20575042666,3.66290226023
BODY03,"KLC1",ENSG00000126214,6.541362,2.20689751856,1.22544518894,,4.14064028571,2.477959714869027,2.37504327866,,1.79981091115,4.41946176382,,,1.04006141023,,,,,,,,-3.29671990922,,,,,,,2.73259903604,,,1.3466322539,3.71659707489,,2.93849115512,,,,,,,,,,,0.839209033711,-0.895468831677,,,1.45526512565,1.84627085111
BODY04,"KLC1",ENSG00000126214,8.742874,2.23724917813,1.26124311719,,4.40863861224,2.511080094466421,2.18384814962,,2.06222936132,4.65539370521,,,1.07391594198,,,,,,,,-3.446921682,,,,,,,2.75062662911,,,1.39082058098,3.74342087928,,3.11669448475,,,,,,,,,,,0.835256905847,-1.06411331489,,,1.45546643974,1.80485811566
BODY06B,"KLC1",ENSG00000126214,5.213802,4.8982547244,1.27880550717,,4.17446257289,4.563732390444637,3.55685171877,,2.62122833364,4.32489915918,,,2.83373455205,,,,,,,,-2.50134404449,,,,,,,3.75899838004,,,3.5971620386,4.60816132005,,3.8372974443,,,,,,,,,,,-0.0992328617714,0.81003513248,,,3.25265428482,3.36530284192
BODY06F,"KLC1",ENSG00000126214,5.563599,3.82338429392,1.57902396715,,3.15993200227,4.853552770485322,3.43900044503,,2.57357449374,3.59642296486,,,2.73074527679,,,,,,,,-0.944000979331,,,,,,,2.62295585727,,,4.1497730878,3.59886243031,,3.69963911923,,,,,,,,,,,0.620242369103,1.70350360273,,,3.47913027647,3.05072145967
BODY06,"KLC1",ENSG00000126214,6.867356,5.05580407309,1.57674912406,,4.27754382487,4.959951491715193,3.7811805785,,2.93645333496,4.51168218492,,,3.14872974143,,,,,,,,-2.31786318119,,,,,,,3.79166171257,,,4.01779286871,4.6878650043,,4.04180102271,,,,,,,,,,,0.106603165843,1.06098257334,,,3.56985423063,3.4826648632
BODY07B,"KLC1",ENSG00000126214,5.407557,4.91276916735,1.28338948895,,4.22400218755,4.546415881507237,3.49377112987,,2.74205547093,4.38349109207,,,2.96348267136,,,,,,,,-2.61118771162,,,,,,,3.7804781888,,,3.54153347175,4.54927871882,,3.8099848076,,,,,,,,,,,-0.222637529639,0.769403733102,,,3.26458018933,3.39016184319
BODY07F,"KLC1",ENSG00000126214,5.506430,3.80193975764,1.56901271108,,3.1842474706,4.768210965641731,3.27452616358,,2.70302968576,3.65655458221,,,2.90674919743,,,,,,,,-1.15438511158,,,,,,,2.5700528855,,,4.02839587905,3.49184638042,,3.56902231484,,,,,,,,,,,0.469504015236,1.63054646938,,,3.45178338647,3.03817028615
BODY07,"KLC1",ENSG00000126214,6.167357,5.03458814483,1.56722979651,,4.32009015382,4.91319926401024,3.67812922685,,3.06022240735,4.56361281422,,,3.29233281755,,,,,,,,-2.45070288139,,,,,,,3.79358861363,,,3.93309598613,4.6077987336,,3.97987244795,,,,,,,,,,,-0.0263279906029,1.00349277814,,,3.57408777617,3.49403471671
BODY08B,"KLC1",ENSG00000126214,9.538201,5.22379851985,1.4870304953,,5.03725338425,4.843415027456098,4.24504100695,,2.53235705979,5.74710245265,,,3.61790393625,,,,,,,,-3.92966652747,,,,,,,4.51400704383,,,4.0778465585,5.62355445834,,4.99847170237,,,,,,,,,,,0.740102936497,0.720358953471,,,3.35989354151,4.12409937476
BODY08F,"KLC1",ENSG00000126214,14.434825,5.40693528214,1.92900315026,,4.75488668666,6.298905925305168,4.69949181592,,3.43815728446,6.12310881409,,,4.66874346512,,,,,,,,-3.22477456926,,,,,,,4.47498793216,,,5.66628170765,5.45056128259,,4.77881915353,,,,,,,,,,,0.361640014951,1.91098267956,,,3.36043893079,4.64566417713
BODY08,"KLC1",ENSG00000126214,11.276282,5.48848473878,1.79837050969,,5.28452749913,5.381696933578426,4.54144147746,,2.86817974786,6.21903356804,,,4.02770612397,,,,,,,,-4.10363136381,,,,,,,4.74286814581,,,4.6060897658,5.90680828677,,5.20500765758,,,,,,,,,,,0.699967910344,0.933883339748,,,3.47375918296,4.46989533902
DEPR01,"KLC1",ENSG00000126214,9.026157,-0.0245649557751,2.35345028623,,-1.73409155716,2.2215617897029265,3.26175764806,,1.01885863866,-1.45734412073,,,1.4262126158,,,,,,,,5.33853507,,,,,,,-1.22178680524,,,2.23814882986,-0.2770787871,,1.31029208988,,,,,,,,,,,1.145366538,2.7628253366,,,-0.860570554602,0.948898448399
EDUC03,"KLC1",ENSG00000126214,12.647644,1.90969103927,-0.384424618607,,-1.04968296825,2.955421103748811,2.74848019397,,-1.2906074135,-1.52752149047,,,1.09959896902,,,,,,,,3.34415753881,,,,,,,-0.708471975269,,,3.48504168852,-0.286474752887,,2.42548311093,,,,,,,,,,,-0.480629503425,5.099155579,,,-0.786518727435,3.04713262798
FATM04B,"KLC1",ENSG00000126214,6.498749,3.91211172563,0.698709043227,,3.20972914625,3.6398352831763887,3.36576548794,,2.46433661237,4.37556614822,,,2.68315574362,,,,,,,,-3.6720984937,,,,,,,4.15234784309,,,3.15307971527,4.16696179962,,3.91656745496,,,,,,,,,,,1.39015592179,0.0497220162315,,,2.24163157648,2.88302210607
FATM04F,"KLC1",ENSG00000126214,10.914281,4.36754442499,1.05327333438,,3.20704018175,5.46297693503041,4.20377130952,,2.76756907486,4.7431718156,,,3.49826929512,,,,,,,,-2.74885152469,,,,,,,3.70875287348,,,4.79727471246,4.40821471402,,4.08161618744,,,,,,,,,,,0.695113378899,1.9323251606,,,2.58532415575,3.73536847347
FATM04,"KLC1",ENSG00000126214,7.896265,4.19288493907,0.92291086228,,3.4893573387,4.232097955872325,3.73347861044,,2.64580571754,4.80662650326,,,3.05457570051,,,,,,,,-3.7985258725,,,,,,,4.33006565094,,,3.66616062224,4.51307161863,,4.20899355065,,,,,,,,,,,1.32278281348,0.407681602542,,,2.43400687218,3.29539525011
HEIG03,"KLC1",ENSG00000126214,6.527800,-1.80863798675,-3.4809648096,,-4.11405223773,-1.748651440339401,-2.19739986644,,-1.72223060954,-2.37412601251,,,-3.13004558092,,,,,,,,-1.39006502148,,,,,,,-0.491390508991,,,-1.71662541984,-2.36302749612,,-1.94737476478,,,,,,,,,,,-0.31048364843,-0.184120765461,,,-2.53491936571,-3.69025946032
LEAN06B,"KLC1",ENSG00000126214,7.264425,2.19611013156,-0.683819854865,,1.89287104244,2.4977337144641245,2.30098403451,,1.06188853506,3.44508519915,,,-0.510549589354,,,,,,,,-4.87167014531,,,,,,,3.07832475349,,,2.26460748082,3.358844725,,2.9609870976,,,,,,,,,,,0.217456382556,-0.151472055536,,,1.90983386696,2.63469491854
LEAN06F,"KLC1",ENSG00000126214,7.735536,2.39072127486,0.130428614887,,1.66670870468,2.8169068604948997,2.17728698592,,1.50789165243,3.50938581788,,,0.561173470703,,,,,,,,-4.20266059808,,,,,,,2.76852956433,,,2.64740346209,3.3495302939,,2.82098770383,,,,,,,,,,,-0.573519263039,0.105944480952,,,1.77971840382,2.74085298627
OSTE04,"KLC1",ENSG00000126214,18.678920,4.50555858673,1.36268078637,,6.12118995164,3.9387641632959576,1.81764911375,,2.35735646345,7.19828299693,,,2.50170179701,,,,,,,,-7.07080358959,,,,,,,5.31298339781,,,4.13384929507,6.27111669305,,4.54284230426,,,,,,,,,,,1.28306604759,-1.05991624253,,,5.14201577843,5.2242943445
SCBP01,"KLC1",ENSG00000126214,3.734923,4.77087020511,0.792637401343,,2.1194037734,4.122283813825074,3.53292424761,,2.0337707949,3.91450108017,,,2.0484100831,,,,,,,,0.397841321276,,,,,,,4.02625388523,,,3.39676513817,2.71946634402,,2.64547111009,,,,,,,,,,,-0.0841706405809,3.15714700787,,,1.2769242199,3.83277373659
SCHI01,"KLC1",ENSG00000126214,14.849704,5.84951613844,3.37704080235,,4.02740490179,6.824393053589295,5.09029148734,,2.61017520711,4.96876029557,,,3.71965747488,,,,,,,,-0.341550324657,,,,,,,3.37712125015,,,6.0538961244,3.63022115039,,6.22349587928,,,,,,,,,,,-1.75986353407,5.72483524047,,,3.85407325678,6.43231707948
SCHI02F,"KLC1",ENSG00000126214,11.507910,4.32431195782,2.6182565981,,3.43061891098,5.65668098944571,4.2327636646,,1.54903784761,3.86586460453,,,4.18597981368,,,,,,,,-0.296705243156,,,,,,,2.50181083089,,,4.93778833573,3.34944050932,,4.23359382125,,,,,,,,,,,-0.474213325758,4.32036299307,,,3.39867466899,5.18411072805
SCHI02,"KLC1",ENSG00000126214,14.505887,5.65838583692,3.16585943982,,3.85086420249,6.701122082609116,5.02099135436,,2.61151143608,4.85110582464,,,3.57338594882,,,,,,,,-0.416129753228,,,,,,,3.46715858766,,,6.24986598537,2.85779806949,,6.17812820962,,,,,,,,,,,-1.67077871584,5.64075048294,,,3.84479403874,6.2900243745
SMOK05,"KLC1",ENSG00000126214,2.218101,2.16789934277,5.48520905129,,1.41316362783,3.2859014108121527,3.01457343885,,2.48429318815,3.18781527027,,,1.98511547512,,,,,,,,-0.537202550997,,,,,,,2.09920040252,,,2.99829261726,2.17357263661,,3.27473686076,,,,,,,,,,,-0.137669234307,2.48526260356,,,1.93783730213,3.45645483722
