code,target,ENSEMBL,association,Adipose_Subcutaneous,Adipose_Visceral_Omentum,Breast_Mammary_Tissue,Muscle_Skeletal,DGN_Whole_Blood,Whole_Blood,Artery_Aorta,Artery_Coronary,Artery_Tibial,Heart_Atrial_Appendage,Heart_Left_Ventricle,Spleen,Brain_Amygdala,Brain_Anterior_cingulate_cortex_BA24,Brain_Caudate_basal_ganglia,Brain_Nucleus_accumbens_basal_ganglia,Brain_Putamen_basal_ganglia,Brain_Cerebellar_Hemisphere,Brain_Cerebellum,Brain_Cortex,Brain_Frontal_Cortex_BA9,Brain_Hippocampus,Brain_Hypothalamus,Brain_Spinal_cord_cervical_c-1,Brain_Substantia_nigra,Nerve_Tibial,Cells_Transformed_fibroblasts,Cells_EBV-transformed_lymphocytes,Colon_Sigmoid,Colon_Transverse,Esophagus_Gastroesophageal_Junction,Esophagus_Mucosa,Esophagus_Muscularis,Liver,Minor_Salivary_Gland,Small_Intestine_Terminal_Ileum,Stomach,Adrenal_Gland,Pituitary,Pancreas,Thyroid,Lung,Ovary,Prostate,Testis,Uterus,Vagina,Skin_Not_Sun_Exposed_Suprapubic,Skin_Sun_Exposed_Lower_leg
BFPC02B,"MTMR11",ENSG00000014914,7.508428,-2.54789800474,-3.37991416894,-2.8538014352,1.33042310554,-0.8914435484856569,,,1.53559319573,,,-2.12716194243,,,,,,,,0.155457788338,,,,,,-1.72467985849,,,,,,,-1.89041377922,-3.2906868006,,,,,,,-2.61228941811,-2.90822739689,-2.60125910792,,,,,,-3.51648481759,-1.56136725118
BFPC02,"MTMR11",ENSG00000014914,9.473777,-2.398021318,-3.22845249196,-2.67090381691,1.61004734278,-1.1250560287679534,,,1.63239493025,,,-1.99737840516,,,,,,,,0.183460182073,,,,,,-1.55154944641,,,,,,,-1.7210910432,-3.08450978335,,,,,,,-2.60213384418,-2.74584533238,-2.40373281666,,,,,,-3.4304963436,-1.38607069785
BFPC03B,"MTMR11",ENSG00000014914,8.532792,-2.49523317798,-3.32054190206,-2.75107582667,1.36041086666,-0.9763511632658229,,,1.47903431021,,,-1.99760848092,,,,,,,,0.0567883670094,,,,,,-1.67901938884,,,,,,,-1.78353645791,-3.20645651914,,,,,,,-2.52940844498,-2.90953884917,-2.51689326168,,,,,,-3.38446808912,-1.4623740237
BFPC03,"MTMR11",ENSG00000014914,7.966295,-2.33297206444,-3.15229609297,-2.54833195367,1.63787103431,-1.2385937913442941,,,1.56226567096,,,-1.84860056036,,,,,,,,0.0820700420876,,,,,,-1.49834889397,,,,,,,-1.59214635496,-2.98563946887,,,,,,,-2.50226551377,-2.74723339996,-2.30206226594,,,,,,-3.27112707254,-1.26437152289
BFPC04B,"MTMR11",ENSG00000014914,16.278544,-4.29703507627,-4.98521697081,-4.68354849564,0.673842513898,0.04107016470841799,,,3.02746620464,,,-3.94105304957,,,,,,,,1.36151788587,,,,,,-3.90061013884,,,,,,,-3.2330281838,-5.33487936588,,,,,,,-4.33609161056,-4.3820385895,-4.56741350958,,,,,,-5.39781641503,-3.02621831268
BFPC04F,"MTMR11",ENSG00000014914,11.750190,-2.99981582998,-3.34161761521,-3.39779160505,1.12685758276,-0.953536112133295,,,2.62377906552,,,-2.55298257546,,,,,,,,0.829104801776,,,,,,-2.62610469373,,,,,,,-2.10577612331,-3.73547916241,,,,,,,-2.92842670628,-3.00394312707,-3.39150765147,,,,,,-4.09303361883,-1.63128101815
BFPC04M,"MTMR11",ENSG00000014914,9.364788,-3.4060874376,-4.07054879094,-3.60264944828,-0.0248555140345,0.8749059477642921,,,1.96157956262,,,-3.29287395303,,,,,,,,1.18297251918,,,,,,-3.17527159632,,,,,,,-2.6921354264,-4.21958438354,,,,,,,-3.52174695452,-3.52070996146,-3.44617406421,,,,,,-4.00056194668,-2.81178770739
BFPC04,"MTMR11",ENSG00000014914,19.859932,-4.21589518588,-4.87122084614,-4.58430777679,0.834039310658,-0.14697228227772424,,,3.12351619743,,,-3.79644376805,,,,,,,,1.32818578172,,,,,,-3.78144365728,,,,,,,-3.11267792841,-5.19259362992,,,,,,,-4.23336785249,-4.28446792435,-4.48275177416,,,,,,-5.35064629928,-2.86912783276
BIPO02F,"MTMR11",ENSG00000014914,2.681394,-3.00276502529,-2.31571523655,-3.27806972716,-1.69803307995,4.038722953673167,,,1.42244234546,,,-2.8881940242,,,,,,,,-2.35793416963,,,,,,-2.27494908714,,,,,,,-4.09194531898,-2.92956241584,,,,,,,-3.16491245121,-3.15837769998,-3.06483641743,,,,,,-3.35042655853,-4.92269359601
BLOO05,"MTMR11",ENSG00000014914,6.158353,0.466245061751,4.14334352467,2.36664795876,-4.51602138401,-12.5916039510054,,,-7.44649987565,,,-3.51966458763,,,,,,,,-4.36748239455,,,,,,5.62221282063,,,,,,,2.81899641127,2.71449337711,,,,,,,3.96566984171,-2.87503064211,2.27359737244,,,,,,-3.44223494842,3.38190584121
BLOO07,"MTMR11",ENSG00000014914,0.925257,1.05515834551,3.76225030843,1.29216504097,-1.44824314488,-7.3774347063635926,,,-1.56879284497,,,-2.50767568625,,,,,,,,0.967981791801,,,,,,1.69631637794,,,,,,,1.40089777892,1.00904638058,,,,,,,0.0882667570917,0.229004205311,-0.481943578785,,,,,,-2.66349171755,0.468108428975
BLOO16,"MTMR11",ENSG00000014914,1.373218,1.39945307922,2.18007256332,1.33303750776,-0.78677318891,-5.850711356738081,,,-2.25206696282,,,-0.333585038895,,,,,,,,-0.287675458903,,,,,,0.850168881559,,,,,,,1.2511556445,1.85267391563,,,,,,,-0.135971646239,0.682160586684,1.28261808749,,,,,,0.686009598361,1.26251145724
BLOO19,"MTMR11",ENSG00000014914,5.186639,-3.46155194493,-4.78026134251,-3.33836059468,2.38817544222,6.297733638521605,,,5.2727236322,,,-0.229495202214,,,,,,,,3.31100630569,,,,,,-5.99570281836,,,,,,,-2.59338412201,-5.81611401726,,,,,,,-2.0973473458,-2.81324925092,-3.32351685116,,,,,,-2.37761668742,-2.12297229183
BLOO28,"MTMR11",ENSG00000014914,4.583659,3.31256638187,4.90955080342,3.61389734186,-2.59247677978,-7.47539488915486,,,-6.62759748687,,,0.314633286583,,,,,,,,-3.7183789569,,,,,,5.88262045545,,,,,,,2.9979902761,5.93511952345,,,,,,,2.81686681471,2.77307355346,3.6581153783,,,,,,2.50993969045,2.91269427272
FATM02B,"MTMR11",ENSG00000014914,8.102499,-2.67308750635,-2.8715112625,-2.54747492017,1.01184081199,-1.7976931173473882,,,0.698082194333,,,-2.01407515724,,,,,,,,0.260643046504,,,,,,-1.87638695159,,,,,,,-1.63931439272,-2.83266630072,,,,,,,-1.97335159683,-2.38836689525,-2.44233151214,,,,,,-3.33534988093,-1.01176808959
FATM02,"MTMR11",ENSG00000014914,7.257251,-2.39494932281,-2.62363626223,-2.22342723667,1.26973890516,-2.158217487706779,,,0.751916383925,,,-1.73109218119,,,,,,,,0.295003946387,,,,,,-1.58308543981,,,,,,,-1.30514210606,-2.4896878394,,,,,,,-1.76037914312,-2.1130116307,-2.09886830754,,,,,,-3.07861880802,-0.652497925819
FATM03B,"MTMR11",ENSG00000014914,7.960784,-2.64304378591,-2.87856490036,-2.47855220101,0.956476833894,-1.8657093168539172,,,0.616144468728,,,-1.9103815511,,,,,,,,0.13823489563,,,,,,-1.83041195668,,,,,,,-1.540771245,-2.74318203214,,,,,,,-1.87807667995,-2.41663857854,-2.38356564815,,,,,,-3.22212690258,-0.919770763479
FATM03,"MTMR11",ENSG00000014914,6.666251,-2.36274268478,-2.63031716007,-2.14829309155,1.19146597049,-2.2432210044737793,,,0.656335513979,,,-1.61999963524,,,,,,,,0.162629853217,,,,,,-1.53499930512,,,,,,,-1.19565692782,-2.3912436152,,,,,,,-1.657982465,-2.15378617009,-2.03325584992,,,,,,-2.94856251364,-0.551212955947
FATM04B,"MTMR11",ENSG00000014914,17.514335,-3.616415021,-4.08670670161,-3.8907646046,0.782308952583,-0.7849739530650439,,,2.62679373849,,,-3.40779562993,,,,,,,,1.38864135732,,,,,,-3.26962920182,,,,,,,-2.60930729599,-4.23767224016,,,,,,,-3.40423740998,-3.36225005631,-3.94460785733,,,,,,-4.70128336459,-2.21888008534
FATM04F,"MTMR11",ENSG00000014914,7.266033,-1.93921223998,-2.06274228731,-2.20399073467,1.36079488915,-1.8708590786527441,,,2.27797750943,,,-1.49741704851,,,,,,,,1.03772449219,,,,,,-1.5947585907,,,,,,,-1.14131157076,-2.41209131889,,,,,,,-1.73551632658,-1.72242064644,-2.26585871012,,,,,,-2.99705611494,-0.46172474562
FATM04M,"MTMR11",ENSG00000014914,9.354745,-3.34131688891,-3.88337237093,-3.49307993114,-0.0800365327267,0.5130672474253494,,,1.68285490991,,,-3.42812049832,,,,,,,,1.03287675148,,,,,,-3.15873860307,,,,,,,-2.63093550618,-3.79455988368,,,,,,,-3.22207070988,-3.17437291119,-3.51438819964,,,,,,-3.93654778271,-2.67219302459
FATM04,"MTMR11",ENSG00000014914,16.826901,-3.40458792213,-3.8358415439,-3.64765093982,0.961327785958,-1.0289459566927632,,,2.72317435335,,,-3.09085546868,,,,,,,,1.38093045365,,,,,,-3.00116697845,,,,,,,-2.36452638891,-3.98045451848,,,,,,,-3.17427105571,-3.14569787788,-3.69457874702,,,,,,-4.5155698787,-1.92449120192
HEIG02,"MTMR11",ENSG00000014914,13.058429,-5.18324831561,-5.2771146332,-4.9907262655,-0.73447341429,-0.09461718725857003,,,-2.30655861602,,,-4.6751975509,,,,,,,,-1.61108757045,,,,,,-2.99132764034,,,,,,,-4.40890270981,-5.41464998916,,,,,,,-4.38029833808,-4.9263220474,-4.93522070408,,,,,,-5.99767646411,-3.02765556487
HEIG03,"MTMR11",ENSG00000014914,27.310256,-7.24260463727,-7.66926014,-6.92808311607,-0.779608052597,0.9512918140661195,,,-3.70618891125,,,-7.15334718226,,,,,,,,0.940559531675,,,,,,-6.15206107319,,,,,,,-5.53852472259,-9.06741779525,,,,,,,-2.94031576453,-5.48579508492,-6.86353658744,,,,,,-8.09660794228,-3.44676265892
HEIG04F,"MTMR11",ENSG00000014914,12.869731,-5.97040370989,-5.67174939592,-5.29188620016,-1.43434879879,0.3672754408617351,,,-2.11789302819,,,-4.38143136882,,,,,,,,-1.26785448723,,,,,,-3.41343325165,,,,,,,-4.70735761738,-6.01482910325,,,,,,,-1.58927782826,-4.97641155457,-4.78937389183,,,,,,-5.66015345472,-2.5041668727
HEIG04M,"MTMR11",ENSG00000014914,7.375728,-1.99358196047,-3.22164778626,-2.53226835611,0.972819805783,0.0035154451936223645,,,-0.859084530369,,,-2.95072387583,,,,,,,,0.36368647098,,,,,,-1.32675767732,,,,,,,-2.12792245315,-2.60057934311,,,,,,,-2.43474622648,-1.68415489227,-2.20642225351,,,,,,-3.44586672191,-1.74553533206
HIPC03F,"MTMR11",ENSG00000014914,13.826231,-4.41599451752,-4.76284795622,-4.16472889966,-0.105479091685,1.7352907571773342,,,-1.20130055424,,,-4.75315460195,,,,,,,,0.55544705716,,,,,,-3.91753556682,,,,,,,-3.23959139178,-5.43247947576,,,,,,,-2.09019867833,-4.00737787461,-4.1525905904,,,,,,-4.97257165495,-2.81895292772
HIPC03M,"MTMR11",ENSG00000014914,9.989234,-1.25926799918,-1.22076394059,-1.18944722711,0.910729527843,1.836745549260743,,,1.16711813706,,,-0.64099210112,,,,,,,,1.76489967325,,,,,,-1.31945314396,,,,,,,-0.5604352617,-1.4609501523,,,,,,,-0.0627209626502,-0.780176004039,-1.13947004021,,,,,,-2.27124864734,-0.676464825938
HIPC03,"MTMR11",ENSG00000014914,20.966737,-4.01735880088,-4.59628570859,-3.79425152585,1.00843088924,2.472600741051601,,,-0.401934010373,,,-4.72418878434,,,,,,,,1.71907912278,,,,,,-3.75295184849,,,,,,,-2.74361937761,-5.3669886588,,,,,,,-1.70167183311,-3.23948041199,-3.80056593955,,,,,,-5.13780210767,-2.54028443052
HIPC04F,"MTMR11",ENSG00000014914,16.188472,-4.34606871777,-4.68397667495,-4.09576223076,-0.0269480144505,1.7065549400740225,,,-1.2048813145,,,-4.69021078669,,,,,,,,0.5413030667,,,,,,-3.87208396063,,,,,,,-3.18594481407,-5.34014861917,,,,,,,-2.05558572023,-3.94101695692,-4.08382492501,,,,,,-4.92441378705,-2.7722719792
HIPC04M,"MTMR11",ENSG00000014914,10.896436,-1.23919345207,-1.20130321312,-1.17048573241,1.06775704256,1.8074649558248375,,,1.13893164399,,,-0.608059556378,,,,,,,,1.69841061086,,,,,,-1.2984191138,,,,,,,-0.551501119216,-1.48449630024,,,,,,,-0.0617211005933,-0.767738872043,-1.12130525394,,,,,,-2.25666781739,-0.665680996049
HIPC04,"MTMR11",ENSG00000014914,22.565287,-3.91787318166,-4.4816603943,-3.69962790503,1.1591246562,2.4109373340834033,,,-0.402267720959,,,-4.6013181322,,,,,,,,1.65388717286,,,,,,-3.66361669077,,,,,,,-2.67519716245,-5.21468301109,,,,,,,-1.65923439272,-3.15869205488,-3.70578484514,,,,,,-5.04720473718,-2.47693309321
SCBP01,"MTMR11",ENSG00000014914,0.235032,-0.433594776611,-0.385650849864,-0.431582234757,1.04963966776,5.09509370651905,,,2.67661643764,,,-0.681687705583,,,,,,,,-0.851864416366,,,,,,-0.127851187993,,,,,,,-1.24555297347,-0.673431780991,,,,,,,-1.45247211985,-0.355854468438,-0.324799004366,,,,,,-0.54804946801,-2.72931557321
SCHI01,"MTMR11",ENSG00000014914,1.557363,-1.50067609893,-1.41703057129,-1.91358700986,-1.24331455589,4.903472864133633,,,2.2336501607,,,-2.19849616884,,,,,,,,-1.56912221663,,,,,,-0.96742168252,,,,,,,-2.83716576442,-1.41981174142,,,,,,,-2.19075956645,-1.8865949863,-1.28293199492,,,,,,-2.10803858567,-4.09482648831
SCHI02,"MTMR11",ENSG00000014914,1.489080,-1.22369107888,-1.17129886161,-1.64704891968,-1.45155671757,4.98950691520953,,,2.21183052966,,,-1.9651533536,,,,,,,,-1.39397878177,,,,,,-0.663516858671,,,,,,,-2.5893951435,-1.25162792866,,,,,,,-2.0245075066,-1.69206911722,-1.05896317849,,,,,,-1.7763246849,-3.89318021487
URIN07,"MTMR11",ENSG00000014914,0.254441,-0.314382421452,-0.170545671619,-0.0851824293042,-1.15037224564,-4.881170227118405,,,-3.54297979929,,,-0.138842091796,,,,,,,,-2.25320306046,,,,,,-2.18733678771,,,,,,,0.0285363884129,1.6572433171,,,,,,,-0.0435989227707,-0.517038215717,-0.0973885791858,,,,,,0.385792701563,1.42866416507
URIN09,"MTMR11",ENSG00000014914,0.306730,-0.994868096107,-0.743670902326,-0.844009478967,-1.13750732737,-4.763424839043416,,,-2.92653009763,,,-0.923183719161,,,,,,,,-2.33623439905,,,,,,-2.004886437,,,,,,,-0.80618554123,1.25223183474,,,,,,,-0.761704100502,-1.12692300003,-0.876250752741,,,,,,-0.455517756818,0.744198691791
WAIS03F,"MTMR11",ENSG00000014914,6.559012,-3.93285652683,-3.65465718434,-3.76117709436,-0.636310554731,1.0107803198714114,,,-0.746112608025,,,-3.52634371492,,,,,,,,-0.39824063009,,,,,,-3.18390646121,,,,,,,-3.43710643568,-5.00289832176,,,,,,,-1.87506943754,-3.56167094081,-3.7212485651,,,,,,-4.13372703708,-2.5922550306
WAIS03M,"MTMR11",ENSG00000014914,6.308529,-1.44209839682,-1.1276230636,-1.28808828676,-0.0755087033845,0.5064636621126847,,,0.948136601562,,,-1.15096885092,,,,,,,,1.36913561131,,,,,,-1.98376130171,,,,,,,-0.938287476991,-1.88978171153,,,,,,,0.00579468419251,-1.02140733363,-1.20164433773,,,,,,-2.03296040084,-0.347637796456
WAIS03,"MTMR11",ENSG00000014914,11.810117,-3.74692699204,-3.36810037892,-3.5298908339,-0.111332842727,1.1256272492410035,,,0.242391536313,,,-3.34870871545,,,,,,,,0.56821540587,,,,,,-3.46443198783,,,,,,,-3.10533576464,-4.81585292787,,,,,,,-1.36860508596,-3.1209369443,-3.45473328979,,,,,,-4.3557061123,-1.80657350533
WAIS04F,"MTMR11",ENSG00000014914,7.342896,-3.87838120594,-3.60165666646,-3.70663180741,-0.663546502993,0.9961217415856075,,,-0.7574259284,,,-3.4840920942,,,,,,,,-0.386204802341,,,,,,-3.15326018389,,,,,,,-3.38726089408,-4.95816823382,,,,,,,-1.84787683888,-3.51001894262,-3.66728232815,,,,,,-4.073778897,-2.5546616493
WAIS04M,"MTMR11",ENSG00000014914,6.552423,-1.4077764008,-1.10838110341,-1.26610812608,-0.0112287970777,0.4978212605398017,,,0.977366308142,,,-1.10885158632,,,,,,,,1.32324389295,,,,,,-1.89098569379,,,,,,,-0.922276380919,-1.89428321441,,,,,,,0.00569581778932,-1.003977841,-1.18113926894,,,,,,-1.95827851412,-0.341705659488
WAIS04,"MTMR11",ENSG00000014914,12.652338,-3.65028270013,-3.28667654316,-3.44455570496,-0.0411739510625,1.0984151708295107,,,0.25362395985,,,-3.26443671837,,,,,,,,0.542895461099,,,,,,-3.34390500774,,,,,,,-3.03026425644,-4.73151859979,,,,,,,-1.33551907089,-3.04548828139,-3.3712151094,,,,,,-4.22349789204,-1.76289959423
