code,target,ENSEMBL,association,Adipose_Subcutaneous,Adipose_Visceral_Omentum,Breast_Mammary_Tissue,Muscle_Skeletal,DGN_Whole_Blood,Whole_Blood,Artery_Aorta,Artery_Coronary,Artery_Tibial,Heart_Atrial_Appendage,Heart_Left_Ventricle,Spleen,Brain_Amygdala,Brain_Anterior_cingulate_cortex_BA24,Brain_Caudate_basal_ganglia,Brain_Nucleus_accumbens_basal_ganglia,Brain_Putamen_basal_ganglia,Brain_Cerebellar_Hemisphere,Brain_Cerebellum,Brain_Cortex,Brain_Frontal_Cortex_BA9,Brain_Hippocampus,Brain_Hypothalamus,Brain_Spinal_cord_cervical_c-1,Brain_Substantia_nigra,Nerve_Tibial,Cells_Transformed_fibroblasts,Cells_EBV-transformed_lymphocytes,Colon_Sigmoid,Colon_Transverse,Esophagus_Gastroesophageal_Junction,Esophagus_Mucosa,Esophagus_Muscularis,Liver,Minor_Salivary_Gland,Small_Intestine_Terminal_Ileum,Stomach,Adrenal_Gland,Pituitary,Pancreas,Thyroid,Lung,Ovary,Prostate,Testis,Uterus,Vagina,Skin_Not_Sun_Exposed_Suprapubic,Skin_Sun_Exposed_Lower_leg
AGGR01,"TRIM27",ENSG00000204713,4.394383,4.10217318125,4.06572689765,,3.58852363623,3.130818043456577,4.65730557432,4.43748571149,,4.7280498141,4.41021246212,,2.70172226695,,,,2.52005783853,,,,,,,,,,4.2992707902,,,3.98914355153,2.78744003901,,-2.23393283752,4.72997323114,,,,,,1.92496851422,,,4.4029882968,,,3.24296277411,,,-2.19821935701,-1.75995846816
BLOO02,"TRIM27",ENSG00000204713,8.798057,3.02481202572,-0.473569836148,,1.42838163433,-0.3685326293278878,-0.632626669853,-0.725573956966,,0.210889190066,,,5.03185560999,,,,-0.73573924885,,,,,,,,,,-0.383906206596,,,0.933135718556,2.1912131435,,0.476267416248,-1.18222028862,,,,,,0.506500724938,,,3.66120197502,,,0.453619112174,,,4.33782434464,3.27405532541
BLOO03,"TRIM27",ENSG00000204713,20.295429,7.68997937876,0.929808310105,,5.6080219287,2.058485626589842,-2.75280198228,1.72448682785,,-0.874341775093,,,8.26431230504,,,,0.291754950865,,,,,,,,,,-2.36710328099,,,8.72463841337,-5.89624703067,,6.53628048459,0.0161299946521,,,,,,5.08826934317,,,6.03058741132,,,1.40153086531,,,6.71481895447,7.67613128249
BLOO04,"TRIM27",ENSG00000204713,16.875691,6.50093942666,0.676003548006,,5.08836027347,1.9538000531915618,-1.45491490754,0.938475728035,,-0.394005758055,,,7.45408322994,,,,1.0534487594,,,,,,,,,,-0.459646681617,,,6.686500197,-5.87888592851,,4.54286385863,-0.0535715446258,,,,,,3.19976044233,,,4.89733086963,,,-2.04401796791,,,8.7421579361,5.20600415351
BLOO05,"TRIM27",ENSG00000204713,33.724965,7.23453947488,-0.594329796025,,6.54625827539,0.5658458367479743,-1.30206235769,-0.757584095001,,0.633838028396,,,10.8970888884,,,,0.126518688543,,,,,,,,,,-1.77844873256,,,6.01958463611,-2.04891531952,,7.45467279298,-0.569122353552,,,,,,-1.86659905063,,,5.66951610014,,,1.95304806172,,,-0.481867611408,9.13259984609
BLOO06,"TRIM27",ENSG00000204713,19.825097,5.44007750646,-0.92652768383,,3.55579143076,0.8284226280177673,1.00598391794,-0.381139159203,,-0.89381347007,,,7.87227333683,,,,1.41379758027,,,,,,,,,,-3.81052820903,,,4.54506677846,2.31859850022,,4.92402685796,-0.286279914598,,,,,,-0.746897819576,,,3.73166046109,,,2.79384820086,,,2.50055170059,7.50007572849
BLOO07,"TRIM27",ENSG00000204713,25.604883,5.84507421622,1.55723799172,,7.213692645,-0.10721676136684728,-0.0110896877826,1.54230296612,,1.68979147928,,,11.4543730538,,,,-0.0875653945358,,,,,,,,,,-0.967088381737,,,5.03506099091,0.101841969717,,5.52560296719,1.33549245559,,,,,,-0.168421423243,,,6.18299895062,,,2.16869595077,,,-2.2766020298,5.6637189385
BLOO08,"TRIM27",ENSG00000204713,8.074765,4.10630040367,0.740402088656,,4.29376496891,-0.14125994825918517,0.71117213712,0.29145938158,,0.244510546657,,,6.34084495117,,,,1.0873839986,,,,,,,,,,0.272074708318,,,3.98222472678,2.22592912143,,3.29050441248,0.532705643538,,,,,,0.116582103053,,,3.56334575419,,,1.51907272744,,,2.23435091972,3.53525687764
BLOO09,"TRIM27",ENSG00000204713,17.102203,6.04559574911,-0.719214415315,,4.35517748409,0.9208974778116852,0.959403906891,-0.233465448022,,-0.595426920902,,,8.95064454682,,,,1.4492995384,,,,,,,,,,-3.67949125753,,,5.06794852265,2.25998729543,,5.3763357389,-0.131570279472,,,,,,-0.61982464062,,,4.40234162767,,,2.92622393292,,,2.25108742714,7.87943005234
BLOO10,"TRIM27",ENSG00000204713,25.094496,6.50733418855,-0.832131059323,,4.91339886808,0.8814715437850373,0.683481623428,-0.388562232256,,-0.608520246204,,,9.61224921357,,,,1.40192552902,,,,,,,,,,-3.62214606769,,,5.45057055407,1.90465028067,,5.97250685521,-0.281335208473,,,,,,-0.899795123722,,,4.64185499867,,,3.01288507479,,,1.97905337811,8.4668487394
BLOO11,"TRIM27",ENSG00000204713,49.517884,7.73629488287,-0.43321206855,,7.47178740839,1.6065316594909171,0.317858808702,-0.387075930834,,-0.0408793970877,,,13.4078974412,,,,1.48826382499,,,,,,,,,,-0.081738397444,,,7.57092695181,-0.470089059766,,7.87820555234,0.196154160233,,,,,,-1.08709865647,,,6.56159201274,,,2.09125410707,,,3.419267416,10.4812893025
BLOO12,"TRIM27",ENSG00000204713,39.833096,8.60875474046,-0.815486748255,,6.78464605988,1.3029439970559025,0.685437195657,-0.390319913626,,-0.518403785207,,,13.3548851883,,,,1.71400161609,,,,,,,,,,-3.44647889045,,,7.46116669874,1.58761912314,,8.11713642301,-0.156911742328,,,,,,-1.15631835938,,,6.51770158242,,,3.43841679851,,,3.03959059715,11.2896513218
BLOO13,"TRIM27",ENSG00000204713,21.499681,0.605384960111,0.845961463956,,4.40864144587,0.7158349002595342,-1.97694708284,-1.49140156064,,-0.387859261757,-0.479584386097,,2.69524634018,,,,0.0935772319802,,,,,,,,,,-4.93229278357,,,2.27336647999,4.07345008982,,5.78850535372,-1.3746799839,,,,,,0.318847124715,,,0.738999853592,,,-0.0147413368542,,,5.96697562179,6.37095367799
BLOO16,"TRIM27",ENSG00000204713,28.306326,2.42738253417,1.04444832401,,5.5018596094,-1.0494323702008514,-0.166122458035,1.37678900426,,1.41659565476,2.96618350598,,0.973586098548,,,,-4.82127584204,,,,,,,,,,-0.186298717031,,,4.26368632744,2.72089317377,,3.240294825,0.764454101483,,,,,,5.28350384535,,,1.90121893112,,,4.40662511455,,,3.16035781384,4.49410125632
BLOO17,"TRIM27",ENSG00000204713,11.404713,1.7681649323,0.66333351567,,2.51306649392,-1.0123154174078393,0.89659381355,2.12715523187,,1.57427331213,2.72240462639,,-0.931721088618,,,,-4.62662269518,,,,,,,,,,1.81048997815,,,2.36695756892,0.933336019173,,0.236464490702,1.36478219157,,,,,,3.99071680025,,,1.38178135145,,,3.79696572462,,,0.0189045169375,1.1986489277
BLOO18,"TRIM27",ENSG00000204713,12.208176,2.03765810577,0.540466082452,,2.70653248204,-1.0044321413891344,0.886378340587,2.18041142878,,1.7028811198,2.94656123254,,-0.675594991555,,,,-4.59234636524,,,,,,,,,,2.11012845038,,,2.89549601429,0.65175450537,,0.439320296803,1.50555995021,,,,,,4.46151131994,,,1.62344035214,,,4.21667371182,,,0.269525186386,1.45263966356
BLOO20,"TRIM27",ENSG00000204713,20.259298,1.11072234661,-0.091637161204,,5.67314385819,-0.08710657593380751,-2.49168495958,0.410810139361,,0.152781474906,-0.225002347274,,3.2285431838,,,,0.0242222879144,,,,,,,,,,-1.90249710082,,,4.31682138179,3.83340716314,,6.25217204461,-0.336799804155,,,,,,4.91480566958,,,1.94524952956,,,1.20349730196,,,7.19600434209,6.67637871974
BLOO21,"TRIM27",ENSG00000204713,9.717627,1.70144949537,-0.417857961537,,4.19797087257,-2.0675214544076934,-1.27210816166,0.756496322143,,0.517146837874,1.43331474232,,5.63150324759,,,,0.647115302306,,,,,,,,,,2.94294779544,,,4.37620032374,1.68453705533,,2.59592439578,-0.0434062484363,,,,,,5.38969228511,,,1.79192365885,,,2.00493331063,,,3.31649838168,2.76075420695
BLOO22,"TRIM27",ENSG00000204713,9.647760,1.79118443645,-0.519468358107,,4.86733848164,-2.076940383115116,-1.33579020185,0.681188592311,,0.527704831775,1.56775108534,,6.211235104,,,,0.782016396513,,,,,,,,,,2.53930916246,,,4.63454723428,1.95634107882,,2.8531919397,-0.151889768,,,,,,5.32270894372,,,1.93279073659,,,2.06525879877,,,3.60995579644,3.05628121796
BLOO23,"TRIM27",ENSG00000204713,1.705887,0.558459751325,-0.849785220079,,0.717245364486,-1.9613779428497102,-0.212707338615,-0.0940916075164,,-0.0938515324995,1.29450347651,,5.25891228752,,,,0.432286821405,,,,,,,,,,2.61635115531,,,2.3778303698,-0.438681877238,,-1.42760323195,-0.291077427426,,,,,,0.729797158052,,,0.270939584425,,,0.312549919137,,,-1.33805526318,-2.01824686013
BLOO25,"TRIM27",ENSG00000204713,16.506472,1.9955192471,-1.30147257691,,1.73186188001,-2.016517727632641,-2.72849178155,2.0365000607,,0.418350354359,-0.18492818249,,0.959671225612,,,,-2.89619189995,,,,,,,,,,1.0470132216,,,3.28548260469,0.0331080026141,,4.87818416087,1.04249312223,,,,,,7.32499845096,,,2.14912770298,,,2.35879637612,,,5.57094756627,5.17180682846
BLOO26,"TRIM27",ENSG00000204713,42.984012,1.16979932139,-0.00160448370267,,1.40236443059,-1.4559325908042593,-4.26534062673,1.83379526719,,-0.0398741275642,-2.02252096077,,-1.76863215766,,,,-3.14685633055,,,,,,,,,,1.38407060665,,,4.17363024513,2.42636332841,,8.00772029048,0.760119815097,,,,,,9.5572013108,,,2.18646137555,,,1.41503145693,,,9.02842731977,8.1886160474
BLOO27,"TRIM27",ENSG00000204713,33.649985,0.59146066275,0.882231178019,,1.01782105083,-0.49842088743461554,-3.25456351387,1.3408751498,,-0.041726434785,-2.00368762176,,-1.85223423905,,,,-1.94877933343,,,,,,,,,,1.2196453267,,,3.56550260216,3.20998696026,,6.7122229402,0.613762995228,,,,,,7.45429081912,,,1.76654970868,,,0.516989492822,,,7.54159738127,6.78100475247
BLOO29,"TRIM27",ENSG00000204713,6.253708,-0.384093257936,-0.232865265485,,-2.15599049223,-1.2391812842661554,-2.40864203741,0.493313787583,,-1.08221439146,-1.10257873807,,-0.0742769463693,,,,-1.17877741032,,,,,,,,,,-2.21595057786,,,-0.141879455778,1.56315970025,,1.28805334843,-0.657400704751,,,,,,-1.35736392728,,,0.54398103797,,,-4.34965980024,,,1.80225300588,1.65698206782
BLOO30,"TRIM27",ENSG00000204713,25.808130,0.792613804389,0.900467167301,,4.59295152009,0.7462167931284072,-1.92552734031,-1.30289167958,,-0.22297149435,-0.257595896877,,2.52237277046,,,,-0.352619152101,,,,,,,,,,-4.79815064782,,,2.48650920851,4.18920551588,,5.82999974279,-1.22962078147,,,,,,0.585277393503,,,0.947607258804,,,0.272443110241,,,6.01350619902,6.53291957816
BLOO31,"TRIM27",ENSG00000204713,11.400313,-1.97569732526,-0.594757882343,,-2.97513337411,1.2625731708370174,-0.745976378617,-1.94601628954,,-1.51650682955,-2.93779828309,,0.499653397984,,,,4.50310450195,,,,,,,,,,-2.15369041351,,,-2.91570119476,-0.427240001779,,-0.383377033325,-1.35924303301,,,,,,-4.78968674746,,,-1.42529409011,,,-4.10431473264,,,-0.260399930871,-1.3032650164
BLOO33,"TRIM27",ENSG00000204713,5.780625,-0.857057987995,-0.252632803277,,1.94665519664,-0.0927948456209856,-0.863890808617,-1.00907547193,,-0.236280955754,-1.08538551338,,-0.093087487308,,,,-1.14879070105,,,,,,,,,,-2.68265332935,,,0.561243012389,2.58483973642,,2.84093565866,-1.22073945161,,,,,,1.3517873875,,,-0.951234112619,,,-0.0888262401405,,,3.0992630205,3.01776288677
BLOO35,"TRIM27",ENSG00000204713,14.893028,-3.90431383896,-0.791808330694,,-4.51111446185,0.7154531536499569,1.96512554248,-3.83611101783,,-1.78563565121,-2.33168114788,,-2.34665751103,,,,3.45445754542,,,,,,,,,,-2.01247446156,,,-5.36537513817,-0.798889386697,,-3.67611237856,-2.60860767652,,,,,,-9.37967511711,,,-4.22615063934,,,-3.28680647413,,,-4.51438897382,-4.34249768655
BLOO36,"TRIM27",ENSG00000204713,16.759027,2.45293654901,0.293825601079,,5.78165769389,-1.369008446401792,-1.64205084593,1.33288528953,,1.08602157534,1.38706023445,,4.8855188251,,,,0.78908816774,,,,,,,,,,2.33010364913,,,5.16557055699,3.0791490998,,4.8214933873,0.325541931658,,,,,,7.41585885817,,,2.77924885,,,2.57195713469,,,5.86282163481,5.443556339
BODY08M,"TRIM27",ENSG00000204713,5.054339,-3.55238566074,-4.77930557972,,-4.82578253365,-1.2449594143942535,-3.24608093085,-3.92916243843,,-3.20960094205,-2.98274060102,,-2.9853721715,,,,-1.11460787253,,,,,,,,,,-2.43714504407,,,-4.63931567239,-2.82132722431,,0.304342780264,-3.23265146017,,,,,,-4.1190085908,,,-3.60665356274,,,-1.99884965668,,,-0.159794970826,-0.0959458590775
DEPR01,"TRIM27",ENSG00000204713,3.807237,3.87257575662,-1.54643309116,,5.39594658784,1.7404096570585394,-1.28797811407,,,-0.561493724604,,,5.49774036623,,,,-0.65106446769,,,,,,,,,,2.17199353399,,,4.26450125259,2.24775576467,,2.9753267171,-1.14216845297,,,,,,2.16759423808,,,2.83814178797,,,-1.75996342069,,,,0.721177995205
ELEC04,"TRIM27",ENSG00000204713,2.970494,2.11554604205,0.686925582327,,1.47085617188,0.9206494467926642,-0.292153131277,0.893653263709,,0.471988414224,0.112644527414,,0.0358015328508,,,,0.59376424957,,,,,,,,,,1.47077454706,,,1.7957183068,1.88146096415,,2.57671972367,1.09520346406,,,,,,5.29851231079,,,1.82984285378,,,1.84080249155,,,3.06822881293,2.86748148604
FATM04B,"TRIM27",ENSG00000204713,8.705843,-4.36025195505,-4.42972859695,,-6.36593767608,-1.440608343304979,-3.92436615056,-5.37265930202,,-3.81096327012,-3.95345189734,,-5.28369114636,,,,0.0627832944268,,,,,,,,,,-2.02669103395,,,-5.64324454066,-3.83832599543,,1.0078464158,-3.9158044371,,,,,,-5.18631292698,,,-4.47480779734,,,-2.83619513552,,,0.549708175674,0.422840342572
FATM04M,"TRIM27",ENSG00000204713,9.025977,-5.00823232077,-5.48433961406,,-5.97706660869,-1.8782718487256898,-4.51723388517,-5.38326107444,,-4.46065429577,-4.52998264049,,-4.4731159452,,,,-1.21440483653,,,,,,,,,,-3.41633551297,,,-5.78420987358,-3.76806809375,,1.58992893037,-4.52939964309,,,,,,-4.30732921785,,,-4.99872649571,,,-3.11538766648,,,1.15898241084,1.05431661606
FATM04,"TRIM27",ENSG00000204713,8.200267,-3.81643645745,-3.77661519566,,-6.03746680615,-1.1064355051054822,-3.42954954885,-4.898965641,,-3.28659020806,-3.48770106489,,-5.08234069939,,,,0.453976435218,,,,,,,,,,-1.51456163442,,,-5.17174164448,-3.56534678408,,0.76090806361,-3.38889549374,,,,,,-5.09688059014,,,-3.96526942131,,,-2.54065379835,,,0.33344502104,0.207473720872
HEIG03,"TRIM27",ENSG00000204713,14.075767,-4.69292861511,-4.53560052701,,-3.91062211866,-3.519061207993485,-5.28763364899,-5.0377181,,-4.60277013993,-7.17991699018,,-7.19394634538,,,,0.254698148816,,,,,,,,,,-5.84098735568,,,-6.26332466081,-2.11780976381,,6.56060606668,-5.16421731643,,,,,,-1.72898901406,,,-5.06027920654,,,-2.30227035006,,,6.66454093843,6.39976872863
HIPC03,"TRIM27",ENSG00000204713,6.101242,-2.05893860208,-1.83756580613,,-1.03753802117,-2.4147046707119624,-2.8126937899,-2.39100850845,,-1.80828870206,-3.69104480161,,-4.14218946354,,,,0.324337477011,,,,,,,,,,-3.20303728448,,,-2.35412706612,0.254029280196,,4.37467651173,-2.26335814251,,,,,,-0.218853754202,,,-2.02557440769,,,-1.36341664052,,,4.34897828232,4.58714459473
HIPC04,"TRIM27",ENSG00000204713,6.636125,-1.99073233049,-1.78384627996,,-0.942180530235,-2.2515921315574112,-2.80272270478,-2.330570469,,-1.73313638952,-3.6106373697,,-4.05290765003,,,,0.11901535587,,,,,,,,,,-3.08180724927,,,-2.18873438528,0.210234085777,,4.26602460757,-2.22170990135,,,,,,-0.239022315191,,,-2.02682766022,,,-1.28819214074,,,4.27882325001,4.4856195754
IRON02,"TRIM27",ENSG00000204713,5.354479,0.203014604276,0.181223974791,,0.440571811283,1.694663802645408,2.78173500078,1.08981089107,,2.07628237496,2.04861099635,,1.30085260108,,,,2.35654660642,,,,,,,,,,1.75488343322,,,-1.01123518374,0.0445728895068,,-4.36951805632,1.15582342858,,,,,,-4.97326329034,,,0.00794405924256,,,0.140235599806,,,-4.70313267916,-5.27210314617
IRON03,"TRIM27",ENSG00000204713,5.608430,2.03901254977,0.759525524663,,1.14033929778,0.22034222393568553,-1.30984471688,0.582783312678,,-0.242860719693,-0.678425054847,,-0.575796171667,,,,-0.331638365215,,,,,,,,,,0.684634420651,,,2.13622373521,1.95224140752,,4.13878818098,0.72899942337,,,,,,7.26827144818,,,1.84028047105,,,1.70646603354,,,4.7734060434,4.82664693303
LEAN04B,"TRIM27",ENSG00000204713,9.237982,-3.8951648935,-3.13812729731,,-5.58444409928,-1.4781730944581195,-3.89198247849,-4.78963030341,,-3.45504576493,-4.6124483835,,-5.27557451999,,,,0.949363381987,,,,,,,,,,-3.11699739998,,,-4.52763068555,-1.47415322299,,3.38713486274,-3.68247640218,,,,,,-4.54838422224,,,-3.60016227256,,,-2.88617107222,,,3.06216550129,3.01246241804
LEAN04M,"TRIM27",ENSG00000204713,9.548398,-4.07809058456,-4.61604196953,,-5.23659294689,-2.847031449013387,-4.40284002009,-4.633329643,,-4.17856338187,-5.25608693715,,-5.017966809,,,,-1.31083168774,,,,,,,,,,-4.36869191499,,,-5.20870206125,-2.01749642886,,3.84382964159,-4.12630825483,,,,,,-4.06405427094,,,-4.11157225353,,,-3.23319473021,,,3.38818192388,3.54455885365
LEAN04,"TRIM27",ENSG00000204713,10.919301,-4.30029596373,-4.19679656476,,-6.01701740785,-2.234036710943025,-4.52179811638,-5.17089080951,,-4.13212574448,-5.38788591704,,-5.66206124739,,,,-0.0530282983695,,,,,,,,,,-3.99718013491,,,-5.32274581094,-1.88618839439,,3.96851597704,-4.21599456804,,,,,,-4.83891850011,,,-4.16484113288,,,-3.28238879118,,,3.53617282084,3.59148668751
LEAN05B,"TRIM27",ENSG00000204713,8.438779,-4.01827309892,-3.22983934691,,-5.75346430382,-1.608714163792614,-4.05484317213,-4.83010014042,,-3.58867825902,-4.74976675608,,-5.4362182357,,,,0.718249373299,,,,,,,,,,-3.24198009158,,,-4.71391882746,-1.59951766874,,3.48159136569,-3.81632945345,,,,,,-4.6401716046,,,-3.68432135409,,,-3.06447970126,,,3.14980960104,3.10020140118
LEAN05M,"TRIM27",ENSG00000204713,9.277054,-4.12543716142,-4.66148658238,,-5.25765159336,-2.889388630022853,-4.47293836096,-4.68500903487,,-4.23467474327,-5.3104025971,,-5.0162883456,,,,-1.38022893248,,,,,,,,,,-4.42312774409,,,-5.23785720706,-2.02161226635,,3.91567501754,-4.20296132065,,,,,,-4.0662904639,,,-4.164339298,,,-3.27832267075,,,3.4552794192,3.60249400287
LEAN05,"TRIM27",ENSG00000204713,12.113949,-4.40060075122,-4.2670922441,,-6.13006668632,-2.3207119213711436,-4.65201436337,-5.22383980138,,-4.23707426876,-5.49405783509,,-5.75613191691,,,,-0.224986236957,,,,,,,,,,-4.09921646759,,,-5.4443239014,-1.96457954605,,4.04973455192,-4.33650772069,,,,,,-4.89962649533,,,-4.24544101187,,,-3.41785691954,,,3.61113690165,3.65834567882
LEAN06B,"TRIM27",ENSG00000204713,17.095360,-5.64055989434,-5.53695437294,,-6.90429848554,-2.8124136983388963,-5.58293499957,-6.17562059229,,-5.09300881855,-6.32762740941,,-7.57830690567,,,,0.474694041968,,,,,,,,,,-3.23533046423,,,-6.66238768474,-2.66711640478,,4.24196818896,-5.35272771733,,,,,,-6.12722953376,,,-5.17903552132,,,-4.16146889382,,,3.78646074692,3.77386745197
LEAN06F,"TRIM27",ENSG00000204713,5.751806,-3.04245016922,-2.77225920594,,-4.36046117986,-1.0857575354828166,-3.02381355341,-3.76820637755,,-2.65103919471,-3.41640000027,,-5.12241452978,,,,1.73930885234,,,,,,,,,,-0.719045656767,,,-3.76239578568,-1.33614737674,,1.99234221615,-2.88017898805,,,,,,-4.49264871632,,,-2.74187346,,,-2.43505184289,,,1.7268878773,1.6527151058
LEAN06M,"TRIM27",ENSG00000204713,15.662601,-6.2298459528,-6.46021228663,,-6.62864071955,-3.7882282311990716,-6.14930347127,-6.13702651287,,-5.7781761984,-6.98144295625,,-6.74751865067,,,,-1.80796316179,,,,,,,,,,-5.18498937185,,,-7.09443221603,-3.11390470313,,5.14745872921,-5.92678234737,,,,,,-4.9042048379,,,-5.807027125,,,-4.29786711832,,,4.6751939284,4.76785113919
LEAN06,"TRIM27",ENSG00000204713,20.893401,-6.49332102017,-6.53334528015,,-7.58939957004,-3.5394339592266717,-6.45671664557,-6.76943411103,,-5.93511508302,-7.29034309197,,-8.01734929113,,,,-0.571241301626,,,,,,,,,,-4.46091919916,,,-7.59091371888,-3.21367500823,,5.11565460833,-6.1565012036,,,,,,-6.23835431553,,,-5.99017788722,,,-4.61552096461,,,4.59670547997,4.65049903438
LUPU01,"TRIM27",ENSG00000204713,0.473738,-5.91309488696,1.17460393906,,-7.61406474912,-0.12960552652246093,1.13987077324,,,0.518705618246,,,-11.3513867865,,,,0.602345512091,,,,,,,,,,-0.322630240802,,,-6.94167347199,-2.28511787382,,-5.81486585068,0.918432157113,,,,,,-1.82702485832,,,-8.33535402876,,,0.220943735044,,,,-7.13887834549
PRSC01,"TRIM27",ENSG00000204713,51.038992,-6.72868115671,-3.67132318607,,-14.3417465252,-1.9865163610226908,-1.79647173787,-4.58339996494,,-4.53666600452,-6.08223008776,,-9.56270602183,,,,-2.00397905311,,,,,,,,,,-3.79595516649,,,-10.1277068984,-5.37950857266,,-8.05245395452,-3.64665198038,,,,,,-8.90485639147,,,-6.7448404099,,,-9.53345677776,,,-8.77530437919,-10.525973261
RHEU01,"TRIM27",ENSG00000204713,6.272573,-4.0148115176,-0.829540903953,,-3.61393777937,-3.1670947374989407,-1.46080967446,-2.31243194235,,-2.69070204745,-3.34559536651,,-4.51417610121,,,,-6.98083843829,,,,,,,,,,-3.62286164698,,,-3.23140984999,-1.89187892901,,0.620790988209,-2.39578258273,,,,,,-2.47860314523,,,-4.3512934956,,,-3.38282942834,,,-0.10404805171,0.44347361182
RHEU02,"TRIM27",ENSG00000204713,14.968592,-4.0148115176,-1.93749486451,,-3.61375734385,-3.1670814068420308,-1.72354692895,-2.13175429816,,-2.75625203701,-3.34559536651,,-4.51417610121,,,,-6.47460732827,,,,,,,,,,-3.359634331,,,-3.23140984999,-2.37986709109,,0.628235361824,-2.39578258273,,,,,,-2.58076867404,,,-4.49383292571,,,-3.19070238859,,,-0.10404805171,0.44347361182
SCHI01,"TRIM27",ENSG00000204713,2.395137,6.51909239605,-0.00827196799219,,6.94003988362,-2.3728667270710817,-1.21363974013,,,0.7982779369,,,10.8158146847,,,,-0.77179377672,,,,,,,,,,2.30089323674,,,6.83597250729,1.46840570727,,6.70422930561,-0.798873797177,,,,,,-3.03039206264,,,7.87750671278,,,0.0463630312857,,,,9.60414886475
SCHI02F,"TRIM27",ENSG00000204713,0.539659,3.25673020869,0.906634688377,,3.01961256735,-2.208806519013479,-0.629876332231,,,-0.128917423184,,,4.96928221029,,,,-0.0181426940071,,,,,,,,,,2.14418478116,,,3.01892847149,0.671498950783,,3.38125827772,-0.379759627249,,,,,,-3.3192955298,,,3.68532918634,,,0.395857626619,,,,5.09952878952
SCHI02M,"TRIM27",ENSG00000204713,1.080530,5.48645816391,-0.638113200665,,6.29586619519,-1.1594849057945527,-0.981358889635,,,1.03695930042,,,9.37679978579,,,,-0.967517843452,,,,,,,,,,1.41693511058,,,6.28618388006,1.07480382787,,5.88846974334,-0.611285142315,,,,,,-1.20805663392,,,6.84586572977,,,0.00596678424145,,,,7.83120918274
SCHI02,"TRIM27",ENSG00000204713,2.485971,6.36718291352,-0.320090144873,,7.3621800143,-2.2286486895263713,-1.5364445028,,,0.78641119923,,,10.7912404448,,,,-1.1566700547,,,,,,,,,,2.33969569056,,,7.09569320287,1.77927132636,,7.1896123707,-0.790228122327,,,,,,-3.00823280126,,,7.89915551144,,,-0.0595237675882,,,,9.61662006378
URAT01,"TRIM27",ENSG00000204713,4.413042,-3.39245939512,-1.96206511661,,-5.40336138152,-0.48024027701159205,-1.23326010409,-2.26244413754,,-2.0812730887,-2.97894481998,,-2.18026141777,,,,-0.836683320596,,,,,,,,,,-2.29222470322,,,-2.95479719875,-0.296366718731,,0.23563604508,-1.54319339091,,,,,,-2.9722214165,,,-2.19890201806,,,-2.03355774712,,,0.378271303215,0.134045329498
