code,target,ENSEMBL,association,Adipose_Subcutaneous,Adipose_Visceral_Omentum,Breast_Mammary_Tissue,Muscle_Skeletal,DGN_Whole_Blood,Whole_Blood,Artery_Aorta,Artery_Coronary,Artery_Tibial,Heart_Atrial_Appendage,Heart_Left_Ventricle,Spleen,Brain_Amygdala,Brain_Anterior_cingulate_cortex_BA24,Brain_Caudate_basal_ganglia,Brain_Nucleus_accumbens_basal_ganglia,Brain_Putamen_basal_ganglia,Brain_Cerebellar_Hemisphere,Brain_Cerebellum,Brain_Cortex,Brain_Frontal_Cortex_BA9,Brain_Hippocampus,Brain_Hypothalamus,Brain_Spinal_cord_cervical_c-1,Brain_Substantia_nigra,Nerve_Tibial,Cells_Transformed_fibroblasts,Cells_EBV-transformed_lymphocytes,Colon_Sigmoid,Colon_Transverse,Esophagus_Gastroesophageal_Junction,Esophagus_Mucosa,Esophagus_Muscularis,Liver,Minor_Salivary_Gland,Small_Intestine_Terminal_Ileum,Stomach,Adrenal_Gland,Pituitary,Pancreas,Thyroid,Lung,Ovary,Prostate,Testis,Uterus,Vagina,Skin_Not_Sun_Exposed_Suprapubic,Skin_Sun_Exposed_Lower_leg
BLOO04,"HEMK1",ENSG00000114735,20.488959,-2.39454455619,-5.71845440638,,-1.05136925463,3.7623346217568896,-1.83177239538,,,1.33824073908,1.35607892747,1.55199914571,,,,2.04188038874,3.12561698845,,,,-5.4027238265,,,2.02186457053,,,1.2796654887,-0.475005873196,-0.736588947361,,,1.32396337332,2.37527944279,1.2293527885,,,-1.1543614497,,,,,,1.5522803719,,,-1.39455195801,,,,-0.763898143851
BLOO07,"HEMK1",ENSG00000114735,11.388563,-0.644838439852,-1.99659917047,,-4.12825538387,-1.9952846939584843,1.55826038156,,,-4.22396723491,-4.50377804949,-4.37536081049,,,,-4.60732743601,-4.77339065681,,,,-1.21059839635,,,-3.92797394048,,,-4.48373486269,-2.9915482555,-0.276615659681,,,-2.38104897922,-3.53550317258,-2.71880018146,,,-1.32781715364,,,,,,-3.50849942364,,,-3.3927176105,,,,-2.84342764586
BLOO16,"HEMK1",ENSG00000114735,11.047954,-1.03984795309,-1.22906949274,,-4.43374268745,-1.6202330800268265,1.38442728499,,,-4.47713906355,-4.70961388679,-4.59191783418,,,,-4.56246843092,-4.99960825722,,,,-2.18931184279,,,-4.27345503877,,,-4.69739790533,-3.17015643674,-1.02175009022,,,-3.1161153131,-3.95852141731,-2.77054071892,,,-1.35392039555,,,,,,-3.73150715274,,,-3.45668352388,,,,-3.3259152705
BLOO17,"HEMK1",ENSG00000114735,9.782043,-1.09809960709,-0.331686012454,,-3.69011840716,-1.958447436933651,1.40271334696,,,-4.0761772956,-4.18769207242,-4.09734898416,,,,-4.48173128558,-4.62082782816,,,,-1.56585622368,,,-3.82172045256,,,-4.12538949109,-2.61538276805,-0.38804465006,,,-2.38092811882,-3.79975290168,-2.20108524386,,,-1.74903176895,,,,,,-3.38117956982,,,-3.64187472213,,,,-2.76993786758
BLOO18,"HEMK1",ENSG00000114735,9.824633,-1.3455753117,-0.332844047461,,-3.7657770836,-2.072861325996157,0.981376200044,,,-4.09651820958,-4.22456763826,-4.15288381887,,,,-4.34272604312,-4.68756959619,,,,-1.49242793918,,,-3.92680921245,,,-4.1741069322,-2.69711243342,-0.21013010833,,,-2.21270218932,-3.71429611079,-2.0795890398,,,-1.60212596941,,,,,,-3.29850806101,,,-3.15709870394,,,,-2.77420918967
BLOO21,"HEMK1",ENSG00000114735,25.165211,-1.22083789295,-7.99747193988,,0.457335502164,4.7518213040364925,-1.44987209385,,,3.14981643855,3.13951112385,3.36791111682,,,,3.64719646197,4.85793320102,,,,-3.2532603468,,,3.86914344794,,,3.05669780065,0.279341408234,0.350028004542,,,2.65114467929,5.85950307405,0.597697408535,,,-1.48734544443,,,,,,3.8394085866,,,-0.0594996747785,,,,0.756166528908
BLOO22,"HEMK1",ENSG00000114735,24.384313,-1.30540098335,-8.27543922104,,0.0853172361774,4.716012787661579,-1.35894786774,,,2.73163818815,2.7090223866,2.95077837072,,,,3.22713927088,4.46029764408,,,,-3.47292984284,,,3.50316600383,,,2.61385940456,-0.114710206198,0.535575121235,,,2.40337809263,5.47306549907,0.331064696325,,,-1.40181979564,,,,,,3.33603710815,,,-0.552559404761,,,,0.374428137356
BLOO23,"HEMK1",ENSG00000114735,15.111366,-0.0754492987283,-5.46564560082,,1.63647765988,4.774713378583102,0.0483315783574,,,3.69128362052,3.62614717708,3.82122619547,,,,3.70752403383,4.77044318427,,,,-1.18038210346,,,4.29286264486,,,3.54507785593,1.32897097298,0.210612603656,,,2.52899845026,6.41427679298,1.12829144217,,,-1.1796353074,,,,,,3.55518104676,,,-0.789877663801,,,,1.72702722447
BLOO31,"HEMK1",ENSG00000114735,8.764043,1.82413149629,1.11585293858,,4.13024430839,2.2320671429469323,-0.404363616409,,,4.40486742449,4.49544733214,4.44193627376,,,,4.36558244597,4.95206655866,,,,2.31757485144,,,4.26645464254,,,4.45269723007,3.06275093809,0.509006117646,,,2.77594043229,4.11844764226,2.56622460683,,,1.69433659153,,,,,,3.64191139502,,,3.08504859591,,,,3.24827118156
BLOO36,"HEMK1",ENSG00000114735,21.906368,-2.14944421631,-8.09324904239,,-0.662762186979,3.985993590745622,-2.00539547572,,,1.96125776299,1.97632811783,2.16560518513,,,,2.6731900015,3.73099320738,,,,-4.10800908393,,,2.59709272162,,,1.91654474298,-0.686049192624,0.484971558394,,,2.20522558574,4.3678849448,0.285142036025,,,-1.33752817962,,,,,,3.0731889554,,,0.577336127004,,,,-0.230039817123
BODY08B,"HEMK1",ENSG00000114735,7.990337,5.68132388501,2.67716250795,,3.39644352946,0.13897720156728477,-2.18132705345,,,4.35714862605,4.93899797477,4.84539679197,,,,4.2553930706,1.69844070303,,,,3.92239422648,,,3.41751610644,,,4.80238391554,4.47432689939,1.51792986092,,,5.7942761605,5.12382765905,3.62936179172,,,-1.13325722572,,,,,,2.96709700158,,,1.82769817595,,,,4.79378014356
BODY08F,"HEMK1",ENSG00000114735,2.869345,4.88861199165,1.28054140159,,1.94902480578,1.5978477078876594,-0.969422512697,,,2.73050392818,3.24937302787,3.19738490286,,,,2.83180647719,0.75515157893,,,,2.21293726362,,,2.02274054035,,,3.15734196365,2.5924794286,2.04283220723,,,3.57645269267,3.51954888819,1.58767057286,,,0.216385773097,,,,,,1.54559286698,,,0.595124323484,,,,2.78939941182
BODY08M,"HEMK1",ENSG00000114735,6.694713,3.63180857789,2.58546240041,,3.00300487202,-1.166674854250838,-2.1650660109,,,3.65474499001,4.01094828365,3.92671005178,,,,3.4280339527,1.68785524305,,,,3.50092897974,,,2.96849016189,,,3.90191658292,3.93387413601,0.341862198886,,,4.90532528504,4.04097267418,3.62965397525,,,-1.74360134238,,,,,,2.75582716106,,,1.99710743171,,,,4.205087368
BODY08,"HEMK1",ENSG00000114735,7.801645,5.82574303921,2.42903030895,,3.19956829094,0.4465067657177944,-2.06102489659,,,4.1828326465,4.783909317,4.69032555529,,,,4.10345462861,1.55756801795,,,,3.68935144014,,,3.23885370635,,,4.65089133536,4.22707665055,1.6921717455,,,5.50398021874,4.9988424853,3.27172077917,,,-0.875132742322,,,,,,2.74667223907,,,1.60542549712,,,,4.54588187296
EDUC01M,"HEMK1",ENSG00000114735,3.340816,0.954109459966,0.618688961797,,2.2405018879,3.6685341321695493,5.09051053545,,,1.15153162167,1.19472863986,1.11436942453,,,,1.30044073978,2.49504556122,,,,4.09981924757,,,1.45921843318,,,1.17060612905,1.91191498805,-0.875858061561,,,1.73955952152,1.3371335601,2.37312064016,,,0.149722252097,,,,,,1.20983798813,,,-0.326992898626,,,,1.44763348584
EDUC01,"HEMK1",ENSG00000114735,4.999392,2.74064279491,1.57149213072,,4.39885202104,4.30554752281501,6.32227816274,,,2.61119388178,2.8832215482,2.72438928924,,,,2.38303274038,4.29924353403,,,,5.73147281573,,,2.58431178404,,,2.91099776917,3.5646750158,-3.4426620132,,,2.81537616527,1.26645560154,4.57987011269,,,0.648757849604,,,,,,2.66363591185,,,0.22301672654,,,,2.94156805901
EDUC02,"HEMK1",ENSG00000114735,7.447149,3.8620433399,1.7990166215,,5.39600075944,3.7301813785127074,4.43888648929,,,4.19583730524,4.45354069359,4.28149904503,,,,4.13804736846,4.77102533928,,,,5.35739288243,,,3.86160980155,,,4.42936459927,4.72511373013,-3.68770756552,,,3.43994138856,2.20521963168,5.45966194228,,,0.729894178116,,,,,,3.7886019937,,,2.0700161401,,,,3.88051576282
EDUC03,"HEMK1",ENSG00000114735,6.909107,3.65181864242,2.55480983748,,5.87371660012,4.3450236509287805,7.76015182504,,,3.57576283526,3.5649098074,3.61110443347,,,,3.78239005567,6.3305229308,,,,6.27133379542,,,3.94860647392,,,3.6499372341,4.22929636936,-3.5702315667,,,2.40962676094,1.95297458844,5.03486066615,,,1.43188410926,,,,,,3.58558796879,,,2.5160919769,,,,3.43099761651
HEIG03,"HEMK1",ENSG00000114735,7.304860,-5.50490181538,-3.62853068441,,-5.21119639303,-0.23939697324111506,-0.0314644245428,,,-5.36299781878,-5.43637094327,-5.47085175037,,,,-4.71109590336,-4.34816629619,,,,-3.17414248485,,,-5.39144346626,,,-5.39105258758,-5.64605454003,-0.128965848332,,,-3.11069504681,-4.86704253248,-2.88709915117,,,-2.82535300697,,,,,,-3.39889732859,,,-2.38595858491,,,,-5.06939308306
LEAN06B,"HEMK1",ENSG00000114735,2.295661,4.12176866084,1.71173547565,,1.10328292063,2.7306005072556205,0.735231087092,,,1.4339222159,1.75463055799,1.69786655736,,,,1.52169173559,-0.133468167393,,,,4.4967555822,,,0.902938342196,,,1.72509436414,1.58360047416,0.934189357961,,,4.93835257733,2.41634807937,2.45599213717,,,-2.92786896978,,,,,,2.11032405212,,,0.699744877171,,,,2.69958304907
LEAN06,"HEMK1",ENSG00000114735,2.487222,3.72793880641,2.29478945882,,1.34260265732,2.248726159834107,0.657619241841,,,1.52963706066,1.90166964077,1.81597625538,,,,1.64414422914,-0.0298584188476,,,,4.71024203018,,,0.93297541603,,,1.8812413756,1.9379411238,0.756168720105,,,4.93170638769,2.4740722513,2.67078635272,,,-2.97823144605,,,,,,2.42869689417,,,1.14363695462,,,,2.91002483771
MENA01F,"HEMK1",ENSG00000114735,5.314877,0.391994035827,-3.14406885048,,-4.74287953372,-2.2390284006051253,-3.00759505131,,,-4.29511707417,-4.10791275811,-4.09448766811,,,,-4.44047149574,-3.79948467824,,,,-3.49345710111,,,-4.47378749701,,,-4.04134000267,-4.02232411231,0.32326691558,,,-3.48838787549,-3.18733624451,-4.20622180082,,,-0.977824755397,,,,,,-3.72902569229,,,-2.78285266597,,,,-4.91261447409
MENA02F,"HEMK1",ENSG00000114735,12.534037,-4.92678972841,-3.74121363302,,-6.65031891314,-3.991530237111918,-4.05174886963,,,-6.10089500532,-5.94420812863,-6.1057876018,,,,-6.24971476756,-6.2440571891,,,,-5.26187667628,,,-6.70863301265,,,-5.86027500789,-6.99019961431,1.86871858786,,,-3.19367518166,-6.1753304989,-6.12064526328,,,-2.4250183394,,,,,,-4.87485176467,,,-3.21395817211,,,,-6.335552346
