code,target,ENSEMBL,association,Adipose_Subcutaneous,Adipose_Visceral_Omentum,Breast_Mammary_Tissue,Muscle_Skeletal,DGN_Whole_Blood,Whole_Blood,Artery_Aorta,Artery_Coronary,Artery_Tibial,Heart_Atrial_Appendage,Heart_Left_Ventricle,Spleen,Brain_Amygdala,Brain_Anterior_cingulate_cortex_BA24,Brain_Caudate_basal_ganglia,Brain_Nucleus_accumbens_basal_ganglia,Brain_Putamen_basal_ganglia,Brain_Cerebellar_Hemisphere,Brain_Cerebellum,Brain_Cortex,Brain_Frontal_Cortex_BA9,Brain_Hippocampus,Brain_Hypothalamus,Brain_Spinal_cord_cervical_c-1,Brain_Substantia_nigra,Nerve_Tibial,Cells_Transformed_fibroblasts,Cells_EBV-transformed_lymphocytes,Colon_Sigmoid,Colon_Transverse,Esophagus_Gastroesophageal_Junction,Esophagus_Mucosa,Esophagus_Muscularis,Liver,Minor_Salivary_Gland,Small_Intestine_Terminal_Ileum,Stomach,Adrenal_Gland,Pituitary,Pancreas,Thyroid,Lung,Ovary,Prostate,Testis,Uterus,Vagina,Skin_Not_Sun_Exposed_Suprapubic,Skin_Sun_Exposed_Lower_leg
ALZH01,"CNN2",ENSG00000064666,6.555768,,1.17532886867,,0.454885261795,0.5144764503794907,0.751590299949,-0.132608659496,,0.350551076028,,-0.362879230092,,,,,,,,-0.595681650761,,-0.550044205053,,,,,1.88514958969,0.727746386362,,,,,2.61156771143,,,,,,,,,-1.76800056461,,,,,,,1.80365245006,1.26852825549
BLOO05,"CNN2",ENSG00000064666,11.983635,,-2.72177424532,,-6.56141817048,-5.057071078511759,-2.01503419629,-6.64758858673,,-3.90613465003,,-0.505529035231,,,,,,,,-6.48318612169,,-4.4486681443,,,,,-5.87143327953,-4.26924903622,,,,,0.209898095555,,,,,,,,,-4.48277712071,,,,,,,-2.15375175272,-5.16151427379
BLOO06,"CNN2",ENSG00000064666,11.023022,,-4.54004870607,,-6.59758167753,-4.338758529023631,-2.44794161685,-6.06247239242,,-3.47930751253,,0.356943719273,,,,,,,,-5.48758909452,,-4.76173029488,,,,,-5.71282073098,-5.25102087103,,,,,-0.731089742604,,,,,,,,,-5.09513167176,,,,,,,-2.29689558825,-5.11470226305
BLOO09,"CNN2",ENSG00000064666,8.806959,,-4.3625509613,,-6.22026381517,-4.406040516320111,-2.59678503731,-5.66773386862,,-3.3262363274,,0.668870652796,,,,,,,,-5.23073593943,,-4.57636000537,,,,,-5.27599028974,-4.94088378153,,,,,-0.911701220081,,,,,,,,,-4.79795301327,,,,,,,-2.51175318766,-4.70088850288
BLOO10,"CNN2",ENSG00000064666,12.227920,,-4.60116648705,,-6.75034327137,-4.750152671764303,-2.6368126367,-6.21443803853,,-3.73685189976,,0.401323474882,,,,,,,,-5.70330413488,,-4.76297563311,,,,,-5.805051958,-5.22816952351,,,,,-0.974613513485,,,,,,,,,-4.93551574805,,,,,,,-2.68794269668,-5.19407732745
BLOO11,"CNN2",ENSG00000064666,10.832535,,-2.74517444839,,-2.85649861034,-2.9521201309860947,-1.9630622435,-3.02275607748,,-2.34582852942,,-0.541058104489,,,,,,,,-3.25215460987,,-3.53439597786,,,,,-4.73764842809,-2.31372203372,,,,,-0.908329248921,,,,,,,,,-0.993711910815,,,,,,,-0.586378214172,-2.45564234578
BLOO12,"CNN2",ENSG00000064666,11.148289,,-4.797771234,,-6.87826530224,-5.122732206046805,-2.98499827504,-6.52940631212,,-3.98750671099,,0.396051793871,,,,,,,,-6.09596240638,,-5.23555104445,,,,,-6.60696918883,-5.32643697815,,,,,-0.953719702341,,,,,,,,,-4.84698532397,,,,,,,-2.1836061396,-5.26709739349
BLOO13,"CNN2",ENSG00000064666,10.619626,,-4.50288264006,,-6.50957385019,-4.3145736753963915,-2.46387780748,-5.94595104414,,-3.50670042929,,0.382380026091,,,,,,,,-5.43025094739,,-4.73838777169,,,,,-5.6582903119,-5.19657662923,,,,,-0.790421979012,,,,,,,,,-4.97299148646,,,,,,,-2.34391317402,-5.05724114708
BLOO17,"CNN2",ENSG00000064666,7.590608,,1.60743746661,,4.30345548197,0.1607472672394563,-0.199298270639,4.26451582136,,3.08663982564,,0.762705655503,,,,,,,,3.4999323854,,3.46299443661,,,,,4.70481053104,3.6021988727,,,,,-0.715238849344,,,,,,,,,3.26682076032,,,,,,,-1.15461936967,3.17275447893
BLOO18,"CNN2",ENSG00000064666,9.180621,,1.88860770517,,4.64322221608,0.32249003929788955,-0.16149631283,4.54193429814,,3.02615974755,,0.583161787454,,,,,,,,3.67268071828,,3.60105095983,,,,,4.71402150849,4.05409390114,,,,,-0.702786370172,,,,,,,,,3.67902945102,,,,,,,-0.902668192385,3.41001871042
BLOO24,"CNN2",ENSG00000064666,6.992082,,1.36421103165,,2.96936149774,1.4220211697958303,0.490458988764,2.37967352437,,0.995371112942,,-0.621915300222,,,,,,,,1.7964277221,,0.908635179452,,,,,0.724459960343,2.18643946365,,,,,0.00334216067089,,,,,,,,,3.02517171784,,,,,,,1.587734514,1.93414496834
BLOO29,"CNN2",ENSG00000064666,10.916426,,-1.34498907026,,-4.60444099859,-0.576920421297137,1.24424286378,-4.58533967263,,-5.10195051683,,0.337468446837,,,,,,,,-3.35965908625,,-1.51793787368,,,,,-3.30854417747,-3.04326813498,,,,,-1.67135538656,,,,,,,,,-1.94398164463,,,,,,,-0.922514777358,-3.74126861433
BLOO30,"CNN2",ENSG00000064666,9.444712,,-4.3994640216,,-6.31360368973,-4.397312314949019,-2.57428492479,-5.79926744191,,-3.36174941813,,0.551788121401,,,,,,,,-5.31167017881,,-4.60039220343,,,,,-5.3081185864,-4.9942256311,,,,,-0.839826201762,,,,,,,,,-4.91562298292,,,,,,,-2.44348429784,-4.77018507644
BLOO31,"CNN2",ENSG00000064666,7.283071,,-1.72482110096,,-4.40989231833,-0.443512900545469,0.167429677766,-4.33072631892,,-2.64446531217,,-0.629150291757,,,,,,,,-3.53628389969,,-3.60056195053,,,,,-4.42923697968,-3.7520500913,,,,,0.468308610086,,,,,,,,,-3.55347719968,,,,,,,0.768025113781,-3.36709483125
BLOO32,"CNN2",ENSG00000064666,8.137028,,-1.93314204749,,-3.28043299082,-1.2329126016416276,-0.526044747631,-2.68443124706,,-1.10421134902,,0.346136460038,,,,,,,,-2.07879697468,,-1.74880959556,,,,,-1.68114452496,-2.71570679207,,,,,0.167308719019,,,,,,,,,-3.34983236645,,,,,,,-0.810105865591,-2.17281799651
BLOO35,"CNN2",ENSG00000064666,17.645968,,3.05898176003,,5.5375708632,3.6519370783631704,3.41406336939,5.52564117061,,1.69239838316,,-1.30983872805,,,,,,,,5.84585658615,,6.99290849824,,,,,3.92563907588,6.47529116169,,,,,0.182767432685,,,,,,,,,4.38309338492,,,,,,,-0.0233687930425,1.09901828711
