code,target,ENSEMBL,association,Adipose_Subcutaneous,Adipose_Visceral_Omentum,Breast_Mammary_Tissue,Muscle_Skeletal,DGN_Whole_Blood,Whole_Blood,Artery_Aorta,Artery_Coronary,Artery_Tibial,Heart_Atrial_Appendage,Heart_Left_Ventricle,Spleen,Brain_Amygdala,Brain_Anterior_cingulate_cortex_BA24,Brain_Caudate_basal_ganglia,Brain_Nucleus_accumbens_basal_ganglia,Brain_Putamen_basal_ganglia,Brain_Cerebellar_Hemisphere,Brain_Cerebellum,Brain_Cortex,Brain_Frontal_Cortex_BA9,Brain_Hippocampus,Brain_Hypothalamus,Brain_Spinal_cord_cervical_c-1,Brain_Substantia_nigra,Nerve_Tibial,Cells_Transformed_fibroblasts,Cells_EBV-transformed_lymphocytes,Colon_Sigmoid,Colon_Transverse,Esophagus_Gastroesophageal_Junction,Esophagus_Mucosa,Esophagus_Muscularis,Liver,Minor_Salivary_Gland,Small_Intestine_Terminal_Ileum,Stomach,Adrenal_Gland,Pituitary,Pancreas,Thyroid,Lung,Ovary,Prostate,Testis,Uterus,Vagina,Skin_Not_Sun_Exposed_Suprapubic,Skin_Sun_Exposed_Lower_leg
HEIG03,"MRPL43",ENSG00000055950,7.664803,-1.65935269811,,,,-3.35849937133744,-2.66350437284,-1.7854751191,-3.85763045592,-1.99859231419,-2.31289376037,-2.08280895529,,,,-2.50910646173,-2.52950725489,,-3.05031532813,-1.75202093372,,,,-1.94231638334,,,-2.28271505424,,-3.36547445982,,,,-3.10504548002,-4.23711451404,-1.37855182315,,,,,-2.2098334021,,-2.39607660658,,-2.35335867283,,,,,-0.977283787399,
LEAN04B,"MRPL43",ENSG00000055950,10.607848,-1.71240484721,,,,-2.040465430816362,-0.939210631935,0.332621583507,-3.93570019941,-0.53383142007,-1.19097270337,0.178846534962,,,,-0.744390799695,-1.005502894,,-1.53102229992,-1.68857280489,,,,-1.94209931355,,,-1.95620625916,,-3.03175208866,,,,-2.12758573572,-4.12100246677,-0.412872032815,,,,,-1.08753059761,,-1.1028546528,,-0.519984777178,,,,,-1.3048786787,
LEAN04F,"MRPL43",ENSG00000055950,6.146868,-1.51182509952,,,,-1.7918239969768197,-0.871945583738,0.313994428797,-3.49153348453,-0.662365447741,-1.02875993193,-0.0474857462045,,,,-0.715394717017,-0.998658259148,,-1.20892774591,-1.44342477873,,,,-1.53042964561,,,-1.29990675831,,-2.37294133528,,,,-1.735361194,-3.57386966987,-0.103288727561,,,,,-0.943885525697,,-0.990426950672,,-0.908745197806,,,,,-1.09665149337,
LEAN04,"MRPL43",ENSG00000055950,8.739261,-1.67475226433,,,,-1.977922890031315,-0.963194083998,0.141686199438,-3.5987215448,-0.497792122876,-1.23564234171,0.127000424607,,,,-0.76774352328,-0.973527566467,,-1.60294545772,-1.68061481495,,,,-2.00007087783,,,-2.12224009323,,-3.00391470916,,,,-2.11895000517,-3.82118402626,-0.536623377756,,,,,-1.13874904,,-1.12857225892,,-0.198755726599,,,,,-1.35822394579,
LEAN05B,"MRPL43",ENSG00000055950,11.403458,-1.54511300009,,,,-1.8926601355397832,-0.800744828451,0.42308050154,-3.77246084531,-0.381616892495,-1.04619656772,0.372645919218,,,,-0.625947457731,-0.8848938281,,-1.47175099407,-1.55360326592,,,,-1.81214256774,,,-1.77821273627,,-2.91047478286,,,,-2.00616844324,-3.95626383248,-0.156342834075,,,,,-0.944545532644,,-0.968974646559,,-0.5779186312,,,,,-1.15613303779,
LEAN05F,"MRPL43",ENSG00000055950,5.645834,-1.34136335619,,,,-1.6569456683762935,-0.741557042009,0.389339775704,-3.36471107037,-0.504998193218,-0.890881702239,0.160433905749,,,,-0.604701377402,-0.888423321843,,-1.17130910637,-1.31238410171,,,,-1.40577156582,,,-1.11736486146,,-2.27585198792,,,,-1.63387909696,-3.44499863457,0.179113895136,,,,,-0.805691205827,,-0.864990009881,,-0.988057522792,,,,,-0.94780152528,
LEAN05,"MRPL43",ENSG00000055950,8.861918,-1.53846438546,,,,-1.8467485970562407,-0.840281656891,0.230545745048,-3.44934057732,-0.372713131555,-1.109391424,0.281005748373,,,,-0.65999953439,-0.863700360878,,-1.53659263268,-1.56774432181,,,,-1.88964693691,,,-1.9891585793,,-2.89842959426,,,,-2.00521565632,-3.66987994305,-0.360013886497,,,,,-1.01494882284,,-1.00893741714,,-0.223501977474,,,,,-1.23432024976,
LEAN06B,"MRPL43",ENSG00000055950,18.880315,-4.12972518561,,,,-5.322910034166412,-3.90586335762,-2.61631937359,-7.71105852939,-3.48899116439,-4.0484517781,-2.53382957743,,,,-3.83624442829,-3.98554397597,,-5.09434765563,-4.47551486477,,,,-4.27756875326,,,-4.58326148,,-5.40036953544,,,,-5.3181187781,-7.76722340148,0.605571454429,,,,,-3.85364834779,,-4.00057436877,,-3.04837976151,,,,,-3.92319720008,
LEAN06F,"MRPL43",ENSG00000055950,14.541332,-3.56788577531,,,,-4.700759207683053,-3.5861864712,-2.44160204062,-6.52632179139,-3.2473916437,-3.64590703471,-2.49609652877,,,,-3.6053215738,-3.67300500323,,-4.5829153519,-3.97469365958,,,,-3.65594177302,,,-3.65187023422,,-4.23262747691,,,,-4.78016738318,-6.54882652678,0.743887624375,,,,,-3.48495414798,,-3.63074491048,,-2.94647257148,,,,,-3.51799884282,
LEAN06M,"MRPL43",ENSG00000055950,10.821541,-2.45857024644,,,,-3.0096544420220526,-1.993829825,-1.27416847144,-4.80369526663,-1.71292220525,-2.17794357039,-1.02907092846,,,,-1.82797846234,-2.01299473123,,-2.74818876757,-2.49511504616,,,,-2.60806581328,,,-3.21267660235,,-3.895765162,,,,-2.87480114005,-4.87621395965,0.0150742739498,,,,,-2.05049920849,,-2.10770294739,,-1.32514299449,,,,,-2.1341580349,
LEAN06,"MRPL43",ENSG00000055950,18.588498,-3.88783484993,,,,-4.941920486435887,-3.54538549028,-2.36585890535,-7.36883967603,-3.15203415492,-3.72339344349,-2.21304170754,,,,-3.4157334157,-3.60784492171,,-4.6866164711,-4.14448355647,,,,-4.0573846474,,,-4.52375372607,,-5.47220244078,,,,-4.85109376431,-7.44845072686,0.394090696243,,,,,-3.53471331013,,-3.65577615689,,-2.60301920657,,,,,-3.61110671914,
MENA02F,"MRPL43",ENSG00000055950,9.408223,4.94342373244,,,,5.032889290160613,4.67470999814,4.20411533857,5.27103167401,4.37007222318,4.85395605747,3.79515406243,,,,4.61439081314,4.15042256559,,4.86407001511,5.06688980215,,,,5.07811817956,,,5.07332502288,,4.51018184669,,,,5.2243536553,4.5266815152,1.21976592828,,,,,4.79946977647,,4.7290242704,,2.81263114984,,,,,5.01253258478,
