code,target,ENSEMBL,association,Adipose_Subcutaneous,Adipose_Visceral_Omentum,Breast_Mammary_Tissue,Muscle_Skeletal,DGN_Whole_Blood,Whole_Blood,Artery_Aorta,Artery_Coronary,Artery_Tibial,Heart_Atrial_Appendage,Heart_Left_Ventricle,Spleen,Brain_Amygdala,Brain_Anterior_cingulate_cortex_BA24,Brain_Caudate_basal_ganglia,Brain_Nucleus_accumbens_basal_ganglia,Brain_Putamen_basal_ganglia,Brain_Cerebellar_Hemisphere,Brain_Cerebellum,Brain_Cortex,Brain_Frontal_Cortex_BA9,Brain_Hippocampus,Brain_Hypothalamus,Brain_Spinal_cord_cervical_c-1,Brain_Substantia_nigra,Nerve_Tibial,Cells_Transformed_fibroblasts,Cells_EBV-transformed_lymphocytes,Colon_Sigmoid,Colon_Transverse,Esophagus_Gastroesophageal_Junction,Esophagus_Mucosa,Esophagus_Muscularis,Liver,Minor_Salivary_Gland,Small_Intestine_Terminal_Ileum,Stomach,Adrenal_Gland,Pituitary,Pancreas,Thyroid,Lung,Ovary,Prostate,Testis,Uterus,Vagina,Skin_Not_Sun_Exposed_Suprapubic,Skin_Sun_Exposed_Lower_leg
BLOO02,"COMMD7",ENSG00000149600,5.875561,1.39330372887,,,0.88224558188,1.788716993150506,0.96589059019,,,1.58317997482,0.353290608598,,-1.05937771382,,,,,,,,0.332718833202,,,,,,1.1506321316,,,0.717378713393,0.860457432583,,1.25949131907,1.86035257992,0.40040613376,,,,,,,-1.27876109047,1.14753225596,,,1.0686687825,,,,
BLOO05,"COMMD7",ENSG00000149600,20.828625,-3.74654232628,,,-8.29873372013,1.8502587672627526,0.750619781156,,,-3.6891264606,-2.55710065323,,-0.599484415745,,,,,,,,-6.82053055672,,,,,,-3.452619917,,,-3.76262095321,-4.21645026468,,-2.54033456316,-3.62772980439,-3.93548288513,,,,,,,7.24788067177,2.47249259592,,,-5.83008566133,,,,
BLOO08,"COMMD7",ENSG00000149600,16.872992,-1.2265808522,,,-6.87951309413,6.949015856582553,2.95810155492,,,-0.958361743651,-1.793359769,,0.932716245057,,,,,,,,-5.85702646161,,,,,,-1.02684140635,,,-0.560473965563,-1.54300929233,,0.633504325548,-1.06322659235,-4.11108565828,,,,,,,6.38023211374,6.99307487342,,,-3.66155970462,,,,
BLOO11,"COMMD7",ENSG00000149600,8.496891,5.10080910561,,,1.89038039301,2.1449395645088223,1.61836828034,,,5.21322000961,3.11724058555,,-0.161692773994,,,,,,,,2.03954854616,,,,,,4.31010274535,,,3.41562496005,4.47345228939,,5.11928677578,5.47503736371,2.59663445387,,,,,,,0.340255070571,1.74786674009,,,3.63564556065,,,,
BLOO14,"COMMD7",ENSG00000149600,17.761603,-1.45986121476,,,-6.9114357435,7.197306756349543,2.7082243298,,,-1.2291732325,-1.81123574607,,1.16522573018,,,,,,,,-5.79814631105,,,,,,-1.26533128719,,,-0.907301482534,-1.68579722314,,0.110405991142,-1.41636925836,-4.25195107549,,,,,,,6.32890627245,7.18887325263,,,-3.8023952238,,,,
BLOO15,"COMMD7",ENSG00000149600,13.766167,-0.461100508317,,,-6.08130698235,7.015678194493559,2.70661168243,,,-0.222188384728,-1.0103250981,,1.30796235781,,,,,,,,-4.89714444618,,,,,,-0.444827214774,,,-0.359842955742,-0.755364766895,,0.937003063309,-0.419335217399,-3.35906160384,,,,,,,6.06733000937,6.90550231463,,,-2.79804952416,,,,
BLOO19,"COMMD7",ENSG00000149600,13.390993,2.11879715873,,,6.00613180856,-1.6996813408868243,-0.220638915944,,,2.16238170464,1.1284701169,,0.443744237021,,,,,,,,4.6435308264,,,,,,2.10635141838,,,2.69107476042,2.44398449054,,1.62122919414,2.23030750182,2.57559516355,,,,,,,-5.39454570974,-2.11562954563,,,3.85599957772,,,,
BLOO24,"COMMD7",ENSG00000149600,11.524663,5.73471708913,,,3.52488595624,1.6414277705172924,0.859449364904,,,5.79966431763,3.93599525991,,0.20017356614,,,,,,,,3.77882267769,,,,,,4.74511814423,,,3.81480011802,5.29627372733,,4.99619285375,5.85162308412,3.30403480959,,,,,,,-1.2601830973,1.10665195971,,,4.95951759495,,,,
BLOO26,"COMMD7",ENSG00000149600,8.907139,-4.18024146916,,,-3.23415938614,-3.179479145576047,-2.41854863117,,,-4.41314579368,-3.81277817525,,0.617888441946,,,,,,,,-3.62078270885,,,,,,-4.02470501153,,,-2.53756764086,-4.31795453146,,-4.36946495631,-4.38930689174,-2.97415088337,,,,,,,2.12628486202,-2.40538229967,,,-4.70701453232,,,,
BLOO27,"COMMD7",ENSG00000149600,9.040548,-3.03752886791,,,-3.16044589623,-2.6350671151309775,-1.20274961245,,,-3.23854111825,-2.5072129722,,1.69500141256,,,,,,,,-2.88879643663,,,,,,-3.47895797644,,,-1.39393951961,-3.06133624678,,-3.02533308646,-3.25262566713,-2.21979820197,,,,,,,2.09805608296,-1.99004821587,,,-3.58666929951,,,,
BLOO28,"COMMD7",ENSG00000149600,18.004979,-4.4665027694,,,-8.23655132702,1.373358650909639,0.136216316819,,,-4.54401460587,-2.6518394452,,-0.28807599591,,,,,,,,-6.61131066862,,,,,,-4.14895734827,,,-4.35278109462,-4.70777533374,,-3.70066956271,-4.63093783976,-4.1632726418,,,,,,,6.84852903075,2.15262398801,,,-6.1056516963,,,,
LEAN06B,"COMMD7",ENSG00000149600,6.563488,-2.87964935365,,,3.57503996851,-4.839187757719973,-1.78409936955,,,-3.00342887158,-3.39389980366,,-4.5253535452,,,,,,,,0.304937542344,,,,,,-1.84779171172,,,0.993934787501,-2.25198082353,,-2.04663953875,-3.03778370028,-1.62398425231,,,,,,,-3.81424440463,-2.98561946042,,,-2.48933860655,,,,
LEAN06,"COMMD7",ENSG00000149600,6.315226,-2.38540802297,,,3.81325972499,-4.773840834854693,-1.40354018035,,,-2.50486412966,-2.56832354509,,-4.26606570308,,,,,,,,0.790881111927,,,,,,-1.48000722027,,,1.48119309519,-1.79661248359,,-1.77013265257,-2.54417783852,-1.43039423927,,,,,,,-3.67502660069,-2.91994110193,,,-2.04818393933,,,,
SMOK05,"COMMD7",ENSG00000149600,6.967623,3.74071213362,,,4.64952139824,0.48245862668889095,0.454875563369,,,3.71831200893,2.71587657415,,0.0514872431551,,,,,,,,3.97967212552,,,,,,3.99213470613,,,2.20928815215,3.85752418717,,2.97463846658,3.41337701533,3.63024127267,,,,,,,-2.51267961387,0.391291047679,,,4.43206838825,,,,
WEIG02,"COMMD7",ENSG00000149600,11.033117,0.371818310356,,,5.18527633625,-4.783684009932813,-2.26973068609,,,0.228698315452,0.465167289933,,-1.63065637309,,,,,,,,3.36056563758,,,,,,0.864344956406,,,0.850506731472,0.326757232755,,0.108304487084,-0.470278948593,1.46566329489,,,,,,,-2.67697626805,-3.0430084302,,,1.29109136051,,,,
WEIG03,"COMMD7",ENSG00000149600,7.430860,0.435592410764,,,4.72482846374,-4.365785733903193,-1.78345856707,,,0.183926466103,0.647248384115,,-1.31974943203,,,,,,,,3.13814450047,,,,,,0.84546267833,,,1.14211061389,0.403688971039,,0.157002104378,-0.388092482098,1.49273024762,,,,,,,-2.40211394714,-2.86066967351,,,1.3298637063,,,,
