code,target,ENSEMBL,association,Adipose_Subcutaneous,Adipose_Visceral_Omentum,Breast_Mammary_Tissue,Muscle_Skeletal,DGN_Whole_Blood,Whole_Blood,Artery_Aorta,Artery_Coronary,Artery_Tibial,Heart_Atrial_Appendage,Heart_Left_Ventricle,Spleen,Brain_Amygdala,Brain_Anterior_cingulate_cortex_BA24,Brain_Caudate_basal_ganglia,Brain_Nucleus_accumbens_basal_ganglia,Brain_Putamen_basal_ganglia,Brain_Cerebellar_Hemisphere,Brain_Cerebellum,Brain_Cortex,Brain_Frontal_Cortex_BA9,Brain_Hippocampus,Brain_Hypothalamus,Brain_Spinal_cord_cervical_c-1,Brain_Substantia_nigra,Nerve_Tibial,Cells_Transformed_fibroblasts,Cells_EBV-transformed_lymphocytes,Colon_Sigmoid,Colon_Transverse,Esophagus_Gastroesophageal_Junction,Esophagus_Mucosa,Esophagus_Muscularis,Liver,Minor_Salivary_Gland,Small_Intestine_Terminal_Ileum,Stomach,Adrenal_Gland,Pituitary,Pancreas,Thyroid,Lung,Ovary,Prostate,Testis,Uterus,Vagina,Skin_Not_Sun_Exposed_Suprapubic,Skin_Sun_Exposed_Lower_leg
BFPC04B,"RSRC1",ENSG00000174891,6.761076,-2.25292114783,-1.57065940475,-1.76186943724,-2.84925297971,-4.1582589015719345,,,,-1.4090619862,0.603710529326,,0.38555477828,,,,,,-1.78745709032,-2.75872781034,-1.98996234725,-2.50712313139,,,0.313260929642,,-1.49449872462,1.25040626837,,,-1.28647431599,0.251915589276,1.2565677625,-0.539340231989,,,-1.28049607438,-1.22869542015,0.59119695466,-1.62243275799,-0.86788504916,-1.09756824585,-2.43924019884,,,-1.28452818989,,,-2.09772568482,-1.42476730598
BFPC04M,"RSRC1",ENSG00000174891,7.081922,-2.90698373161,-2.8072418217,-2.20975628373,-2.55045900734,-3.8455688322848216,,,,-2.25266282695,0.042558138942,,-0.085676419765,,,,,,-2.59038481548,-2.83416937866,-2.26794299496,-1.68236501288,,,0.0970628236938,,-1.9459147452,0.521727986456,,,-1.62227373639,-0.134605122401,-0.153888309363,-1.93553128749,,,-1.51485938079,-1.13029359658,-0.941920667788,-2.39802929106,-1.4356310666,-2.159795719,-2.72693845187,,,-0.752174146949,,,-2.50637451653,-1.29976426819
BODY04,"RSRC1",ENSG00000174891,5.632681,-3.17756353183,-1.72555119178,-2.18841605481,-2.18853854333,-3.4428413858856297,,,,-3.15830140693,-0.854749762768,,-0.209527678166,,,,,,-2.4692011431,-2.41636336765,-2.5242076604,-3.39532712342,,,-1.2484460738,,-2.69117534404,-0.623780344197,,,-1.86200948535,-0.921741159025,-1.21956882922,-2.4497148197,,,-1.6721054816,-0.856390341712,-0.615038877459,-1.97831739981,-2.18955888368,-2.76918217429,-3.28954081211,,,0.417430928263,,,-3.33943729044,-2.99940757589
DEPR01,"RSRC1",ENSG00000174891,11.845850,4.65470638965,3.37295618266,3.01145308187,3.01286579322,4.658008545307868,,,,4.06220394543,0.56528774613,,1.38739467352,,,,,,2.32859439829,3.14131416289,3.2054624206,2.90463209997,,,1.83854743241,,3.07672704798,-1.93477671814,,,3.71334600449,1.48567205495,2.44021173349,3.31631619375,,,3.11104557221,1.09400955771,2.17372533386,2.85179226811,3.16457376972,3.29997294751,4.1493552207,,,-1.83255164132,,,3.65034951722,3.20056633106
EDUC03,"RSRC1",ENSG00000174891,7.246348,-1.84326794165,1.27619690802,-1.63392564258,0.656447754936,-1.3240270665510623,,,,-0.648165638247,0.580612368242,,-1.84729207691,,,,,,-0.715764887606,-2.71436627296,-1.26178873799,-2.30020879424,,,1.62767124978,,-0.498521002424,2.86929559102,,,-3.17745940185,-0.10457356159,2.07413984634,-0.600034299962,,,-0.373693226094,-1.23354198528,-1.62330930453,0.478485367439,-1.36272046572,-0.893342275805,-2.67904471656,,,1.28670281224,,,-1.62210145666,-0.680416844332
HEIG02,"RSRC1",ENSG00000174891,8.553385,3.90888268508,5.68458396522,3.87111086375,3.0958020804,2.7791864734523792,,,,2.70282936322,2.48926484868,,2.81616660769,,,,,,3.60843965535,3.83913839088,3.43637507099,2.81950895006,,,2.43043122667,,3.50223457332,-0.126513039627,,,2.84514171373,0.808534723997,4.560621441,5.09396500597,,,2.20469045114,3.53951471175,2.50489366739,2.65693924416,3.36782371254,3.20629050018,3.63459262722,,,-1.55401529983,,,3.04848494281,3.52194417044
HEIG03,"RSRC1",ENSG00000174891,8.931703,3.98906199039,4.3869914227,3.49996517625,2.0307766798,2.4054029557660317,,,,2.48948728155,1.68868459983,,0.639678484476,,,,,,3.46736729967,2.36892718425,2.7820273563,0.953659512131,,,2.35745233755,,3.23423867498,0.43476885556,,,2.56370678935,1.31121416803,2.99141490098,4.04815748839,,,2.93209224333,2.82587674883,2.92126540015,2.79562461839,3.38303102467,2.5593703778,3.54099989148,,,-2.00517938269,,,3.55883510704,3.90271471759
HEIG04F,"RSRC1",ENSG00000174891,6.270115,3.35166696202,3.29007845641,2.88067100973,2.06411278952,2.145753423133638,,,,2.32117253986,1.36750478398,,1.0943974822,,,,,,2.90618434988,2.49544410497,2.82195209414,1.61815793839,,,1.88241289784,,2.65673839362,0.40626823054,,,2.23779111411,1.38202861755,2.15659616106,3.16185119084,,,2.34832232312,2.26813240933,1.67826527427,2.43625197733,2.48412135674,2.38195914443,3.03596074999,,,-2.46314468863,,,2.65561686641,3.77977604228
LUNG06,"RSRC1",ENSG00000174891,7.934831,4.52826754087,4.06602182359,4.40074721092,3.3447361655,2.9794171781684824,,,,4.68580522707,3.69801716,,2.30553735688,,,,,,3.27928385449,5.19619411018,4.79762539069,3.87735225121,,,2.1079017239,,4.19323771595,0.416086163062,,,3.85715144722,1.69510178777,3.21412877059,4.30660231769,,,3.34941068302,4.4909284795,2.282887147,2.32331453569,4.48075821603,3.7365794723,4.45167122916,,,-2.12232613494,,,3.95298677115,4.16247470957
NEUR02B,"RSRC1",ENSG00000174891,6.694541,-1.14109829741,-2.6334955954,-1.69470695849,-1.61724635826,1.2512837380829118,,,,-2.04358692188,-4.28484057349,,1.08346052747,,,,,,-0.309050391796,-0.984431472598,-0.74072727743,-0.018293063347,,,-1.72233756843,,-1.84279602788,-2.66860193076,,,-0.174503093785,-1.63185308013,-3.88037964695,-2.30677984654,,,-1.59177729682,-2.11582468183,-1.06476839155,-1.40952435089,-1.65051339022,-1.86888377519,-0.87097002819,,,2.26023831717,,,-0.703714631543,-1.10359809113
