code,target,ENSEMBL,association,Adipose_Subcutaneous,Adipose_Visceral_Omentum,Breast_Mammary_Tissue,Muscle_Skeletal,DGN_Whole_Blood,Whole_Blood,Artery_Aorta,Artery_Coronary,Artery_Tibial,Heart_Atrial_Appendage,Heart_Left_Ventricle,Spleen,Brain_Amygdala,Brain_Anterior_cingulate_cortex_BA24,Brain_Caudate_basal_ganglia,Brain_Nucleus_accumbens_basal_ganglia,Brain_Putamen_basal_ganglia,Brain_Cerebellar_Hemisphere,Brain_Cerebellum,Brain_Cortex,Brain_Frontal_Cortex_BA9,Brain_Hippocampus,Brain_Hypothalamus,Brain_Spinal_cord_cervical_c-1,Brain_Substantia_nigra,Nerve_Tibial,Cells_Transformed_fibroblasts,Cells_EBV-transformed_lymphocytes,Colon_Sigmoid,Colon_Transverse,Esophagus_Gastroesophageal_Junction,Esophagus_Mucosa,Esophagus_Muscularis,Liver,Minor_Salivary_Gland,Small_Intestine_Terminal_Ileum,Stomach,Adrenal_Gland,Pituitary,Pancreas,Thyroid,Lung,Ovary,Prostate,Testis,Uterus,Vagina,Skin_Not_Sun_Exposed_Suprapubic,Skin_Sun_Exposed_Lower_leg
AGRA01,"DXO",ENSG00000204348,0.621784,-1.07131019001,,,1.08107544595,2.3686651510744894,-0.490347407073,,,1.72456021908,1.92131428575,,,,,,1.20921492957,,,,,,,,,,0.615905978912,4.75937563067,,,,,1.37142474543,2.86744215899,1.43346685909,,,,,,,3.00164956786,1.26113113983,-0.130968779325,,1.10332553028,,,,1.10076260567
ANKY01,"DXO",ENSG00000204348,40.376337,,,,,,,,,,,,,,,,-16.6665496826,,,,,,,,,,13.0612154007,,,,,,,-5.62358665466,-17.2351985267,,,,,,,7.84693050385,,,,,,,,
BFPC04B,"DXO",ENSG00000204348,12.273281,1.04724102866,,,2.26264830018,-1.5435242094499357,1.76219029277,,,-0.585399007111,0.79653583724,,,,,,1.15147550474,,,,,,,,,,0.258724783118,1.17292315673,,,,,0.0721417945786,0.687683297355,2.98902990775,,,,,,,0.443850516162,2.68086856912,-0.998807804662,,2.51262731013,,,,2.55879854081
BFPC04F,"DXO",ENSG00000204348,6.533103,-0.0897250083867,,,1.8050829543,-0.7920819149649653,-0.557437173311,,,0.347865689604,0.66779315461,,,,,,0.71811288684,,,,,,,,,,0.412576835574,1.25309464416,,,,,0.510603128293,0.408162068816,0.977709017581,,,,,,,0.441767674612,1.42628337055,-1.67148326959,,1.949351762,,,,1.72347735467
BFPC04M,"DXO",ENSG00000204348,10.475461,1.53468551976,,,1.60300963116,-1.4637506040063326,2.93025467805,,,-1.10946397547,0.538207137473,,,,,,0.987921181216,,,,,,,,,,0.0086090915664,0.557779813868,,,,,-0.334662018794,0.606339447552,3.31665593964,,,,,,,0.238388102572,2.50837320236,0.0410535417608,,1.82599670208,,,,2.08178880063
BFPC04,"DXO",ENSG00000204348,12.645085,0.892714037215,,,2.32086138732,-1.5253552570083575,1.34412556045,,,-0.344604974786,0.904927611459,,,,,,1.13703546992,,,,,,,,,,0.329015584843,1.32435454899,,,,,0.201915721468,0.66826049006,2.70218271165,,,,,,,0.553996986149,2.61337626655,-1.14782149105,,2.60761919317,,,,2.60866191137
BLOO01,"DXO",ENSG00000204348,5.634887,2.55795386536,,,1.49121094744,,,,,-0.574169937256,0.621455430984,,,,,,,,,,,,,,,,0.621455430984,0.77413444278,,,,,,1.56365737325,-2.2731912745,,,,,,,0.612916288717,0.621455430984,-2.42383476983,,0.621455430984,,,,0.621455430984
BLOO03,"DXO",ENSG00000204348,9.233810,0.575616236713,,,-3.38554253851,,,,,-3.95018841099,-2.12185406685,,,,,,,,,,,,,,,,-2.12185406685,-2.03913522563,,,,,,-1.94086378476,-3.33841726579,,,,,,,-2.07163939303,-2.12185406685,2.51461283851,,-2.12185406685,,,,-2.12185406685
BLOO04,"DXO",ENSG00000204348,4.669181,4.85108334,,,0.0217845836386,,,,,-1.76068509568,1.29129910469,,,,,,,,,,,,,,,,1.29129910469,1.28791267211,,,,,,2.18683596978,-1.76124260968,,,,,,,1.35848639457,1.29129910469,3.86843665554,,1.29129910469,,,,1.29129910469
BLOO05,"DXO",ENSG00000204348,0.200522,7.45229837617,,,3.03751721846,,,,,2.69583505099,2.93681669235,,,,,,,,,,,,,,,,2.93681669235,3.033880931,,,,,,2.7498228474,-6.21927297414,,,,,,,2.95436214926,2.93681669235,3.05548741209,,2.93681669235,,,,2.93681669235
BLOO06,"DXO",ENSG00000204348,0.227165,5.0861965701,,,2.74062813668,,,,,1.64732213397,2.48624229431,,,,,,,,,,,,,,,,2.48624229431,2.47169797198,,,,,,4.26836363752,2.56343557516,,,,,,,2.50621718227,2.48624229431,0.0443259801233,,2.48624229431,,,,2.48624229431
BLOO07,"DXO",ENSG00000204348,5.677574,1.39544649676,,,-1.40918790553,,,,,-2.0578747654,-1.26575732231,,,,,,,,,,,,,,,,-1.26575732231,-1.12752157836,,,,,,0.0613537950516,4.54320396638,,,,,,,-1.26199696167,-1.26575732231,1.61096557237,,-1.26575732231,,,,-1.26575732231
BLOO09,"DXO",ENSG00000204348,0.009217,5.18187454566,,,2.56771019499,,,,,1.3859806505,2.35545563698,,,,,,,,,,,,,,,,2.35545563698,2.33167491704,,,,,,4.21978029697,2.68758970247,,,,,,,2.37574028856,2.35545563698,0.191125937692,,2.35545563698,,,,2.35545563698
BLOO10,"DXO",ENSG00000204348,0.004102,5.77278745392,,,2.77913482834,,,,,1.65765920477,2.56863474846,,,,,,,,,,,,,,,,2.56863474846,2.55977804033,,,,,,4.30026502647,1.87178366958,,,,,,,2.59067720494,2.56863474846,0.663677339391,,2.56863474846,,,,2.56863474846
BLOO11,"DXO",ENSG00000204348,2.793984,4.37506393458,,,-1.51602693076,,,,,-0.926783425125,-0.952191233635,,,,,,,,,,,,,,,,-0.952191233635,-1.03752333535,,,,,,0.468066721424,-0.992793574526,,,,,,,-0.900336686654,-0.952191233635,4.79692922386,,-0.952191233635,,,,-0.952191233635
BLOO12,"DXO",ENSG00000204348,0.702239,6.59437511667,,,1.8131007339,,,,,0.896533051041,1.80502986908,,,,,,,,,,,,,,,,1.80502986908,1.77358831553,,,,,,3.8208281898,1.16785616871,,,,,,,1.84378291851,1.80502986908,2.19158309257,,1.80502986908,,,,1.80502986908
BLOO13,"DXO",ENSG00000204348,50.993962,7.68664957679,,,1.00160622151,-1.5852849686786241,3.22067920834,,,-0.531466218473,1.32301469418,,,,,,7.04851007648,,,,,,,,,,3.72372836806,-3.78947008374,,,,,5.46477946303,4.07068177135,1.58888406844,,,,,,,4.64910354601,3.14599384632,-2.8819232835,,3.12471427167,,,,2.6551166352
BLOO16,"DXO",ENSG00000204348,57.840734,2.90581472988,,,-1.44063952035,-5.061756811556673,1.86214164872,,,-5.37512051035,-1.28808288129,,,,,,4.48562556219,,,,,,,,,,0.816999319291,-2.58290360522,,,,,2.2930647979,2.5754378013,5.31500271412,,,,,,,-0.800521068573,-0.790218026894,-2.75046373833,,-0.414272566197,,,,-0.782663188299
BLOO17,"DXO",ENSG00000204348,18.381544,-0.564040652199,,,-1.37230907748,-4.044087128664926,-0.466095069286,,,-5.53224558436,-1.50597886487,,,,,,0.874277059097,,,,,,,,,,-1.31075988405,-1.23070467824,,,,,-1.3945240873,0.467508725029,4.8807171956,,,,,,,-2.87346746135,-2.33032178291,-0.606237902122,,-1.82338443818,,,,-1.9576398229
BLOO18,"DXO",ENSG00000204348,20.741722,-1.01332847526,,,-1.91949361257,-3.780158077127074,-0.251610418106,,,-4.91152375475,-1.79777344738,,,,,,0.473814935727,,,,,,,,,,-1.34186005058,-1.35521870213,,,,,-0.915537054383,0.413406973603,4.26519620414,,,,,,,-3.06250782447,-2.63038670211,-1.02037711921,,-2.17649993054,,,,-2.27410707748
BLOO19,"DXO",ENSG00000204348,7.631193,0.631023627111,,,-1.85345232102,-3.3130900607171787,2.37331095541,,,-4.40123312424,-0.893189163387,,,,,,-0.0969686014368,,,,,,,,,,-3.13687417682,-5.00915922809,,,,,-3.9468429343,-1.06499731855,2.55978539299,,,,,,,0.0924067702694,1.12177183393,-0.150728381816,,-0.419353271939,,,,-0.581790433937
BLOO20,"DXO",ENSG00000204348,15.851243,-1.80184481134,,,-4.16362205927,-0.08624365658396774,-0.540723037869,,,-3.8763363043,-4.18778111085,,,,,,-0.518817682962,,,,,,,,,,-1.19036505351,-0.795718169773,,,,,-0.50934603524,1.16881793363,-3.52229983986,,,,,,,-2.38481917493,-3.75517748779,0.337203005515,,-2.99526786669,,,,-2.91817491939
BLOO21,"DXO",ENSG00000204348,13.524678,0.603566004992,,,0.194115871626,2.113717412121156,-0.609412639544,,,0.782300174042,-0.661409371669,,,,,,2.95732135275,,,,,,,,,,3.57646917236,2.18903004017,,,,,3.29983565496,3.94613180138,-4.65972813546,,,,,,,1.28302741338,1.1032774673,1.19410611624,,1.46690790158,,,,1.77406634603
BLOO22,"DXO",ENSG00000204348,18.718967,0.378186394202,,,-0.169434832706,1.8764472931344611,-0.452704524841,,,0.118698944179,-1.33285140219,,,,,,3.06587405972,,,,,,,,,,3.43129344722,2.21012870454,,,,,3.21422165119,4.17496156542,-4.81130258034,,,,,,,0.714340464502,0.747511832346,1.27797485361,,1.10738462429,,,,1.44573117336
BLOO24,"DXO",ENSG00000204348,8.260182,-2.69436629665,,,-3.87421388339,-1.7843127492178923,3.46811562831,,,0.864387608459,-2.2617887138,,,,,,-1.57260266921,,,,,,,,,,-1.38154087718,-2.77818180143,,,,,1.40993727004,0.397492872999,-1.0685165235,,,,,,,-2.26312423774,-1.9461213967,-2.97431955264,,-2.44102448525,,,,-2.58234508261
BLOO25,"DXO",ENSG00000204348,11.048779,-0.671548436219,,,0.0278232480399,4.538525731094123,-1.76636631227,,,0.731631611313,0.142252981621,,,,,,2.13234323783,,,,,,,,,,3.20364772245,3.5723647098,,,,,2.91414549276,1.62172970253,-6.2274631526,,,,,,,1.06347137176,0.086876030357,2.83390619176,,2.19582258202,,,,2.22631800689
BLOO26,"DXO",ENSG00000204348,18.490690,-1.06499701831,,,-1.65470289155,4.252303429175876,-2.48324182734,,,1.8014513742,0.59052859306,,,,,,-1.25056597485,,,,,,,,,,0.742356483216,0.482088547708,,,,,1.27737373119,0.0457836425981,-5.3218981483,,,,,,,2.00727539705,-1.9331308039,1.07714134657,,0.0851358555137,,,,-0.0970842126361
BLOO27,"DXO",ENSG00000204348,14.045796,-0.784839260931,,,-2.16678824537,2.654838089588381,-1.65340897275,,,1.56489550638,0.726100065852,,,,,,-2.55228610204,,,,,,,,,,-0.931261251624,-1.31202305051,,,,,0.133802660842,-0.721560856833,-2.91183564151,,,,,,,1.77890664818,-2.26322215504,-0.503375512166,,-1.1793657449,,,,-1.36282193969
BLOO28,"DXO",ENSG00000204348,7.608959,0.605610381121,,,3.79093841258,4.308700481281267,-3.90369366559,,,5.03185901428,2.1981093458,,,,,,1.0037906391,,,,,,,,,,4.35030685761,6.91236064594,,,,,4.26431908833,1.37987029968,-2.24807655753,,,,,,,1.1145374276,-0.106202206289,0.969939662723,,1.80938311136,,,,1.99490894759
BLOO29,"DXO",ENSG00000204348,21.576115,-0.931631114004,,,-3.20592265541,4.041890553320156,0.341341943438,,,3.3866100686,0.767615630568,,,,,,-1.64214339515,,,,,,,,,,1.25875830574,-2.98518473762,,,,,-0.274528705936,0.586385076306,0.973868271414,,,,,,,6.80020610761,0.989580211503,-0.325343447647,,0.182516409982,,,,-0.248033509539
BLOO30,"DXO",ENSG00000204348,54.284849,7.5715891078,,,0.672479425386,-2.08459106584065,3.37227009458,,,-1.19382117487,0.931977517239,,,,,,7.12154963729,,,,,,,,,,3.50519572646,-3.99185104874,,,,,5.23937841994,4.07219915572,1.9479695903,,,,,,,4.40509398855,2.83709167642,-3.04618638465,,2.86976153732,,,,2.44072141403
BLOO31,"DXO",ENSG00000204348,16.939151,0.858686065386,,,1.93369431791,3.7092124017170827,-0.00107302788463,,,4.75238818504,1.95763031239,,,,,,-0.671924468007,,,,,,,,,,1.12829034976,0.605995139184,,,,,0.57287667683,-0.381801724801,-3.90001455447,,,,,,,3.07177052756,2.45056403211,0.984331213172,,2.06385934101,,,,2.12185363678
BLOO33,"DXO",ENSG00000204348,11.965412,4.70506729337,,,1.03383220431,1.1069256255210664,0.493762527283,,,-0.318894182496,1.14873590648,,,,,,2.96180833072,,,,,,,,,,3.16074289982,2.87043372942,,,,,5.32359737517,3.56527290248,0.0723401951743,,,,,,,-0.833186863989,-0.194182431491,0.324352169537,,0.589341692946,,,,0.287093786901
BLOO34,"DXO",ENSG00000204348,11.493427,-0.713721790815,,,0.385275014543,0.905185118719764,-1.54653065186,,,1.08468543235,1.1407574722,,,,,,-2.15325584857,,,,,,,,,,2.07996842879,0.0184333984868,,,,,-2.1956261116,-0.741960046504,-3.40175619739,,,,,,,4.63694751042,-2.06631317097,4.15445608818,,1.66364256181,,,,1.62987574551
BLOO35,"DXO",ENSG00000204348,7.638102,-0.595897238451,,,2.61726209325,-1.0147640739351997,-1.39194492163,,,2.87255236418,2.77423372306,,,,,,-0.081797912928,,,,,,,,,,0.387927142343,-2.11903042892,,,,,-0.829865106106,-0.48181312461,2.93983570088,,,,,,,1.71984694784,2.21800493711,-1.57355578403,,0.93805783625,,,,0.870181473244
BLOO36,"DXO",ENSG00000204348,27.285017,1.53116251537,,,0.063439673699,2.195948320916701,-0.0310678265453,,,-0.402045266759,-0.903768352956,,,,,,4.08606409341,,,,,,,,,,4.15140628968,2.17572011127,,,,,3.92017531781,4.61718754115,-4.46758972904,,,,,,,1.45952468301,0.850857294844,1.25400425666,,1.7553184477,,,,1.83417051603
BODY08B,"DXO",ENSG00000204348,9.711438,-2.05815436665,,,0.293273837027,-2.933219491695566,1.93294685948,,,-2.34242495859,-1.15768638239,,,,,,-1.02172039159,,,,,,,,,,-2.57956655307,-2.30152690858,,,,,-2.35359791313,-2.85640487024,2.04796414892,,,,,,,-1.59703175379,0.823214862847,-2.64126420603,,-0.0812745093189,,,,0.236773609233
BODY08M,"DXO",ENSG00000204348,5.641285,-0.955151203734,,,-0.208080281245,-3.137906976576023,2.45947507734,,,-2.75742058774,-1.14859021238,,,,,,-1.27741035052,,,,,,,,,,-2.51480522218,-2.0799573525,,,,,-2.59167629929,-2.26638895903,2.58046516366,,,,,,,-1.35503105621,0.510585047166,-1.33032990197,,-0.473999435927,,,,0.106193345712
BODY08,"DXO",ENSG00000204348,9.486649,-2.12033409013,,,0.437126137809,-2.724512922211761,1.77641028765,,,-2.04214153289,-1.01113249147,,,,,,-0.871323796388,,,,,,,,,,-2.3821466396,-2.10471139514,,,,,-2.11610018698,-2.76871565535,1.83539015408,,,,,,,-1.47160477016,0.871486016122,-2.75227665144,,0.0840047251572,,,,0.327939807968
CHOL21,"DXO",ENSG00000204348,11.907771,0.654339374264,,,-0.43008656946,-0.8038161899246008,-0.928627815174,,,-1.33184255329,-1.61684592835,,,,,,1.50733789311,,,,,,,,,,1.11681751012,-2.05601715228,,,,,1.28426562859,0.337651942182,3.13590795684,,,,,,,-1.49550448351,1.87710579145,-3.92744984653,,0.335330034329,,,,0.33488214016
CHOL27,"DXO",ENSG00000204348,5.664081,-0.413022862968,,,0.794389809618,-0.9101275896887845,-0.407934130095,,,-1.36331485817,-1.24377764407,,,,,,0.464915620186,,,,,,,,,,0.731900168474,-0.971765680251,,,,,0.22691877882,-0.34793800317,2.19881462972,,,,,,,-2.49763087139,1.32375001551,-3.82456520144,,0.516614944342,,,,0.517904162407
CIRR01,"DXO",ENSG00000204348,6.825330,-2.33486318595,,,-2.70788404366,-4.243728487888055,3.14818030435,,,-1.88384354506,-2.99666853619,,,,,,-2.23457374465,,,,,,,,,,-1.39255447223,-3.46245703421,,,,,-1.58082408979,-0.929418128939,4.82967287529,,,,,,,-1.57702401722,-1.80685944628,-4.67673258567,,-2.2221519513,,,,-2.18629201814
COAD03,"DXO",ENSG00000204348,6.897909,0.436649164994,,,-1.18206957708,-1.4784259929424313,1.68845073118,,,-0.762205279975,0.256334085572,,,,,,0.679773837614,,,,,,,,,,-1.02499507496,-1.6786119818,,,,,0.973766890386,1.07621438006,4.17186099424,,,,,,,-1.03433714101,0.429286752826,-0.951318640077,,-0.853558580704,,,,-1.00107318681
CROH01,"DXO",ENSG00000204348,10.734616,-1.4016971958,,,0.299009661415,0.49604620240273395,1.78541725795,,,0.0896220718307,0.917890140554,,,,,,1.38481243114,,,,,,,,,,0.53994153574,-4.79755673399,,,,,0.498914594419,-3.2611483733,-2.94152733645,,,,,,,-2.35964281253,1.38710082453,0.906634688377,,0.616527796905,,,,0.616446316242
FATM02,"DXO",ENSG00000204348,5.627438,-0.288201270548,,,2.59585133011,-0.4272333369882254,0.589298844332,,,0.784664217416,1.1288517809,,,,,,-0.412907281389,,,,,,,,,,0.16662386275,0.5058614752,,,,,-0.900481343036,-0.86879973866,-0.560280970478,,,,,,,0.416431907724,0.658134543775,0.772840192897,,1.53158737012,,,,1.6079405026
FATM03,"DXO",ENSG00000204348,6.162645,-0.407568589031,,,2.6025069831,-0.4171359515698273,0.558242490169,,,0.813399924655,1.06178908273,,,,,,-0.460461428556,,,,,,,,,,0.105382467363,0.565548717003,,,,,-0.903213773608,-0.888685575072,-0.588844065881,,,,,,,0.390425211741,0.649513257957,0.73367391581,,1.52695260349,,,,1.58921295016
FATM04B,"DXO",ENSG00000204348,9.745283,-1.25307971803,,,2.33848426639,-1.789055408747613,-0.144861308117,,,-0.00429490494933,0.631430277197,,,,,,0.0172035611554,,,,,,,,,,-0.579889597761,0.194114032338,,,,,-1.30563187896,-1.18218857901,0.408464326687,,,,,,,0.589086250067,1.82268140696,-0.74449749483,,2.16246248975,,,,2.27727148566
FATM04F,"DXO",ENSG00000204348,6.576738,-1.64968697058,,,2.1218536256,-0.7968754744391037,-1.939221615,,,0.972908271339,0.686691761494,,,,,,0.263872422434,,,,,,,,,,0.112135262683,0.716484262008,,,,,-0.304464172303,-0.825707987481,-1.11627095757,,,,,,,0.646000211936,1.08080665029,-1.60353870562,,1.93168466371,,,,1.71462120253
FATM04M,"DXO",ENSG00000204348,5.893605,-0.321673723909,,,1.4238238368,-1.7856101063796008,1.45679255158,,,-0.832559304679,0.289724161576,,,,,,-0.198900212017,,,,,,,,,,-0.892669958724,-0.341933374274,,,,,-1.53983981995,-0.92840588218,1.51369375646,,,,,,,0.263597157326,1.59869060903,0.338115915433,,1.34236181365,,,,1.68399235132
FATM04,"DXO",ENSG00000204348,10.453124,-1.3593425017,,,2.46653256622,-1.7152415445775795,-0.527506423827,,,0.272703858485,0.755359277187,,,,,,0.079642823405,,,,,,,,,,-0.420710095752,0.414059123719,,,,,-1.12752973866,-1.15367873426,0.105794571322,,,,,,,0.726809242292,1.80618934174,-0.938622605183,,2.3169895917,,,,2.37741121036
HEIG02,"DXO",ENSG00000204348,7.224186,-2.06828017658,,,3.12477223181,0.5281780948989693,2.13190054084,,,-0.0479921914579,1.70150535053,,,,,,-1.63479176696,,,,,,,,,,-0.156177931909,1.65209910872,,,,,-2.44930788878,-2.23120370966,-4.80822658056,,,,,,,-2.25440817914,-3.05832955051,3.65872822057,,,,,,
HEIG03,"DXO",ENSG00000204348,15.643917,-3.26219536872,,,0.70868749623,0.8114437238257245,0.412835548863,,,1.49040347591,1.49912365895,,,,,,0.148300709646,,,,,,,,,,0.765979678175,1.07490316928,,,,,-1.23687787463,-2.25405295913,-8.58909379976,,,,,,,0.222200509231,-2.36045823014,4.04033016337,,1.19104621415,,,,1.19191455841
HEIG04F,"DXO",ENSG00000204348,5.749775,-2.03125924852,,,-0.773082278183,0.2500961777605282,-0.0811450227232,,,-0.471879130918,0.0678834640193,,,,,,-0.797910326789,,,,,,,,,,-0.731538525037,0.598558334774,,,,,-1.41822092155,-1.68093101954,-4.40665912631,,,,,,,-0.430455821388,-1.90394283796,2.56848053709,,-0.000725407221476,,,,0.0
HEIG04M,"DXO",ENSG00000204348,5.224288,-0.767635304548,,,1.26147144254,0.3327709328239824,0.449378978066,,,1.17858974922,2.2587607389,,,,,,0.644031189095,,,,,,,,,,1.50390053621,0.286709174836,,,,,0.312479739783,-0.954189961279,-4.87754060132,,,,,,,-0.187638032764,-0.243915982266,1.58764591429,,1.74006755914,,,,1.74128592014
HIPC03M,"DXO",ENSG00000204348,6.253693,-0.695734871863,,,-0.174958794828,2.0827780042699087,0.555943626039,,,2.12783498489,1.84786099492,,,,,,1.00128123732,,,,,,,,,,2.01376777284,2.39872050293,,,,,0.654152344669,1.56359768583,-4.85584924036,,,,,,,0.264224744691,-0.185686785354,1.65689350394,,1.15915331181,,,,
HIPC03,"DXO",ENSG00000204348,6.418551,-1.54252056262,,,1.29477299675,1.795385042582053,-2.09015619732,,,2.01730352869,1.50870532535,,,,,,0.927114708443,,,,,,,,,,1.43105972405,1.86015327522,,,,,-0.240883945951,0.916707492565,-5.13041705519,,,,,,,0.00383424012522,-0.264710638435,1.36424273122,,1.75185884278,,,,1.75424492359
HIPC04M,"DXO",ENSG00000204348,6.280826,-0.493241696833,,,0.21026830791,1.7537757693886866,-2.4338736522,,,2.16842413646,1.75670340161,,,,,,0.90633362215,,,,,,,,,,1.84516170196,2.49907383956,,,,,0.627202187059,1.70511204955,-4.72715261943,,,,,,,0.356573651436,-0.292644152485,1.62122337973,,1.04878254146,,,,
HIPC04,"DXO",ENSG00000204348,6.287376,-1.25782613357,,,1.44855176426,1.7005319538512913,-1.74601706635,,,2.06071027206,1.48462947106,,,,,,0.940853545337,,,,,,,,,,1.27732306029,1.8636621458,,,,,-0.235079657461,0.925595204152,-4.96615717083,,,,,,,0.0916905085991,-0.306811065812,1.32026761582,,1.70846639223,,,,1.71049630642
INFB01,"DXO",ENSG00000204348,16.799067,-0.117265175279,,,1.52557842236,1.3429028158463732,4.13563398079,,,0.0844389741204,1.81152084477,,,,,,1.22710774068,,,,,,,,,,1.90588113428,-0.276519189069,,,,,1.80139081898,-1.00283624403,-2.88066723461,,,,,,,-4.97263744693,1.29086887844,-2.49826669693,,0.836252028721,,,,0.836499750614
LEAN04B,"DXO",ENSG00000204348,29.533043,-4.56932492205,,,0.340090978775,-1.6215568091811698,-2.66531585991,,,0.171209210364,-0.956158083708,,,,,,-3.99371964637,,,,,,,,,,-2.41818101354,-2.40578535032,,,,,-4.06756932663,-5.25478301408,-6.31438555536,,,,,,,-1.60965498371,-2.83411490788,1.05356477948,,-1.63352369117,,,,-1.41939355688
LEAN04F,"DXO",ENSG00000204348,18.609524,-3.41997267618,,,-0.251843769946,-0.9531899275527876,-2.04992941493,,,-0.168153684323,-1.20791101132,,,,,,-2.97068735198,,,,,,,,,,-1.50285761579,-1.27169421926,,,,,-3.08325245493,-3.83629413274,-5.80554180971,,,,,,,-1.35284669475,-1.91722396237,0.798683225035,,-1.16327038141,,,,-0.925854912634
LEAN04M,"DXO",ENSG00000204348,17.072347,-3.35254344047,,,0.959688388672,-1.5363423657245852,-1.87395891869,,,0.543116092686,-0.00833053092623,,,,,,-2.95444172489,,,,,,,,,,-2.19984489667,-2.50347995025,,,,,-2.92989740883,-3.99430832101,-3.13693195203,,,,,,,-0.972085864578,-2.3642661213,0.757770014248,,-1.2793499382,,,,-1.22909769172
LEAN04,"DXO",ENSG00000204348,25.601244,-4.36019247894,,,0.732547478846,-1.7116130318668241,-2.37302411008,,,0.41259976119,-0.473396577666,,,,,,-3.84114193663,,,,,,,,,,-2.55887100005,-2.70617257219,,,,,-3.85652824756,-5.13383646896,-5.33433698654,,,,,,,-1.3589159643,-2.84930398858,0.943136636884,,-1.59064093107,,,,-1.43903943106
LEAN05B,"DXO",ENSG00000204348,24.465225,-4.49089288453,,,0.309598721948,-1.6443814553651623,-2.61901751679,,,0.123064997028,-1.02859043339,,,,,,-4.06485292849,,,,,,,,,,-2.40545643447,-2.35505971271,,,,,-4.10312201449,-5.28200982345,-6.29423873973,,,,,,,-1.58914673668,-2.85422152359,1.08740106633,,-1.64856424825,,,,-1.43128975601
LEAN05F,"DXO",ENSG00000204348,18.605636,-3.37189246037,,,-0.293914015498,-1.0182444822779302,-2.02204005065,,,-0.224972543471,-1.28044838869,,,,,,-3.05404214236,,,,,,,,,,-1.4974005356,-1.2500507066,,,,,-3.13902696457,-3.90126534173,-5.78694598203,,,,,,,-1.35192591807,-1.95390089233,0.838771912886,,-1.20459380622,,,,-0.975864467845
LEAN05M,"DXO",ENSG00000204348,14.914638,-3.29540279783,,,0.973578321821,-1.4943040761171253,-1.83841774122,,,0.542239666409,-0.0307729569651,,,,,,-2.97786384803,,,,,,,,,,-2.19779495079,-2.4593329403,,,,,-2.92726743988,-3.97061769941,-3.13117570775,,,,,,,-0.940415656334,-2.36131788363,0.765579866106,,-1.25478883896,,,,-1.18723177449
LEAN05,"DXO",ENSG00000204348,18.682166,-4.29711573192,,,0.716089210576,-1.7007406116505255,-2.320432548,,,0.381927443419,-0.534450870885,,,,,,-3.90395585629,,,,,,,,,,-2.56098888793,-2.66427906102,,,,,-3.89043355418,-5.14326555263,-5.32824560897,,,,,,,-1.33947774986,-2.86033448211,0.971818658931,,-1.59460613083,,,,-1.43071469239
LEAN06B,"DXO",ENSG00000204348,39.509718,-6.0080473213,,,1.60405146798,-1.1873763139651359,-4.81148808935,,,1.58985858747,0.364151403183,,,,,,-2.44831400965,,,,,,,,,,-1.88674265943,-2.2092523248,,,,,-3.12030124203,-5.14051806864,-7.57487064409,,,,,,,0.294683013146,-1.71136494918,0.24627942381,,0.265499593551,,,,0.262320953809
LEAN06F,"DXO",ENSG00000204348,22.748313,-4.88202494776,,,1.63345873179,-0.7176104643729917,-4.02596749209,,,1.54444519999,0.373315986023,,,,,,-1.42168779128,,,,,,,,,,-0.994024197235,-1.31837803067,,,,,-1.96443182381,-4.01491992173,-6.4745837678,,,,,,,0.154282089795,-0.910167737237,-0.437036957171,,0.616506596698,,,,0.481434890706
LEAN06M,"DXO",ENSG00000204348,19.749556,-4.06018961914,,,0.571764168323,-1.1828404438194737,-3.06810697917,,,0.678907832259,0.123399954889,,,,,,-2.54680782265,,,,,,,,,,-2.11740063691,-2.24047068637,,,,,-3.00389303208,-3.7285059816,-4.61885135662,,,,,,,0.33617487886,-1.91037551871,1.16561219003,,-0.444600221786,,,,-0.240251125397
LEAN06,"DXO",ENSG00000204348,27.636614,-5.69356903286,,,1.32254919039,-1.2855691234485334,-4.32527774564,,,1.32120956301,0.307014520123,,,,,,-2.73272754274,,,,,,,,,,-2.16551594589,-2.41096599282,,,,,-3.40874706014,-4.9794212243,-6.90678494683,,,,,,,0.387080810974,-1.99833103456,0.679334384212,,-0.0325851955584,,,,0.0662976545473
LONG05,"DXO",ENSG00000204348,7.328263,1.35475648457,,,2.71956018096,-1.1130087722321493,0.63312955286,,,1.04362091365,-1.03638724556,,,,,,-0.400830840001,,,,,,,,,,-0.791665894337,-0.190943422598,,,,,-1.17316699711,-0.842098273304,1.02575717108,,,,,,,-0.525274513107,1.52601097495,0.307914506154,,0.589225490652,,,,0.891043766627
LUPU01,"DXO",ENSG00000204348,52.160239,-3.30411192786,,,0.839266018229,-0.7644340696741981,-2.6146652938,,,1.23498223057,-0.454391862943,,,,,,-4.12675206042,,,,,,,,,,-2.0376577428,-1.56719864637,,,,,-0.140100499942,1.24696520582,-3.66207134254,,,,,,,1.00811580361,0.285155822675,-1.73715078831,,-0.79949490019,,,,-0.799576818943
MENO01F,"DXO",ENSG00000204348,7.934906,4.32342602206,,,-0.93157397506,1.093674069324352,3.62898696852,,,0.376933794318,-0.382023356883,,,,,,1.62897114118,,,,,,,,,,1.76031046332,1.36018726715,,,,,2.19306410975,1.70074216883,3.43120317373,,,,,,,0.828370003806,1.12336937747,1.14338613519,,0.711691181206,,,,
NEUR02B,"DXO",ENSG00000204348,6.238132,0.650905738896,,,-0.496919939776,-0.14073870801227517,0.606310688982,,,-0.951505501164,0.822317565438,,,,,,1.79687008558,,,,,,,,,,-0.634354028351,-1.18461706434,,,,,0.702163507919,-0.317325896493,2.07923072258,,,,,,,-0.307969794701,0.954552314997,1.12021693492,,0.162280816474,,,,-0.106556834517
PRSC01,"DXO",ENSG00000204348,65.481986,3.92764435623,,,7.96253415723,2.5453028637273114,-2.28129427751,,,9.70054409431,5.06315799333,,,,,,-0.512891841381,,,,,,,,,,4.8352100107,2.79447560323,,,,,2.60335553302,0.724565674248,-0.357333182962,,,,,,,3.46366094005,6.72760325053,2.15747493594,,5.59454892809,,,,5.26186577041
RHEU01,"DXO",ENSG00000204348,89.594995,7.84632829583,,,-1.7759237859,-22.202913458965366,0.106451374531,,,-13.7690484519,-16.5597234919,,,,,,-12.4901624947,,,,,,,,,,-11.3123301023,-10.1095952506,,,,,-15.7192589904,-4.90563826349,18.1803607212,,,,,,,-16.9588239266,-12.0381399343,0.140651811126,,-14.1587094481,,,,-14.1710315197
RHEU02,"DXO",ENSG00000204348,121.507980,7.64666770278,,,-1.12908876264,-22.202913458965366,0.106451374531,,,-13.2402560069,-17.1585919233,,,,,,-12.4901624947,,,,,,,,,,-11.3123301023,-10.0515248936,,,,,-15.7192589904,-5.31507656797,18.1803607212,,,,,,,-16.9558946478,-12.0443010009,0.140651811126,,-14.1587094481,,,,-14.1710315197
SCHI01,"DXO",ENSG00000204348,7.972080,0.886930749187,,,-1.08070656857,0.2652516445224819,1.75692615331,,,-2.17460504355,-1.53981462321,,,,,,0.0361290686929,,,,,,,,,,-0.426849996868,-1.62239440803,,,,,-0.909861281043,-0.825017789916,1.65130158489,,,,,,,-1.54094866048,-1.97007876879,-0.00614127796143,,-1.02273873809,,,,-1.02153718472
SCHI02M,"DXO",ENSG00000204348,7.037465,1.47151105325,,,-0.0608102449383,0.26596829228562147,1.73706113593,,,-0.670203418332,0.178271490756,,,,,,1.40511426357,,,,,,,,,,0.36738419077,-1.46369370613,,,,,0.349600162608,0.227933518628,1.55437907898,,,,,,,-0.56236700865,-0.755588122483,-0.227544978261,,-0.140542264568,,,,-0.142227888107
SCHI02,"DXO",ENSG00000204348,7.615073,1.27783967064,,,-1.11155244358,0.4006797852694445,1.74040460745,,,-1.85461996919,-1.18721514952,,,,,,0.342651496464,,,,,,,,,,-0.277057213824,-1.1651003087,,,,,-0.518000965599,-0.313177147196,1.84561574438,,,,,,,-1.39351306558,-1.53237609503,-0.123387821019,,-0.944319325903,,,,-0.944332063198
SCLE01,"DXO",ENSG00000204348,0.487849,1.65997242928,,,,6.408456802368163,,,,,,,,,,,-7.22715950012,,,,,,,,,,-0.983828186989,-0.442958996799,,,,,0.116697214544,,,,,,,,,-0.643034196025,,2.15464019775,,,,,,
TRGL03,"DXO",ENSG00000204348,13.936254,0.773755022406,,,-2.96310724755,-2.5706110364151646,-0.196852158809,,,-2.87618019761,-1.51643295211,,,,,,0.147309397614,,,,,,,,,,-1.84796981091,-0.788233267964,,,,,-1.23475246109,0.138580721528,3.48845973939,,,,,,,-1.48461516732,-1.18469398201,-1.80306495629,,-2.3666647368,,,,-2.36927294731
ULCC01,"DXO",ENSG00000204348,27.052067,0.99394184811,,,2.15224776911,1.661904974146172,4.33766643779,,,0.23607982094,2.22422475564,,,,,,0.868898964178,,,,,,,,,,2.54226430862,3.69738869008,,,,,2.26866333923,1.48960692885,-1.58735158386,,,,,,,-4.9721147324,0.801026881949,-4.30524635315,,0.957291013644,,,,0.957926154137
WEIG04F,"DXO",ENSG00000204348,8.074518,-2.06943021983,,,-1.31450225984,0.012961808666229585,-1.6812287001,,,0.165353462094,1.48320960655,,,,,,-0.379160541487,,,,,,,,,,-1.44199943235,0.260220679031,,,,,-0.698563428908,-2.69015482485,-4.24019231438,,,,,,,-0.621066006692,-1.07679069604,2.17735096209,,-0.718557242859,,,,-0.72491723299
WEIG04M,"DXO",ENSG00000204348,6.785686,-0.730946865541,,,1.00262703143,0.6906972745061338,0.383679708695,,,-0.0469664863063,1.29896872271,,,,,,0.734580703886,,,,,,,,,,0.591629597131,1.05691180975,,,,,0.0906766681433,-1.98882095642,-4.45893824348,,,,,,,-1.76008235084,0.266541081222,1.20496822403,,1.47622485536,,,,1.47668361664
WHIP05,"DXO",ENSG00000204348,5.721452,1.88780100856,,,-0.791199909471,-0.5055825004331803,-0.826552887115,,,-0.019389969074,-0.791111924949,,,,,,0.975780588727,,,,,,,,,,1.72367523757,-1.30318052934,,,,,0.984541829228,0.987459571671,3.24448247072,,,,,,,0.709540723207,1.4293772283,-0.920605319473,,1.04450491167,,,,1.04816162586
WHIP06,"DXO",ENSG00000204348,5.733627,1.66489558687,,,-0.641870102344,-0.631065688168323,-1.05148815709,,,-0.0956141658958,-0.911938332445,,,,,,0.81705052041,,,,,,,,,,1.71329668602,-1.50806620459,,,,,0.976273688201,0.987759043445,3.34265238952,,,,,,,0.711861888146,1.33842679227,-1.06067179876,,1.02345681209,,,,1.02806341648
