code,target,ENSEMBL,association,Adipose_Subcutaneous,Adipose_Visceral_Omentum,Breast_Mammary_Tissue,Muscle_Skeletal,DGN_Whole_Blood,Whole_Blood,Artery_Aorta,Artery_Coronary,Artery_Tibial,Heart_Atrial_Appendage,Heart_Left_Ventricle,Spleen,Brain_Amygdala,Brain_Anterior_cingulate_cortex_BA24,Brain_Caudate_basal_ganglia,Brain_Nucleus_accumbens_basal_ganglia,Brain_Putamen_basal_ganglia,Brain_Cerebellar_Hemisphere,Brain_Cerebellum,Brain_Cortex,Brain_Frontal_Cortex_BA9,Brain_Hippocampus,Brain_Hypothalamus,Brain_Spinal_cord_cervical_c-1,Brain_Substantia_nigra,Nerve_Tibial,Cells_Transformed_fibroblasts,Cells_EBV-transformed_lymphocytes,Colon_Sigmoid,Colon_Transverse,Esophagus_Gastroesophageal_Junction,Esophagus_Mucosa,Esophagus_Muscularis,Liver,Minor_Salivary_Gland,Small_Intestine_Terminal_Ileum,Stomach,Adrenal_Gland,Pituitary,Pancreas,Thyroid,Lung,Ovary,Prostate,Testis,Uterus,Vagina,Skin_Not_Sun_Exposed_Suprapubic,Skin_Sun_Exposed_Lower_leg
BFPC04B,"RPS6KB2",ENSG00000175634,4.706129,3.25789735718,3.59869806489,4.48445171866,4.771251308,4.852773227711725,,4.42346846758,,4.54084210044,4.77161684507,4.79885884611,,,,,2.72931698653,,,,,,,,,,4.80201708025,4.92495906072,,4.15912859838,3.99152305804,4.65457008766,4.11757335812,4.68261548111,4.88261021297,,,3.93778365499,4.19809172133,,4.89491702924,4.82663144945,2.00916346735,,1.222295245,5.41985517258,,,2.83415576502,2.66375039194
BFPC04,"RPS6KB2",ENSG00000175634,4.561220,3.19871880597,3.28488875109,4.49322471135,4.50627981731,4.6097094644022825,,4.14134107325,,4.33617770662,4.55601069258,4.55785210561,,,,,2.69833022173,,,,,,,,,,4.56249354741,4.67142332706,,3.86946270135,3.66043965395,4.37518192071,3.85955254882,4.39397786011,4.64150727018,,,3.70322782334,3.96818366278,,4.67595253596,4.59009524116,1.61739882749,,1.11067962755,5.187364931,,,2.77670194263,2.64343817761
BLOO02,"RPS6KB2",ENSG00000175634,7.087991,-3.86116309348,-2.84702922128,-4.76566845105,-4.32971522849,-4.560155129408448,,-4.40072018316,,-3.85336731415,-4.41798564329,-4.57103417694,,,,,-3.56484933691,,,,,,,,,,-4.57868568582,-4.51357082777,,-4.3837376171,-3.71224165507,-3.52581876463,-1.71678567029,-4.30282243336,-4.44751100651,,,-4.07142624463,-4.39596229372,,-4.34942662321,-4.53803388025,-1.79681385871,,-1.55550764037,-4.16076310756,,,-3.45850727345,-1.12927691999
BLOO05,"RPS6KB2",ENSG00000175634,5.989785,-2.94186365741,-1.5119172438,-1.30471621504,-1.4819435591,-1.3410481512726766,,-1.28632599776,,-2.20501904137,-1.81277837126,-1.53187538045,,,,,-3.60954254107,,,,,,,,,,-1.49122172799,-1.41777204201,,-1.94782896472,-2.17108154776,-0.936519931972,-0.358231431915,-1.63776656061,-1.51927125677,,,-1.73536738362,-0.93755294399,,-1.18456965797,-1.47537233536,-1.80982342508,,-0.0620902933833,-0.952748444743,,,-1.54470050211,-1.82763508484
BLOO26,"RPS6KB2",ENSG00000175634,23.512466,8.82728913452,6.89296548618,10.0118600974,9.29019727198,9.424185774526785,,8.97390463796,,9.05291464233,9.31409520919,9.50957984057,,,,,9.22852968726,,,,,,,,,,9.4255119235,9.44485127455,,8.85370835221,8.21890919268,7.60256557721,5.63579379688,8.97747101062,9.41133538586,,,8.75340967951,8.29134952342,,8.71622547818,9.46559768348,3.90014408387,,0.894006825939,8.61124308001,,,6.23101123553,5.61789886396
BLOO27,"RPS6KB2",ENSG00000175634,22.572043,8.70677099379,6.76868971063,10.0264294128,9.40800475409,9.509889916568573,,9.04500452629,,8.78310547464,9.22798858236,9.59714144565,,,,,8.98028543993,,,,,,,,,,9.48158889188,9.51994749299,,8.84222288967,8.04188542033,7.6973081438,6.36901870462,8.96308449325,9.45214585955,,,8.78236439778,8.43540336542,,8.80187806473,9.52413369963,3.86198124737,,0.728700036071,8.81371243748,,,6.8014828978,5.99178300217
FATM02,"RPS6KB2",ENSG00000175634,6.101083,1.84164279964,1.58950250516,2.82212758525,2.94495542759,3.065444523199156,,2.9257669056,,2.58106740534,2.91067473014,3.01411932254,,,,,1.08291680138,,,,,,,,,,3.05752140142,3.0718289862,,2.35906370459,1.9675380206,2.8892999509,2.961828421,2.76985591228,3.00912032476,,,2.18850305727,2.79322849067,,3.3592382481,3.05149891069,0.208487729076,,1.18512701172,3.4747692242,,,1.20614444066,1.58413855362
FATM04B,"RPS6KB2",ENSG00000175634,9.401669,2.76343674784,3.35998713211,3.94280990627,4.73601896302,4.748491825638346,,4.52267488295,,4.51746265796,4.73408561817,4.64405347262,,,,,1.47629363828,,,,,,,,,,4.68239374649,4.80922427419,,3.74761076703,3.75178378303,4.81277901814,4.67066436745,4.59097345326,4.79927341662,,,3.47399201868,4.32555147023,,4.79370581276,4.73792925199,1.75827169345,,2.00961170363,5.46892921299,,,2.2861548343,2.84869007991
FATM04M,"RPS6KB2",ENSG00000175634,6.171095,2.14663448477,3.66350225077,2.97040596906,4.62379417355,4.63561002450007,,4.67895045711,,4.12785012242,4.41496278687,4.55136570757,,,,,0.963683282895,,,,,,,,,,4.58521910993,4.70399654467,,3.98764578737,4.1586059432,4.97055918655,4.42023729453,4.61891261579,4.63875774725,,,3.56379554382,4.30376195012,,4.52969871806,4.59683574876,2.83957099448,,1.89558894636,4.88122322344,,,2.02216360992,2.49537937149
FATM04,"RPS6KB2",ENSG00000175634,9.872247,2.63416577866,2.95590347738,3.83383084827,4.36940897367,4.398260463689151,,4.11992428281,,4.25200535058,4.42490047581,4.29767729164,,,,,1.45751443901,,,,,,,,,,4.33608410793,4.44974341107,,3.39394488732,3.34204730663,4.40516423545,4.32762498327,4.20363895077,4.45440751988,,,3.17419105746,3.9731284749,,4.46560987344,4.3954967548,1.28576492461,,1.88601374281,5.15435441045,,,2.1176093911,2.7521352681
LEAN04B,"RPS6KB2",ENSG00000175634,11.505386,-0.25133035229,-0.647069994086,1.41549363321,1.00175910299,1.0979422741984504,,1.39233171686,,0.857425660082,1.14988405218,1.00325563913,,,,,-1.42477218146,,,,,,,,,,1.05517440733,1.07596565354,,0.41531940741,-0.256018859226,1.41615553384,2.28943724708,0.671737482196,1.03041352239,,,0.202051023422,1.49504513644,,1.19906604404,1.05868880964,-1.72648962197,,1.11610182599,1.6833458883,,,0.291692909931,1.22871690197
LEAN04F,"RPS6KB2",ENSG00000175634,6.143199,-0.194641698902,-1.06456403444,0.923622257927,0.312107307976,0.32881836762495953,,0.530559766335,,0.613641577789,0.450647964458,0.27730223355,,,,,-0.806693799264,,,,,,,,,,0.295271856916,0.345669695274,,-0.0722687338014,-0.531269823177,0.319980321832,1.11285953928,0.0643511127157,0.278809193067,,,-0.0383181911624,0.463437684096,,0.235491807372,0.290326679298,-1.46120294931,,0.86887965732,0.799585916584,,,-0.386032752145,1.02027837563
LEAN04M,"RPS6KB2",ENSG00000175634,8.577558,-0.175756367598,0.333003582691,1.22927571661,1.34404423157,1.4916734186430842,,1.73384565673,,0.66929906106,1.41448493351,1.39508576308,,,,,-1.41127828115,,,,,,,,,,1.46237900089,1.42918736875,,0.838418280068,0.284421043679,2.0682260467,2.52174507863,1.10311352541,1.4414265815,,,0.410016712737,2.00969064528,,1.79794143696,1.47557605245,-1.03053897766,,0.773613870027,1.87977625402,,,1.05721731691,0.76345916451
LEAN04,"RPS6KB2",ENSG00000175634,11.926868,-0.181324367026,-0.258475440174,1.50862390524,1.32299219276,1.4577931939539104,,1.75420582824,,0.904803657894,1.45329807712,1.36192125668,,,,,-1.43580065521,,,,,,,,,,1.42764331796,1.40592062559,,0.742579719496,0.0206430066892,1.95000698478,2.5904295043,1.00423214914,1.39502351232,,,0.395669874635,1.91138818486,,1.69792966006,1.43285095208,-1.61297993353,,0.951680774285,2.0417807799,,,0.742446547323,1.13811976605
LEAN05B,"RPS6KB2",ENSG00000175634,11.390640,-0.200847302166,-0.647767900493,1.43955390432,1.0454815047,1.1412202060758856,,1.38483719305,,0.969560395465,1.20149542208,1.0511370801,,,,,-1.32930464373,,,,,,,,,,1.10046923739,1.11293336222,,0.414725240173,-0.204674609508,1.45106242722,2.31097425594,0.755103073592,1.0719269596,,,0.242004568689,1.49732294413,,1.26361136611,1.10350406587,-1.50922762546,,0.945506779581,1.7161185662,,,0.304843714479,1.22709116406
LEAN05F,"RPS6KB2",ENSG00000175634,6.214421,-0.11038474665,-1.03609096165,0.966570340246,0.395731923829,0.41027519089409675,,0.547030986804,,0.763960010053,0.535404591986,0.364226804385,,,,,-0.676702831966,,,,,,,,,,0.378967124964,0.419365076988,,-0.0439927321487,-0.437661412986,0.396165334559,1.16236568643,0.195114890315,0.35876024702,,,0.0449334523341,0.495787139073,,0.339797978237,0.37357903443,-1.16343706054,,0.67362607354,0.868557586061,,,-0.3285412616,1.05185538555
LEAN05M,"RPS6KB2",ENSG00000175634,8.154765,-0.204797876034,0.298388337551,1.21905168041,1.31465946176,1.465698636221579,,1.70981203853,,0.662068433942,1.39772490376,1.36906413752,,,,,-1.43215024601,,,,,,,,,,1.43665094183,1.40231444819,,0.804660370861,0.24896237417,2.03944612997,2.5078535429,1.07728396235,1.41422616578,,,0.36707302389,1.98329567298,,1.78066113756,1.44973999881,-1.06378308819,,0.745687209371,1.85392556889,,,1.00974139138,0.718472078016
LEAN05,"RPS6KB2",ENSG00000175634,14.863914,-0.168398088941,-0.277193891311,1.53166184937,1.33447622638,1.4719535599194744,,1.74323235782,,0.969657714013,1.47581282849,1.37885333224,,,,,-1.38668673801,,,,,,,,,,1.44358830992,1.41648905313,,0.721962228438,0.0346248819999,1.96313335991,2.60554857161,1.04342974702,1.40732992828,,,0.39508506683,1.90071840669,,1.73273546244,1.44877437814,-1.49524522879,,0.843956260811,2.04965304966,,,0.725763289663,1.12543082731
LEAN06B,"RPS6KB2",ENSG00000175634,21.488852,0.280396544169,0.483458267034,1.79866364875,2.08716704929,1.9795869890081854,,2.1243892268,,1.91507007839,2.25087758311,1.8254547704,,,,,-1.74470629906,,,,,,,,,,1.90294804368,1.98116479926,,0.881106112191,0.766157716432,2.41809060703,3.45636996314,1.71935186435,2.08219345846,,,0.651574847655,2.23953742007,,1.90618531618,1.9945710982,-1.00013853246,,1.72069428314,3.17706504087,,,0.471468551634,1.7161579949
LEAN06F,"RPS6KB2",ENSG00000175634,10.119804,-0.254335627679,-0.518085367856,0.972962330728,0.707232824598,0.5608964861560675,,0.501711279451,,0.950957730964,0.883194303023,0.457493516552,,,,,-1.33885307345,,,,,,,,,,0.505250674025,0.567083530946,,-0.177277507531,-0.320554183009,0.658253763629,1.9816393625,0.36289563981,0.671994661454,,,-0.147900143026,0.702677057929,,0.588941151854,0.588787822553,-1.66749821457,,1.09312692346,1.84651727701,,,-0.424753816322,0.99443619211
LEAN06M,"RPS6KB2",ENSG00000175634,13.374842,0.941619731846,1.75407083944,1.97910400202,2.95753976834,2.976906682507654,,3.35228659962,,2.2411150518,3.00064751704,2.83811886555,,,,,-1.30958458829,,,,,,,,,,2.91437572184,2.97039772279,,1.99223307637,1.99340116362,3.67866348553,3.62972705233,2.77977961316,3.00292013861,,,1.49653827491,3.2625220004,,2.78965942555,2.96218855291,0.663362623041,,1.64163338439,3.29820371035,,,1.58280909291,1.78266590166
LEAN06,"RPS6KB2",ENSG00000175634,18.544774,0.521330429529,0.929339364654,1.92390148721,2.55797239397,2.5108529576277343,,2.77176304979,,2.10845066263,2.69423376741,2.35110200411,,,,,-1.85312208084,,,,,,,,,,2.43682522979,2.50342631236,,1.37764919826,1.26231625839,3.13981515446,3.70711367764,2.24813617789,2.58218704273,,,0.986172748846,2.80089503718,,2.39629181695,2.51426618275,-0.520928604836,,1.79506857249,3.462922835,,,0.876889809853,1.83452968178
