code,target,ENSEMBL,association,Adipose_Subcutaneous,Adipose_Visceral_Omentum,Breast_Mammary_Tissue,Muscle_Skeletal,DGN_Whole_Blood,Whole_Blood,Artery_Aorta,Artery_Coronary,Artery_Tibial,Heart_Atrial_Appendage,Heart_Left_Ventricle,Spleen,Brain_Amygdala,Brain_Anterior_cingulate_cortex_BA24,Brain_Caudate_basal_ganglia,Brain_Nucleus_accumbens_basal_ganglia,Brain_Putamen_basal_ganglia,Brain_Cerebellar_Hemisphere,Brain_Cerebellum,Brain_Cortex,Brain_Frontal_Cortex_BA9,Brain_Hippocampus,Brain_Hypothalamus,Brain_Spinal_cord_cervical_c-1,Brain_Substantia_nigra,Nerve_Tibial,Cells_Transformed_fibroblasts,Cells_EBV-transformed_lymphocytes,Colon_Sigmoid,Colon_Transverse,Esophagus_Gastroesophageal_Junction,Esophagus_Mucosa,Esophagus_Muscularis,Liver,Minor_Salivary_Gland,Small_Intestine_Terminal_Ileum,Stomach,Adrenal_Gland,Pituitary,Pancreas,Thyroid,Lung,Ovary,Prostate,Testis,Uterus,Vagina,Skin_Not_Sun_Exposed_Suprapubic,Skin_Sun_Exposed_Lower_leg
BLOO03,"CRLF3",ENSG00000176390,9.143483,-4.46317728555,-5.39014432974,-3.13875897333,-0.711965066535,-4.623700485538231,-4.35255971505,-4.63800820886,,-5.10189920128,-2.57829706362,-5.03213163741,-3.67204463608,,-4.37290473954,,-3.45167841087,,-2.82018449492,-4.04833466305,,-5.00711363851,,,,,-3.98556400981,,,-3.72593594308,-4.39047724047,-4.44910562744,-1.71652510371,-4.4932952554,,,,-2.18898613977,,-2.59836156735,-4.00439234232,-3.39506237659,-4.23857773403,-2.01926826837,,-4.22901940013,,,-1.27859971155,-1.68723343612
BLOO19,"CRLF3",ENSG00000176390,5.907701,-2.60567244051,-1.86300948041,-1.56189193188,-2.77950501811,-0.388401917567185,-0.352598652925,-1.92114331576,,-2.24640392477,-2.45321085564,-0.438475690701,-1.89760873843,,-2.00001235503,,-3.87488791089,,-3.0881068296,-2.30690103365,,-0.714636979896,,,,,-1.94572975065,,,-4.33158347383,-2.19498775239,-2.02303637453,-2.36670439239,-2.01321776596,,,,-3.56008956898,,-4.09439081103,-3.0142515555,-2.44723721405,-2.18127591645,-3.30957127932,,-2.77926236878,,,-4.40378737991,-4.01261370481
BLOO26,"CRLF3",ENSG00000176390,17.681457,-5.38285217388,-5.17305179546,-4.58852203911,1.05430864539,-6.571790590140777,-6.15243056701,-5.27638889606,,-5.72238378603,-1.76098597141,-7.31346323032,-4.58308917409,,-5.82810117329,,-2.58401529816,,-2.24166659298,-4.68918359048,,-6.53676976693,,,,,-4.59396006885,,,-3.39942635341,-6.19149057935,-5.53941655847,-1.19971662884,-5.7317688971,,,,-1.78337489984,,-2.38478483591,-4.22069899014,-2.90484380662,-5.30820023937,-2.38088121517,,-4.37147120247,,,0.560513845131,-1.17609928971
BLOO27,"CRLF3",ENSG00000176390,19.065896,-5.28482567506,-4.77713037064,-4.53225261885,0.593284852731,-5.856428918110568,-5.56872150303,-4.68614271704,,-5.43724068178,-2.15183835208,-6.89564690941,-3.98429481013,,-5.34820582925,,-2.34176232155,,-2.13040498753,-4.79875327442,,-5.83175828366,,,,,-4.45783454114,,,-3.43457415427,-6.43045641015,-5.13879381109,-0.737528611439,-5.25899047897,,,,-1.51651853369,,-2.53118279814,-4.39420766379,-2.43277172926,-4.99600164414,-2.53637207361,,-4.07587599575,,,0.631784314355,-1.63329160627
BLOO29,"CRLF3",ENSG00000176390,5.377165,-3.17138079116,-1.07474994054,-1.13053671671,0.425865895083,-1.0841768877345253,-1.8954974165,-3.45758344533,,0.357591534421,-3.85805937359,-1.59325557522,-3.07345048376,,-3.27712674563,,-2.30048230111,,-3.3187202124,-4.51799954646,,-1.84471437856,,,,,-5.20462916623,,,-3.82942335037,-1.94195016844,-1.37793757841,-0.876668309061,-4.43095682986,,,,-4.53862275808,,-3.29724962851,-1.2354554242,-2.14531691643,-3.42551952432,-4.49637676572,,-2.497419022,,,-3.20062838363,-4.19585938843
BLOO32,"CRLF3",ENSG00000176390,4.506333,-3.04441101366,-1.42555140598,-3.22587819374,-2.80175769705,-0.40911939997575303,-0.272131379806,-1.28800405005,,-1.80946663816,-2.05979319748,-0.344164483935,-1.32245481982,,-2.10283837054,,-4.18233450535,,-3.23744163553,-3.43284669109,,-0.590124470676,,,,,-2.39280619793,,,-4.80080627011,-2.4198579968,-1.89006899145,-1.8475703335,-2.67038774763,,,,-3.62418088929,,-4.89602551019,-3.74236632841,-1.6030577702,-2.51336869608,-3.90808581433,,-2.74448906898,,,-4.74843810768,-4.56486049775
FATM04F,"CRLF3",ENSG00000176390,7.457772,-3.33406095004,-0.809441590009,-1.42626616469,-1.48894397571,-2.4419603601124966,-2.14668417104,-2.71858625603,,-2.33429310271,-3.11388163219,-1.41874193004,-1.35528618289,,-2.84128677199,,-3.66049372834,,-3.4254764808,-3.22262783087,,-2.77895109064,,,,,-3.13789648588,,,-4.38059948802,-2.38430741521,-2.43269179716,-1.99615322934,-2.75204843175,,,,-3.05284453243,,-2.78271608948,-2.68753409013,-3.60666980313,-3.19664348319,-2.86872165673,,-3.50049119499,,,-3.11211346206,-2.24976189641
HEIG03,"CRLF3",ENSG00000176390,14.116009,-3.80023911547,-2.76494741391,-1.88569124262,-4.02555550869,0.3140565059285365,-1.49453112198,-3.22280706295,,-1.08643473818,-4.51351400927,-0.0366045225159,-1.26972855445,,-3.13219470414,,-3.92013372442,,-3.53797598355,-3.80777769022,,-1.03955543865,,,,,-3.12288418442,,,-5.11574247676,-3.15623566354,-2.63351528412,-3.87332236551,-4.38079676833,,,,-6.992869135,,-4.87826873934,-2.01031518188,-3.16323087022,-3.47440404132,-4.86592636958,,-3.90279600227,,,-6.58698486821,-5.98340084996
HEIG04F,"CRLF3",ENSG00000176390,7.910978,-1.73149184242,-1.61044537737,-0.837933717674,-2.98960337845,-0.17846926290681,-0.92510337169,-1.72971301986,,-0.615419808652,-2.80112281383,-0.135296733013,-0.926760606911,,-1.88614442846,,-1.64690160133,,-2.02352135249,-1.7714173492,,-0.939312203362,,,,,-1.56146624105,,,-2.33378816043,-1.41602420328,-1.34967026534,-1.72725033863,-2.51057345852,,,,-4.2182585756,,-2.13032619958,-0.563048037875,-2.95733737908,-1.75467732271,-2.37521438637,,-2.35986271125,,,-3.81110724185,-2.8149816795
HIPC03,"CRLF3",ENSG00000176390,8.437457,-1.92367726813,-1.66946126169,-2.2423602172,-2.57077915455,-0.4132862622576176,-1.75890122333,-2.09698061641,,-1.14811956622,-3.14348498329,-0.738601812267,-0.762946961137,,-2.22687822631,,-1.49458005944,,-2.5746978808,-2.83233902112,,-0.813408343253,,,,,-2.4693378817,,,-2.73943555457,-2.2323115416,-1.64156871091,-1.67052938795,-3.04333704017,,,,-4.10124155532,,-2.70266878162,-1.11279317783,-0.844397295332,-1.9966585534,-3.1692557382,,-2.23429048353,,,-3.5632953508,-3.56825319992
HIPC04,"CRLF3",ENSG00000176390,8.607198,-1.87576241417,-1.63683283099,-2.1864387049,-2.50666727625,-0.40399208851926993,-1.71503656399,-2.03981252898,,-1.12551906084,-3.34857977994,-0.720182037164,-0.747481105083,,-2.20261632327,,-1.45730723559,,-2.50161223285,-2.74865394785,,-0.793122990019,,,,,-2.44086314531,,,-2.6511951284,-2.18105026597,-1.59297686013,-1.63344610574,-2.97194096253,,,,-3.99230172954,,-2.6352678524,-1.08152476421,-0.798706400827,-1.94979363486,-3.09419478777,,-2.17802910261,,,-3.48305659694,-3.4792657451
LEAN04B,"CRLF3",ENSG00000176390,18.379583,-5.62205274884,-4.26932890354,-2.83184924229,-6.03920087412,-1.3222524488267309,-2.38062867691,-4.05553260218,,-3.93272784529,-5.47531604991,-1.50115075526,-3.71801518854,,-5.47181049921,,-6.91412339751,,-5.46479611821,-6.22480891992,,-2.38447082837,,,,,-8.19337729031,,,-8.68479278983,-4.31551800319,-3.5633270013,-4.48307483185,-5.88855869935,,,,-7.63809819544,,-6.59763066822,-4.85862021879,-5.08400890066,-5.17863648195,-6.122583767,,-5.49859581796,,,-7.04782864076,-7.07761183494
LEAN04F,"CRLF3",ENSG00000176390,12.403260,-4.53638921933,-3.40062362974,-2.09432833146,-4.78391714057,-1.7405265404858956,-2.11017995235,-3.49916169088,,-3.34880251634,-3.81594563729,-1.96430636588,-3.7006556807,,-4.28655722363,,-5.46091526588,,-4.09299202625,-5.10064710312,,-2.53273985264,,,,,-6.52354491062,,,-6.17067915237,-3.70536060287,-2.62523082183,-2.59705850418,-4.55328910918,,,,-5.25800342081,,-4.73930903122,-3.93038749985,-3.4200931058,-4.23969178275,-4.24107523086,,-4.53021566678,,,-4.61780259277,-4.64680593237
LEAN04M,"CRLF3",ENSG00000176390,10.083478,-3.67323435429,-2.84531503397,-2.11564072919,-4.0582088926,0.07413735933748225,-1.29010635358,-2.33317236383,,-2.32471537579,-4.41433248256,0.0661096164707,-1.45642946286,,-3.75232096662,,-4.68023205212,,-4.00467057281,-3.95369158216,,-0.7094159334,,,,,-5.472659277,,,-6.83318369086,-2.50915965091,-2.67844332371,-4.34065330768,-4.1207779587,,,,-6.24877921558,,-5.12336399931,-3.16013142035,-4.26819742163,-3.29584504924,-4.97411549539,,-3.4614963483,,,-6.09209911393,-6.1026279349
LEAN04,"CRLF3",ENSG00000176390,15.126988,-5.21136692459,-3.93636842026,-2.82424677235,-5.73069547689,-0.7207779928824786,-2.01865240136,-3.58268304925,,-3.45328577926,-5.59148784481,-0.774754326979,-2.83838204421,,-5.12987406379,,-6.59799872041,,-5.44078810282,-5.71738466097,,-1.71794350185,,,,,-7.65572124224,,,-8.67480417152,-3.76660492441,-3.46188400974,-4.87227924063,-5.57365557089,,,,-7.75437681517,,-6.54481737073,-4.45331100205,-5.16187510302,-4.69928817281,-6.2238972169,,-4.98873716549,,,-7.34206633416,-7.36955044783
LEAN05B,"CRLF3",ENSG00000176390,23.670643,-5.67969068654,-4.20457551131,-2.82539073338,-6.2003375754,-1.3338147574709491,-2.41271751935,-4.19125927681,,-3.92774642505,-5.59775805816,-1.43034430097,-3.79601980094,,-5.53265047545,,-6.97119528876,,-5.54286797658,-6.26827504298,,-2.42674259357,,,,,-8.09568422557,,,-8.73824546782,-4.29171104871,-3.56477937881,-4.51773015935,-5.95199999594,,,,-7.77416428029,,-6.67845573902,-4.8896090797,-5.10658730667,-5.24266842415,-6.1412580036,,-5.55489112213,,,-7.15552509083,-7.12097126032
LEAN05F,"CRLF3",ENSG00000176390,13.075240,-4.62874964289,-3.36281598817,-2.08798955325,-4.99751777619,-1.7533728473361532,-2.1557178633,-3.67928358254,,-3.33668094902,-3.96335893122,-1.88320983573,-3.81677399637,,-4.38341056842,,-5.54550154079,,-4.17142251503,-5.1669159865,,-2.58720712572,,,,,-6.41950603544,,,-6.25594385698,-3.69142639292,-2.63217152122,-2.66841858304,-4.65226648221,,,,-5.45246835282,,-4.87042794944,-3.99641129717,-3.47004942489,-4.34317356857,-4.28606680919,,-4.60850120193,,,-4.78012199052,-4.72171590287
LEAN05M,"CRLF3",ENSG00000176390,11.048148,-3.66085431374,-2.79383299127,-2.12371071229,-4.06356166481,0.0787430999213971,-1.28631202399,-2.32992939041,,-2.3410033539,-4.44888761855,0.0866842383264,-1.43107458491,,-3.74063931878,,-4.68263093451,,-4.052583462,-3.9527760869,,-0.704880567416,,,,,-5.46609111106,,,-6.84357641106,-2.49360786089,-2.68424517648,-4.32941096024,-4.11305028898,,,,-6.25148766572,,-5.10917031759,-3.13494997029,-4.26029798223,-3.27709491768,-4.97036209776,,-3.46463722509,,,-6.09082342856,-6.10918659072
LEAN05,"CRLF3",ENSG00000176390,12.721841,-5.23879301882,-3.87757497885,-2.81771651693,-5.82915790263,-0.7100291851679646,-2.01867145317,-3.65299967623,,-3.45395589869,-5.66660679431,-0.707574276952,-2.87158125665,,-5.15139489029,,-6.64200886343,,-5.50709266666,-5.74094696219,,-1.72740590933,,,,,-7.59658226196,,,-8.71734369426,-3.74255988148,-3.45852494748,-4.8933793048,-5.60617167554,,,,-7.83612050343,,-6.59107876569,-4.46814522097,-5.18059359224,-4.72427352457,-6.23702142835,,-5.0116570045,,,-7.40741965957,-7.3974362876
LEAN06B,"CRLF3",ENSG00000176390,15.158340,-7.08504729306,-4.86149324221,-3.73360582804,-6.51997375117,-2.059445583265533,-3.36490966179,-5.44176697153,,-5.11711283617,-6.916584279,-1.96751612402,-4.59925606197,,-7.00515035483,,-8.67223780091,,-6.80257370277,-7.16042446483,,-3.35835732166,,,,,-9.34487341302,,,-10.9953322621,-5.44479371365,-4.68692794805,-5.982000876,-7.35146584074,,,,-9.43081329546,,-8.22631826661,-5.68529703165,-6.83721846513,-6.87153105139,-7.79941436112,,-7.15647534417,,,-9.22863058664,-8.82774601588
LEAN06F,"CRLF3",ENSG00000176390,15.885356,-6.46180277318,-4.22906838548,-3.33268019451,-4.93315697801,-2.8213603909371954,-3.56752686527,-5.00329526197,,-4.97115277769,-5.28080072243,-2.62408551575,-4.28767291393,,-6.06851163205,,-7.44158469375,,-5.27548216288,-6.23251374447,,-3.79521547844,,,,,-7.19988829173,,,-8.98457140312,-5.36811329197,-4.52864216853,-4.32258851797,-6.2915607936,,,,-7.13016492571,,-6.61006782408,-5.29130219833,-5.80255738864,-6.25075898494,-6.36800403407,,-6.47117969677,,,-7.10849558069,-6.54196795858
LEAN06M,"CRLF3",ENSG00000176390,11.910413,-3.68677931886,-2.85217466445,-2.05772355573,-4.98606700067,0.4110665180588279,-0.96610630136,-2.7664287676,,-2.18863805979,-5.20945459329,0.277077514269,-2.24313381359,,-4.14535848305,,-5.24507191884,,-4.99305063131,-4.18864426023,,-0.59664036205,,,,,-6.93922147797,,,-7.35368738184,-2.20433511417,-2.04351723278,-4.88298114286,-4.47016835788,,,,-7.21220790341,,-5.67900908679,-2.78915776288,-4.23263541282,-3.59923720339,-5.2284787143,,-3.81057239217,,,-6.85213470005,-6.95902774894
LEAN06,"CRLF3",ENSG00000176390,30.317467,-6.32928832665,-4.43596355871,-3.43605606183,-6.53233956489,-1.2311533231545202,-2.69265869344,-4.84905622588,,-4.3431409131,-6.93235895227,-1.16976101715,-3.98976297591,,-6.490568447,,-8.06000536454,,-6.77047179542,-6.62048142825,,-2.50356733962,,,,,-9.26326328599,,,-10.5087964172,-4.50465762311,-3.99971667554,-6.13797152484,-6.85678158746,,,,-9.48146238913,,-7.93077172019,-4.94956289157,-6.40363460663,-6.13936823658,-7.49208619335,,-6.39733468795,,,-9.14503445636,-8.93862321722
WAIS03,"CRLF3",ENSG00000176390,6.098231,-1.43693610367,-1.13095239231,-1.4059607979,-1.14277804428,0.9818139480715319,0.786333920644,-0.355906225016,,0.100992926726,-1.36678940104,1.01308038143,0.800935754652,,-0.537786287569,,-1.58053620393,,-0.664446099247,-1.85209281125,,0.510476610075,,,,,-0.72097637179,,,-1.32497534254,-1.24267031148,-0.697164689734,-1.35640204569,-1.60901934881,,,,-2.68561482531,,-2.13262575859,-0.708591429077,0.0598332426381,-1.52358254476,-2.03376394054,,-1.20776419381,,,-2.93132119978,-2.58144743712
