code,target,ENSEMBL,association,Adipose_Subcutaneous,Adipose_Visceral_Omentum,Breast_Mammary_Tissue,Muscle_Skeletal,DGN_Whole_Blood,Whole_Blood,Artery_Aorta,Artery_Coronary,Artery_Tibial,Heart_Atrial_Appendage,Heart_Left_Ventricle,Spleen,Brain_Amygdala,Brain_Anterior_cingulate_cortex_BA24,Brain_Caudate_basal_ganglia,Brain_Nucleus_accumbens_basal_ganglia,Brain_Putamen_basal_ganglia,Brain_Cerebellar_Hemisphere,Brain_Cerebellum,Brain_Cortex,Brain_Frontal_Cortex_BA9,Brain_Hippocampus,Brain_Hypothalamus,Brain_Spinal_cord_cervical_c-1,Brain_Substantia_nigra,Nerve_Tibial,Cells_Transformed_fibroblasts,Cells_EBV-transformed_lymphocytes,Colon_Sigmoid,Colon_Transverse,Esophagus_Gastroesophageal_Junction,Esophagus_Mucosa,Esophagus_Muscularis,Liver,Minor_Salivary_Gland,Small_Intestine_Terminal_Ileum,Stomach,Adrenal_Gland,Pituitary,Pancreas,Thyroid,Lung,Ovary,Prostate,Testis,Uterus,Vagina,Skin_Not_Sun_Exposed_Suprapubic,Skin_Sun_Exposed_Lower_leg
BLOO04,"NAT6",ENSG00000243477,33.043265,-13.3445915393,,,-12.4422568238,-17.104154421617526,,-3.06544702476,,-8.27572469974,,,-6.75908489768,-10.1052418361,-8.37434176799,-14.6456868815,,-19.1390210807,,-19.1465693027,-14.4820622156,-15.3305952422,,,,,,-15.2561009019,,-1.04734495041,,,-8.68571770404,,,,,,0.426639574133,,-12.9681336623,-12.4406158697,-6.78274931574,,,,,-2.49761574357,-4.08425123066,0.959695610854
BLOO08,"NAT6",ENSG00000243477,5.286367,-3.81232990848,,,-4.72595086809,-4.954023948119613,,-1.69445257831,,-2.75465255732,,,-2.5502915029,-3.6325132066,-3.44022717708,-5.27652526094,,-4.93850262615,,-4.59437340996,-3.98828174202,-4.58331022434,,,,,,-4.5733972648,,0.0345333843227,,,-1.84031774219,,,,,,0.37408962344,,-5.17594511116,-3.35406764115,-2.51799562137,,,,,-0.0741859645351,-4.64620427779,-2.79600214966
BLOO21,"NAT6",ENSG00000243477,60.752125,-14.4156541485,,,-12.845092737,-17.68609427959042,,-6.95778513399,,-9.05772845576,,,-8.33645500965,-17.0559231608,-11.6030087871,-16.4278845161,,-19.9956419483,,-26.235430322,-16.7576083493,-17.0307906088,,,,,,-17.0696959741,,-14.4284309275,,,-14.8590970285,,,,,,-11.297984246,,-14.8877647063,-14.3350678425,-11.7945211198,,,,,-4.66289473926,-3.70599861538,-12.5701798449
BLOO22,"NAT6",ENSG00000243477,55.714308,-14.7704590757,,,-13.0615496913,-17.988479628072138,,-7.25584194583,,-9.39327646598,,,-8.38021971617,-17.0882217501,-12.0926623647,-16.7433598722,,-20.1525962286,,-26.4003774054,-17.0933267952,-17.3758298176,,,,,,-17.3711536414,,-14.7368700337,,,-15.3417253151,,,,,,-11.731359377,,-15.2787321956,-14.7503514939,-12.2960793251,,,,,-4.53158811978,-4.15363330847,-12.9573577519
BLOO23,"NAT6",ENSG00000243477,53.014672,-10.6728703044,,,-9.58607064244,-13.176434925986145,,-6.3066735645,,-7.97978624114,,,-7.24711524612,-13.3290045095,-9.09847479232,-12.1888720254,,-15.112261147,,-20.9302995988,-13.0662022508,-13.1115977717,,,,,,-12.9779095391,,-11.3685316157,,,-11.6125213646,,,,,,-8.59536538656,,-10.9150604974,-11.2770060864,-8.15491495572,,,,,-3.47594947911,-2.46578347218,-9.80553791635
BLOO26,"NAT6",ENSG00000243477,5.259464,4.09747784019,,,2.97664693128,3.8799177601687753,,4.81858494966,,5.97131681923,,,4.92397850408,2.13328302114,5.6898321907,3.77050797356,,2.78067508391,,4.55204718395,5.43077930192,4.58712125005,,,,,,4.69292656167,,3.87884097718,,,5.51586624586,,,,,,4.91907481645,,4.14305013919,4.62223400465,3.59817007787,,,,,1.33716248201,4.79223903437,5.56832798532
BLOO27,"NAT6",ENSG00000243477,4.868638,3.52339010337,,,2.83338390056,3.8516200951782675,,4.9128190486,,5.58019777909,,,4.86833942845,2.48912624694,5.42141145703,3.70270803643,,2.63096188479,,4.18683199875,5.367495875,4.3192604213,,,,,,4.65211828256,,3.72725967853,,,5.09904715207,,,,,,4.71001921144,,4.02773839143,4.23917194994,3.29197743632,,,,,1.33933333081,4.49010507952,5.82288027049
BLOO29,"NAT6",ENSG00000243477,5.707899,-3.51496487831,,,-3.25680641715,-2.8355211895951022,,-2.46030549491,,-2.47469781757,,,-2.75286126841,-2.14198256071,-2.96214378274,-3.14304635344,,-2.5616844427,,-0.905913217824,-2.97335283272,-3.31093832523,,,,,,-3.02239208449,,-2.30927422006,,,-3.3368576316,,,,,,-2.15180806917,,-2.74383419095,-2.85231025217,-2.4518043898,,,,,0.537740639354,-3.84992558274,-3.00381275173
BLOO36,"NAT6",ENSG00000243477,54.173420,-14.0391100153,,,-12.2067365845,-16.967695327831805,,-6.05374711874,,-7.87269268153,,,-7.31807671452,-15.7571165282,-10.8561087017,-15.7716815641,,-19.035803078,,-24.3151727509,-15.6570908399,-16.0998393311,,,,,,-16.1421127706,,-13.4542283866,,,-13.9870296359,,,,,,-10.9897194431,,-14.3866759949,-13.5162831944,-11.9425308309,,,,,-4.57278884203,-3.75419305075,-11.5851901581
BODY03,"NAT6",ENSG00000243477,2.896538,3.9665823046,,,2.89951644707,3.4719972168183926,,3.19889791218,,4.22128870798,,,2.76652734867,4.7715363078,4.08910639849,3.27188121213,,3.26289796624,,2.48334957922,3.47978382236,3.66002023952,,,,,,3.64797917002,,1.9163356666,,,3.41185987167,,,,,,4.19182389942,,3.27050325513,4.01545731012,2.00214036998,,,,,1.14589620368,4.33488245356,4.27759326573
BODY04M,"NAT6",ENSG00000243477,5.061976,5.02694882427,,,3.87428656037,4.283267890701483,,2.57622594707,,4.23108294188,,,3.27852377465,4.77334013083,4.80659293745,4.2842900312,,4.19274015093,,3.58482341852,4.27052881114,4.62411320849,,,,,,4.58162492535,,2.83107518398,,,4.54192806552,,,,,,4.07025786268,,4.1736930647,3.37951599201,2.04968527501,,,,,0.341696891761,4.61633089125,4.92669153533
BODY04,"NAT6",ENSG00000243477,4.002714,4.22877551909,,,2.92209819741,3.5473763631997826,,3.39833702731,,4.42631085949,,,2.85567158916,4.98507149322,4.32703995707,3.34834390473,,3.33609108548,,2.54329852758,3.60687954773,3.79740477736,,,,,,3.75212451921,,2.05872334462,,,3.58832731804,,,,,,4.27910525565,,3.33530448405,4.29195561022,2.1193040743,,,,,1.12451912261,4.4872359288,4.50385596031
BODY07B,"NAT6",ENSG00000243477,3.036793,4.30319125845,,,1.89720123172,2.075900452333631,,3.87888948725,,4.43568886736,,,3.25735591335,3.23798852518,4.22289365136,1.84341116397,,1.54135984579,,0.789799403293,3.36982215255,2.73613986269,,,,,,2.84686218617,,2.29787107949,,,2.36237154079,,,,,,2.75595195533,,2.77039952892,3.5423604244,3.00328025116,,,,,2.10041646194,4.00796112998,4.7145074025
BODY08B,"NAT6",ENSG00000243477,11.255613,8.29290737329,,,4.69422554709,4.927660891539776,,6.4710651409,,7.81056021149,,,6.3159887625,6.28748602571,7.65283507509,4.6452026321,,4.10670154581,,2.13569774086,6.76806905833,6.10882456423,,,,,,6.01406940785,,4.5277230508,,,5.06487893976,,,,,,5.26658958856,,5.58861681585,6.75504020221,5.40918394031,,,,,3.55689227696,7.78962988917,8.48859135609
BODY08M,"NAT6",ENSG00000243477,9.759950,7.77828406275,,,5.12173886554,5.262051724556918,,5.69251883156,,6.78262748435,,,5.42514478088,5.95173237778,7.28414836105,5.04193845331,,4.57693956403,,2.8148245434,6.69105423968,6.1690671223,,,,,,6.18693822142,,4.92179567016,,,5.40545102802,,,,,,5.2016102609,,5.75127707553,6.81843765115,5.86593505641,,,,,2.55761527786,7.27033477017,7.85701718534
BODY08,"NAT6",ENSG00000243477,9.186172,7.67003614942,,,4.06719597188,4.300397013552632,,6.1517102817,,7.44529478,,,6.10095112155,5.75067942212,7.06974489933,4.01841610682,,3.50918131658,,1.68649199897,6.15289277625,5.48371689648,,,,,,5.36696218893,,3.95024830698,,,4.45543226836,,,,,,4.76351836187,,4.96430536459,6.13725915389,4.77089821767,,,,,3.56671386201,7.22260948098,7.87522247879
EDUC01F,"NAT6",ENSG00000243477,8.059892,-4.56959208966,,,-3.44106321329,-3.700108438933513,,-5.27383145032,,-6.87732289998,,,-4.51656093773,-2.60481488084,-6.58932104519,-3.738677974,,-2.01394748241,,-2.51742523384,-5.23403718747,-4.57979184214,,,,,,-4.52034125236,,-4.86608068216,,,-4.69231148408,,,,,,-4.14586170774,,-4.81186661285,-5.358142299,-4.70753002209,,,,,-3.65849885779,-6.38165354099,-6.5970408377
EDUC01M,"NAT6",ENSG00000243477,4.766877,-3.90344354905,,,-0.819419333206,-1.3300435833597264,,-5.82270377763,,-7.03315717667,,,-6.08354913502,-1.80033724849,-5.03236496887,-1.2915794887,,-0.438957988439,,-2.06412278656,-3.61781608049,-3.15364051765,,,,,,-2.34342694578,,-2.66310857708,,,-3.67255169584,,,,,,-3.75123178844,,-1.99230386269,-4.52624389013,-1.80065893259,,,,,-3.39093470977,-4.82482477708,-4.75656668557
EDUC01,"NAT6",ENSG00000243477,9.822666,-5.96079361578,,,-3.08104876974,-3.510331818587638,,-7.54618307837,,-9.48015651692,,,-7.36414483602,-2.98469265839,-8.03553421394,-3.51391120409,,-1.71818789514,,-3.0802919976,-6.06511838261,-5.3162767506,,,,,,-4.74291364157,,-5.22970445142,,,-5.87917554345,,,,,,-5.46130042918,,-4.77501084563,-6.69944595654,-4.65615135988,,,,,-4.77845172359,-7.7298279412,-7.78977929955
EDUC02,"NAT6",ENSG00000243477,6.430650,-4.20338484239,,,-2.59552724355,-2.8083751724370125,,-5.01095936763,,-6.54301233219,,,-5.56019101892,-1.89882528237,-6.10648532721,-2.82472405523,,-1.54065825816,,-2.48619883962,-4.52939461187,-3.86907929009,,,,,,-3.63780421766,,-4.70519453787,,,-4.42180201861,,,,,,-3.88485202234,,-3.99893894456,-4.59618697429,-3.94724725024,,,,,-4.74581396391,-5.41700796155,-5.79179710271
EDUC03,"NAT6",ENSG00000243477,17.909636,-8.22277775023,,,-3.98831473873,-4.696448630319673,,-9.49671619634,,-12.0733214135,,,-9.50201883891,-4.23480547546,-10.8761721363,-4.76712809527,,-2.58448456885,,-4.05799053711,-8.22461717329,-7.14376250726,,,,,,-6.54554890711,,-7.4498578134,,,-7.07528858573,,,,,,-6.89972882444,,-6.50435626178,-8.59878068914,-6.01473633017,,,,,-8.07699124056,-10.2214037287,-10.4661438952
FATM04B,"NAT6",ENSG00000243477,2.492765,4.78687362821,,,1.53761068051,1.840614497980838,,4.10184103616,,5.5079970787,,,3.45195240119,4.13746732573,4.90360512467,1.65136441129,,1.58912798782,,1.07487287088,3.89409016653,3.20374680467,,,,,,3.02820471599,,3.22480425451,,,1.96007308321,,,,,,1.59553658667,,2.68025887168,4.74693897685,2.89558918107,,,,,3.66686469117,3.98931773072,5.24515098892
FATM04M,"NAT6",ENSG00000243477,2.862646,4.46046726072,,,1.99454170676,2.3297669039611644,,3.57506303084,,4.56486058752,,,2.86641704016,3.56646285387,4.69198198473,2.13441451707,,2.03318382489,,1.56092334923,3.82729493195,3.29698349477,,,,,,3.20752262196,,3.54023792678,,,2.5363400323,,,,,,2.17360578581,,3.03701521918,4.78695384069,3.61679610363,,,,,3.10881493298,3.75905963649,4.79498593269
FATM04,"NAT6",ENSG00000243477,2.045738,4.41136009322,,,1.18253778527,1.4541960385961719,,3.8878043889,,5.30728394886,,,3.35622153209,3.90036986068,4.51037034183,1.27892166613,,1.25285686449,,0.804326281357,3.54255881728,2.83816930737,,,,,,2.65763683698,,2.81847604798,,,1.55623737904,,,,,,1.1891506031,,2.26619429504,4.30997098601,2.38729017839,,,,,3.54264460654,3.63092767452,4.86339259739
HIPC01M,"NAT6",ENSG00000243477,5.175666,3.88667696945,,,4.71354492719,4.317823098436983,,3.32072080925,,3.61004093015,,,3.40257705608,3.85041451088,4.57943442962,4.35585708198,,4.27632555154,,3.9581062154,4.46393684622,4.56792410728,,,,,,4.59472638575,,4.40710410829,,,4.14731209734,,,,,,3.59101395115,,4.36811611971,3.14574809832,1.77012567594,,,,,1.36420539032,4.29294351892,4.49921647508
INFB01,"NAT6",ENSG00000243477,2.534840,-1.11725580039,,,-0.281679607028,-0.12017996801673518,,-3.27434027266,,-4.92729823351,,,-4.06006703141,0.0349788699072,-3.50388702057,-0.176691907821,,0.679208402218,,-0.512402619996,-2.28122187495,-1.1035006335,,,,,,-1.18708168044,,-1.2273888836,,,-1.08129899882,,,,,,-1.33166318356,,-1.06772376902,-1.95347785628,-1.07447098309,,,,,-5.16171273353,-3.0886991473,-3.40063495028
LEAN06B,"NAT6",ENSG00000243477,5.964210,6.81491321768,,,4.18677208808,3.7947617531293147,,3.94058762338,,6.2641487598,,,4.18792488256,5.11838927043,6.07769432827,4.15748745744,,4.02881265085,,3.04762284773,5.87194503923,5.61865778768,,,,,,5.38149597905,,5.57558751325,,,4.1748112174,,,,,,1.38952585128,,4.46311786739,5.48725221075,2.61725517392,,,,,1.68158541808,5.46917602462,6.12727929074
LEAN06M,"NAT6",ENSG00000243477,5.502338,6.35720293113,,,4.26068254579,3.971316398324862,,3.22524155645,,4.92001782173,,,3.45281354416,4.5794286888,5.45614809068,4.23373677763,,4.35429854011,,3.57999685699,5.21920633209,5.21158368475,,,,,,4.97682108621,,5.09035921319,,,4.53645399617,,,,,,2.23548267794,,4.45149921369,5.13512228162,3.36171266712,,,,,0.840229345696,5.08723784075,5.45885398601
LEAN06,"NAT6",ENSG00000243477,7.727555,7.23461277306,,,4.57410696788,4.166247259922963,,4.01796285357,,6.26915628951,,,4.32648230289,5.2637466087,6.36277263066,4.51805413759,,4.47190863651,,3.50937620904,6.08911660179,5.91928298436,,,,,,5.65231393386,,5.84065217333,,,4.68694315,,,,,,1.88889585032,,4.82742679171,5.82980113825,3.16167296604,,,,,1.47793430598,5.85382418929,6.3778754637
MENA02F,"NAT6",ENSG00000243477,8.287746,2.61918826931,,,0.760456841881,1.166654648900654,,4.8314917496,,7.24374660295,,,5.53960360618,0.650399164708,5.08803974637,1.21919074729,,0.343970166666,,2.98098472167,4.33091633496,3.53860117053,,,,,,3.00068103026,,5.50504428493,,,2.90967877072,,,,,,1.87566574974,,2.09538525804,5.62720710298,1.05878691162,,,,,4.83558251221,4.28933749689,4.08494114106
NEUR02B,"NAT6",ENSG00000243477,8.444821,-1.1917406022,,,-1.44146428337,-0.47219966553555154,,1.51352434339,,0.359045245973,,,2.31324232644,2.75586810875,-0.660559443792,-0.820254293167,,0.374152849995,,1.87792780913,0.348388854865,-0.431414778616,,,,,,-0.179870265719,,0.0234233595988,,,-1.32565261884,,,,,,0.121238882933,,-1.13386666222,-0.488394764929,-2.30785635595,,,,,3.05998400298,-2.03197937374,0.390763109057
NEUR02F,"NAT6",ENSG00000243477,10.449368,-1.77167754089,,,-2.92523395976,-1.9556927642300637,,0.379556189941,,0.0843327963392,,,0.177664284172,1.12318269787,-1.09749239037,-2.26304592949,,-1.08284080555,,1.17854151686,-0.785971805723,-1.53807131153,,,,,,-1.48952563208,,-0.860842985055,,,-2.64745207844,,,,,,-1.55643791211,,-2.05893393962,-0.813178795413,-2.03871046302,,,,,3.52990349785,-2.99253975954,-0.933296227846
PRSC01,"NAT6",ENSG00000243477,1.554723,0.728772872558,,,-1.4941714154,-0.655428756663095,,-2.14418206995,,-3.86472105509,,,-3.20183447989,-1.09788060117,-3.01877473378,-1.04540672406,,0.291883049098,,1.20244984252,-2.5900386483,-1.34374954216,,,,,,-1.32298728401,,-2.1594408179,,,-1.65229927067,,,,,,-0.693260559696,,-1.61970281169,-2.47491667312,-0.787663265205,,,,,-5.61801212289,-4.00197424517,-3.72391977862
REPR01F,"NAT6",ENSG00000243477,3.032508,-4.70748154932,,,-2.68764307227,-3.456885184453268,,-3.99344242476,,-4.52706912463,,,-4.30601879206,-5.60676413898,-4.99246285656,-3.42615712606,,-3.37886421723,,-2.74292034883,-4.21183337413,-3.72427467439,,,,,,-3.93645504643,,-2.45056344337,,,-3.08730287722,,,,,,-3.83636033549,,-3.23057046771,-0.919740332296,-1.621677501,,,,,-2.48445085817,-3.60736279857,-5.45264739869
REPR01,"NAT6",ENSG00000243477,3.434070,-5.14365966543,,,-2.5532050303,-3.210417037713958,,-5.12786150482,,-5.19129512358,,,-4.63510295218,-5.69693113452,-5.27124154137,-3.08519170826,,-3.06905623301,,-2.19037251437,-4.13748300694,-3.52127111049,,,,,,-3.80514522689,,-1.89447790365,,,-2.85444447232,,,,,,-4.112593617,,-2.77734286395,-1.54913295199,-1.54909372715,,,,,-2.49560118306,-3.36212475834,-5.81541021178
WEIG04M,"NAT6",ENSG00000243477,3.515672,2.57855037725,,,3.97948784735,4.376393241453074,,1.75855869201,,2.53905766272,,,2.48613989722,2.52869652235,2.30942753626,4.55888988008,,3.54178175071,,1.96120961705,4.39490625915,4.33541257894,,,,,,4.77438723546,,3.79931666508,,,3.26195661062,,,,,,2.77620350168,,3.3873713325,2.75870242395,0.782523287421,,,,,1.08232806644,3.08913106934,3.6158221504
