code,target,ENSEMBL,association,Adipose_Subcutaneous,Adipose_Visceral_Omentum,Breast_Mammary_Tissue,Muscle_Skeletal,DGN_Whole_Blood,Whole_Blood,Artery_Aorta,Artery_Coronary,Artery_Tibial,Heart_Atrial_Appendage,Heart_Left_Ventricle,Spleen,Brain_Amygdala,Brain_Anterior_cingulate_cortex_BA24,Brain_Caudate_basal_ganglia,Brain_Nucleus_accumbens_basal_ganglia,Brain_Putamen_basal_ganglia,Brain_Cerebellar_Hemisphere,Brain_Cerebellum,Brain_Cortex,Brain_Frontal_Cortex_BA9,Brain_Hippocampus,Brain_Hypothalamus,Brain_Spinal_cord_cervical_c-1,Brain_Substantia_nigra,Nerve_Tibial,Cells_Transformed_fibroblasts,Cells_EBV-transformed_lymphocytes,Colon_Sigmoid,Colon_Transverse,Esophagus_Gastroesophageal_Junction,Esophagus_Mucosa,Esophagus_Muscularis,Liver,Minor_Salivary_Gland,Small_Intestine_Terminal_Ileum,Stomach,Adrenal_Gland,Pituitary,Pancreas,Thyroid,Lung,Ovary,Prostate,Testis,Uterus,Vagina,Skin_Not_Sun_Exposed_Suprapubic,Skin_Sun_Exposed_Lower_leg
BLOO01,"LRRC34",ENSG00000171757,3.563059,5.63771617637,0.960465488182,2.92646346949,0.669581100458,,,1.77403324599,1.45954368549,1.58565673242,,2.1420948396,,,,,,,,2.16387579975,,,,,,,2.59687973058,2.22778719535,,1.73073647747,0.683802306652,0.665264686019,,0.696797701471,,3.90085465818,,1.95627334779,0.148572686392,,-0.355887158358,0.308711471312,,,,,,,,0.84420086712
BLOO07,"LRRC34",ENSG00000171757,14.159129,-4.59165287807,-3.31718002197,-4.49068061946,-2.62376411015,,,-3.82746190987,-2.79498384204,-2.92181332549,,-3.9585385949,,,,,,,,-3.90083738362,,,,,,,-4.97608771303,-4.14011952274,,-3.92217768933,-2.15451264381,-2.76831782886,,-2.98853888937,,-3.70390192541,,-3.54437047481,-2.58243050351,,-1.92233758151,-2.49934250609,,,,,,,,-2.17532000509
BLOO16,"LRRC34",ENSG00000171757,11.854182,-3.90140262118,-3.00315034941,-3.99394790179,-2.30247427406,,,-3.58945196287,-2.58946924204,-2.68775738433,,-3.68957980543,,,,,,,,-3.55507389319,,,,,,,-4.63557115016,-3.88646462383,,-3.58835383781,-1.97807717323,-2.63016419327,,-2.72235727003,,-3.38105458037,,-3.23332642069,-2.38465170839,,-2.19923322121,-2.25041289179,,,,,,,,-1.90390014514
BLOO17,"LRRC34",ENSG00000171757,15.581981,-5.89724438867,-3.33845982703,-5.32601544269,-2.63399312019,,,-4.14147304541,-2.98697149618,-3.11705606741,,-4.50297334675,,,,,,,,-4.43249028603,,,,,,,-5.56261386128,-4.57354139419,,-4.30857485335,-2.2536213398,-2.81627920142,,-3.09795602798,,-4.33078862223,,-4.0929429546,-2.54091685325,,-1.40091322813,-2.64552257182,,,,,,,,-2.38118447701
BLOO18,"LRRC34",ENSG00000171757,15.996023,-5.53973483507,-3.16676722717,-5.07166705097,-2.45247433822,,,-4.08877823846,-2.82704186279,-3.07742507118,,-4.50491957578,,,,,,,,-4.41883627901,,,,,,,-5.71988160449,-4.50571056094,,-4.36936124391,-2.26520657539,-2.82800791268,,-3.09641724081,,-4.34787870727,,-3.97279684019,-2.57634189912,,-1.41229839526,-2.62002721476,,,,,,,,-2.37619327694
BLOO19,"LRRC34",ENSG00000171757,5.763942,3.03606551047,2.54387121403,3.37849586438,1.66835919578,,,2.90338717031,2.06701000308,3.06589797336,,3.60981575133,,,,,,,,3.43236356078,,,,,,,3.65515766813,3.17155210661,,3.32739625745,2.37287998199,2.73091066991,,2.3129585392,,2.96044584372,,2.97723384596,2.42745932981,,2.00499491208,2.78891321266,,,,,,,,2.4248979574
BLOO31,"LRRC34",ENSG00000171757,17.971022,5.39791483849,2.91581522409,4.87458100925,2.32022141978,,,4.00852340928,2.60028756743,2.88177582644,,4.48211346508,,,,,,,,4.3662042432,,,,,,,5.65703866523,4.4202892674,,4.20149828967,2.12989830971,2.7495824774,,2.88267014047,,4.38798668327,,3.86164933691,2.43445136431,,1.62835708256,2.59660507008,,,,,,,,2.1684309293
BLOO32,"LRRC34",ENSG00000171757,5.974981,2.1995156726,1.41962661957,2.58423440827,1.79323899222,,,2.38519951585,1.20071065818,2.04927168112,,2.88477669112,,,,,,,,3.08081446213,,,,,,,3.44662723817,2.62381746776,,2.66830567483,1.3153270483,1.72687409976,,1.59001316579,,2.54436154223,,2.02768833481,1.52972755223,,0.521755434009,2.17224807513,,,,,,,,1.38704469649
BLOO33,"LRRC34",ENSG00000171757,2.713117,6.27886690637,1.05129450522,3.75050762411,1.28149539189,,,2.29838284611,1.29722644217,1.78698216316,,1.95477861159,,,,,,,,2.04954745023,,,,,,,2.47305787037,2.42705717718,,1.82254981939,1.02661883831,0.858548600794,,0.60252716157,,3.86318969317,,2.39610538788,-0.0939790499183,,0.375433832323,0.180310101527,,,,,,,,1.17076675908
CELI01,"LRRC34",ENSG00000171757,5.815309,-3.43747727833,-3.9265644762,-3.65989807002,-3.56118956834,,,-3.58644485474,,-3.58644485474,,-3.63147428509,,,,,,,,-3.49125408239,,,,,,,-4.44578409478,-3.85724853314,,-3.90601983217,-3.58644485474,-3.58644485474,,-3.51017630613,,-3.2668463369,,-3.58644485474,-3.65077528654,,-3.58644485474,-3.87239437215,,,,,,,,-3.58644485474
