code,target,ENSEMBL,association,Adipose_Subcutaneous,Adipose_Visceral_Omentum,Breast_Mammary_Tissue,Muscle_Skeletal,DGN_Whole_Blood,Whole_Blood,Artery_Aorta,Artery_Coronary,Artery_Tibial,Heart_Atrial_Appendage,Heart_Left_Ventricle,Spleen,Brain_Amygdala,Brain_Anterior_cingulate_cortex_BA24,Brain_Caudate_basal_ganglia,Brain_Nucleus_accumbens_basal_ganglia,Brain_Putamen_basal_ganglia,Brain_Cerebellar_Hemisphere,Brain_Cerebellum,Brain_Cortex,Brain_Frontal_Cortex_BA9,Brain_Hippocampus,Brain_Hypothalamus,Brain_Spinal_cord_cervical_c-1,Brain_Substantia_nigra,Nerve_Tibial,Cells_Transformed_fibroblasts,Cells_EBV-transformed_lymphocytes,Colon_Sigmoid,Colon_Transverse,Esophagus_Gastroesophageal_Junction,Esophagus_Mucosa,Esophagus_Muscularis,Liver,Minor_Salivary_Gland,Small_Intestine_Terminal_Ileum,Stomach,Adrenal_Gland,Pituitary,Pancreas,Thyroid,Lung,Ovary,Prostate,Testis,Uterus,Vagina,Skin_Not_Sun_Exposed_Suprapubic,Skin_Sun_Exposed_Lower_leg
BLOO02,"PLTP",ENSG00000100979,5.843239,3.11850663935,2.51940429681,,3.15108473645,-3.0930330003906916,-2.76504355238,1.52710877529,,3.00809819209,3.58567397094,1.87410092187,1.36687125057,,,,,,,1.13401063714,,2.19390169611,,,,,2.05966156965,,-3.34423193608,1.86990258447,4.002532872,1.65760588552,-0.915189052314,2.25007659518,2.67570941491,,4.39305235531,3.04429628841,1.10083546023,,,3.17472112197,1.89132193228,,,3.97466198763,,,-0.417350195834,-1.06577833193
BLOO23,"PLTP",ENSG00000100979,8.318759,-3.65848580341,-2.37436431047,,-3.54386447119,4.635565745196333,4.35364541524,-2.48538701828,,-4.30039089872,-3.55173185674,-2.00109451286,0.78353409734,,,,,,,-1.82958651371,,-3.80367808343,,,,,-3.68813861591,,4.50056452333,-2.42232270911,-4.179733498,-0.534262809059,-1.00630042443,-3.03927946587,-2.1457124614,,-4.67088175335,-4.37471706838,-0.693025988172,,,-4.81402693821,-2.70372161417,,,-4.71529553627,,,-0.38283954528,-0.367821523869
BLOO26,"PLTP",ENSG00000100979,15.244567,-3.95441200317,-3.75447331045,,-3.526441479,4.523746199964806,4.00652036271,-1.35426294844,,-3.83928588196,-4.91893556062,-2.82605699234,-1.93663308521,,,,,,,-1.36138065599,,-2.84178374426,,,,,-3.32456087914,,4.77982354866,-3.15227171117,-5.06607493663,-2.5950870681,1.37930119445,-3.50528458078,-3.97527596458,,-6.61178995507,-4.90429856984,-1.29697616001,,,-5.00411965123,-2.92930746993,,,-5.7979843406,,,0.908420845922,1.08582958544
BLOO27,"PLTP",ENSG00000100979,15.841728,-4.46994354625,-4.07407272741,,-4.10444940106,5.014497927657225,4.38602970196,-1.96964648914,,-4.52901096394,-5.27225199198,-3.40631190054,-2.00314473964,,,,,,,-2.0170216999,,-3.54266888386,,,,,-3.56815682077,,5.34472073964,-3.10209265614,-5.4691686657,-2.7047930977,0.765376387722,-4.14110769368,-3.63844023673,,-7.01819525689,-5.24486506098,-1.32199968802,,,-5.42421451214,-3.28686887815,,,-6.33172713124,,,0.130289815676,0.54408147402
CHOL01,"PLTP",ENSG00000100979,20.707700,8.24066566273,8.75255018018,,8.81703741065,-3.089524905764648,-2.15013294491,6.25575233553,,6.41592029237,9.80920973518,4.84893099819,5.99204646076,,,,,,,-0.845517614693,,4.33817354044,,,,,8.02019575776,,-3.07205350531,6.37674226647,7.7106597163,4.11476085547,1.5395810432,7.93935914581,8.0640330533,,9.68658337196,7.11770655541,3.51422046759,,,7.9435276263,6.26772342068,,,4.36286640672,,,2.29316821697,1.02946536923
CHOL04,"PLTP",ENSG00000100979,9.059977,-4.96388870148,-3.51603706967,,-4.26428935263,3.0785165378063306,2.621584296,-4.35898872396,,-4.83664675074,-3.86113922502,-2.95778161111,-1.7199027418,,,,,,,-2.30688600239,,-3.74187700511,,,,,-5.22969948267,,3.05791421662,-3.28471664353,-4.46983896421,-0.586806109715,-0.239275133656,-4.36741407937,-3.554012914,,-4.91927193808,-4.50281123442,-3.42019087575,,,-5.45813450909,-4.53487975241,,,-2.79171818063,,,-0.0211885431377,-0.0850685822615
CHOL07,"PLTP",ENSG00000100979,25.292208,7.89140755981,8.0571893553,,7.68154063531,-3.96840905028668,-2.78397051472,5.94883908295,,6.6465504283,8.66738076424,4.67624739301,4.95389390465,,,,,,,0.441017116891,,4.73393736406,,,,,7.6076476348,,-3.84244389776,5.02074180427,7.29936864332,3.13455313855,1.45758697013,7.22699958868,7.26229273706,,9.26170664009,7.09795991823,3.41516643445,,,8.33487569413,6.27244188152,,,4.88408872857,,,1.4343427731,1.32521065776
CHOL08,"PLTP",ENSG00000100979,33.223844,8.86645532589,9.26040205168,,9.56913376586,-3.7983445990088684,-2.89524812161,6.71766509839,,6.99767293142,10.4042137089,5.30517790134,6.64567860427,,,,,,,-0.165438729731,,4.9361760701,,,,,8.39758206955,,-3.67074700913,6.77511432446,8.4020425811,4.43183378486,1.8659224854,8.43709183504,8.4245292143,,10.4972329078,7.89285667679,3.85157317553,,,8.61306297917,6.61055453814,,,4.84429045503,,,2.49207603754,1.27008112513
CHOL09,"PLTP",ENSG00000100979,46.563344,11.7095448067,11.8501407204,,12.1325138244,-4.522592252809289,-3.1325195293,8.90908730424,,9.19673970019,13.1019960255,6.88019934102,7.93788274153,,,,,,,-0.281221603264,,6.24126592934,,,,,11.170827273,,-4.43884887403,8.62632866589,10.7427150722,5.43160059017,2.1340100285,11.0632720362,10.9471164734,,13.1986805716,9.85999584105,5.63411663371,,,11.1253124559,9.06164553637,,,5.90911652299,,,3.10475286865,1.2795950689
CHOL12,"PLTP",ENSG00000100979,33.674813,8.79726389082,9.26184979281,,9.4022024209,-4.026406825387813,-3.23338338361,6.60436683381,,6.99361153526,10.4596179423,5.23562669179,6.28390669555,,,,,,,-0.0646497291394,,5.0217773307,,,,,8.3017862974,,-3.96055964365,6.64124939578,8.52470216737,4.51101587699,2.05276484195,8.3044470128,8.34733165466,,10.5039375114,7.99418452941,3.73026172835,,,8.58028018201,6.54112264045,,,5.25021946403,,,2.4954430049,1.34481966814
CHOL15,"PLTP",ENSG00000100979,6.289933,-4.61740938075,-3.10004500717,,-3.57134566454,2.4454249333289457,1.88432291028,-4.0029762314,,-4.40878468597,-3.14404807635,-2.5616537496,-1.01685748918,,,,,,,-1.54406448211,,-3.28158341021,,,,,-4.92566353045,,2.54664644698,-3.14443664627,-3.85267115317,-0.0347061551301,-0.148080673572,-3.66250058906,-3.19333478026,,-4.06164644671,-3.9168210841,-2.82569037271,,,-4.97687757679,-4.22098839716,,,-2.29687260634,,,0.260268151531,0.132444745168
CHOL16,"PLTP",ENSG00000100979,6.220974,-2.75560824477,-2.99021159567,,-4.05367265297,-0.12219101545673622,-0.0372721725465,-2.75097421289,,-1.65857446797,-4.97853388546,-1.60489677936,-3.51245093068,,,,,,,0.756109962151,,-0.788453085972,,,,,-3.37536145209,,-0.147356841314,-2.4157461895,-2.88719273336,-2.75283621726,-1.12726400186,-3.08487489853,-3.82024523087,,-3.92118215064,-2.36098658801,-1.21814125313,,,-2.34184710289,-1.73078347482,,,-0.931510153818,,,-1.74834607117,-0.912948004637
CHOL17,"PLTP",ENSG00000100979,4.804682,-3.3813397242,-2.98273439347,,-3.72123877977,0.5123296073329623,0.292584770278,-2.69385621007,,-2.37017354486,-4.94931789297,-1.56068688858,-3.23507957638,,,,,,,0.456537165324,,-1.18067977475,,,,,-3.38638605508,,0.423931360758,-3.04574130197,-3.17264155595,-2.44861982888,-0.860764436015,-3.03750486445,-3.73438332809,,-3.89442664843,-2.52660666072,-1.79354120906,,,-2.64108899551,-2.23113987408,,,-1.06419479539,,,-1.46686949215,-0.574545739743
CHOL18,"PLTP",ENSG00000100979,33.641513,9.68951671301,9.39860821953,,9.31084349747,-4.644767924824887,-3.67949666399,7.00013447077,,8.03293839866,10.4621750784,5.61292184827,5.60152862615,,,,,,,1.28734880453,,5.69178536992,,,,,8.92754943319,,-4.64029233682,6.68590275211,8.95911140494,4.02463386559,2.02557870464,8.9180242252,8.04334824424,,10.574799318,8.53226285854,3.93083789813,,,9.49999504344,7.57839623808,,,5.89981265768,,,2.02830692748,1.42822327853
CHOL22,"PLTP",ENSG00000100979,22.973426,7.98437410068,7.20201307505,,8.65981132116,-3.2756997511024912,-3.04932540451,5.61988633225,,5.54342786428,8.36452357099,5.7984645457,4.59308916865,,,,,,,1.61587241683,,3.78859793536,,,,,7.55992538759,,-4.06142894253,7.02992580751,8.56459503137,4.42908436248,0.809885566584,7.52273558672,6.61502148503,,10.046955428,8.03648921621,2.43935603676,,,8.30103064377,5.64788637147,,,6.67674621439,,,3.03700835577,1.43401916406
CHOL23,"PLTP",ENSG00000100979,7.771497,3.35743910452,4.43592714073,,4.1555954713,-1.5227436692330207,-1.34567667713,2.19914055498,,2.42046629027,5.29579912674,1.86673185879,3.64095167473,,,,,,,-0.679498453619,,1.67404535474,,,,,2.99885632694,,-1.45367322478,2.72555048291,3.48092987494,2.81052412321,1.25973538422,3.6778130684,3.57989800909,,4.94001724469,3.3828845672,0.771213607735,,,3.4124058251,2.00978195462,,,2.55820756111,,,1.55526500705,1.13225863739
CHOL29,"PLTP",ENSG00000100979,7.134180,-4.84281434913,-3.30043062038,,-3.85602831408,2.6869735851837806,2.19914238656,-4.16990420409,,-4.5643056479,-3.60823755694,-2.72656486538,-1.21971746833,,,,,,,-1.6955095355,,-3.41086913688,,,,,-4.94371827963,,2.73403019834,-3.05032119634,-4.05270010095,-0.212420511266,-0.243458318637,-4.09331460517,-3.31178694417,,-4.52691419967,-4.1417092567,-3.12153434467,,,-5.19336665806,-4.33187160371,,,-2.65476078684,,,-0.0896708388238,-0.131922527712
CHOL34,"PLTP",ENSG00000100979,29.547907,8.7429555919,8.58163490784,,8.3460417411,-4.301935663411478,-3.23176972088,6.30468529225,,7.21335332023,9.39180392395,5.00213068065,5.51869099178,,,,,,,0.902827039475,,5.07857366159,,,,,7.9401769358,,-4.08438394939,5.692839525,7.9660618378,3.57547802285,1.83373491963,7.93303651647,7.42624115023,,9.87985020298,7.71430399743,3.72605441007,,,8.83191145148,6.69307580079,,,5.12054663496,,,1.865179165,1.68284735281
LIPI03,"PLTP",ENSG00000100979,23.751365,7.54661308915,8.11930348102,,8.19692660672,-2.7410852571150004,-1.98277992939,5.59563526628,,5.70048336651,9.30621840707,4.43116840549,5.77056028976,,,,,,,-1.13879074595,,3.78994290519,,,,,7.15538734252,,-2.69555683372,5.84877517021,7.12455306002,4.10246842464,1.47976396887,7.41953603179,7.48735386028,,9.01791333124,6.49257185804,3.36418071659,,,7.09411927659,5.60559610286,,,3.97190192091,,,2.38713661566,0.931196326999
LIPI06,"PLTP",ENSG00000100979,13.823793,-5.7722607314,-4.34701478656,,-5.05917904807,3.576683446108285,2.99390005154,-5.02958646189,,-5.70114922478,-4.73379934085,-3.45721467228,-1.89057337871,,,,,,,-2.59832213935,,-4.45283041435,,,,,-6.39129071809,,3.66915015055,-3.99916172783,-5.40484375397,-0.833463402096,-0.29284784553,-4.96563928378,-4.3388552949,,-5.9191992573,-5.473608498,-3.46410508276,,,-6.52050895472,-5.28772473814,,,-3.56566059635,,,0.157143962572,0.0749379835423
LIPI08,"PLTP",ENSG00000100979,44.565128,-13.8328399445,-12.0264932532,,-13.0077506066,6.0083419351398915,4.15809054562,-11.2798334528,,-11.9711103022,-12.7647935147,-8.68583743281,-7.94792673342,,,,,,,-2.1826822001,,-8.40600925569,,,,,-13.7720053169,,5.69390981072,-9.84243070945,-12.4763915255,-4.60689998947,-1.4822655475,-12.0255197821,-12.3070498806,,-13.9714793068,-11.2115734319,-8.69981957288,,,-13.0732885823,-11.9592986699,,,-5.63747665963,,,-2.12109678368,-0.267552197547
LIPI10,"PLTP",ENSG00000100979,4.426885,-2.713753372,-2.82638158015,,-3.36566832009,0.05189625943846678,-0.00393172300584,-2.25939646154,,-1.75526485166,-4.86078706572,-1.14634081753,-2.90515644542,,,,,,,1.07571280018,,-0.8327251609,,,,,-3.00805877618,,0.248807504407,-2.46896975255,-2.85967711371,-2.03760490441,-0.441116939465,-2.47634542376,-3.60918518639,,-3.59408643932,-2.12480947591,-1.35798893925,,,-2.1982468035,-1.83154748255,,,-1.18731640874,,,-1.16843649995,-0.183187691211
LIPI11,"PLTP",ENSG00000100979,28.674957,10.1461550366,10.0421012181,,10.0237724102,-4.585479646295948,-3.37756499253,7.42869680848,,8.28166550528,11.0937965413,5.78083149248,5.9756095366,,,,,,,0.426804787531,,5.86645796897,,,,,9.60088910591,,-4.5841811294,6.9860697302,9.34408837146,4.13015175683,2.05462169243,9.42903703439,8.90442932015,,11.2919498459,8.89973375803,4.34158245447,,,10.0861327249,7.93175586853,,,5.91201444966,,,2.18706831827,1.52513000051
LIPI14,"PLTP",ENSG00000100979,5.273860,-2.43742522991,-3.0574126116,,-3.4104942279,0.17136145895573082,0.207592748521,-2.65569244213,,-1.71227193459,-4.86865459805,-1.43916799718,-2.83405513184,,,,,,,0.874866463285,,-1.14529838504,,,,,-3.33060368494,,0.376788132999,-1.92172191817,-2.83334415407,-2.1610577425,-0.685009538321,-2.43076355771,-3.92642067735,,-3.60775253448,-2.27097789022,-1.05462408046,,,-2.42497883029,-1.91849882471,,,-1.43314739349,,,-1.39877888999,-0.495742617178
LIPO02,"PLTP",ENSG00000100979,23.764143,7.25687752905,7.85988906663,,7.92718372908,-2.568436207183233,-1.86804706888,5.36324255686,,5.42296804002,9.02669508739,4.25569523512,5.68070017775,,,,,,,-1.2415649046,,3.57222497946,,,,,6.83765939748,,-2.49987571427,5.65828364208,6.85731355959,4.02092507987,1.42828999484,7.18120658762,7.24976337439,,8.69199919392,6.19806552023,3.31081980612,,,6.74790342764,5.37005865237,,,3.71254782556,,,2.40412402097,0.883848653525
LIPO05,"PLTP",ENSG00000100979,13.522821,-6.02182784229,-4.65683297728,,-5.34270704845,3.75182629917564,3.12455356546,-5.2303546916,,-5.96559839689,-5.1014325011,-3.62099377923,-1.93846826372,,,,,,,-2.69383429303,,-4.66880378564,,,,,-6.74709065883,,3.88666165248,-4.21613477236,-5.69087943096,-0.962341354489,-0.347048705921,-5.12848046707,-4.62047070565,,-6.29046518223,-5.81769527573,-3.37604986015,,,-6.83848408769,-5.49616284949,,,-3.91519261967,,,0.161879509756,0.0845418114786
LIPO07,"PLTP",ENSG00000100979,7.474618,-3.05553261755,-3.87297329203,,-3.85417437683,0.7486949468710028,0.460282000019,-2.96617897194,,-2.09627966215,-5.41741589391,-1.85771767887,-2.83208917943,,,,,,,0.381792515409,,-1.27146229582,,,,,-3.85048975862,,0.723872994668,-2.81722037425,-3.2632050096,-2.94205259487,-0.506713051374,-2.68209785921,-4.18713707643,,-4.57490160198,-2.71845685769,-1.14400185219,,,-2.96616352396,-2.44619162762,,,-1.75284422552,,,-1.05539047051,-0.247364926502
LIPO09,"PLTP",ENSG00000100979,60.425841,-13.6447215802,-11.9754307568,,-13.0502783789,6.229810423955551,4.46656653378,-11.2110948064,,-11.9830219017,-12.9148074489,-8.63460065067,-7.92870419905,,,,,,,-2.34329094821,,-8.4949228803,,,,,-13.8065432162,,5.98885876283,-9.80732674376,-12.5756739711,-4.7326429957,-1.30743967256,-12.0719263555,-12.1620285366,,-14.1786755698,-11.2819552698,-8.49024180059,,,-13.0956392196,-11.8093301354,,,-6.10046196656,,,-2.0763278772,-0.155437991779
LIPO11,"PLTP",ENSG00000100979,5.075163,-2.92082957154,-3.17193239929,,-3.73948164561,0.22934628598251974,0.138108954838,-2.51731017934,,-1.99636154022,-5.18651002562,-1.41157379491,-3.02194696947,,,,,,,0.959398115397,,-1.05185002521,,,,,-3.35131191804,,0.43814813891,-2.610422919,-3.13100698088,-2.20987001242,-0.454763348641,-2.69771717911,-3.91660389222,,-3.96282989533,-2.4234223203,-1.41146260974,,,-2.50781079189,-2.0650049515,,,-1.44706764639,,,-1.24868514684,-0.204546148891
LIPO12,"PLTP",ENSG00000100979,39.482817,10.0459258734,10.1659823306,,10.2958658029,-4.379958423668537,-3.26642983837,7.37678627702,,8.26066816053,11.1748597093,5.58692041581,5.79974021746,,,,,,,0.371959760409,,5.94402225901,,,,,9.62009875153,,-4.47458728224,7.06288395642,9.26436593916,4.41041943551,2.07864042535,9.23902587868,9.11648890212,,11.1791507878,8.67820596754,4.31283029343,,,9.83680860464,8.05978290778,,,5.81902815732,,,2.27053637533,1.39161738617
PHLI01,"PLTP",ENSG00000100979,45.691713,11.2468019322,11.0711457278,,11.4191027204,-4.792020065130185,-3.65972999615,8.22017833423,,9.03890360309,12.4598332433,6.41531161879,6.65758665538,,,,,,,0.222702894352,,6.38143151885,,,,,10.650312712,,-4.86882984414,8.16997863665,10.4608398576,4.84330616472,2.24847887108,10.5791715426,9.83136906411,,12.3803044853,9.77024085621,4.86018553241,,,10.8476728888,8.72452207946,,,6.37237531428,,,2.67106866218,1.45257473427
PHLI05,"PLTP",ENSG00000100979,18.210321,5.94213502116,6.64558903595,,6.67330971983,-1.9844643055168805,-1.48471763796,4.28528261623,,4.30407484365,7.86125925064,3.47929120789,4.95063882459,,,,,,,-1.43380037248,,2.78734151824,,,,,5.58127468539,,-1.95382669852,4.65708209567,5.75658531887,3.63525359606,1.23773132722,6.00020870133,6.13184772452,,7.35833393657,5.08698995932,2.65029750667,,,5.43327596057,4.29274486185,,,3.1453678316,,,2.21172982655,0.758397899554
PHLI08,"PLTP",ENSG00000100979,12.066629,-5.67477909647,-4.13547452944,,-4.64761490082,2.9935938161421114,2.43218191312,-4.7663364829,,-5.3364067213,-4.33101903966,-3.33024477951,-1.40227544904,,,,,,,-2.08438253051,,-3.97596460862,,,,,-6.14096970058,,3.13527090703,-3.85462639422,-4.88440784205,-0.684472307053,-0.353969428604,-4.7106643074,-4.05325851396,,-5.44305845491,-5.05183116403,-3.06033777537,,,-6.07137126832,-5.08091067324,,,-3.30716209445,,,-0.00998207767174,0.0632246670754
PHLI10,"PLTP",ENSG00000100979,7.636106,-3.34070471255,-3.56857999833,,-4.54961734897,0.48235915430933696,0.354820098455,-3.11027498936,,-2.21865330372,-5.52275412221,-2.00442812076,-3.7716776318,,,,,,,0.611024956262,,-1.3331365056,,,,,-3.92962689643,,0.391574046366,-2.62897757446,-3.49027788181,-3.02262902701,-1.1322323524,-3.48270808825,-4.38788092885,,-4.5606287822,-2.93706809622,-1.40721704757,,,-2.96739969513,-2.19029298937,,,-1.42827301257,,,-1.6550288562,-0.891973579887
PHLI11,"PLTP",ENSG00000100979,6.166158,-3.38618167984,-3.06578634268,,-3.86527581261,-0.022158501082321046,-0.17018060477,-2.59743896607,,-2.12889424309,-5.10074234724,-1.50338789315,-3.27066068455,,,,,,,0.759820846982,,-0.773399098962,,,,,-3.47845215475,,0.0322311911915,-2.81410650888,-3.05588003895,-2.43124305263,-0.897394413907,-3.25939235639,-4.03464358495,,-4.17229320279,-2.51702989262,-1.54889198036,,,-2.51026578344,-2.15192879288,,,-1.19374704961,,,-1.44496636961,-0.588663907273
TRGL03,"PLTP",ENSG00000100979,18.108334,-7.47945564134,-7.36475181708,,-8.32366786788,3.093164690727706,2.14412097072,-5.34423891852,,-6.34728214442,-6.89845561835,-5.28263521383,-2.53238509656,,,,,,,-2.40639287605,,-5.2505039006,,,,,-8.42661111901,,4.41650249807,-7.26781669807,-8.48487702277,-3.97730335688,-0.575068657344,-7.2370601548,-5.36397605675,,-8.29647611636,-7.31533630697,-2.85684710092,,,-8.43436965245,-6.6829307725,,,-5.97498114487,,,-2.12502286402,-1.19179512547
TRGL06,"PLTP",ENSG00000100979,6.592015,-3.17773302844,-3.57058111373,,-4.18920325753,0.5330379269784576,0.278391754717,-3.3431300971,,-2.07582676474,-4.99972296782,-1.74225055609,-3.17129745002,,,,,,,0.33683649422,,-1.42693111841,,,,,-3.64223665131,,0.256817153378,-2.60160468506,-2.97110709328,-2.49217256749,-1.64869280987,-3.08500029271,-3.77335363215,,-4.20198471327,-2.77961765575,-0.648971264453,,,-2.73234050172,-1.87688549743,,,-1.22775555327,,,-2.03480266539,-1.38645461091
TRGL07,"PLTP",ENSG00000100979,10.159417,-4.31713831075,-4.51552097728,,-5.39255029277,0.8469699803749361,0.531148805864,-3.9693621799,,-2.99550174964,-6.05949910742,-2.74946033551,-3.95852577977,,,,,,,0.134383614971,,-1.94389164637,,,,,-4.7166836551,,0.695636223587,-3.14623257283,-4.16523372661,-3.33470719593,-1.65295598193,-4.29503140812,-4.97214699238,,-5.34660618566,-3.58782625586,-1.51800305553,,,-3.69062908708,-3.00822514471,,,-1.87630785482,,,-2.19851055961,-1.21122167948
TRGL08,"PLTP",ENSG00000100979,15.252076,-5.8007199487,-5.24844940007,,-6.24725377038,2.0975114198995093,1.43253307504,-4.41029848183,,-4.5369486129,-6.90010555832,-3.75871005518,-3.85743997781,,,,,,,-0.533305528858,,-2.97436508985,,,,,-5.8993689828,,2.18659532214,-3.49247702396,-5.23489810516,-2.68890031094,-1.13245873574,-4.78328307719,-6.16657043613,,-6.88086302256,-5.07658948365,-1.88386841631,,,-5.39946352327,-4.10886974287,,,-3.60517371877,,,-1.0554434296,-0.52867931093
TRGL09,"PLTP",ENSG00000100979,10.600984,-4.30534751159,-4.34298058632,,-5.15608959364,1.070903471273491,0.765254944553,-3.64333577563,,-3.24177787807,-6.28458339915,-2.68794192322,-3.57414229641,,,,,,,0.164355973038,,-1.97686585221,,,,,-4.71898766075,,1.09169961834,-3.47104118904,-4.20193731779,-3.0182544481,-1.10616292858,-3.97808397611,-4.9396965111,,-5.30721455167,-3.68344005761,-1.69732879311,,,-3.79552050385,-3.06736736214,,,-2.2462453576,,,-1.87742510477,-0.852485333891
TRGL10,"PLTP",ENSG00000100979,34.667521,10.5575749172,10.0923610237,,9.71915246889,-4.64969511350528,-3.37161585325,7.9411528472,,8.61183135955,9.35138306685,6.49685392689,6.06815703377,,,,,,,0.651036734198,,6.18311004394,,,,,9.33111428614,,-4.26615918322,7.89328509483,8.81063946567,2.96280208184,1.55912343662,9.84218711171,8.72563613295,,10.5626315884,8.42615501031,5.91975328803,,,9.78328276458,8.89253346678,,,4.02105268913,,,2.5115991372,0.918183037334
