code,target,ENSEMBL,association,Adipose_Subcutaneous,Adipose_Visceral_Omentum,Breast_Mammary_Tissue,Muscle_Skeletal,DGN_Whole_Blood,Whole_Blood,Artery_Aorta,Artery_Coronary,Artery_Tibial,Heart_Atrial_Appendage,Heart_Left_Ventricle,Spleen,Brain_Amygdala,Brain_Anterior_cingulate_cortex_BA24,Brain_Caudate_basal_ganglia,Brain_Nucleus_accumbens_basal_ganglia,Brain_Putamen_basal_ganglia,Brain_Cerebellar_Hemisphere,Brain_Cerebellum,Brain_Cortex,Brain_Frontal_Cortex_BA9,Brain_Hippocampus,Brain_Hypothalamus,Brain_Spinal_cord_cervical_c-1,Brain_Substantia_nigra,Nerve_Tibial,Cells_Transformed_fibroblasts,Cells_EBV-transformed_lymphocytes,Colon_Sigmoid,Colon_Transverse,Esophagus_Gastroesophageal_Junction,Esophagus_Mucosa,Esophagus_Muscularis,Liver,Minor_Salivary_Gland,Small_Intestine_Terminal_Ileum,Stomach,Adrenal_Gland,Pituitary,Pancreas,Thyroid,Lung,Ovary,Prostate,Testis,Uterus,Vagina,Skin_Not_Sun_Exposed_Suprapubic,Skin_Sun_Exposed_Lower_leg
BLOO02,"LURAP1",ENSG00000171357,4.124615,3.05561463979,2.49927778234,4.25713100173,-2.91116300835,,-1.84614734534,6.23403846812,,,3.84136358057,3.21232998253,-0.567648043836,,,,,,,,,1.0310871075,,,,,2.41992072688,2.86547214446,-2.2054315976,5.67385922143,,2.71622854921,2.5641438026,3.51306156058,-2.71465941329,,,,2.46595342006,,-2.15810364391,2.37816298122,1.82156665251,,,,,,3.22952787878,3.96309650337
BLOO03,"LURAP1",ENSG00000171357,1.768811,1.62009071533,1.17349217562,2.73581823529,-1.80512832446,,-0.847427187437,4.70942660292,,,2.18214897454,1.76507594432,-0.867105040003,,,,,,,,,-0.00310618315093,,,,,1.20073971853,2.44599208281,-2.10092276614,4.43002665028,,2.23117004299,1.5442248235,3.11586335126,-1.59732023974,,,,1.74023732155,,-1.69576692581,2.30383038251,0.404217301168,,,,,,2.86450101915,2.83135745668
BLOO06,"LURAP1",ENSG00000171357,2.149574,0.181200940535,-0.853384386619,-0.122837229813,-1.98314373854,,-2.40327473397,3.16847891856,,,4.88265426475,-0.251292098074,-1.76842282508,,,,,,,,,0.681022878866,,,,,-0.0872420196588,2.21764728006,-2.36381981853,1.50836061504,,0.510494375694,0.247605990104,2.23475129751,-1.8633198101,,,,0.152396530664,,-1.57576378741,1.4999133872,-0.392961757461,,,,,,0.904753123157,0.46317731497
BLOO09,"LURAP1",ENSG00000171357,2.421464,0.0905520540938,-1.01725481044,-0.298397651227,-2.11900299331,,-2.65695656616,3.30935239619,,,5.169187636,-0.109963547674,-1.89867209659,,,,,,,,,0.854413660912,,,,,-0.209330320951,2.17909170676,-2.58556607117,1.38881495824,,0.216293437744,0.00761822822737,2.13456223556,-2.0000649517,,,,0.0377609980239,,-1.76433681038,1.39513444377,-0.493486775273,,,,,,0.659879778422,0.279185913619
BLOO10,"LURAP1",ENSG00000171357,2.430135,0.296097386324,-0.848287343546,-0.0815545917928,-2.23347158215,,-2.67304595247,3.51774844953,,,5.35438300382,-0.0844127372723,-1.72991111595,,,,,,,,,0.760036787514,,,,,-0.066728154168,2.39812738028,-2.47594640077,1.59513400281,,0.267023430876,0.155965668462,2.3422348745,-2.14951958354,,,,0.152226802667,,-1.85577085069,1.49013312153,-0.339452276077,,,,,,0.776727464137,0.529515725279
BLOO12,"LURAP1",ENSG00000171357,1.768556,0.415161467532,-0.412992670439,0.357018039645,-2.27877544461,,-2.71130039083,3.37734360076,,,5.43882708387,0.255088888018,-1.07338838642,,,,,,,,,0.783743230945,,,,,0.159136677372,2.28484807318,-1.99453175791,1.83102277916,,0.138098804747,0.230001695556,2.16485267866,-2.26805666918,,,,0.455603619951,,-1.97268188045,1.40833049889,-0.149207259098,,,,,,0.813232234087,0.758847402325
BLOO13,"LURAP1",ENSG00000171357,2.216697,0.207539275925,-0.840032307523,-0.113322351761,-2.09911034376,,-2.42251694864,3.27159596907,,,4.96008399283,-0.177845826169,-1.75989901174,,,,,,,,,0.704556200032,,,,,-0.0450220700522,2.27843229193,-2.41922670843,1.53010438997,,0.474959519052,0.271265081199,2.27042990734,-1.97929706512,,,,0.164080037457,,-1.69805879783,1.52641574505,-0.353321890873,,,,,,0.860152183333,0.468646078209
BLOO30,"LURAP1",ENSG00000171357,2.474955,0.0654271367765,-1.03300750619,-0.293359520849,-2.03328355847,,-2.63851981859,3.23274538418,,,5.13162608439,-0.169293392881,-1.94547943983,,,,,,,,,0.780830179634,,,,,-0.207334982519,2.15614991736,-2.59204744924,1.38632449556,,0.234804676748,-0.0307304142789,2.13317352297,-1.92162670623,,,,0.0366903228887,,-1.6883386944,1.37097261968,-0.530676574344,,,,,,0.698007596521,0.300619562078
BLOO35,"LURAP1",ENSG00000171357,2.378004,2.43981008273,1.81215883487,1.63067219816,-2.13816049451,,-0.240379777192,3.50851488177,,,4.78045695994,3.1664256559,-0.0654036909546,,,,,,,,,-0.0790575682131,,,,,2.09651155895,3.03155066279,-1.52762136439,3.01349658974,,3.00084244132,2.00803675245,2.98580725558,-1.92640561073,,,,3.15209575309,,-1.37251186783,3.17269327503,2.39260890226,,,,,,2.87654219618,2.93439807192
MENO01F,"LURAP1",ENSG00000171357,1.349421,-0.94472021458,-2.71774920196,-2.92443722603,-1.32357630082,,-1.51455221267,0.217417285897,,,0.967168209627,1.20570233428,-5.50619694656,,,,,,,,,-0.239054615773,,,,,-0.897734483337,-2.2512881586,-5.12573342749,-3.10739276537,,-1.62469643772,-2.55212995467,-1.84952853459,0.246515953353,,,,-1.46262832383,,-3.52665158421,-2.01264047268,-2.1192671209,,,,,,-2.90800552643,-1.87635594492
