code,target,ENSEMBL,association,Adipose_Subcutaneous,Adipose_Visceral_Omentum,Breast_Mammary_Tissue,Muscle_Skeletal,DGN_Whole_Blood,Whole_Blood,Artery_Aorta,Artery_Coronary,Artery_Tibial,Heart_Atrial_Appendage,Heart_Left_Ventricle,Spleen,Brain_Amygdala,Brain_Anterior_cingulate_cortex_BA24,Brain_Caudate_basal_ganglia,Brain_Nucleus_accumbens_basal_ganglia,Brain_Putamen_basal_ganglia,Brain_Cerebellar_Hemisphere,Brain_Cerebellum,Brain_Cortex,Brain_Frontal_Cortex_BA9,Brain_Hippocampus,Brain_Hypothalamus,Brain_Spinal_cord_cervical_c-1,Brain_Substantia_nigra,Nerve_Tibial,Cells_Transformed_fibroblasts,Cells_EBV-transformed_lymphocytes,Colon_Sigmoid,Colon_Transverse,Esophagus_Gastroesophageal_Junction,Esophagus_Mucosa,Esophagus_Muscularis,Liver,Minor_Salivary_Gland,Small_Intestine_Terminal_Ileum,Stomach,Adrenal_Gland,Pituitary,Pancreas,Thyroid,Lung,Ovary,Prostate,Testis,Uterus,Vagina,Skin_Not_Sun_Exposed_Suprapubic,Skin_Sun_Exposed_Lower_leg
BFPC04B,"SRPK1",ENSG00000096063,3.355207,,,,,-2.8185619144310445,-0.984564084702,,,,,,-2.56521354616,-1.88270491696,-0.672206971881,-1.95511139726,,,-1.55645331293,-5.85201122277,,,,-2.75730717435,,,,3.01413957953,,,,,,,,,,0.380234489001,,,-0.527725691852,,,2.48458469142,,-0.591716718494,,,,
BFPC04F,"SRPK1",ENSG00000096063,3.257754,,,,,-0.635437790518012,-0.828157033009,,,,,,-1.14355359456,-1.25241367026,-0.813528307968,-1.56000295915,,,-2.13245082652,-5.16045080586,,,,-2.07166561888,,,,1.73131214182,,,,,,,,,,0.838309973671,,,-1.21846870352,,,1.89998137856,,0.0915197766161,,,,
BFPC04,"SRPK1",ENSG00000096063,3.930295,,,,,-2.6043753318456653,-1.01838559518,,,,,,-2.46014831391,-1.94259812018,-0.811876973929,-2.06629098443,,,-1.92817553282,-6.15791889563,,,,-2.86629905986,,,,3.00352053658,,,,,,,,,,0.507054387446,,,-0.836110138222,,,2.56853040162,,-0.391701160353,,,,
BLOO04,"SRPK1",ENSG00000096063,7.292660,,,,,-3.866017018878722,0.967120113349,,,,,,-3.8152393679,-4.0564385276,-3.96301788272,-4.61900941222,,,-2.55317608964,-4.42116990362,,,,-4.77643782444,,,,4.63398852005,,,,,,,,,,0.81005070917,,,-2.21028953265,,,0.631070031464,,-0.714598219786,,,,
BLOO07,"SRPK1",ENSG00000096063,10.010777,,,,,-4.920086885606202,-2.17235561245,,,,,,-6.06956334027,-5.53562799792,-4.2550531388,-5.19781784016,,,-5.16300615604,-6.18401377325,,,,-4.83722082,,,,5.93537981488,,,,,,,,,,-1.54539546386,,,-4.13842715276,,,0.535134060167,,2.27172225947,,,,
BLOO16,"SRPK1",ENSG00000096063,7.636050,,,,,-4.290730778472153,-2.08770617013,,,,,,-5.56561487982,-4.86992594476,-3.69120621695,-4.38802900595,,,-4.84238375348,-5.48936583981,,,,-4.09180021091,,,,5.02114145827,,,,,,,,,,-1.15541230956,,,-3.36722933072,,,0.606158800168,,2.02532740293,,,,
BLOO17,"SRPK1",ENSG00000096063,7.306001,,,,,-4.229928815327156,-2.52198139677,,,,,,-4.89406785861,-4.39888230001,-2.6435291785,-4.1841317519,,,-4.26394617067,-5.6692390348,,,,-3.97840123467,,,,5.17802076409,,,,,,,,,,-1.95981694934,,,-3.88169596428,,,0.637927231625,,2.33685839401,,,,
BLOO18,"SRPK1",ENSG00000096063,7.675532,,,,,-4.425104306400354,-2.59733706191,,,,,,-5.0242546103,-4.21338981388,-2.84319290432,-4.34870022337,,,-4.57270596851,-6.02384448381,,,,-4.23160178251,,,,5.0131629262,,,,,,,,,,-1.77950468813,,,-3.78427024286,,,0.902720860398,,2.34593411972,,,,
BLOO21,"SRPK1",ENSG00000096063,9.947498,,,,,-4.534091013866359,-0.265290228389,,,,,,-4.21882033556,-4.1282676995,-4.1189889525,-5.07166805657,,,-3.43972749458,-5.34038069127,,,,-5.278234793,,,,5.29126211983,,,,,,,,,,1.23309091534,,,-2.26867685664,,,0.980077225302,,0.0495820686291,,,,
BLOO22,"SRPK1",ENSG00000096063,8.436495,,,,,-4.272935047680489,0.37372054438,,,,,,-3.99264768408,-4.07555227858,-4.27459846817,-4.97341132536,,,-3.34380004272,-5.05847568495,,,,-5.12933336195,,,,5.05051183171,,,,,,,,,,1.00997687294,,,-2.21783247696,,,1.01326745975,,-0.181232190306,,,,
BLOO23,"SRPK1",ENSG00000096063,7.114927,,,,,-3.9169477832595527,-0.706856838461,,,,,,-3.38611820536,-2.58903094248,-3.32355506049,-4.22061197558,,,-3.59264089158,-4.57035618032,,,,-4.58195540693,,,,4.67310542253,,,,,,,,,,0.952577915613,,,-1.65386968024,,,1.31643328619,,0.153532002179,,,,
BLOO26,"SRPK1",ENSG00000096063,7.775881,,,,,-5.025144333695701,-4.05689881089,,,,,,-2.91319026849,-0.923275547609,-0.189317534805,-3.47548458136,,,-3.1603194486,-2.44113361614,,,,-3.62752467465,,,,4.86088463418,,,,,,,,,,0.532590487783,,,-1.5096075369,,,0.687627124611,,2.20004805635,,,,
BLOO31,"SRPK1",ENSG00000096063,4.915781,,,,,3.6229896184699557,2.72921882931,,,,,,4.35908341409,3.38467090386,1.98493658026,3.40775699953,,,4.11987555603,5.46446718494,,,,3.28618371908,,,,-4.00813739986,,,,,,,,,,1.69416703781,,,3.12263780458,,,-0.743995155831,,-2.22684831164,,,,
BLOO36,"SRPK1",ENSG00000096063,9.002850,,,,,-4.443597991715145,-0.0392624017447,,,,,,-4.189486129,-4.16812697777,-3.86802989254,-4.9163357433,,,-2.82195221567,-5.00918022489,,,,-5.17910358455,,,,5.18693369876,,,,,,,,,,1.06062175806,,,-2.48229771658,,,0.511869185094,,-0.266638026316,,,,
HEIG03,"SRPK1",ENSG00000096063,1.216990,,,,,-0.05970583192522751,-4.02079734118,,,,,,-3.52672108529,-7.50865806454,1.05883913466,-0.204078566952,,,-0.62375749618,0.812681179517,,,,-0.402687990231,,,,3.22270175106,,,,,,,,,,-0.729857047925,,,-1.69863594991,,,2.10325908158,,3.27873635438,,,,
HEIG04F,"SRPK1",ENSG00000096063,0.466126,,,,,-0.9531208037535202,-0.911544212491,,,,,,-2.91549561962,-5.32084550632,-0.998476394166,-1.04975186044,,,-0.737976711637,0.3378716392,,,,-1.2624912779,,,,1.77393514804,,,,,,,,,,-0.511921423368,,,-0.925014928143,,,1.01308340004,,1.14578508759,,,,
LEAN06,"SRPK1",ENSG00000096063,6.776712,,,,,1.7159834283077942,-2.72343021545,,,,,,0.0122259110228,-3.0672902726,2.60114761105,2.72586767298,,,0.496673795228,1.37846183574,,,,2.33045297733,,,,-0.816606568461,,,,,,,,,,-1.01103804802,,,-2.141719036,,,0.547373149342,,1.88530873331,,,,
MENO01F,"SRPK1",ENSG00000096063,6.797730,,,,,3.388594868318675,-0.953898945466,,,,,,2.44422840813,1.05891784683,3.40911138082,3.67842591809,,,2.62991168852,2.18946455275,,,,4.92704750476,,,,-3.83594572809,,,,,,,,,,-0.328210038316,,,3.11745191902,,,0.883135465002,,0.314220741014,,,,
