code,target,ENSEMBL,association,Adipose_Subcutaneous,Adipose_Visceral_Omentum,Breast_Mammary_Tissue,Muscle_Skeletal,DGN_Whole_Blood,Whole_Blood,Artery_Aorta,Artery_Coronary,Artery_Tibial,Heart_Atrial_Appendage,Heart_Left_Ventricle,Spleen,Brain_Amygdala,Brain_Anterior_cingulate_cortex_BA24,Brain_Caudate_basal_ganglia,Brain_Nucleus_accumbens_basal_ganglia,Brain_Putamen_basal_ganglia,Brain_Cerebellar_Hemisphere,Brain_Cerebellum,Brain_Cortex,Brain_Frontal_Cortex_BA9,Brain_Hippocampus,Brain_Hypothalamus,Brain_Spinal_cord_cervical_c-1,Brain_Substantia_nigra,Nerve_Tibial,Cells_Transformed_fibroblasts,Cells_EBV-transformed_lymphocytes,Colon_Sigmoid,Colon_Transverse,Esophagus_Gastroesophageal_Junction,Esophagus_Mucosa,Esophagus_Muscularis,Liver,Minor_Salivary_Gland,Small_Intestine_Terminal_Ileum,Stomach,Adrenal_Gland,Pituitary,Pancreas,Thyroid,Lung,Ovary,Prostate,Testis,Uterus,Vagina,Skin_Not_Sun_Exposed_Suprapubic,Skin_Sun_Exposed_Lower_leg
BLOO01,"FAM208A",ENSG00000163946,17.374101,-2.60061382005,-7.48272639772,,,,-3.09567542632,1.38111576648,,-2.78180204001,,,,,,,,,,0.0263755645213,,,,,,,-2.54221062468,-1.6820802017,,,,,-0.868515371842,-2.4871763183,,,,-1.51501320889,,,,-3.62130885766,-5.35700659489,,,,,,-5.59075958217,-3.59739904093
BLOO02,"FAM208A",ENSG00000163946,20.100294,6.63696566059,7.75355899211,,,,0.793729945406,4.9838517824,,2.33047796482,,,,,,,,,,5.45087342116,,,,,,,5.05935530002,5.46998390009,,,,,5.30045637135,6.87173687174,,,,6.46032701322,,,,3.33921660967,7.27982080734,,,,,,7.43709777904,6.4571118591
BLOO03,"FAM208A",ENSG00000163946,14.037380,5.49743366299,6.49851542593,,,,0.637876242309,3.99388940424,,2.26216930676,,,,,,,,,,4.37210278134,,,,,,,3.87509333191,4.20574687455,,,,,4.54681877691,5.59868308784,,,,4.7806486625,,,,3.3493817318,5.8256430301,,,,,,6.08995299194,5.16763556775
BLOO11,"FAM208A",ENSG00000163946,4.860782,4.24642086407,4.13251698385,,,,-0.880271748825,4.01289693258,,3.02185741579,,,,,,,,,,4.59808165477,,,,,,,3.3576145082,4.54274570546,,,,,5.58731410254,4.52994233104,,,,3.44414566508,,,,2.5100951293,4.0205264036,,,,,,3.95810848293,3.94533109096
BLOO20,"FAM208A",ENSG00000163946,14.181471,5.68074648814,6.99566373258,,,,0.897033313229,4.11949238812,,2.47121165769,,,,,,,,,,4.62879492406,,,,,,,3.9099671259,4.32542936792,,,,,4.61596860366,5.83886665581,,,,4.97124271365,,,,2.98266159818,6.22901488126,,,,,,6.44892307942,5.53856926788
BLOO29,"FAM208A",ENSG00000163946,26.851058,2.55331575337,10.5933963169,,,,3.94509140346,-inf,,5.44525799603,,,,,,,,,,-1.7733869194,,,,,,,2.97853104929,1.27508733788,,,,,2.1673706871,2.23265551252,,,,1.62066414311,,,,2.65683629699,7.95551347061,,,,,,8.0537916855,4.15024346998
EDUC03,"FAM208A",ENSG00000163946,6.290849,5.36243974763,4.46292084912,,,,-2.02005866397,1.9727321081,,2.05685252546,,,,,,,,,,4.77901556156,,,,,,,3.93594068098,4.02015065905,,,,,4.15802960976,4.96398069518,,,,2.54580492093,,,,2.58212498073,4.98295225669,,,,,,4.57471494374,5.26789249897
HEIG03,"FAM208A",ENSG00000163946,15.496618,7.71071086084,4.86444547951,,,,-1.01983974143,3.4554009123,,5.4292961627,,,,,,,,,,7.50519727344,,,,,,,5.19799725485,7.5992127547,,,,,6.0434612959,8.30730317666,,,,3.53570339482,,,,4.95558978798,5.43957818627,,,,,,5.25334237188,5.81456301454
HIPC01,"FAM208A",ENSG00000163946,4.719627,4.44026166324,3.17912219559,,,,-2.13663526295,3.1131229282,,3.18323124439,,,,,,,,,,4.60893157799,,,,,,,4.85625945165,4.5155475232,,,,,3.19942946175,3.81345840486,,,,2.48735995967,,,,3.62024328401,3.59803866583,,,,,,3.27422660462,4.23321550258
HIPC03M,"FAM208A",ENSG00000163946,6.570312,5.06551659857,3.65863771125,,,,1.00465051534,2.77492091342,,2.65702224585,,,,,,,,,,5.18921769254,,,,,,,4.44866189743,4.12552158153,,,,,3.44725190467,4.2865052299,,,,3.02543529207,,,,3.70275053354,4.24917493209,,,,,,4.50958488745,4.77721634954
HIPC03,"FAM208A",ENSG00000163946,8.410207,5.14457926106,4.03890686783,,,,0.0511898512755,2.81890860635,,4.44095355471,,,,,,,,,,5.54871369698,,,,,,,5.66991231388,4.80098702649,,,,,3.55888706727,4.4083998502,,,,3.50332221556,,,,3.585029445,4.51146654957,,,,,,4.53670507643,5.26023114454
HIPC04M,"FAM208A",ENSG00000163946,7.583709,4.87902415757,3.57583630184,,,,0.98863490795,2.74046233221,,2.61466533275,,,,,,,,,,5.14817815358,,,,,,,4.34114385445,4.06382572647,,,,,3.34750156224,4.22751926067,,,,2.99580681695,,,,3.6702017967,4.16108103129,,,,,,4.41646162163,4.72671909077
HIPC04,"FAM208A",ENSG00000163946,8.974817,5.06722247504,3.97177824412,,,,0.0499132406887,2.74123511728,,4.33020205384,,,,,,,,,,5.48123421229,,,,,,,5.61680644373,4.64576491393,,,,,3.46130583296,4.31476813874,,,,3.54881357717,,,,3.73309675468,4.44806358357,,,,,,4.47159528688,5.25415228455
LEAN04B,"FAM208A",ENSG00000163946,10.417266,3.73751906073,2.62745398242,,,,0.568105972592,3.05628919957,,3.4559276878,,,,,,,,,,4.97662175402,,,,,,,3.78132936965,3.37980955048,,,,,2.59108378295,3.7463042277,,,,1.66817252028,,,,3.73593318559,1.66451358585,,,,,,2.30522565487,2.49858016977
LEAN04M,"FAM208A",ENSG00000163946,6.398288,4.23829745569,2.50833680673,,,,-1.04136380518,3.23859729961,,2.83386086346,,,,,,,,,,4.84817161624,,,,,,,4.4215045706,3.83613024076,,,,,1.94859830211,3.8519503321,,,,2.17961571807,,,,3.28200633059,2.56043125192,,,,,,2.64856584243,3.00434420085
LEAN04,"FAM208A",ENSG00000163946,10.508190,4.41571385819,2.78552003487,,,,-0.322633958649,3.4339570508,,3.44358493752,,,,,,,,,,5.44263435294,,,,,,,4.58870620523,3.92624871473,,,,,2.64812745923,4.1534187711,,,,2.10635605641,,,,3.83182700354,2.34230079488,,,,,,2.73684334881,3.10971086661
LEAN05B,"FAM208A",ENSG00000163946,9.214393,3.79792908841,2.61813900199,,,,0.428975695276,3.19738410474,,3.38262555257,,,,,,,,,,5.06571657899,,,,,,,3.79674256623,3.37159552329,,,,,2.70992142856,3.79387481647,,,,1.61751907524,,,,3.68621195127,1.70213742068,,,,,,2.31421994951,2.56730267996
LEAN05M,"FAM208A",ENSG00000163946,5.988810,4.17799669561,2.43309057311,,,,-1.06303403428,3.16961242003,,2.78100140457,,,,,,,,,,4.81640587397,,,,,,,4.39445184646,3.75042564633,,,,,1.90531407719,3.77599785475,,,,2.13252924984,,,,3.23523760865,2.51799900525,,,,,,2.60261997174,2.97522736406
LEAN05,"FAM208A",ENSG00000163946,8.879492,4.43180723448,2.74420988265,,,,-0.424267483604,3.49227192504,,3.36597346455,,,,,,,,,,5.49038408591,,,,,,,4.58845654565,3.88477609705,,,,,2.70789976628,4.15193883343,,,,2.05830936076,,,,3.78549860463,2.34944022791,,,,,,2.72470305284,3.14241989714
LEAN06B,"FAM208A",ENSG00000163946,13.051250,5.05106841266,4.0041071286,,,,-0.103243690782,3.42384603627,,4.93460502716,,,,,,,,,,5.91216543174,,,,,,,5.07181742085,4.6752018005,,,,,4.05877246256,5.20356395028,,,,2.29658999086,,,,4.02609020141,3.11039383589,,,,,,3.82218028284,3.72344571936
LEAN06M,"FAM208A",ENSG00000163946,12.731820,5.43776688562,3.97989936745,,,,-1.47030487067,3.25400058246,,3.90748138611,,,,,,,,,,6.0012577981,,,,,,,4.94487358985,4.88696721265,,,,,3.26234031593,5.18310302463,,,,2.57758710704,,,,3.63899094805,3.63796446855,,,,,,3.89576760979,4.26507217988
LEAN06,"FAM208A",ENSG00000163946,13.267558,5.66259866739,4.22741317226,,,,-0.776453580862,3.60132274518,,4.84200056138,,,,,,,,,,6.49730104335,,,,,,,5.42281435581,5.14717244058,,,,,4.06664511092,5.6219334002,,,,2.52804798894,,,,4.15954441062,3.52011823784,,,,,,4.09940987439,4.25689091397
OSTE04,"FAM208A",ENSG00000163946,5.723699,-3.7998239216,-2.9634206341,,,,1.55026630625,-2.10072329871,,-2.32739348589,,,,,,,,,,-4.27429565024,,,,,,,-2.3889757179,-2.51792297351,,,,,-3.84159101517,-4.5378314158,,,,-2.39134389995,,,,-1.74942785844,-3.35224322887,,,,,,-2.94232655641,-3.79174477675
