code,target,ENSEMBL,association,Adipose_Subcutaneous,Adipose_Visceral_Omentum,Breast_Mammary_Tissue,Muscle_Skeletal,DGN_Whole_Blood,Whole_Blood,Artery_Aorta,Artery_Coronary,Artery_Tibial,Heart_Atrial_Appendage,Heart_Left_Ventricle,Spleen,Brain_Amygdala,Brain_Anterior_cingulate_cortex_BA24,Brain_Caudate_basal_ganglia,Brain_Nucleus_accumbens_basal_ganglia,Brain_Putamen_basal_ganglia,Brain_Cerebellar_Hemisphere,Brain_Cerebellum,Brain_Cortex,Brain_Frontal_Cortex_BA9,Brain_Hippocampus,Brain_Hypothalamus,Brain_Spinal_cord_cervical_c-1,Brain_Substantia_nigra,Nerve_Tibial,Cells_Transformed_fibroblasts,Cells_EBV-transformed_lymphocytes,Colon_Sigmoid,Colon_Transverse,Esophagus_Gastroesophageal_Junction,Esophagus_Mucosa,Esophagus_Muscularis,Liver,Minor_Salivary_Gland,Small_Intestine_Terminal_Ileum,Stomach,Adrenal_Gland,Pituitary,Pancreas,Thyroid,Lung,Ovary,Prostate,Testis,Uterus,Vagina,Skin_Not_Sun_Exposed_Suprapubic,Skin_Sun_Exposed_Lower_leg
BFPC04B,"SMARCD2",ENSG00000108604,6.918437,0.59375944147,,,3.41521833243,-4.531166886098482,-4.08606866335,0.888205803607,,0.561719986948,,,,,,-5.67616400176,,,,,-2.91927725032,,,,,,-1.77996438763,2.07269974522,,-2.2178270376,,,,-0.137224337433,,,,,,,-0.278774666076,,,,,,,,,
BFPC04M,"SMARCD2",ENSG00000108604,8.778455,1.23061487294,,,3.93970824411,-4.130606222604216,-3.61469552914,0.82604964255,,0.70014826291,,,,,,-5.99342239925,,,,,-3.31594670997,,,,,,-1.72313773791,1.1689864702,,-2.19279648751,,,,0.884247196603,,,,,,,0.291634174184,,,,,,,,,
BFPC04,"SMARCD2",ENSG00000108604,6.021824,0.459135382921,,,3.06597907649,-4.248711362333303,-3.83807845255,0.888739915361,,0.506439019296,,,,,,-5.20767758153,,,,,-2.6310075912,,,,,,-1.65212639758,2.16009897862,,-2.04217612088,,,,-0.349156388959,,,,,,,-0.411181085568,,,,,,,,,
BLOO20,"SMARCD2",ENSG00000108604,6.429492,-4.4798815139,,,-4.13405993389,-2.7918709935825947,-2.89620574384,-1.56581749343,,-5.02831872308,,,,,,0.921495015312,,,,,1.24362020955,,,,,,-4.05958829236,0.208161722123,,-1.89282491081,,,,-3.1461510976,,,,,,,-3.63946983934,,,,,,,,,
BLOO33,"SMARCD2",ENSG00000108604,6.234324,-4.67848118593,,,-2.69209898137,-4.510045349645783,-3.95998861926,-1.97175980682,,-4.18841781607,,,,,,-0.338741834355,,,,,-0.514797789519,,,,,,-4.29401065386,-2.61259749588,,-4.13143713667,,,,-1.77599083202,,,,,,,-3.63346398348,,,,,,,,,
BODY03,"SMARCD2",ENSG00000108604,5.449075,-3.98492270619,,,-1.30730721294,-5.548985690969697,-5.28724703709,-2.70222233846,,-4.23142958699,,,,,,-0.403673268022,,,,,-1.02855323582,,,,,,-2.76448933774,-0.611516379355,,-2.21344319718,,,,-3.19484502182,,,,,,,-3.89870139306,,,,,,,,,
BODY04,"SMARCD2",ENSG00000108604,5.815990,-4.14710740053,,,-1.37196200677,-5.739537557761688,-5.47804637532,-2.95708651809,,-4.40503911016,,,,,,-0.320529868841,,,,,-0.968946191402,,,,,,-2.99681197502,-0.622023345903,,-2.31912752152,,,,-3.45840127281,,,,,,,-4.06334734463,,,,,,,,,
HEIG02,"SMARCD2",ENSG00000108604,6.965091,1.17021701912,,,-2.8053200646,5.588974153193529,6.03810240918,0.672855139538,,1.28076571422,,,,,,5.21760190577,,,,,3.56366812255,,,,,,-0.875948796161,0.135268463805,,3.00382520908,,,,1.70014856838,,,,,,,0.415500957644,,,,,,,,,
HEIG03,"SMARCD2",ENSG00000108604,13.670439,0.614821508583,,,-6.65694907349,9.235842346289575,9.79617918419,0.423692961478,,-0.10155733366,,,,,,11.3823814252,,,,,7.40793538601,,,,,,-1.72849700372,0.338086424357,,3.97262803692,,,,1.52347689176,,,,,,,-0.851021560809,,,,,,,,,
HEIG04F,"SMARCD2",ENSG00000108604,5.878736,-0.679124642924,,,-3.91189163972,3.1859014363164,4.21705868606,0.700142253826,,-0.965627725524,,,,,,5.58085903396,,,,,3.57235022186,,,,,,-0.343861610846,-0.954988197898,,1.60161317201,,,,-0.896347614899,,,,,,,-1.50526086296,,,,,,,,,
HEIG04M,"SMARCD2",ENSG00000108604,6.156960,0.874902538043,,,-2.37339670958,4.4759465393451645,5.50874850572,-0.193639712262,,0.72245514406,,,,,,5.47559877047,,,,,3.53832410258,,,,,,1.78227789423,0.107399724696,,2.52320004214,,,,1.73628680514,,,,,,,0.466046934502,,,,,,,,,
HIPC03F,"SMARCD2",ENSG00000108604,2.392845,-0.511749170804,,,-1.95353211822,2.6667081734279874,3.02779076488,1.81420370008,,-0.138517896671,,,,,,5.05042387021,,,,,3.42412141293,,,,,,-0.395919256477,0.505276841008,,0.429478822382,,,,-0.356914018719,,,,,,,-0.642254493379,,,,,,,,,
HIPC03,"SMARCD2",ENSG00000108604,4.318777,0.297501954727,,,-2.44801066655,4.673694838071246,4.52954872389,1.97552304877,,0.289382123052,,,,,,6.61099887908,,,,,5.17772779518,,,,,,-0.182924547643,0.376224011544,,1.37511403503,,,,0.0898373816473,,,,,,,-0.0369446721829,,,,,,,,,
HIPC04F,"SMARCD2",ENSG00000108604,2.467857,-0.503274781173,,,-1.90496585981,2.6467122820975924,2.97765159745,1.95082007138,,-0.1362240891,,,,,,5.00285254336,,,,,3.37137202377,,,,,,-0.389360459473,0.496909622043,,0.422366846091,,,,-0.406943395283,,,,,,,-0.631618996554,,,,,,,,,
HIPC04,"SMARCD2",ENSG00000108604,4.543042,0.290082642986,,,-2.37736894875,4.59590075491085,4.41658763959,2.04076415986,,0.282165312068,,,,,,6.48063522143,,,,,5.05381623765,,,,,,-0.178680457173,0.366841490496,,1.34082049264,,,,0.0717075412913,,,,,,,-0.0360232987367,,,,,,,,,
LEAN04B,"SMARCD2",ENSG00000108604,15.310194,-0.744388328922,,,-4.67695214043,6.588554486844285,6.01487986332,-0.125001507379,,-1.28263785311,,,,,,10.1725925365,,,,,7.29412317012,,,,,,2.59231683029,-0.30015426733,,0.74605235357,,,,0.739664817581,,,,,,,0.0328532138916,,,,,,,,,
LEAN04F,"SMARCD2",ENSG00000108604,7.877031,-1.02830107203,,,-2.93868660523,4.5789432018922875,4.05111315219,0.892724436447,,-1.26838266592,,,,,,7.43040006983,,,,,5.29531912136,,,,,,1.4577580744,-1.3174939895,,0.126744011366,,,,0.10836574457,,,,,,,-0.534551384514,,,,,,,,,
LEAN04M,"SMARCD2",ENSG00000108604,10.437374,0.108851809984,,,-4.20995714671,5.319397749072939,5.03677627349,-1.46379013329,,-0.514219705713,,,,,,7.72099752283,,,,,5.58161217204,,,,,,2.57316369192,1.2770024946,,1.14365653044,,,,1.15967308871,,,,,,,0.801748111612,,,,,,,,,
LEAN04,"SMARCD2",ENSG00000108604,17.768887,-0.46290031984,,,-4.97358280355,6.58715863450438,6.05836355576,-0.879090976287,,-1.1171493402,,,,,,10.0174605093,,,,,7.17992082833,,,,,,2.74903994981,0.536982920569,,1.02993955033,,,,1.02551221759,,,,,,,0.404566034378,,,,,,,,,
LEAN05B,"SMARCD2",ENSG00000108604,17.754364,-0.806394262899,,,-4.78389639909,6.64095391985076,6.11134980768,-0.1742156279,,-1.34941524712,,,,,,10.3006811488,,,,,7.34524388577,,,,,,2.58521145388,-0.516469513368,,0.745097497232,,,,0.607896511876,,,,,,,0.0479796528251,,,,,,,,,
LEAN05F,"SMARCD2",ENSG00000108604,8.507938,-1.12605842142,,,-3.10578043934,4.652886836244181,4.17364349149,0.816293227193,,-1.36544193344,,,,,,7.63991809508,,,,,5.3765786318,,,,,,1.44862076693,-1.53816553011,,0.133486821274,,,,-0.0318534606229,,,,,,,-0.511571547048,,,,,,,,,
LEAN05M,"SMARCD2",ENSG00000108604,10.400488,0.14019834811,,,-4.18957042383,5.336182319835593,5.06388132366,-1.4601575991,,-0.497707307364,,,,,,7.69245794264,,,,,5.58591905106,,,,,,2.5891057838,1.21383633603,,1.14180489783,,,,1.13021591487,,,,,,,0.804875868068,,,,,,,,,
LEAN05,"SMARCD2",ENSG00000108604,14.854866,-0.486585300663,,,-5.03480759758,6.642428808346183,6.14612881907,-0.907826107494,,-1.14688495513,,,,,,10.1065497503,,,,,7.23257763232,,,,,,2.76244958454,0.375592708355,,1.02598829972,,,,0.929319563278,,,,,,,0.415736462644,,,,,,,,,
LEAN06B,"SMARCD2",ENSG00000108604,26.457722,-0.479443458083,,,-6.03292119586,8.542670635850955,7.78338280543,0.36782522527,,-1.20911027897,,,,,,12.8053634197,,,,,9.12629343986,,,,,,4.05726616159,0.288584975733,,1.80011338176,,,,0.505035444003,,,,,,,0.734111797253,,,,,,,,,
LEAN06F,"SMARCD2",ENSG00000108604,18.627585,-1.02926270165,,,-5.08768853505,6.710315561695956,6.01812865433,0.187400504272,,-1.48661639039,,,,,,10.3146841015,,,,,7.28139628943,,,,,,2.54704534861,-1.15788737866,,1.65357791228,,,,-0.578608722084,,,,,,,0.560995641322,,,,,,,,,
LEAN06M,"SMARCD2",ENSG00000108604,12.355266,0.677924516669,,,-3.78658786601,6.132896962206604,5.73696833429,0.418978300956,,-0.0274583791683,,,,,,8.79600478235,,,,,6.375385725,,,,,,3.91769806158,2.37761617352,,0.918216589568,,,,1.88930309664,,,,,,,0.549572180048,,,,,,,,,
LEAN06,"SMARCD2",ENSG00000108604,23.778925,0.0210574919703,,,-5.647816388,8.318299314572597,7.64127052599,0.298840677036,,-0.789661148434,,,,,,12.2837427748,,,,,8.78105401974,,,,,,4.40237022206,1.39064336611,,1.59495518308,,,,1.24648630008,,,,,,,0.726027764913,,,,,,,,,
