code,target,ENSEMBL,association,Adipose_Subcutaneous,Adipose_Visceral_Omentum,Breast_Mammary_Tissue,Muscle_Skeletal,DGN_Whole_Blood,Whole_Blood,Artery_Aorta,Artery_Coronary,Artery_Tibial,Heart_Atrial_Appendage,Heart_Left_Ventricle,Spleen,Brain_Amygdala,Brain_Anterior_cingulate_cortex_BA24,Brain_Caudate_basal_ganglia,Brain_Nucleus_accumbens_basal_ganglia,Brain_Putamen_basal_ganglia,Brain_Cerebellar_Hemisphere,Brain_Cerebellum,Brain_Cortex,Brain_Frontal_Cortex_BA9,Brain_Hippocampus,Brain_Hypothalamus,Brain_Spinal_cord_cervical_c-1,Brain_Substantia_nigra,Nerve_Tibial,Cells_Transformed_fibroblasts,Cells_EBV-transformed_lymphocytes,Colon_Sigmoid,Colon_Transverse,Esophagus_Gastroesophageal_Junction,Esophagus_Mucosa,Esophagus_Muscularis,Liver,Minor_Salivary_Gland,Small_Intestine_Terminal_Ileum,Stomach,Adrenal_Gland,Pituitary,Pancreas,Thyroid,Lung,Ovary,Prostate,Testis,Uterus,Vagina,Skin_Not_Sun_Exposed_Suprapubic,Skin_Sun_Exposed_Lower_leg
ANXI03F,"LPIN3",ENSG00000132793,6.000000,-0.384243090951,,,1.36763782049,2.352818250670934,,1.50203208314,-0.191550922332,0.894069984555,0.652912055567,,,,,0.432469113475,,,0.441587751641,,,,,,,,-2.13552721887,,,1.64589150953,0.194546693705,0.202534399985,,1.00783149083,,,2.11347099512,1.24561778117,,1.14343079545,1.22410363986,-2.33396068234,0.947246643214,,,,,,,0.199908384361
ANXI03,"LPIN3",ENSG00000132793,5.672702,0.960159634035,,,1.92658943621,2.9503173112196794,,2.10701867035,0.283158129109,1.41713802693,1.72026331912,,,,,1.75852657891,,,1.43039850781,,,,,,,,-2.16627209871,,,2.47356378724,0.391776717398,0.873137900542,,1.86996746801,,,2.0412211105,1.41493593949,,1.83070678073,1.70756241014,-0.914428065021,1.75235190962,,,,,,,1.06130974615
BALD01,"LPIN3",ENSG00000132793,10.370896,1.08191259998,,,-0.385883753086,0.12731814375037906,,-2.0610056425,-0.0988226893701,-0.461862035123,-0.310930713138,,,,,-1.24652383784,,,-0.901806568073,,,,,,,,-0.579770762562,,,-1.76693410045,1.36367491511,-0.977872003226,,-0.832798333331,,,-1.34972155275,0.310309714763,,-0.161943585628,-0.184155989361,3.84288876144,-0.272205107534,,,,,,,0.59236649071
BFPC03B,"LPIN3",ENSG00000132793,5.608641,-1.16766813683,,,-0.413442637797,-0.9346127875166106,,1.32209882051,-0.550840338487,-0.410985511897,-0.327336922118,,,,,0.0698232258564,,,-0.224442531996,,,,,,,,-0.305730054359,,,0.416571178584,-1.09365046655,-1.29788811278,,0.0146282072723,,,0.698923634569,-0.893132604014,,-0.349171235536,-1.03223177585,-3.84572758554,-0.420333197914,,,,,,,-1.87898663842
BFPC03,"LPIN3",ENSG00000132793,6.300275,-1.38119351998,,,-0.582820184204,-1.1721501439526276,,1.21509575383,-0.76680000928,-0.489396312342,-0.517985205204,,,,,0.017068265362,,,-0.331173642071,,,,,,,,-0.473983907281,,,0.259707561281,-1.07142748382,-1.4884625896,,-0.23536193863,,,0.463436253607,-0.96703373396,,-0.466438592818,-1.18585953621,-3.90042464683,-0.496124678106,,,,,,,-2.05019870159
BFPC04B,"LPIN3",ENSG00000132793,9.294881,-1.3811910034,,,-1.25722298116,-1.395376598361852,,1.25166385012,-0.0636324956635,-0.742505468522,-0.335243861081,,,,,1.00955992227,,,-0.536052744466,,,,,,,,-0.688303472328,,,0.727339355527,-0.788546153859,-1.64799625417,,-0.331874719572,,,0.0118800218228,-1.05321972097,,-0.721865261827,-1.52032254326,-4.52470684,-0.638481359367,,,,,,,-2.34502300185
BFPC04M,"LPIN3",ENSG00000132793,5.850627,-0.810910328975,,,-0.861117007587,-0.730857437630073,,1.25046886748,-0.0710310954353,-0.731201654442,-0.0281466529918,,,,,0.561211423444,,,-0.656794437812,,,,,,,,-0.167959586882,,,0.789699343363,-0.93288251852,-0.862732476589,,0.162104696668,,,0.778407131608,-1.10802119565,,-0.411526879183,-0.946690876466,-4.03737351279,-0.55923894606,,,,,,,-1.79115968783
BFPC04,"LPIN3",ENSG00000132793,7.423463,-1.55025918929,,,-1.31138438931,-1.4826350679861773,,1.10609346305,-0.124424862875,-0.765256242377,-0.47708535856,,,,,0.95784839568,,,-0.546545978707,,,,,,,,-0.913745559334,,,0.6064633698,-0.714172795945,-1.78657448072,,-0.490557076146,,,-0.159336199109,-1.0050672518,,-0.82413518339,-1.60769241681,-4.48140208952,-0.676793553277,,,,,,,-2.4322182506
BLOO03,"LPIN3",ENSG00000132793,7.438052,3.26416878312,,,4.66624549171,4.934777184853213,,4.70029319966,4.12506136645,4.32898084381,4.42879714887,,,,,2.89007552918,,,3.61657761154,,,,,,,,0.30924587255,,,4.7188093878,3.63975431337,3.52744418676,,4.10456713126,,,0.287866313871,3.60318933476,,4.71581122679,3.24865535085,0.748811805251,4.59575632661,,,,,,,3.72179153188
BLOO10,"LPIN3",ENSG00000132793,2.651092,-3.1139098043,,,-3.58376117204,-3.6346902884293772,,-2.23124810763,-1.02577342927,-3.30648441347,-3.16985935132,,,,,-0.949035323038,,,-2.34319440227,,,,,,,,-2.00094520254,,,-2.92397883562,-1.38369903809,-4.32405059103,,-2.99962469602,,,-0.560564990716,-3.63786812745,,-3.23037668424,-2.92164507262,-2.821439483,-2.94519584549,,,,,,,-4.73703209462
BLOO12,"LPIN3",ENSG00000132793,2.230231,-2.90444315967,,,-3.22281376284,-3.3432677338320897,,-2.50252089518,-0.897029556708,-2.91896481377,-2.92346557894,,,,,-0.650361130417,,,-2.10748824268,,,,,,,,-1.87384483182,,,-2.73680098277,-1.4398358019,-5.10439924993,,-2.88414044818,,,-0.729904918629,-3.27278419615,,-3.02138037822,-2.58236655572,-2.80163276459,-2.59455689266,,,,,,,-5.03139074091
CHOL21,"LPIN3",ENSG00000132793,18.425529,5.32487082588,,,6.82774894359,8.083087118185771,,6.79572550517,1.72109369254,7.18977765487,6.53169865638,,,,,4.17972380185,,,6.56741199302,,,,,,,,3.40847962368,,,7.62985009193,3.52533201942,7.33786554852,,6.47388877189,,,0.748836193275,5.39353986104,,7.12603802572,6.61698398131,1.24473696402,6.8666935973,,,,,,,7.73033228956
CHOL27,"LPIN3",ENSG00000132793,18.985060,5.20949426245,,,6.69701289662,8.422837510341015,,7.17678147515,2.14268976031,7.22999786411,6.43109928379,,,,,4.41512191248,,,6.1181754222,,,,,,,,3.04474170365,,,7.70406032739,3.31777319242,6.3696981748,,6.22362042858,,,0.0208281936724,5.09359326158,,7.12262994991,6.90494125683,1.22429601906,6.95974123736,,,,,,,7.18321903965
DEPR01,"LPIN3",ENSG00000132793,6.985060,-2.02254816193,,,-0.884015242456,-0.8387716643919408,,0.762817061571,-0.183653666687,-0.366771230876,-0.78544815515,,,,,0.34588162582,,,-0.107650374681,,,,,,,,-1.42652165456,,,0.0313241225929,0.331252262037,-0.226320366329,,-0.242839938315,,,1.68632434691,-0.41972107679,,-0.225160117508,-0.914157134084,-4.63543617017,-0.313827118051,,,,,,,-1.88299798617
FATM04M,"LPIN3",ENSG00000132793,6.118319,-1.48476439434,,,-1.48598582755,-1.0262908622592912,,1.00692958538,-0.0615783184142,-1.27353776746,-0.64929963076,,,,,0.0935166079313,,,-1.30118574101,,,,,,,,-0.865470586293,,,0.347782475677,-1.09874639993,-1.11964951062,,-0.392114886098,,,1.03188766349,-1.50468278668,,-0.969368068342,-1.33331186651,-4.15824685414,-1.14745819767,,,,,,,-2.16588898818
GLYC19,"LPIN3",ENSG00000132793,8.152625,-2.88350840845,,,-1.81621106854,-2.3733080475389174,,-0.129042440289,-0.70856790181,-2.26500794074,-1.90203298406,,,,,-1.5109021219,,,-1.71845080323,,,,,,,,-2.26442179306,,,-1.28260376635,-0.797625840116,-1.19981388051,,-1.17254231847,,,2.08462875237,-0.574994776103,,-1.77861195651,-0.934430575433,-5.37691901962,-1.6795227684,,,,,,,-3.30251289031
OSTE04,"LPIN3",ENSG00000132793,6.027566,3.11317188479,,,2.04916273652,2.1661272541039716,,1.24662915431,1.8054798002,1.86733708823,1.61884551357,,,,,2.17984523048,,,1.35903361414,,,,,,,,1.23160718,,,0.826187860925,-1.16185678278,1.64962663814,,1.21390287378,,,-0.89408366743,1.26667175488,,1.53666836811,0.740393161559,4.64294840582,1.57841591513,,,,,,,3.04191911792
