code,target,ENSEMBL,association,Adipose_Subcutaneous,Adipose_Visceral_Omentum,Breast_Mammary_Tissue,Muscle_Skeletal,DGN_Whole_Blood,Whole_Blood,Artery_Aorta,Artery_Coronary,Artery_Tibial,Heart_Atrial_Appendage,Heart_Left_Ventricle,Spleen,Brain_Amygdala,Brain_Anterior_cingulate_cortex_BA24,Brain_Caudate_basal_ganglia,Brain_Nucleus_accumbens_basal_ganglia,Brain_Putamen_basal_ganglia,Brain_Cerebellar_Hemisphere,Brain_Cerebellum,Brain_Cortex,Brain_Frontal_Cortex_BA9,Brain_Hippocampus,Brain_Hypothalamus,Brain_Spinal_cord_cervical_c-1,Brain_Substantia_nigra,Nerve_Tibial,Cells_Transformed_fibroblasts,Cells_EBV-transformed_lymphocytes,Colon_Sigmoid,Colon_Transverse,Esophagus_Gastroesophageal_Junction,Esophagus_Mucosa,Esophagus_Muscularis,Liver,Minor_Salivary_Gland,Small_Intestine_Terminal_Ileum,Stomach,Adrenal_Gland,Pituitary,Pancreas,Thyroid,Lung,Ovary,Prostate,Testis,Uterus,Vagina,Skin_Not_Sun_Exposed_Suprapubic,Skin_Sun_Exposed_Lower_leg
BFPC04B,"RIT1",ENSG00000143622,6.428792,2.97638731398,2.67726678609,1.35455730502,3.180999092,1.7798686453312116,,3.05058898084,,2.60315076086,3.13213379999,3.28028085418,,,,4.37513781325,,,,-0.5528616756,,,,,,,2.33499625863,3.36713711089,,2.59743927599,2.83986509635,,2.05035117336,3.37571773363,2.50874976916,0.0139557841169,,3.00443222126,1.98673512527,2.3752266296,1.93245974931,2.41543943302,1.16689878645,,,,1.68752965684,0.719912024621,3.51570057015,3.12815354597
BFPC04M,"RIT1",ENSG00000143622,5.002452,2.38829211611,2.02735347788,1.05546775564,2.42527435814,1.4644901305828342,,2.33557868693,,2.07471522582,2.2482421427,2.52136125583,,,,4.81357373409,,,,0.025286400445,,,,,,,1.82716122346,2.58885671408,,1.74108728717,2.27038152384,,1.44833116771,2.75610723567,2.29702213982,-0.657388204618,,2.23478275879,1.49885789839,2.08758877541,1.37953876401,1.95163222922,1.20555612351,,,,0.959655927865,1.07436174148,2.16620658242,2.33598963077
BFPC04,"RIT1",ENSG00000143622,5.805735,2.95443324148,2.71060120679,1.40540367173,3.21207296734,1.8249643438561647,,3.03578041343,,2.52011991418,3.16599926007,3.30083426132,,,,3.96221361825,,,,-0.680851991609,,,,,,,2.39489377918,3.42687931645,,2.64689959571,2.82390717661,,2.16739616688,3.34564213419,2.49492321724,0.194163189933,,3.04913903406,2.05573759374,2.34536208914,2.00444972069,2.40676190767,1.10985956744,,,,1.86780971381,0.605986405729,3.68797216806,3.16744689832
CROH01,"RIT1",ENSG00000143622,6.141740,-4.37555106467,-5.18458477395,-4.10842043247,-4.46804785105,-5.145152452123017,,-4.27978676232,,-1.45891076751,-3.95196378297,-4.82095053317,,,,-1.23064812747,,,,-4.41595367737,,,,,,,-5.18795993061,-4.69004799008,,-3.23939399204,-4.51919776472,,-5.40467004346,-4.6885330116,-3.80774983495,-0.570112536114,,-4.80006300372,-5.03366241809,-5.31770738119,-4.36819195277,-4.52137321804,-4.09994640124,,,,-5.72313979886,-0.775244611626,-4.19219221211,-4.85028769777
LEAN04B,"RIT1",ENSG00000143622,1.335932,0.683249975632,1.07434260234,1.57279875897,0.289103089348,0.9870270872211587,,0.378755464597,,-0.0784547172892,0.173102358811,0.437620134363,,,,-5.13192248322,,,,0.560100293061,,,,,,,1.21288827285,1.02248375557,,0.0690651657009,0.579993417683,,1.73871205221,0.98679703823,0.837451657608,-1.53160268988,,0.727184267765,1.01399148952,1.09538835945,1.47751944426,0.328296186408,0.71230751681,,,,1.48468171738,-0.447752069514,0.928168381584,0.552943091952
LEAN04M,"RIT1",ENSG00000143622,1.876704,-0.699533381624,-0.500511461302,-0.0744658972158,-0.941823676698,-0.4655494003723524,,-1.02029911734,,-0.590197424253,-1.02040983606,-0.938126012476,,,,-4.78745360459,,,,-0.403507726991,,,,,,,-0.342016330884,-0.060383254649,,-1.12792491592,-0.622251491579,,-0.347111806147,-0.401138562562,-0.245116589706,-2.16289636876,,-0.678080000932,-0.559008593349,-0.224035571702,0.0529262799589,-1.06033379614,-0.132767610916,,,,-0.107058321305,-1.28683301932,-0.749950447762,-0.841075749305
LEAN04,"RIT1",ENSG00000143622,1.633558,0.0203597175883,0.340296003919,0.942230270033,-0.353646863009,0.3422391813502002,,-0.357903164494,,-0.371286113916,-0.426547718488,-0.272724892618,,,,-5.59339110888,,,,0.0111507670211,,,,,,,0.539822732633,0.533695277503,,-0.59630792246,-0.0126429191646,,0.822884232112,0.344333134524,0.337071258097,-1.86926315263,,0.0804824099062,0.313075436525,0.497318747498,0.897241136915,-0.378593477602,0.275858937471,,,,0.831135724845,-0.807788269164,0.178612452545,-0.142385557873
LEAN05B,"RIT1",ENSG00000143622,1.641989,0.706520522034,1.12487494734,1.70351977026,0.377221419669,1.0645410661837238,,0.407227052249,,-0.0744204991309,0.191786162816,0.469466429634,,,,-5.02794457779,,,,0.534618753978,,,,,,,1.27885299437,0.942133469,,-0.0107526740919,0.591448819168,,1.82130826001,1.04512023949,0.856138069291,-1.48258193069,,0.806854177883,1.1064231468,1.16809421113,1.55093960662,0.373499063528,0.77710206291,,,,1.57950895088,-0.160026758751,0.982944987155,0.601414053353
LEAN05M,"RIT1",ENSG00000143622,1.928670,-0.73387680564,-0.53910841823,-0.102383506262,-0.97724173498,-0.5073329610529721,,-1.04663825782,,-0.591302100323,-1.05342245409,-0.980123680181,,,,-4.76915459053,,,,-0.416684205766,,,,,,,-0.382957008048,-0.124333758959,,-1.14451516975,-0.661634063438,,-0.391287295407,-0.446684181394,-0.291921572493,-2.16196782973,,-0.713278901627,-0.595784349234,-0.266110237343,0.0129786185069,-1.08594243282,-0.130425232916,,,,-0.148965624209,-1.2876518597,-0.794704348328,-0.881040897334
LEAN05,"RIT1",ENSG00000143622,1.911262,0.0385287316127,0.374574238294,1.03027750522,-0.297065809974,0.3915795435080761,,-0.334043915539,,-0.360633576225,-0.41027985944,-0.25121937705,,,,-5.52052342289,,,,-0.0026623628608,,,,,,,0.58318635231,0.474783765981,,-0.651085472952,-0.00382981679204,,0.870242501418,0.376024913682,0.349270782069,-1.84038343351,,0.13365303824,0.372562953597,0.537491144055,0.933866574712,-0.34178675628,0.333335822277,,,,0.89279228861,-0.627352369454,0.211064521494,-0.11045847604
LEAN06B,"RIT1",ENSG00000143622,4.092014,0.920310667321,1.1387076535,1.97748157985,0.338240362431,0.8228577852521736,,0.493749257059,,0.435240844243,0.609102696376,0.490318819211,,,,-5.64022978177,,,,-0.632495767595,,,,,,,1.18267984094,0.982250092272,,0.140321978696,0.564980657645,,1.57370479635,0.831588675693,1.40258461745,-1.66644020601,,0.795480071763,0.912886530535,0.231768372742,1.26459854434,0.135185158855,1.22296506473,,,,1.65272383001,-0.886230711925,1.03745360047,0.545482502248
LEAN06M,"RIT1",ENSG00000143622,2.444096,-1.37684632967,-1.07857181878,0.173157701275,-1.45838765544,-1.0666522518919728,,-1.5436672929,,-0.724347454824,-1.2771272441,-1.51315416978,,,,-4.9495024072,,,,-1.60608659359,,,,,,,-0.913957226365,-0.955992106346,,-2.00783547992,-1.25148245262,,-0.785520540538,-1.22340741676,-0.323672621688,-2.92000134246,,-1.37696875402,-1.25227528158,-1.63821618423,-0.756110239971,-1.70334801674,-1.10277283336,,,,-0.589257714676,-1.13804319926,-1.25406519827,-1.36965233368
LEAN06,"RIT1",ENSG00000143622,3.465657,-0.0185342961742,0.261768436626,1.39216712009,-0.438162873464,0.0673530172484487,,-0.344625256851,,0.033723227353,-0.17943609369,-0.341584014796,,,,-6.03959422609,,,,-1.21360556869,,,,,,,0.408192297194,0.229466370907,,-0.796776727439,-0.145407138684,,0.6845820401,-0.0118229813616,0.775519758207,-2.2752211738,,-0.0452527895139,0.0333579976652,-0.633426002706,0.488563727071,-0.695162600829,0.318910765385,,,,0.855428278066,-1.10047054873,0.160579404296,-0.237999733945
WEIG02,"RIT1",ENSG00000143622,5.526221,4.40672179435,5.18970309968,4.96574077138,4.32055349927,3.955106792298885,,4.35012129608,,3.68962350529,3.94191632136,4.40720421808,,,,-0.41060334235,,,,2.26861418494,,,,,,,4.4751558928,4.12622269346,,3.39995590658,4.79372282503,,4.13767026509,4.76641695803,4.64119807039,-1.13915694894,,4.71323879441,3.81388166679,3.65867289853,5.18493628179,3.48560740869,4.99832939258,,,,3.86509878525,0.120599238377,4.43145924962,4.63462895283
WEIG03,"RIT1",ENSG00000143622,5.523052,4.87863780724,5.61038287535,5.03930976587,4.65672134912,4.133679449956581,,4.71713953441,,3.87374844132,4.28004802667,4.76716548667,,,,-0.605033405304,,,,2.3757067352,,,,,,,4.68298904588,4.23339527934,,3.69877718064,5.17550531496,,4.25330997649,5.22013353333,4.98925164616,-0.851751434396,,5.08168839364,4.17889652517,3.84536256173,5.39084660998,3.85393788199,5.11441332316,,,,4.00849151639,0.0962729336379,4.71633915852,4.96663699309
