code,target,ENSEMBL,association,Adipose_Subcutaneous,Adipose_Visceral_Omentum,Breast_Mammary_Tissue,Muscle_Skeletal,DGN_Whole_Blood,Whole_Blood,Artery_Aorta,Artery_Coronary,Artery_Tibial,Heart_Atrial_Appendage,Heart_Left_Ventricle,Spleen,Brain_Amygdala,Brain_Anterior_cingulate_cortex_BA24,Brain_Caudate_basal_ganglia,Brain_Nucleus_accumbens_basal_ganglia,Brain_Putamen_basal_ganglia,Brain_Cerebellar_Hemisphere,Brain_Cerebellum,Brain_Cortex,Brain_Frontal_Cortex_BA9,Brain_Hippocampus,Brain_Hypothalamus,Brain_Spinal_cord_cervical_c-1,Brain_Substantia_nigra,Nerve_Tibial,Cells_Transformed_fibroblasts,Cells_EBV-transformed_lymphocytes,Colon_Sigmoid,Colon_Transverse,Esophagus_Gastroesophageal_Junction,Esophagus_Mucosa,Esophagus_Muscularis,Liver,Minor_Salivary_Gland,Small_Intestine_Terminal_Ileum,Stomach,Adrenal_Gland,Pituitary,Pancreas,Thyroid,Lung,Ovary,Prostate,Testis,Uterus,Vagina,Skin_Not_Sun_Exposed_Suprapubic,Skin_Sun_Exposed_Lower_leg
BLOO26,"NUDT8",ENSG00000167799,11.729810,-6.53009214199,-4.77941344879,2.47345452367,-5.67502706309,-6.147930584987931,,-6.31119388217,-5.4108793246,-6.06363844543,-5.83223469066,-5.92656260855,-3.80127660405,,,,,,,,,,-5.05352305504,,,,-6.17868562105,,,-5.63212256757,,-5.7284884209,,-5.47700559304,-6.90403775431,,,,,,,,-6.51529863791,,,-2.9065643928,-6.97520276846,,0.0415894976179,-2.36529357188
BLOO27,"NUDT8",ENSG00000167799,12.522922,-6.42032712221,-4.98961416939,1.86175591635,-6.17192959987,-6.5904708505525305,,-6.62813736631,-5.89975621748,-6.36594065824,-6.03149361009,-6.28587805682,-3.62170289482,,,,,,,,,,-5.06720762805,,,,-6.44638068273,,,-5.58529685809,,-6.08083136286,,-5.56327393407,-7.23230739031,,,,,,,,-6.79739630911,,,-3.07107820163,-7.29394407596,,-0.0351994661983,-2.51654892861
FATT26,"NUDT8",ENSG00000167799,6.195111,0.336020697686,-2.53803168518,0.672535597147,-2.30270876531,-1.9745001176121262,,-1.97563066274,-2.76686219632,-1.39372743908,-3.13056611746,-3.36036123936,0.648859650523,,,,,,,,,,-2.87979181034,,,,-3.29127090636,,,0.85328197048,,-1.19957404308,,-0.482186616622,-3.10972865197,,,,,,,,-3.01162313253,,,-3.87038936013,-2.47762539219,,2.57079731228,1.5969490317
FATT29,"NUDT8",ENSG00000167799,6.971022,0.101196961183,-1.21654301263,1.4897758293,-1.90425433794,-1.710578912373075,,-1.11086643728,-1.80323936544,-0.911064341597,-2.56297501068,-2.30189774071,0.687544015914,,,,,,,,,,-3.00455055131,,,,-2.90790581388,,,1.7480451109,,-0.480585577746,,-0.369740899114,-2.73743553385,,,,,,,,-2.77972416577,,,-3.05424928121,-1.50739800426,,2.32158606773,1.76238226396
FATT31,"NUDT8",ENSG00000167799,6.375522,0.414929941589,-2.4010314659,0.47741206212,-2.13616056956,-2.0183230242239363,,-1.86088325201,-2.67647880966,-1.34009612427,-3.05412403159,-3.20777273622,0.939694315428,,,,,,,,,,-2.90915572207,,,,-3.3291251715,,,1.04512278009,,-1.12409126021,,-0.552142073939,-3.0869954827,,,,,,,,-3.05536183399,,,-3.68858854174,-2.33735631914,,2.32810985497,1.32508117933
LEAN04B,"NUDT8",ENSG00000167799,1.918833,-0.307653338621,0.926660945864,-5.30603152075,-1.72346970465,0.09928397469352755,,0.0028431289088,-0.948742628554,-0.703329649636,0.240287667279,0.12549160416,0.773539799005,,,,,,,,,,-1.16555590802,,,,-1.14121273269,,,-2.20676090358,,-0.841652374911,,-1.27261477012,-0.76413681618,,,,,,,,-0.41032235378,,,1.31913626099,-0.459451529624,,-1.16420133143,-0.446690469259
LEAN04,"NUDT8",ENSG00000167799,1.719877,-0.0665570377103,1.68357010791,-5.42696929165,-2.06317978483,0.14027872219765852,,-0.0492568444971,-1.12183390766,-0.794656164581,0.217390720193,0.244237102808,1.54873622001,,,,,,,,,,-1.59033269647,,,,-1.40897466129,,,-2.17645346601,,-0.982604372739,,-1.35747143983,-0.97142444922,,,,,,,,-0.27243702446,,,1.7838446373,-0.530474816098,,-1.71658080359,-1.00462462249
LEAN05B,"NUDT8",ENSG00000167799,1.762607,-0.475334494143,0.929449922472,-5.12052689408,-1.77810230785,0.031309814975208794,,0.00173594803487,-0.983553585602,-0.731377866063,0.175721015641,0.0739543218977,0.537482101598,,,,,,,,,,-1.16545381622,,,,-1.13965316465,,,-2.15172709308,,-0.873637458794,,-1.23300065483,-0.77922906105,,,,,,,,-0.434374956041,,,1.27594144186,-0.505638063678,,-1.12346665193,-0.401940003762
LEAN05,"NUDT8",ENSG00000167799,1.560857,-0.154237116864,1.70553423317,-5.35493333395,-2.08382191703,0.119570395084162,,-0.0363117850225,-1.13497240189,-0.789044885213,0.188070330687,0.222134878736,1.40640686811,,,,,,,,,,-1.58550742494,,,,-1.3926226439,,,-2.14233054576,,-0.98051552848,,-1.32393719513,-0.961377635794,,,,,,,,-0.278379520414,,,1.75160678038,-0.537665190783,,-1.67661515632,-0.958081707089
LEAN06B,"NUDT8",ENSG00000167799,2.977654,-0.925168764396,1.17915991281,-6.44637038436,-3.41581521491,-0.9693776338173956,,-1.26631664633,-2.60274258418,-2.17357732757,-1.22571543784,-1.29265063966,1.81899436029,,,,,,,,,,-2.64649240159,,,,-2.79241068789,,,-3.42429187974,,-2.40177645822,,-2.53290414254,-2.42890183879,,,,,,,,-1.30638983715,,,0.921615183743,-1.91671995536,,-1.43601334438,-1.14988483248
LEAN06M,"NUDT8",ENSG00000167799,2.895820,-0.900291054636,1.97109239755,-5.19121080102,-2.90646861167,-0.1251191853282616,,-0.822348234974,-1.85856564244,-1.76228413232,-0.346994122452,-0.225359609018,2.46585501437,,,,,,,,,,-1.92056461902,,,,-2.06456755389,,,-2.61481512123,,-1.95250236435,,-1.87206258773,-1.93984315862,,,,,,,,-0.30625984812,,,2.07552430241,-1.42278157937,,-2.48215494601,-1.72538093851
LEAN06,"NUDT8",ENSG00000167799,3.968026,-0.855672245312,1.76068031683,-6.65121825862,-3.40230992361,-0.5473571159358142,,-1.02870459197,-2.39664349882,-2.06029126377,-0.817663515391,-0.793896255957,2.29798747187,,,,,,,,,,-2.43751819411,,,,-2.57248150002,,,-3.3242961949,,-2.29850183895,,-2.36940035848,-2.2908308171,,,,,,,,-0.850463875758,,,1.62745595247,-1.74594201068,,-2.06298719624,-1.47524688315
