code,target,ENSEMBL,association,Adipose_Subcutaneous,Adipose_Visceral_Omentum,Breast_Mammary_Tissue,Muscle_Skeletal,DGN_Whole_Blood,Whole_Blood,Artery_Aorta,Artery_Coronary,Artery_Tibial,Heart_Atrial_Appendage,Heart_Left_Ventricle,Spleen,Brain_Amygdala,Brain_Anterior_cingulate_cortex_BA24,Brain_Caudate_basal_ganglia,Brain_Nucleus_accumbens_basal_ganglia,Brain_Putamen_basal_ganglia,Brain_Cerebellar_Hemisphere,Brain_Cerebellum,Brain_Cortex,Brain_Frontal_Cortex_BA9,Brain_Hippocampus,Brain_Hypothalamus,Brain_Spinal_cord_cervical_c-1,Brain_Substantia_nigra,Nerve_Tibial,Cells_Transformed_fibroblasts,Cells_EBV-transformed_lymphocytes,Colon_Sigmoid,Colon_Transverse,Esophagus_Gastroesophageal_Junction,Esophagus_Mucosa,Esophagus_Muscularis,Liver,Minor_Salivary_Gland,Small_Intestine_Terminal_Ileum,Stomach,Adrenal_Gland,Pituitary,Pancreas,Thyroid,Lung,Ovary,Prostate,Testis,Uterus,Vagina,Skin_Not_Sun_Exposed_Suprapubic,Skin_Sun_Exposed_Lower_leg
BLOO35,"PAM16",ENSG00000217930,5.637744,2.28362670238,2.8965821436,,,1.8986181121220853,2.33830979094,1.76788385093,,2.81481390814,3.76746099045,,2.12269278991,,,,,,,,,,,,1.39458754559,,2.535032823,2.58278513819,,2.117490512,2.61198358471,2.68519948021,2.53545844255,2.84191709222,1.79976287551,,2.83406840649,2.63210401883,,,2.48626362778,2.21917778742,2.77004705505,0.581838414995,2.20015845833,,2.2362717991,3.56141789774,,1.6776538791
HEIG03,"PAM16",ENSG00000217930,3.442036,1.00734708034,2.06547529136,,,5.22918620956591,3.09993485902,2.61577597641,,2.14391110626,3.20599178395,,0.959373683014,,,,,,,,,,,,-1.54160326154,,1.63082804997,-2.0120448014,,1.22804819651,1.44360915838,0.376965947739,1.2113916446,2.0620797868,2.02861014434,,0.733752103514,0.579571613499,,,2.14489700434,1.36786042227,2.34144938657,0.603668009654,-1.477247715,,-1.11502168946,1.79871243827,,-0.0019547746533
HIPC01F,"PAM16",ENSG00000217930,4.413458,1.94360410364,2.06920327022,,,4.988283763801106,2.74073960375,1.69836175178,,2.38658395185,2.76259169176,,0.704523289956,,,,,,,,,,,,-2.13216754184,,0.940945158067,-0.663048951656,,0.157193559745,1.84925555061,0.0867647487127,1.48446467938,2.09636935503,2.168891745,,1.14789278758,1.82473048085,,,2.17887115008,1.5074976807,2.41126159764,-1.15837387404,-0.207935467362,,-1.31736598638,2.46591283567,,-0.733193184946
HIPC01,"PAM16",ENSG00000217930,3.731750,2.44776094702,2.92802831721,,,5.761999333442365,2.99672323972,2.04964647305,,2.29040094824,2.97642209183,,1.14384754611,,,,,,,,,,,,-1.73930401819,,2.42768682894,-0.708606043752,,1.42626127199,1.67519998251,1.36862183855,2.18315923757,3.00118891335,1.93911752845,,2.23260768601,3.09117524432,,,2.3704938536,2.2644720938,3.43646172524,-1.42635275182,0.895941376686,,-2.55212771966,3.52541813424,,-0.237003594544
HIPC02F,"PAM16",ENSG00000217930,4.258620,1.68835561106,1.84334352087,,,4.938001039673655,2.67011525004,1.57800922597,,2.32660439288,2.56109298616,,0.499174606109,,,,,,,,,,,,-2.09427966873,,0.694807037117,-0.792368289807,,0.000782216097011,1.8027801405,0.0845841833544,1.1905977389,1.85881171634,2.09377681991,,0.798729845536,1.52507435939,,,2.10148007203,1.3671247315,2.13000375283,-1.15088153058,-0.202709645033,,-1.28425785441,2.23106007083,,-0.660881380462
HIPC02,"PAM16",ENSG00000217930,3.409983,1.94482822728,2.43895977602,,,5.731824840043238,2.91362776124,1.92794041228,,2.22768874833,2.82522366449,,0.860755869605,,,,,,,,,,,,-1.68983311344,,1.83793494871,-1.03254552253,,1.0558668672,1.62933224818,1.33114832094,1.51997457532,2.48421038568,1.83755888642,,1.41812277065,2.43484318364,,,2.25236048768,1.9670782996,2.82339831582,-1.33300366156,0.871410131454,,-2.48224929415,3.02229087534,,-0.149782308624
HIPC03,"PAM16",ENSG00000217930,6.183613,3.24406338586,3.60136085459,,,4.676310763132201,3.93442155059,3.22030977474,,2.7106158564,4.18895533338,,2.79206224314,,,,,,,,,,,,-0.72972368611,,3.97890892358,-0.107508613502,,2.56529044957,2.22348384154,0.863180189749,3.8616975269,3.69904284104,3.07872199578,,3.36414169361,3.03700430314,,,2.88049924106,2.75683942039,4.26245450768,0.744117577166,-0.207584440708,,-0.965056322985,3.70726375448,,1.12594179392
HIPC04,"PAM16",ENSG00000217930,5.953037,2.94471608131,3.28014905674,,,4.6065290352696655,3.83529018076,3.07646291909,,2.64301664569,4.0900755875,,2.52729361948,,,,,,,,,,,,-0.68561597676,,3.58355137675,-0.299127217362,,2.35794841192,2.16803306003,0.84165354869,3.42391792953,3.36073410588,2.97451612617,,2.85391468222,2.63146371877,,,2.77854110297,2.55786315958,3.86246428427,0.705773165241,-0.202407553792,,-0.940989103334,3.38471135329,,1.20052082508
LEAN04B,"PAM16",ENSG00000217930,4.992124,1.93225633947,2.34345230004,,,5.512870555186579,2.9785763053,2.10040177571,,2.49309265661,3.78414386522,,1.09474502916,,,,,,,,,,,,-2.59461300832,,2.07277421158,-0.576395804726,,1.46088104979,2.32362443712,2.97279978922,1.80435394145,2.4047078969,2.00912415859,,2.09597437031,1.22115610564,,,2.029419821,2.34127749988,2.6452752694,-1.13856457149,2.99813359394,,1.77878944148,2.35756339148,,1.35036548923
LEAN04M,"PAM16",ENSG00000217930,8.162563,2.15418338116,2.2358809835,,,5.571577994961933,3.7980687914,1.43403120874,,2.35768013583,4.07589501464,,1.32043678705,,,,,,,,,,,,-3.29161012693,,2.27776487182,-0.654102916907,,1.20008882913,2.43006344708,3.48906804895,2.17308602915,2.36844593571,1.25038945302,,1.9859936011,2.23464062834,,,1.84137519571,2.42831246067,2.71110494734,0.117683278934,3.29232508369,,2.90513255103,2.20170227133,,1.65501545051
LEAN04,"PAM16",ENSG00000217930,7.355975,2.23425119002,2.52045392824,,,6.151930770627728,3.7256870091,1.93869232757,,2.65475853782,4.32153815433,,1.33895153802,,,,,,,,,,,,-3.24309768385,,2.34029341043,-0.674831270728,,1.52063930128,2.6172043034,3.55083789568,2.16576727956,2.63285542832,1.76865118753,,2.28922914349,1.90861764514,,,2.13431578327,2.66077974888,2.95618549804,-0.624202211582,3.47253983833,,2.51455378715,2.53016074203,,1.62745415181
LEAN05B,"PAM16",ENSG00000217930,5.136029,2.07271883557,2.45347619,,,5.492549746937847,3.02419783702,2.20675473806,,2.58812661627,3.86364133598,,1.15183823835,,,,,,,,,,,,-2.71048835936,,2.18804069697,-0.643613311327,,1.57437930408,2.42890489597,2.99184138256,1.90598197335,2.51419318649,2.15135572259,,2.19978359378,1.43304869716,,,2.15888864918,2.36740096474,2.74266677196,-1.10408324591,3.05252038131,,1.82280778325,2.49236959911,,1.45445580178
LEAN05M,"PAM16",ENSG00000217930,7.224004,2.13374743465,2.22338362801,,,5.537102554571398,3.76738972704,1.41960625615,,2.34099151666,4.04208633306,,1.27434869646,,,,,,,,,,,,-3.31421403369,,2.26800573701,-0.65199571273,,1.18275501882,2.40618247402,3.45157372605,2.16423005724,2.35434569125,1.26225391008,,1.97474316714,2.20241864182,,,1.81564991486,2.39922018651,2.69478567225,0.11960580664,3.27557148261,,2.88860984714,2.20266269653,,1.65252318949
LEAN05,"PAM16",ENSG00000217930,7.862931,2.30986946134,2.57609821732,,,6.121093791857246,3.73162062143,1.99382132961,,2.69803288834,4.33744031874,,1.34598773148,,,,,,,,,,,,-3.33606371299,,2.40198933384,-0.697839898561,,1.57536523306,2.66517283737,3.54040687736,2.22087576089,2.68796021664,1.86154965074,,2.34247808191,2.01566033101,,,2.19140048308,2.65898954692,3.00352359644,-0.610110146824,3.4939481672,,2.52000470608,2.60624856661,,1.68552449882
LEAN06B,"PAM16",ENSG00000217930,4.222457,0.797386794657,1.25504627663,,,4.884896907462389,2.10587612586,0.629287190685,,1.3603442239,3.07086367191,,0.467267663365,,,,,,,,,,,,-4.20969807418,,0.919421268104,-1.79603867272,,0.0521152660965,1.44467820829,1.65083293237,0.682324307637,1.31947460075,1.04369101145,,1.14793217134,0.177686691446,,,1.00432617245,1.11304385957,1.52701808378,-2.35773232424,1.61291624507,,0.599298001584,1.4829807827,,0.240493191419
LEAN06M,"PAM16",ENSG00000217930,8.326233,1.86472766873,1.92294402897,,,5.189784127738212,3.33283108316,1.06221102179,,2.11227812848,4.20799549798,,1.66736170001,,,,,,,,,,,,-4.6199864924,,1.82289506273,-0.561730490426,,0.714248889247,2.31751574958,2.93543497593,1.6525719554,2.01348202926,0.693081375272,,1.48078571678,1.03902318814,,,1.70063419863,2.0679260765,2.25231643503,-0.429431669374,2.34940566349,,2.26199465915,2.06325512062,,1.26762446096
LEAN06,"PAM16",ENSG00000217930,6.170066,1.27756708828,1.60211554752,,,5.4313159601447945,2.78295312086,0.809199767395,,1.74790927957,3.84834739311,,1.02062837021,,,,,,,,,,,,-4.83682477819,,1.3385069406,-1.41459820002,,0.333701750667,1.90779151151,2.31551607943,1.11608405208,1.68824474304,0.910122978912,,1.3487181123,0.563114653956,,,1.33183256144,1.60120277693,1.93516661498,-1.84979155544,2.04674462221,,1.29381835609,1.85934153219,,0.643410974514
WHIP03,"PAM16",ENSG00000217930,5.676274,-4.05223652272,-4.0279663305,,,0.638903836843398,-3.4812015727,-3.0633079759,,-3.22553611,-4.42202758172,,-2.44257708974,,,,,,,,,,,,-1.27355719635,,-4.35342968818,-2.89305847259,,-3.58622271601,-3.00924961203,-0.425257773621,-3.89702198184,-4.070504187,-4.08964576523,,-4.6339824804,-2.55284121172,,,-3.45282159467,-3.58457884309,-4.42128500234,-2.49991362228,-0.290828496218,,-0.625498986392,-3.89887456275,,-2.7956253717
WHIP05,"PAM16",ENSG00000217930,7.912006,-4.7648486554,-4.85630773138,,,-1.275330703409399,-3.95455678826,-3.51464687452,,-3.86254946752,-4.98451889173,,-2.63823393861,,,,,,,,,,,,-0.467349696989,,-4.87880628989,-3.15177317153,,-3.89376593119,-3.44444307744,-1.24593850169,-4.25757937861,-4.91257471991,-4.28335650386,,-5.07870195059,-3.55087746073,,,-4.12619389864,-4.27300716142,-5.3047431347,-1.678746369,-0.905597507954,,0.587240546058,-5.01101629331,,-2.47972969919
WHIP06,"PAM16",ENSG00000217930,7.205066,-4.40869479185,-4.49201851323,,,-1.3681867350748198,-3.87692612487,-3.37848976243,,-3.78848612609,-4.86857200521,,-2.51081204068,,,,,,,,,,,,-0.465553572023,,-4.43822979056,-2.86364331406,,-3.55100054028,-3.37839679591,-1.22204801664,-3.77577582288,-4.53002584348,-4.1690836998,,-4.48171293855,-3.0796799886,,,-4.01177564252,-4.03791139192,-4.85885715094,-1.6494133347,-0.888232946396,,0.575980413227,-4.64528463594,,-2.45419946112
