code,target,ENSEMBL,association,Adipose_Subcutaneous,Adipose_Visceral_Omentum,Breast_Mammary_Tissue,Muscle_Skeletal,DGN_Whole_Blood,Whole_Blood,Artery_Aorta,Artery_Coronary,Artery_Tibial,Heart_Atrial_Appendage,Heart_Left_Ventricle,Spleen,Brain_Amygdala,Brain_Anterior_cingulate_cortex_BA24,Brain_Caudate_basal_ganglia,Brain_Nucleus_accumbens_basal_ganglia,Brain_Putamen_basal_ganglia,Brain_Cerebellar_Hemisphere,Brain_Cerebellum,Brain_Cortex,Brain_Frontal_Cortex_BA9,Brain_Hippocampus,Brain_Hypothalamus,Brain_Spinal_cord_cervical_c-1,Brain_Substantia_nigra,Nerve_Tibial,Cells_Transformed_fibroblasts,Cells_EBV-transformed_lymphocytes,Colon_Sigmoid,Colon_Transverse,Esophagus_Gastroesophageal_Junction,Esophagus_Mucosa,Esophagus_Muscularis,Liver,Minor_Salivary_Gland,Small_Intestine_Terminal_Ileum,Stomach,Adrenal_Gland,Pituitary,Pancreas,Thyroid,Lung,Ovary,Prostate,Testis,Uterus,Vagina,Skin_Not_Sun_Exposed_Suprapubic,Skin_Sun_Exposed_Lower_leg
BFPC02B,"ALPK3",ENSG00000136383,2.447101,0.866910244904,,,1.56646962176,1.806530570562875,,,,1.27477386888,1.77149335125,,,,,,,,2.16339950689,,1.72489374764,,3.89522379956,2.76379052186,,,,,,,-1.00804697024,,,,,,,1.46396186951,,,2.43881641124,,,,,,,,,5.15957897691
BFPC02F,"ALPK3",ENSG00000136383,2.955578,1.92837079998,,,1.92206824454,2.125740245009323,,,,2.49302497319,2.53465907231,,,,,,,,3.27091825674,,1.30652256308,,4.04300160862,2.5355743395,,,,,,,-0.115465231002,,,,,,,1.89946479683,,,2.10586892397,,,,,,,,,5.10748521284
BFPC02,"ALPK3",ENSG00000136383,3.471688,1.3263392911,,,1.83077126947,2.0648169118742943,,,,1.74497141559,2.18783040336,,,,,,,,2.7276214026,,1.83201412865,,4.33506763161,3.05270725517,,,,,,,-0.897382460532,,,,,,,1.73299305767,,,2.63271399283,,,,,,,,,5.59383612121
BFPC03B,"ALPK3",ENSG00000136383,2.531313,0.762392460136,,,1.56669427754,1.8212322843162818,,,,1.21940198416,1.67096274073,,,,,,,,2.12658740379,,1.67915868355,,3.84192773615,2.65866017255,,,,,,,-0.98957509618,,,,,,,1.40310273648,,,2.32687414089,,,,,,,,,5.01910502899
BFPC03F,"ALPK3",ENSG00000136383,3.170574,1.77049205164,,,1.92122479314,2.1486961821059873,,,,2.40206985116,2.37752243901,,,,,,,,3.17688701202,,1.2485234973,,3.91059511171,2.3382681809,,,,,,,-0.0581460996319,,,,,,,1.8059849098,,,1.89743668199,,,,,,,,,4.83830872891
BFPC03,"ALPK3",ENSG00000136383,3.273574,1.19782451704,,,1.81592741955,2.0666414935184823,,,,1.67621926678,2.05685382856,,,,,,,,2.67141125494,,1.78664497407,,4.24828454029,2.92262325779,,,,,,,-0.865090434103,,,,,,,1.65042295535,,,2.48437763524,,,,,,,,,5.40453375044
BFPC04B,"ALPK3",ENSG00000136383,9.780258,2.66240888956,,,3.12122756521,3.216309915739139,,,,2.27837303109,3.56861534439,,,,,,,,3.77455595177,,1.058192816,,5.94733105965,2.70050375103,,,,,,,-0.0781372846258,,,,,,,2.09334873457,,,2.59032258737,,,,,,,,,8.43578994406
BFPC04F,"ALPK3",ENSG00000136383,8.830620,3.52275714798,,,2.15910830771,2.1662617862395064,,,,2.28946361615,3.55931604337,,,,,,,,3.92615134291,,1.13414337791,,5.27816627935,3.02168351036,,,,,,,-0.433461404612,,,,,,,2.14348377442,,,3.10889224133,,,,,,,,,7.43270192643
BFPC04M,"ALPK3",ENSG00000136383,2.328901,0.689516540432,,,2.49167407302,2.6173090972845148,,,,1.21016551717,1.9183981384,,,,,,,,1.89006768001,,0.49902131276,,3.75127130303,1.17009418332,,,,,,,0.259637942757,,,,,,,1.0769027484,,,0.940749496661,,,,,,,,,5.36823175377
BFPC04,"ALPK3",ENSG00000136383,10.600638,3.09743493348,,,3.09388132961,3.1595799689475954,,,,2.42456266754,3.81114099941,,,,,,,,4.11663042589,,1.1802532278,,6.20248425315,3.02722248944,,,,,,,-0.157056911763,,,,,,,2.21224758261,,,2.90988236176,,,,,,,,,8.68614559175
FATM02B,"ALPK3",ENSG00000136383,2.001179,0.978613321926,,,1.80201123233,1.9572872773884455,,,,1.73157918656,2.0496905014,,,,,,,,2.30516407691,,1.28754464159,,3.31395744889,2.23518473354,,,,,,,-0.763370874041,,,,,,,1.73835899885,,,2.03403923228,,,,,,,,,4.91483950658
FATM02,"ALPK3",ENSG00000136383,2.765381,1.33645432313,,,1.95712879701,2.1111717523293634,,,,2.07002383705,2.33556741199,,,,,,,,2.7274595087,,1.45809852462,,3.6515937619,2.56552998159,,,,,,,-0.768921735209,,,,,,,1.90439817482,,,2.3106865428,,,,,,,,,5.24645837804
FATM03B,"ALPK3",ENSG00000136383,1.808381,0.861052773194,,,1.82932818493,1.9936408795570149,,,,1.70307480867,1.96809188816,,,,,,,,2.27651923053,,1.19945635796,,3.2445941432,2.11259142031,,,,,,,-0.775294244803,,,,,,,1.68229002048,,,1.8958310264,,,,,,,,,4.79140124016
FATM03,"ALPK3",ENSG00000136383,2.526674,1.19167863013,,,1.9738979762,2.138147557217534,,,,2.03673278942,2.22793918429,,,,,,,,2.68328759096,,1.36643255048,,3.54715946483,2.41971920077,,,,,,,-0.776346528959,,,,,,,1.82934508126,,,2.13628864632,,,,,,,,,5.07847343184
FATM04B,"ALPK3",ENSG00000136383,8.944240,2.6006829576,,,3.29261760952,3.3181539221308114,,,,2.55927480662,3.6012521808,,,,,,,,3.45076138956,,0.993708859539,,4.96244742332,2.238615525,,,,,,,0.0695013761057,,,,,,,2.10943401624,,,2.24658731171,,,,,,,,,7.44798175138
FATM04F,"ALPK3",ENSG00000136383,6.334804,3.30755963748,,,1.94051533706,1.8601040985975583,,,,2.01217637349,3.33299078265,,,,,,,,3.36563572597,,1.04752916539,,4.11612569437,2.89273423201,,,,,,,-0.60098921725,,,,,,,1.95663335666,,,2.93296134693,,,,,,,,,6.19481643603
FATM04M,"ALPK3",ENSG00000136383,3.380980,0.773850413808,,,2.89247561577,2.9958151592953657,,,,1.81979721302,2.13412049477,,,,,,,,1.89786025953,,0.477610323938,,3.34351517296,0.627441516555,,,,,,,0.604964444304,,,,,,,1.24567331341,,,0.602001538374,,,,,,,,,5.00370044855
FATM04,"ALPK3",ENSG00000136383,9.846551,2.98037936344,,,3.16439159235,3.1566477787322365,,,,2.5861566571,3.76160852728,,,,,,,,3.70128589889,,1.11806828717,,5.12587574859,2.63570559334,,,,,,,-0.0807648523845,,,,,,,2.16782808616,,,2.59527185013,,,,,,,,,7.59471912982
GROW01,"ALPK3",ENSG00000136383,2.099660,0.0680385845787,,,2.46364898364,2.4531787534581104,,,,1.84974028127,2.49186130093,,,,,,,,1.25001340423,,-0.253046409146,,2.24689438212,-0.286702551843,,,,,,,0.529077842144,,,,,,,0.754397541115,,,1.43235383722,,,,,,,,,5.01114482607
HEIG02,"ALPK3",ENSG00000136383,0.938397,-0.0507866150964,,,1.88124818456,1.9140715283781076,,,,2.03013547739,2.39520242833,,,,,,,,2.09582222857,,0.491752420123,,2.53923811385,0.459309045756,,,,,,,0.756215443595,,,,,,,1.05640122435,,,2.08685879669,,,,,,,,,6.59717186373
HEIG03,"ALPK3",ENSG00000136383,5.663520,1.00867686198,,,4.14205809028,3.9341219961399547,,,,4.00447385082,4.74855170014,,,,,,,,2.66778792559,,-0.238440286924,,3.82139426457,2.26275797075,,,,,,,1.88375206946,,,,,,,2.28729554903,,,5.59194574373,,,,,,,,,11.4849583175
HEIG04F,"ALPK3",ENSG00000136383,4.187000,0.746127944253,,,2.85602247439,2.7704594144394346,,,,2.40342158019,3.36026611284,,,,,,,,1.27391894212,,0.899050805854,,1.92573274971,1.92176544143,,,,,,,1.25186112024,,,,,,,1.95932498876,,,4.27649208255,,,,,,,,,8.2546419372
HEIG04M,"ALPK3",ENSG00000136383,0.639463,-0.0636522045523,,,1.80035589023,1.6783518650581641,,,,1.13889907217,1.79080498215,,,,,,,,0.722161498023,,-0.289564014548,,1.45977155536,-0.453213451149,,,,,,,1.71834102412,,,,,,,1.23863015094,,,1.23194207413,,,,,,,,,4.84333885361
HIPC03F,"ALPK3",ENSG00000136383,2.121668,0.242835055071,,,0.794348428173,0.6136962263233346,,,,1.64511691308,1.49522429484,,,,,,,,2.7656247092,,-0.771301423333,,2.01731646988,1.53712397967,,,,,,,-0.679877753964,,,,,,,-0.594441492752,,,2.41760358902,,,,,,,,,6.95689252568
HIPC03M,"ALPK3",ENSG00000136383,0.747900,1.74801827004,,,1.01767028763,0.8898115551087801,,,,0.759087796973,1.27538779892,,,,,,,,1.6353993542,,-0.5166506318,,1.94188736007,1.13194743809,,,,,,,0.0715026386905,,,,,,,0.476284991324,,,2.17540893605,,,,,,,,,5.84811921036
HIPC03,"ALPK3",ENSG00000136383,2.354460,1.25509941002,,,1.14273127702,0.9131623212182015,,,,1.6645905644,1.77930154902,,,,,,,,3.11858445825,,-0.802663132732,,2.71892477116,1.81441906644,,,,,,,-0.653130945361,,,,,,,-0.149265329795,,,3.26969775759,,,,,,,,,8.29171509637
HIPC04F,"ALPK3",ENSG00000136383,2.137791,0.25006430859,,,0.79491741412,0.623409063432425,,,,1.43115359357,1.47046391519,,,,,,,,2.82272756792,,-0.758528958073,,1.94465671077,1.50030477864,,,,,,,-0.683438620854,,,,,,,-0.547134085091,,,2.37302437074,,,,,,,,,6.71719541321
HIPC04M,"ALPK3",ENSG00000136383,0.801976,1.72677777249,,,0.956578744824,0.7939501596690778,,,,0.789744654571,1.25505623672,,,,,,,,1.8738552315,,-0.508414451165,,1.91357544895,1.12752009417,,,,,,,0.0782510014605,,,,,,,0.503508370339,,,2.15530330909,,,,,,,,,5.86026968524
HIPC04,"ALPK3",ENSG00000136383,2.407812,1.23049897871,,,1.12441665277,0.9034087536899597,,,,1.69185269031,1.73492815247,,,,,,,,3.33326234792,,-0.782645781803,,2.62040005898,1.7737459147,,,,,,,-0.639877519491,,,,,,,-0.11568708906,,,3.19851944315,,,,,,,,,8.03926673164
SCHI01,"ALPK3",ENSG00000136383,8.738143,-3.14963837337,,,-4.13495988681,-4.030024415868551,,,,-4.30457295533,-5.08648814692,,,,,,,,-0.595465309621,,-2.01768386894,,-1.05430729771,-2.70457987158,,,,,,,-2.92177926647,,,,,,,-4.52074159106,,,-3.7826602772,,,,,,,,,-5.04722221841
SCHI02M,"ALPK3",ENSG00000136383,5.741052,-2.04595780985,,,-4.25378648417,-4.202482252231581,,,,-3.27166968507,-4.21913597517,,,,,,,,-0.672714392205,,-1.59135660146,,-2.01277032393,-2.35141530055,,,,,,,-2.51006373983,,,,,,,-3.89854942364,,,-3.01558601482,,,,,,,,,-4.03715191369
SCHI02,"ALPK3",ENSG00000136383,7.316692,-3.05743029133,,,-3.93789086534,-3.803650995868429,,,,-4.2740474304,-5.02193511161,,,,,,,,-0.798871054834,,-2.03566262034,,-1.28462098888,-2.67822191906,,,,,,,-3.09077160532,,,,,,,-4.3822873826,,,-3.59661801595,,,,,,,,,-5.09126465739
WAIS03F,"ALPK3",ENSG00000136383,1.099846,0.225466106359,,,0.318976129108,0.4840194868029436,,,,0.664444735404,0.443866317823,,,,,,,,1.11059085804,,1.79381974784,,1.62226205132,2.66409443186,,,,,,,-0.0757840965509,,,,,,,-0.957394342781,,,3.5897985493,,,,,,,,,5.23929669103
WAIS03M,"ALPK3",ENSG00000136383,0.239382,0.769936596255,,,0.381863645331,0.33746312940140344,,,,-0.275679362185,0.298795332758,,,,,,,,1.84019884664,,0.0576869622335,,2.37107157034,0.342124060788,,,,,,,-2.33378535303,,,,,,,-2.02674691056,,,1.80030247203,,,,,,,,,5.04951622043
WAIS03,"ALPK3",ENSG00000136383,1.351786,0.662804151869,,,0.464788776176,0.5990078718896723,,,,0.215195347497,0.437008504654,,,,,,,,2.04828749591,,1.47894747434,,2.69385765831,2.2686131505,,,,,,,-1.39431824516,,,,,,,-1.80059558725,,,3.87543355585,,,,,,,,,7.27167933846
WAIS04F,"ALPK3",ENSG00000136383,1.041541,0.229463239256,,,0.377791180666,0.5853097336272128,,,,0.474183952984,0.437429277448,,,,,,,,1.43649155691,,1.76780543076,,1.58985541555,2.62398341024,,,,,,,-0.0709135464521,,,,,,,-0.928355426266,,,3.54137485331,,,,,,,,,5.14618507735
WAIS04M,"ALPK3",ENSG00000136383,0.219316,0.777758454692,,,0.331714913179,0.24825255948352584,,,,-0.161418576621,0.293696635472,,,,,,,,1.96173234986,,0.0567025757643,,2.32665233808,0.349750211286,,,,,,,-2.28203597172,,,,,,,-1.9121701307,,,1.78436904892,,,,,,,,,5.0588428659
WAIS04,"ALPK3",ENSG00000136383,1.162715,0.659800838106,,,0.503668225856,0.6649176458141023,,,,0.198559329105,0.426443821435,,,,,,,,2.51133793367,,1.44319386018,,2.62560738398,2.23053049396,,,,,,,-1.33178539781,,,,,,,-1.71156021631,,,3.80084031108,,,,,,,,,7.18270217375
