code,target,ENSEMBL,association,Adipose_Subcutaneous,Adipose_Visceral_Omentum,Breast_Mammary_Tissue,Muscle_Skeletal,DGN_Whole_Blood,Whole_Blood,Artery_Aorta,Artery_Coronary,Artery_Tibial,Heart_Atrial_Appendage,Heart_Left_Ventricle,Spleen,Brain_Amygdala,Brain_Anterior_cingulate_cortex_BA24,Brain_Caudate_basal_ganglia,Brain_Nucleus_accumbens_basal_ganglia,Brain_Putamen_basal_ganglia,Brain_Cerebellar_Hemisphere,Brain_Cerebellum,Brain_Cortex,Brain_Frontal_Cortex_BA9,Brain_Hippocampus,Brain_Hypothalamus,Brain_Spinal_cord_cervical_c-1,Brain_Substantia_nigra,Nerve_Tibial,Cells_Transformed_fibroblasts,Cells_EBV-transformed_lymphocytes,Colon_Sigmoid,Colon_Transverse,Esophagus_Gastroesophageal_Junction,Esophagus_Mucosa,Esophagus_Muscularis,Liver,Minor_Salivary_Gland,Small_Intestine_Terminal_Ileum,Stomach,Adrenal_Gland,Pituitary,Pancreas,Thyroid,Lung,Ovary,Prostate,Testis,Uterus,Vagina,Skin_Not_Sun_Exposed_Suprapubic,Skin_Sun_Exposed_Lower_leg
BFPC04B,"BCL2L13",ENSG00000099968,6.157085,,1.99669700747,1.6009263945,4.27983672234,2.662186493626793,3.01198604571,,,,,3.75744754929,,,,,,,0.800883271627,1.93132909551,,,,,,,1.79378643682,,1.54216996984,,0.266225240452,,,,,,,,,3.22533049423,,4.18216697954,1.90100583441,,2.07746331789,,,2.69753399548,3.35090654788,3.1230771771
BFPC04,"BCL2L13",ENSG00000099968,6.214236,,2.31162841295,1.80906651554,4.5174214068,2.5478774771119066,2.90100779937,,,,,3.95600038528,,,,,,,0.965341744682,2.16662598704,,,,,,,1.99147105379,,1.55512352906,,0.497065907321,,,,,,,,,3.42734588665,,4.41453699282,2.21664345192,,2.28150834424,,,2.83298638206,3.57805976071,3.37375584029
BLOO06,"BCL2L13",ENSG00000099968,7.770779,,-4.53228102821,-1.49674787091,-2.8082590589,4.537645161474041,3.33285276857,,,,,-1.80841908167,,,,,,,-3.6162802399,-1.59655872738,,,,,,,-3.02644321421,,1.61776762203,,-0.0594443923956,,,,,,,,,-3.7997802273,,-3.25368670976,-2.84020251282,,-2.65920209663,,,-2.69822264376,-3.71716147619,-3.60045033325
BLOO09,"BCL2L13",ENSG00000099968,9.965372,,-4.75377129797,-1.68433284619,-2.97715846297,4.5886586714923645,3.45271949687,,,,,-1.9799282361,,,,,,,-3.73588416602,-1.61072951108,,,,,,,-3.02574906092,,1.58011948614,,-0.166012221575,,,,,,,,,-3.92427062622,,-3.43668724597,-2.95167843787,,-2.71918684971,,,-2.85377320535,-3.94471411532,-3.80707249564
BLOO10,"BCL2L13",ENSG00000099968,11.044543,,-4.78364058259,-1.68756163593,-2.88582011935,5.002096964713224,3.7961524881,,,,,-1.8433609919,,,,,,,-3.94230997377,-1.51475081415,,,,,,,-3.20140866917,,1.89796916978,,-0.0815893345282,,,,,,,,,-4.00668314282,,-3.40321954191,-2.88184509803,,-2.67413941118,,,-3.05166700299,-3.93581453883,-3.83413189539
BLOO12,"BCL2L13",ENSG00000099968,7.326620,,-3.84771298982,-1.54992065534,-1.71615239462,5.050006024455729,3.65950736984,,,,,-0.909534486702,,,,,,,-2.7309893749,-0.811683682264,,,,,,,-2.49191183578,,1.85390909805,,0.757344678652,,,,,,,,,-2.99589719571,,-2.47383510989,-1.67803646346,,-1.61882365661,,,-2.39138401233,-2.97390675185,-2.57275995511
BLOO13,"BCL2L13",ENSG00000099968,8.891063,,-3.80999214477,-1.37772343584,-2.79421005236,4.526629137152146,3.32514965615,,,,,-1.79269555258,,,,,,,-3.51822296581,-1.58250025811,,,,,,,-2.94327770642,,1.59338074415,,-0.269086283732,,,,,,,,,-3.75676214243,,-3.39604904339,-2.79761411299,,-2.626076185,,,-2.68950070704,-3.73827338483,-3.60557277925
BLOO24,"BCL2L13",ENSG00000099968,6.066862,,3.94396517521,0.658801585854,3.93571526494,-2.107216526064873,-1.85935041147,,,,,2.81700357353,,,,,,,4.7586155289,2.64072238072,,,,,,,2.88827510847,,-0.647680080413,,1.91843822618,,,,,,,,,4.0498368817,,3.83854818477,3.12301216862,,3.46179476907,,,2.90686067911,3.89254533783,4.70139664459
BLOO30,"BCL2L13",ENSG00000099968,8.782148,,-4.099473715,-1.46021594802,-2.9812991396,4.617451385077803,3.45064279641,,,,,-1.95670856326,,,,,,,-3.80174838088,-1.70099423793,,,,,,,-3.1672634781,,1.63298183288,,-0.443577439699,,,,,,,,,-3.97333922775,,-3.63381716639,-2.80827977905,,-2.7550637293,,,-2.88991079375,-3.93132610448,-3.82924393915
BODY08,"BCL2L13",ENSG00000099968,5.831679,,1.9514907674,1.51232511246,4.55511036107,1.6499248468665657,2.48405426775,,,,,3.99230435171,,,,,,,1.79210715062,2.23475253088,,,,,,,2.57487817229,,0.45312826866,,1.1426333371,,,,,,,,,3.97955250875,,4.29855337834,2.46002285857,,1.90202931006,,,3.21948726015,3.81225417944,3.74670901106
FATM04B,"BCL2L13",ENSG00000099968,6.437802,,2.09391856462,1.64611857883,4.75162005684,2.6827314182898303,3.28309564272,,,,,4.07598479925,,,,,,,1.3058764021,2.12070282609,,,,,,,2.12376347014,,1.39132417303,,0.325780095846,,,,,,,,,3.78962331482,,4.51839838042,2.09730251865,,1.96666280374,,,3.22600140333,3.55385857459,3.61605809873
FATM04F,"BCL2L13",ENSG00000099968,5.813694,,2.17837272539,2.27798826525,4.35826667335,1.971537080371738,2.25027776208,,,,,3.95664933027,,,,,,,1.58889345676,2.26290586678,,,,,,,1.95450894837,,1.01264887017,,0.912518110623,,,,,,,,,3.52161374572,,4.1287213604,2.30598232505,,2.13901240014,,,3.07133615669,3.38787576539,3.14531270522
FATM04,"BCL2L13",ENSG00000099968,7.501814,,2.34219658523,1.86565630386,4.91865437821,2.630439549628053,3.21880697749,,,,,4.25524318889,,,,,,,1.41213994722,2.28579031559,,,,,,,2.28433307877,,1.36729880663,,0.574904451376,,,,,,,,,3.93849703135,,4.66179009323,2.33103703403,,2.12720379976,,,3.36260481393,3.7065980606,3.76413008047
