code,target,ENSEMBL,association,Adipose_Subcutaneous,Adipose_Visceral_Omentum,Breast_Mammary_Tissue,Muscle_Skeletal,DGN_Whole_Blood,Whole_Blood,Artery_Aorta,Artery_Coronary,Artery_Tibial,Heart_Atrial_Appendage,Heart_Left_Ventricle,Spleen,Brain_Amygdala,Brain_Anterior_cingulate_cortex_BA24,Brain_Caudate_basal_ganglia,Brain_Nucleus_accumbens_basal_ganglia,Brain_Putamen_basal_ganglia,Brain_Cerebellar_Hemisphere,Brain_Cerebellum,Brain_Cortex,Brain_Frontal_Cortex_BA9,Brain_Hippocampus,Brain_Hypothalamus,Brain_Spinal_cord_cervical_c-1,Brain_Substantia_nigra,Nerve_Tibial,Cells_Transformed_fibroblasts,Cells_EBV-transformed_lymphocytes,Colon_Sigmoid,Colon_Transverse,Esophagus_Gastroesophageal_Junction,Esophagus_Mucosa,Esophagus_Muscularis,Liver,Minor_Salivary_Gland,Small_Intestine_Terminal_Ileum,Stomach,Adrenal_Gland,Pituitary,Pancreas,Thyroid,Lung,Ovary,Prostate,Testis,Uterus,Vagina,Skin_Not_Sun_Exposed_Suprapubic,Skin_Sun_Exposed_Lower_leg
BLOO02,"ERI1",ENSG00000104626,3.971347,0.705507194739,,,,-0.19731222033974952,-2.91279294204,-5.27484967513,-2.43130802424,,,,,,,-0.162482608391,,,,,,,,,,-0.417477483755,,-3.699782265,,,,-2.69626922856,-2.13463519434,-3.26610900562,,,,,,,-2.84631476947,-3.25695964257,-2.49543148639,-0.888763293114,,2.0006403414,,,,
BLOO05,"ERI1",ENSG00000104626,10.246141,-2.06600204049,,,,1.6698919743667753,2.96092193652,2.8447261949,4.03685710642,,,,,,,-1.8358648094,,,,,,,,,,1.74391553848,,5.18612701562,,,,4.85185373008,3.45096871645,4.46298755767,,,,,,,4.18868581241,2.59451658329,5.76804161658,-0.227023190462,,-5.27137330294,,,,
BLOO06,"ERI1",ENSG00000104626,13.366380,-1.21538377488,,,,0.6004628306887461,3.3800213581,5.64739580573,3.76958885446,,,,,,,-0.177989609016,,,,,,,,,,2.21581102347,,6.6367242859,,,,5.4501052079,5.26316987547,5.99717816419,,,,,,,5.77993292679,5.26243896607,6.03792402905,-0.853263334408,,-4.62158955675,,,,
BLOO08,"ERI1",ENSG00000104626,5.672273,-0.00524316736651,,,,0.9772376551813062,2.89809618187,2.79028329752,3.55130834882,,,,,,,-0.100333070351,,,,,,,,,,2.103455587,,4.37416503832,,,,4.98291124359,3.59291826704,3.45486287342,,,,,,,3.75326879554,3.23664459414,4.44118388313,1.23535401477,,-3.97826609701,,,,
BLOO09,"ERI1",ENSG00000104626,12.893571,-1.24194287983,,,,0.3981309834772844,3.5506795854,5.55488775983,3.66381214427,,,,,,,0.097367776671,,,,,,,,,,2.21307428342,,6.41430964892,,,,5.33185970063,5.00457583821,5.77220242575,,,,,,,5.7015094726,5.185021517,5.83263652265,-0.732630376266,,-4.49471432144,,,,
BLOO10,"ERI1",ENSG00000104626,14.377827,-1.27037431649,,,,0.6565263114732731,3.65913434901,5.58640817723,3.98026171215,,,,,,,-0.294748296285,,,,,,,,,,2.2415653683,,6.63983439575,,,,5.60426175443,5.12655706764,6.04282249093,,,,,,,5.88058075794,5.14059020038,6.16908729553,-0.809814038445,,-4.7873162843,,,,
BLOO12,"ERI1",ENSG00000104626,13.935205,-1.52752324526,,,,1.1437417589369756,3.42749591136,4.31225596446,4.62965111578,,,,,,,-0.659763183374,,,,,,,,,,2.11175659594,,6.55234492513,,,,5.90134722578,5.08434826827,5.73545495294,,,,,,,5.99500629057,4.95928619655,6.50352429489,-0.460091917905,,-5.13137007279,,,,
BLOO13,"ERI1",ENSG00000104626,13.886123,-1.26163284682,,,,0.49273801076031737,3.54509107996,5.67470895309,3.73710509877,,,,,,,-0.043365704593,,,,,,,,,,2.21604501909,,6.6420601703,,,,5.4457153033,5.21879147094,5.95086716377,,,,,,,5.85810218087,5.2801325834,6.01389226774,-0.717009057037,,-4.57267474169,,,,
BLOO17,"ERI1",ENSG00000104626,6.385641,-0.483748355563,,,,-1.0484646968913272,-1.80315254826,-3.94902218031,-3.10267106803,,,,,,,0.768134216343,,,,,,,,,,-0.706337569729,,-4.98668910581,,,,-3.97827457764,-3.92154196981,-3.58391608003,,,,,,,-3.3671012725,-2.71695470318,-4.18481575781,-0.218010300325,,3.28002223215,,,,
BLOO18,"ERI1",ENSG00000104626,5.917502,-0.418513458544,,,,-1.0096430095738005,-1.87262948274,-4.51630729059,-2.96871421497,,,,,,,0.560443150161,,,,,,,,,,-0.750218408271,,-5.01248264608,,,,-3.82135292082,-4.04941512517,-3.62136879123,,,,,,,-3.52294341008,-3.08199717154,-4.10544079892,-0.0522332880342,,3.13751402701,,,,
BLOO24,"ERI1",ENSG00000104626,2.701278,0.211670811765,,,,-0.06464785982321619,-1.81830121784,-5.16735910138,-1.14244735485,,,,,,,-0.247367134743,,,,,,,,,,-1.50934800098,,-3.501260856,,,,-2.21521628331,-3.10747529674,-3.02748527775,,,,,,,-2.75918489036,-2.7537951547,-2.59810555091,0.819824557503,,1.92138262132,,,,
BLOO26,"ERI1",ENSG00000104626,12.657281,1.09241602321,,,,1.9588105660769266,4.18009467025,3.09261826288,2.70406654328,,,,,,,-1.29539891722,,,,,,,,,,0.951100187467,,6.59192650557,,,,4.44665648812,4.93903506035,4.45158583352,,,,,,,4.57473776238,4.05071536693,5.22014709868,0.854135951386,,-5.13183516556,,,,
BLOO27,"ERI1",ENSG00000104626,13.637178,0.989146567279,,,,1.2473600267875136,4.80597283744,3.87638424095,3.22156834837,,,,,,,-0.490092504234,,,,,,,,,,1.11216306345,,7.00807223651,,,,5.40599240813,4.78273364713,5.02920396146,,,,,,,4.43673269865,4.34673141577,5.2944326184,1.03518688597,,-4.74683917586,,,,
BLOO30,"ERI1",ENSG00000104626,14.793714,-1.15585501495,,,,0.4902002057460162,3.39720940084,5.55217424639,3.69772300653,,,,,,,-0.0514491551075,,,,,,,,,,2.22697356157,,6.41228833339,,,,5.33547810821,5.06143325117,5.80169398742,,,,,,,5.65129501942,5.14245136362,5.84542330246,-0.821212980338,,-4.51923864135,,,,
BLOO32,"ERI1",ENSG00000104626,2.878473,0.256994492382,,,,-0.32338877196897237,1.67926127325,5.14003576036,1.02848217999,,,,,,,0.465887980819,,,,,,,,,,1.32335964965,,3.63786575465,,,,2.18030298126,3.33180253773,3.22489816545,,,,,,,2.9629539303,3.22059833008,2.60519832413,-0.761549352054,,-1.7258169597,,,,
BLOO34,"ERI1",ENSG00000104626,40.023618,-1.59386684442,,,,-3.9268894014541225,-0.589981629128,-6.60423221636,-7.12557559315,,,,,,,1.69140911652,,,,,,,,,,-0.590843521248,,-7.53762366325,,,,-6.14203510369,-8.4247456066,-6.07632590653,,,,,,,-5.93254430261,-5.8062595183,-7.04360275495,2.3728331054,,5.52451820036,,,,
BLOO35,"ERI1",ENSG00000104626,26.529766,-1.78823829283,,,,-0.6915088117168422,-6.00328297033,-7.56351823338,-6.45140031303,,,,,,,0.180991388824,,,,,,,,,,-3.26793322192,,-10.0724582618,,,,-9.55121089274,-9.38387281203,-8.52712744212,,,,,,,-8.95333341911,-8.15411267984,-9.74999338106,-1.99086747018,,8.09489272879,,,,
BODY08B,"ERI1",ENSG00000104626,14.719786,-1.74205477214,,,,-1.4341037614476306,-4.36357336188,-5.61167412744,-3.80997444058,,,,,,,0.279519251241,,,,,,,,,,-1.16394527597,,-7.07588918389,,,,-6.64748696122,-6.563402402,-6.48256309878,,,,,,,-5.79403890432,-5.10723335708,-6.74532921377,-1.66553954653,,6.06390705947,,,,
BODY08F,"ERI1",ENSG00000104626,6.359638,-1.33369869845,,,,-0.820613904527491,-3.06420452326,-3.73870301314,-3.14184184327,,,,,,,1.02792249051,,,,,,,,,,-0.25746080124,,-5.07672646719,,,,-3.89751022325,-4.0116665555,-4.5933934915,,,,,,,-3.92242048633,-3.33725184146,-4.68333896469,-0.795199639461,,4.89257482828,,,,
BODY08M,"ERI1",ENSG00000104626,9.186706,-1.25519384276,,,,-1.2696396027714014,-3.37880192534,-4.51681406584,-2.55214009452,,,,,,,-0.492502496533,,,,,,,,,,-1.38096190974,,-5.38648681234,,,,-5.80364519935,-5.59149935558,-4.98486397847,,,,,,,-4.61020625503,-4.16996654078,-5.2679546602,-1.60831662447,,4.15259925418,,,,
BODY08,"ERI1",ENSG00000104626,13.939000,-1.84007601083,,,,-1.2838349144578174,-4.35474717842,-5.53307340262,-3.87139417499,,,,,,,0.452512004403,,,,,,,,,,-1.11911916165,,-7.05598667713,,,,-6.46111413433,-6.35965762234,-6.48644867584,,,,,,,-5.73849756207,-5.07523685631,-6.7085444897,-1.58278007763,,6.13860437405,,,,
CHOL21,"ERI1",ENSG00000104626,0.111141,-0.217113583115,,,,-2.3300423408323105,-0.571373872799,6.07447580835,0.399929133232,,,,,,,-0.209665983765,,,,,,,,,,-0.352596750534,,0.00603143221707,,,,-0.187043467482,-1.30496145729,0.343988443506,,,,,,,-0.690430605276,-1.04670982298,-0.370124743416,-0.326480041786,,0.358115475618,,,,
CHOL22,"ERI1",ENSG00000104626,0.315262,0.276712165448,,,,-1.3081530760248434,1.73018940272,6.14634473551,0.46031563784,,,,,,,0.821458228061,,,,,,,,,,0.510057353801,,1.23425477212,,,,0.823450221696,1.17878579262,-0.457531402684,,,,,,,0.714241041009,1.50623158878,1.14508153814,0.344203004599,,0.0465066429259,,,,
NEUR01,"ERI1",ENSG00000104626,13.854617,2.36307475757,,,,1.21986188960005,5.0618299606,4.38275492217,4.76314645949,,,,,,,-0.479795223815,,,,,,,,,,3.1948314153,,6.54575070277,,,,5.80238899397,6.12445871915,6.2558623165,,,,,,,6.83007072865,6.09986633207,7.35239148021,0.718717115159,,-6.2923991226,,,,
NEUR02B,"ERI1",ENSG00000104626,19.184548,2.77385939594,,,,0.12851041809548494,6.58641994142,7.14269241331,6.65490214497,,,,,,,0.897026840731,,,,,,,,,,4.96041560564,,8.2103134952,,,,8.63649122283,7.60172602369,7.09416279965,,,,,,,8.22363846281,8.08365860013,8.78657842925,3.63232715209,,-7.12235741175,,,,
NEUR02F,"ERI1",ENSG00000104626,7.903681,2.39374122337,,,,0.12734677644833825,4.42807428768,4.57453949917,4.34841444709,,,,,,,1.0901121563,,,,,,,,,,4.01112553032,,5.56659710435,,,,4.72203797946,5.90839710745,4.16129637028,,,,,,,5.75473931874,6.18423189101,5.56894049382,2.63566346007,,-4.66402190574,,,,
NEUR02M,"ERI1",ENSG00000104626,13.773761,1.5331853296,,,,0.05710364715700204,4.885010214,5.52348740086,5.05997329446,,,,,,,0.180596767595,,,,,,,,,,3.00409726018,,6.04233357876,,,,7.48318678822,4.84481102008,5.86235878508,,,,,,,5.87472383239,5.24508013972,6.85185835429,2.49964042366,,-5.40533824435,,,,
NEUR03B,"ERI1",ENSG00000104626,11.934943,2.6402107962,,,,-0.2324504147847606,4.48373204825,5.53524928643,5.78715879691,,,,,,,0.963844604629,,,,,,,,,,3.77621817519,,6.39716912486,,,,6.86755791914,5.18857070892,5.67904438373,,,,,,,6.1568012912,5.58168003063,6.44492405878,2.53441530704,,-5.57019983654,,,,
NEUR03M,"ERI1",ENSG00000104626,7.099857,1.95908889091,,,,-0.1094848669345844,2.80714444493,4.45043685911,4.88032059758,,,,,,,0.4500252236,,,,,,,,,,1.56146758047,,4.71113619487,,,,6.56728933756,3.2037147502,4.55009036141,,,,,,,4.49169423295,3.41915982235,5.03271458793,1.69576277112,,-3.9899657722,,,,
OSTE04,"ERI1",ENSG00000104626,29.491511,-0.782946926277,,,,-0.6771110598028668,-7.32505582925,-10.4289576518,-8.0517779709,,,,,,,1.21932996018,,,,,,,,,,-3.83057777442,,-9.837343684,,,,-8.93810273472,-8.68963462307,-8.39253572377,,,,,,,-9.49147078653,-8.15084973562,-10.7238575227,-0.47477292675,,7.64463746451,,,,
SCHI01,"ERI1",ENSG00000104626,4.428384,-0.361350683887,,,,0.989964888276421,-0.627163765493,-3.95767929474,-4.54548271808,,,,,,,0.551254830884,,,,,,,,,,-0.27586471287,,-3.63416075081,,,,-5.23781240524,-2.57105338607,-3.00244098213,,,,,,,-2.92448951888,-3.31632883982,-4.03562373855,1.23625587814,,3.18674659187,,,,
SCHI02,"ERI1",ENSG00000104626,4.624428,-0.448592209379,,,,0.9975314303892121,-0.737149573425,-4.13673074861,-4.63538157787,,,,,,,0.460612752265,,,,,,,,,,-0.343134762672,,-3.76721185725,,,,-5.02651420987,-2.91949199602,-2.79497246381,,,,,,,-3.04516674414,-3.44528944097,-4.02170523539,0.822351425399,,3.17684510975,,,,
