code,target,ENSEMBL,association,Adipose_Subcutaneous,Adipose_Visceral_Omentum,Breast_Mammary_Tissue,Muscle_Skeletal,DGN_Whole_Blood,Whole_Blood,Artery_Aorta,Artery_Coronary,Artery_Tibial,Heart_Atrial_Appendage,Heart_Left_Ventricle,Spleen,Brain_Amygdala,Brain_Anterior_cingulate_cortex_BA24,Brain_Caudate_basal_ganglia,Brain_Nucleus_accumbens_basal_ganglia,Brain_Putamen_basal_ganglia,Brain_Cerebellar_Hemisphere,Brain_Cerebellum,Brain_Cortex,Brain_Frontal_Cortex_BA9,Brain_Hippocampus,Brain_Hypothalamus,Brain_Spinal_cord_cervical_c-1,Brain_Substantia_nigra,Nerve_Tibial,Cells_Transformed_fibroblasts,Cells_EBV-transformed_lymphocytes,Colon_Sigmoid,Colon_Transverse,Esophagus_Gastroesophageal_Junction,Esophagus_Mucosa,Esophagus_Muscularis,Liver,Minor_Salivary_Gland,Small_Intestine_Terminal_Ileum,Stomach,Adrenal_Gland,Pituitary,Pancreas,Thyroid,Lung,Ovary,Prostate,Testis,Uterus,Vagina,Skin_Not_Sun_Exposed_Suprapubic,Skin_Sun_Exposed_Lower_leg
BLOO01,"MYLK2",ENSG00000101306,19.649965,,-0.162781142883,,6.54429765242,,,0.289300035956,0.263259991037,-0.640967339848,,-3.4942459228,7.89212044109,,4.77647623018,3.38181721387,,6.35704289472,,,,,,4.82344586839,1.95971222225,,0.689677968233,,,-3.07103448941,-3.29981243939,-2.79403994705,-1.70942689698,-3.08678520038,,,-2.80157220067,-2.64388119961,,-5.46934702811,,,-1.60665356033,,,5.29483225694,-1.32965269848,,,
BLOO02,"MYLK2",ENSG00000101306,11.301438,,2.94422537712,,5.20467876632,,,3.1144175236,2.7314051157,2.31654528189,,2.5576313744,5.61447290864,,3.6599173625,2.47591518148,,6.20982507757,,,,,,5.29924875081,-0.254765708649,,3.18776936316,,,0.884478925127,-0.460968953613,-2.12628562143,0.0767588501557,0.933313612878,,,0.86416573589,2.79837617834,,1.11352676287,,,2.44467447566,,,5.57839469573,1.28742212507,,,
BLOO05,"MYLK2",ENSG00000101306,11.128310,,1.2358630182,,5.31448538383,,,1.33092810423,0.739364196898,1.12174073538,,-0.902235984518,4.79141218285,,3.26656856589,1.48003003526,,5.8550100807,,,,,,3.99900689577,-1.00161690484,,1.33906906978,,,-0.347391384212,-0.365691648601,5.25937929899,1.14129816311,1.1007681373,,,-0.283464322539,0.588024667168,,-0.144147693589,,,0.253516633555,,,4.34977145441,-3.15188990984,,,
BLOO14,"MYLK2",ENSG00000101306,6.457399,,1.80143044365,,3.79365049097,,,1.58087899913,0.999348371417,1.69404197638,,-0.921860058695,2.13504521686,,1.62547794538,1.79544260174,,4.50741116448,,,,,,0.554980245186,-1.42230512025,,1.34251580106,,,0.892941534217,0.508364153005,2.89781278503,0.651129203582,0.281404171639,,,2.09121301027,4.41495815517,,3.29371152356,,,1.46072713615,,,3.8602369191,-0.23363497931,,,
BLOO19,"MYLK2",ENSG00000101306,8.870826,,-1.31038163953,,-4.54500447557,,,-1.18026255661,-0.57535195354,-1.15859246629,,0.584181598188,-4.19741371012,,-2.84780768278,-0.627417367731,,-5.21520209661,,,,,,-3.35309216782,1.38975174859,,-1.37760383869,,,0.197353605861,0.263579778166,-5.26591091356,-1.37554408621,-1.18697186834,,,0.452110750602,0.177657784571,,0.0232506823181,,,-0.359117861844,,,-4.35804655292,3.35608075425,,,
BLOO26,"MYLK2",ENSG00000101306,21.308529,,-2.08518413636,,-7.25119178619,,,-3.04832586961,-2.43404941693,-1.45831705086,,-0.99008427906,-8.08789331717,,-6.19583605513,-4.43366278307,,-8.46953543179,,,,,,-6.72882651377,-1.26876353069,,-3.58488957786,,,0.625898253221,1.28588932787,3.54943353303,0.975886247779,-0.253565318586,,,-0.724238164533,-2.09985938089,,0.463198003041,,,-1.63488865161,,,-7.45995284475,-1.2626224881,,,
BLOO27,"MYLK2",ENSG00000101306,22.664221,,-2.18552064836,,-7.1772954317,,,-2.80420265011,-2.55579747258,-1.50947457023,,-1.70353982529,-8.22011106463,,-6.77617370804,-5.51487781473,,-8.7118711614,,,,,,-6.78432236063,-1.34518805337,,-3.72585748106,,,0.54154159693,1.43281189301,3.63679348416,0.84311647721,-0.226830143602,,,-0.464266408214,-3.09210227477,,-0.0472781710469,,,-1.70017297972,,,-7.64890598324,-1.0022679206,,,
BLOO28,"MYLK2",ENSG00000101306,14.935954,,1.57221119467,,5.97444191039,,,1.5500616662,0.521877351823,1.35286466634,,-0.979057202923,5.43241627146,,2.94618177014,1.40863323378,,6.49425355528,,,,,,4.13739942732,-1.55545938109,,1.77628270202,,,-0.352718132092,-0.293335269558,5.78654109612,1.77543437191,0.960775541958,,,-0.688802670314,0.803436860197,,-0.397344875303,,,0.167150864887,,,5.1752349045,-3.50951276227,,,
BLOO33,"MYLK2",ENSG00000101306,25.175061,,0.38106607578,,7.7032743456,,,0.711808158729,0.985829070551,-0.25643386157,,-3.621056383,9.03019548392,,5.68585732662,4.93641779176,,7.74454839199,,,,,,5.67348242234,2.66290437574,,1.66946506755,,,-2.92591032779,-3.07584340535,-2.27391050358,-0.391355149521,-2.74642954379,,,-2.91586246661,-1.7265919341,,-5.43614145103,,,-1.36769486054,,,6.76528768822,-1.40151661669,,,
PUTA01,"MYLK2",ENSG00000101306,8.606442,,2.910637273,,5.4881349403,,,2.97928119043,2.55446685001,2.67256359846,,0.777525640351,5.38135810166,,1.89696104397,2.03760054325,,4.43859976245,,,,,,4.59634787685,0.730565793752,,3.53955743673,,,1.59071256219,0.597295622875,1.07056210406,2.01058357202,1.51904358433,,,2.9033236215,2.29926059323,,-0.639575039157,,,2.46639052323,,,4.75356571716,2.1643260574,,,
