code,target,ENSEMBL,association,Adipose_Subcutaneous,Adipose_Visceral_Omentum,Breast_Mammary_Tissue,Muscle_Skeletal,DGN_Whole_Blood,Whole_Blood,Artery_Aorta,Artery_Coronary,Artery_Tibial,Heart_Atrial_Appendage,Heart_Left_Ventricle,Spleen,Brain_Amygdala,Brain_Anterior_cingulate_cortex_BA24,Brain_Caudate_basal_ganglia,Brain_Nucleus_accumbens_basal_ganglia,Brain_Putamen_basal_ganglia,Brain_Cerebellar_Hemisphere,Brain_Cerebellum,Brain_Cortex,Brain_Frontal_Cortex_BA9,Brain_Hippocampus,Brain_Hypothalamus,Brain_Spinal_cord_cervical_c-1,Brain_Substantia_nigra,Nerve_Tibial,Cells_Transformed_fibroblasts,Cells_EBV-transformed_lymphocytes,Colon_Sigmoid,Colon_Transverse,Esophagus_Gastroesophageal_Junction,Esophagus_Mucosa,Esophagus_Muscularis,Liver,Minor_Salivary_Gland,Small_Intestine_Terminal_Ileum,Stomach,Adrenal_Gland,Pituitary,Pancreas,Thyroid,Lung,Ovary,Prostate,Testis,Uterus,Vagina,Skin_Not_Sun_Exposed_Suprapubic,Skin_Sun_Exposed_Lower_leg
BFPC02B,"NINL",ENSG00000101004,5.741315,-0.615340382787,,-2.12630970973,2.81023865716,3.0938118079153,,5.04480954347,,3.59013963956,2.11077063654,3.78939952768,,,,4.00045286946,,,4.43311340607,4.45702308824,3.94885359548,2.22555242233,,,,,-0.0677775455802,2.25275079285,,1.64991581131,,,,0.897189976638,,,,,,,,-2.92321464972,-0.910746407971,,,,,,4.12912718193,4.06394784802
BFPC02,"NINL",ENSG00000101004,6.036156,-0.681758137929,,-1.89969039036,2.80226252453,3.2179740703344026,,5.20492728765,,3.91976872807,2.28060292404,3.90446500698,,,,4.22298519488,,,4.59537690077,4.71203322583,4.14084883963,2.27227035475,,,,,-0.129946112962,2.39744720514,,1.71601234724,,,,0.870298596737,,,,,,,,-2.98827158943,-0.922760599037,,,,,,4.38364803769,4.13300990426
BFPC03B,"NINL",ENSG00000101004,5.216611,-0.578221944535,,-2.1178256957,2.80065870222,3.0022266702350677,,5.04253272077,,3.63077840148,2.19894651309,3.79309210003,,,,3.97499835126,,,4.39792662579,4.44590939359,3.97175652456,2.17635180312,,,,,-0.0942640584846,2.1524146758,,1.77381527537,,,,0.89197400116,,,,,,,,-2.99012673257,-0.728751614384,,,,,,4.04693846065,4.09755674348
BFPC03,"NINL",ENSG00000101004,6.023320,-0.624389055391,,-1.87882996404,2.79689692315,3.103103244926261,,5.17908605986,,3.956811792,2.36641232765,3.88107342393,,,,4.1718223566,,,4.53415316329,4.681977299,4.13828852625,2.19579911424,,,,,-0.149117245561,2.26973232242,,1.85712383564,,,,0.869936418635,,,,,,,,-3.0369271887,-0.719127504656,,,,,,4.27207925005,4.16184681698
BFPC04B,"NINL",ENSG00000101004,11.500588,-2.03727527141,,-2.73274481875,3.36985064994,2.7806092145587695,,7.0757529748,,3.10367133399,3.02557870368,5.96428046717,,,,5.1029879426,,,5.84979931472,6.15068520485,3.74946604038,2.35769789187,,,,,-2.14329325436,1.46793890186,,0.256260748247,,,,-0.0863753455506,,,,,,,,-4.82903908426,-1.58943816883,,,,,,4.59982428064,4.7467006559
BFPC04F,"NINL",ENSG00000101004,11.703137,-2.54280559349,,-2.47333469043,3.06128084673,1.5546009374970597,,6.59306852799,,2.73724086164,3.41931773788,5.76915213512,,,,4.25883211556,,,5.44081162255,5.7119197792,2.33473666166,1.53730913518,,,,,-2.95137166474,0.475710243013,,-0.410901802351,,,,-0.385751808644,,,,,,,,-4.67347716151,-2.07209832614,,,,,,4.23256031507,3.28454160612
BFPC04,"NINL",ENSG00000101004,13.122963,-2.21117776938,,-2.77096369832,3.36852589429,2.709286077027622,,7.2736031267,,3.17143628849,3.30916603613,6.20906699938,,,,5.18055148883,,,5.96927574868,6.30848183811,3.65275592439,2.31240570482,,,,,-2.44280880111,1.37588650777,,0.08414689509,,,,-0.183133746282,,,,,,,,-5.03592748875,-1.67430332832,,,,,,4.69404856567,4.66920800649
BLOO02,"NINL",ENSG00000101004,8.677719,2.93790051994,,5.1381169758,-0.251492302044,3.4750858934547573,,-1.02257223368,,2.17520165847,2.40295395039,-1.18228186254,,,,0.990924954101,,,-1.18894774544,-0.556982651619,0.418921589111,-0.52016736924,,,,,2.80366753792,3.46455356952,,-0.399618061493,,,,2.4775274534,,,,,,,,3.90984796081,-0.292396430093,,,,,,3.12653089701,1.71065772276
BODY06,"NINL",ENSG00000101004,5.269807,-0.430391852991,,-1.25281487645,2.37355867228,3.7001498919394042,,4.72017421195,,4.19916507761,2.56663878491,3.33570919792,,,,4.17739921516,,,3.72798585624,4.08689663648,3.64372139044,1.20304970175,,,,,0.0899071762581,3.02954644354,,1.05370082224,,,,1.40644214861,,,,,,,,-2.25281938929,0.0661109374227,,,,,,3.85918866425,4.59056584031
BODY07,"NINL",ENSG00000101004,4.840884,-0.435260668893,,-1.21270471505,2.35167132328,3.5841635804370964,,4.74569613225,,4.14742502237,2.61183244069,3.35239323755,,,,4.16042745968,,,3.71882101135,4.11020472591,3.62952126735,1.17242225788,,,,,0.0190755776933,2.8851959686,,1.07555100878,,,,1.34346310192,,,,,,,,-2.35238938938,0.16384818055,,,,,,3.75339452452,4.56903457826
BODY08B,"NINL",ENSG00000101004,7.918725,-0.846660722425,,-1.92753987259,3.34224243116,3.1715794959025874,,5.79907595439,,3.54210016064,2.38374441643,4.15134209433,,,,4.59325583102,,,4.58166752352,5.12618715634,3.16598692087,1.15052630935,,,,,-0.562211728722,2.02835906446,,0.524238329143,,,,1.1241149266,,,,,,,,-3.09013272143,-0.0927837908834,,,,,,3.97461420554,5.13806659697
BODY08F,"NINL",ENSG00000101004,9.161630,-2.18132837937,,-2.67037034807,3.30751707131,1.2900709829238493,,6.22091511629,,3.09476652239,2.77558727987,5.25356357557,,,,3.84560663574,,,4.74962594468,4.92907606997,2.2325457258,0.941258857667,,,,,-2.60933143091,0.16168630747,,-0.0848275360907,,,,0.0836205030173,,,,,,,,-4.24992435148,-1.11399341427,,,,,,3.35249905927,3.49868258764
BODY08,"NINL",ENSG00000101004,8.490730,-1.18304225711,,-2.15064567195,3.47025171169,2.9641683101809986,,6.22346791447,,3.638298783,2.65620440363,4.65978361851,,,,4.70359001557,,,4.87297578815,5.37650402198,3.16509256951,1.22397668214,,,,,-1.06247571729,1.75480110114,,0.445076457064,,,,0.921324817528,,,,,,,,-3.57388713754,-0.21440914298,,,,,,4.0417078666,5.04996403393
FATM02B,"NINL",ENSG00000101004,6.921253,-0.290189323903,,-1.75310289224,3.23828959685,4.123752628846854,,5.38248673859,,4.5319685948,2.63381788264,3.74787974256,,,,4.8408947652,,,4.5929388413,4.87652179817,4.54910009508,1.74775097492,,,,,0.655800918032,3.45193069664,,1.91734301145,,,,1.90275361034,,,,,,,,-2.65526595595,-0.1157030834,,,,,,4.90161497248,5.31106231399
FATM02F,"NINL",ENSG00000101004,5.600378,-0.937590288969,,-1.10091537644,2.54769034937,2.612477302251166,,4.79722379246,,4.19126284467,2.47369534364,3.55973195592,,,,4.12912411585,,,4.33872612907,4.5276203224,3.54494358984,1.34725092325,,,,,-0.349340597501,2.33102976248,,1.60478353944,,,,1.09091098991,,,,,,,,-2.61935300761,-0.958033992962,,,,,,4.30510831686,3.92158290122
FATM02,"NINL",ENSG00000101004,7.796586,-0.45156285282,,-1.71122916075,3.24030062137,4.161027220191794,,5.63595582037,,4.83347899677,2.83425781932,3.98182930451,,,,5.08312671046,,,4.82726727668,5.15886892858,4.76804151326,1.79881078763,,,,,0.471786772516,3.51311237892,,1.99907881191,,,,1.81209475352,,,,,,,,-2.86067085501,-0.237585979612,,,,,,5.1239054659,5.3873159651
FATM03B,"NINL",ENSG00000101004,7.317683,-0.269013070409,,-1.72965971995,3.25323858775,4.0738405007488305,,5.44798174896,,4.57298119163,2.74271894023,3.80220529058,,,,4.87771872315,,,4.62346591337,4.93200365316,4.61075899634,1.7416055306,,,,,0.618050099115,3.38082350124,,2.01823311295,,,,1.90180958374,,,,,,,,-2.76087337628,0.0172044854296,,,,,,4.8618623139,5.37291258705
FATM03F,"NINL",ENSG00000101004,5.927346,-0.827269158749,,-1.00982025539,2.60018589036,2.537128864810452,,4.82740130261,,4.23841516965,2.61963154694,3.56090896206,,,,4.11741571643,,,4.30805211374,4.55437068279,3.57585092102,1.27376062988,,,,,-0.357843218539,2.21947798669,,1.71575119204,,,,1.13814741626,,,,,,,,-2.66256794196,-0.754466408114,,,,,,4.22485983464,4.01872786201
FATM03,"NINL",ENSG00000101004,8.406448,-0.407117585393,,-1.67125429956,3.26359462148,4.0972843511940304,,5.69099984286,,4.868810202,2.94099847245,4.01692477278,,,,5.10629145934,,,4.84156864744,5.20795697459,4.81167346653,1.77402888443,,,,,0.44194525333,3.42074938481,,2.10534082821,,,,1.8187694506,,,,,,,,-2.95243264333,-0.0901313593263,,,,,,5.06277506463,5.4499839042
FATM04B,"NINL",ENSG00000101004,13.719945,-1.66584460075,,-2.76576748078,3.86958283651,3.4292396152233313,,7.13434913879,,3.67666483321,3.02829195497,5.6714497808,,,,5.68459760164,,,6.05953801317,6.51172972911,4.26589731685,1.96500709905,,,,,-1.27189854362,2.28970583782,,0.543404739026,,,,0.688213444663,,,,,,,,-4.64395543727,-0.882112522835,,,,,,4.99673239578,5.66810464613
FATM04F,"NINL",ENSG00000101004,13.275364,-2.42318649333,,-2.85242601733,3.54260236479,1.859295421392033,,7.05370433238,,3.39676335867,3.4579269308,6.05905942732,,,,4.89506052486,,,5.8495867144,6.08661845541,2.88114760601,1.36139938683,,,,,-2.74046035869,0.800677125961,,0.0344927713018,,,,0.0329110356609,,,,,,,,-4.99129577059,-1.83899679621,,,,,,4.39418753532,4.05528962633
FATM04,"NINL",ENSG00000101004,12.775079,-1.87940152465,,-2.88525220052,3.92346541496,3.3212291110109162,,7.46154161385,,3.8037649297,3.3443152429,6.05336672165,,,,5.82748598931,,,6.2747581188,6.72970053578,4.22680547028,1.95105349495,,,,,-1.66253694432,2.13924080799,,0.436404049218,,,,0.57021581494,,,,,,,,-4.97913706965,-1.01628968254,,,,,,5.09793504984,5.62871453876
LEAN04B,"NINL",ENSG00000101004,4.636012,0.670984958547,,-0.0277800747282,2.49855258635,3.7811049295167662,,4.00545845744,,4.55578723429,2.89693553646,2.19661539966,,,,4.19673089427,,,3.31492539434,3.89959856441,3.7232171719,0.577649711565,,,,,1.45073485679,3.73570878302,,2.05919339892,,,,2.46447314167,,,,,,,,-1.28284529006,1.37620007465,,,,,,4.31495192934,5.15521353935
LEAN04,"NINL",ENSG00000101004,3.953310,0.794909386253,,0.428978409153,2.32809541459,4.172757751294901,,3.71242219889,,4.28841396162,2.94826377242,1.9127538129,,,,4.0560038163,,,3.0703339913,3.68124811864,3.66623305344,1.14318274725,,,,,1.79476458153,3.94687218989,,1.93477607287,,,,2.52395195063,,,,,,,,-0.973645509746,1.73580635628,,,,,,4.21251642895,4.95336837811
LEAN05B,"NINL",ENSG00000101004,4.590862,0.722301832046,,0.0759651340079,2.5625553049,3.8208264123365434,,4.15161102915,,4.61979855319,3.02760875581,2.29462645962,,,,4.31357675137,,,3.42887795559,4.01780720574,3.82432463698,0.617058542341,,,,,1.43010029343,3.72297578227,,2.13583046765,,,,2.5200023578,,,,,,,,-1.37013660514,1.41477191217,,,,,,4.40194320334,5.27565537406
LEAN05,"NINL",ENSG00000101004,4.481013,0.812611467786,,0.508773703133,2.36709545504,4.202629711132916,,3.82312643559,,4.33655253809,3.0423163596,1.98478793514,,,,4.15223768921,,,3.16523789568,3.78312868946,3.74457165675,1.18737893298,,,,,1.78174080487,3.94348412529,,1.993856122,,,,2.54591540915,,,,,,,,-1.05310187297,1.75587100242,,,,,,4.26785928834,5.01662135159
LEAN06B,"NINL",ENSG00000101004,6.491713,0.297969655349,,-1.01424208499,3.49317195367,3.7797371921079637,,5.0612489235,,4.65607032374,3.37569288993,3.36210179425,,,,4.84217103221,,,4.33858499705,4.84004580134,3.46487370518,0.772326187981,,,,,0.767707886614,3.31918805667,,1.52911130045,,,,2.32227781965,,,,,,,,-2.31858792845,1.20628940914,,,,,,4.41492262012,5.74903680631
LEAN06F,"NINL",ENSG00000101004,4.781990,-0.206674822858,,-1.31892801536,3.22103018433,2.2104044445285296,,4.95048106398,,4.04716220876,2.69254131283,3.68685614983,,,,3.96578669293,,,3.96487834457,4.17137957071,2.4717793255,0.282437363829,,,,,-0.514805148903,1.75059995894,,1.36001317092,,,,1.56752968857,,,,,,,,-2.62033678396,0.285970120011,,,,,,3.43124571353,4.40016640363
LEAN06,"NINL",ENSG00000101004,5.869827,0.561100824394,,-0.640023171206,3.17072987385,4.257238039540143,,4.39965058116,,4.3243665863,3.3236046797,2.64459514099,,,,4.68209087313,,,4.01274055344,4.61890165448,3.62633724847,1.07441326278,,,,,1.56526111522,3.85504347118,,1.47508469613,,,,2.45257267035,,,,,,,,-1.80625392276,1.70095488251,,,,,,4.43551793236,5.7343635492
