code,target,ENSEMBL,association,Adipose_Subcutaneous,Adipose_Visceral_Omentum,Breast_Mammary_Tissue,Muscle_Skeletal,DGN_Whole_Blood,Whole_Blood,Artery_Aorta,Artery_Coronary,Artery_Tibial,Heart_Atrial_Appendage,Heart_Left_Ventricle,Spleen,Brain_Amygdala,Brain_Anterior_cingulate_cortex_BA24,Brain_Caudate_basal_ganglia,Brain_Nucleus_accumbens_basal_ganglia,Brain_Putamen_basal_ganglia,Brain_Cerebellar_Hemisphere,Brain_Cerebellum,Brain_Cortex,Brain_Frontal_Cortex_BA9,Brain_Hippocampus,Brain_Hypothalamus,Brain_Spinal_cord_cervical_c-1,Brain_Substantia_nigra,Nerve_Tibial,Cells_Transformed_fibroblasts,Cells_EBV-transformed_lymphocytes,Colon_Sigmoid,Colon_Transverse,Esophagus_Gastroesophageal_Junction,Esophagus_Mucosa,Esophagus_Muscularis,Liver,Minor_Salivary_Gland,Small_Intestine_Terminal_Ileum,Stomach,Adrenal_Gland,Pituitary,Pancreas,Thyroid,Lung,Ovary,Prostate,Testis,Uterus,Vagina,Skin_Not_Sun_Exposed_Suprapubic,Skin_Sun_Exposed_Lower_leg
BLOO05,"EEFSEC",ENSG00000132394,11.144390,,,,-2.38292337042,-2.793460637150518,,-1.18375369391,14.052015963,-4.26532424791,,-3.09312031451,,,-2.10376362991,,,,,1.51465894115,,-3.71979185081,,-1.31502645994,,,-3.40792859297,-3.20915858058,,,,-3.14733434664,,-4.83700096195,,,,,,,,-1.19162068846,0.0123315753675,,,-2.93277089997,,,-1.79077535981,-1.6685303109
BLOO08,"EEFSEC",ENSG00000132394,6.824604,,,,2.90741047317,4.348394344931741,,3.72277818086,4.12585521841,1.88834469198,,1.78543057798,,,2.39658073185,,,,,5.12944175302,,3.76681994179,,0.934618398812,,,2.75724586094,3.04061724052,,,,3.6744461013,,3.02447830601,,,,,,,,2.55407355239,5.24815148068,,,3.26244231202,,,-0.889413631822,0.425365728806
BLOO14,"EEFSEC",ENSG00000132394,9.835023,,,,2.7618135279,4.710722746880877,,4.34830574271,3.30231961064,2.24084039125,,2.26932432897,,,2.38900994816,,,,,5.59314968822,,4.27400779461,,0.810930648281,,,3.08752519077,3.44555929811,,,,4.05206605879,,3.53961565271,,,,,,,,3.09750293048,5.89139174818,,,3.26976325102,,,-0.0698896107329,0.664930035641
BLOO15,"EEFSEC",ENSG00000132394,11.170825,,,,2.44815412254,4.422980586313813,,4.63793688069,3.39602475453,2.43460320065,,2.1006983539,,,2.11026619341,,,,,5.78468771843,,4.13765220764,,0.479689798685,,,2.82161641194,3.18417817899,,,,3.7949019719,,3.34174780553,,,,,,,,3.05537482755,5.65326486911,,,2.95806337697,,,0.135880755612,0.608567300837
BLOO17,"EEFSEC",ENSG00000132394,6.451697,,,,2.94359327604,3.498059224703942,,2.63603686752,-3.96714930593,1.93143491278,,1.93668084603,,,2.19952621041,,,,,1.95600926649,,3.07927280859,,-0.0134856265254,,,1.2196313,1.4497037697,,,,1.96831560805,,2.11009783991,,,,,,,,1.320069277,2.975258729,,,3.17926847143,,,1.56480368727,-2.24682198141
BLOO18,"EEFSEC",ENSG00000132394,6.006727,,,,2.81863502796,3.37585281407174,,2.95613797162,-3.62253594787,2.15941877628,,1.85234156848,,,2.09243551389,,,,,2.12294750075,,3.11796343369,,-0.25887000394,,,1.08070050574,1.33442363,,,,1.8568089392,,2.10246290465,,,,,,,,1.40762984721,2.8786821517,,,3.04190865499,,,1.56397869542,-2.3153524012
BLOO19,"EEFSEC",ENSG00000132394,6.543042,,,,2.27457169663,1.8606354767072446,,-0.892713239818,-11.0909827705,2.36240144957,,1.90476255222,,,1.95463909085,,,,,-2.42067357114,,2.44554135926,,1.98253634525,,,2.8551079705,2.5348572216,,,,2.48276980413,,3.49196275809,,,,,,,,0.00877959755239,-0.628147574114,,,2.59272864024,,,0.200085490983,1.629656879
BLOO28,"EEFSEC",ENSG00000132394,9.182335,,,,-2.92464297083,-2.3859066870169134,,-0.402014380174,13.703111379,-3.80342615803,,-2.57239500797,,,-2.39763711592,,,,,2.25434738074,,-3.36086506984,,-1.79697617784,,,-3.36303549305,-3.0476538529,,,,-3.07334949384,,-4.54487988261,,,,,,,,-0.687329592528,0.642239549477,,,-3.23570273363,,,-0.495797659487,-1.64441456186
BLOO31,"EEFSEC",ENSG00000132394,6.761628,,,,-3.2551618333,-4.362774293222931,,-3.85874959342,2.27326670157,-2.96662717859,,-2.46801913295,,,-2.55026261757,,,,,-3.39430563949,,-4.14065613759,,-0.101924870986,,,-1.93983488788,-2.21993346413,,,,-2.85622692434,,-2.9115028504,,,,,,,,-1.96864683597,-4.08336126094,,,-3.64189380408,,,-1.75101884423,1.70454798388
BLOO35,"EEFSEC",ENSG00000132394,6.944775,,,,-0.371192715999,-3.1614406827675685,,-1.72929705205,-0.404622385663,-2.9650642605,,-2.726238698,,,-1.07376225436,,,,,-2.1960238487,,-2.52983939921,,-2.57127452459,,,-3.66710405931,-3.5795904609,,,,-3.74787241811,,-3.86232228224,,,,,,,,-3.79179380617,-3.38914050564,,,-1.0790701804,,,-0.542166594566,-4.34991271937
MENA01F,"EEFSEC",ENSG00000132394,10.354155,,,,-4.57010378283,-6.283589753633686,,-4.77099257305,-0.948320046963,-5.45829214547,,-5.13780743899,,,-4.56036648249,,,,,-1.90632300943,,-5.71447378755,,-5.38197986156,,,-6.49847216266,-6.60972575162,,,,-6.38883321543,,-6.54568194832,,,,,,,,-2.58427553452,-6.21548373712,,,-5.38195219035,,,-1.34432518513,-3.43756528598
MENA02F,"EEFSEC",ENSG00000132394,13.537078,,,,-5.2878181687,-6.105782534463176,,-4.63547022298,-2.11792104932,-5.35893393202,,-6.34341339832,,,-3.88620210708,,,,,-2.32850350909,,-5.84302769752,,-5.23790354093,,,-6.61539288402,-6.62746727628,,,,-6.4681793024,,-6.10717923872,,,,,,,,-2.50537359601,-6.24813941679,,,-5.98913558846,,,0.244420603016,-2.93215610087
