code,target,ENSEMBL,association,Adipose_Subcutaneous,Adipose_Visceral_Omentum,Breast_Mammary_Tissue,Muscle_Skeletal,DGN_Whole_Blood,Whole_Blood,Artery_Aorta,Artery_Coronary,Artery_Tibial,Heart_Atrial_Appendage,Heart_Left_Ventricle,Spleen,Brain_Amygdala,Brain_Anterior_cingulate_cortex_BA24,Brain_Caudate_basal_ganglia,Brain_Nucleus_accumbens_basal_ganglia,Brain_Putamen_basal_ganglia,Brain_Cerebellar_Hemisphere,Brain_Cerebellum,Brain_Cortex,Brain_Frontal_Cortex_BA9,Brain_Hippocampus,Brain_Hypothalamus,Brain_Spinal_cord_cervical_c-1,Brain_Substantia_nigra,Nerve_Tibial,Cells_Transformed_fibroblasts,Cells_EBV-transformed_lymphocytes,Colon_Sigmoid,Colon_Transverse,Esophagus_Gastroesophageal_Junction,Esophagus_Mucosa,Esophagus_Muscularis,Liver,Minor_Salivary_Gland,Small_Intestine_Terminal_Ileum,Stomach,Adrenal_Gland,Pituitary,Pancreas,Thyroid,Lung,Ovary,Prostate,Testis,Uterus,Vagina,Skin_Not_Sun_Exposed_Suprapubic,Skin_Sun_Exposed_Lower_leg
BFPC04B,"SNF8",ENSG00000159210,5.542875,,,2.38560002352,2.97159481886,4.319117193614656,,3.61076017504,,,,3.901924448,,,4.01253237264,4.67749117925,,,,4.67101535802,3.49197356817,4.81491789546,,4.62628188903,,2.40730454219,3.44617355085,3.58634904644,,,3.73442355347,,3.42075826196,4.65887310051,,,,4.33867659458,3.66393156196,4.48286373199,,4.49282763167,3.37820990158,,,4.90101900523,,,,
BFPC04,"SNF8",ENSG00000159210,5.514577,,,2.4299993284,2.74774413214,4.291610906396277,,3.6171606968,,,,3.95355053997,,,4.05779955631,4.59643106865,,,,4.59670763909,3.37187439782,4.74338044695,,4.53924150415,,2.69032715278,3.41905678624,3.51755760812,,,3.77896145555,,3.43204960968,4.64389984637,,,,4.37182991787,3.61802516722,4.43696394387,,4.56017983325,3.08620588489,,,4.80971595597,,,,
BLOO02,"SNF8",ENSG00000159210,1.147880,,,-1.61999705488,0.517347832041,0.82135382810248,,1.12189298358,,,,5.02956661327,,,0.513417524896,1.19491366238,,,,1.23011421209,1.42902136432,0.646586003781,,0.818337806454,,5.02879524384,0.36159375132,-0.0009510615354,,,-0.700454925599,,-1.03751142601,1.21251800719,,,,0.374977806419,0.0279663560226,1.08241913423,,1.789125791,1.1306459904,,,1.03986099016,,,,
BLOO05,"SNF8",ENSG00000159210,3.802389,,,0.523766412738,-4.57477690025,-1.517446242543684,,-1.34813959226,,,,-3.02442386428,,,-1.09366958119,-1.97045687031,,,,-2.08346891881,-1.50817099958,-1.88806358519,,-1.86101007394,,-1.03931687571,-0.889367289844,-1.04238268787,,,-2.59277911576,,-0.959390815506,-0.838023407651,,,,-0.777908497069,-1.81478685837,-1.97926279395,,-1.4202094366,-4.74532700969,,,-1.83548049453,,,,
BLOO19,"SNF8",ENSG00000159210,3.187294,,,2.18303894553,3.99106087465,2.121045652873975,,2.15056270479,,,,1.38867738054,,,2.01526810451,2.69605691019,,,,3.00393671444,2.62062903898,3.05576705609,,2.99939370853,,0.374675473998,0.713627097673,3.68790076811,,,4.71279232351,,2.74237015041,2.70825341778,,,,2.55800054514,3.36764975946,3.28226664139,,2.57532547554,2.9754290495,,,3.08249851923,,,,
BLOO28,"SNF8",ENSG00000159210,3.986910,,,-1.90090435476,-4.47333270106,-2.08230819227772,,-2.02978875698,,,,-1.94643975599,,,-1.99795030059,-2.39493376026,,,,-2.76340000314,-2.06154040007,-2.8657806466,,-2.62564568364,,0.156430000826,-0.598673341505,-3.4409160949,,,-4.79475300604,,-2.64868734379,-2.35921628587,,,,-2.20700353116,-3.12142967994,-3.12196939238,,-2.23394213728,-3.29616839823,,,-2.71810061522,,,,
BLOO33,"SNF8",ENSG00000159210,7.448770,,,1.48593351218,-2.61743814523,-2.826266355215511,,-2.41529862788,,,,-4.42371619373,,,-1.82619454683,-3.51747781084,,,,-3.90308407497,-2.82555368007,-3.82453323945,,-3.76619112227,,-0.398157747794,-0.907228600294,-1.49351584884,,,-0.556513091246,,-0.857581485739,-1.94242044557,,,,-1.97505134541,-2.59551166581,-2.70879726918,,-2.76686738469,-3.52596584189,,,-3.30887304249,,,,
BODY08B,"SNF8",ENSG00000159210,10.795256,,,0.90894403313,3.79660226382,5.737253477421628,,4.92648026677,,,,4.0497150962,,,4.67623483154,6.41093787563,,,,6.34018138571,4.55646783071,6.75381956869,,6.2414654002,,2.23730325005,3.68562738474,3.57038285297,,,4.14418875251,,5.00507476246,5.48187770726,,,,4.81644640038,4.85918037686,4.54941844819,,5.43641519081,4.91861768528,,,6.38711975605,,,,
BODY08M,"SNF8",ENSG00000159210,6.581798,,,0.452503916964,2.76992290006,4.292985063413763,,4.23211557948,,,,3.33042472732,,,3.30982239941,5.15003486514,,,,5.06636151014,3.90972877443,5.41482271476,,4.87345309106,,1.69073654792,2.58366990904,2.74562111856,,,2.95546475858,,3.61983945239,4.0903781248,,,,3.72860784099,3.92016233392,3.52549229375,,3.88036207095,4.40395553705,,,5.2977062119,,,,
BODY08,"SNF8",ENSG00000159210,11.175731,,,0.866659968239,3.77756863841,5.669023289309396,,4.7360226437,,,,4.04363438607,,,4.62898459626,6.31276047368,,,,6.22190807078,4.39451578996,6.61315399519,,6.15694419299,,2.28637476914,3.60370646482,3.53626805226,,,4.11230350748,,4.92214776719,5.39487986157,,,,4.70136599847,4.74908159521,4.51410008023,,5.42438462183,4.66735021155,,,6.22279263938,,,,
COAD01,"SNF8",ENSG00000159210,7.078896,,,0.77934150076,1.95488109707,4.46582608471249,,4.20043712742,,,,1.942280721,,,4.15345514355,4.68332605353,,,,4.9144950895,4.15819551735,5.15860371156,,4.63432365356,,-1.10191199107,1.59128758305,4.12668103243,,,2.86129321734,,3.8832875346,4.61225778391,,,,2.78072850094,4.37766616727,4.20403141735,,4.40582148703,2.67578009374,,,4.27647862359,,,,
COAD03,"SNF8",ENSG00000159210,7.243105,,,0.66557044545,2.08494085455,4.535666717295372,,3.55518222331,,,,1.26457318429,,,3.95333770931,4.73047956068,,,,4.69481618991,3.88356302184,5.13966350169,,4.5362666897,,-1.35897136788,2.08724661484,3.91637832807,,,3.04172869086,,4.24113354077,4.18752394159,,,,2.786114201,4.31990774119,3.7863313918,,4.05446424165,2.53068184429,,,4.3418645683,,,,
DIAB05,"SNF8",ENSG00000159210,6.808633,,,0.275179161628,3.11462123377,2.8169846142888044,,3.13251259153,,,,0.478811426139,,,2.73018718846,3.57639908844,,,,4.1091928099,2.83715336014,4.13376811661,,3.56647800327,,-1.86629450911,2.00185774985,4.83235899524,,,5.54367004378,,3.92904583264,2.90490403307,,,,1.84525978579,4.44249283898,3.8932065997,,2.71148915465,1.481798025,,,3.76711167458,,,,
EDUC03,"SNF8",ENSG00000159210,11.152341,,,-2.88176717748,-3.65444131742,-4.742839315532039,,-4.66406418026,,,,-1.90738208096,,,-4.33334395043,-5.46747271924,,,,-5.5565495079,-4.96417050893,-5.85043929966,,-5.77288475537,,1.16514964636,-3.17126872156,-6.01593922498,,,-3.35567903735,,-3.94745266182,-4.90163797037,,,,-4.15065743457,-4.77251941454,-5.04138716927,,-4.45424292485,-3.30227349198,,,-5.35966604133,,,,
HEIG03,"SNF8",ENSG00000159210,12.015122,,,-1.50872805737,-7.09824072872,-5.199048922475113,,-4.39883176643,,,,-3.87598526216,,,-3.83334966469,-4.57357389891,,,,-4.84984665446,-4.17561382274,-4.66417408333,,-5.2360382136,,0.971024015349,-0.651282501509,-4.41192242143,,,-2.72841856475,,-3.82432807461,-3.98215772899,,,,-2.17740350682,-3.73785501365,-5.55846663467,,-3.67976129436,-4.97138315246,,,-4.25547862095,,,,
HIPC03,"SNF8",ENSG00000159210,6.822666,,,-0.0134353473263,-5.26272005424,-3.746227573642129,,-2.27178971522,,,,-1.91442343124,,,-3.00787373485,-2.6183982456,,,,-3.08964716945,-1.78310708811,-2.54031802505,,-3.33166056578,,0.91593121957,-0.531516587134,-3.10136328756,,,-1.12798530579,,-3.25677413714,-2.41924055067,,,,-1.33059771712,-2.62933050441,-2.82709762077,,-2.35214020518,-1.84780697701,,,-2.6854100655,,,,
HIPC04,"SNF8",ENSG00000159210,6.972854,,,-0.0131002615898,-4.96393726579,-3.680512076561299,,-2.23882524804,,,,-1.86668031898,,,-2.93044776987,-2.55309888369,,,,-3.01259547582,-1.70739036359,-2.47696581814,,-3.2485733524,,0.893089074283,-0.815975175135,-3.02582399666,,,-1.15729569549,,-3.31712055722,-2.35890793321,,,,-1.29200166293,-2.5864276714,-2.77162503506,,-2.28417020547,-1.80172506999,,,-2.61843951548,,,,
LEAN04B,"SNF8",ENSG00000159210,10.464010,,,-1.16836429826,-3.9493341629,-0.9049078824851561,,-0.394731366978,,,,-1.13016789847,,,-0.506161290525,-0.1100731546,,,,-0.787179297937,-0.987145764806,-0.797280420183,,-1.05366261939,,1.93026328275,-1.48024392517,-4.01700216351,,,-1.4339838499,,-0.422446162135,-0.306041150984,,,,0.778100527637,-0.963010931416,-1.84290400194,,0.440238659634,0.0455567506229,,,-0.0479021355799,,,,
LEAN04,"SNF8",ENSG00000159210,9.639104,,,-0.861655018502,-4.12802238495,-1.0385007285243109,,-0.231022121048,,,,-1.13247272649,,,-0.831487572796,-0.0966706592639,,,,-0.772261940108,-1.22899462898,-0.688380176307,,-1.03530769606,,2.40096585218,-1.49008374545,-4.18854553047,,,-1.6791165077,,-0.522349369766,-0.540648581378,,,,1.04772544525,-0.848710090544,-1.93997285457,,0.133431901539,0.0614558993362,,,-0.0231125029474,,,,
LEAN05B,"SNF8",ENSG00000159210,9.259432,,,-1.04744919425,-4.00815860573,-0.97846103426431,,-0.335171268721,,,,-1.284817456,,,-0.506234798842,-0.093416962874,,,,-0.786686057315,-0.95765001236,-0.832717912501,,-1.07315009036,,1.8974692548,-1.53045735873,-4.06251065599,,,-1.47223796589,,-0.483619101475,-0.278231192354,,,,0.816068173991,-0.971482028206,-1.81554461197,,0.435982668007,-0.0749154689486,,,-0.00755417163639,,,,
LEAN05M,"SNF8",ENSG00000159210,5.819014,,,-0.186188309231,-3.60185623065,-1.1107400202378577,,-0.178664732586,,,,-1.06410389975,,,-1.15102506868,-0.323593554353,,,,-0.825568409553,-1.36347166949,-0.632848375072,,-0.976227702105,,2.54100476259,-1.29765326592,-3.52864765014,,,-1.66239583649,,-0.571081868314,-0.754772822722,,,,1.08999303258,-0.727466775292,-1.82499500472,,-0.42443298433,-0.03806272035,,,-0.235205511787,,,,
LEAN05,"SNF8",ENSG00000159210,9.355502,,,-0.803387276859,-4.18748234084,-1.0943003433032468,,-0.223057630502,,,,-1.24332948351,,,-0.838679416609,-0.101464073126,,,,-0.795375790116,-1.25006888088,-0.734895065203,,-1.07085697924,,2.35155821028,-1.52322989577,-4.24990713762,,,-1.72920729928,,-0.558396742616,-0.540818399434,,,,1.04834308916,-0.876847918078,-1.95213539385,,0.113229665721,-0.0187416703926,,,-0.0151017801018,,,,
LEAN06B,"SNF8",ENSG00000159210,11.072691,,,-0.922973939825,-4.18498807379,-0.039440304256632704,,-0.182039395284,,,,-0.868969614592,,,0.228182151587,0.833320761348,,,,0.137110531472,-0.574146681193,0.057674640228,,-0.0174096184549,,1.83311570648,-0.137978820704,-3.58937098998,,,-0.82069629249,,0.663031119461,0.456448896648,,,,1.78807002236,-0.294122209121,-1.58429225276,,0.812173753054,0.662569178886,,,0.47382480961,,,,
LEAN06M,"SNF8",ENSG00000159210,7.117430,,,0.280380436722,-4.00943849506,-0.4648655468766472,,0.250955813123,,,,0.121104712496,,,-0.416392543001,0.578311190652,,,,-0.0857022501649,-0.838801587283,0.0242690096719,,-0.342844337744,,2.54477530256,-0.0690627781052,-2.80392928934,,,-0.646809085271,,-0.0746204100133,0.0667749657312,,,,1.77029875308,-0.299191824007,-1.56290648399,,-0.185958676408,0.157069774987,,,0.488312872728,,,,
LEAN06,"SNF8",ENSG00000159210,10.521116,,,-0.58974235666,-4.50154456573,-0.23249565472961703,,-0.00672831909794,,,,-0.42864145708,,,-0.0787946861283,0.886327843864,,,,0.0916431375723,-0.750965657561,0.0588088484353,,-0.116246655574,,2.27048714007,-0.130174056548,-3.61276175726,,,-0.8122980512,,0.371027545678,0.271665514971,,,,1.9217914129,-0.296350512322,-1.71958894583,,0.44114542121,0.500297114697,,,0.585442840819,,,,
SCBP02,"SNF8",ENSG00000159210,6.057461,,,2.71340574054,3.06581830135,5.154524844288228,,4.45332225516,,,,3.57292270167,,,5.11471890484,4.55831901339,,,,5.11141785954,4.44829514941,4.76485420316,,4.87982351002,,0.430552763613,4.0358870155,5.01014995099,,,4.50820384766,,4.55900519943,5.03076025638,,,,4.73144410641,4.88872579479,4.43854243408,,5.04593479915,3.01225934622,,,4.53700122227,,,,
