code,target,ENSEMBL,association,Adipose_Subcutaneous,Adipose_Visceral_Omentum,Breast_Mammary_Tissue,Muscle_Skeletal,DGN_Whole_Blood,Whole_Blood,Artery_Aorta,Artery_Coronary,Artery_Tibial,Heart_Atrial_Appendage,Heart_Left_Ventricle,Spleen,Brain_Amygdala,Brain_Anterior_cingulate_cortex_BA24,Brain_Caudate_basal_ganglia,Brain_Nucleus_accumbens_basal_ganglia,Brain_Putamen_basal_ganglia,Brain_Cerebellar_Hemisphere,Brain_Cerebellum,Brain_Cortex,Brain_Frontal_Cortex_BA9,Brain_Hippocampus,Brain_Hypothalamus,Brain_Spinal_cord_cervical_c-1,Brain_Substantia_nigra,Nerve_Tibial,Cells_Transformed_fibroblasts,Cells_EBV-transformed_lymphocytes,Colon_Sigmoid,Colon_Transverse,Esophagus_Gastroesophageal_Junction,Esophagus_Mucosa,Esophagus_Muscularis,Liver,Minor_Salivary_Gland,Small_Intestine_Terminal_Ileum,Stomach,Adrenal_Gland,Pituitary,Pancreas,Thyroid,Lung,Ovary,Prostate,Testis,Uterus,Vagina,Skin_Not_Sun_Exposed_Suprapubic,Skin_Sun_Exposed_Lower_leg
BODY03,"NUCB2",ENSG00000070081,6.584843,,,0.602385632818,,1.4643811263213868,0.765084993984,-0.0445098926959,,2.00910509413,,,1.98851942199,,,,,,,2.57959729595,,,,,,,2.17168050419,1.72234521563,2.22179561835,,2.58889231018,,2.11298404113,,1.65626379951,,,0.366435376832,,,,1.76286957402,1.41286854928,1.07086504516,,,,,,0.322326951301
BODY04,"NUCB2",ENSG00000070081,6.522792,,,0.477860508958,,1.5783277881757203,0.866163610094,0.0298165486497,,1.84615737663,,,2.12940028351,,,,,,,2.75137265735,,,,,,,2.31984835939,1.7955893481,2.36582499907,,2.7252299443,,2.23729656751,,1.7917749993,,,0.141906906998,,,,1.84757196705,1.52950355469,1.18674211933,,,,,,0.158621590662
BODY07B,"NUCB2",ENSG00000070081,5.669911,,,1.32889805922,,1.1372535970588171,1.89084599787,0.787693257456,,1.70219346207,,,3.81868959076,,,,,,,3.46239561341,,,,,,,2.78323726876,1.90396382631,3.01821802069,,4.2348222319,,2.61589337509,,2.45115387681,,,0.783364113086,,,,2.1000680532,2.09889104199,2.21477643534,,,,,,0.535646659555
BODY08B,"NUCB2",ENSG00000070081,6.403205,,,2.38580264016,,1.1125448287173705,1.32094345307,1.17026826995,,2.07483269954,,,4.09084504883,,,,,,,3.2841688254,,,,,,,2.51077493705,2.01242538042,3.0377746483,,3.77576387226,,2.68218048092,,1.65022070344,,,-1.42116776944,,,,2.17010581327,1.84985278467,3.13912454995,,,,,,0.867958333263
BODY08M,"NUCB2",ENSG00000070081,6.149323,,,2.4955128322,,0.9546213295564331,1.27218355526,1.31656113859,,1.52192424415,,,3.09153460351,,,,,,,3.19770928068,,,,,,,2.30962514704,1.75655804773,2.60574132751,,3.52244700829,,2.34185447321,,1.7787576803,,,-2.62852778523,,,,2.15949561336,1.75298239477,2.88714234643,,,,,,1.75121088869
GLAU01,"NUCB2",ENSG00000070081,11.093213,,,-3.45631891826,,-3.1157784871074163,-0.530734777397,-1.50749085726,,-1.54560494423,,,-1.91881104131,,,,,,,-0.704538723812,,,,,,,-2.94092768647,2.94827514953,-0.398130992092,,-4.71366378325,,-4.13856004756,,-0.73781044111,,,0.686635871918,,,,,-0.549882471561,-3.77115540837,,,,,,-0.854410402004
HEIG03,"NUCB2",ENSG00000070081,12.468432,,,-2.48090126448,,-3.000308149600493,-3.28240864309,-3.10884363008,,-2.72097492081,,,-4.1174615142,,,,,,,-4.59772230493,,,,,,,-4.83733519095,-4.57393793556,-4.85379641103,,-6.11935589088,,-4.50229940236,,-4.47670231434,,,0.561716164097,,,,-4.65557804951,-4.34160993367,-4.04264467328,,,,,,-0.660488193438
INFB01,"NUCB2",ENSG00000070081,5.920385,,,0.558175830857,,2.864064257236161,1.81401834018,2.54813127913,,4.76827152319,,,1.32965696177,,,,,,,2.47441223304,,,,,,,3.01114183544,2.48598053959,2.09874813158,,2.61141725972,,4.121731249,,2.1295058508,,,1.27555882141,,,,2.58003302621,2.88707316831,0.485057970011,,,,,,2.3754861486
SCBP01,"NUCB2",ENSG00000070081,6.794796,,,0.766262740428,,3.8167200337280947,3.20585290585,3.11491135668,,4.13749415088,,,1.29080134075,,,,,,,4.26997096231,,,,,,,4.50668998294,3.83133109542,2.53183966779,,3.71391828886,,4.00052198715,,3.99285748033,,,1.33722923761,,,,4.01573739319,4.03974894138,2.80574397836,,,,,,1.62568325494
SCHI02M,"NUCB2",ENSG00000070081,7.101780,,,-0.507597283006,,3.0861300477987252,3.31382867084,2.75483884281,,4.05691186302,,,2.22661041626,,,,,,,4.25878125505,,,,,,,4.19087558434,4.10886612284,3.20709663642,,4.14772761009,,4.24537733639,,3.57081154786,,,1.26267684325,,,,3.88516775225,3.8879063998,1.60549539853,,,,,,2.12369732876
WAIS03,"NUCB2",ENSG00000070081,8.367836,,,-3.14641276265,,-2.3753352344625585,-2.4107334459,-3.05792690419,,-2.73829522182,,,-2.53901585434,,,,,,,-3.1608729858,,,,,,,-3.36736137945,-3.40192535886,-2.23606074386,,-4.23176367272,,-3.25846286047,,-2.09553836895,,,-0.320827935313,,,,-2.92939462416,-2.84027489412,-3.35048432005,,,,,,-0.847272824654
WAIS04,"NUCB2",ENSG00000070081,7.159047,,,-2.86798113252,,-2.367358815196223,-2.41876828491,-3.03030334279,,-2.37445717875,,,-2.46062554705,,,,,,,-3.0471634615,,,,,,,-3.33446068442,-3.4255000734,-2.15354018983,,-4.08528926664,,-3.1647653967,,-2.15937164628,,,-0.231772205143,,,,-2.91339175525,-2.84729211294,-3.30363322804,,,,,,-0.83801226748
