code,target,ENSEMBL,association,Adipose_Subcutaneous,Adipose_Visceral_Omentum,Breast_Mammary_Tissue,Muscle_Skeletal,DGN_Whole_Blood,Whole_Blood,Artery_Aorta,Artery_Coronary,Artery_Tibial,Heart_Atrial_Appendage,Heart_Left_Ventricle,Spleen,Brain_Amygdala,Brain_Anterior_cingulate_cortex_BA24,Brain_Caudate_basal_ganglia,Brain_Nucleus_accumbens_basal_ganglia,Brain_Putamen_basal_ganglia,Brain_Cerebellar_Hemisphere,Brain_Cerebellum,Brain_Cortex,Brain_Frontal_Cortex_BA9,Brain_Hippocampus,Brain_Hypothalamus,Brain_Spinal_cord_cervical_c-1,Brain_Substantia_nigra,Nerve_Tibial,Cells_Transformed_fibroblasts,Cells_EBV-transformed_lymphocytes,Colon_Sigmoid,Colon_Transverse,Esophagus_Gastroesophageal_Junction,Esophagus_Mucosa,Esophagus_Muscularis,Liver,Minor_Salivary_Gland,Small_Intestine_Terminal_Ileum,Stomach,Adrenal_Gland,Pituitary,Pancreas,Thyroid,Lung,Ovary,Prostate,Testis,Uterus,Vagina,Skin_Not_Sun_Exposed_Suprapubic,Skin_Sun_Exposed_Lower_leg
BLOO07,"BOK",ENSG00000176720,7.755377,3.9569845269,2.91646161668,2.61123532109,,0.017288034657882322,-0.0292006049594,,-1.23159611225,,4.42088629626,2.76932446482,,,,,,,,,,,,,,,0.614009127844,2.08103833515,,2.54337358238,,2.75654375112,,2.98016452998,-0.0292520967283,2.91449491965,,2.95844554494,,,,0.505385130396,,,,1.70495101636,,,,2.79665354644
BLOO08,"BOK",ENSG00000176720,5.817557,2.05958548202,1.44243536498,1.13944821448,,-3.4302040815920707,-3.00542571713,,0.615840196609,,0.713867444921,0.660250600606,,,,,,,,,,,,,,,-0.0803431370998,2.45886049047,,-0.447999440994,,-0.831818464074,,-1.34574175323,-0.447666321647,2.42082247938,,1.51000725621,,,,0.869676478417,,,,1.37108926521,,,,0.994378810949
BLOO16,"BOK",ENSG00000176720,9.618470,4.0929531159,2.94883772302,2.51126557985,,-1.193235440148737,-1.19256075767,,-0.663516223431,,3.80305182756,2.46958622711,,,,,,,,,,,,,,,0.509566864721,2.30140708672,,2.25027894445,,2.14799791649,,2.35635800368,0.0343977977764,3.15432792843,,3.06043287746,,,,0.672027578639,,,,1.59639399278,,,,3.16570693081
BLOO17,"BOK",ENSG00000176720,6.214727,3.81162791317,2.87000412464,2.58148316239,,0.5708417896776806,0.450733213717,,-1.84463942051,,4.55116641106,2.90073766829,,,,,,,,,,,,,,,0.583057378178,1.42240368468,,2.70238775769,,2.78751027565,,2.93936780795,0.518863913669,2.81308788863,,2.85829187427,,,,0.904783827745,,,,1.59343560006,,,,2.5337651715
BLOO31,"BOK",ENSG00000176720,8.032953,-3.60145144202,-2.73015025578,-2.3637827248,,0.9050550388430082,0.98574887788,,1.70507729053,,-3.50464400761,-2.01654280323,,,,,,,,,,,,,,,0.198630502292,-1.26590515611,,-1.89912730501,,-1.76960170292,,-1.73951284234,-0.907301489072,-3.06387935767,,-2.74709581623,,,,-1.57216234312,,,,-1.55865772377,,,,-2.60677162405
BLOO34,"BOK",ENSG00000176720,6.119873,3.12844160336,2.56210204339,2.87197230575,,0.9875870312321859,2.07406757704,,0.833256661892,,3.75005886328,1.58995577303,,,,,,,,,,,,,,,0.213717457021,3.17949872148,,1.53914073523,,4.51753182667,,2.79613320898,-2.36539920494,2.89151403358,,2.76816824699,,,,2.55540987385,,,,6.0183140521,,,,3.59135850793
CROH01,"BOK",ENSG00000176720,5.950782,-2.06951703782,-2.58065692478,-2.30469866173,,0.24881294862047396,-0.677419073572,,-0.853287279606,,-3.68580489219,-0.283292633546,,,,,,,,,,,,,,,-1.50826624468,-3.39039624641,,-0.177526634504,,-2.29949478791,,-0.701757223363,0.981062742642,-2.44922339064,,-2.72139638193,,,,-2.75351708901,,,,-3.54193008785,,,,-1.90773097966
GLYC03,"BOK",ENSG00000176720,2.651773,4.02771787541,3.97274179241,3.34467548142,,0.6669646520471124,0.857849892262,,0.784579753876,,3.3746434037,3.33485838866,,,,,,,,,,,,,,,4.83098391265,1.41788416723,,1.62644405478,,3.69601216038,,3.24338254647,0.688605985398,3.37747204933,,3.97625174079,,,,-1.0723956254,,,,1.73618427198,,,,2.81336191576
HEIG03,"BOK",ENSG00000176720,9.798739,-4.95230549184,-5.98702157487,-4.81801155383,,3.26851658737119,2.80474122451,,-2.33435463905,,-3.83088725903,-3.13884063134,,,,,,,,,,,,,,,-3.01519465709,-5.36885466721,,-2.74099184116,,-1.31931444499,,-1.21447000434,-0.0948097895281,-4.36298598793,,-6.00190328149,,,,-0.658325262797,,,,-3.49423943305,,,,-3.03452411397
INFB01,"BOK",ENSG00000176720,6.726374,-2.59948639682,-2.93076630829,-2.26438959178,,1.6708019438656037,0.907519600477,,-0.225082680583,,-3.77386264324,-0.445355228748,,,,,,,,,,,,,,,-0.61295042224,-4.35427648488,,0.523786401523,,-1.70161596286,,-0.347446012334,2.58493122803,-3.53293876908,,-3.07072376637,,,,-3.24071682403,,,,-2.62733887618,,,,-1.2341290256
LEAN06B,"BOK",ENSG00000176720,6.842785,-5.72470578488,-5.46940629822,-4.75020842156,,2.3609633415220888,2.19384905403,,-2.07769274712,,-3.95646306036,-2.68180500312,,,,,,,,,,,,,,,-1.61597741176,-3.56212961609,,-0.590066343551,,-2.86012024966,,-1.93482454375,-0.726594590139,-5.79680760939,,-5.30325637168,,,,-1.08061653181,,,,-3.18343636139,,,,-2.87795970954
LEAN06M,"BOK",ENSG00000176720,3.247398,-4.86241424375,-4.37393319652,-3.83962972546,,0.732190766208512,0.419615292353,,-0.865830242634,,-3.34900367303,-3.90704191586,,,,,,,,,,,,,,,-2.53510983004,-2.27038700914,,-1.76238331216,,-2.44160550239,,-2.2839977847,0.966234999434,-4.75090474011,,-4.17469489854,,,,-2.74657364523,,,,-4.48052829366,,,,-3.02596650729
LEAN06,"BOK",ENSG00000176720,7.122502,-5.87559846224,-5.50894430869,-4.81312348473,,1.8575928610730539,1.60948422983,,-1.76779663563,,-4.04197359976,-3.35680699615,,,,,,,,,,,,,,,-2.10904730597,-3.29092538481,,-1.08398190158,,-2.90602875754,,-2.27487537612,-0.0327610114259,-5.91037031664,,-5.3314933483,,,,-1.9313197302,,,,-4.04278927575,,,,-3.27060699147
