code,target,ENSEMBL,association,Adipose_Subcutaneous,Adipose_Visceral_Omentum,Breast_Mammary_Tissue,Muscle_Skeletal,DGN_Whole_Blood,Whole_Blood,Artery_Aorta,Artery_Coronary,Artery_Tibial,Heart_Atrial_Appendage,Heart_Left_Ventricle,Spleen,Brain_Amygdala,Brain_Anterior_cingulate_cortex_BA24,Brain_Caudate_basal_ganglia,Brain_Nucleus_accumbens_basal_ganglia,Brain_Putamen_basal_ganglia,Brain_Cerebellar_Hemisphere,Brain_Cerebellum,Brain_Cortex,Brain_Frontal_Cortex_BA9,Brain_Hippocampus,Brain_Hypothalamus,Brain_Spinal_cord_cervical_c-1,Brain_Substantia_nigra,Nerve_Tibial,Cells_Transformed_fibroblasts,Cells_EBV-transformed_lymphocytes,Colon_Sigmoid,Colon_Transverse,Esophagus_Gastroesophageal_Junction,Esophagus_Mucosa,Esophagus_Muscularis,Liver,Minor_Salivary_Gland,Small_Intestine_Terminal_Ileum,Stomach,Adrenal_Gland,Pituitary,Pancreas,Thyroid,Lung,Ovary,Prostate,Testis,Uterus,Vagina,Skin_Not_Sun_Exposed_Suprapubic,Skin_Sun_Exposed_Lower_leg
BLOO05,"C11orf21",ENSG00000110665,11.122951,-5.16210268049,-5.79254742099,-4.35104944291,-5.15742125045,-3.9834198516126778,-4.24673199553,-6.42608908789,,,,-4.93641594685,-4.95536844144,,-1.64618011021,,-1.71505668809,,,-0.571755897355,-0.62588751645,,-4.01055829793,,-1.3283585984,-1.90044093055,-3.01368127441,,-0.0894487403509,,-3.7055574419,-5.43714507469,-4.96811492521,-5.41193085792,-2.98708072905,,-1.71516300182,,-4.07343342073,,,-4.53264891807,-3.79951250424,,-4.02889951768,,,-4.95768674207,-4.34104256305,-4.21882383086
BLOO07,"C11orf21",ENSG00000110665,5.635993,-2.27770843505,-3.22901059507,-1.30689823491,-3.36605187967,-2.1737894773709048,-2.83815302007,-2.82117773271,,,,-2.501501059,-1.54864457195,,0.0284227967961,,-0.398318360171,,,1.25927457784,0.266910465591,,-2.37514176351,,-0.041991591731,1.08056387163,0.476651571452,,1.69860760115,,-0.346173661373,-2.99005544053,-2.4944503607,-4.10098362227,-1.1237939961,,0.318729784519,,-1.90115634267,,,-2.76924048258,-1.92764541403,,-0.759267136315,,,-2.93951646703,-2.48994103693,-4.28404031492
BLOO08,"C11orf21",ENSG00000110665,11.268234,-1.30717556866,-1.638786645,-0.05365374871,-2.04696838459,-0.5141632069326633,-1.26334117931,-1.34650074041,,,,-2.52781458484,-0.980606253358,,-0.746836797852,,-0.328066800822,,,0.897360956911,-0.922977908509,,-1.70541077944,,-1.27122487871,0.363595213544,0.422095110771,,1.54569855055,,0.988200647215,-2.43293283023,-1.75113769003,-3.66240384128,0.534938133783,,0.0492405560559,,-1.58936738054,,,-2.8396362504,-0.105427584829,,-1.71304546826,,,-3.18327555402,-1.18327086526,-2.6953346387
BLOO14,"C11orf21",ENSG00000110665,9.899836,-0.819875862315,-1.36272646266,0.230304902255,-0.858785293489,0.7273057550392312,-0.15211583536,-0.819135957087,,,,-1.70522744365,-1.28865732158,,-1.9852283395,,-1.36179714146,,,0.23292629684,-2.21305540701,,-2.05620023945,,-2.82052159704,0.0593439503886,-0.984026768645,,-0.308069465861,,-0.03713435404,-2.17004420232,-2.30133801857,-3.32868368012,1.35824117356,,-0.9484972728,,-1.56870968879,,,-2.94387586971,-0.128815843366,,-2.02755686468,,,-2.95539062241,0.309450642927,-1.59629452759
BLOO15,"C11orf21",ENSG00000110665,6.845820,-0.254083875069,-0.929372392019,0.449481474018,-0.286432886234,0.8754235668064403,0.257239523967,-0.207964573955,,,,-0.755619844566,-1.07187054655,,-1.99725457358,,-1.07481823464,,,0.0954245376452,-2.18825334267,,-1.42876007193,,-2.76330128569,0.161011751359,-1.08378099812,,-0.921646609392,,-0.19704593054,-1.46306328647,-2.12120307174,-2.41169276706,1.29711549499,,-0.987108419301,,-1.25846900471,,,-2.21977980685,0.239611140905,,-2.07718357314,,,-2.59043256525,0.915602170349,-0.646682979705
BLOO16,"C11orf21",ENSG00000110665,7.873122,-2.39286043713,-3.35215880001,-1.37738933754,-3.53393290331,-2.2935215284318797,-2.89944694228,-3.03986806851,,,,-2.6390496421,-1.62366081424,,0.00203004167388,,-0.415251462243,,,1.36327458193,0.175505873685,,-2.26420822483,,-0.207392726652,1.3684269484,0.582841509951,,1.98631117562,,-0.205742950324,-3.21635884241,-2.66143900988,-4.52478067208,-1.33892730984,,0.260324841523,,-2.18752551716,,,-3.14798628977,-2.20790548969,,-1.28333290043,,,-3.27391377452,-2.37146316732,-4.32914151475
BLOO19,"C11orf21",ENSG00000110665,5.875268,2.9625091599,3.78207858865,2.79229508985,1.97541065942,1.661323676525143,1.64542044757,3.7642181426,,,,1.65486772806,4.24604111139,,3.19388703425,,2.03053139428,,,1.52840252661,2.51809548376,,2.77507276463,,3.05778102824,1.65441205598,4.50784240276,,3.20658246498,,4.83250887324,3.20512287855,4.69818357679,2.63049511513,1.9636805646,,2.6947648646,,3.27019380759,,,2.76555578689,2.65633349751,,3.71436981025,,,3.10674376235,0.525363889339,0.399101107886
BLOO26,"C11orf21",ENSG00000110665,11.893979,2.73209797013,3.00308066111,2.55502660096,4.35621577862,3.5202672069096907,4.41659517407,2.41736307406,,,,4.21804743495,2.53220860454,,0.738027010417,,-0.224979499524,,,-0.405708763815,-1.07272790195,,2.19153654978,,0.430161543783,-0.718127731899,0.153685253752,,-1.90174296421,,0.0686983693686,3.56647931989,2.43968466663,5.65449475504,2.20954506977,,0.364424357348,,1.45961744777,,,4.76408276746,2.26009240754,,2.08469459219,,,2.93452682145,2.15559468017,3.06991983566
BLOO27,"C11orf21",ENSG00000110665,11.661324,2.94009266262,3.52272670975,2.41956235772,4.14667957233,3.317928704124329,3.99763983242,2.77591187487,,,,3.92443083912,3.56520371497,,1.34321733691,,0.0697816494281,,,0.110532132907,-0.585510983584,,2.49020661379,,1.38590010769,0.137334569059,1.26072692242,,-0.688443540719,,1.09304840452,3.83302693672,3.18606488627,5.7469846149,2.2473120201,,0.88892796629,,2.28185309298,,,5.02408623451,2.61980831837,,2.55647952838,,,3.14016919683,1.76815640646,2.36226578647
BLOO28,"C11orf21",ENSG00000110665,9.068491,-4.27786107673,-5.20664763593,-3.87865522419,-3.15349502581,-2.124497759559615,-2.33630592312,-5.52162544655,,,,-3.09138480622,-5.47761737585,,-3.69064967493,,-2.87610297666,,,-2.08974355357,-2.66387242695,,-4.16168216949,,-3.62764523766,-2.069065917,-5.29249846554,,-3.12909977829,,-5.62941833553,-4.73221320103,-5.7203956724,-4.17213893155,-2.01856162626,,-3.26045973159,,-4.34960493658,,,-4.11913792962,-3.74873499802,,-4.3209114537,,,-4.16789778685,-1.46676238162,-1.74773969679
