code,target,ENSEMBL,association,Adipose_Subcutaneous,Adipose_Visceral_Omentum,Breast_Mammary_Tissue,Muscle_Skeletal,DGN_Whole_Blood,Whole_Blood,Artery_Aorta,Artery_Coronary,Artery_Tibial,Heart_Atrial_Appendage,Heart_Left_Ventricle,Spleen,Brain_Amygdala,Brain_Anterior_cingulate_cortex_BA24,Brain_Caudate_basal_ganglia,Brain_Nucleus_accumbens_basal_ganglia,Brain_Putamen_basal_ganglia,Brain_Cerebellar_Hemisphere,Brain_Cerebellum,Brain_Cortex,Brain_Frontal_Cortex_BA9,Brain_Hippocampus,Brain_Hypothalamus,Brain_Spinal_cord_cervical_c-1,Brain_Substantia_nigra,Nerve_Tibial,Cells_Transformed_fibroblasts,Cells_EBV-transformed_lymphocytes,Colon_Sigmoid,Colon_Transverse,Esophagus_Gastroesophageal_Junction,Esophagus_Mucosa,Esophagus_Muscularis,Liver,Minor_Salivary_Gland,Small_Intestine_Terminal_Ileum,Stomach,Adrenal_Gland,Pituitary,Pancreas,Thyroid,Lung,Ovary,Prostate,Testis,Uterus,Vagina,Skin_Not_Sun_Exposed_Suprapubic,Skin_Sun_Exposed_Lower_leg
BFPC04B,"HSD3B7",ENSG00000099377,10.177564,2.70687935326,,2.23936474529,5.07441575891,-7.093242311814561,-6.95536893594,2.08293330643,,1.10455615626,0.371384912879,4.85303095729,,,,4.41972503031,,,,,4.59750417591,,,,,,1.163557007,2.40975062284,,,5.64725339437,,5.13140693391,,,,5.8196014737,3.92405753369,4.55022020948,4.71111523714,4.95723550471,3.66357253397,,,,,,,5.0110828886,5.18117842282
BFPC04F,"HSD3B7",ENSG00000099377,10.495706,3.08197109255,,2.32434185247,5.41677996817,-7.3327988863642455,-7.25774271287,1.55745523362,,0.750057200829,-0.22307617071,4.38485544081,,,,4.13578457721,,,,,4.56716969569,,,,,,0.675035361752,2.10187598715,,,5.54668955917,,4.92391782039,,,,5.1367032162,4.42240657962,3.44618624331,4.58925554945,4.64617405486,4.35816553391,,,,,,,4.82278574924,5.02005231188
BFPC04,"HSD3B7",ENSG00000099377,11.745476,3.01137742778,,2.35536477787,5.48292991135,-7.55395244953546,-7.45956625833,2.15978819696,,1.16963028047,0.266764947632,5.0509148612,,,,4.69338256017,,,,,4.91224461285,,,,,,1.17653206908,2.53879069264,,,5.99921637835,,5.41949036778,,,,6.05576121318,4.32729400602,4.61726505962,4.99967420023,5.20461409768,4.0014939945,,,,,,,5.30462466174,5.46045391501
BLOO02,"HSD3B7",ENSG00000099377,10.217578,-4.65294181,,-2.95406736064,-4.84899237655,2.7513807751130033,4.00956290441,-4.58205537021,,-4.40667992205,-1.33452346534,-5.79280410643,,,,-5.86496684073,,,,,-5.12178131206,,,,,,-3.50819991305,-4.3590366348,,,-5.61714450944,,-5.81429216202,,,,-5.09527102142,-4.85839073028,-4.46368452946,-5.44640673255,-5.84893747888,-2.71457261861,,,,,,,-6.24662404013,-5.58620122697
BLOO11,"HSD3B7",ENSG00000099377,14.062793,0.89041376763,,-0.840960312446,-2.34788007457,6.973741637430926,6.19682648333,-0.0287419720382,,0.193568591834,1.63753359047,-5.18730039604,,,,-2.70723442441,,,,,-4.71570514386,,,,,,0.924293471642,-1.0305377043,,,-4.33889102116,,-4.46062190968,,,,-5.14919357812,-4.05270141356,-1.69477559483,-4.31043733311,-4.22632960143,-2.8880992642,,,,,,,-4.10525261733,-4.02284327894
BLOO12,"HSD3B7",ENSG00000099377,6.835469,0.346668995482,,-1.24483098049,-1.50118402124,4.2195328243814245,3.98326915788,-0.665994129604,,-0.501496444402,0.829014846779,-4.15675565362,,,,-1.73832192615,,,,,-3.45023933907,,,,,,0.979127161597,-0.516494317791,,,-3.12013296521,,-3.45669350287,,,,-3.39399778342,-3.13537330791,-0.876504958636,-3.36314840789,-3.08917346027,-2.0027791201,,,,,,,-3.53113261935,-2.84763518462
BLOO26,"HSD3B7",ENSG00000099377,15.068491,5.13573284968,,3.46282505673,5.95487396316,-4.370664995524862,-5.6493356842,5.08829270716,,4.40241791917,2.21019581278,6.94955975978,,,,6.65683319475,,,,,6.21352362362,,,,,,4.91111597776,4.91889398588,,,6.59385123319,,6.93464726086,,,,6.86240383658,5.58062928853,5.94424226218,6.55031330637,7.04380222115,3.65069884304,,,,,,,7.42386096297,6.52329128803
BLOO27,"HSD3B7",ENSG00000099377,13.074219,4.7082539212,,3.29207815748,5.4541412935,-3.781483325558375,-5.14631039823,4.51271134632,,3.86986291862,1.78689300418,6.26086417105,,,,5.97966329612,,,,,5.52404915767,,,,,,4.41326200161,4.62034030571,,,5.82900592827,,6.2656549737,,,,6.06171212988,5.30625964509,4.87194210111,5.91040695601,6.44928226683,3.87100625701,,,,,,,6.8826504592,6.06116188181
BODY03,"HSD3B7",ENSG00000099377,4.820018,1.04557975701,,3.50386282633,2.96409238146,-6.2298625255008115,-5.94806213205,1.50312504804,,1.09855365874,0.818462629832,2.90381724476,,,,2.38275045059,,,,,3.37332662716,,,,,,1.10337055505,1.99013550754,,,3.54376404955,,3.41301368994,,,,3.66968578809,2.33864159011,3.68485748858,2.98651919016,3.50386444738,1.8978006388,,,,,,,3.33545244304,3.59344159241
BODY04F,"HSD3B7",ENSG00000099377,4.370907,1.58074420873,,3.15809319678,2.81695214218,-4.853913135719251,-5.02823159628,1.84972195397,,1.55854704446,1.65812116459,2.61204407535,,,,2.40266638389,,,,,3.34329700768,,,,,,1.35974271503,2.24879221246,,,3.41137226579,,3.51298047358,,,,3.21845331327,2.34862086459,3.68564065082,3.02866557358,3.54163950377,2.42266431994,,,,,,,3.38505264502,3.59072083268
BODY04,"HSD3B7",ENSG00000099377,5.102609,1.25598179264,,3.69702067403,3.22880757528,-6.386580292333495,-6.19682905806,1.75665485512,,1.32795241128,1.08953697518,3.07389987949,,,,2.67688238308,,,,,3.60362551939,,,,,,1.29558483416,2.19582060323,,,3.82526497245,,3.61732289116,,,,3.90055660712,2.50955455194,3.97996524265,3.174342701,3.71080085119,1.99237718276,,,,,,,3.54766956836,3.77279657729
BODY06B,"HSD3B7",ENSG00000099377,3.916533,0.191851855658,,0.980222776796,2.31816940764,-4.718598457691042,-3.99842465557,0.162413899757,,-0.354919825573,-1.02606890773,2.62960810757,,,,1.85931548875,,,,,2.24854829881,,,,,,-0.284656230388,0.713957588855,,,2.62408977664,,2.35181528373,,,,3.92533628898,1.80954361078,1.52072508864,2.18853368909,2.28132526183,1.48394833378,,,,,,,2.59848625923,2.59431010486
BODY06,"HSD3B7",ENSG00000099377,4.164677,0.350906506275,,1.07881657782,2.52615320792,-4.939129237108847,-4.25826315456,0.153463059492,,-0.360606413892,-1.07624441122,2.66033874784,,,,2.0934653173,,,,,2.35771520383,,,,,,-0.370148138582,0.769770571289,,,2.7763313016,,2.46351901619,,,,3.96591509985,2.01600974346,1.51678819381,2.29775312489,2.3523545055,1.75579832676,,,,,,,2.72349796939,2.70819097267
BODY07B,"HSD3B7",ENSG00000099377,4.050639,0.0372350311849,,0.909248703203,2.16743479256,-4.750682080190087,-4.02143505739,0.0128081723373,,-0.532460555991,-1.19912152275,2.54240281616,,,,1.75549104028,,,,,2.17729708552,,,,,,-0.440715397861,0.538269959095,,,2.49531723702,,2.24167987179,,,,3.81160340226,1.68604289926,1.45232274567,2.09507204368,2.17359877664,1.38367091499,,,,,,,2.52077787993,2.48415495849
BODY07,"HSD3B7",ENSG00000099377,4.282729,0.181006457206,,1.00102179149,2.36513233948,-4.9969142026361375,-4.31449402357,-0.00640870565565,,-0.557148527829,-1.26456090538,2.57393780106,,,,1.9885789129,,,,,2.29875762888,,,,,,-0.548155882111,0.579301453743,,,2.6519093868,,2.35549858339,,,,3.84950095898,1.90098415654,1.46030257354,2.20812108098,2.2501056092,1.65392073087,,,,,,,2.64836591832,2.60083862602
BODY08B,"HSD3B7",ENSG00000099377,16.432832,0.499056037783,,1.78847048077,4.70790879773,-9.899362928585823,-9.09177994618,0.425427799653,,-0.868430250568,-1.10258126986,4.92986231717,,,,3.35744151952,,,,,4.55413025647,,,,,,-0.605922191835,1.07443678622,,,5.41553982287,,5.07162339488,,,,6.70458971665,3.50430083053,3.96609513337,4.67906024678,4.9893408457,3.21330081088,,,,,,,5.1985289792,5.12340171256
BODY08F,"HSD3B7",ENSG00000099377,14.454112,1.77507082361,,2.1267909658,5.14103333006,-8.576738634409638,-8.41305299681,0.97823646113,,0.123241880892,-0.843137159858,4.66532125814,,,,3.88403120492,,,,,4.99352679877,,,,,,-0.490227089594,1.64791294949,,,5.66515483222,,5.20565493238,,,,5.89343390262,4.48971522442,3.33510472446,4.9723668627,4.97843931446,4.22816389772,,,,,,,5.2369207312,5.20108920267
BODY08M,"HSD3B7",ENSG00000099377,5.158547,-0.827973405877,,0.641235133438,2.08016119132,-6.274728744315645,-5.30197659556,-0.251569950137,,-1.29901652901,-0.787085133539,2.78882854197,,,,1.29720936774,,,,,1.99227534856,,,,,,-0.415136700735,0.0685593447355,,,2.60296191039,,2.52252944675,,,,4.1794448779,0.982808809076,2.60032445361,2.18200731726,2.60331193372,0.80591858366,,,,,,,2.66966560557,2.59825336972
BODY08,"HSD3B7",ENSG00000099377,17.079678,0.891311856014,,1.96110040953,5.12889864588,-10.128575055302042,-9.46106685872,0.666880360008,,-0.597334022417,-1.09981417212,5.2066802253,,,,3.75763055434,,,,,4.97875319153,,,,,,-0.576818524172,1.35886836137,,,5.8430507872,,5.45080213957,,,,6.98958506811,4.02562746655,4.11554059827,5.07121213255,5.32884030454,3.63917025677,,,,,,,5.56722885298,5.49103524304
FATM04B,"HSD3B7",ENSG00000099377,15.318225,2.75492311576,,2.39412518704,5.92943796513,-8.864345599655035,-8.36118128056,2.0032745139,,0.961462033207,-0.0671315611788,5.49224061692,,,,4.67847172618,,,,,5.22284983678,,,,,,1.31376828934,2.5145581823,,,6.27729235445,,5.89615723953,,,,6.75842050548,4.34983442024,4.62397287181,5.38297026479,5.66102447516,4.44879504747,,,,,,,5.92508483998,5.94467406187
FATM04F,"HSD3B7",ENSG00000099377,15.909954,3.03868118331,,2.46048751819,5.86883199555,-8.106881298924849,-7.96530792378,1.65117161213,,0.889093626474,-0.320209083047,4.93387968093,,,,4.37082825739,,,,,5.25014055937,,,,,,0.753784192635,2.28802737701,,,6.00365572319,,5.52064887361,,,,5.72049764606,4.8195008217,3.55058268329,5.22985127066,5.24051156016,5.0171157127,,,,,,,5.57329254701,5.6300617336
FATM04M,"HSD3B7",ENSG00000099377,4.406581,1.21668683969,,1.20925438055,3.18897287779,-5.3289193738635205,-4.75031108055,1.35768094816,,0.568657897712,0.188006165696,3.37869220232,,,,2.73555961812,,,,,2.73726326885,,,,,,1.17006663173,1.52203896017,,,3.55154914663,,3.43644185231,,,,4.45689408515,1.90226191748,3.3578008371,2.97552473868,3.35029913134,1.87145394673,,,,,,,3.43138070582,3.41167496644
FATM04,"HSD3B7",ENSG00000099377,17.654744,3.06408635617,,2.52942265582,6.31517114184,-9.209929792074346,-8.7982401019,2.12416419181,,1.09549616417,-0.123323106342,5.72371977487,,,,4.97349449207,,,,,5.59667201304,,,,,,1.31984644918,2.68568331478,,,6.64121291571,,6.2100567557,,,,6.98626736674,4.80216524349,4.70349076587,5.71680064562,5.94380753676,4.82933314321,,,,,,,6.25048215604,6.26165757876
HIPC01M,"HSD3B7",ENSG00000099377,4.329226,1.66861565728,,4.09679731431,3.39978671326,-4.369658740455127,-5.00784276808,2.39407223271,,2.17665125663,1.7277940449,2.87307073314,,,,2.4388031607,,,,,3.81508221748,,,,,,2.20386203774,2.68887269148,,,4.05728225803,,3.83677291757,,,,3.85170324892,2.72971197245,3.27762458607,3.68574551378,3.84839181341,2.23507719621,,,,,,,3.78679825712,3.86955459118
HIPC01,"HSD3B7",ENSG00000099377,7.490596,1.14764648443,,4.68584930046,3.83018441826,-5.611408989316073,-6.3579498371,2.03130209206,,1.53741145305,1.72343714573,3.64870577532,,,,2.44597070956,,,,,4.28316337408,,,,,,1.96413699559,2.28181866939,,,4.55551535624,,4.41776483605,,,,4.07827370333,2.91843700311,3.71647850328,4.14491589184,4.38117346367,3.1173941072,,,,,,,4.39019844199,4.28368833831
HIPC02M,"HSD3B7",ENSG00000099377,4.399964,1.70673867429,,4.04345884027,3.37963970532,-4.250332439266824,-4.89978852242,2.32901238328,,2.15055947945,1.64045761717,2.65923628207,,,,2.3954397785,,,,,3.76935036529,,,,,,2.20468086597,2.58712628826,,,4.00864720967,,3.79416672844,,,,3.79522757069,2.69699066554,3.22340631025,3.65610371561,3.80226069149,2.21541692515,,,,,,,3.75605518774,3.80222415358
HIPC02,"HSD3B7",ENSG00000099377,6.680478,1.14750234088,,4.56670149819,3.72380810973,-5.5536820612945705,-6.23725813991,1.95926011666,,1.49531637961,1.63336123241,3.42838686472,,,,2.41402615308,,,,,4.16588859151,,,,,,1.92648004297,2.22198559692,,,4.43078330278,,4.29938348323,,,,3.95414530284,2.83852882575,3.6126811539,4.0369492004,4.26121511812,3.0377574494,,,,,,,4.27565557673,4.16162240578
LEAN04B,"HSD3B7",ENSG00000099377,4.227686,1.57387581078,,1.20531942966,3.29861826501,-5.1265724071688545,-3.69497025175,0.631278669608,,0.285117497254,-1.14227366056,2.55749473493,,,,2.28569785623,,,,,2.38014327624,,,,,,0.735762953959,1.14275730272,,,2.7423173826,,2.82117952663,,,,3.59228841339,1.98897464451,0.950512028382,2.46379627466,2.58412755168,2.9553331363,,,,,,,3.01267587345,3.10741144382
LEAN04F,"HSD3B7",ENSG00000099377,3.172928,1.38643022058,,1.10400378196,3.07208804882,-4.916437723003669,-3.70374167385,0.516194040668,,-0.008956986101,-0.557416414389,2.0440601857,,,,2.14686695888,,,,,2.16647132733,,,,,,0.283154621734,0.923190630667,,,2.6622935052,,2.46969542765,,,,3.03903043652,2.07769876181,1.24936045087,2.20979942715,2.33689779702,2.95678383459,,,,,,,2.45622187061,2.97835266697
LEAN05B,"HSD3B7",ENSG00000099377,4.805958,1.41350940574,,1.12513358744,3.11961795999,-5.1389542878701935,-3.6551101031,0.478126155976,,0.107846031202,-1.2813098939,2.42850344164,,,,2.12808421266,,,,,2.30705013173,,,,,,0.571422271691,0.983340584253,,,2.57037706011,,2.69132328504,,,,3.43259058028,1.84222453938,0.807403612672,2.35697623257,2.44847625411,2.87622055707,,,,,,,2.90557854465,2.97083484955
LEAN05F,"HSD3B7",ENSG00000099377,3.270892,1.19871404628,,1.02302001114,2.87015472812,-4.97423126922006,-3.69264794946,0.333243738993,,-0.228226005912,-0.714815281078,1.90981249463,,,,1.971434847,,,,,2.11202837331,,,,,,0.0904811818017,0.740289376451,,,2.48114686045,,2.3363442261,,,,2.87274234629,1.92338056979,1.09079820949,2.10668959004,2.19684831321,2.88998857847,,,,,,,2.35063455843,2.83349376168
LEAN06B,"HSD3B7",ENSG00000099377,9.604289,1.14622336197,,0.604254694524,4.32990903796,-8.41865337882804,-6.6927709871,0.246456561253,,-0.324459147043,-1.52468849674,3.67625587641,,,,2.39688383669,,,,,3.60554215009,,,,,,0.339238985746,0.911838768755,,,3.9192987733,,4.17108030249,,,,4.99383231781,2.64012423535,1.39172318575,3.73007106705,3.88597375817,3.99909577668,,,,,,,4.40366118145,4.37524548373
LEAN06F,"HSD3B7",ENSG00000099377,9.639520,1.4366853135,,0.857698688792,4.17871773722,-7.187420041807461,-6.09345114607,0.438103812211,,-0.0430896609315,-0.821836980957,3.43477772793,,,,2.46977565244,,,,,3.86834978171,,,,,,0.303090985461,1.04622724141,,,3.89008257428,,4.02070389606,,,,4.45259721421,3.0982365755,1.30636586487,3.78585005334,3.79720189216,4.25918028286,,,,,,,4.17200897024,4.35264027954
LEAN06M,"HSD3B7",ENSG00000099377,2.678464,-0.0164684160627,,-0.164038618538,1.8918397269,-5.145261415255219,-3.49538817589,-0.206086341933,,-0.564913932505,-1.68203348848,1.78282154212,,,,0.802540494185,,,,,0.965500321707,,,,,,0.185184934385,0.138201353787,,,1.54333378223,,1.82926418657,,,,2.75706287502,0.292850083744,0.663252626249,1.33763364204,1.62379433697,1.12170760832,,,,,,,2.04561660088,1.70726359257
LEAN06,"HSD3B7",ENSG00000099377,7.394835,0.746159956004,,0.371008641548,3.71551811797,-7.779170759131516,-5.90101555489,0.108702050123,,-0.437033724632,-1.75506571261,3.29110335106,,,,1.94111804746,,,,,2.83254956428,,,,,,0.293853727598,0.720300637146,,,3.29183827622,,3.60095867679,,,,4.58687350696,1.92704732453,1.24579221673,3.08655695547,3.3297470906,3.20106242568,,,,,,,3.85830365271,3.70742241924
NEUR02B,"HSD3B7",ENSG00000099377,9.721681,-4.54147475364,,-3.80001996805,-5.07172484708,2.037880226535355,3.71948262433,-4.23477945986,,-3.91996935393,-1.9708082477,-4.45398784533,,,,-5.52499564518,,,,,-4.69331298886,,,,,,-3.97865130777,-4.30450051299,,,-5.30036988001,,-5.09528958274,,,,-4.17067214785,-4.70982717782,-3.68380142777,-4.97462061422,-5.31147989155,-3.58128571602,,,,,,,-5.04316121123,-5.23172200285
NEUR02F,"HSD3B7",ENSG00000099377,6.785527,-3.39353211706,,-3.60158363914,-3.70637136352,1.4316312479390338,3.17104979371,-3.57911676714,,-3.08500317884,-1.00440640644,-3.96383735142,,,,-4.32905849143,,,,,-3.35471870464,,,,,,-3.29900760869,-3.11363664442,,,-4.10587169634,,-4.01577957984,,,,-2.84423351526,-3.60267515153,-2.92022684517,-3.93891042071,-4.22495344634,-2.02335979229,,,,,,,-4.21080872391,-3.91932540977
NEUR03B,"HSD3B7",ENSG00000099377,5.632681,-2.61784170516,,-2.72076083392,-3.83622783087,2.504200290507388,3.2855655,-2.55303910042,,-2.08181571115,-1.25077101476,-3.63717850991,,,,-4.20703302058,,,,,-3.9290406485,,,,,,-1.71444930639,-2.81198772381,,,-4.11432886695,,-4.01379505056,,,,-3.29557939648,-3.49525069626,-2.38086827944,-3.96372936803,-4.09075228403,-3.41096842958,,,,,,,-4.31270660684,-4.33003694969
OBES02,"HSD3B7",ENSG00000099377,5.603626,2.33975223603,,4.83795282219,4.35996557238,-3.4320700256546486,-3.93821421551,3.40501476546,,2.67457558959,3.59507915151,4.03126765835,,,,3.22626019453,,,,,4.48036184015,,,,,,2.47809127097,3.17877479754,,,4.63483252015,,4.58696414412,,,,2.93608619096,3.13794543691,4.65294602244,4.57679905254,4.69630182287,2.65204505488,,,,,,,4.6231042739,4.65613344249
TRGL03,"HSD3B7",ENSG00000099377,5.826522,1.82231788896,,3.70104744051,2.76246459907,-4.3682873406916904,-4.38557323848,2.3531956986,,1.53736375445,0.604096455319,2.57361034343,,,,2.23642818061,,,,,4.66518470801,,,,,,-0.237414654349,2.14255452792,,,4.34825211906,,4.56902246998,,,,4.04709938204,3.29071108399,3.36897874243,4.07224037014,4.45224536748,3.20526439856,,,,,,,4.47481468341,4.02843100046
WAIS01,"HSD3B7",ENSG00000099377,6.846490,2.30146504849,,4.81120172101,4.67675894752,-4.926483225790689,-5.70486224755,3.11403141134,,2.60395836188,3.04249953049,3.98892415884,,,,3.07779581608,,,,,5.23253706616,,,,,,2.58063296964,2.97940897043,,,5.22664974096,,5.37377207116,,,,4.85325495772,3.95848475256,3.9277001167,4.99923240802,5.22946029918,4.2461928228,,,,,,,5.21943664696,5.03274108495
WAIS02,"HSD3B7",ENSG00000099377,6.927272,2.26830718967,,4.66546059122,4.59450362837,-4.976715939417771,-5.6727186621,2.95957431254,,2.52110628438,2.83670228011,3.73737393436,,,,3.04024299572,,,,,5.0660498643,,,,,,2.58694148946,2.88906047126,,,5.06034974136,,5.21693479254,,,,4.72416839473,3.83253486182,3.77826463324,4.85172041556,5.06307087021,4.10069845149,,,,,,,5.06521071305,4.85288090018
