code,target,ENSEMBL,association,Adipose_Subcutaneous,Adipose_Visceral_Omentum,Breast_Mammary_Tissue,Muscle_Skeletal,DGN_Whole_Blood,Whole_Blood,Artery_Aorta,Artery_Coronary,Artery_Tibial,Heart_Atrial_Appendage,Heart_Left_Ventricle,Spleen,Brain_Amygdala,Brain_Anterior_cingulate_cortex_BA24,Brain_Caudate_basal_ganglia,Brain_Nucleus_accumbens_basal_ganglia,Brain_Putamen_basal_ganglia,Brain_Cerebellar_Hemisphere,Brain_Cerebellum,Brain_Cortex,Brain_Frontal_Cortex_BA9,Brain_Hippocampus,Brain_Hypothalamus,Brain_Spinal_cord_cervical_c-1,Brain_Substantia_nigra,Nerve_Tibial,Cells_Transformed_fibroblasts,Cells_EBV-transformed_lymphocytes,Colon_Sigmoid,Colon_Transverse,Esophagus_Gastroesophageal_Junction,Esophagus_Mucosa,Esophagus_Muscularis,Liver,Minor_Salivary_Gland,Small_Intestine_Terminal_Ileum,Stomach,Adrenal_Gland,Pituitary,Pancreas,Thyroid,Lung,Ovary,Prostate,Testis,Uterus,Vagina,Skin_Not_Sun_Exposed_Suprapubic,Skin_Sun_Exposed_Lower_leg
ALZH01,"ERCC1",ENSG00000012061,4.203738,2.40134147915,-3.51336754431,,-0.355103744991,0.5770206069683186,,inf,,-0.482839913293,,,,,,0.122273944527,,,,,0.660964074839,,,,,,1.25791015378,-0.99529013118,,,0.344474602489,1.26687502861,1.03612393837,1.26093051583,,,,,0.931252676125,,0.979502551618,1.25614711138,2.61584924026,-inf,,-1.31897353637,-1.80871206379,,0.34788857519,-1.67553230461
APOL02,"ERCC1",ENSG00000012061,2.604656,-0.299696102501,1.24784812731,,2.52809371265,-0.7547757543216842,,0.0386204299073,,-1.88935557653,,,,,,0.465770060891,,,,,-1.15529749492,,,,,,0.465059197815,-1.250967276,,,0.0117165463427,0.492254796804,-0.767684938405,0.570274679453,,,,,0.328126682337,,0.275326992038,-0.0792731250938,0.866984246144,-5.15353248502,,-1.35164299291,-0.645938107578,,-1.30835886205,-3.1311030114
BLOO01,"ERCC1",ENSG00000012061,7.547815,1.87133221248,2.51245097615,,1.61291431494,2.253674545939083,,0.566345867743,,1.86650260644,,,,,,2.56204209521,,,,,3.13812130075,,,,,,2.83048929419,0.694035858429,,,2.5027138112,2.78027303957,2.19000336308,2.80449241917,,,,,2.91842071964,,1.3341728805,4.59305352812,0.268183507685,4.37139608066,,-3.57608130829,0.657620419296,,2.87888590763,2.06206417354
BLOO29,"ERCC1",ENSG00000012061,8.950356,0.419053705097,-0.763444632282,,1.0996991886,0.9572847854114682,,0.398431162633,,0.681899620213,,,,,,-0.541455934793,,,,,-0.98169376477,,,,,,-1.13557134502,1.98344398145,,,-0.887953354276,-1.08899334357,0.0787072642137,-1.34855862973,,,,,-1.20226121399,,-1.14956449938,-2.54553597903,1.02492991121,0.0136874903554,,2.65591275532,0.627444659906,,-0.691626159739,0.153995725509
BLOO33,"ERCC1",ENSG00000012061,4.075266,2.49416982519,2.81284428193,,2.29308974038,3.143362866543079,,0.800992632506,,2.6840654749,,,,,,2.89697000043,,,,,3.2717900089,,,,,,2.82366392724,2.01631214145,,,2.56033383532,2.78533052152,2.72236963367,2.57398539041,,,,,2.86721548057,,1.161931765,4.04883067766,0.880473439984,5.16422797302,,-2.8271260697,1.19016244561,,3.11746699888,2.56969690614
CHOL02,"ERCC1",ENSG00000012061,5.392835,-1.00240689107,0.902504253407,,2.53026319923,-1.7363501911035215,,-2.32617489126,,-3.02424949164,,,,,,-0.429434047731,,,,,-1.79620453079,,,,,,-0.203874187179,-1.86984678423,,,-0.480466849858,-0.196269995828,-1.61857003768,-0.245842839134,,,,,-0.412390093614,,-0.460934854645,-0.939608399004,0.0339514980927,-6.23278946547,,-0.965414540992,-1.17005099408,,-2.53938991984,-4.39438826732
CHOL05,"ERCC1",ENSG00000012061,5.520007,-0.958560874963,0.96181944208,,2.57326179137,-1.3465540518132852,,-2.13191920824,,-2.91631781151,,,,,,-0.117246629108,,,,,-1.57670732054,,,,,,-0.00409613541455,-1.73647414903,,,-0.299257901966,-0.00385650832865,-1.43759618037,-0.134314338556,,,,,-0.198344087024,,-0.421659813331,-0.710853902373,0.0283054290543,-6.19141910286,,-1.19361422215,-1.31163201118,,-2.30020875344,-4.29663869194
CHOL11,"ERCC1",ENSG00000012061,3.884256,-0.51221528962,1.01226138165,,1.66064521308,-1.6876549837227766,,-1.73356133095,,-2.2594030803,,,,,,-0.313869251865,,,,,-1.36355758616,,,,,,0.139713622638,-1.74556837748,,,-0.239703810264,0.153395606456,-1.28528960524,0.265036316735,,,,,-0.103785151028,,0.323991260392,-0.564048106821,0.91789158759,-5.14709103637,,-1.28723262052,-0.26719177938,,-2.48627473817,-4.32248300969
CHOL13,"ERCC1",ENSG00000012061,4.936029,-0.928776370577,0.884998218669,,1.92542797373,-1.9599158510018724,,-2.76645702294,,-3.00137687315,,,,,,-0.67181146071,,,,,-1.90027299341,,,,,,-0.25064252629,-1.94325344368,,,-0.696957505639,-0.237696496331,-1.68476235723,-0.21989358688,,,,,-0.469036526337,,-0.330976561249,-0.924927468752,0.323045334505,-6.0400369943,,-0.857897378782,-0.909493191325,,-2.83333474182,-4.55235280642
CHOL20,"ERCC1",ENSG00000012061,3.989064,-0.979052148792,0.993993023285,,2.1661369909,-1.3744452271129273,,-1.10898702366,,-2.51468577946,,,,,,-0.342514695705,,,,,-1.67430101972,,,,,,-0.504513448064,-1.41131764401,,,-0.604677266887,-0.470406883035,-1.42955717012,-0.000184454340125,,,,,-0.581891214674,,-0.812683724561,-1.06308412242,-0.150193366358,-5.99555838106,,-0.276230146058,-0.916153935296,,-2.27134871246,-3.18923599526
CHOL21,"ERCC1",ENSG00000012061,0.730627,1.08981900447,-3.5671361507,,-0.0361004333627,-2.252026004317018,,-2.21965594374,,-2.00556043043,,,,,,-2.27907983697,,,,,-1.13079949491,,,,,,-0.648325815495,-1.20513460529,,,-1.45522831438,-0.678990181297,-1.40813370947,-0.520010034654,,,,,-0.769787988958,,1.4841289021,-0.893682785234,2.9861027638,-8.56370985538,,-0.385690047725,-2.5606599894,,-1.5314318342,-3.44184743947
CHOL24,"ERCC1",ENSG00000012061,4.338907,-0.688087616445,0.788280487174,,2.00494706357,-1.8731548092290242,,-2.13065276316,,-2.61283875338,,,,,,-0.455324839045,,,,,-1.60028149504,,,,,,-0.0440520494013,-1.76748838537,,,-0.268587299741,-0.0210339144627,-1.4169229095,0.120608884221,,,,,-0.265437042339,,-0.0970607436537,-0.710567986504,0.480606926882,-5.44899457327,,-1.05852200824,-0.615260807785,,-2.4096017071,-4.11686450521
CHOL25,"ERCC1",ENSG00000012061,5.461627,-0.950500299458,0.990466756955,,2.1843221662,-1.8180286947650357,,-2.53371025308,,-3.00181523289,,,,,,-0.576480442466,,,,,-1.90797778118,,,,,,-0.198961781636,-1.83501164269,,,-0.646142475355,-0.188310205242,-1.64523660435,-0.223956184704,,,,,-0.419336254735,,-0.459253859816,-0.893350117985,0.308522664813,-6.17162349616,,-0.927678209911,-1.10222607049,,-2.59710140232,-4.50604861049
CHOL27,"ERCC1",ENSG00000012061,1.259756,1.42701506624,-3.56953898967,,-0.0656495594795,-2.5505777325303796,,-4.37985944942,,-1.88481992666,,,,,,-3.1515997149,,,,,-1.04164087382,,,,,,-0.5916234741,-1.23379118137,,,-1.31544148031,-0.6217388205,-1.47892880196,-0.494234105739,,,,,-0.776695357446,,2.36543471353,-0.990405228563,3.96980403837,-8.84061150541,,-0.446454431843,-2.15261710481,,-1.17911416589,-3.0161832037
CHOL28,"ERCC1",ENSG00000012061,5.785050,-1.12452549208,0.919881274796,,2.53078031631,-1.6712139248700422,,-2.35223485244,,-3.15967447133,,,,,,-0.283654359625,,,,,-1.93909985935,,,,,,-0.202070096958,-2.08510727599,,,-0.687467623586,-0.190652961019,-1.67562262578,-0.232284391652,,,,,-0.37852446406,,-0.24751716585,-0.826686314214,0.330480597573,-6.57515682399,,-0.945182969927,-1.36663185083,,-2.53472838406,-4.40603066876
CHOL30,"ERCC1",ENSG00000012061,5.617803,-0.873477650328,0.961686033704,,2.45610895014,-1.344228533178552,,-2.30165337348,,-2.88523767705,,,,,,-0.0129099703596,,,,,-1.67696722072,,,,,,0.00747556325073,-1.70052005659,,,-0.385495645478,0.0138085548814,-1.39327214426,-0.115468742512,,,,,-0.18116853347,,-0.266310792233,-0.633372699782,0.358011446489,-6.23319578778,,-1.02910079984,-1.38881404904,,-2.20460224268,-4.18753320937
CHOL32,"ERCC1",ENSG00000012061,5.147727,-1.18264797412,0.887187125185,,2.49758028893,-1.1862668012946889,,-1.88601976983,,-2.83333128702,,,,,,-0.0792915954875,,,,,-1.62536765957,,,,,,-0.285099886416,-1.86867105562,,,-0.59061949784,-0.27880969072,-1.51313580042,-0.269860633673,,,,,-0.409641159974,,-0.228260857669,-0.896228981496,-0.18552069514,-6.46068790998,,-0.859155145639,-1.25769426213,,-2.24437811475,-3.81614399573
COAD01,"ERCC1",ENSG00000012061,1.966938,-1.57756798704,-1.2481325353,,-0.369322503016,-2.161673893286746,,-1.22664271317,,-2.24156010779,,,,,,-1.71479718879,,,,,-2.58211351027,,,,,,-1.97205755983,-1.78134618798,,,-2.02650365928,-1.96392386629,-1.92546828717,-1.66702581309,,,,,-1.8094882915,,-2.65354042033,-2.6915856761,-0.330460103068,-4.74684485745,,1.49617345093,0.334257095453,,-2.14998791014,-2.16788299656
LIPI02,"ERCC1",ENSG00000012061,4.577771,-0.604372766635,0.834032396966,,1.81102997651,-1.6316288364585558,,-1.85813494623,,-2.45450466712,,,,,,-0.169185316519,,,,,-1.37644777924,,,,,,0.23635252937,-1.79421656675,,,0.050026494838,0.255765835326,-1.25594002805,0.325242422352,,,,,-0.0117460599612,,0.0988658802052,-0.413532055456,0.533515621163,-5.17527913421,,-1.42673452212,-0.678379872624,,-2.22696133854,-4.19248705069
LIPI04,"ERCC1",ENSG00000012061,5.451156,-0.977933489207,0.921260388418,,2.33022055109,-1.7350948018186985,,-2.35555256391,,-3.00149065251,,,,,,-0.346073388269,,,,,-1.73598910093,,,,,,-0.122203240187,-1.93722455314,,,-0.387053082207,-0.112583594983,-1.59843257277,-0.137483020934,,,,,-0.336380769137,,-0.361749658539,-0.851113880828,0.090919865912,-6.16516342991,,-1.09656526626,-1.12481174968,,-2.5578851486,-4.43955959855
LIPI07,"ERCC1",ENSG00000012061,6.095263,-1.03983546032,1.00905592813,,2.54285685887,-1.3509478338005971,,-2.10086700221,,-2.9854335364,,,,,,-0.0658567228097,,,,,-1.64480910878,,,,,,-0.0561370316246,-1.78007210247,,,-0.343045980446,-0.0518786798613,-1.4973761375,-0.124047749711,,,,,-0.2328982373,,-0.480111444065,-0.739738553663,-0.0985081660029,-6.24459871459,,-1.17036829114,-1.2303434551,,-2.38351950937,-4.23851618431
LIPI09,"ERCC1",ENSG00000012061,5.594978,-0.910089706504,1.2791152453,,2.5898415947,-0.8596937302320451,,-1.53680203847,,-2.62464978955,,,,,,0.382758227381,,,,,-1.37821098592,,,,,,0.147734886859,-1.43129127203,,,-0.103287801895,0.159346964556,-1.2085492191,0.181310587521,,,,,-0.00102737736528,,-0.394473754224,-0.479243183479,-0.243336776874,-6.01049383205,,-1.26737106957,-1.09124494941,,-2.08554113342,-3.65767670177
LIPO01,"ERCC1",ENSG00000012061,4.878243,-0.591980102978,0.801812618255,,1.63841718165,-1.518918074696422,,-1.68759866467,,-2.39196949922,,,,,,-0.0437603712313,,,,,-1.27766103401,,,,,,0.361031083187,-1.80462333612,,,0.189847462247,0.379336596457,-1.19297023344,0.41870343575,,,,,0.104103672031,,0.18527511657,-0.27870706196,0.571792295223,-4.95760474931,,-1.59677996578,-0.71641198791,,-2.13019566313,-4.20567639562
LIPO03,"ERCC1",ENSG00000012061,5.689222,-0.970668089021,0.897281688821,,2.2056974721,-1.7043646506605723,,-2.27809746171,,-2.97459361927,,,,,,-0.286382105066,,,,,-1.70365590025,,,,,,-0.0581290666541,-1.96379101064,,,-0.307007975447,-0.0479741673054,-1.57121253962,-0.084021764857,,,,,-0.272716502691,,-0.33153901175,-0.773126421467,0.126504239251,-6.05157361499,,-1.18682406638,-1.1128243407,,-2.50449963623,-4.4394169168
LIPO06,"ERCC1",ENSG00000012061,6.528987,-1.02379744714,1.02428918053,,2.45975901967,-1.29430245338901,,-1.99284359658,,-2.94781563598,,,,,,0.012645308121,,,,,-1.6094800809,,,,,,0.00245484397627,-1.78092963663,,,-0.26494950111,0.0096874716305,-1.46147802498,-0.0359778433231,,,,,-0.170645316071,,-0.441363559374,-0.663015576259,-0.0633360143172,-6.13004464045,,-1.24108618044,-1.19000596973,,-2.31749503816,-4.19189684207
LIPO10,"ERCC1",ENSG00000012061,6.185340,-0.921420055985,1.215171337,,2.44316964221,-0.7440148143342081,,-1.22231203109,,-2.55973385151,,,,,,0.527152169407,,,,,-1.35618414784,,,,,,0.222718639345,-1.41925459793,,,0.0231964395654,0.241395387794,-1.14753321235,0.333264406369,,,,,0.095499245284,,-0.389223617513,-0.359087050035,-0.197467040935,-5.81804766158,,-1.33342891274,-1.05672791539,,-1.96017056928,-3.64811397041
LONG01,"ERCC1",ENSG00000012061,1.488437,0.0393684796093,-1.02060377258,,-1.24135276407,-0.3943571134234824,,-0.544706009803,,-0.951634481769,,,,,,-0.498689672518,,,,,-0.672672064002,,,,,,0.159258957044,-0.609560318907,,,-0.213252864265,0.13189874084,-0.23663639633,-0.0897552929109,,,,,0.0372963420208,,-0.899679188747,-0.263674271581,1.23362108788,-5.94345465975,,-0.885004767039,-0.104448887173,,-1.19234679233,-1.87265519966
LONG04,"ERCC1",ENSG00000012061,1.549412,0.0393684796093,-1.02060377258,,-1.24135276407,-0.3943571134234824,,-0.544706009803,,-0.951634481769,,,,,,-0.498689672518,,,,,-0.672672064002,,,,,,0.159258957044,-0.609560318907,,,-0.213252864265,0.13189874084,-0.23663639633,-0.0897552929109,,,,,0.0372963420208,,-0.899679188747,-0.263674271581,1.23362108788,-5.94345465975,,-0.885004767039,-0.104448887173,,-1.19234679233,-1.87265519966
LONG05,"ERCC1",ENSG00000012061,2.076637,0.367696766995,-0.459548113782,,-1.55581640148,-0.06072524635875472,,-0.439264244351,,-0.477114514351,,,,,,0.4588776314,,,,,0.237094694226,,,,,,1.23207411809,-0.0220502036406,,,1.01278016247,1.19578403232,0.505150497644,0.55737678016,,,,,1.08457767573,,0.311817649926,0.848351569892,1.45912241268,-5.08920062807,,-1.95730306164,-0.111527854994,,-0.683593939639,-1.64204550304
OSTE04,"ERCC1",ENSG00000012061,11.345477,-0.4457158225,-2.00999851175,,-2.67372472537,-0.38608803573382017,,-0.27082335668,,-0.880074395386,,,,,,-0.180841392098,,,,,0.0475394486104,,,,,,-0.0743150630139,-1.84960599307,,,0.0226364656773,-0.0993450642552,-0.999525202351,-0.363623482432,,,,,-0.298837567954,,-0.34184103935,-0.515779638391,0.40552374655,-0.409410936035,,-0.916620908881,1.32250790707,,-1.76211914879,-3.47739502673
PHLI04,"ERCC1",ENSG00000012061,4.165808,-0.520462387884,1.13725763359,,1.62554662039,-1.5404336936757668,,-1.54358809461,,-2.28405434958,,,,,,-0.146841894135,,,,,-1.31437828447,,,,,,0.273255581483,-1.75611058785,,,-0.123752633731,0.285803222802,-1.22947309663,0.322504524088,,,,,0.00349789480073,,0.270128728452,-0.431742790586,0.694418841679,-5.11055759163,,-1.47930455634,-0.367211939722,,-2.34772337683,-4.28145693745
PHLI06,"ERCC1",ENSG00000012061,4.969724,-0.813139706946,1.00433776649,,1.89348922819,-1.7883308373885938,,-2.38058230819,,-2.86909793633,,,,,,-0.425907290148,,,,,-1.79668936214,,,,,,-0.0900668055761,-1.7750840082,,,-0.520805569442,-0.0718616333384,-1.53506719224,-0.0279817502592,,,,,-0.319621428021,,-0.328755216297,-0.769067348224,0.252267522229,-5.84394285566,,-1.02127730976,-0.908517208324,,-2.50850534862,-4.35249851405
PHLI09,"ERCC1",ENSG00000012061,5.070857,-0.864827044862,0.831444200319,,2.46674001376,-1.361967388253753,,-1.81194310423,,-2.88735361719,,,,,,0.12776132408,,,,,-1.79949421123,,,,,,-0.00117292766389,-1.66529620251,,,-0.36634034716,0.0245948261674,-1.39554802041,0.101300039814,,,,,-0.156316875831,,-0.31882841821,-0.554951432881,0.20189829953,-5.93466077497,,-0.986571477212,-1.13211355525,,-2.11551833678,-4.03106873871
