code,target,ENSEMBL,association,Adipose_Subcutaneous,Adipose_Visceral_Omentum,Breast_Mammary_Tissue,Muscle_Skeletal,DGN_Whole_Blood,Whole_Blood,Artery_Aorta,Artery_Coronary,Artery_Tibial,Heart_Atrial_Appendage,Heart_Left_Ventricle,Spleen,Brain_Amygdala,Brain_Anterior_cingulate_cortex_BA24,Brain_Caudate_basal_ganglia,Brain_Nucleus_accumbens_basal_ganglia,Brain_Putamen_basal_ganglia,Brain_Cerebellar_Hemisphere,Brain_Cerebellum,Brain_Cortex,Brain_Frontal_Cortex_BA9,Brain_Hippocampus,Brain_Hypothalamus,Brain_Spinal_cord_cervical_c-1,Brain_Substantia_nigra,Nerve_Tibial,Cells_Transformed_fibroblasts,Cells_EBV-transformed_lymphocytes,Colon_Sigmoid,Colon_Transverse,Esophagus_Gastroesophageal_Junction,Esophagus_Mucosa,Esophagus_Muscularis,Liver,Minor_Salivary_Gland,Small_Intestine_Terminal_Ileum,Stomach,Adrenal_Gland,Pituitary,Pancreas,Thyroid,Lung,Ovary,Prostate,Testis,Uterus,Vagina,Skin_Not_Sun_Exposed_Suprapubic,Skin_Sun_Exposed_Lower_leg
BALD01,"LHPP",ENSG00000107902,7.320854,,1.10125266199,,1.76258027532,1.1775572842455055,1.26465402496,1.26967359168,,1.69173757995,1.92131165662,2.32522541066,0.498398341667,2.22590838397,,4.84660738937,4.29849058129,8.56129787444,4.00569682061,4.14616842879,,,4.84987921923,,4.89400938539,5.3339391825,4.54351560523,0.849940941806,,,2.93714710857,2.64351189125,2.37801814077,0.0121198436287,,,,,,,1.01407333564,0.978749849422,2.52633708901,,,,,,0.38987331555,3.18139276287
BFPC04B,"LHPP",ENSG00000107902,2.952491,,0.847652059399,,0.993996473881,0.33711482512133095,1.04390456546,1.70378164098,,0.31684025888,2.18425645652,1.33809410487,1.79812673564,2.53640498278,,4.44169011657,3.51073394208,4.08425658653,3.46750352556,3.20183666054,,,4.83041180394,,4.46850585926,4.14956753893,4.7070770624,0.544924338741,,,1.38881684648,2.26891321059,0.920436709927,2.19416976795,,,,,,,0.615941153324,-0.272633679711,1.00854269417,,,,,,1.3362093051,2.60507058638
BLOO06,"LHPP",ENSG00000107902,5.355611,,-1.52727556039,,-2.09768945011,-1.6699650752587443,-1.92227570983,-1.35810415849,,-0.925961105193,-2.10100105027,-2.58896748238,0.0187212235932,-1.5196589728,,-3.88079952976,-2.37735768645,-5.41637055551,-3.01915687076,-3.25651558955,,,-4.02975947015,,-4.56039888692,-4.7463954886,-4.33683224669,-0.974944029176,,,-2.26111801516,-1.9661195094,-2.52183764445,-0.0600684155487,,,,,,,-0.928094392961,-1.46250994166,-1.89077673517,,,,,,-1.20840694719,-2.00959810368
BLOO08,"LHPP",ENSG00000107902,2.390363,,0.596281528981,,-1.24625201287,-0.29676392067588037,0.287219486356,-1.08853455727,,-0.0442739450404,-1.31848760113,-0.780066668382,0.446890496843,-0.588692395938,,-3.41298150552,-0.786460184181,-5.68059834242,-2.58086790718,-1.0094033415,,,-2.73505829404,,-2.79962084234,-3.12689015237,-2.35563648753,0.170378977289,,,0.0722231994076,-1.09896194115,-0.297858722542,0.184754901356,,,,,,,0.213987345442,-0.115013822424,-1.43643070061,,,,,,-0.770297709007,-1.07638289379
BLOO09,"LHPP",ENSG00000107902,4.530915,,-1.67752702223,,-2.06596692347,-1.726943751813245,-1.92174488594,-1.35845921678,,-1.02031086628,-2.0728690901,-2.62256355018,-0.0220423534596,-1.46133731517,,-3.76551320734,-2.29159336543,-5.23425674579,-2.85864231613,-3.03822409156,,,-3.89178401343,,-4.41175621132,-4.58395412449,-4.2253023753,-1.10550751032,,,-2.28810975254,-1.92371676247,-2.55893983659,0.101829832383,,,,,,,-0.996956913249,-1.40901164687,-2.01128380592,,,,,,-1.29473242522,-1.89252721169
BLOO10,"LHPP",ENSG00000107902,4.578215,,-1.70540356779,,-2.07557125337,-1.7564217236917512,-1.86160563211,-1.53015872288,,-1.11932984077,-2.13051191095,-2.56775371765,0.118289157684,-1.35117723567,,-3.83010684012,-2.21160850948,-5.37710199469,-2.9444499098,-3.00885669167,,,-3.87814586484,,-4.37008181408,-4.61369478032,-4.14612262231,-1.19212700048,,,-2.22168920348,-1.93435440546,-2.56834844933,-0.0146202807354,,,,,,,-1.02484316767,-1.34692433934,-2.19073369128,,,,,,-1.32868537429,-1.8760492067
BLOO12,"LHPP",ENSG00000107902,5.700885,,-1.49431921767,,-2.04699499233,-1.675011881749442,-1.63378675343,-1.73428867449,,-1.16690367126,-1.79275988053,-2.41483139048,0.837357828575,-1.12851160716,,-3.97018428174,-1.73759818394,-5.7437848564,-2.65828167381,-2.96074488363,,,-3.74700971693,,-4.36065801056,-4.50903086315,-3.97032823775,-1.28266642228,,,-1.9474397487,-1.69676589672,-2.12723563856,0.523115857673,,,,,,,-1.0252841599,-1.22363876572,-1.93687831422,,,,,,-1.27769120775,-1.3981609648
BLOO13,"LHPP",ENSG00000107902,6.676088,,-1.54400653114,,-2.18904979549,-1.6219599097780066,-1.89788085308,-1.32243396519,,-0.960218365761,-2.02658678049,-2.51514485298,0.14247356873,-1.54820058123,,-3.99022409874,-2.34732667869,-5.58077869417,-3.01980927386,-3.22685555765,,,-4.08786758217,,-4.63159574539,-4.83791222232,-4.42860370528,-0.974244528982,,,-2.20827734028,-1.96818967721,-2.53599200969,0.0263015374477,,,,,,,-0.887992883835,-1.32366948985,-1.91632225309,,,,,,-1.19918353607,-2.03652496124
BLOO30,"LHPP",ENSG00000107902,5.062362,,-1.66741873535,,-2.00080550761,-1.760083028605304,-1.91320158076,-1.4051903863,,-1.00501172719,-2.12516040662,-2.69223757831,-0.12177222517,-1.3822627616,,-3.59177532335,-2.25920845154,-5.04833774145,-2.83793185394,-2.98610591866,,,-3.75557037505,,-4.2773724306,-4.43036097803,-4.06335772046,-1.13697591769,,,-2.33740869555,-1.96267601229,-2.50185374649,0.000211268976433,,,,,,,-1.02433193854,-1.5652445108,-1.96685485252,,,,,,-1.32696010699,-1.82881875428
EDUC03,"LHPP",ENSG00000107902,4.942562,,-0.933573534866,,-3.75600312377,-3.4471576686409873,-2.52721930362,-2.87096064779,,-0.784578420417,-3.93978243241,-3.45039662235,-3.21562993665,-2.72876471934,,-4.16483958588,-3.69479103828,-3.39387475113,-4.17531175599,-3.26758762898,,,-4.05177533965,,-3.55653331832,-3.43665605639,-4.17442848647,-0.958952583362,,,-1.64716417751,-2.01472966267,-2.35020819359,-0.96026587767,,,,,,,-1.58861816134,-2.44947108298,-1.67049391207,,,,,,-2.0380827626,-4.74125923191
LEAN06B,"LHPP",ENSG00000107902,7.425483,,-1.64635289756,,1.17146833949,-1.0938956326172664,-0.549575988498,-1.04903833956,,-1.5032272134,-0.760256182131,-0.129682138048,-2.04372290913,2.58318707509,,3.43540526128,-0.198881054669,2.72007808967,-0.0985312423291,2.24053641827,,,2.44102758885,,2.15237562083,2.12359845603,1.82385359552,-0.843715980607,,,-1.23376042388,-0.653787193217,1.00651323971,-0.606307181982,,,,,,,-1.76552724091,0.563971682529,0.535439083585,,,,,,-0.162045117169,-1.27092318055
LEAN06,"LHPP",ENSG00000107902,8.426919,,-1.78208500374,,1.0625896681,-1.794245210875562,-1.07253441344,-1.14037037164,,-1.81424860763,-1.16720286132,-0.511927221386,-2.25202611075,2.58460290557,,4.11217839864,-0.274542785659,3.23101329025,-0.145795571772,3.00642540166,,,3.02245077067,,2.69129643813,2.60390919761,2.496864321,-1.21670239722,,,-1.16450580764,-0.555020820404,0.490773463211,-0.349292575531,,,,,,,-2.14258247719,-0.228282657438,0.573643567687,,,,,,-0.513883655801,-1.50874816009
