code,target,ENSEMBL,association,Adipose_Subcutaneous,Adipose_Visceral_Omentum,Breast_Mammary_Tissue,Muscle_Skeletal,DGN_Whole_Blood,Whole_Blood,Artery_Aorta,Artery_Coronary,Artery_Tibial,Heart_Atrial_Appendage,Heart_Left_Ventricle,Spleen,Brain_Amygdala,Brain_Anterior_cingulate_cortex_BA24,Brain_Caudate_basal_ganglia,Brain_Nucleus_accumbens_basal_ganglia,Brain_Putamen_basal_ganglia,Brain_Cerebellar_Hemisphere,Brain_Cerebellum,Brain_Cortex,Brain_Frontal_Cortex_BA9,Brain_Hippocampus,Brain_Hypothalamus,Brain_Spinal_cord_cervical_c-1,Brain_Substantia_nigra,Nerve_Tibial,Cells_Transformed_fibroblasts,Cells_EBV-transformed_lymphocytes,Colon_Sigmoid,Colon_Transverse,Esophagus_Gastroesophageal_Junction,Esophagus_Mucosa,Esophagus_Muscularis,Liver,Minor_Salivary_Gland,Small_Intestine_Terminal_Ileum,Stomach,Adrenal_Gland,Pituitary,Pancreas,Thyroid,Lung,Ovary,Prostate,Testis,Uterus,Vagina,Skin_Not_Sun_Exposed_Suprapubic,Skin_Sun_Exposed_Lower_leg
BFPC04B,"PRDX5",ENSG00000126432,6.030677,2.9345272285,0.789682499354,,1.42852714085,-4.136275935045671,-3.52110156037,,,,0.564266741276,0.0262572438343,,,,,,,,2.78330729063,1.39289625493,,,-0.800158755009,,,4.00765956931,,,,,,,,,,,,,,,,,,,,,,4.42038650074,3.14869928649
BFPC04F,"PRDX5",ENSG00000126432,8.981341,2.76157380054,0.613336543418,,1.42808415358,-5.350829888676958,-4.9346942666,,,,0.604016005993,-0.390021953834,,,,,,,,3.80488542121,1.28384895868,,,0.136839188193,,,4.17063626602,,,,,,,,,,,,,,,,,,,,,,5.02540995263,4.05983051338
BFPC04,"PRDX5",ENSG00000126432,7.486050,3.03980154552,0.782568888286,,1.46209541322,-4.6416052186521055,-4.03131244282,,,,0.58566313982,-0.0570723511444,,,,,,,,3.1631322543,1.43158209785,,,-0.644593795065,,,4.22778238126,,,,,,,,,,,,,,,,,,,,,,4.79050552243,3.53647067785
BLOO01,"PRDX5",ENSG00000126432,7.853438,4.33578392289,2.27264595609,,1.57335567474,-4.915731471610651,-4.33579714412,,,,0.501101076603,0.288151043474,,,,,,,,4.47371006832,2.22133239088,,,2.76297140876,,,5.50183135721,,,,,,,,,,,,,,,,,,,,,,5.3249003326,4.03029316255
BLOO02,"PRDX5",ENSG00000126432,6.254114,-3.33458507663,-3.7665149381,,-1.15149742839,0.07462689561884472,-0.955651370641,,,,-0.613417983055,-1.53150895784,,,,,,,,-0.888988817861,-2.10190322378,,,-0.833603539949,,,-3.3306080617,,,,,,,,,,,,,,,,,,,,,,-1.61697304389,-1.01567319663
BLOO17,"PRDX5",ENSG00000126432,5.964730,0.00955055463429,-1.72398283971,,-0.0455078015607,-1.4847688114939261,-1.367445423,,,,0.170012891293,0.0531925798292,,,,,,,,0.88108495074,0.620646681616,,,-0.0824615976626,,,-1.01617481343,,,,,,,,,,,,,,,,,,,,,,1.3804798005,2.58980848794
BLOO21,"PRDX5",ENSG00000126432,7.232725,-3.68841546824,0.767617174449,,-2.62736796099,4.689543159309245,4.02909603708,,,,0.0836936607957,-1.94102749998,,,,,,,,-4.59345494628,-3.6888250882,,,-1.51554140111,,,-4.01567753687,,,,,,,,,,,,,,,,,,,,,,-4.95977036343,-4.49961294342
BLOO22,"PRDX5",ENSG00000126432,8.411056,-4.17625489424,0.161473945677,,-2.83019883578,4.653212585967783,3.82189546946,,,,-0.0720023959875,-2.22038611315,,,,,,,,-4.69287598302,-3.97000129053,,,-1.62371476637,,,-4.52060935932,,,,,,,,,,,,,,,,,,,,,,-5.17484007319,-4.59419408417
BLOO23,"PRDX5",ENSG00000126432,8.576623,-3.5750620845,-0.252520392361,,-3.20795128786,4.822467456686899,4.17503319944,,,,0.135900422931,-2.09901608515,,,,,,,,-4.87378670652,-3.15574226772,,,-1.04075716361,,,-4.76690198379,,,,,,,,,,,,,,,,,,,,,,-5.01971637341,-4.13216764314
BLOO33,"PRDX5",ENSG00000126432,6.225965,3.69813594806,2.19051591658,,0.201065598267,-4.7990803781334845,-4.59190193781,,,,-0.895350039005,-1.40511270648,,,,,,,,3.91390552756,1.78885515485,,,2.53078692514,,,4.94297154921,,,,,,,,,,,,,,,,,,,,,,4.32533834537,3.42265420815
BODY08F,"PRDX5",ENSG00000126432,6.410777,2.5759760058,0.521520272722,,2.04427883223,-4.394326110158715,-4.09518265678,,,,0.641818583012,-0.519739239485,,,,,,,,3.0883689631,1.44186988522,,,-0.432838840782,,,3.52478075861,,,,,,,,,,,,,,,,,,,,,,4.39384991327,3.85207589094
BODY08,"PRDX5",ENSG00000126432,6.492387,3.30169741462,1.28209505812,,2.30908397876,-4.033840494338332,-3.39259588994,,,,0.844951629639,0.176421636939,,,,,,,,2.58121679123,1.60085744779,,,-1.09773434816,,,4.14561255773,,,,,,,,,,,,,,,,,,,,,,4.73671152077,3.88765355788
CIRR01,"PRDX5",ENSG00000126432,6.562820,-1.53996508521,0.349985953145,,-1.1367334476,0.8922029807896947,0.919735655576,,,,,-1.96816970507,,,,,,,,-1.32643728027,-2.50253673748,,,-1.53288057735,,,-0.397141393098,,,,,,,,,,,,,,,,,,,,,,-1.81275906508,-2.83364129138
FATM04B,"PRDX5",ENSG00000126432,6.210053,3.13722092042,0.507962838023,,1.49575997148,-4.443444414188602,-3.67439661333,,,,0.4706825912,0.173813030425,,,,,,,,2.86520569909,1.56426020386,,,-0.96214870907,,,4.17559948866,,,,,,,,,,,,,,,,,,,,,,4.64643626676,3.65004002754
FATM04F,"PRDX5",ENSG00000126432,7.086546,2.7530719386,-0.0419836869251,,1.67774437513,-4.870203675388436,-4.48000229017,,,,0.529877305031,-0.273117497665,,,,,,,,3.55695812791,1.59824164512,,,-0.0981900105057,,,3.95171124469,,,,,,,,,,,,,,,,,,,,,,4.68921495264,4.01892773477
FATM04,"PRDX5",ENSG00000126432,7.325699,3.20131966154,0.377330154579,,1.5782771757,-4.78586294227387,-4.05252769689,,,,0.481774717569,0.0955750913333,,,,,,,,3.1586944028,1.63857362962,,,-0.826186994401,,,4.32883740912,,,,,,,,,,,,,,,,,,,,,,4.89617341175,3.9395090987
HIPC01,"PRDX5",ENSG00000126432,2.554007,3.97738972682,2.52916221314,,1.35656570497,-2.268078134051404,-2.19520292291,,,,0.406945616007,0.497685117149,,,,,,,,1.30752413548,5.24018945059,,,-0.0405586572142,,,3.28317802227,,,,,,,,,,,,,,,,,,,,,,3.86307865451,3.65235729086
HIPC02,"PRDX5",ENSG00000126432,2.523487,3.86837581257,2.48865374978,,1.31942229921,-2.2054216603319734,-2.14294030026,,,,0.395803242922,0.482827373241,,,,,,,,1.2717235384,5.01302407468,,,-0.328267276902,,,3.19328307421,,,,,,,,,,,,,,,,,,,,,,3.75730572115,3.55235401202
PRSC01,"PRDX5",ENSG00000126432,5.626555,0.344090716503,1.96531419863,,-0.35321579746,1.2425924738771177,1.36967519593,,,,,-0.44859297852,,,,,,,,-0.89812293189,-1.05438896622,,,-1.9374265157,,,1.01547288775,,,,,,,,,,,,,,,,,,,,,,-1.09764455711,-1.79675059495
URAT01,"PRDX5",ENSG00000126432,3.676439,-2.73285176039,-4.7865749665,,-7.41884826762,-0.6358924272226205,-0.893784640534,,,,-4.3915348053,-3.13680345835,,,,,,,,-2.350941134,-4.06245654269,,,-0.317201800178,,,-1.40866833214,,,,,,,,,,,,,,,,,,,,,,-2.67762098663,-3.00325564089
