code,target,ENSEMBL,association,Adipose_Subcutaneous,Adipose_Visceral_Omentum,Breast_Mammary_Tissue,Muscle_Skeletal,DGN_Whole_Blood,Whole_Blood,Artery_Aorta,Artery_Coronary,Artery_Tibial,Heart_Atrial_Appendage,Heart_Left_Ventricle,Spleen,Brain_Amygdala,Brain_Anterior_cingulate_cortex_BA24,Brain_Caudate_basal_ganglia,Brain_Nucleus_accumbens_basal_ganglia,Brain_Putamen_basal_ganglia,Brain_Cerebellar_Hemisphere,Brain_Cerebellum,Brain_Cortex,Brain_Frontal_Cortex_BA9,Brain_Hippocampus,Brain_Hypothalamus,Brain_Spinal_cord_cervical_c-1,Brain_Substantia_nigra,Nerve_Tibial,Cells_Transformed_fibroblasts,Cells_EBV-transformed_lymphocytes,Colon_Sigmoid,Colon_Transverse,Esophagus_Gastroesophageal_Junction,Esophagus_Mucosa,Esophagus_Muscularis,Liver,Minor_Salivary_Gland,Small_Intestine_Terminal_Ileum,Stomach,Adrenal_Gland,Pituitary,Pancreas,Thyroid,Lung,Ovary,Prostate,Testis,Uterus,Vagina,Skin_Not_Sun_Exposed_Suprapubic,Skin_Sun_Exposed_Lower_leg
BALD01,"SSPN",ENSG00000123096,20.298001,-0.232749364036,0.156399451221,-0.078257609273,0.583416396428,,,-0.448566872638,,0.961781930869,0.407248403271,0.133455739352,,,,,,,,,,,,,,,0.406361641267,-1.59493663773,,-0.369253701472,,0.0831642766204,,1.42839326098,,,,,,,,-1.8326995311,-0.449194461895,,,-0.636142899959,,,,0.1364047278
BLOO04,"SSPN",ENSG00000123096,8.536734,2.12126138531,2.55296373041,0.899776222204,2.34399002937,,,2.44397766162,,2.36050000391,3.45710083498,3.55144302621,,,,,,,,,,,,,,,3.76148701378,3.05169112568,,0.875726868589,,-0.247079718448,,1.33106036968,,,,,,,,2.09674189715,2.20290847632,,,3.03342934568,,,,0.753819440256
BLOO11,"SSPN",ENSG00000123096,8.040954,0.667544231778,2.28425337738,0.865653167239,1.25469292625,,,1.76218044007,,0.715953203534,2.02794270493,1.96970965292,,,,,,,,,,,,,,,1.79894581264,2.18618741416,,1.74492683628,,0.553882231639,,-0.405673998207,,,,,,,,3.08302658723,1.77896928581,,,3.07747307424,,,,0.44409478183
BLOO21,"SSPN",ENSG00000123096,6.405144,1.33998736231,1.90181304753,0.65029195838,1.50312658677,,,1.85244101254,,1.45913730497,2.67517558076,2.92624810874,,,,,,,,,,,,,,,2.64358316054,2.4320234825,,0.324546082335,,-0.406680696115,,0.662987056277,,,,,,,,1.1955731852,1.83928190399,,,2.45854752198,,,,0.533737733904
BLOO22,"SSPN",ENSG00000123096,6.855737,1.68035033938,2.12950247928,0.843276841831,1.81356174007,,,2.08026782775,,1.71850287561,2.90083629248,3.16027474368,,,,,,,,,,,,,,,3.00859016367,2.73400935746,,0.572451434384,,-0.177740418289,,0.934650805451,,,,,,,,1.3869148155,1.99876708795,,,2.65921386114,,,,0.652443510614
BLOO36,"SSPN",ENSG00000123096,6.545475,1.7820720105,2.33443044795,0.709335144169,1.95822216752,,,2.23535740663,,2.12001955277,3.17739790553,3.28249363111,,,,,,,,,,,,,,,3.35262003036,2.6944298546,,0.608048396656,,-0.495966711262,,1.09791506165,,,,,,,,1.92116405348,2.07852714245,,,2.8070497906,,,,0.722938113783
HIPC03F,"SSPN",ENSG00000123096,6.158991,-1.10516821496,-1.10761805479,-0.41102382714,-2.19506945459,,,-0.584091507139,,-0.579994859384,-2.32520834373,-2.43932461061,,,,,,,,,,,,,,,-0.895416236045,-1.93499964587,,-1.15680329193,,0.891316745459,,1.24972214543,,,,,,,,0.652435569666,-0.840069116799,,,-2.20613425362,,,,1.16803462778
HIPC03,"SSPN",ENSG00000123096,8.032508,-1.46126343348,-1.55352248642,-0.522213755097,-2.07569124222,,,-1.2447454388,,-1.0904177537,-2.60132588727,-2.70402438751,,,,,,,,,,,,,,,-1.50199393201,-2.69221427429,,-0.978239566118,,1.7047760732,,0.696349090475,,,,,,,,0.338171527421,-1.00951979895,,,-2.82262092449,,,,0.871477874242
HIPC04F,"SSPN",ENSG00000123096,5.629025,-1.10318490503,-1.10323633116,-0.411711414972,-2.13274243783,,,-0.580385150788,,-0.592859327557,-2.28670367253,-2.3989301916,,,,,,,,,,,,,,,-0.913859764891,-1.87772891754,,-1.1376470049,,0.926955836394,,1.17837403786,,,,,,,,0.600302501993,-0.826157855576,,,-2.16552921199,,,,1.13862594743
HIPC04,"SSPN",ENSG00000123096,7.366340,-1.39203064137,-1.52622985948,-0.517886019823,-2.00711406802,,,-1.20773380188,,-1.03078419086,-2.53645223101,-2.63658959419,,,,,,,,,,,,,,,-1.44780098474,-2.60783106552,,-0.953843565456,,1.85974070404,,0.670292691048,,,,,,,,0.319028726668,-0.984343689335,,,-2.78811731284,,,,0.802120220752
OSTE04,"SSPN",ENSG00000123096,8.956795,0.0330231884049,0.272590448422,0.140251070384,-0.319246389443,,,0.50365823445,,-0.632801418965,0.501626078105,0.252528343367,,,,,,,,,,,,,,,-0.275245069195,-0.124741894955,,-0.782159559471,,-0.756887487265,,-1.07117505275,,,,,,,,0.569952747038,0.319784650758,,,1.96241025386,,,,-1.15095601483
WAIS03F,"SSPN",ENSG00000123096,5.783755,0.299932287184,-0.134485332928,-0.201727875911,-1.25848936185,,,1.11121207438,,-0.199161723153,-0.9367904129,-0.591312478511,,,,,,,,,,,,,,,0.168979705227,-0.569500851975,,-0.921475313885,,-0.464228127415,,0.146592878703,,,,,,,,1.27402631397,-0.775594776488,,,-0.0651718398152,,,,0.298603235469
WAIS03,"SSPN",ENSG00000123096,5.820851,0.812832019597,0.416271377976,0.296564483727,-1.20814960768,,,1.83534696791,,0.439464546373,-0.564671194269,-0.3890559871,,,,,,,,,,,,,,,0.605656422436,0.000720344395023,,-0.0475271024838,,1.46013540585,,0.39259315157,,,,,,,,2.02140174941,0.538834079509,,,0.498416112473,,,,1.10632082048
WHIP03F,"SSPN",ENSG00000123096,8.793606,1.31777751915,1.16852362523,0.164134791817,0.44934579072,,,1.66107919982,,0.48300082813,0.868790039345,1.16082848262,,,,,,,,,,,,,,,0.851856804411,1.09530900549,,-0.177378632206,,-0.106053822065,,-0.16386071183,,,,,,,,0.97397843086,0.0756111476118,,,1.150701244,,,,-0.0367306652122
WHIP03,"SSPN",ENSG00000123096,11.340578,1.71515548023,1.50701910499,0.566255361551,0.151091205915,,,2.45539106,,1.05933120121,1.27852031206,1.5457957757,,,,,,,,,,,,,,,1.27167411978,1.88289001166,,0.0919052762327,,0.0277906927852,,0.205794852847,,,,,,,,1.33380139037,0.909258646048,,,1.98197993134,,,,0.396552853605
WHIP04F,"SSPN",ENSG00000123096,8.092449,1.29087115184,1.15398916426,0.159866419344,0.489973669497,,,1.64955063376,,0.439492391643,0.855974610084,1.14370522281,,,,,,,,,,,,,,,0.830949084584,1.09336814753,,-0.174762144246,,-0.179658863399,,-0.169324475026,,,,,,,,1.01190193939,0.0744957990301,,,1.14408376542,,,,0.0410678585851
WHIP04,"SSPN",ENSG00000123096,9.838542,1.57862602079,1.4700787876,0.537678301643,0.211710974479,,,2.32605394549,,0.978284580017,1.25085540747,1.51234754131,,,,,,,,,,,,,,,1.17222695295,1.82786259229,,0.089916581527,,-0.206126116425,,0.153837633885,,,,,,,,1.34163768416,0.889583894436,,,2.05818011304,,,,0.413086922426
WHIP05F,"SSPN",ENSG00000123096,12.713072,1.61335956998,1.21185567986,0.409016395758,0.458977882297,,,1.9493913523,,0.840479479811,0.856270667041,1.203129504,,,,,,,,,,,,,,,1.11648505834,1.09307827064,,0.0838210643755,,-0.732302366308,,-0.0405891794666,,,,,,,,1.08573775045,0.227620714271,,,1.52689090159,,,,0.155419034934
WHIP05,"SSPN",ENSG00000123096,17.532200,2.52236090725,2.07658857638,1.24692008282,0.628974731997,,,3.14885647287,,1.92296507006,1.63263672308,1.88553300976,,,,,,,,,,,,,,,1.99334386723,2.33713741526,,0.780249078137,,0.153038779696,,0.523507341767,,,,,,,,1.89201954663,1.52389466598,,,2.6679457031,,,,0.98454477104
WHIP06F,"SSPN",ENSG00000123096,11.970819,1.55398385602,1.19877564979,0.40263982107,0.47948598461,,,1.94251711141,,0.790904697394,0.844653919309,1.1868070793,,,,,,,,,,,,,,,1.09306412986,1.08965465863,,0.0826839101855,,-0.795806352529,,-0.0621785338445,,,,,,,,1.09180974534,0.224532635581,,,1.50855806537,,,,0.18297582569
WHIP06,"SSPN",ENSG00000123096,14.589915,2.34852206524,2.02905296971,1.2122362253,0.670920145432,,,2.99959654959,,1.78936618478,1.60133138662,1.84937845247,,,,,,,,,,,,,,,1.86731503105,2.28560689395,,0.765288008913,,-0.0632783673517,,0.439170670522,,,,,,,,1.84105446079,1.4946744525,,,2.71981723965,,,,0.97602418173
