code,target,ENSEMBL,association,Adipose_Subcutaneous,Adipose_Visceral_Omentum,Breast_Mammary_Tissue,Muscle_Skeletal,DGN_Whole_Blood,Whole_Blood,Artery_Aorta,Artery_Coronary,Artery_Tibial,Heart_Atrial_Appendage,Heart_Left_Ventricle,Spleen,Brain_Amygdala,Brain_Anterior_cingulate_cortex_BA24,Brain_Caudate_basal_ganglia,Brain_Nucleus_accumbens_basal_ganglia,Brain_Putamen_basal_ganglia,Brain_Cerebellar_Hemisphere,Brain_Cerebellum,Brain_Cortex,Brain_Frontal_Cortex_BA9,Brain_Hippocampus,Brain_Hypothalamus,Brain_Spinal_cord_cervical_c-1,Brain_Substantia_nigra,Nerve_Tibial,Cells_Transformed_fibroblasts,Cells_EBV-transformed_lymphocytes,Colon_Sigmoid,Colon_Transverse,Esophagus_Gastroesophageal_Junction,Esophagus_Mucosa,Esophagus_Muscularis,Liver,Minor_Salivary_Gland,Small_Intestine_Terminal_Ileum,Stomach,Adrenal_Gland,Pituitary,Pancreas,Thyroid,Lung,Ovary,Prostate,Testis,Uterus,Vagina,Skin_Not_Sun_Exposed_Suprapubic,Skin_Sun_Exposed_Lower_leg
BLOO07,"APBB1IP",ENSG00000077420,28.608835,9.52150464062,6.01172250031,8.93466217243,6.93650244026,-9.909014646617612,-8.85359982113,,7.04176373699,9.2648412875,3.95485427289,,,,,,,,,,,2.16386762454,,,,,0.647343735016,8.73063230718,8.62862295783,,,,,8.72787576735,3.71470296683,,,8.42918293183,8.11608581129,8.1344672742,9.66907968877,9.15776929096,4.52487474499,,,,4.43163719732,,,9.50438013737
BLOO08,"APBB1IP",ENSG00000077420,15.453013,6.89861144923,3.4131140939,6.11435562826,6.22136712321,-6.192915369082245,-5.2267012729,,5.26488427513,6.15662627068,2.55170416273,,,,,,,,,,,0.58516313545,,,,,1.52366559011,6.84628380106,5.5468565461,,,,,6.24411215727,1.79380309663,,,5.92801557899,5.04908831831,6.40385384789,6.79668990487,6.34375772811,2.94481197809,,,,2.02192703526,,,6.85161762984
BLOO09,"APBB1IP",ENSG00000077420,7.295987,3.37412919705,1.07318966418,3.47589971123,2.76100614237,-4.9349835499279076,-4.70250075932,,2.63793633257,3.44492071541,0.659923095866,,,,,,,,,,,0.636916339716,,,,,-1.19370468301,3.17187258855,3.40005061927,,,,,3.04226197806,1.85132665707,,,2.7849121086,3.12678365094,3.38851821721,3.59473607285,3.12574716877,1.77339496115,,,,1.16517504714,,,3.4043452939
BLOO10,"APBB1IP",ENSG00000077420,6.496863,2.87993844689,0.754132378026,2.94638868685,2.30746407151,-4.5966665127156485,-4.4293752529,,2.26929805935,2.9516676053,0.335798048938,,,,,,,,,,,0.423740417619,,,,,-1.43213092995,2.68261714382,2.96096354235,,,,,2.50098359536,1.63798026445,,,2.29742556677,2.66778988534,2.93506844603,3.11425051816,2.64450361181,1.52243057245,,,,0.85583420872,,,2.9071380511
BLOO11,"APBB1IP",ENSG00000077420,8.766395,5.91879933646,3.48902906974,5.48188299198,4.78239118398,-2.827024821612476,-1.736226392,,4.87200109918,5.49282110603,4.17225129373,,,,,,,,,,,-0.209627628182,,,,,4.20313195048,5.87476237701,4.5679766874,,,,,5.56964898324,3.73847521539,,,5.88907728566,6.19976957683,4.94077399866,5.75708288958,5.94031574906,4.31325655165,,,,2.50495994906,,,5.99043474204
BLOO12,"APBB1IP",ENSG00000077420,7.803106,4.70183565538,1.78234726531,4.59029865259,3.75910693209,-5.117125451184745,-4.58103039193,,3.74162893917,4.61251138692,1.73379514585,,,,,,,,,,,0.509724895284,,,,,0.275316062963,4.51769057273,4.21160835283,,,,,4.31914373568,2.65861682623,,,4.10501260236,4.61816906094,4.44368401075,4.85885580171,4.5147386133,2.78659146954,,,,1.84043689486,,,4.75453156069
BLOO14,"APBB1IP",ENSG00000077420,7.459796,5.53315935435,3.03675511393,4.74975423382,5.14514858672,-4.44386767748441,-3.60572549578,,4.30453719445,4.79335299929,2.28167513401,,,,,,,,,,,0.381310491959,,,,,1.74449876458,5.55134741702,4.1827416556,,,,,5.03101146108,0.744122598132,,,4.78412806802,3.5850576539,5.1356802016,5.32292175358,5.0521075771,2.13522871406,,,,1.53697749626,,,5.46409762458
BLOO15,"APBB1IP",ENSG00000077420,6.798057,5.42475386274,3.08613399651,4.57863576708,5.05375322597,-3.7139505600462304,-2.81719982647,,4.33576596907,4.64162953734,2.50063834888,,,,,,,,,,,0.23807903152,,,,,2.36638670407,5.46878961243,4.00147333579,,,,,4.9576491831,0.839784264547,,,4.79782945521,3.67147419028,4.92551991907,5.17721976989,5.00764972485,2.43521962914,,,,1.67608309554,,,5.36205670149
BLOO16,"APBB1IP",ENSG00000077420,32.027210,10.1893211104,6.27645802597,9.51555528248,7.61781266471,-10.494476577200924,-9.38647762851,,7.18467145458,9.85531233679,4.19180096809,,,,,,,,,,,2.32390864996,,,,,0.765447288386,9.44924831828,9.20293846419,,,,,9.29052845909,3.83247027201,,,9.00743150205,8.59239228749,8.57057650083,10.3344214508,9.78564644932,4.74094429309,,,,4.55026160793,,,10.1769339747
BLOO17,"APBB1IP",ENSG00000077420,22.638915,8.19698831209,5.6424596973,7.59236228473,5.88625037702,-8.441618089337348,-7.52794887048,,5.71077621418,7.94385489828,3.49873600185,,,,,,,,,,,1.98563572128,,,,,0.577458606869,7.44108127928,7.47344588003,,,,,7.45069734408,2.97188589701,,,7.27329813123,6.74280609309,6.71889041804,8.31387556428,7.90988457828,3.56798874033,,,,3.95763492489,,,8.16702404177
BLOO18,"APBB1IP",ENSG00000077420,21.908052,8.19294222595,5.62635037757,7.52041075519,5.94290816883,-7.801966075300414,-6.80922772482,,5.9288417207,7.86543691801,3.69595740144,,,,,,,,,,,1.83041594605,,,,,1.31967221659,7.47463764016,7.34790649509,,,,,7.50311552802,3.09333742296,,,7.42126205219,6.871222659,6.63829233398,8.29936179161,7.97726228367,3.74342486843,,,,4.17396411725,,,8.16811488245
BLOO21,"APBB1IP",ENSG00000077420,8.062462,-5.13773530536,-3.33272060259,-4.77102000513,-3.23271044804,4.1382609746306676,3.45156175129,,-5.24726385934,-4.71874809937,-2.50210822732,,,,,,,,,,,-2.60948042726,,,,,-1.10997560042,-4.72663230571,-3.91386286666,,,,,-4.60958807066,-1.59914784211,,,-4.8681363641,-4.65166022352,-3.53468240165,-4.93834296014,-4.89197943061,-2.70177909559,,,,-3.70506236736,,,-5.05456423802
BLOO22,"APBB1IP",ENSG00000077420,7.616687,-5.18376861791,-3.34135461223,-4.76340565338,-3.2446699961,4.073915140547009,3.32215727654,,-5.35041362114,-4.72798349203,-2.53937730552,,,,,,,,,,,-2.38479955392,,,,,-1.30648805411,-4.77866348678,-3.84127357138,,,,,-4.64803968959,-1.51265822269,,,-4.89572987423,-4.71028501066,-3.57619851709,-4.9710982246,-4.91588421089,-2.81665997277,,,,-3.7000254103,,,-5.10466566666
BLOO23,"APBB1IP",ENSG00000077420,12.624885,-6.7375783086,-4.14381132161,-6.38543160529,-4.16419688625,4.26166494489278,3.13474720545,,-6.37896161822,-6.22419858753,-4.48713897294,,,,,,,,,,,-3.0415103979,,,,,-3.13191060568,-6.11213544935,-4.8938886657,,,,,-6.57689026329,-1.97148866942,,,-6.59594885527,-6.2099008819,-5.16151145062,-6.47475620806,-6.53412457853,-4.28869641133,,,,-4.29390840074,,,-6.66157371671
BLOO28,"APBB1IP",ENSG00000077420,8.317647,-5.71912209932,-4.00483893481,-5.40787226197,-5.27571711271,4.288052109600008,3.48227459312,,-4.44901924282,-5.70035572739,-3.36680506525,,,,,,,,,,,-1.00891675648,,,,,-2.30240997607,-5.7429658375,-4.84757775597,,,,,-5.76502588928,-2.79916150531,,,-5.31420427481,-5.37788234597,-5.51277994987,-5.65386466272,-5.5379258524,-2.93948134576,,,,-1.49886329123,,,-5.77754846878
BLOO30,"APBB1IP",ENSG00000077420,7.204711,3.20107915661,1.04212250838,3.29279352801,2.59565330326,-4.822154729662423,-4.58968326957,,1.91697700257,3.26715419815,0.631406260225,,,,,,,,,,,0.833649407497,,,,,-1.26771786138,2.99804109934,3.23920043117,,,,,2.89533385267,1.79456653357,,,2.59284231154,2.98179641385,3.11245742913,3.41644534362,2.960546296,1.61707755589,,,,1.12346299059,,,3.2294439557
BLOO31,"APBB1IP",ENSG00000077420,23.566022,-8.70015776906,-5.84560569803,-7.89193945391,-6.40757072257,8.07873217603793,6.98452065891,,-6.30903257385,-8.24930839791,-3.97215111355,,,,,,,,,,,-1.956708399,,,,,-1.59675239214,-8.03531270219,-7.66395597049,,,,,-7.92214863208,-3.08557756222,,,-7.85113757878,-7.20138156175,-7.07248407243,-8.73941088803,-8.42497010801,-3.97525542399,,,,-4.15289846596,,,-8.67140749753
