code,target,ENSEMBL,association,Adipose_Subcutaneous,Adipose_Visceral_Omentum,Breast_Mammary_Tissue,Muscle_Skeletal,DGN_Whole_Blood,Whole_Blood,Artery_Aorta,Artery_Coronary,Artery_Tibial,Heart_Atrial_Appendage,Heart_Left_Ventricle,Spleen,Brain_Amygdala,Brain_Anterior_cingulate_cortex_BA24,Brain_Caudate_basal_ganglia,Brain_Nucleus_accumbens_basal_ganglia,Brain_Putamen_basal_ganglia,Brain_Cerebellar_Hemisphere,Brain_Cerebellum,Brain_Cortex,Brain_Frontal_Cortex_BA9,Brain_Hippocampus,Brain_Hypothalamus,Brain_Spinal_cord_cervical_c-1,Brain_Substantia_nigra,Nerve_Tibial,Cells_Transformed_fibroblasts,Cells_EBV-transformed_lymphocytes,Colon_Sigmoid,Colon_Transverse,Esophagus_Gastroesophageal_Junction,Esophagus_Mucosa,Esophagus_Muscularis,Liver,Minor_Salivary_Gland,Small_Intestine_Terminal_Ileum,Stomach,Adrenal_Gland,Pituitary,Pancreas,Thyroid,Lung,Ovary,Prostate,Testis,Uterus,Vagina,Skin_Not_Sun_Exposed_Suprapubic,Skin_Sun_Exposed_Lower_leg
BLOO02,"RPP25",ENSG00000178718,10.489817,5.71255875052,5.13176520037,5.7719611084,,,,6.34421878786,5.8600327033,6.02131584267,6.26292402989,4.43508710369,,,,,,,,,,,,,,,6.38894384449,6.26605966955,,,,,6.17175267914,4.78364513638,4.14984596928,-0.870926677279,,3.86954629935,5.70976411432,2.85071492822,6.36321745667,6.22979489411,6.34517496955,,2.5764392391,,,3.89797667373,7.73480599096,5.98726308798
BLOO03,"RPP25",ENSG00000178718,5.095604,3.88430052536,3.35939277779,3.82255342771,,,,4.57495730825,4.44959227264,4.00874387121,4.38273472715,2.63248566258,,,,,,,,,,,,,,,4.52229122923,4.29547051567,,,,,4.43234977916,3.03893059663,2.3877259883,-0.629084974139,,2.31676862099,4.84471430651,1.86386563914,4.7637194836,4.60936028356,4.09780349282,,2.13281689231,,,2.25603374437,5.96962731069,4.85988495562
BLOO05,"RPP25",ENSG00000178718,7.424708,3.80482568963,3.41014236951,3.24485190372,,,,4.16941353757,2.67086520579,4.30894984331,4.11006754975,1.79808287629,,,,,,,,,,,,,,,4.22823250852,3.94290713772,,,,,3.90568503683,2.97944549761,2.31615787598,-1.05556568545,,1.15474905757,5.51447348165,2.276466575,4.95990296512,3.88073019484,3.97123588139,,1.23036743818,,,1.63539811622,3.50887777237,3.67464849225
BLOO19,"RPP25",ENSG00000178718,14.311963,-6.4736324213,-5.73864311333,-6.0342168503,,,,-6.49035299526,-5.35795051758,-6.71848978252,-6.24981489684,-4.10134722196,,,,,,,,,,,,,,,-6.40928005944,-6.5266087035,,,,,-5.67899283189,-5.41610358736,-4.20285487611,0.39231563212,,-3.74637342818,-6.63844197766,-2.78087517666,-6.80622303579,-5.7850686105,-6.78112659666,,-0.918269181755,,,-4.34875305848,-5.86446539626,-5.41413023496
BLOO20,"RPP25",ENSG00000178718,6.986868,3.62823302189,2.97267365601,3.24001889968,,,,4.34969385872,3.92246242407,3.92542851364,4.26485744799,2.44947934444,,,,,,,,,,,,,,,4.31215179314,3.9117206954,,,,,4.52719285393,2.85387681622,2.10230139272,-0.614249075582,,1.5492176363,5.38844678355,1.65690252656,4.83958457808,4.48294100099,3.7991773195,,1.95770836949,,,1.41343585306,5.6544845218,4.50623880326
BLOO24,"RPP25",ENSG00000178718,6.861129,4.30786053706,4.17153831761,4.04866257818,,,,4.55026474174,3.67889323734,4.71132145628,4.25332833544,2.62542437964,,,,,,,,,,,,,,,4.42347317663,4.62402289743,,,,,4.45075937515,4.6662855381,2.88394911325,0.416616485886,,3.72273963898,3.8961445059,1.37837155281,4.52994920079,4.18949392793,4.87438623312,,2.53371259883,,,4.60826074922,4.11903670827,3.40683707433
BLOO27,"RPP25",ENSG00000178718,8.116998,-4.56197684422,-4.47025437375,-5.36497491553,,,,-4.47298316897,-4.27707025453,-4.51124038247,-4.42998670689,-3.58273294891,,,,,,,,,,,,,,,-4.65426537506,-5.05858430217,,,,,-3.61261126084,-4.22117231509,-3.84001400295,0.022041232237,,-4.08938896931,-1.792026531,-2.39527701066,-3.75125343661,-4.04618543892,-5.31970752772,,-1.68253986029,,,-4.74464542761,-4.98471944909,-3.56533718204
BLOO28,"RPP25",ENSG00000178718,10.287999,5.65778470252,4.91012059899,5.30683476463,,,,5.61590836374,4.70585207567,5.78705404118,5.43526753871,3.70988233815,,,,,,,,,,,,,,,5.55836846474,5.60448281139,,,,,4.80458050482,4.29125023597,3.68118687848,-0.588278376731,,3.0148625966,6.00679484043,2.80051497078,5.94123249712,4.99469134707,5.75283395656,,0.144640835793,,,3.22635932123,5.11276706042,4.86706500603
BLOO32,"RPP25",ENSG00000178718,7.670135,-4.93482743743,-4.78536535601,-4.68888829187,,,,-5.22966321077,-4.06025247626,-5.42606834898,-4.88233628728,-3.19696853744,,,,,,,,,,,,,,,-5.13067161665,-5.29150687258,,,,,-4.98500221728,-4.88125580385,-3.56666577487,-0.230763392253,,-3.65220651114,-4.61589090887,-1.75441998369,-5.19949768266,-4.85428718979,-5.52145030534,,-2.291334454,,,-4.61345073079,-4.69791384006,-4.13974452461
BLOO34,"RPP25",ENSG00000178718,6.867676,4.86690657064,4.36837903951,4.58588230427,,,,4.51922751269,3.73482269761,4.47339751685,4.5777845595,4.5779817954,,,,,,,,,,,,,,,4.59194099789,4.97786196349,,,,,4.46898272022,3.99866591166,3.84111482836,-0.879684440484,,3.8222878634,3.67510541498,3.14473297799,4.64526918235,4.17398742561,5.29799765774,,1.12438905052,,,5.27798583302,4.19296609036,3.54463931596
BODY08B,"RPP25",ENSG00000178718,5.411706,-4.47914865607,-3.96473250656,-3.19353571392,,,,-4.53477951632,-4.04889641241,-4.3731116687,-4.16357574935,-3.67369350547,,,,,,,,,,,,,,,-4.59208701585,-4.93801937096,,,,,-5.32824316487,-2.96889560486,-2.80881302108,1.21159783619,,-3.68513926179,-3.73226756007,-3.71755650238,-4.7303486242,-4.71282953235,-4.42947338994,,-1.10477282456,,,-4.59927932121,-4.00662343752,-3.60685189091
BODY08,"RPP25",ENSG00000178718,6.722070,-4.60398087863,-4.16891786806,-3.43026725587,,,,-4.71870832311,-4.10898876139,-4.53276617302,-4.34293563935,-3.56453369481,,,,,,,,,,,,,,,-4.7988402289,-5.16475234202,,,,,-5.42458175162,-2.86918467876,-2.83051561972,1.16405131618,,-3.90923257459,-3.83202638424,-3.91830648492,-4.94019874479,-4.90388597158,-4.62212275757,,-1.02127489815,,,-4.8323901072,-4.19281051769,-3.79278754009
EDUC03,"RPP25",ENSG00000178718,4.528855,-2.33950545535,-2.39822571284,-1.81787296091,,,,-3.06007102933,-1.70514114223,-2.95811349469,-2.97064752419,-2.80575939769,,,,,,,,,,,,,,,-2.91998616409,-2.42013963451,,,,,-2.23462547325,-1.78259366899,-2.25293925052,0.841980973053,,0.794928523212,-4.93797897588,-1.04435338887,-3.68943708563,-3.02045988355,-2.57525448588,,-0.606721472474,,,0.280364768207,-2.5725086523,-2.54297613868
ELEC03,"RPP25",ENSG00000178718,5.500038,-5.63008260611,-6.59545119666,-6.72379218299,,,,-6.14279839785,-5.30718905642,-5.45413035398,-5.58938477506,-5.05116741362,,,,,,,,,,,,,,,-5.73860459102,-7.19227742367,,,,,-5.07058372027,-2.82293777029,-3.40209128885,1.407515718,,-6.83802935889,-2.24755475589,-5.17424993672,-5.71048459901,-6.03577022043,-6.12016906618,,0.983902465939,,,-6.90892842531,-6.13892511501,-5.74773501115
WAIS03F,"RPP25",ENSG00000178718,3.390235,-4.16299008999,-4.68055617589,-3.27530407936,,,,-4.70681455089,-2.75369907929,-4.45707610308,-4.811221932,-2.63557841495,,,,,,,,,,,,,,,-4.38727141825,-4.29588628256,,,,,-4.41336579122,-3.22835160284,-1.01034764654,-0.68512277325,,-3.67163074273,-3.60363077201,-3.10362171846,-4.83649331699,-4.9650725139,-3.61488857641,,-0.519469982876,,,-3.39796023037,-4.13999399134,-4.49887610045
WAIS04F,"RPP25",ENSG00000178718,3.203127,-4.13756408491,-4.62071810816,-3.13788398704,,,,-4.65123206984,-2.70406260393,-4.42906640772,-4.75198040772,-2.57353204881,,,,,,,,,,,,,,,-4.32411871834,-4.23804692237,,,,,-4.36859206717,-2.99982698372,-0.986615539952,-0.675186964285,,-3.59345666544,-3.63940603334,-3.08315574321,-4.84550623745,-4.85913865675,-3.59045180893,,-0.528435656672,,,-3.37192281918,-4.09643142837,-4.39342362102
