code,target,ENSEMBL,association,Adipose_Subcutaneous,Adipose_Visceral_Omentum,Breast_Mammary_Tissue,Muscle_Skeletal,DGN_Whole_Blood,Whole_Blood,Artery_Aorta,Artery_Coronary,Artery_Tibial,Heart_Atrial_Appendage,Heart_Left_Ventricle,Spleen,Brain_Amygdala,Brain_Anterior_cingulate_cortex_BA24,Brain_Caudate_basal_ganglia,Brain_Nucleus_accumbens_basal_ganglia,Brain_Putamen_basal_ganglia,Brain_Cerebellar_Hemisphere,Brain_Cerebellum,Brain_Cortex,Brain_Frontal_Cortex_BA9,Brain_Hippocampus,Brain_Hypothalamus,Brain_Spinal_cord_cervical_c-1,Brain_Substantia_nigra,Nerve_Tibial,Cells_Transformed_fibroblasts,Cells_EBV-transformed_lymphocytes,Colon_Sigmoid,Colon_Transverse,Esophagus_Gastroesophageal_Junction,Esophagus_Mucosa,Esophagus_Muscularis,Liver,Minor_Salivary_Gland,Small_Intestine_Terminal_Ileum,Stomach,Adrenal_Gland,Pituitary,Pancreas,Thyroid,Lung,Ovary,Prostate,Testis,Uterus,Vagina,Skin_Not_Sun_Exposed_Suprapubic,Skin_Sun_Exposed_Lower_leg
ASTH01,"SMAD3",ENSG00000166949,8.329337,0.0934083284866,0.759229060885,-1.12282682226,-0.427542962064,-0.4419859943886294,-1.78130721373,,,0.332518992211,,,,,,,,,,,,,,,,,,-0.740299423558,,,,,4.67811335245,,,,,,,,,-2.8667339288,1.23552321721,,,0.127096250326,,,0.687893357265,-0.0186005401756
BFPC02B,"SMAD3",ENSG00000166949,11.724251,-5.63792082022,-1.59424464961,-2.69359914697,4.51719603454,-2.137540208571301,-0.745745846846,,,-0.815408115743,,,,,,,,,,,,,,,,,,-0.0234579981061,,,,,-0.426665583518,,,,,,,,,-1.62986610266,0.510640608532,,,-3.16854027197,,,-4.73339338594,-4.63995473707
BFPC02M,"SMAD3",ENSG00000166949,12.133494,-4.88664255957,-2.01547063346,-3.29999536499,4.55618674389,-1.571351696549807,-1.25433867208,,,-0.543214328372,,,,,,,,,,,,,,,,,,-0.539310926792,,,,,-1.32565491741,,,,,,,,,-1.62426180205,-0.0486674663755,,,-2.78655915993,,,-4.52555023556,-4.21925189901
BFPC02,"SMAD3",ENSG00000166949,11.371049,-5.41739373228,-1.3244644538,-2.31642202108,4.08479245217,-2.0962762785616844,-0.550567070239,,,-0.820787801775,,,,,,,,,,,,,,,,,,0.186186428222,,,,,-0.130682889537,,,,,,,,,-1.48225213256,0.598774840062,,,-2.97231409605,,,-4.34458823062,-4.35788316027
BFPC03B,"SMAD3",ENSG00000166949,13.766902,-5.53767745349,-1.54819512177,-2.69128440203,4.71475401634,-2.21994609125207,-0.809888925858,,,-0.645994250559,,,,,,,,,,,,,,,,,,-0.0040046535385,,,,,-0.322409752227,,,,,,,,,-1.63802472602,0.567333590785,,,-3.18310261392,,,-4.70187171512,-4.66110001963
BFPC03M,"SMAD3",ENSG00000166949,10.263484,-4.89731724609,-2.07087301238,-3.29190279582,4.53010696516,-1.6008944433413668,-1.26100304039,,,-0.528581406465,,,,,,,,,,,,,,,,,,-0.516813957633,,,,,-1.31225631823,,,,,,,,,-1.6420167507,-0.132497686303,,,-2.77657758249,,,-4.55615800397,-4.24871161359
BFPC03,"SMAD3",ENSG00000166949,11.144245,-5.28788420218,-1.25663178499,-2.32587484305,4.32253350129,-2.185296157283251,-0.622151800617,,,-0.614056698071,,,,,,,,,,,,,,,,,,0.192713932319,,,,,-0.0114570330489,,,,,,,,,-1.4844190137,0.693759027451,,,-2.98221148698,,,-4.31530421106,-4.39642270432
BFPC04B,"SMAD3",ENSG00000166949,19.240362,-7.20128698732,-2.15390824302,-1.44297425689,6.10688860621,-3.4443213381580917,-1.65992371669,,,-1.57920864843,,,,,,,,,,,,,,,,,,-0.877250839497,,,,,-0.98621079618,,,,,,,,,-2.63217043071,0.575284762773,,,-4.00415009429,,,-5.96770913867,-6.55203211738
BFPC04F,"SMAD3",ENSG00000166949,6.128970,-4.71002327894,-0.754856900752,-0.029978908975,3.7818048565,-2.5841366818386193,-1.02075618389,,,-1.74042195193,,,,,,,,,,,,,,,,,,-0.42288829288,,,,,-0.540737450896,,,,,,,,,-1.88769294298,0.86124317582,,,-2.73080355091,,,-4.19233215475,-4.49391032431
BFPC04M,"SMAD3",ENSG00000166949,13.847100,-5.97843401639,-2.34677460283,-1.97816470464,5.25180261449,-2.574535401523117,-1.43480966518,,,-0.70720835691,,,,,,,,,,,,,,,,,,-0.859939562088,,,,,-0.907674909775,,,,,,,,,-2.04442504937,0.0641693543571,,,-3.22926260412,,,-4.70840862735,-5.26157445557
BFPC04,"SMAD3",ENSG00000166949,17.902188,-7.01725625668,-1.95396208117,-1.22959063389,5.86126104477,-3.3871147689410983,-1.53761655843,,,-1.69401518237,,,,,,,,,,,,,,,,,,-0.746219448641,,,,,-0.926945583152,,,,,,,,,-2.62169080828,0.593526855262,,,-3.89857638866,,,-5.8365465712,-6.39374819279
BLOO07,"SMAD3",ENSG00000166949,14.769551,-2.82260007733,-2.73803192762,-3.9254603632,-2.06031018136,-2.089190949489955,-3.0088512164,,,-4.7741690597,,,,,,,,,,,,,,,,,,-3.21172561411,,,,,2.74523472767,,,,,,,,,-6.24136954126,-0.0449546416182,,,-0.977515231752,,,-4.20735784707,-4.20301389012
BLOO16,"SMAD3",ENSG00000166949,11.621311,-2.07649236095,-2.11753480182,-3.16201065762,-1.96237905898,-2.012176931838415,-2.66745192378,,,-1.98195463901,,,,,,,,,,,,,,,,,,-2.91696842,,,,,2.63122115625,,,,,,,,,-5.70472143812,-0.0439112841488,,,-0.969884888167,,,-4.0553695464,-4.05221111253
BLOO17,"SMAD3",ENSG00000166949,13.338064,-3.29216913705,-2.90178685269,-3.78316759267,-2.08084206881,-1.600258759125524,-3.24274640083,,,-1.64481989959,,,,,,,,,,,,,,,,,,-2.83400373193,,,,,2.67995350035,,,,,,,,,-6.5155599594,-0.688131685975,,,-1.16488427278,,,-3.95482048191,-4.30586200167
BLOO18,"SMAD3",ENSG00000166949,12.669850,-2.83251366699,-2.46386306822,-3.70905312934,-1.77949731598,-1.7534526643466584,-3.06949989261,,,-1.36941468006,,,,,,,,,,,,,,,,,,-2.50480312543,,,,,2.38751369809,,,,,,,,,-6.08685715083,-0.852142484667,,,-1.20394559491,,,-3.72444275433,-4.02815146208
BLOO31,"SMAD3",ENSG00000166949,9.673767,2.0815741582,1.93389196681,3.17555816381,1.71233702626,1.5174874911093414,2.89356953693,,,1.56885942156,,,,,,,,,,,,,,,,,,2.59074006442,,,,,-2.2134997852,,,,,,,,,5.26033730143,0.763848764898,,,1.21998658231,,,3.33783802495,3.54339484639
BODY08B,"SMAD3",ENSG00000166949,4.969643,-5.32358333469,-2.43949729652,0.0776142931148,0.228608352583,-0.4012073336646589,0.0144344022265,,,-0.0427243718476,,,,,,,,,,,,,,,,,,-1.76888327027,,,,,-2.13780104028,,,,,,,,,0.889720502198,0.470355105275,,,1.05059224043,,,-4.44470677502,-4.30835012031
BODY08,"SMAD3",ENSG00000166949,4.123217,-5.10899771636,-2.29346347182,0.311131712864,0.0320698802524,-0.2419590059713584,0.0909930058161,,,-0.225107125084,,,,,,,,,,,,,,,,,,-1.57467162624,,,,,-2.00468270298,,,,,,,,,0.876380487037,0.572360127321,,,1.07106160172,,,-4.22980194537,-4.1794488152
COAD01,"SMAD3",ENSG00000166949,6.759052,0.857794402852,-0.983964451834,0.0109635753804,-0.579932371456,0.6523138939803018,4.30834129329,,,1.5320027905,,,,,,,,,,,,,,,,,,0.795757061619,,,,,-1.39121204663,,,,,,,,,5.46582541487,1.18233190735,,,0.283320841076,,,0.372145786957,0.951453911672
COAD03,"SMAD3",ENSG00000166949,12.902777,0.223940558795,-0.723476900692,0.148464677803,-1.1227458208,1.3311756995489596,5.75115344017,,,2.0145548743,,,,,,,,,,,,,,,,,,0.805596809699,,,,,-2.06558778445,,,,,,,,,6.36813144422,1.33416319984,,,0.267868639947,,,-0.189195004913,0.0210860823976
CROH01,"SMAD3",ENSG00000166949,13.026637,-2.36231710503,-2.19787014406,-1.60947479537,1.59017063311,-2.4917181378137405,-5.09639383832,,,-3.0989767279,,,,,,,,,,,,,,,,,,-2.09719957355,,,,,2.9982203378,,,,,,,,,-7.09224407376,-2.42170758066,,,-2.46411153353,,,-0.586824157464,-2.85125315256
FATM02B,"SMAD3",ENSG00000166949,8.863406,-5.35145870782,-1.86830139808,-1.78109172332,3.35457815168,-2.2883712897906214,-0.377498606178,,,-1.00309906461,,,,,,,,,,,,,,,,,,-0.516689235583,,,,,-0.768762856409,,,,,,,,,-0.751368347852,0.464072003137,,,-2.23335063598,,,-4.80589230192,-4.94305918502
FATM02M,"SMAD3",ENSG00000166949,9.091418,-4.39862042726,-1.92157006256,-2.41548400994,3.55847913083,-1.476958505948541,-1.16380092082,,,-0.634382722701,,,,,,,,,,,,,,,,,,-1.03729305163,,,,,-1.61856754426,,,,,,,,,-1.02289817133,-0.0650896087708,,,-1.84414981498,,,-4.73561381504,-4.38901386393
FATM02,"SMAD3",ENSG00000166949,8.092728,-5.20493558371,-1.68896487854,-1.4494542836,2.98181756968,-2.3012331055202195,-0.134675754537,,,-1.03309955702,,,,,,,,,,,,,,,,,,-0.269357965983,,,,,-0.451210210557,,,,,,,,,-0.590531675564,0.559225103025,,,-2.12425815314,,,-4.36140029807,-4.68591793559
FATM03B,"SMAD3",ENSG00000166949,8.906403,-5.25434386942,-1.78749385483,-1.77076023447,3.57739291604,-2.349514910876407,-0.423440966398,,,-0.873418376209,,,,,,,,,,,,,,,,,,-0.491227056852,,,,,-0.707954061916,,,,,,,,,-0.704860280882,0.518181483776,,,-2.26798701028,,,-4.7273120719,-4.94953493101
FATM03M,"SMAD3",ENSG00000166949,8.539328,-4.4066996707,-1.96868002735,-2.41247856955,3.53907386199,-1.5198836049552578,-1.14608595981,,,-0.622375723931,,,,,,,,,,,,,,,,,,-1.04151405609,,,,,-1.61538937111,,,,,,,,,-1.01623930667,-0.141721938992,,,-1.84984126525,,,-4.77846568148,-4.42722838011
FATM03,"SMAD3",ENSG00000166949,7.455547,-5.08017122978,-1.57940251577,-1.4500105195,3.24933548205,-2.3537301944227127,-0.185712888272,,,-0.873207127932,,,,,,,,,,,,,,,,,,-0.246493309252,,,,,-0.378763018832,,,,,,,,,-0.530294385479,0.654359741854,,,-2.15674385821,,,-4.27021080119,-4.7024692009
FATM04B,"SMAD3",ENSG00000166949,16.311847,-6.98882672371,-2.36790147476,-0.397023046919,4.39821614033,-2.9047866687310644,-0.743429083899,,,-1.74377920372,,,,,,,,,,,,,,,,,,-1.57642920666,,,,,-1.28802060074,,,,,,,,,-1.76839200313,0.36512062565,,,-2.9174094906,,,-6.25716766842,-6.98802478701
FATM04M,"SMAD3",ENSG00000166949,12.965011,-5.90590763566,-2.32820097307,-1.30576066076,3.97080261401,-2.6375805743162495,-0.847723353164,,,-1.07003961224,,,,,,,,,,,,,,,,,,-1.65901116718,,,,,-1.4867678025,,,,,,,,,-1.54396960342,-0.283881560537,,,-2.39128209268,,,-5.4128727795,-5.79220128657
FATM04,"SMAD3",ENSG00000166949,13.469903,-6.76473428619,-2.20598322648,-0.136465922743,4.1202204038,-2.7242727149897035,-0.597481521281,,,-1.78828697535,,,,,,,,,,,,,,,,,,-1.36654461075,,,,,-1.13392455586,,,,,,,,,-1.71247986481,0.469570392284,,,-2.81161188843,,,-5.97269534583,-6.7400995839
HEIG03,"SMAD3",ENSG00000166949,7.991954,-3.69190781766,-1.47541866224,0.685113014979,0.702689003968,-2.8061526492420272,3.48921488069,,,-3.53232295667,,,,,,,,,,,,,,,,,,-2.02999477049,,,,,1.87080429596,,,,,,,,,-0.256318757567,1.02695583128,,,-3.43152217944,,,-2.89164558778,-4.71593981244
INFB01,"SMAD3",ENSG00000166949,12.499256,-1.57369671152,-1.32503294398,-1.16921666004,-0.199289282077,-1.699100430682027,-4.61493263168,,,-2.18665504707,,,,,,,,,,,,,,,,,,-2.39888528522,,,,,3.2322631583,,,,,,,,,-7.40759089177,-1.22361087013,,,-0.983952095002,,,-1.54822183017,-3.30896165655
LEAN06B,"SMAD3",ENSG00000166949,7.406194,-3.24536803139,-1.39808028913,2.11004533692,-1.20637651731,-0.7156924162644674,2.50669953694,,,-1.21147806723,,,,,,,,,,,,,,,,,,-1.60558875228,,,,,-0.140000071834,,,,,,,,,0.972226862844,0.234927449716,,,-0.188892800323,,,-3.14245305353,-4.2772970515
LEAN06M,"SMAD3",ENSG00000166949,6.264808,-2.52795439842,-0.975606291526,0.827799316582,-0.782796379728,-1.1594624019971465,1.53083195818,,,-0.694285336409,,,,,,,,,,,,,,,,,,-1.90115160083,,,,,-1.55597129386,,,,,,,,,0.763300714383,-0.0110995546379,,,0.163737195912,,,-4.07330808913,-3.75772294981
LEAN06,"SMAD3",ENSG00000166949,9.293137,-3.16265309331,-1.22841514481,1.82610197088,-1.22145406803,-0.9133003019039349,2.39519149381,,,-1.12013332375,,,,,,,,,,,,,,,,,,-1.88240703759,,,,,-0.754002958415,,,,,,,,,1.05808438519,0.301883262739,,,-0.0223794231856,,,-3.86468405646,-4.42254819348
MENA02F,"SMAD3",ENSG00000166949,9.146490,6.7901141506,1.53311268068,2.5106354647,-0.272453588218,-1.2968999670401942,-1.95009249162,,,1.26571864692,,,,,,,,,,,,,,,,,,0.672559046937,,,,,0.603239021952,,,,,,,,,0.177102476581,0.443326752214,,,2.32454111496,,,0.653134609763,0.887175994421
NEUR03F,"SMAD3",ENSG00000166949,1.873349,4.79007897257,2.73684976479,0.922210849507,0.848580132626,-0.8963311220435477,-3.37435789175,,,0.86909342673,,,,,,,,,,,,,,,,,,0.664763622604,,,,,-0.602096778581,,,,,,,,,0.0944786792343,0.386720860604,,,2.10932276777,,,0.122738546807,1.71525785496
OSTE01,"SMAD3",ENSG00000166949,6.086562,1.33164416585,-0.509906769382,-1.25072397163,-0.441158892715,1.149790426438118,-2.05033882922,,,-1.13211616907,,,,,,,,,,,,,,,,,,0.67365425343,,,,,-1.50583065803,,,,,,,,,0.234396239412,0.336339765418,,,1.31084389999,,,0.546295579638,-0.414479180204
OSTE04,"SMAD3",ENSG00000166949,15.310363,3.04129123044,1.25259891757,0.499968241297,-4.58042028463,3.6880076084685207,-2.56066937546,,,1.58317223293,,,,,,,,,,,,,,,,,,0.743577652184,,,,,-0.296286042333,,,,,,,,,-1.10119473663,0.544232713711,,,4.06800850457,,,1.77861355357,4.18296938129
WAIS02,"SMAD3",ENSG00000166949,5.654234,-3.0299126891,0.368537889951,-1.42730220667,0.919197040376,0.322084693930694,0.892343500749,,,0.0204408282218,,,,,,,,,,,,,,,,,,-0.88070934346,,,,,-0.769984916222,,,,,,,,,0.456721380858,0.0276319696773,,,-1.63125220353,,,-3.62071980262,-2.49354679103
WAIS03M,"SMAD3",ENSG00000166949,8.073961,-2.71889824693,-1.97273769674,-0.141329164142,1.38306098709,-2.838371670052977,1.47084782765,,,-0.086214633131,,,,,,,,,,,,,,,,,,0.234778009506,,,,,1.20931521617,,,,,,,,,-0.659861664478,0.741448023316,,,-2.31135149991,,,-2.16741681031,-3.64318323256
WAIS03,"SMAD3",ENSG00000166949,10.447758,-2.89811807152,-0.828034963426,-0.718977715109,3.11417801765,-2.6876962702454734,1.76771932197,,,1.19865027614,,,,,,,,,,,,,,,,,,-1.3700558803,,,,,1.30259886584,,,,,,,,,-1.02348811539,1.0447363361,,,-3.60471789697,,,-1.89499486058,-2.94610910065
WAIS04M,"SMAD3",ENSG00000166949,7.358427,-2.67760867206,-1.88454922478,-0.197453764334,1.25635358868,-2.708306728690286,1.38614805283,,,-0.0915406113259,,,,,,,,,,,,,,,,,,0.0949671685318,,,,,1.20819358861,,,,,,,,,-0.591611764711,0.849704641696,,,-2.28328937001,,,-2.22409156421,-3.63155394016
WAIS04,"SMAD3",ENSG00000166949,9.117259,-2.84588511726,-0.79754814137,-0.848149982829,2.90471264264,-2.6337182102124355,1.73105029484,,,1.10476106056,,,,,,,,,,,,,,,,,,-1.36002822493,,,,,1.51332531542,,,,,,,,,-0.987418214844,1.09493309734,,,-3.55970930257,,,-1.94240405301,-2.94555005606
