code,target,ENSEMBL,association,Adipose_Subcutaneous,Adipose_Visceral_Omentum,Breast_Mammary_Tissue,Muscle_Skeletal,DGN_Whole_Blood,Whole_Blood,Artery_Aorta,Artery_Coronary,Artery_Tibial,Heart_Atrial_Appendage,Heart_Left_Ventricle,Spleen,Brain_Amygdala,Brain_Anterior_cingulate_cortex_BA24,Brain_Caudate_basal_ganglia,Brain_Nucleus_accumbens_basal_ganglia,Brain_Putamen_basal_ganglia,Brain_Cerebellar_Hemisphere,Brain_Cerebellum,Brain_Cortex,Brain_Frontal_Cortex_BA9,Brain_Hippocampus,Brain_Hypothalamus,Brain_Spinal_cord_cervical_c-1,Brain_Substantia_nigra,Nerve_Tibial,Cells_Transformed_fibroblasts,Cells_EBV-transformed_lymphocytes,Colon_Sigmoid,Colon_Transverse,Esophagus_Gastroesophageal_Junction,Esophagus_Mucosa,Esophagus_Muscularis,Liver,Minor_Salivary_Gland,Small_Intestine_Terminal_Ileum,Stomach,Adrenal_Gland,Pituitary,Pancreas,Thyroid,Lung,Ovary,Prostate,Testis,Uterus,Vagina,Skin_Not_Sun_Exposed_Suprapubic,Skin_Sun_Exposed_Lower_leg
BLOO05,"TMEM206",ENSG00000065600,10.096910,-0.46232488559,-0.472208352683,,-0.459975162396,-4.6126601145649015,-3.3862863798,,,,-0.366982425459,-1.80463114458,,,-0.178902897453,-3.69711232912,,-4.43003005299,,-0.603478004548,-2.05166387557,,-5.17782723309,,-5.0069416043,,0.741470799463,-0.392214149237,,,1.16350023254,-0.183770454445,-5.19766831277,-0.422868342482,,,,-0.407397353406,,,1.59738818235,1.51764900588,-1.04138350131,5.66453045989,-0.212286864802,-2.8833461336,,,-1.94217550431,-4.78438098709
BLOO08,"TMEM206",ENSG00000065600,19.115397,-0.440394838104,0.673078979805,,-0.426563720094,-7.278959769243668,-5.30525334248,,,,-0.62127121272,-1.73758335345,,,-1.69831596317,-3.97823373583,,-6.45178415963,,-1.12322875833,-4.53914249747,,-7.65591923055,,-6.28310664824,,0.249573829025,-0.48074182868,,,0.923523960559,2.04041891306,-7.43324753047,-0.519118613182,,,,-0.95351725338,,,2.37613172999,2.20284967624,-4.13671232124,6.38202286611,0.198226050252,-4.30449904536,,,-2.48774557124,-6.30392655589
BLOO14,"TMEM206",ENSG00000065600,18.216611,-0.207147784639,0.589922002723,,-0.218116534564,-7.655158074655304,-5.57474246929,,,,-0.295721966578,-1.40229809552,,,-1.92615751966,-3.88316701962,,-6.63135379727,,-1.12935706156,-5.12990965751,,-7.88101247265,,-6.22897182219,,0.503727058492,-0.250112950802,,,1.88948071776,1.75176249887,-7.55676643775,-0.502406620273,,,,-0.487707200849,,,2.67522266088,2.33654779904,-4.44666339891,6.14991356598,0.09199958541,-4.56424959525,,,-2.56315727248,-6.41564214072
BLOO15,"TMEM206",ENSG00000065600,20.804183,0.511614014577,0.993551696228,,0.498862045782,-7.800669588985435,-6.16638913412,,,,0.408592198242,-0.706141890716,,,-2.21839195217,-4.16803415312,,-6.87456138158,,-0.762047891649,-5.85578208046,,-8.33740222744,,-6.50648100622,,0.86701549195,0.472738146782,,,2.70800788269,1.45993527517,-8.11257459591,-0.155659197251,,,,0.229814299285,,,3.595287489,3.06289921452,-4.5681956035,6.9146274132,0.425407753186,-4.58901437563,,,-2.43017826713,-6.50840159223
BLOO19,"TMEM206",ENSG00000065600,11.588599,-0.758397517028,0.138111496673,,-0.676355022867,4.705877904465594,4.85435017969,,,,-0.908437541519,0.456225489002,,,1.35619404908,3.71290541144,,4.51331773642,,0.226714201426,4.13306523754,,5.66367201449,,4.96170558184,,-1.22089030055,-0.756916344166,,,-3.96466179399,1.09076755453,5.77182365785,0.298027570719,,,,-1.18064263175,,,-3.49455770643,-2.38095192185,1.61489690995,-6.16842900758,-0.100231647731,2.90362401213,,,2.00941238959,4.61082182031
BLOO28,"TMEM206",ENSG00000065600,10.046149,-0.458219713658,-0.88036382788,,-0.534108267841,-5.262898454350365,-4.12095453565,,,,-0.359286797357,-1.60077439328,,,-0.995848477057,-3.99986057722,,-4.43414134066,,-1.09644025836,-3.46273417387,,-5.54697954941,,-4.97151635603,,0.49990271254,-0.459326118231,,,2.62775388553,-0.919915192758,-5.55685323596,-1.00849811949,,,,-0.0494752500523,,,2.30787848448,1.52642122704,-1.38990174692,5.72616463422,-0.706814024422,-3.20375713192,,,-2.58159586401,-5.26118887605
EDUC03,"TMEM206",ENSG00000065600,8.551216,-0.587889387121,-0.629753120152,,-0.521749592887,3.8719785160897566,6.15174177793,,,,-1.43426748044,1.67822671555,,,2.31884705876,2.43351002017,,4.2540202537,,-1.18193546098,1.27862105692,,4.83584978605,,4.57978759977,,-1.35463363368,-0.528719544411,,,-3.35120335301,-0.120575363968,5.00872101821,-0.00523213416983,,,,-0.882194104072,,,-4.09685698822,-2.69225503104,0.611522820592,-4.73871597519,3.38997761167,2.38617756664,,,2.10128316264,3.64929783177
WAIS03F,"TMEM206",ENSG00000065600,5.152107,1.94673147543,1.04915264412,,2.08316904346,4.638529942204634,4.0785307266,,,,1.97472606324,3.01874361156,,,2.99386730071,2.89206646344,,3.62482347427,,1.58672355647,2.97179222016,,4.8668965936,,4.13241517088,,0.840124683186,2.08757925034,,,0.178020958522,-0.83317810297,4.35968963597,2.54081754137,,,,1.63290630539,,,1.46455857375,-0.0218920028717,3.05934790022,-3.78149855285,2.26627319844,4.44289100885,,,3.21804423694,4.83528663117
WAIS04F,"TMEM206",ENSG00000065600,5.469928,1.91849947898,0.976733144648,,2.05295837958,4.500885423953794,3.90518324728,,,,1.94608810011,2.96853967783,,,2.85455005932,2.86613135803,,3.57225550476,,1.5637125,2.92869467667,,4.79631592757,,4.02232399111,,0.82794093857,2.05730462074,,,0.176445771026,-0.821095168591,4.20758700255,2.50396999158,,,,1.60922547638,,,1.45761913782,-0.0215745453681,3.02108783897,-3.68324481556,2.23340717575,4.37142990293,,,3.14836892604,4.76516429734
WAIS04,"TMEM206",ENSG00000065600,5.959398,1.18815671352,0.690913764141,,1.29079235183,3.738459207212542,3.95043045836,,,,1.06066540196,2.87838748155,,,2.5822076575,2.59297267153,,2.97861211653,,1.13815281625,2.46562531701,,4.4913821302,,3.59547373449,,-0.160086396726,1.22823214531,,,-0.404538403937,-0.686902165413,4.23192716674,2.10427832091,,,,0.435945792045,,,0.746898592777,-0.576310882567,2.56930530763,-4.47408526279,1.95459169936,3.96824856905,,,3.02274858155,3.86299794572
WHIP05F,"TMEM206",ENSG00000065600,5.684639,2.0646978575,1.30737648939,,2.22055825472,5.011955591190112,4.63327310529,,,,2.74749475482,2.68275713199,,,3.57576140478,3.67740635532,,4.06339440602,,1.73981480302,3.45903346743,,5.34931182701,,4.87045731508,,0.580018975326,2.32922911644,,,-0.0663185481144,-1.20358145237,4.90602772396,2.43670751602,,,,2.24877535568,,,0.120798911392,0.027903624516,3.24409608302,-3.76559966329,2.11759348654,4.73899382331,,,2.91484806247,5.26262869224
WHIP06F,"TMEM206",ENSG00000065600,6.590676,2.03668669149,1.22275065308,,2.19043256344,4.894674833512565,4.49208267944,,,,2.71022031909,2.65057850746,,,3.48895959407,3.65949819169,,4.00826765762,,1.71621123407,3.41210588335,,5.27673933984,,4.76461916781,,0.572149963374,2.29762911797,,,-0.0650379574774,-1.18725287914,4.77755393604,2.40364941125,,,,2.21826687109,,,0.143997445301,0.0275250082764,3.20787245275,-3.68204501357,2.08886478906,4.70282608423,,,2.87251704798,5.19123218573
