code,target,ENSEMBL,association,Adipose_Subcutaneous,Adipose_Visceral_Omentum,Breast_Mammary_Tissue,Muscle_Skeletal,DGN_Whole_Blood,Whole_Blood,Artery_Aorta,Artery_Coronary,Artery_Tibial,Heart_Atrial_Appendage,Heart_Left_Ventricle,Spleen,Brain_Amygdala,Brain_Anterior_cingulate_cortex_BA24,Brain_Caudate_basal_ganglia,Brain_Nucleus_accumbens_basal_ganglia,Brain_Putamen_basal_ganglia,Brain_Cerebellar_Hemisphere,Brain_Cerebellum,Brain_Cortex,Brain_Frontal_Cortex_BA9,Brain_Hippocampus,Brain_Hypothalamus,Brain_Spinal_cord_cervical_c-1,Brain_Substantia_nigra,Nerve_Tibial,Cells_Transformed_fibroblasts,Cells_EBV-transformed_lymphocytes,Colon_Sigmoid,Colon_Transverse,Esophagus_Gastroesophageal_Junction,Esophagus_Mucosa,Esophagus_Muscularis,Liver,Minor_Salivary_Gland,Small_Intestine_Terminal_Ileum,Stomach,Adrenal_Gland,Pituitary,Pancreas,Thyroid,Lung,Ovary,Prostate,Testis,Uterus,Vagina,Skin_Not_Sun_Exposed_Suprapubic,Skin_Sun_Exposed_Lower_leg
BODY04,"RRN3",ENSG00000085721,5.856423,0.377414019386,-2.87323521662,1.14095902444,-3.02572617486,2.878041727765927,0.612832804839,2.29158281807,,2.74034643359,-2.09893281918,-3.05669509317,,,,-0.995640951495,,,4.47397869412,4.09443261908,,,,4.47415727215,,,,4.10980701508,3.90394226747,-1.93843559899,-2.89497349502,,4.4085360674,0.309245084556,-2.63707392275,,,,-0.00211046467522,,-0.902380634337,-2.26765777877,,,1.45947543162,3.87636476721,,0.527009120144,3.95198494022,3.99817642265
EDUC01,"RRN3",ENSG00000085721,6.478391,-1.23387629974,-0.555214698203,-0.794722908245,0.349981312652,-1.7175010931747414,-4.4296870057,-4.51763838305,,-3.14676088649,1.14928159603,2.22196627441,,,,-0.515135858932,,,-3.55395313202,-4.15496457609,,,,-3.55400110088,,,,-3.62819842654,-3.30115816453,2.58429891084,1.05189975941,,-3.82561605227,-1.63299028015,3.48879444466,,,,-1.51909208464,,2.27630149827,1.06242572933,,,-0.938609626969,-3.15018977482,,-0.103611266197,-3.87850134968,-3.7486745847
EDUC02,"RRN3",ENSG00000085721,5.960546,-1.57561740042,-1.39729508892,-0.406129781337,0.0719237989799,-0.6666360429514326,-4.23363181413,-3.45490687452,,-1.64259544832,1.64491488658,1.85984483392,,,,0.186969756554,,,-2.43581809121,-3.1797284107,,,,-2.4358361441,,,,-2.54821844805,-2.40465221774,2.78552110985,1.48586930305,,-3.05770035926,-0.772203389258,2.42217089815,,,,-0.470391073771,,1.75700381721,1.88653281465,,,-1.51016920895,-2.64646160814,,0.137303536988,-2.63017047331,-2.6089928061
EDUC03,"RRN3",ENSG00000085721,9.309352,-0.595831812547,1.13133777933,0.515552396889,1.35674709139,-3.0150249781610343,-4.7598368743,-5.67557138685,,-4.42432324942,2.02945149734,3.29953470198,,,,1.0586231152,,,-3.84323653077,-5.24104603154,,,,-3.84325967002,,,,-4.28172356828,-3.17425467157,4.27952382867,2.06807044146,,-4.52446801544,-0.110749276993,4.40431603426,,,,-0.0784856005524,,2.98603112702,-1.34280263096,,,-3.43424120109,-3.90611933917,,-0.259707913404,-4.6402767925,-4.70351202721
FATM02B,"RRN3",ENSG00000085721,6.685438,-0.71768661034,-2.65295720676,-1.71215074882,-2.81106722524,4.163319706141174,0.628526136471,1.64956716284,,0.771629196602,-3.36378511398,-3.94778206008,,,,-2.19169385213,,,3.77276862943,2.7618252417,,,,3.77278078422,,,,3.90916668035,3.23366858454,-3.24781649522,-2.80406819391,,2.84284500794,-0.411925825651,-3.1816338398,,,,-0.641780075613,,-2.36508851504,-1.95986372444,,,-2.26129963645,2.90452257719,,-1.40581203745,2.88847542814,3.63499269138
FATM02,"RRN3",ENSG00000085721,6.609949,-0.891241752391,-2.69139731662,-1.66460551776,-2.80852943872,4.3331633661499716,0.688611060863,1.62277473501,,0.704236574534,-3.34181764754,-3.91004946741,,,,-2.17965606153,,,3.79383651579,2.78579046386,,,,3.79385300981,,,,3.91760839113,3.26916625439,-3.35687183955,-2.69886566697,,2.88605171842,-0.371899814411,-3.24207481183,,,,-0.617622910717,,-2.42677422855,-2.18503462997,,,-2.09264479106,2.94589662215,,-1.32151684657,2.8498922334,3.72143979678
FATM03B,"RRN3",ENSG00000085721,6.825446,-0.772561090627,-2.75054950731,-1.76840848893,-2.92268925675,4.218609936860986,0.616886044613,1.700261172,,0.82109171298,-3.38377535041,-4.03621112021,,,,-2.27104493784,,,3.80195726827,2.77440753798,,,,3.80196597385,,,,3.9478392426,3.24824175797,-3.32433175326,-2.92968561304,,2.85545246263,-0.493114300902,-3.24555035877,,,,-0.748670377597,,-2.41646557017,-1.92226413828,,,-2.26544137363,2.88975311251,,-1.23268766453,2.96949128995,3.63186445384
FATM03,"RRN3",ENSG00000085721,6.203155,-0.949527226846,-2.80152858712,-1.71953259379,-2.92521722112,4.386525718224395,0.672906429923,1.67704266129,,0.754181529784,-3.34854532942,-3.99123026793,,,,-2.26440852195,,,3.80653945796,2.77679434964,,,,3.80655182852,,,,3.94228330526,3.26409172152,-3.435520754,-2.8388836458,,2.88558154121,-0.462712998321,-3.28938423915,,,,-0.747077699769,,-2.46875957037,-2.14048442598,,,-2.08548265207,2.90428697282,,-1.09441213203,2.93960767517,3.70085082534
FATM04B,"RRN3",ENSG00000085721,6.840493,-0.340585451012,-2.07699151761,-2.1180874535,-3.21622475627,4.242684592933341,0.882620184233,2.13495060414,,1.07900380914,-3.56758934977,-4.97120392421,,,,-1.98707872565,,,4.55895898474,3.80045417938,,,,4.55898186222,,,,4.64381958818,4.0160059499,-3.14147075761,-3.2909813923,,3.34997919252,-0.214008072212,-4.35469873681,,,,-0.387942537233,,-2.61032334257,-2.02097934235,,,-0.667164277398,3.49244410017,,-1.23833122235,3.30494783512,3.97939298818
FATM04,"RRN3",ENSG00000085721,6.992978,-0.54861426979,-2.15835545361,-2.18383509626,-3.25346841318,4.314781553610834,0.9837676186,2.2340786436,,1.00350140521,-3.68534248854,-5.0386715902,,,,-2.12592161304,,,4.60912708611,3.81790126625,,,,4.60915481064,,,,4.69854230424,4.12661813437,-3.36666079846,-3.40602603768,,3.40980223207,-0.260843487397,-4.4176843284,,,,-0.458955253351,,-2.72553426487,-2.33393415305,,,-0.537172550369,3.51948633107,,-1.08880022795,3.37899117115,4.07686157475
FATT04,"RRN3",ENSG00000085721,5.862931,1.66747433343,-2.42750030131,-0.0902184023125,-1.7911833872,0.8562001902460593,-0.108011623886,1.00435060559,,1.12052669868,-0.662473406502,-1.52904770006,,,,-0.53786134629,,,0.68479428684,0.892069069173,,,,0.684647626232,,,,0.665847055172,0.670006222408,-0.77255177299,-1.23415880749,,0.952065613411,1.08020790985,-1.88523311923,,,,0.964439166206,,0.452609500495,-0.245512608456,,,-0.540217475297,0.211217494888,,-0.311965153526,0.53222732133,0.689267056074
FATT06,"RRN3",ENSG00000085721,10.413581,1.07794488499,0.0601732101531,-0.280953324089,0.254620726373,0.09470015894864295,-1.30949847732,-3.95867040687,,-2.87990885603,-0.222686950743,0.845287501859,,,,-0.782962385195,,,-0.204701455158,-2.42232751691,,,,-0.204703599828,,,,-0.275668318305,-0.876295267602,0.311040512523,0.535059734534,,-1.56375194332,0.932805608896,-0.0369625075595,,,,0.87827615356,,1.33361520232,0.267475599976,,,-0.809455432446,-1.10662162404,,1.07026753726,-1.8992365041,-0.20649794482
FATT07,"RRN3",ENSG00000085721,8.565639,0.591918848705,-0.0638624297066,-0.0701141602179,0.428440236795,0.18248801834683273,-1.18576719324,-3.99576222623,,-3.10344258939,-0.1506716904,1.00070378097,,,,-0.734837142336,,,-0.624492247387,-2.99277345988,,,,-0.624493199352,,,,-0.623758017066,-1.16305765997,0.385488901153,0.496361967144,,-2.03442155248,0.840301637174,-0.0701412895226,,,,0.618499412269,,1.4250634192,0.272587746035,,,-1.17642932655,-1.08417887783,,1.09036804204,-2.14090931713,-0.552108384187
FATT21,"RRN3",ENSG00000085721,5.963770,-0.216486123178,0.467943236858,-0.0920639004423,-0.346209316718,-0.556178146220843,0.798289694023,3.20821487776,,2.28607703729,0.394009813205,-0.863458982473,,,,0.839192323575,,,0.252544008293,2.50353461035,,,,0.252544454121,,,,0.138440303548,0.88473509403,-0.0884017341617,-0.111206413956,,1.51201945726,-0.779318714968,0.330899063939,,,,-0.795920183509,,-1.58804457657,-0.0699638158217,,,0.486619179653,0.55035712466,,-1.80376583676,1.60279510813,-0.042937054088
HIPC01M,"RRN3",ENSG00000085721,6.183301,-0.508351723793,-1.79221351316,0.538000078432,-3.10309031842,1.5185798698097113,0.623289948778,1.32177220989,,1.14503059699,-2.67188010448,-3.24833061564,,,,0.36191833469,,,3.19815581964,3.12168863179,,,,3.19817723335,,,,3.16114597309,3.227283147,-1.69057210484,-2.85883654669,,2.26086450121,0.41831224033,-2.27651102284,,,,0.386900247927,,-1.89877289312,-2.4835928233,,,-1.50829472516,3.11033846057,,0.047435180897,2.79581946714,2.52030105905
LEAN04B,"RRN3",ENSG00000085721,9.911687,0.578954756409,-2.27661522716,-0.445564295493,-1.96347943536,4.825082888960408,1.02932810425,1.42620368887,,1.13393193279,-3.01821868862,-3.28095875816,,,,-1.47930330807,,,4.41105283515,3.2927368282,,,,4.41106237228,,,,4.49933383279,4.09468717351,-1.95715085416,-1.58754591113,,3.19108282357,0.68439441077,-2.92543513548,,,,1.1829571075,,-1.13328847691,-0.23201700176,,,-2.25628647182,3.23861755028,,-1.23489209573,3.1381615902,3.54702865956
LEAN04M,"RRN3",ENSG00000085721,5.743258,0.0308095334156,-2.64245923404,-1.39129059369,-2.94152641066,3.9035712131661278,1.22277590019,2.7441730248,,2.26724815586,-3.1087199675,-4.288405606,,,,-2.06974437665,,,4.46609811163,3.81190148303,,,,4.46609981082,,,,4.63741182217,3.90053108668,-2.74869166124,-3.064078074,,3.67413817745,-0.438635337946,-3.35581681767,,,,0.142695991641,,-1.88190936514,0.391390746907,,,-0.298677479817,3.47575644819,,-0.856875945519,3.84885135369,4.05952917433
LEAN04,"RRN3",ENSG00000085721,8.964130,0.264631249262,-2.80685081951,-1.12911183885,-2.74963105723,4.859144072212602,1.1954579087,2.25216141196,,1.82620446984,-3.4561039578,-4.21904453788,,,,-2.04218824964,,,4.89321956049,3.92538007567,,,,4.89322667094,,,,5.05264614108,4.41740570711,-2.66157335657,-2.58874052629,,3.76624568997,0.0797111779471,-3.44982275091,,,,0.696502012093,,-1.74749423858,-0.000504433875605,,,-1.47161258358,3.67598213201,,-1.17863305613,3.82072203027,4.19076100977
LEAN05B,"RRN3",ENSG00000085721,7.674628,0.619086034632,-2.29196909097,-0.426721926369,-1.91527280102,4.876703800298982,1.07043827508,1.42493837247,,1.12970162695,-2.9491815401,-3.20161912335,,,,-1.47048778375,,,4.30820386812,3.16486081397,,,,4.30821490915,,,,4.40495961996,4.01414925621,-1.88792935439,-1.56744333401,,3.09191539735,0.672948256827,-2.8486963469,,,,1.08719027325,,-1.06993146078,-0.0350412980445,,,-2.19932289615,3.11381846999,,-1.08433633079,3.13210014138,3.39865482086
LEAN05,"RRN3",ENSG00000085721,8.672151,0.290781253077,-2.78842889661,-1.1181377945,-2.72379962385,4.8792591295526835,1.23988717867,2.25317141983,,1.82288996889,-3.4131159602,-4.17812210473,,,,-2.020163189,,,4.8420861321,3.85725599981,,,,4.84209423119,,,,5.00262617879,4.39027002626,-2.60789238653,-2.57090252949,,3.7102469079,0.0856200681979,-3.4172551655,,,,0.65497857443,,-1.71040778301,0.124146191776,,,-1.45402859576,3.62543723928,,-1.08654587581,3.81363325504,4.10472567582
LEAN06B,"RRN3",ENSG00000085721,12.799067,0.295650527886,-2.00922136842,-1.68105940277,-3.07098506684,4.4138106548004,1.48831097551,1.8858422019,,0.924807450345,-4.06209753482,-5.07105328817,,,,-1.78399735938,,,5.26863982862,4.23084181571,,,,5.26868450405,,,,5.19257237464,5.27461522269,-2.3006655311,-2.86058781649,,3.55232019765,0.160801476969,-3.46604945493,,,,0.621455727146,,-2.35292466389,-1.6657903972,,,-1.4034389925,4.12560748458,,-0.994675453368,3.60995870195,3.86147299353
LEAN06F,"RRN3",ENSG00000085721,5.878014,0.0333892906112,-1.04975261497,-1.0156192169,-1.91109995845,3.2105873295308753,1.07176442759,0.906647929503,,0.00940456672506,-3.26423816042,-3.51346548848,,,,-1.16232757652,,,3.49899025311,2.59941990193,,,,3.4990393308,,,,3.43100547032,3.98244986676,-1.59380847238,-1.90648933235,,2.16849077591,0.256828836176,-2.12820690881,,,,0.612260714859,,-1.9583965001,-2.10768653007,,,-1.89218563534,2.86895584006,,-0.981952154668,2.19473348494,2.28510363643
LEAN06M,"RRN3",ENSG00000085721,8.585612,0.522535247544,-2.26911316739,-1.68575262867,-2.98861849338,3.5693474025036083,1.22222158893,2.25063147648,,1.78645993398,-2.8001036443,-4.37580168748,,,,-1.65445961102,,,4.7828862894,4.1722018797,,,,4.78289640544,,,,4.7409711118,4.03562712988,-1.98643071842,-2.58828307373,,3.52318195508,-0.0891078275062,-3.42102129361,,,,0.251693350741,,-1.5170243757,0.0501581148291,,,0.235099458005,3.54268301548,,-0.399859623993,3.5936516825,3.94326913325
LEAN06,"RRN3",ENSG00000085721,11.441147,0.415998094657,-2.34137251525,-1.8863982216,-3.35079229843,4.381982522025358,1.45353755787,2.17219109781,,1.32921665129,-3.87226717769,-5.25743395005,,,,-1.92328730877,,,5.51071014415,4.55982011299,,,,5.51074336117,,,,5.44799279039,5.19802928078,-2.35357489288,-3.04666522686,,3.79936523215,0.0245836133214,-3.7271129063,,,,0.456555703314,,-2.19920692242,-1.13748000241,,,-0.844485553723,4.18454150974,,-0.770827211903,3.90048840416,4.20906367674
SCHI02,"RRN3",ENSG00000085721,5.615432,-0.960734522432,0.436589273463,-0.878786131108,1.26672245433,-2.6484908591233856,-2.54777938458,-2.73889571741,,-3.17758767725,2.13900265303,2.50593288788,,,,0.0940019491942,,,-4.10981665634,-3.87372425717,,,,-4.10975313966,,,,-3.88776622799,-3.74642315552,1.61285350371,1.48804741672,,-4.31659503189,-1.21444870127,3.45188329153,,,,-1.36305395941,,0.652961447278,0.885472269091,,,-2.35087799437,-3.92510053309,,-0.722317981853,-3.00379035847,-4.44512688272
WAIS01,"RRN3",ENSG00000085721,5.824140,0.383558760466,-1.75229333062,1.24748819191,-2.3002738891,3.5032583402424016,0.286253153081,1.11487509555,,2.10806112859,-1.75168602541,-2.9246117286,,,,0.249443799056,,,4.49994607637,4.76810591127,,,,4.50013339556,,,,3.99191684865,4.34157051137,-0.77048515145,-2.17929534131,,3.66031759547,1.62992492881,-2.45806411462,,,,1.56481485674,,-0.530909546069,-2.46792434097,,,-0.409293703617,3.88778917492,,-0.253988677724,3.74206547882,3.12201407723
