code,target,ENSEMBL,association,Adipose_Subcutaneous,Adipose_Visceral_Omentum,Breast_Mammary_Tissue,Muscle_Skeletal,DGN_Whole_Blood,Whole_Blood,Artery_Aorta,Artery_Coronary,Artery_Tibial,Heart_Atrial_Appendage,Heart_Left_Ventricle,Spleen,Brain_Amygdala,Brain_Anterior_cingulate_cortex_BA24,Brain_Caudate_basal_ganglia,Brain_Nucleus_accumbens_basal_ganglia,Brain_Putamen_basal_ganglia,Brain_Cerebellar_Hemisphere,Brain_Cerebellum,Brain_Cortex,Brain_Frontal_Cortex_BA9,Brain_Hippocampus,Brain_Hypothalamus,Brain_Spinal_cord_cervical_c-1,Brain_Substantia_nigra,Nerve_Tibial,Cells_Transformed_fibroblasts,Cells_EBV-transformed_lymphocytes,Colon_Sigmoid,Colon_Transverse,Esophagus_Gastroesophageal_Junction,Esophagus_Mucosa,Esophagus_Muscularis,Liver,Minor_Salivary_Gland,Small_Intestine_Terminal_Ileum,Stomach,Adrenal_Gland,Pituitary,Pancreas,Thyroid,Lung,Ovary,Prostate,Testis,Uterus,Vagina,Skin_Not_Sun_Exposed_Suprapubic,Skin_Sun_Exposed_Lower_leg
BFPC02B,"PDE4C",ENSG00000105650,17.422773,-1.37507406116,,,-4.46517725392,,,,,-0.520878382771,,,,,-2.23912551467,-4.54622261594,-5.27269623575,,,,-5.34444364093,,,,,,-3.6711464777,-4.95621312823,,-6.52311156332,2.4283280546,,3.27434337953,,,,0.914316059083,3.31200085426,,-7.1609584218,,,-2.51036435061,,,-4.88810432678,,,,-2.43467343962
BFPC02M,"PDE4C",ENSG00000105650,13.251014,-1.4613353524,,,-3.98850406109,,,,,-0.81549311752,,,,,-2.04216243914,-3.98006887563,-4.58717592999,,,,-5.02284668281,,,,,,-3.61115722825,-4.74928786077,,-6.03117789965,2.19715355814,,3.4646921553,,,,1.01298943075,3.94667369009,,-6.99749125043,,,-2.45423749705,,,-4.74828722923,,,,-2.57165718641
BFPC02,"PDE4C",ENSG00000105650,14.677574,-1.17202084072,,,-4.11711930081,,,,,-0.254916778636,,,,,-1.97197978479,-4.21304476981,-4.95660536228,,,,-4.96845168704,,,,,,-3.24403480038,-4.69268363333,,-6.11746824653,2.34812252411,,2.97111010797,,,,0.88251214343,2.8553039089,,-6.64537164552,,,-2.44121580018,,,-4.62634158157,,,,-2.12232905539
BFPC03B,"PDE4C",ENSG00000105650,16.251277,-1.32770767146,,,-4.45594332302,,,,,-0.49564344252,,,,,-2.16756919544,-4.52082256853,-5.24593090474,,,,-5.42720964766,,,,,,-3.70291365938,-4.99962966417,,-6.5901312533,2.48725893772,,3.39938797004,,,,0.992589690808,3.45490757471,,-7.20034828488,,,-2.59341757086,,,-4.95504445203,,,,-2.38557961546
BFPC03M,"PDE4C",ENSG00000105650,13.813354,-1.47225494023,,,-4.0150638785,,,,,-0.893148752745,,,,,-2.0464296402,-3.9491460906,-4.59296859974,,,,-5.04399097953,,,,,,-3.67722193134,-4.72571522123,,-6.08454109982,2.18543104259,,3.43720104517,,,,1.03585141553,3.93666105038,,-6.98716947931,,,-2.45975931113,,,-4.7407601135,,,,-2.58806597555
BFPC03,"PDE4C",ENSG00000105650,15.458933,-1.11561579776,,,-4.10527968586,,,,,-0.216312984603,,,,,-1.89644626705,-4.20177707511,-4.92643039934,,,,-5.06625566398,,,,,,-3.2664478883,-4.74207403442,,-6.17783968212,2.40266641989,,3.11507594912,,,,0.957716853039,3.01413293257,,-6.68677026668,,,-2.52707112164,,,-4.69409140075,,,,-2.06103761051
BFPC04B,"PDE4C",ENSG00000105650,23.282354,-2.88968143163,,,-5.96722736197,,,,,-0.953285142035,,,,,-3.06325689749,-4.94298542426,-6.40615041506,,,,-7.76205881498,,,,,,-5.36030227119,-6.50072507509,,-8.46403304121,2.42704773258,,3.71068838605,,,,1.06920283458,3.63626889519,,-9.26211156511,,,-3.67864748021,,,-6.55703853208,,,,-4.38837613381
BFPC04F,"PDE4C",ENSG00000105650,9.716880,-2.21393994993,,,-4.7893414473,,,,,-1.57063747346,,,,,-2.72898980422,-3.7206929052,-4.77563475333,,,,-5.23822352605,,,,,,-3.12691113004,-3.58962761606,,-5.71457361969,1.19402997222,,1.39070371648,,,,0.148027488569,0.797508243827,,-5.33071964829,,,-2.17375706121,,,-3.40947044821,,,,-2.56604111668
BFPC04M,"PDE4C",ENSG00000105650,15.963012,-2.1238394089,,,-4.1982522561,,,,,0.0170359152439,,,,,-1.92468269618,-3.68790857785,-4.81915000197,,,,-6.30632245293,,,,,,-4.77720956463,-5.96296108355,,-6.87756590184,2.35127425606,,3.96639005521,,,,1.3577875715,4.36916188839,,-8.31165871151,,,-3.25211337607,,,-6.19562109657,,,,-3.90283081572
BFPC04,"PDE4C",ENSG00000105650,19.962534,-2.82420872296,,,-6.00172399646,,,,,-1.13330104413,,,,,-3.11327921885,-4.91991366398,-6.38627512928,,,,-7.64936616391,,,,,,-5.11569679514,-6.27062844894,,-8.32096005579,2.29351557747,,3.40827302534,,,,0.999600633665,3.22253056675,,-8.92563115525,,,-3.58883216931,,,-6.26244872019,,,,-4.21722682055
BLOO05,"PDE4C",ENSG00000105650,16.653256,2.01718470384,,,-0.355920901587,,,,,-1.24122778304,,,,,0.051672451261,0.922466729625,0.320420072593,,,,0.28213560574,,,,,,-1.24332695189,-0.530692172008,,0.767614540122,-1.27898499812,,-1.45141574161,,,,-2.46563370296,-1.57155439261,,-0.0276938466222,,,1.33171825158,,,0.171470529927,,,,2.71272742831
BLOO11,"PDE4C",ENSG00000105650,4.720904,-3.17279629286,,,-4.09474087326,,,,,-2.88594554606,,,,,-3.42334321787,-2.65898649897,-3.9803550857,,,,-4.19132303875,,,,,,-4.78875332026,-1.05966939834,,-3.11820181998,-0.979580342,,-0.589286868445,,,,-0.850431491499,-0.363511849057,,-2.69157504415,,,1.13644402912,,,-0.639744481586,,,,-1.81532664223
BLOO16,"PDE4C",ENSG00000105650,5.967663,0.602233086851,,,1.66516565695,,,,,-0.456743241453,,,,,0.685466301434,1.27383552948,1.71865487579,,,,2.49486723163,,,,,,1.57951874597,4.37685551538,,2.92278114534,0.862128884442,,-1.09030216768,,,,0.343188411077,-1.2668893221,,4.20558746527,,,3.13065959227,,,3.86867587859,,,,2.51666279837
BLOO19,"PDE4C",ENSG00000105650,12.246019,-0.51868533932,,,0.307074064483,,,,,0.818695263919,,,,,-0.435694555081,-0.855624935383,-0.28771429851,,,,0.41176648286,,,,,,-0.0365182291755,1.68835574059,,0.075530061686,-1.54947273179,,-0.755973381224,,,,0.644614400513,-0.308967959536,,1.58538008836,,,0.363625202483,,,1.36638353752,,,,-2.11942506602
BLOO25,"PDE4C",ENSG00000105650,7.305184,-3.971969186,,,-4.7143535889,,,,,-3.8865197611,,,,,-3.8782161651,-1.67161595492,-4.17254107027,,,,-3.78991590243,,,,,,-4.49707573152,0.667528834921,,-2.61501933298,0.565810588858,,-0.301277469216,,,,-1.67997964201,0.505998865382,,-2.63656763183,,,-0.421846298561,,,-0.410200958722,,,,-2.59125753703
BLOO28,"PDE4C",ENSG00000105650,16.258195,2.01808595396,,,0.915509214308,,,,,-0.0702047489036,,,,,1.3812830347,1.86153218532,1.59810156066,,,,1.14918990171,,,,,,1.02750744477,-1.10888226477,,1.18021849102,0.927819447307,,0.067496606665,,,,-1.09772824023,-0.38142819492,,-0.227960053935,,,-0.116135491952,,,-0.717395516678,,,,3.19460182332
BLOO33,"PDE4C",ENSG00000105650,3.992210,1.44994359531,,,2.10120844267,,,,,0.735490275585,,,,,0.0699738764255,1.65568642731,1.80792203034,,,,3.18631797566,,,,,,0.0637515463248,3.0929646216,,4.57501854116,-2.25641806214,,-4.14820459861,,,,-2.63264509713,-4.29386321214,,5.24082031814,,,2.61247870817,,,3.96106179483,,,,1.32585282325
BLOO35,"PDE4C",ENSG00000105650,5.133665,2.5233608482,,,3.62535330025,,,,,3.0784868925,,,,,2.01198447052,1.08831458691,3.03270822728,,,,4.74729582363,,,,,,2.93700392832,2.68748415691,,3.82796263211,-0.698130001732,,-1.87337860422,,,,0.809158135518,-2.12114995934,,5.24865252734,,,1.82047149088,,,3.5416979646,,,,1.02857841066
BODY08B,"PDE4C",ENSG00000105650,8.194615,-0.678848111756,,,-2.54214972679,,,,,1.16139244434,,,,,-0.23410281589,-2.34725957999,-2.95869655979,,,,-4.95847023922,,,,,,-1.9250299105,-5.55413798087,,-5.33713202339,2.91609797671,,3.82049875952,,,,1.43234554741,2.99659749227,,-6.86321349931,,,-3.90041407428,,,-5.71434613345,,,,-1.43313544806
BODY08F,"PDE4C",ENSG00000105650,3.922996,-0.022874046544,,,-1.97542388582,,,,,0.927282035711,,,,,-0.0504533752906,-1.57182717629,-2.36570988522,,,,-3.85924064755,,,,,,-1.08391834208,-4.13874382767,,-4.25816261741,2.00415275297,,2.22949001052,,,,1.03153358929,1.35952948386,,-4.77393474626,,,-3.51197603622,,,-4.17453532929,,,,-0.667406344413
BODY08M,"PDE4C",ENSG00000105650,4.257794,-0.911699859402,,,-1.8060488425,,,,,0.804335933944,,,,,-0.278368945115,-1.88213148396,-2.04524306386,,,,-3.51815317936,,,,,,-1.72035871152,-4.09634925125,,-3.70149938996,2.29463725725,,3.34522580123,,,,1.08658551867,2.9559838947,,-5.35332535691,,,-2.35918456325,,,-4.28639597079,,,,-1.39904302238
BODY08,"PDE4C",ENSG00000105650,8.674156,-0.473987381821,,,-2.54829883271,,,,,1.13935217748,,,,,-0.174978187933,-2.28164072493,-3.0390322737,,,,-5.04958390393,,,,,,-1.86739937226,-5.6261052672,,-5.41957450206,2.83972319459,,3.68566891207,,,,1.46557404807,2.79956154916,,-6.83954938715,,,-4.10356408393,,,-5.77031318859,,,,-1.30729036718
FATM02B,"PDE4C",ENSG00000105650,8.710500,-0.860355157433,,,-3.63746778649,,,,,-0.236241857277,,,,,-1.54942490889,-3.9044627864,-4.05816452156,,,,-4.28133377838,,,,,,-2.48623971529,-4.24827727948,,-5.56205964508,2.2548539889,,2.93812696049,,,,0.524379024012,3.06210445009,,-6.02710257985,,,-2.0484639213,,,-4.12973857215,,,,-1.58351336247
FATM02M,"PDE4C",ENSG00000105650,7.567031,-1.46773405306,,,-3.41062349593,,,,,-0.799703130603,,,,,-1.7717578147,-3.58765119881,-3.60203620993,,,,-4.07697958627,,,,,,-2.63880929048,-3.89257686295,,-5.08826292602,1.76134630026,,2.99381816477,,,,0.759310674516,3.56841238449,,-5.79778490854,,,-1.6769392842,,,-3.76146771956,,,,-2.00014458777
FATM02,"PDE4C",ENSG00000105650,8.420011,-0.556684126206,,,-3.27424491854,,,,,0.0621032834207,,,,,-1.1977556259,-3.54314606133,-3.77470658302,,,,-3.95560760419,,,,,,-2.08991567494,-4.09256057097,,-5.23199019458,2.25840657132,,2.7085765582,,,,0.484842682877,2.66540907206,,-5.61938682413,,,-2.11227254576,,,-4.00281621149,,,,-1.26504213969
FATM03B,"PDE4C",ENSG00000105650,9.142836,-0.826746235943,,,-3.64848365307,,,,,-0.211496559664,,,,,-1.48698888975,-3.89925063233,-4.06911865046,,,,-4.38984010542,,,,,,-2.52195487727,-4.31756082429,,-5.67570965661,2.32821155999,,3.05214539125,,,,0.559994556157,3.21109618555,,-6.11255588959,,,-2.1363438029,,,-4.22512631686,,,,-1.54157560465
FATM03M,"PDE4C",ENSG00000105650,8.039624,-1.46758672225,,,-3.42481979818,,,,,-0.86021540596,,,,,-1.77078260673,-3.54875340524,-3.59951404166,,,,-4.08554979423,,,,,,-2.69286072011,-3.86943504619,,-5.12635125619,1.75561084563,,2.9680451275,,,,0.769536457544,3.55788726341,,-5.77244456667,,,-1.67468734663,,,-3.74540567071,,,,-2.00213992796
FATM03,"PDE4C",ENSG00000105650,8.116838,-0.525166819977,,,-3.29438308293,,,,,0.0940489632276,,,,,-1.1364643446,-3.56210515836,-3.79545958437,,,,-4.09126834801,,,,,,-2.12403628789,-4.17525981229,,-5.35618183178,2.3270395605,,2.84014134811,,,,0.510397069596,2.83381098722,,-5.72645438,,,-2.20855651585,,,-4.11014843944,,,,-1.22143363555
FATM04B,"PDE4C",ENSG00000105650,15.927750,-2.07566893827,,,-4.92632635748,,,,,-0.622870080563,,,,,-2.2254754173,-4.5207053113,-5.41998060496,,,,-6.84825873219,,,,,,-3.86677564251,-6.10376161908,,-7.37080514011,2.51319221545,,3.45960126639,,,,0.812287530279,3.42893107672,,-8.34542033613,,,-3.31710864358,,,-6.0369677839,,,,-3.19039566972
FATM04F,"PDE4C",ENSG00000105650,8.438469,-1.07529646637,,,-3.76251641911,,,,,-0.945478361465,,,,,-1.73202810733,-3.26417853562,-4.09349004636,,,,-4.85464853276,,,,,,-1.9240073705,-4.03485958984,,-5.36930739277,1.33875189029,,1.376165001,,,,0.0650921738664,0.981457926316,,-5.1250011771,,,-2.5047507666,,,-3.66683427514,,,,-1.80260453382
FATM04M,"PDE4C",ENSG00000105650,10.546942,-1.95042630736,,,-3.5953998959,,,,,-0.0551944247331,,,,,-1.59692356949,-3.45861985353,-3.99406091036,,,,-5.31737745625,,,,,,-3.69928010686,-4.98749305404,,-5.60501341969,2.32827189739,,3.60224536767,,,,1.06505758706,3.89532304979,,-7.15315894232,,,-2.44447093911,,,-5.20911982304,,,,-2.86733581643
FATM04,"PDE4C",ENSG00000105650,15.900527,-1.87874078149,,,-4.90654394499,,,,,-0.743063451287,,,,,-2.18071629193,-4.46099959889,-5.4155394743,,,,-6.81683740781,,,,,,-3.61814088177,-6.0475659179,,-7.34025212462,2.40859531164,,3.22972593006,,,,0.787770953535,3.11005743387,,-8.13472108027,,,-3.37643042132,,,-5.90684772361,,,,-3.03055221187
MENA02F,"PDE4C",ENSG00000105650,6.694692,2.01237785455,,,3.06517738692,,,,,-0.812668487223,,,,,2.07515202039,1.40740271647,3.7797668837,,,,4.91711918084,,,,,,2.48854212401,2.95387757649,,3.6879588566,-1.3174144632,,-2.13281104661,,,,-0.190177058677,-1.29464835322,,4.83167041343,,,2.9627209269,,,3.63197328618,,,,3.94491588265
WAIS03,"PDE4C",ENSG00000105650,8.200542,-1.91752853486,,,-4.44423199599,,,,,-3.80469385964,,,,,-3.96652634227,-1.69077853255,-4.23907834438,,,,-3.94110009134,,,,,,-4.35884913423,-0.457134613536,,-3.39374841297,-1.83437248159,,-0.501310377937,,,,0.214080144873,-0.209594313347,,-3.22326055289,,,0.120599776809,,,-0.693649877261,,,,-1.83469683828
WAIS04F,"PDE4C",ENSG00000105650,5.630766,-0.904561483277,,,-4.29274270075,,,,,-3.58171860888,,,,,-3.52541658178,-1.66609368162,-3.92355509299,,,,-3.84141049994,,,,,,-4.38969314344,-0.525332655099,,-3.32055244797,-2.05480128031,,-0.887171297123,,,,0.14698491446,-0.529491739945,,-2.87723444418,,,-0.191709177295,,,-0.621814621368,,,,-2.48782571247
WAIS04,"PDE4C",ENSG00000105650,9.709631,-1.94791458233,,,-4.33679252263,,,,,-3.71271525996,,,,,-3.87063551071,-1.64990394278,-4.15804614628,,,,-3.84582383922,,,,,,-4.25501472554,-0.467039781176,,-3.35688728638,-1.71675362916,,-0.418137924397,,,,0.271884615112,-0.138720881698,,-3.14533805454,,,0.170320028622,,,-0.678152643791,,,,-1.79670600717
WHIP05,"PDE4C",ENSG00000105650,7.560005,-1.94224323286,,,-3.74625010227,,,,,-2.79808688339,,,,,-2.6223370792,-1.14754029133,-3.10637768747,,,,-3.31917964041,,,,,,-2.96797662184,-1.05510534563,,-2.9310753152,-2.51898035774,,-0.339581320413,,,,0.898236151945,-0.126445147223,,-3.17664394692,,,-1.2367361453,,,-1.25231927122,,,,-1.6834728781
WHIP06,"PDE4C",ENSG00000105650,7.553152,-1.98996250458,,,-3.67441686574,,,,,-2.74443446822,,,,,-2.57205453835,-1.12553656556,-3.07399002248,,,,-3.25553528885,,,,,,-2.91124954336,-1.05666760808,,-2.91642809017,-2.52221598888,,-0.424656358238,,,,0.827529020339,-0.184890677241,,-3.11573268941,,,-1.1803230317,,,-1.22552983122,,,,-1.65368558073
