code,target,ENSEMBL,association,Adipose_Subcutaneous,Adipose_Visceral_Omentum,Breast_Mammary_Tissue,Muscle_Skeletal,DGN_Whole_Blood,Whole_Blood,Artery_Aorta,Artery_Coronary,Artery_Tibial,Heart_Atrial_Appendage,Heart_Left_Ventricle,Spleen,Brain_Amygdala,Brain_Anterior_cingulate_cortex_BA24,Brain_Caudate_basal_ganglia,Brain_Nucleus_accumbens_basal_ganglia,Brain_Putamen_basal_ganglia,Brain_Cerebellar_Hemisphere,Brain_Cerebellum,Brain_Cortex,Brain_Frontal_Cortex_BA9,Brain_Hippocampus,Brain_Hypothalamus,Brain_Spinal_cord_cervical_c-1,Brain_Substantia_nigra,Nerve_Tibial,Cells_Transformed_fibroblasts,Cells_EBV-transformed_lymphocytes,Colon_Sigmoid,Colon_Transverse,Esophagus_Gastroesophageal_Junction,Esophagus_Mucosa,Esophagus_Muscularis,Liver,Minor_Salivary_Gland,Small_Intestine_Terminal_Ileum,Stomach,Adrenal_Gland,Pituitary,Pancreas,Thyroid,Lung,Ovary,Prostate,Testis,Uterus,Vagina,Skin_Not_Sun_Exposed_Suprapubic,Skin_Sun_Exposed_Lower_leg
ADIP07F,"NT5DC2",ENSG00000168268,4.183354,-2.69661535954,-3.91989628495,-2.33574749944,-0.648057242073,-4.117893577280453,-2.0334100048,-3.20835437644,,-3.82160030431,3.31138942847,2.49879705051,-2.05199494822,,,,,,,,,,,,,,-2.95442710243,-3.6598497691,-2.66515796312,-2.01814545023,-3.898273356,,,,-3.94797284949,,-1.41562324116,-1.26291180688,,,-4.26726135137,-3.90881652076,-2.35187650551,,,-4.85979681739,-3.67843120074,,-1.260971474,-3.28067817135
BIPO01,"NT5DC2",ENSG00000168268,6.063537,2.8868449164,3.15029627916,2.553134907,-2.60533630566,2.446289246578146,1.75919090636,3.23282031798,,3.18468306072,-3.4264077142,-4.70957182084,2.81305610808,,,,,,,,,,,,,,3.21512909161,3.75428685126,3.20314766598,2.65455688665,3.15499370345,,,,4.59973017106,,0.65326900365,2.20361343924,,,3.44533959725,3.51922461319,3.96115261078,,,3.03012109031,4.55990354728,,2.62318037086,2.25341250823
BLOO02,"NT5DC2",ENSG00000168268,9.333445,1.91515043454,5.47775607697,5.22328574428,-0.57272249378,3.1230515193931536,0.93925389877,4.32375337061,,5.01783244274,-4.56458528748,-5.27040880079,3.02340658605,,,,,,,,,,,,,,3.6691100511,5.03634393795,4.03774246791,3.82123940381,4.32742304529,,,,2.31120337819,,2.79162646819,3.19604494463,,,4.21102764208,4.80256863053,3.95990576385,,,5.34659633418,3.70879914788,,2.87941006521,3.32858740629
BLOO03,"NT5DC2",ENSG00000168268,10.613804,2.22296452434,5.93953353343,5.37752545764,0.00083444815551,3.8078554159108435,0.992912800225,4.31876810499,,5.41578375969,-4.52206523645,-4.83550812728,3.98196460118,,,,,,,,,,,,,,4.33310683769,5.36536832743,4.91744862899,4.44299355748,4.97413345963,,,,2.42475338936,,3.04989489499,2.69956468557,,,4.90363694921,5.08322341374,4.49899318941,,,5.42749524913,3.67191467902,,4.19023078637,4.46625780328
BLOO04,"NT5DC2",ENSG00000168268,18.124285,5.09230017981,7.01326253242,6.84161119921,2.90229841533,6.4079000605478385,3.46694367525,6.76362412464,,7.93756874399,-6.14275218055,-5.66878929616,6.89241874026,,,,,,,,,,,,,,7.7473263388,7.74616014026,7.88217138041,6.55896725418,8.26549385805,,,,6.24653811569,,6.81006467267,4.31571106453,,,7.19724005421,7.92002682947,7.01537769973,,,8.06827784234,5.42452927442,,5.91293425009,6.67713594429
BLOO20,"NT5DC2",ENSG00000168268,11.148069,2.8046469557,5.25769074901,5.54679007392,1.23368199316,4.4161287233484625,1.96627943477,4.49220210897,,5.61854655139,-4.91860975555,-5.10013594303,4.30607811376,,,,,,,,,,,,,,4.46983849552,5.34068146761,4.88714277459,4.52145218144,5.25033281493,,,,2.68586705652,,3.60265586852,3.04877522331,,,5.48197660324,5.651093507,4.27456723363,,,6.0262612831,4.37321454685,,4.58185926985,5.10706586067
BLOO21,"NT5DC2",ENSG00000168268,16.139219,4.89467997127,5.57313659941,5.70087011096,3.66463917867,6.088954757263807,3.5150870251,6.16915997222,,6.78309988104,-4.88341354573,-4.27751638683,5.86111289933,,,,,,,,,,,,,,6.91956738837,6.17458593591,7.17606002353,5.72827726355,7.4148690568,,,,5.50880266834,,6.44461871674,3.50673276669,,,6.4054331438,6.94035659453,5.83108262822,,,6.97177708865,4.70994981814,,5.33570431687,5.68358659865
BLOO22,"NT5DC2",ENSG00000168268,18.980718,5.17477860284,6.3596898977,6.40717266773,3.62795553103,6.533948427823246,3.65101485511,6.82127667501,,7.51491953921,-5.48928999478,-5.06572058092,6.32249055087,,,,,,,,,,,,,,7.44790961853,6.88191137751,7.74136221568,6.31509702689,7.98597776183,,,,5.88330585983,,6.84540594651,3.917220381,,,7.0357779207,7.66247867621,6.30994250265,,,7.74350769187,5.29970748448,,5.79619169587,6.21323900989
BLOO23,"NT5DC2",ENSG00000168268,7.904866,3.57240096217,3.0492665566,3.60581415006,2.79172302028,4.099748008009404,2.49057520465,3.9248322728,,4.28954385578,-2.94615522574,-2.22275830793,4.16485688241,,,,,,,,,,,,,,4.73289889814,3.70792930111,5.05705337353,3.67761192003,4.96646966481,,,,3.87708136548,,4.75978297894,1.75356428453,,,4.31860590469,4.40318152273,3.6220411391,,,4.66772527179,2.85620598222,,3.75432677451,3.66566409813
BLOO36,"NT5DC2",ENSG00000168268,15.635899,4.76301516299,5.78613067003,5.81871767983,3.34689967677,5.982467842505244,3.37752684497,6.2786417323,,6.9317003375,-5.16408378537,-4.54266162092,5.80486701615,,,,,,,,,,,,,,6.99140149511,6.51624058455,7.08493888616,5.78333324545,7.36942971474,,,,5.48811865449,,6.14781908687,3.92726992751,,,6.33823756167,6.94648862182,5.84730665484,,,6.91948554248,4.62964463458,,5.30255033388,5.77345000841
BODY08B,"NT5DC2",ENSG00000168268,5.263739,-0.620590516766,-3.14350741535,-3.58456463854,2.3204679319,-0.2765026639078787,-1.10663839654,-4.60232734874,,-3.28282349468,1.7051975869,4.07412047049,-1.83100267064,,,,,,,,,,,,,,-1.23433301757,-3.9192951212,-2.54360329507,-4.36788580471,-3.49313925082,,,,-3.19377598591,,-1.91195232201,-5.01065927286,,,-2.55562053546,-3.90630226956,-5.35002139088,,,-3.19285795004,-4.32070412865,,-0.647575070648,-2.4771190224
BODY08M,"NT5DC2",ENSG00000168268,4.641608,-1.20235073318,-4.17721524636,-4.46286222174,3.52191667505,-0.7469578244715334,-0.510109584556,-4.69935761166,,-3.91070223709,1.42137290199,3.92843191677,-1.60608573462,,,,,,,,,,,,,,-1.58377340972,-4.05217748827,-3.08700301023,-4.54136590595,-2.92782483729,,,,-3.39747564795,,-1.88518070602,-4.25859779558,,,-2.37409204633,-4.18853427625,-4.74845447736,,,-3.76918569656,-3.95698633075,,-0.0434128506269,-2.21619109229
BODY08,"NT5DC2",ENSG00000168268,4.796641,-0.499301398837,-2.56478979816,-3.07710483645,1.73776017012,-0.15967827516910055,-1.24480958428,-4.16290622338,,-2.80223371298,1.56215003912,3.75858245147,-1.722733074,,,,,,,,,,,,,,-1.00874536017,-3.5455109122,-2.12862890932,-3.93295379974,-3.33104538353,,,,-2.89748991064,,-1.71272816169,-4.79819169347,,,-2.35566060218,-3.47651974494,-5.0595587323,,,-2.72784937163,-4.05527325133,,-0.718812262842,-2.29747638453
CROS01,"NT5DC2",ENSG00000168268,9.554925,2.44765389754,3.62738150863,4.99939301032,-1.57200693066,4.26710407608641,2.22462473217,4.94458878485,,4.86484630939,-4.61381413196,-6.00030151846,4.19346698753,,,,,,,,,,,,,,4.46445927126,4.75292774177,4.48755713911,3.98487828838,4.14347726987,,,,2.33716918718,,3.53927137023,2.86108782459,,,4.9798124582,5.36707451838,4.88661818418,,,5.45225114225,5.79483442611,,4.10856237826,4.60881949107
GLYC08,"NT5DC2",ENSG00000168268,8.966616,-1.82298699201,-4.871857159926757,-5.47088820448,0.433903955725,-3.2313094287547357,1.57177182706,-3.76198520398,,-5.45552834492,4.93321268005,5.78302880251,-3.46332215713,,,,,,,,,,,,,,-2.79996572415,-4.47100491651,-5.98186288857,-4.39428344324,-3.76586608607,,,,-1.88737558529,,-2.26190142182,-2.5149590248,,,-4.11768583872,-5.18967669824,-3.25182949223,,,-4.9624717217,-3.36895222598,,-1.91551390774,-2.88496148866
HEIG03,"NT5DC2",ENSG00000168268,8.537243,2.75995688805,3.6969061832,-0.0430691458091,-0.518422338181,2.8282315057413294,3.78077299354,4.94608838441,,4.03945204076,-4.30538562492,-3.53861770988,4.62136257514,,,,,,,,,,,,,,3.1080312087,4.84560708936,3.98430703822,5.3303453228,6.36884118308,,,,5.21375176174,,4.91702993397,5.05397118213,,,4.97726161378,4.61618947953,6.41237957157,,,4.3813499018,7.28623628227,,3.6130941073,5.96348486109
HEIG04F,"NT5DC2",ENSG00000168268,3.621493,0.214027863451,2.65855517615,0.222080155115,-0.329268508404,1.7283931714689134,1.7263623745,3.11010081203,,3.09655459312,-3.16400093954,-2.6893585281,1.68255718962,,,,,,,,,,,,,,1.63905452374,2.86035186823,2.81025823369,2.70039855041,3.93858569213,,,,3.41341433339,,3.20162262722,3.33839226258,,,2.255060304,3.05105264015,3.67598433588,,,3.27468054778,4.98793036614,,1.71328138866,2.27548168909
LEAN06B,"NT5DC2",ENSG00000168268,4.424177,0.874927787566,-1.29212015376,-5.28156894003,-0.400068978702,-0.688915940448769,1.68094253658,-2.23952718227,,-2.87282541416,0.253985677303,2.58182597512,0.64964059834,,,,,,,,,,,,,,0.240482236838,-1.84249000176,-1.71873372406,-2.01550791081,-1.02726901047,,,,1.09470591969,,-0.754465817033,-0.503897968121,,,-0.721114198506,-2.79529674814,-2.52378419577,,,-2.25884274494,0.177111513196,,1.7279142253,0.533398354625
LEAN06M,"NT5DC2",ENSG00000168268,4.921217,-0.0997614492848,-2.35484242204,-4.95173498051,1.53761740198,-0.5790161081812103,1.45647337009,-2.17864885974,,-2.60789394264,-0.344230046067,1.9419176218,1.01203089977,,,,,,,,,,,,,,0.119821147482,-1.3998601137,-1.3808756397,-1.87463802,-0.36870697445,,,,0.472616353204,,-0.142029955528,-0.205753280524,,,-0.280755440329,-2.5012079227,-1.93016295567,,,-2.11494271968,0.14070762057,,2.10258846267,0.828969900977
LEAN06,"NT5DC2",ENSG00000168268,6.110822,0.519437120941,-1.87195405628,-5.71309357379,0.52909196821,-0.6470120513890976,1.8069299706,-2.35671797276,,-2.96906423523,-0.055253782927,2.52560625604,0.98711087425,,,,,,,,,,,,,,0.295861317532,-1.76457823981,-1.63178352347,-2.07740619405,-0.692593437367,,,,0.957697494878,,-0.419385061507,-0.388562202632,,,-0.464745485872,-2.8469668863,-2.38276436119,,,-2.34082963406,0.266614285434,,2.22011986796,0.842476275313
MENA02F,"NT5DC2",ENSG00000168268,5.402053,-0.500515337611,-2.14707616862,-4.15633869966,-1.04771030057,-1.5986953112113405,1.10634458255,-3.00543770058,,-4.20026341619,2.320016015,4.25699176574,-2.57158739469,,,,,,,,,,,,,,-4.18156039106,-3.75500457037,-5.63352566105,-3.64038783834,-2.38064375455,,,,-1.64736272391,,-3.57301361759,-0.732749530317,,,-2.65176207446,-3.1796678996,-3.04136805412,,,-4.38462856162,-1.94942470258,,-1.24826240609,-1.27095925364
NEUR02B,"NT5DC2",ENSG00000168268,6.585411,2.87471837587,3.08622929527,2.65829030203,1.70361094365,4.276931702753038,3.279206623,3.3832606005,,3.83050338238,-4.23112577285,-2.74943589296,3.38049099295,,,,,,,,,,,,,,4.14008887797,3.46310931394,3.10367258277,2.86431594618,4.4307167252,,,,3.13102691392,,0.53576216899,1.73792394915,,,4.42210115603,4.26434772501,3.29078299148,,,3.93369097461,3.32779673368,,3.38499229685,4.33590022184
SCBP01,"NT5DC2",ENSG00000168268,5.288328,1.79415897219,2.61464608867,4.04179194767,-0.856176040638,3.0381456407790917,1.56849450424,3.52828751717,,3.01287056547,-3.00627540872,-5.8895657342,2.64956177489,,,,,,,,,,,,,,3.07079687714,3.70581030618,2.33728838985,2.21189705752,2.9527621335,,,,2.46598115789,,2.56682071206,3.36684928623,,,3.21557853679,3.54301885739,4.01640948056,,,3.40707002068,4.4730352953,,2.62051248531,3.0164985198
SCHI01,"NT5DC2",ENSG00000168268,8.337989,2.36698561357,5.53358673502,5.66627504283,0.783738511974,3.629842303217079,1.48542662339,4.85971212741,,5.27698830852,-4.34398925873,-6.41363341203,2.96630392739,,,,,,,,,,,,,,4.14009281818,5.11195375658,4.20374488842,3.93838195338,4.30097811882,,,,3.63371695365,,2.11140119177,3.50626336284,,,4.48780000335,5.37349074293,4.28874950163,,,4.90808541208,4.56899744713,,2.06907048748,3.4043229798
SCHI02F,"NT5DC2",ENSG00000168268,4.528708,1.298415007,3.58369210339,3.89144508096,0.74505072859,2.352950774156734,0.928865446847,3.5080416856,,3.60856819054,-3.39696055617,-4.9075928142,1.70735224716,,,,,,,,,,,,,,2.82209262155,3.74376221112,3.23489925749,2.73262770332,2.90401526065,,,,2.71372138754,,1.03711075863,2.43547895684,,,3.06663430891,3.53463750744,2.8483245257,,,3.36364433813,3.50074964829,,1.36092272042,2.18386958579
SCHI02M,"NT5DC2",ENSG00000168268,5.326334,2.20465523865,4.71133498489,4.40641742707,0.705317799706,3.4046542879945716,1.59229921699,3.86979786747,,4.23777739208,-2.9579040699,-4.37781229186,2.73770117726,,,,,,,,,,,,,,3.34131330329,3.98504075995,3.10731410939,3.28804206731,3.82266103425,,,,2.51883015337,,2.14694913458,3.19078959446,,,3.77145836828,4.36619717992,3.7122814336,,,3.93477835264,3.28605057814,,1.97434643543,3.06964710283
SCHI02,"NT5DC2",ENSG00000168268,8.424616,2.07920174821,5.48973857033,5.47815533128,0.484595252941,3.2694043168896116,1.33026609687,4.66670181331,,5.01044424369,-4.16487529911,-6.21678683721,2.61434919762,,,,,,,,,,,,,,3.87362587779,4.8144971735,3.8704022874,3.77706499034,4.01500470361,,,,3.70557631982,,1.71121436252,3.35046202839,,,4.17591865106,4.98227625248,3.98431704131,,,4.58321351114,4.28499514623,,1.7910365141,3.03592147902
URAT01,"NT5DC2",ENSG00000168268,3.186793,2.6722583138,1.34918813609,-0.225561395895,-2.92219939229,1.6601981320501227,3.19768891398,-0.375813496267,,1.63891142841,-5.57066761982,-2.48945960927,1.99810731734,,,,,,,,,,,,,,2.49456813417,0.723390682712,1.20674982298,-1.04516263187,2.22907830625,,,,2.90873734984,,-0.381576338101,-1.99911741467,,,2.45534099172,1.85651425507,0.172294615411,,,2.41590044497,2.69853320569,,2.15092769392,1.7355589281
WAIS03F,"NT5DC2",ENSG00000168268,9.957661,1.13258091067,6.54094264731,4.86552752596,-1.73052134363,2.9008328869611515,-0.51791325841,6.13465703493,,6.27338869071,-4.67633122809,-5.09951618358,3.95082465663,,,,,,,,,,,,,,4.86480222014,6.14218327362,5.72446700695,6.13127874804,5.16240493722,,,,4.83298828809,,4.63191520422,4.87318130287,,,5.21297945329,6.23865874351,5.20673659478,,,5.51339546379,4.79323893415,,2.80307528042,4.09784766869
WAIS03,"NT5DC2",ENSG00000168268,9.483795,1.25364516317,6.58745513234,4.79043690949,-1.75500471066,3.0136720775234904,-0.299614063958,5.92645313852,,6.13907806795,-4.55928574339,-4.94647705569,3.59085341775,,,,,,,,,,,,,,4.30113492245,5.80198570259,5.49552306958,5.91166901255,4.99711541599,,,,4.10852292647,,4.41270428825,4.83941428929,,,4.11939443198,5.59306759526,5.293824446,,,5.47514760794,4.62862933104,,2.61835815254,3.83635619608
WAIS04F,"NT5DC2",ENSG00000168268,9.711080,1.05168105712,6.3890132339,4.92338089463,-1.757343978,2.860747120441543,-0.328439585106,6.01101031658,,6.11533574395,-4.59902841569,-5.00545452279,4.25072768288,,,,,,,,,,,,,,4.7915908162,5.93704150151,5.66549672916,6.03632344045,5.20434169213,,,,4.84067205967,,4.68977180663,4.83317986494,,,5.25683928791,6.08414166915,5.09698605258,,,5.46581011655,4.76160689013,,3.14512052273,4.19212478955
WAIS04,"NT5DC2",ENSG00000168268,8.167696,1.28671434124,6.40621132769,4.70928068441,-1.8049540281,2.871010220789326,-0.143371002772,5.75560231834,,5.92861610375,-4.47192630479,-4.83823555832,3.80912262019,,,,,,,,,,,,,,4.34146376814,5.61808866044,5.40467122381,5.77928765612,5.0007279126,,,,4.0310609395,,4.39849115278,4.74185868283,,,4.17014987664,5.41529311138,5.12887639404,,,5.37077723359,4.5513305736,,2.81462623691,3.95908595677
WHIP05F,"NT5DC2",ENSG00000168268,9.451402,1.76569181704,6.5950825103,5.85196108825,-1.36114963279,3.3645031279912043,-1.43834993652,6.09707433794,,6.34419408702,-3.74890048931,-4.77447637751,3.61859704611,,,,,,,,,,,,,,3.9554347807,5.96030036273,5.26932319443,5.76265790327,4.33107040009,,,,3.84261505252,,3.88314625412,4.39473694224,,,4.77869186918,6.02597228358,4.42986479092,,,5.44705754794,3.83144703418,,0.973066837067,3.01672117499
WHIP05,"NT5DC2",ENSG00000168268,9.836391,1.56816423557,7.17716970198,6.98599951064,-1.61447607302,3.9075296470155316,-1.00165324641,5.86677616011,,6.85839541751,-4.11683407045,-5.065939807,3.46539663948,,,,,,,,,,,,,,3.99377820406,5.93643741315,5.54877589188,5.58967697166,4.54546739692,,,,3.34885959001,,3.97189342039,4.14549158819,,,4.35583644488,6.15640476729,4.63335617157,,,5.90981380987,3.66666376195,,2.08873736092,3.54645561353
WHIP06F,"NT5DC2",ENSG00000168268,8.825010,1.48007157017,6.31913245232,5.56307928554,-1.38184189527,3.023854094922146,-1.41065788311,5.80072612279,,6.01683647794,-3.55279838017,-4.71244750267,3.64165679318,,,,,,,,,,,,,,3.8663303404,5.54386974903,5.04113605692,5.5232968223,4.02208950228,,,,3.67319202049,,3.60377201869,4.2666385017,,,4.41631976481,5.68252013543,4.23160944655,,,5.08856847784,3.54072470719,,1.46152091424,2.94858058174
WHIP06,"NT5DC2",ENSG00000168268,9.570312,1.33582713259,6.86390814838,6.61520343073,-1.64107993319,3.6125231247434866,-0.951354493644,5.54956822327,,6.50185385034,-3.87048233484,-4.94136832027,3.28814814394,,,,,,,,,,,,,,3.78083488529,5.48874368875,5.31181894821,5.26066857181,4.35257822444,,,,3.22604575472,,3.61297665478,4.03322445542,,,4.06488711237,5.77847807101,4.3494320055,,,5.6332046916,3.5294450083,,1.98272643315,3.32715931299
