code,target,ENSEMBL,association,Adipose_Subcutaneous,Adipose_Visceral_Omentum,Breast_Mammary_Tissue,Muscle_Skeletal,DGN_Whole_Blood,Whole_Blood,Artery_Aorta,Artery_Coronary,Artery_Tibial,Heart_Atrial_Appendage,Heart_Left_Ventricle,Spleen,Brain_Amygdala,Brain_Anterior_cingulate_cortex_BA24,Brain_Caudate_basal_ganglia,Brain_Nucleus_accumbens_basal_ganglia,Brain_Putamen_basal_ganglia,Brain_Cerebellar_Hemisphere,Brain_Cerebellum,Brain_Cortex,Brain_Frontal_Cortex_BA9,Brain_Hippocampus,Brain_Hypothalamus,Brain_Spinal_cord_cervical_c-1,Brain_Substantia_nigra,Nerve_Tibial,Cells_Transformed_fibroblasts,Cells_EBV-transformed_lymphocytes,Colon_Sigmoid,Colon_Transverse,Esophagus_Gastroesophageal_Junction,Esophagus_Mucosa,Esophagus_Muscularis,Liver,Minor_Salivary_Gland,Small_Intestine_Terminal_Ileum,Stomach,Adrenal_Gland,Pituitary,Pancreas,Thyroid,Lung,Ovary,Prostate,Testis,Uterus,Vagina,Skin_Not_Sun_Exposed_Suprapubic,Skin_Sun_Exposed_Lower_leg
APOL02,"PARP10",ENSG00000178685,7.353959,-4.29793488597,-4.18256053706,,,-4.72485001609268,-4.75764631092,,,,,-3.96517036593,,,,,,,,,,,,,,-1.74823896021,-4.36663178146,,,-4.17861973711,-4.45036777256,,-4.28598888581,-2.33095957254,,,-2.60414038926,-4.17019244825,-3.34293429314,,-4.61347016911,-4.4220841749,-4.9056285451,-3.76326060131,,,,,-3.76121162426,-4.18318382038
BLOO01,"PARP10",ENSG00000178685,23.209265,0.412771591206,-1.592327673,,,-0.12599469322580306,-2.92160545066,,,,,-0.495658520199,,,,,,,,,,,,,,-0.461858321337,-1.3609471072,,,-1.1462513745,-1.15069143676,,-3.96852917193,-2.03651089089,,,0.0544616931038,-2.01821936786,-1.29984196786,,-2.97755539948,-3.15414844398,0.859317529001,-3.03497739196,,,,,-3.4690936815,-0.256490709042
BLOO16,"PARP10",ENSG00000178685,9.242991,-1.11890912662,-2.52134814339,,,-1.7542727682233588,-1.16138017752,,,,,-2.39613679882,,,,,,,,,,,,,,0.381755376107,-1.59866222363,,,-1.95944777778,-0.933790208714,,-1.7203235279,-0.684244494963,,,-1.70246026219,-0.884519352115,-2.45169036958,,-2.15834281334,-1.3722062444,-1.35375506545,-1.39489714902,,,,,-2.00553770795,-1.08605618792
BLOO17,"PARP10",ENSG00000178685,8.229958,-1.12470066737,-2.39974704785,,,-1.7744654492541103,-1.34233911522,,,,,-2.08238262308,,,,,,,,,,,,,,-0.020108716636,-1.75131677701,,,-1.81089753319,-0.818655041124,,-1.41162823741,-0.743890955499,,,-1.3056669668,-0.512690315135,-2.80841091044,,-2.01413179068,-1.36031387395,-1.82947315273,-1.25331910955,,,,,-2.00477800307,-0.955165038193
BLOO18,"PARP10",ENSG00000178685,9.142999,-0.384283574847,-1.69929716932,,,-1.2151679039981678,-0.769012041732,,,,,-1.66516595222,,,,,,,,,,,,,,0.28683252476,-1.2584638025,,,-1.05891562944,-0.136591214041,,-0.659512044087,-0.580395347692,,,-0.902393686967,0.148213772844,-2.38165531971,,-1.25528585393,-0.650212012623,-1.23045188563,-0.84422690295,,,,,-1.37271149888,-0.317543366389
BLOO26,"PARP10",ENSG00000178685,9.206245,-4.33805082233,-4.87715300819,,,-4.61510685083584,-5.90459686013,,,,,-2.44577304142,,,,,,,,,,,,,,-2.3925482202,-4.10080616614,,,-4.01427461201,-4.32267677734,,-4.45271979778,-2.27777205843,,,-3.49693061465,-3.97850902755,-0.976595033401,,-4.64103582819,-4.10870483597,-3.53591846317,-2.62207116159,,,,,-4.65442884937,-3.44276869718
BLOO27,"PARP10",ENSG00000178685,14.080556,-5.6809107699,-6.65608508669,,,-6.04034692643137,-7.08060872446,,,,,-4.91609107808,,,,,,,,,,,,,,-3.41077139989,-5.44971990959,,,-5.37068151535,-5.74648127433,,-6.67084514455,-3.64864560918,,,-4.98827057941,-5.40634651151,-2.70656770851,,-6.23532903154,-5.43834636807,-5.50630724828,-3.3775380398,,,,,-6.05928164138,-4.84721457113
BLOO29,"PARP10",ENSG00000178685,18.866461,6.58186563399,6.72009465265,,,6.694743245890453,8.1703623669,,,,,4.27179198687,,,,,,,,,,,,,,3.96447275788,6.62611759616,,,7.31165241422,7.19491103455,,7.17170672515,4.30118531514,,,5.63445674408,7.28078142013,4.50426392321,,7.42680815492,6.41588918156,5.95937788485,5.73229636727,,,,,6.41966141307,6.76468799736
BLOO31,"PARP10",ENSG00000178685,7.785951,0.329737005561,1.79355662794,,,1.3299300207050222,0.52889854181,,,,,1.92078360291,,,,,,,,,,,,,,-0.722194778519,1.40565024435,,,1.12478218549,0.178136746742,,0.682654308446,0.518675482586,,,1.19579783552,-0.0676060538409,2.37499852707,,1.31351217225,0.846282743778,1.05589892626,1.29368181007,,,,,1.5852117311,0.203081180721
BLOO33,"PARP10",ENSG00000178685,17.230556,-5.8461134423,-7.52878939627,,,-6.963519784486631,-6.52204300234,,,,,-5.78108978948,,,,,,,,,,,,,,-1.74100884931,-6.38786318148,,,-7.34019261561,-6.33736724906,,-6.86333510057,-4.65227742114,,,-5.4324324125,-5.79065445926,-5.96824826832,,-7.32984551533,-6.55869981754,-4.64635116125,-4.98184446499,,,,,-6.39200349998,-7.04230466563
BLOO34,"PARP10",ENSG00000178685,39.527127,10.5016094675,11.2725322719,,,10.469516548609466,12.2626742143,,,,,8.47082828453,,,,,,,,,,,,,,5.13958256485,10.8864749917,,,11.6275556795,11.576136669,,10.9345272222,5.90549282774,,,8.79163452961,11.4334126939,6.84410298094,,11.9169435771,11.035269929,9.56117026284,8.86317180479,,,,,10.5632022037,10.8164301083
BLOO35,"PARP10",ENSG00000178685,9.492050,4.38881612315,4.61614026801,,,5.485028540538694,4.19243590449,,,,,4.23135854947,,,,,,,,,,,,,,0.830174015324,3.50240718202,,,3.97316750781,4.04405638722,,3.43727928974,2.03903039981,,,3.68778595487,2.77467096254,0.874283137857,,4.17449211787,4.5420062777,3.45259581071,3.75856525674,,,,,4.57709865764,2.85503887711
CHOL02,"PARP10",ENSG00000178685,7.720675,-4.89322807424,-4.23629472508,,,-4.509369853944745,-4.2956628192,,,,,-4.47687608271,,,,,,,,,,,,,,-1.70842556132,-4.56722945021,,,-4.27712571027,-4.74829605829,,-4.98834623964,-2.82115472326,,,-2.78708077778,-4.57906003885,-3.39115972412,,-4.79453873821,-4.47329763436,-5.18821668315,-4.32829352125,,,,,-4.00733725799,-4.20969739317
CHOL05,"PARP10",ENSG00000178685,6.484232,-4.75666536185,-4.02470661055,,,-4.321360970673514,-3.8999146705,,,,,-4.37455273639,,,,,,,,,,,,,,-1.46998074199,-4.24239632357,,,-4.01855836784,-4.5638846059,,-4.81265149082,-2.91486802068,,,-2.64610032566,-4.46075734894,-3.14777652096,,-4.55947335907,-4.21056440625,-4.9497555044,-4.24619803907,,,,,-3.70515964654,-4.05873123287
CHOL11,"PARP10",ENSG00000178685,8.321263,-4.74630473477,-4.52952493255,,,-4.693836601362395,-4.70444904499,,,,,-4.15501690153,,,,,,,,,,,,,,-1.55860752559,-4.6682102045,,,-4.56364685999,-4.72853517219,,-5.05268336434,-2.47267498483,,,-2.98779263853,-4.50332435552,-3.62019368163,,-5.03882753287,-4.7174313138,-5.39977513128,-4.51673237622,,,,,-4.40946282934,-4.41014845722
CHOL13,"PARP10",ENSG00000178685,9.373300,-4.96950450918,-4.54230792853,,,-4.824920684639836,-4.42670172413,,,,,-4.61038406027,,,,,,,,,,,,,,-1.31424979194,-4.76256074235,,,-4.51781387809,-4.63328062554,,-5.2557187651,-2.66803415418,,,-3.04666273389,-4.48369590558,-3.65389178943,,-5.00025222199,-4.70358729257,-5.25404333926,-4.39216069791,,,,,-4.41367207309,-4.2484502953
CHOL20,"PARP10",ENSG00000178685,6.256004,-4.58287482505,-3.77738055974,,,-3.9097890217793494,-3.67138351437,,,,,-3.89607700325,,,,,,,,,,,,,,-1.44652232873,-4.02207655113,,,-4.05233537533,-4.58946776642,,-4.3716902324,-2.04986747677,,,-2.96453982275,-4.62038441631,-3.27342530526,,-4.38638004993,-4.35137782688,-4.45453753015,-4.38297498178,,,,,-3.67273936593,-4.0076860047
CHOL21,"PARP10",ENSG00000178685,9.647760,-4.15224496976,-4.67704023857,,,-5.5148968772072395,-4.79822915105,,,,,-4.75261069961,,,,,,,,,,,,,,-3.00682489878,-5.25673764474,,,-4.77547659233,-4.36513831086,,-5.37674525204,-2.32783815494,,,-3.1718955686,-5.08157356479,-4.96260535858,,-5.2768661889,-4.48741105923,-4.66724213773,-2.66223310305,,,,,-3.15264977958,-4.94303008302
CHOL24,"PARP10",ENSG00000178685,9.494592,-5.24374042415,-4.69555513195,,,-4.873412738008062,-5.06512826454,,,,,-4.59169344738,,,,,,,,,,,,,,-2.08548755135,-5.17482806058,,,-4.9078647954,-5.26360492305,,-5.46836091644,-2.68244031954,,,-3.20416652998,-5.02944345454,-3.84523574531,,-5.39624578005,-5.02709253399,-5.67828208023,-4.7761227261,,,,,-4.69731199968,-4.77815170246
CHOL25,"PARP10",ENSG00000178685,7.717083,-4.96487215834,-4.37696244768,,,-4.698519747928542,-4.43452617244,,,,,-4.50072789376,,,,,,,,,,,,,,-1.47303514404,-4.68666579232,,,-4.47045391788,-4.67850013654,,-5.15473102269,-2.69876652791,,,-2.88845701316,-4.56074421039,-3.46537308327,,-4.90091380764,-4.69565525642,-5.18555984387,-4.28575431126,,,,,-4.16795261073,-4.2113370863
CHOL27,"PARP10",ENSG00000178685,13.318976,-4.866445343,-5.68808203654,,,-6.834574843848926,-5.65403131502,,,,,-5.8293258893,,,,,,,,,,,,,,-2.56288895908,-6.53688334418,,,-5.64922754987,-5.26576914469,,-6.40345074106,-2.85745178918,,,-3.73836954883,-5.62071612956,-6.07778731468,,-6.28097168422,-5.38954467433,-6.17261585355,-2.65352294233,,,,,-3.91217210625,-5.85557379893
CHOL28,"PARP10",ENSG00000178685,9.244659,-5.25112807038,-4.57653129441,,,-4.991287829798712,-4.49679265062,,,,,-4.58644454229,,,,,,,,,,,,,,-1.72228720999,-5.00486543779,,,-4.62416851945,-4.82257687328,,-5.41546947054,-3.12332706439,,,-3.00638088408,-4.6617572319,-3.70719441168,,-5.22433430158,-4.93866135034,-5.54351795256,-4.60967677921,,,,,-4.41579707058,-4.47397833485
CHOL30,"PARP10",ENSG00000178685,8.449393,-4.95097402409,-4.34033512869,,,-4.757576509112392,-4.12322141244,,,,,-4.606037705,,,,,,,,,,,,,,-1.38861119179,-4.7053667207,,,-4.32596444147,-4.5069843579,,-5.2874328607,-3.1689541555,,,-2.77894815468,-4.33665249896,-3.35553843343,,-4.92949536876,-4.57946153017,-5.15918671401,-4.39878469014,,,,,-4.14326000457,-4.17456499991
CHOL32,"PARP10",ENSG00000178685,5.950549,-4.31102945018,-3.59225134324,,,-3.9527677171804156,-3.5624030793,,,,,-3.85303865277,,,,,,,,,,,,,,-1.46926475553,-3.79803696916,,,-3.51383543768,-4.08814251279,,-4.47096123466,-2.76880531757,,,-2.27152368726,-4.0283209385,-3.06969182487,,-4.14567209459,-3.69327247392,-4.54020770684,-3.89829796249,,,,,-3.21253596742,-3.76369689368
HEIG03,"PARP10",ENSG00000178685,6.514435,4.19188260615,5.11927798559,,,4.517358793322888,4.7459037212,,,,,4.55125694161,,,,,,,,,,,,,,3.60644784379,4.52842139217,,,4.35796777259,5.56996501222,,4.52181353546,2.56471662163,,,3.71442863374,5.66573094755,4.14364568495,,4.79580863972,5.06712614565,4.49518253052,4.0599521486,,,,,4.03235556734,4.2267944919
LEAN04B,"PARP10",ENSG00000178685,6.673664,4.54127645364,3.91768685439,,,4.004993821221597,3.69414894088,,,,,3.07921205039,,,,,,,,,,,,,,2.27271695278,2.97467523505,,,4.44526868087,4.92853024966,,3.36638859257,3.89847421854,,,4.40718230477,5.16022669123,2.39186194661,,4.36757034614,4.23913341625,3.08076553208,3.95631879207,,,,,3.90227680673,4.90969007568
LEAN04,"PARP10",ENSG00000178685,4.710902,4.12648774585,3.26295064924,,,3.5053643486321877,2.88693855406,,,,,2.93337574376,,,,,,,,,,,,,,1.90363972106,2.37281852054,,,4.04038380599,4.48692291766,,2.98016878406,3.84873338269,,,4.01773302553,4.73110765857,2.0795675984,,3.86043549616,3.65878218333,2.73212135213,3.48529889178,,,,,3.45250631934,4.3768641998
LEAN05B,"PARP10",ENSG00000178685,6.749726,4.66357163269,4.09885077482,,,4.215742489078042,3.81005955602,,,,,3.28590812767,,,,,,,,,,,,,,2.16820905924,3.15385897103,,,4.594535129,4.94119431545,,3.47265605385,3.8614659211,,,4.38559217185,5.20962342773,2.42976054227,,4.55437719037,4.40581503419,3.0841518932,4.12756853241,,,,,4.07453035453,5.04351262724
LEAN05F,"PARP10",ENSG00000178685,6.206112,4.06971928585,4.03798417694,,,3.848408106712159,4.07659840485,,,,,2.71001776085,,,,,,,,,,,,,,2.06249107912,3.24271198617,,,4.05626881747,4.32568430855,,3.28634434831,2.93197568932,,,3.76380991828,4.57923328755,2.24084168461,,4.17816604842,4.15499735473,2.83459184998,3.86042315155,,,,,3.68487070895,4.57736141282
LEAN05,"PARP10",ENSG00000178685,5.211648,4.22278620103,3.39426451161,,,3.6709259756245016,2.97015538467,,,,,3.08538185119,,,,,,,,,,,,,,1.85746474296,2.49744374815,,,4.15070768817,4.52147350378,,3.06354914638,3.83828013431,,,4.01434709781,4.77906167234,2.0995126019,,4.00148400559,3.77672328732,2.73967800558,3.58739761953,,,,,3.58344778875,4.48074087415
LEAN06B,"PARP10",ENSG00000178685,11.266690,5.76906105164,5.02804956584,,,5.200800032783364,5.01529021276,,,,,4.33671848548,,,,,,,,,,,,,,2.66609217002,3.80472436601,,,5.89013963929,6.02147956872,,4.62998358018,4.78222509276,,,5.3751815589,6.68739402626,4.0205072491,,5.64378455233,6.1636374541,4.82689906378,5.49823382583,,,,,5.08056145086,5.41072953636
LEAN06F,"PARP10",ENSG00000178685,9.380928,5.19695173079,5.03059123017,,,5.140488314039596,4.82295193614,,,,,3.85661900031,,,,,,,,,,,,,,2.34005439169,3.90940306312,,,5.35334418513,5.21164473594,,4.44208576535,3.97066653081,,,4.76076560898,5.81301294936,3.84649979419,,5.30300768112,5.60303400253,4.60764870557,5.01792335024,,,,,4.97315027483,4.86459677265
LEAN06,"PARP10",ENSG00000178685,8.075969,5.1593296163,4.17282473213,,,4.301133637421146,4.34786550555,,,,,3.8976224412,,,,,,,,,,,,,,2.43403827861,3.03520112928,,,5.2335154816,5.57356231842,,3.99007898289,4.59680935565,,,4.84443082891,6.18217492035,3.41196605094,,4.88459869927,5.47640414446,4.17400503152,4.88348691258,,,,,4.25552889653,4.90609411306
LIPI02,"PARP10",ENSG00000178685,9.158910,-5.08360340842,-4.66102651604,,,-4.860888586741323,-4.95155654289,,,,,-4.42907806998,,,,,,,,,,,,,,-1.92090245856,-4.9988451091,,,-4.87605142991,-5.1908693383,,-5.30106796198,-2.52901350478,,,-3.06672886391,-4.95397284123,-3.77547475021,,-5.33778734242,-4.88615739819,-5.59720213807,-4.76249216312,,,,,-4.60271547081,-4.78393871959
LIPI04,"PARP10",ENSG00000178685,7.605338,-4.87285198877,-4.31443645056,,,-4.580539887005568,-4.29893058233,,,,,-4.45841939743,,,,,,,,,,,,,,-1.62341230423,-4.57460281721,,,-4.33923028673,-4.74460470364,,-4.98682204538,-2.70952577399,,,-2.82808210235,-4.56714576411,-3.46954951566,,-4.85961451547,-4.46524620517,-5.19735679973,-4.39042862742,,,,,-4.09864269714,-4.27842501289
LIPI07,"PARP10",ENSG00000178685,6.167325,-4.57343888161,-3.89744885534,,,-4.2106097878737945,-3.76210496461,,,,,-4.2264476621,,,,,,,,,,,,,,-1.35701929555,-4.07933324264,,,-3.89092493592,-4.39559408733,,-4.64373368714,-2.78318536401,,,-2.56211218585,-4.29062673037,-3.18645141407,,-4.40287431677,-4.02744003457,-4.75401958816,-4.08419325649,,,,,-3.57175541568,-3.93794044887
LIPI13,"PARP10",ENSG00000178685,7.733275,-4.4057749014,-4.0195592749,,,-4.394127783396743,-4.85685880001,,,,,-3.30171865498,,,,,,,,,,,,,,-1.94379416998,-4.34578078521,,,-4.65157127887,-4.97100702121,,-4.57279395007,-1.98430477465,,,-2.82898362769,-4.69476207077,-3.26782572256,,-4.82054789146,-4.42161593602,-5.04127520822,-4.23386920455,,,,,-4.07296129008,-4.75569487679
LIPO01,"PARP10",ENSG00000178685,9.066867,-4.98163747092,-4.62271464972,,,-4.816849877681586,-4.86774249624,,,,,-4.33545321454,,,,,,,,,,,,,,-1.81582416137,-4.87914922536,,,-4.82783871356,-5.12238799636,,-5.20526715155,-2.44118681032,,,-3.00208415474,-4.89476618356,-3.71022042621,,-5.27601752445,-4.78523025959,-5.52138712287,-4.71165103867,,,,,-4.52597725913,-4.75352134998
LIPO03,"PARP10",ENSG00000178685,8.039648,-4.84769925151,-4.31335081111,,,-4.564179843267903,-4.31601041363,,,,,-4.40826660929,,,,,,,,,,,,,,-1.59146224941,-4.55426351544,,,-4.3645155279,-4.75756327132,,-4.97099670469,-2.67690070989,,,-2.84308943407,-4.58349146601,-3.4999835126,,-4.86592478904,-4.44912553904,-5.18501835067,-4.41172773325,,,,,-4.10295937368,-4.29652084106
LIPO06,"PARP10",ENSG00000178685,6.141697,-4.57548363773,-3.89510661885,,,-4.2102058912629765,-3.78241119163,,,,,-4.20068878555,,,,,,,,,,,,,,-1.36833706919,-4.06443484967,,,-3.93675419956,-4.43568476998,,-4.64069425436,-2.73892865821,,,-2.61075071183,-4.34643669175,-3.2328857859,,-4.42005355605,-4.04371406064,-4.73388245456,-4.11376232802,,,,,-3.58282959891,-3.96420235624
LIPO14,"PARP10",ENSG00000178685,6.631769,-4.27869415494,-3.90707487148,,,-4.256245697020606,-4.70505541092,,,,,-3.21947508646,,,,,,,,,,,,,,-1.77396933916,-4.18891293762,,,-4.49430433647,-4.83808826316,,-4.40550140196,-1.94118086824,,,-2.70070382944,-4.59817753859,-3.0898619324,,-4.66664816753,-4.26848553738,-4.92246305115,-4.14987239183,,,,,-3.89071798605,-4.62896744091
PHLI04,"PARP10",ENSG00000178685,7.480645,-4.60427592184,-4.34567247054,,,-4.478873921768989,-4.50560955571,,,,,-3.9761353031,,,,,,,,,,,,,,-1.52578242574,-4.43130571001,,,-4.34963954212,-4.5849362026,,-4.70419310111,-2.156068723,,,-2.59198701215,-4.48210541201,-3.51142147462,,-4.78531827446,-4.48672696617,-5.34038736747,-4.38564030535,,,,,-4.06316985298,-4.2595833458
PHLI06,"PARP10",ENSG00000178685,7.904134,-4.74257784226,-4.31763617519,,,-4.627946546015583,-4.362187334,,,,,-4.2851770564,,,,,,,,,,,,,,-1.34721512454,-4.54726132006,,,-4.35272059521,-4.50562379968,,-4.90885522978,-2.36594208503,,,-2.67867995219,-4.39734225137,-3.51172988682,,-4.7534939926,-4.50286543086,-5.07503072343,-4.14531969537,,,,,-4.05932790004,-4.07046463863
PHLI09,"PARP10",ENSG00000178685,7.534052,-4.90710578286,-4.27953712819,,,-4.772317540398813,-4.2389050282,,,,,-4.36790178701,,,,,,,,,,,,,,-1.69657652437,-4.64596338943,,,-4.40205754255,-4.59126325793,,-5.12089561554,-2.95506501404,,,-2.76689200972,-4.44370236644,-3.56683746733,,-4.88251299477,-4.59061391629,-5.04368824875,-4.32610527563,,,,,-4.07778637048,-4.11614384203
PHLI12,"PARP10",ENSG00000178685,8.004422,-4.72719359583,-4.44585401462,,,-4.67967557007121,-4.92764293673,,,,,-3.81391492087,,,,,,,,,,,,,,-1.74482818334,-4.72049702309,,,-4.82974605865,-5.10119663023,,-5.03770203926,-2.33258067799,,,-3.01158729129,-4.82254692082,-3.37201450309,,-5.18242265284,-4.72652156746,-5.4151457608,-4.57109768157,,,,,-4.51779057631,-4.8895581197
TRGL05,"PARP10",ENSG00000178685,6.414551,-4.42553781821,-3.93768064184,,,-4.098226841689178,-4.37942940662,,,,,-3.41219390398,,,,,,,,,,,,,,-1.62039644595,-4.13151250333,,,-4.5273221653,-4.72617328122,,-4.40951178702,-2.07935888651,,,-2.81869817237,-4.58563384526,-3.20191171359,,-4.6623806534,-4.22827823222,-4.73177044882,-4.16470929775,,,,,-3.86901290228,-4.42937098571
