code,target,ENSEMBL,association,Adipose_Subcutaneous,Adipose_Visceral_Omentum,Breast_Mammary_Tissue,Muscle_Skeletal,DGN_Whole_Blood,Whole_Blood,Artery_Aorta,Artery_Coronary,Artery_Tibial,Heart_Atrial_Appendage,Heart_Left_Ventricle,Spleen,Brain_Amygdala,Brain_Anterior_cingulate_cortex_BA24,Brain_Caudate_basal_ganglia,Brain_Nucleus_accumbens_basal_ganglia,Brain_Putamen_basal_ganglia,Brain_Cerebellar_Hemisphere,Brain_Cerebellum,Brain_Cortex,Brain_Frontal_Cortex_BA9,Brain_Hippocampus,Brain_Hypothalamus,Brain_Spinal_cord_cervical_c-1,Brain_Substantia_nigra,Nerve_Tibial,Cells_Transformed_fibroblasts,Cells_EBV-transformed_lymphocytes,Colon_Sigmoid,Colon_Transverse,Esophagus_Gastroesophageal_Junction,Esophagus_Mucosa,Esophagus_Muscularis,Liver,Minor_Salivary_Gland,Small_Intestine_Terminal_Ileum,Stomach,Adrenal_Gland,Pituitary,Pancreas,Thyroid,Lung,Ovary,Prostate,Testis,Uterus,Vagina,Skin_Not_Sun_Exposed_Suprapubic,Skin_Sun_Exposed_Lower_leg
BLOO13,"HLA-DPA1",ENSG00000231389,4.877260,1.05839264315,,0.350801475982,3.57543143727,-2.566951555039704,,1.78236885796,2.73556076805,1.50697711523,,1.09209182511,,,2.44196724158,,,,3.73947109041,3.47906184227,,,,,,,1.56550877087,-3.84811795036,,,,0.586456602636,5.24261522107,1.55348925903,,,,1.46749180915,,,,4.36214700785,1.23367634492,,,6.38540053433,1.27557061404,,1.50536624628,1.56839424723
BLOO16,"HLA-DPA1",ENSG00000231389,20.537318,5.23980548536,,3.40986462983,5.01243692707,-1.0858723807449822,,5.57860324837,7.30392383234,5.22873993654,,5.94681931101,,,5.06786246093,,,,5.77139042298,5.8178648887,,,,,,,4.59999993306,-0.519287861719,,,,5.24287409243,7.637037641,5.45975766031,,,,4.84314186657,,,,6.59964851542,3.63411434074,,,7.60963047488,2.85930112936,,5.96491805716,5.08350838796
BLOO17,"HLA-DPA1",ENSG00000231389,16.650859,5.16329662024,,3.29527205361,3.5370943819,0.380470021464187,,5.269137783,5.93022794093,4.81760546707,,5.49719189581,,,4.01476328868,,,,4.52790806969,4.7884090219,,,,,,,4.13997203674,1.12328383632,,,,5.49854710304,5.53934659508,4.92775960973,,,,4.45633725006,,,,4.50725106404,3.10668781555,,,4.60876118306,2.86074228936,,5.57408594439,4.63387277205
BLOO18,"HLA-DPA1",ENSG00000231389,14.295978,4.47396970849,,3.05671183638,3.08174765568,0.3322812943131232,,4.5283732476,5.49950466524,4.19584467285,,4.9939126945,,,3.76503425947,,,,3.80105950177,4.04909683525,,,,,,,3.6390104369,1.07064129493,,,,4.96312783197,4.83802326753,4.34683280507,,,,3.72840129549,,,,3.93731501757,2.67624865924,,,4.25950644996,2.26420114569,,4.88003303611,4.03438838524
BLOO22,"HLA-DPA1",ENSG00000231389,1.590946,0.89394436663,,-2.37610076007,0.909494434088,0.6804844186120215,,-0.0791802665912,0.317812890662,0.633923286486,,2.5180385179,,,5.06788281631,,,,2.00980710351,1.60053752545,,,,,,,0.731766998415,-3.50484349438,,,,0.505176520084,2.90790156143,-0.506612392613,,,,-0.0814154314552,,,,3.59701575517,-0.416688566848,,,3.05802791629,1.78437488406,,0.985472215016,0.480332192905
BLOO25,"HLA-DPA1",ENSG00000231389,7.341130,-2.71231466143,,-6.55715884232,-3.24579609603,-2.525594880325138,,-5.27519008237,-4.23235821892,-3.87832441848,,-2.47836987928,,,1.76286228566,,,,-2.10499686678,-2.23086680893,,,,,,,-3.72895218171,-3.1658116418,,,,-2.8898365388,-2.87384456299,-5.0037945617,,,,-3.86580559354,,,,-0.544371108167,-3.05817813305,,,-1.30913600032,-2.57215606737,,-3.34546138089,-3.87398299911
BLOO26,"HLA-DPA1",ENSG00000231389,6.862393,-1.70041114381,,-4.14272120277,-4.28409282889,-1.496187012164709,,-4.21853257441,-4.36826278635,-3.3005644419,,-3.14974232361,,,0.549546987071,,,,-2.53331603503,-2.14596140913,,,,,,,-3.14019523475,0.851393691798,,,,-2.60974335163,-3.12659430919,-4.67116150334,,,,-4.24945065846,,,,-2.6550666325,-4.58000806184,,,-1.88021201157,-0.39837451881,,-3.04424799835,-3.46836947754
BLOO29,"HLA-DPA1",ENSG00000231389,12.383356,-4.26091269893,,-3.13220356975,-5.82007922902,0.9265136957073172,,-4.9656311665,-5.8727776918,-5.1818503645,,-2.95282634587,,,-3.46157471125,,,,-5.7343574518,-4.88410814903,,,,,,,-4.91134267833,-0.517140186588,,,,-5.31131249134,-3.36906723477,-6.54666002683,,,,-4.81883565257,,,,-5.85113867039,-7.03679225685,,,-3.12343860371,-1.14773894439,,-5.05882837764,-5.60949990798
BLOO30,"HLA-DPA1",ENSG00000231389,6.139129,1.42146943473,,0.450566289017,3.87381598487,-2.5383092065090573,,2.11980854113,3.33685332439,1.82002398772,,1.36178441927,,,2.81215806358,,,,4.1124413665,3.83911658977,,,,,,,1.85969607589,-3.8919107311,,,,1.01820621363,5.75359330113,1.88662435817,,,,1.80960426072,,,,4.75217645042,1.52527062598,,,7.03500055224,1.40208913723,,1.87345899691,1.87119130815
BLOO31,"HLA-DPA1",ENSG00000231389,14.337252,-4.27418187229,,-2.85665401438,-2.86945593908,-0.05220818328444149,,-4.25507871323,-5.45002904609,-4.0453209794,,-4.94311631232,,,-3.57251864245,,,,-3.55022344088,-3.76913013294,,,,,,,-3.48816347502,-1.11377750455,,,,-4.60733817485,-4.5098281414,-4.23696421481,,,,-3.56510557002,,,,-3.9673008861,-2.65213556482,,,-3.86066017891,-1.95735972614,,-4.77024735018,-3.89580948365
BLOO33,"HLA-DPA1",ENSG00000231389,21.227026,5.4192410868,,4.11608233189,4.76482977242,3.972586614717283,,5.13057102747,12.6753507521,5.29801467923,,6.23131711575,,,5.14183490698,,,,6.09466902233,6.87026229057,,,,,,,5.51883584593,2.06628599431,,,,6.06775746998,5.01288596931,6.81743122392,,,,7.73315363283,,,,6.96997267376,7.50439633435,,,0.66308352694,5.46194507045,,5.67784448385,5.33802699748
BLOO34,"HLA-DPA1",ENSG00000231389,5.978067,-2.32771082436,,-0.472525707213,-3.32200705884,0.5300391050897734,,-2.28626442802,-4.46463018078,-2.99061785813,,-2.77410898095,,,-1.1395170986,,,,-2.17777319437,-2.48355009814,,,,,,,-2.97550516718,-1.21428749792,,,,-2.06304757359,-1.39903589896,-3.91748380291,,,,-3.17587697934,,,,-3.85039402275,-3.50496366149,,,-3.02418013945,-0.594566956226,,-3.13558113669,-3.25093961276
BLOO35,"HLA-DPA1",ENSG00000231389,5.469787,2.27640239201,,5.47750568643,2.54494754363,1.7846256736770456,,4.66882593784,2.61447262343,3.38081026683,,1.95765351109,,,-1.4045052461,,,,1.36882925827,0.848134382387,,,,,,,3.35008971138,2.28061377646,,,,2.65111206088,2.27462205067,4.28114398432,,,,2.30258674034,,,,-0.0661820444032,3.57892649847,,,1.94038933328,1.39910613749,,3.03213362798,3.53591624024
BLOO36,"HLA-DPA1",ENSG00000231389,4.169668,0.761438836442,,-3.2412966323,0.827633372631,-0.18727780728966706,,-1.01523589343,0.677380551726,-0.00420529080905,,2.09254203021,,,5.67025767596,,,,1.91930012593,1.72451267218,,,,,,,0.121301361704,-3.16673055477,,,,0.595828426999,2.71511645155,-1.16060725338,,,,-0.294932240393,,,,3.95664882742,-0.899300655085,,,3.53199307265,2.26806800987,,0.635837687471,-0.260137586388
CIRR01,"HLA-DPA1",ENSG00000231389,39.446639,-3.58463754658,,-3.64759682734,-1.8218649235,-2.2562304508008753,,-1.04780148373,0.0193667607663,-3.56055218319,,-0.310718755584,,,3.09828370626,,,,0.212945667274,4.89144827336,,,,,,,-4.08562601276,-7.43385214078,,,,-3.67702869768,0.0863076632968,-3.59102279584,,,,-2.03825919607,,,,-2.91292039575,-3.74901916608,,,-4.13267987383,-1.20725314999,,-2.15687209349,-3.58700805161
LEAN06B,"HLA-DPA1",ENSG00000231389,3.110351,1.80194435895,,3.42965163823,0.490038708449,0.7382147180458193,,1.0704387227,0.171460402586,1.03850075041,,1.61147106513,,,-1.59064565199,,,,-1.15041294051,-1.17405463672,,,,,,,1.06112654811,6.1504946716,,,,2.06108213619,0.0167384257845,1.75692547973,,,,2.15504801358,,,,-0.72539054079,1.5264772498,,,1.67455039917,2.67345326869,,1.35673534066,0.561897262982
LEAN06M,"HLA-DPA1",ENSG00000231389,3.128421,1.54774960031,,4.01991373133,1.27003800082,1.4307227985828583,,1.63375543354,0.462053654239,1.41321458416,,1.58229718969,,,-1.01545656386,,,,-0.961118772056,-1.06382001076,,,,,,,1.78415642773,4.90484525915,,,,2.18855172268,0.614489045659,1.73215801534,,,,2.89074489853,,,,-0.450725716631,2.01668940307,,,0.783583085203,1.27580680178,,1.57257615206,1.08678404023
LEAN06,"HLA-DPA1",ENSG00000231389,3.840643,1.88431898924,,4.12924886703,0.916819200459,0.9569201062907375,,1.48642080602,0.410539367091,1.3345641061,,1.73994885216,,,-1.48175233221,,,,-1.16347485504,-1.22505685099,,,,,,,1.51146684072,6.20569360148,,,,2.34916037202,0.351285818172,1.92783086029,,,,2.6155016581,,,,-0.610405400156,1.85403338234,,,1.48241192618,2.24176479433,,1.61874332096,0.87543252474
LUPU01,"HLA-DPA1",ENSG00000231389,12.443999,1.49125635624,,-0.806029143823,-0.157838460038,2.2202685351068348,,1.40412640572,-4.21344630718,,,2.3349006176,,,0.371890347627,,,,-7.97171728325,-1.96319180528,,,,,,,0.801895200207,1.44118827309,,,,2.02170105888,-4.63771139845,1.18733595909,,,,3.16648912347,,,,-4.95558067465,2.22581730526,,,0.371695520705,1.72688532444,,1.3191881225,
PRSC01,"HLA-DPA1",ENSG00000231389,24.131855,-8.16525976043,,10.5225162482,-9.31267070244,2.89233393374775,,7.62900735378,-3.25470092921,-7.30056015422,,-4.60604106029,,,-9.79723180811,,,,-7.13452442387,-6.12016943548,,,,,,,-6.93718622558,-1.20050861557,,,,-2.53320810908,-13.3167034579,-3.88556044827,,,,-0.691529750453,,,,-13.1685024411,-2.6211869039,,,-7.99322765455,-2.0894249188,,-6.7140069004,-6.42340585829
RHEU01,"HLA-DPA1",ENSG00000231389,81.449613,16.710233893,,12.3189656485,14.7043804343,8.627126906122328,,27.6536178848,22.0339179877,19.182879021,,6.96002545318,,,9.14848500534,,,,8.08288208675,8.03820908631,,,,,,,18.4257969836,10.9629514315,,,,6.41118776091,22.6372844818,21.5512499994,,,,15.9121499747,,,,10.0599694847,17.2166232561,,,16.9040782935,4.98314618187,,18.9051560651,18.7149094571
RHEU02,"HLA-DPA1",ENSG00000231389,92.526075,16.710233893,,12.3189656485,14.7043804343,8.627126906122328,,27.6536178848,22.0616564449,19.182879021,,6.96002545318,,,9.14848500534,,,,8.08288208675,8.03324114356,,,,,,,18.4257969836,10.1728697945,,,,6.69524929228,22.5654412634,21.5512499994,,,,16.1028624994,,,,10.5156435763,17.5378340596,,,22.5907231132,4.99038673165,,18.9051560651,18.7149094571
SCHI01,"HLA-DPA1",ENSG00000231389,6.788719,0.484261929989,,-0.00468226002248,1.95800090958,0.37710047801874463,,1.3035249819,4.44543468043,,,-3.3691880703,,,0.252634066267,,,,4.7419738622,4.2146055308,,,,,,,0.618260439343,-4.1187905787,,,,1.23084174183,3.3612316692,2.36575282213,,,,1.88301840738,,,,2.96681743128,3.52910977422,,,-0.244800256693,-2.44171485092,,0.00788605554702,
SCHI02,"HLA-DPA1",ENSG00000231389,6.072306,0.844482183456,,-0.362605053267,1.79737570155,0.10374073928530374,,1.35821525539,4.25015269271,,,-3.20492005348,,,0.305125575824,,,,4.83003622252,4.27097491626,,,,,,,0.484724482587,-4.13622340211,,,,1.27004575869,3.47683256833,2.56837012214,,,,2.2520620055,,,,3.04956029086,3.87715222822,,,-0.141816254032,-2.38142180759,,-0.117528392902,
