code,target,ENSEMBL,association,Adipose_Subcutaneous,Adipose_Visceral_Omentum,Breast_Mammary_Tissue,Muscle_Skeletal,DGN_Whole_Blood,Whole_Blood,Artery_Aorta,Artery_Coronary,Artery_Tibial,Heart_Atrial_Appendage,Heart_Left_Ventricle,Spleen,Brain_Amygdala,Brain_Anterior_cingulate_cortex_BA24,Brain_Caudate_basal_ganglia,Brain_Nucleus_accumbens_basal_ganglia,Brain_Putamen_basal_ganglia,Brain_Cerebellar_Hemisphere,Brain_Cerebellum,Brain_Cortex,Brain_Frontal_Cortex_BA9,Brain_Hippocampus,Brain_Hypothalamus,Brain_Spinal_cord_cervical_c-1,Brain_Substantia_nigra,Nerve_Tibial,Cells_Transformed_fibroblasts,Cells_EBV-transformed_lymphocytes,Colon_Sigmoid,Colon_Transverse,Esophagus_Gastroesophageal_Junction,Esophagus_Mucosa,Esophagus_Muscularis,Liver,Minor_Salivary_Gland,Small_Intestine_Terminal_Ileum,Stomach,Adrenal_Gland,Pituitary,Pancreas,Thyroid,Lung,Ovary,Prostate,Testis,Uterus,Vagina,Skin_Not_Sun_Exposed_Suprapubic,Skin_Sun_Exposed_Lower_leg
BLOO01,"ABCF3",ENSG00000161204,14.646911,-1.99427025087,-3.53273023353,,-2.77225911711,-1.6973474974388085,-2.12432639343,-3.38470356263,,-2.34987984201,,-3.63595894992,,,,,,,,-0.63088188022,,,,,,,-2.47167342167,-1.09626138353,,-4.34315961268,,-4.07381207617,-1.79694569961,-4.09545111986,,,,-1.81296319718,-2.46634664472,,,-4.4177955924,-2.8679572545,,,,-4.63263936904,,-2.50024136626,0.0906032522562
BLOO21,"ABCF3",ENSG00000161204,5.660112,-2.40046156174,-3.66773426861,,-4.71887075713,-5.324545855026108,-2.90067575375,-0.137554289171,,-1.65641862706,,-2.15719279498,,,,,,,,-0.914234977388,,,,,,,-2.77965582528,-3.86470514378,,-1.20257651962,,-1.19957778436,-3.99158104773,-3.17092286373,,,,-4.61544385484,-0.597959851034,,,-2.63142404282,-3.11253295871,,,,-2.29296678745,,-4.19855771329,-3.16056477535
BLOO22,"ABCF3",ENSG00000161204,4.989700,-2.34949828782,-3.3780894507,,-4.452476227,-5.153251672008861,-2.76730317,-0.132769938502,,-1.60998265532,,-2.11926878676,,,,,,,,-1.02378177824,,,,,,,-2.78484951308,-3.85534237017,,-1.23399080093,,-1.24000540826,-3.80195889522,-3.09734822282,,,,-4.45877266173,-0.374772456506,,,-2.58488950771,-3.01549436892,,,,-2.25943195574,,-3.9486502547,-2.89487953581
BLOO23,"ABCF3",ENSG00000161204,5.188137,-1.77180451498,-2.77795888501,,-4.41775969573,-5.262334137644633,-2.33641262339,1.05850033953,,-0.396550615275,,-1.20135923731,,,,,,,,-1.21880909222,,,,,,,-1.50169171373,-2.6778298107,,-0.789241081525,,-0.579114194603,-3.67474194523,-2.6334919843,,,,-4.66071228644,-0.822994910079,,,-1.98035545268,-2.67558100847,,,,-2.6310005079,,-4.11980852147,-2.73038358398
BLOO27,"ABCF3",ENSG00000161204,5.974981,-1.0179248515,-3.25317708416,,-4.21044734512,-1.4893508669538957,-1.75793948359,-0.749918755476,,-1.11948866753,,-1.6300041352,,,,,,,,1.09765716166,,,,,,,-0.238446658446,-1.71256971371,,-0.761006402084,,-0.451328290041,-1.95284098576,-1.05322451096,,,,-1.20810740761,-1.39243948448,,,-1.64707735765,-1.78894938946,,,,-0.270418034101,,-3.31671010404,-2.36426177236
BLOO33,"ABCF3",ENSG00000161204,14.946960,-2.41608934295,-3.80272466114,,-2.60503500746,-3.4150239948429353,-2.97266370804,-3.94875021814,,-2.6003149419,,-4.06263238896,,,,,,,,-0.813019681467,,,,,,,-2.59659473861,-1.6901048947,,-4.64062135032,,-4.33230843045,-1.46208383499,-4.23709983869,,,,-1.67180279721,-2.03461351626,,,-4.76142345653,-3.35724238212,,,,-4.57713766914,,-2.30123868158,0.177602887138
DEPR03F,"ABCF3",ENSG00000161204,7.307858,-2.70634187518,-2.39071213238,,-4.32391869191,-1.437966755061025,-4.02245965504,0.136435394146,,-1.73608488287,,-1.05511465252,,,,,,,,-0.424743139407,,,,,,,-2.20624909892,-3.67612491614,,-1.13859536229,,0.0992776609968,-3.86919391749,-1.71804581921,,,,-3.47531095428,-0.274493450236,,,-1.5230865191,-4.04319294602,,,,-0.975346595936,,-5.40932015721,-4.44225163753
LEAN04B,"ABCF3",ENSG00000161204,3.419737,2.18365194669,2.8775934084,,4.19490219407,3.2630692266399,1.96876015796,-0.0785463686491,,0.534046228279,,1.38229239225,,,,,,,,1.21445775205,,,,,,,1.27984192811,0.778289232764,,1.30180939237,,0.496805598596,4.03941901644,2.13225895026,,,,5.34107299097,2.77116310591,,,1.58772794086,2.14944203696,,,,2.02458892737,,3.79805444678,3.68061160817
LEAN04,"ABCF3",ENSG00000161204,3.466953,2.42564555136,2.99083590124,,3.79947038566,3.240584087266913,2.03819269842,0.0291657109325,,0.315240452405,,1.59656533586,,,,,,,,1.42208733153,,,,,,,1.47826673535,0.738070898158,,1.35775123676,,0.784739865612,4.04942587644,2.2016095778,,,,5.37747794349,3.33365021682,,,1.77904479814,2.22501174344,,,,2.81541542784,,3.65833428764,3.80581550942
LEAN05B,"ABCF3",ENSG00000161204,3.526907,2.15869994847,2.77274439753,,4.09661599297,3.151121063564496,2.04026172123,-0.0952195323358,,0.401975793651,,1.33813905429,,,,,,,,1.10033741626,,,,,,,1.21798335591,0.698049720124,,1.28843556496,,0.453400913795,3.92884515864,2.0503149378,,,,5.29495741288,2.7334702279,,,1.53394860217,2.21941959876,,,,2.03954715213,,3.82481361617,3.65651611451
LEAN05,"ABCF3",ENSG00000161204,3.402404,2.39308503166,2.90270570144,,3.71026341743,3.177599291719861,2.06141270455,0.0251239007211,,0.231128977101,,1.56642359104,,,,,,,,1.34652125928,,,,,,,1.45752107196,0.671543321822,,1.35161342991,,0.758017133538,3.95593278059,2.15522487621,,,,5.35682789148,3.28976877073,,,1.73550819857,2.24850786778,,,,2.82297834846,,3.65066083265,3.78277499921
LEAN06B,"ABCF3",ENSG00000161204,6.387078,4.17371537235,4.93908105676,,4.99944308376,4.936805366046071,2.45234716473,1.11262364861,,1.27941294813,,3.36881457643,,,,,,,,2.86508089034,,,,,,,3.27277806807,3.08724552138,,1.8935618641,,1.94257524744,6.47073721788,3.88638448455,,,,7.46857965012,3.04200268784,,,3.42803221458,4.38160792525,,,,3.92644142056,,5.17755297018,4.99351838533
LEAN06F,"ABCF3",ENSG00000161204,2.045661,2.61666659761,3.22712951427,,2.99693352256,3.9773580921015226,1.52225242861,0.746874072286,,0.780352153474,,2.15655346798,,,,,,,,1.82107800457,,,,,,,2.70635994981,2.27052227794,,1.4002649735,,1.15243977157,4.22427285302,2.46730124172,,,,5.19737025271,1.06547215818,,,2.20147813052,2.95672360322,,,,2.06608533715,,3.12592199271,3.09031308896
LEAN06M,"ABCF3",ENSG00000161204,6.004540,4.03444571655,4.56601684219,,5.0467516458,3.3886857603303304,2.39697423882,0.99587445819,,1.26554548121,,3.18560198168,,,,,,,,2.72789049051,,,,,,,2.13298825207,2.45770148566,,1.49255128291,,1.97715212863,5.98845419223,3.70396146924,,,,6.41068306357,4.26702435447,,,3.23113827765,3.90450291219,,,,4.41155492351,,5.19345820219,4.8867094618
LEAN06,"ABCF3",ENSG00000161204,8.208527,4.60983782568,5.35177500801,,5.56558163581,4.7929395840273425,2.63392699726,1.18884120421,,1.31626770401,,3.68860349332,,,,,,,,3.11480866656,,,,,,,3.10721779647,3.07712133235,,1.88989435064,,2.16281212736,6.99130903763,4.26661831512,,,,7.79208457981,3.86028295295,,,3.73123503351,4.64238954893,,,,4.59390612045,,5.76532826495,5.42998145825
MENO01F,"ABCF3",ENSG00000161204,1.646988,-1.3841629184,-3.14693096219,,-3.08978059804,-1.395615911598714,-1.71222204381,-1.30603035858,,-2.19667259323,,-2.78558397092,,,,,,,,-1.67300701487,,,,,,,-2.53054709978,-4.15185332439,,-0.175764996177,,-0.281960116641,-2.30223223839,-0.407228706843,,,,-0.799721314494,-5.13169290836,,,-1.76554196936,-1.67449865461,,,,0.284146666556,,-2.20070797703,-2.58747509438
