code,target,ENSEMBL,association,Adipose_Subcutaneous,Adipose_Visceral_Omentum,Breast_Mammary_Tissue,Muscle_Skeletal,DGN_Whole_Blood,Whole_Blood,Artery_Aorta,Artery_Coronary,Artery_Tibial,Heart_Atrial_Appendage,Heart_Left_Ventricle,Spleen,Brain_Amygdala,Brain_Anterior_cingulate_cortex_BA24,Brain_Caudate_basal_ganglia,Brain_Nucleus_accumbens_basal_ganglia,Brain_Putamen_basal_ganglia,Brain_Cerebellar_Hemisphere,Brain_Cerebellum,Brain_Cortex,Brain_Frontal_Cortex_BA9,Brain_Hippocampus,Brain_Hypothalamus,Brain_Spinal_cord_cervical_c-1,Brain_Substantia_nigra,Nerve_Tibial,Cells_Transformed_fibroblasts,Cells_EBV-transformed_lymphocytes,Colon_Sigmoid,Colon_Transverse,Esophagus_Gastroesophageal_Junction,Esophagus_Mucosa,Esophagus_Muscularis,Liver,Minor_Salivary_Gland,Small_Intestine_Terminal_Ileum,Stomach,Adrenal_Gland,Pituitary,Pancreas,Thyroid,Lung,Ovary,Prostate,Testis,Uterus,Vagina,Skin_Not_Sun_Exposed_Suprapubic,Skin_Sun_Exposed_Lower_leg
BODY04,"TRIP11",ENSG00000100815,5.787519,2.17320285318,,,2.90307449954,3.267271976183052,,2.58248391781,,1.14700783089,3.2197834608,2.95832421846,,,,,,,,2.86289110541,,,,,,,3.44547836743,3.0284769612,,,,,1.45109529122,2.88127801287,1.23050293045,,3.58869831573,,,,0.953956842422,2.96621916519,1.58267876616,1.30548782026,,2.08731970288,,-0.229580810966,1.18921012179,
HEIG03,"TRIP11",ENSG00000100815,15.899147,-5.68034022646,,,-5.98414642765,-7.389860718297928,,-6.04005781226,,-3.16845566161,-7.10719393462,-7.06309200906,,,,,,,,-3.28499539528,,,,,,,-7.18658710435,-5.44071858983,,,,,0.647261275501,-5.08203074972,-5.65603275734,,-6.66360628988,,,,-0.311362117529,-6.09971923827,-6.54590608401,-2.32437117574,,-6.59511780127,,-2.85518416966,-3.32070179489,
HEIG04F,"TRIP11",ENSG00000100815,6.715321,-2.77149116531,,,-3.10775589161,-3.4641388568195013,,-2.15651941788,,-1.93615808115,-3.20639494478,-3.46095924507,,,,,,,,-1.3279660281,,,,,,,-3.49240892879,-3.02859485883,,,,,1.14186576743,-1.7053152277,-2.59385201566,,-3.75394134695,,,,0.901089668274,-3.02284585358,-2.96428354185,-0.861482186831,,-3.0150947202,,-2.36170440878,-1.7898938967,
HEIG04M,"TRIP11",ENSG00000100815,7.572563,-4.25378144212,,,-2.7198848006,-4.606959354457484,,-3.11194916586,,-1.05915796273,-3.89994560985,-3.77614628196,,,,,,,,-2.56863432365,,,,,,,-3.81089447416,-2.79432904971,,,,,0.308390810525,-3.23536863461,-2.8211699438,,-3.20049973831,,,,-1.36580228806,-3.67638631055,-3.86615791787,-0.588329725646,,-3.86619743843,,-0.840017898798,-2.32303722471,
HIPC03,"TRIP11",ENSG00000100815,6.848845,-3.17286677722,,,-3.38300582534,-4.2106506015580045,,-3.30409430139,,-2.55281937323,-3.5423091101,-3.94893850385,,,,,,,,-1.63712365331,,,,,,,-3.52674699548,-2.69154852425,,,,,-0.731412642124,-2.66512494503,-3.03585643897,,-3.27057635413,,,,-0.349752128124,-3.14594210179,-4.38825160569,-1.87683400645,,-3.2580223297,,-1.6665036294,-2.21210310774,
HIPC04,"TRIP11",ENSG00000100815,6.027381,-3.09373961978,,,-3.30374671757,-4.096977783242782,,-3.22169449036,,-2.47445656897,-3.45396853292,-3.85045710649,,,,,,,,-1.5970713793,,,,,,,-3.44094239586,-2.57642066373,,,,,-0.715277445802,-2.58720379685,-2.96014612383,,-3.18901244482,,,,-0.341029793024,-3.0674863676,-4.27821851428,-1.80897418441,,-3.17677149857,,-1.64244501579,-2.15693616584,
LEAN06,"TRIP11",ENSG00000100815,4.686787,-2.52493069529,,,-3.28000438958,-3.816790952605655,,-3.56089179894,,-3.30504457135,-3.71329655607,-4.03349151774,,,,,,,,-1.63856830362,,,,,,,-4.16410922945,-2.36697462623,,,,,0.803032185704,-1.36997025836,-4.99751848436,,-4.02269111346,,,,0.865618109703,-2.42293052593,-3.15803001242,-1.82550285441,,-3.77404227347,,-2.98535020773,-2.03431829769,
OSTE04,"TRIP11",ENSG00000100815,6.482685,3.58247590565,,,4.78974211498,4.726801908677826,,4.57982799926,,4.1047147353,4.10414419547,4.6517569077,,,,,,,,2.50794789291,,,,,,,4.53073987588,3.49940518053,,,,,1.52270826364,3.96109996048,3.37282901383,,4.35849871961,,,,-1.35611879826,4.93742118189,4.46523549398,2.06688115987,,4.19693463376,,3.12178179049,2.76897744131,
WAIS03M,"TRIP11",ENSG00000100815,9.751340,-3.3568842153,,,-3.97126023647,-4.9852959698291714,,-4.27804058837,,-3.00313562905,-4.09404180265,-3.95394490688,,,,,,,,-3.99134418336,,,,,,,-4.34156557261,-2.79115485105,,,,,-1.88288715697,-3.99845522036,-2.9139215826,,-4.39689005478,,,,0.877128064632,-4.17821237112,-4.52577206857,-1.48451011756,,-3.61087889021,,-2.86905048317,-3.34764013828,
WAIS03,"TRIP11",ENSG00000100815,7.543801,-3.16017155437,,,-2.9862960557,-4.156904766720907,,-3.29799580889,,-1.69039096635,-3.94406164737,-3.64163478855,,,,,,,,-2.47989199378,,,,,,,-3.94684045213,-2.36236599904,,,,,-1.72674206931,-3.09529199911,-1.45029417055,,-3.95538800095,,,,-0.406868129969,-3.33368137092,-4.70248895263,-0.914341927456,,-3.14845913532,,-1.60206368054,-0.720167930152,
WAIS04M,"TRIP11",ENSG00000100815,7.509269,-3.29960191299,,,-3.89874926576,-4.881430092591722,,-4.20503957984,,-2.92631939148,-4.02418059818,-3.88647436455,,,,,,,,-3.91857307869,,,,,,,-4.27094134697,-2.73544568777,,,,,-1.83460925316,-3.91422839202,-2.86419809039,,-4.32186090892,,,,0.862160623074,-4.10691483412,-4.4192473569,-1.42243201454,,-3.54926244691,,-2.80752504166,-3.29051560741,
WAIS04,"TRIP11",ENSG00000100815,6.811128,-3.08377440222,,,-2.91607216335,-4.045996522415119,,-3.21826674942,,-1.6292446674,-3.84871389414,-3.55359825119,,,,,,,,-2.41630797417,,,,,,,-3.85394519921,-2.3221062278,,,,,-1.67692100995,-3.00702336359,-1.41523339919,,-3.85976633547,,,,-0.397032082081,-3.2530895341,-4.56827674927,-0.892542483405,,-3.07234509374,,-1.54651899295,-0.702757882468,
