code,target,ENSEMBL,association,Adipose_Subcutaneous,Adipose_Visceral_Omentum,Breast_Mammary_Tissue,Muscle_Skeletal,DGN_Whole_Blood,Whole_Blood,Artery_Aorta,Artery_Coronary,Artery_Tibial,Heart_Atrial_Appendage,Heart_Left_Ventricle,Spleen,Brain_Amygdala,Brain_Anterior_cingulate_cortex_BA24,Brain_Caudate_basal_ganglia,Brain_Nucleus_accumbens_basal_ganglia,Brain_Putamen_basal_ganglia,Brain_Cerebellar_Hemisphere,Brain_Cerebellum,Brain_Cortex,Brain_Frontal_Cortex_BA9,Brain_Hippocampus,Brain_Hypothalamus,Brain_Spinal_cord_cervical_c-1,Brain_Substantia_nigra,Nerve_Tibial,Cells_Transformed_fibroblasts,Cells_EBV-transformed_lymphocytes,Colon_Sigmoid,Colon_Transverse,Esophagus_Gastroesophageal_Junction,Esophagus_Mucosa,Esophagus_Muscularis,Liver,Minor_Salivary_Gland,Small_Intestine_Terminal_Ileum,Stomach,Adrenal_Gland,Pituitary,Pancreas,Thyroid,Lung,Ovary,Prostate,Testis,Uterus,Vagina,Skin_Not_Sun_Exposed_Suprapubic,Skin_Sun_Exposed_Lower_leg
BLOO02,"PRR13",ENSG00000205352,12.069336,-4.08021536399,-4.16966644983,,,1.113459663664731,,-4.86450158662,-4.06155459556,-4.26825077187,-4.08284977313,-5.82941988042,,,,,,,,,,,,,,,-5.59735835912,-1.29730045369,,-4.25420990241,,-4.0842719244,,-3.19468961586,,,,-1.82139641036,,,,-5.96778626791,-3.73877969255,,,-5.00368744705,-3.04818354787,,-5.42391474236,-5.69577929425
BLOO04,"PRR13",ENSG00000205352,10.968511,-3.53793398229,-4.0230465935,,,1.7670139533824398,,-4.53530202878,-3.37747408329,-4.34726355382,-3.61928549593,-5.18568919242,,,,,,,,,,,,,,,-5.21291702912,-2.13925266332,,-4.03208662331,,-3.93314831254,,-3.13876648996,,,,-0.228837856173,,,,-5.72455765449,-2.71217758392,,,-4.96991040196,-2.86769481552,,-4.55688875718,-4.61654166783
BLOO26,"PRR13",ENSG00000205352,17.012857,4.87119712062,5.77375812528,,,-0.7330214139991907,,6.56772136781,5.26298317298,5.96657140571,5.98971114424,6.96805715182,,,,,,,,,,,,,,,6.44737149117,2.99805668796,,5.93323260201,,5.43600950926,,4.9532989784,,,,1.56021556035,,,,6.95716765294,4.81751388938,,,5.92528319619,4.63547207096,,6.55826399983,6.77875883957
BLOO27,"PRR13",ENSG00000205352,21.735985,5.64550879373,6.80812995027,,,-1.085965967505954,,7.92507339746,6.36330994527,7.2423514084,7.11005290083,8.56679262848,,,,,,,,,,,,,,,8.03517363872,3.59240736292,,7.15088900783,,6.98782225909,,5.91204369049,,,,2.61430618502,,,,8.69117207012,5.90352182264,,,7.53872472239,5.2149061092,,8.11829916577,8.2493599514
BLOO28,"PRR13",ENSG00000205352,5.386613,3.80846527239,4.86772798993,,,0.30508367428129546,,4.30665067338,3.45882665065,3.04184000652,3.37707918838,4.00558628059,,,,,,,,,,,,,,,3.96980601192,3.24452739109,,4.61483874996,,3.49555284309,,3.33962594908,,,,1.23665015909,,,,4.00275827626,2.02642089997,,,3.04343282539,2.46241322213,,3.79756038884,4.03811401719
BLOO29,"PRR13",ENSG00000205352,4.115771,2.35306610087,3.42556812046,,,0.9006508216305077,,3.67990707372,2.33917051936,3.39607464428,3.48972028946,3.51214140536,,,,,,,,,,,,,,,3.65228294149,3.37935877518,,3.36894912515,,3.01908220124,,1.79322144841,,,,6.38033017382,,,,3.62154533889,0.931446248297,,,2.9547674409,2.94171227531,,3.50964324674,3.55152891221
BLOO36,"PRR13",ENSG00000205352,6.442348,-2.70696501722,-3.21229215063,,,1.8404586191943855,,-3.56345686334,-2.55992192065,-3.44754680326,-2.77908115795,-4.00807933808,,,,,,,,,,,,,,,-4.08986279487,-1.91627871056,,-3.20296150555,,-3.11165555304,,-2.44600922919,,,,0.24894996871,,,,-4.51731080176,-1.85147488768,,,-3.96626220738,-2.3312272075,,-3.44891237661,-3.46090212885
LEAN06B,"PRR13",ENSG00000205352,5.869473,-3.12573760198,-3.50132586343,,,-0.23444514515915693,,-4.03791134306,-2.98158721317,-3.17633973115,-2.56270749348,-3.4505912685,,,,,,,,,,,,,,,-3.47302480385,-3.06704007504,,-3.31472701046,,-3.3487503642,,-3.43923857387,,,,-1.718843877,,,,-3.56602109318,-4.17759521199,,,-3.11265270222,-1.74333285167,,-3.30093306144,-3.82659029863
LEAN06,"PRR13",ENSG00000205352,7.095994,-2.83745592329,-3.12158093698,,,-0.9671510517679999,,-3.77917352163,-2.92804034194,-3.05372426778,-2.51633349373,-3.23296886223,,,,,,,,,,,,,,,-3.25306137486,-2.75349366895,,-2.9790618072,,-3.03867045292,,-3.04539981732,,,,-2.12671671068,,,,-3.35995477544,-4.04626340425,,,-2.54114675834,-1.22950364483,,-3.04874603692,-3.62282786645
