code,target,ENSEMBL,association,Adipose_Subcutaneous,Adipose_Visceral_Omentum,Breast_Mammary_Tissue,Muscle_Skeletal,DGN_Whole_Blood,Whole_Blood,Artery_Aorta,Artery_Coronary,Artery_Tibial,Heart_Atrial_Appendage,Heart_Left_Ventricle,Spleen,Brain_Amygdala,Brain_Anterior_cingulate_cortex_BA24,Brain_Caudate_basal_ganglia,Brain_Nucleus_accumbens_basal_ganglia,Brain_Putamen_basal_ganglia,Brain_Cerebellar_Hemisphere,Brain_Cerebellum,Brain_Cortex,Brain_Frontal_Cortex_BA9,Brain_Hippocampus,Brain_Hypothalamus,Brain_Spinal_cord_cervical_c-1,Brain_Substantia_nigra,Nerve_Tibial,Cells_Transformed_fibroblasts,Cells_EBV-transformed_lymphocytes,Colon_Sigmoid,Colon_Transverse,Esophagus_Gastroesophageal_Junction,Esophagus_Mucosa,Esophagus_Muscularis,Liver,Minor_Salivary_Gland,Small_Intestine_Terminal_Ileum,Stomach,Adrenal_Gland,Pituitary,Pancreas,Thyroid,Lung,Ovary,Prostate,Testis,Uterus,Vagina,Skin_Not_Sun_Exposed_Suprapubic,Skin_Sun_Exposed_Lower_leg
BFPC02B,"SEC16B",ENSG00000120341,18.113645,1.04590263203,,,2.27143906951,,,-0.369827337319,2.23813367041,-2.10508468483,1.80981824363,4.44946743013,,,,,,,,,,,,,,,1.64685540975,,,,,-1.0939414863,-0.504500535762,0.23195567867,2.7015800807,,,1.31252985422,3.74477615389,-1.7963349449,3.16517172078,,-0.758625695509,2.03787837115,,,,,-1.59346100488,-0.806038668981
BFPC02F,"SEC16B",ENSG00000120341,12.605373,1.03405866202,,,1.6420100757,,,-0.122357513273,2.10721533363,-1.64747526936,1.87475015648,3.78659389121,,,,,,,,,,,,,,,1.46649447069,,,,,-0.420309213104,0.317439146968,0.57276246707,2.05548436222,,,1.34373876125,2.27207668218,-1.72159991461,2.23482353508,,-1.01606920908,0.641100681363,,,,,-0.239675025945,0.186319826333
BFPC02M,"SEC16B",ENSG00000120341,8.032485,0.533446817592,,,1.6084034674,,,-0.370480928629,1.21488900349,-1.39613817194,0.856414377597,2.7240386088,,,,,,,,,,,,,,,0.957866518547,,,,,-1.05143275205,-0.866799215899,-0.139904830804,1.83689684854,,,0.6329021868,2.9768301825,-0.955173189182,2.28291501394,,-0.185404305064,2.06705991951,,,,,-1.81563726916,-1.14617789999
BFPC02,"SEC16B",ENSG00000120341,16.361770,1.23089478415,,,2.37503992123,,,-0.182583040538,2.44042551459,-1.99535478136,2.02798404399,4.7435085988,,,,,,,,,,,,,,,1.86510249523,,,,,-0.894375576142,-0.331130744593,0.464333272637,2.87114707575,,,1.5570378511,3.74735258695,-1.76984520628,3.28268167562,,-0.733249833234,1.87702823344,,,,,-1.27483691505,-0.479942731175
BFPC03B,"SEC16B",ENSG00000120341,15.487489,1.08554012267,,,2.25688731764,,,-0.4100999758,2.28208165912,-2.08794468666,1.80889288911,4.37697017725,,,,,,,,,,,,,,,1.60360826429,,,,,-1.19035886054,-0.493425577392,0.183455417236,2.69486518501,,,1.25248647892,3.74074315021,-1.79411584854,3.17255176374,,-0.802317732043,2.07064492919,,,,,-1.54800092963,-0.836871360305
BFPC03F,"SEC16B",ENSG00000120341,13.429457,1.13133275494,,,1.60413535968,,,-0.157181104083,2.17473052957,-1.61908151984,1.8200954675,3.6597375345,,,,,,,,,,,,,,,1.39088712081,,,,,-0.537449158635,0.303097816372,0.494740693085,2.04182726066,,,1.26151074177,2.27229242168,-1.68277407484,2.26759262866,,-1.04577977949,0.682424116005,,,,,-0.188658094313,0.14567739875
BFPC03M,"SEC16B",ENSG00000120341,7.677884,0.506641859157,,,1.61648610397,,,-0.395354603547,1.21383046916,-1.39336865467,0.890717076408,2.7207772335,,,,,,,,,,,,,,,0.957404600156,,,,,-1.08571701913,-0.847063938609,-0.14497218804,1.83579449307,,,0.615785123054,2.97186043972,-0.976471386111,2.265287859,,-0.213196406377,2.08181888858,,,,,-1.8019759501,-1.15903223642
BFPC03,"SEC16B",ENSG00000120341,21.252790,1.28398583776,,,2.34875531136,,,-0.229496033555,2.48930189886,-1.97484860909,2.00960281987,4.65265940628,,,,,,,,,,,,,,,1.80695281409,,,,,-1.00551755733,-0.317892656683,0.400958293186,2.85800986062,,,1.48377142072,3.73089142604,-1.77168731674,3.28750153086,,-0.786698145804,1.92231762127,,,,,-1.23538782058,-0.519738721847
BFPC04B,"SEC16B",ENSG00000120341,22.465542,2.50480836089,,,4.39038950616,,,0.12390662397,3.87317491725,-1.15582456005,3.79365154035,6.4980718439,,,,,,,,,,,,,,,3.86925692098,,,,,-0.814753525715,-0.644208454542,1.29985734503,4.45252410648,,,2.49155373809,4.95757655804,-2.00494443534,3.17807215652,,-0.524224079384,3.17421759608,,,,,-1.62444123051,0.987205505816
BFPC04F,"SEC16B",ENSG00000120341,19.621602,2.06308821824,,,3.41902133353,,,0.863480595259,3.1463154446,-0.701488377326,3.09439862126,5.5121658057,,,,,,,,,,,,,,,3.38898446213,,,,,-0.264680241908,-0.647203849227,0.570983612065,3.74620194424,,,3.10494309503,3.2551119433,-1.57746467643,3.06635930775,,-0.240743253967,2.35039574003,,,,,-1.20652535009,1.51854627314
BFPC04M,"SEC16B",ENSG00000120341,12.624446,1.7166518115,,,3.1771231053,,,-0.566665813241,2.69224973269,-1.00700005934,2.62714618336,4.31880003017,,,,,,,,,,,,,,,2.48023731516,,,,,-0.90652436745,-0.34357260711,1.31987051976,2.9853875852,,,0.808590246948,4.10651751647,-1.43647912838,1.79546989953,,-0.521912728693,2.39980123639,,,,,-1.22542762561,0.0754623514328
BFPC04,"SEC16B",ENSG00000120341,34.869120,2.60085870538,,,4.45611621907,,,0.416491452969,3.96728056615,-1.05858468741,3.86617467546,6.68183904118,,,,,,,,,,,,,,,4.03946476861,,,,,-0.665477189588,-0.697170373264,1.3085800825,4.59003211799,,,2.82660354138,4.87719621084,-1.91166974518,3.38979825848,,-0.381313280462,3.19038817085,,,,,-1.53691857662,1.25637237871
BODY02,"SEC16B",ENSG00000120341,8.651461,1.3318739863,,,1.89568556774,,,-1.27981160513,1.86316590344,-2.591933707,2.15742725949,3.78932326346,,,,,,,,,,,,,,,2.33688748,,,,,-1.41209342751,-2.14582185825,-0.900540985573,2.98404180669,,,1.20811619336,1.63204009731,-2.97992596632,0.950109892659,,-1.29539549351,2.91125783229,,,,,-2.82192697061,-0.184223243061
BODY03,"SEC16B",ENSG00000120341,28.071266,1.22625243327,,,2.58202545295,,,-2.96174509895,2.25929381895,-3.20208745041,2.7718665697,6.79382990256,,,,,,,,,,,,,,,2.79018921414,,,,,-3.69968406194,-0.766822304588,-1.13728277097,3.58392627339,,,1.09651133932,2.13154669989,-4.49948325477,1.66629499538,,-2.40519669565,2.73829414604,,,,,-4.26717360682,-0.715869844709
BODY04F,"SEC16B",ENSG00000120341,37.869763,1.43687841016,,,2.75454194316,,,-3.42319528921,2.2874269201,-3.11978724063,3.11096726547,6.36044454468,,,,,,,,,,,,,,,3.02383205541,,,,,-4.26407280153,-1.32166572079,-1.17514175771,4.60223834331,,,0.597550854381,2.42845622106,-5.37264623191,2.29389744777,,-3.32547163963,3.03083198769,,,,,-3.92883631854,-0.828566211901
BODY04M,"SEC16B",ENSG00000120341,10.420845,0.0504674838923,,,0.621030500918,,,-1.86629849375,0.829729704835,-2.23593732196,0.754895353756,3.71003340528,,,,,,,,,,,,,,,0.991490469582,,,,,-1.65686939754,0.29794934088,-0.853894678191,1.37185902015,,,0.411350593066,0.648191511657,-2.56193308202,0.575028444935,,-1.64453987469,1.28360491199,,,,,-2.99625264767,-0.747312633129
BODY04,"SEC16B",ENSG00000120341,43.463202,0.922053119971,,,2.33031420466,,,-3.63841893429,2.22193928114,-3.79088221645,2.67689047506,6.98368155171,,,,,,,,,,,,,,,2.48845961073,,,,,-4.11870371544,-0.731602967547,-1.32021472657,3.2979775452,,,0.683815052979,1.83653173616,-5.03697205703,1.5426335807,,-3.07478409589,2.34831702991,,,,,-4.72389441945,-1.27889713515
BODY06B,"SEC16B",ENSG00000120341,25.245942,0.229941666979,,,2.47720477691,,,-1.5813701162,2.7248493943,-2.9570206423,2.38716851251,4.98638873675,,,,,,,,,,,,,,,1.94633414983,,,,,-3.05844119444,-0.242400018044,-0.412833991077,3.00227474878,,,1.5697576844,3.39849022097,-3.48493520581,2.44939211165,,-1.91221116878,2.91311478209,,,,,-3.0272479701,-0.642499372542
BODY06F,"SEC16B",ENSG00000120341,20.146247,0.153179274925,,,1.9544667326,,,-1.05620868541,2.00703509312,-1.78588276143,2.30384794041,4.33334236104,,,,,,,,,,,,,,,1.77601420158,,,,,-1.60255518573,0.60701642171,0.217594342509,2.17483820279,,,1.70149167772,1.76244773493,-3.14517403216,1.45959063483,,-2.10242757194,0.653883053389,,,,,-1.269342852,0.136583661426
BODY06M,"SEC16B",ENSG00000120341,16.283479,0.173401162051,,,1.62488309638,,,-1.1834865587,1.89502203323,-2.3568231411,1.24529421182,2.96705476297,,,,,,,,,,,,,,,1.09196085748,,,,,-2.62283945263,-0.765040500819,-0.686527486756,2.11846292777,,,0.677197742141,2.92897695198,-1.98618260563,1.96847555334,,-0.800520615039,3.16453355536,,,,,-2.84478057853,-0.912025960671
BODY06,"SEC16B",ENSG00000120341,32.343183,0.246329966982,,,2.54074307797,,,-1.5152095423,2.80193424003,-2.77578420242,2.54736021295,5.23286534572,,,,,,,,,,,,,,,2.07279404703,,,,,-2.91723142685,-0.0812956908464,-0.230198280277,3.05464567022,,,1.77139404128,3.28860428079,-3.57420334906,2.43929386484,,-2.03779489304,2.59217329077,,,,,-2.76631813555,-0.440574231836
BODY07B,"SEC16B",ENSG00000120341,36.342724,0.260238319276,,,2.49180801674,,,-1.63132368194,2.81328989402,-2.97528215488,2.40516929035,4.97574086279,,,,,,,,,,,,,,,1.93970827453,,,,,-3.1234145994,-0.21152590891,-0.507076444538,3.0280997506,,,1.57260133281,3.4405953804,-3.50755950288,2.44976185792,,-1.97237028562,2.94550355089,,,,,-3.01211068992,-0.658068649869
BODY07F,"SEC16B",ENSG00000120341,21.894183,0.205199914969,,,1.94604086299,,,-1.13376510983,2.14027016268,-1.83659314213,2.26534437165,4.27905117615,,,,,,,,,,,,,,,1.72978572004,,,,,-1.69095235185,0.628017629433,0.0594048286105,2.19262663678,,,1.69552303743,1.8217245838,-3.1549167602,1.48502457437,,-2.17757882528,0.698932900124,,,,,-1.29329418154,0.0891755894023
BODY07M,"SEC16B",ENSG00000120341,15.672805,0.171701203346,,,1.64565395405,,,-1.18596403435,1.9012043103,-2.34132763689,1.29034903201,2.98406709899,,,,,,,,,,,,,,,1.11425486006,,,,,-2.63885452316,-0.749034108108,-0.687894526619,2.13464323836,,,0.679049277154,2.93933967305,-1.99795426978,1.9499348298,,-0.810101882674,3.1810023958,,,,,-2.81178154531,-0.899630534937
BODY07,"SEC16B",ENSG00000120341,32.707257,0.283307738554,,,2.54625423062,,,-1.57491926106,2.90738651407,-2.79992744529,2.55006423105,5.20786132489,,,,,,,,,,,,,,,2.05166108185,,,,,-2.98783063738,-0.0454588921744,-0.342725244485,3.07511572373,,,1.76847076513,3.33545788538,-3.59740949736,2.44195363833,,-2.10880145621,2.63228858634,,,,,-2.76258080128,-0.469095006958
BODY08B,"SEC16B",ENSG00000120341,33.936929,2.16754972258,,,4.91656474978,,,-0.697434112713,4.63207987133,-1.87402557153,4.60885663827,8.01289801077,,,,,,,,,,,,,,,5.00353859948,,,,,-2.4352575353,-0.714910090117,1.32301054135,5.48086026207,,,3.17020332188,5.21635979032,-3.13184512778,3.10852621745,,-0.865049182645,4.15922610468,,,,,-3.41239975108,1.34308119475
BODY08F,"SEC16B",ENSG00000120341,32.287165,1.52610493154,,,4.07023816949,,,0.261707244975,3.09434913393,-0.79140673833,3.97828809759,6.76473788601,,,,,,,,,,,,,,,4.37123138056,,,,,-1.38629589437,-0.540505702831,1.06127386074,4.53548326201,,,3.612049991,3.30244959268,-2.52548744631,3.06846001951,,-0.613743813293,2.74881144202,,,,,-2.32022769996,1.91228359559
BODY08M,"SEC16B",ENSG00000120341,20.064563,1.67404707069,,,3.27858995944,,,-1.18251157078,3.7218670918,-1.90018839528,2.93624249209,5.23398205217,,,,,,,,,,,,,,,3.14312238809,,,,,-2.16290786083,-0.522536900654,0.912144665007,3.65908486227,,,1.2713207605,4.3477301808,-2.14502947693,1.65077548879,,-0.663090101972,3.36591511065,,,,,-2.70707392752,0.214667910483
BODY08,"SEC16B",ENSG00000120341,56.977448,2.08093228534,,,4.94216093928,,,-0.547610503522,4.5929103723,-1.77112735118,4.687261037,8.18099815349,,,,,,,,,,,,,,,5.10598182302,,,,,-2.39434846861,-0.761088673414,1.3888712866,5.52980228051,,,3.42019516496,5.03928286467,-3.18741035081,3.25726052984,,-0.875884093618,4.03326131108,,,,,-3.3897094603,1.5201380369
FATM02B,"SEC16B",ENSG00000120341,25.214976,0.588451597237,,,2.00447897984,,,-1.19697041245,2.98045080929,-2.7087163687,1.94877739181,4.99695315578,,,,,,,,,,,,,,,1.66420474872,,,,,-1.95582519109,0.506138666085,-0.0618275307396,2.87221935085,,,1.23595492518,3.63376440761,-2.66783700739,3.06239995435,,-1.58514624834,2.8733718389,,,,,-1.97479467095,-0.550699118398
FATM02F,"SEC16B",ENSG00000120341,16.676377,0.296843955888,,,1.56000524925,,,-0.807333512279,2.36827134827,-1.91140967171,2.04685459244,4.51057950339,,,,,,,,,,,,,,,1.65867648387,,,,,-0.930758593069,0.84010191986,0.122725344174,2.34615942268,,,1.50551543449,1.8461206872,-2.43050366556,2.15477860417,,-1.78164220929,0.929091267276,,,,,-0.578676698554,0.361478485457
FATM02M,"SEC16B",ENSG00000120341,12.310026,0.513609228215,,,1.33629176003,,,-0.890794265447,1.94692058634,-1.95263032305,0.900979220679,2.86530404273,,,,,,,,,,,,,,,0.834896611322,,,,,-1.74543806146,0.0050500698325,-0.170944927073,1.83236916226,,,0.416299500258,3.15707199574,-1.51323745918,2.21494025495,,-0.644129922527,2.89476312396,,,,,-2.03944221907,-0.958355503662
FATM02,"SEC16B",ENSG00000120341,35.103816,0.630004064289,,,2.10638538039,,,-1.05580316049,3.13576802039,-2.56485677386,2.17138417719,5.3525581562,,,,,,,,,,,,,,,1.90047842375,,,,,-1.75843196857,0.631134367419,0.0941872891475,3.05769894991,,,1.51477561221,3.54563825504,-2.68270726697,3.15430776005,,-1.62526987931,2.63510014374,,,,,-1.6815724487,-0.241469065819
FATM03B,"SEC16B",ENSG00000120341,18.804765,0.595007951143,,,2.00952991227,,,-1.26698525571,3.02496766131,-2.74378214047,1.96524343085,4.94781340352,,,,,,,,,,,,,,,1.6333572859,,,,,-2.06102905275,0.51119499471,-0.144093577853,2.87271046901,,,1.20079607517,3.66136024799,-2.70145194123,3.04635921562,,-1.66171809262,2.88347224925,,,,,-1.94380621486,-0.60236933299
FATM03F,"SEC16B",ENSG00000120341,17.326445,0.318864875632,,,1.54190708762,,,-0.903442615773,2.44529110734,-1.97321527348,2.01591956752,4.408527325,,,,,,,,,,,,,,,1.58695201667,,,,,-1.0622147815,0.849414036349,-0.00993042902986,2.33253704049,,,1.46746214126,1.89266669835,-2.45654917816,2.15739940672,,-1.87614663797,0.94473893769,,,,,-0.560967637646,0.275788408618
FATM03M,"SEC16B",ENSG00000120341,11.656729,0.505726260056,,,1.35315663237,,,-0.905123697805,1.94003645513,-1.94766263686,0.93780063635,2.86841173369,,,,,,,,,,,,,,,0.845160206256,,,,,-1.77990811728,-0.000380825844526,-0.175113494468,1.83836155675,,,0.394730888537,3.15970176361,-1.5283751548,2.19050711694,,-0.661513765529,2.90265505654,,,,,-2.01858753559,-0.963919556535
FATM03,"SEC16B",ENSG00000120341,28.338414,0.63682039616,,,2.09919513825,,,-1.1416523746,3.18518479005,-2.61014127806,2.17041921192,5.28309271521,,,,,,,,,,,,,,,1.85024600652,,,,,-1.87984537309,0.639793335832,-0.00780705684118,3.04764544921,,,1.47048959314,3.56564185588,-2.72634126615,3.13136019702,,-1.72040639717,2.65197796183,,,,,-1.65916884167,-0.312128000997
FATM04B,"SEC16B",ENSG00000120341,33.775493,2.68577709555,,,4.94403105443,,,-0.152269620654,5.02173592111,-1.44936989208,4.71413690459,7.96097218342,,,,,,,,,,,,,,,4.96228030446,,,,,-1.28216028014,0.261956631398,1.50073314749,5.55700730641,,,3.19070947693,5.70145797286,-2.38739277514,3.72340475413,,-0.681124452965,4.1883471959,,,,,-2.22161161877,1.67633067406
FATM04F,"SEC16B",ENSG00000120341,31.556643,1.88003744855,,,4.01879113114,,,0.660921187947,3.60317390914,-0.675540136593,3.98288455618,6.98203697391,,,,,,,,,,,,,,,4.43979352213,,,,,-0.544278061386,-0.151679543292,0.797525756182,4.76047265605,,,3.73002585239,3.55468373546,-1.90595307972,3.59634321116,,-0.377396657171,2.86902913272,,,,,-1.63327521218,2.27297221389
FATM04M,"SEC16B",ENSG00000120341,19.565814,2.10528811916,,,3.40102168405,,,-0.773666527,3.86243661341,-1.42497346451,3.11589567566,5.04403998177,,,,,,,,,,,,,,,3.06944569608,,,,,-1.30681249312,0.489054211349,1.39344339372,3.61721149916,,,1.22820002812,4.84295424788,-1.67087023618,2.0768897164,,-0.617880827127,3.33597434026,,,,,-1.67503453255,0.380884897484
FATM04,"SEC16B",ENSG00000120341,48.093030,2.67101500902,,,5.02707663228,,,0.109370877886,5.03295273356,-1.30980347644,4.81858866821,8.22722960705,,,,,,,,,,,,,,,5.16655679553,,,,,-1.1453211671,0.148841012794,1.51587469676,5.7155348406,,,3.53485728612,5.54834512152,-2.32615742295,3.95307125991,,-0.574192880365,4.12257324625,,,,,-2.14630612075,1.97495412822
HIPC01F,"SEC16B",ENSG00000120341,14.872863,1.04170479143,,,1.98766116215,,,-2.11142332573,2.01486830563,-2.46711757714,1.86181152747,4.66730073907,,,,,,,,,,,,,,,2.01970892758,,,,,-1.99996564059,0.285642616238,-0.111351130687,3.56862893486,,,0.657015516522,2.02810173547,-3.34634316773,2.38947784012,,-2.12744307518,2.56228614659,,,,,-2.18219342799,-0.0676876558213
HIPC01M,"SEC16B",ENSG00000120341,6.840794,1.53393679832,,,1.91314265562,,,-0.910757014362,0.874204507104,-0.911255585091,1.65103153584,3.38236164885,,,,,,,,,,,,,,,2.36450550354,,,,,-1.32618050016,-0.0952347084967,-0.59966251791,2.81384256561,,,1.18541322071,1.27042303315,-1.79748505743,1.18752381619,,-0.953048110008,0.396325677433,,,,,-2.07197946102,0.346637235085
HIPC01,"SEC16B",ENSG00000120341,26.557505,1.44823585988,,,2.48702200707,,,-2.24800003505,2.01446998724,-2.16562290106,2.27583430834,5.48032554933,,,,,,,,,,,,,,,2.36327462974,,,,,-2.34206667762,0.0960321682697,-0.525005044512,3.06675283585,,,0.935166704343,1.66648933489,-3.42787438717,1.75271679607,,-2.34830122188,0.706749615074,,,,,-2.76705864509,-0.259319204908
HIPC02F,"SEC16B",ENSG00000120341,23.121599,1.22647416032,,,2.03809114689,,,-1.76895252282,2.08895131843,-2.20614581072,1.84363892043,4.69568912137,,,,,,,,,,,,,,,2.10468773896,,,,,-1.73500568091,0.277916917851,-0.0442719729926,3.60480559254,,,0.700236297803,2.09875107482,-3.05802080677,2.49897453478,,-1.76306295395,2.64709305193,,,,,-1.98584363991,0.171975981278
HIPC02M,"SEC16B",ENSG00000120341,7.062999,1.49211517106,,,1.89825299405,,,-0.82270794256,0.76080457659,-0.769240151579,1.63192688359,3.31856928886,,,,,,,,,,,,,,,2.32646816487,,,,,-1.24403506647,-0.132990575782,-0.683366811637,2.74307659379,,,1.10119096825,1.17575095815,-1.81633831157,1.07549931875,,-0.961467027664,0.454935877614,,,,,-2.04542819541,0.354027205186
HIPC02,"SEC16B",ENSG00000120341,27.987331,1.73965620956,,,2.50716272847,,,-1.75310695386,2.08820898367,-1.82693691677,2.23353875768,5.41462661588,,,,,,,,,,,,,,,2.49487756042,,,,,-1.98399659823,0.120135022306,-0.383375403094,3.25222899219,,,1.01422337088,1.80968609734,-3.04642334036,1.96146436867,,-1.79414554334,1.05523014143,,,,,-2.50779410737,0.00285896121874
LEAN04B,"SEC16B",ENSG00000120341,22.261552,0.159229055409,,,1.70214647449,,,-1.39829068861,3.26580937724,-1.7990328079,2.33474782413,5.07155445355,,,,,,,,,,,,,,,1.91062844195,,,,,-2.49356463033,2.1577089601,-0.0629611146457,3.05135525241,,,1.4003786966,1.94004512137,-2.77478895205,2.80886658245,,-2.28194439849,3.08136921035,,,,,-0.651186369281,1.37802115569
LEAN04F,"SEC16B",ENSG00000120341,18.727694,-0.323571528063,,,1.71023218206,,,-1.45369145994,2.39841693391,-1.07307560683,2.43211387939,5.15975248547,,,,,,,,,,,,,,,2.03562401764,,,,,-1.87555192957,1.28387680593,0.265470738155,2.89267879278,,,1.50603819382,0.405242277246,-2.53230441247,2.45164031814,,-2.41828934369,1.15946891869,,,,,-0.34657929622,1.38132155378
LEAN04M,"SEC16B",ENSG00000120341,9.535600,0.733231526045,,,0.638672066957,,,-0.459140496156,2.46536933102,-1.69854713391,0.759145220104,1.82246806552,,,,,,,,,,,,,,,0.556147598325,,,,,-1.81604123777,2.0469244653,-0.485002708054,1.39168695763,,,0.390577190459,2.88013936839,-1.40297018522,1.5753837193,,-0.683972665058,3.85967873676,,,,,-0.679553063806,0.523383134909
LEAN04,"SEC16B",ENSG00000120341,22.613947,0.357474787696,,,1.25548380773,,,-1.17133974265,3.22021561147,-1.93058947981,1.72094781137,3.89973323712,,,,,,,,,,,,,,,1.29916575241,,,,,-2.52528244065,2.34261100646,-0.305308757618,2.43401722915,,,0.966405939522,2.563319374,-2.44328302555,2.41324811059,,-1.83763170966,3.74009645584,,,,,-0.747806113798,1.02412704137
LEAN05B,"SEC16B",ENSG00000120341,27.447137,0.0681448947553,,,1.79316550032,,,-1.53436127479,3.29403814855,-1.92383130507,2.44556952954,5.10319502939,,,,,,,,,,,,,,,1.96833480868,,,,,-2.56905309087,2.19394531192,-0.156174732319,3.11611254766,,,1.48939759127,2.03839291115,-2.87125752243,2.76801737254,,-2.40216917843,3.05818310101,,,,,-0.701536209318,1.31385557994
LEAN05F,"SEC16B",ENSG00000120341,18.021518,-0.461045668927,,,1.80035272838,,,-1.64356950371,2.44761737444,-1.25360333855,2.54590112285,5.17148275436,,,,,,,,,,,,,,,2.07404288549,,,,,-1.98065420016,1.36860984781,0.127472434662,2.94992117873,,,1.61240935761,0.543222589886,-2.66989594282,2.40961142457,,-2.58671389093,1.15535758456,,,,,-0.441518452434,1.28108661781
LEAN05M,"SEC16B",ENSG00000120341,10.449894,0.770780522697,,,0.674273642288,,,-0.434135236269,2.45781650161,-1.67840358868,0.794983627327,1.85871414958,,,,,,,,,,,,,,,0.602830388767,,,,,-1.81086260728,2.00456437637,-0.46315036855,1.42859671459,,,0.398431814225,2.88486092136,-1.3842532811,1.56583597089,,-0.658987884317,3.85238216419,,,,,-0.640711503866,0.548869828959
LEAN05,"SEC16B",ENSG00000120341,17.889377,0.320658862039,,,1.3329602967,,,-1.24258373674,3.24193951715,-1.99284903414,1.81484369542,3.94754338335,,,,,,,,,,,,,,,1.36134758658,,,,,-2.56962766443,2.34938549727,-0.342296842469,2.49476479051,,,1.02570179613,2.63155949203,-2.49270087657,2.3917760176,,-1.90248879649,3.71822687068,,,,,-0.753200191732,1.0021888172
LEAN06B,"SEC16B",ENSG00000120341,45.331540,1.85861439259,,,4.33602024991,,,-0.204456210303,5.03185482621,-0.611317262968,4.84688321231,8.33063588738,,,,,,,,,,,,,,,5.36130833924,,,,,-1.54818220563,2.02989088935,1.71031589856,5.97130865937,,,3.73926271521,4.26398443539,-1.76264912566,4.5761148162,,-0.550742375417,3.9778063317,,,,,-1.44578273501,3.26351213025
LEAN06F,"SEC16B",ENSG00000120341,27.231155,1.09506475667,,,3.83961394135,,,0.0198779116501,3.79833863768,0.156146143533,4.4809611671,7.69180098722,,,,,,,,,,,,,,,4.83822930453,,,,,-0.949162442547,0.959667427413,1.9373045634,5.29922794958,,,3.613470442,2.60450918745,-1.47872294941,4.41458969743,,-0.463817491818,2.28217976391,,,,,-0.873037141022,3.22073939957
LEAN06M,"SEC16B",ENSG00000120341,16.101587,1.90597615622,,,2.43383485851,,,-0.430075266759,3.85755659069,-1.4350351351,2.42651796394,4.18470096567,,,,,,,,,,,,,,,2.86907362344,,,,,-1.53159303137,2.4532921158,0.29605287154,3.33638141945,,,1.6258999547,4.2319711622,-1.11834600158,2.00022090828,,-0.346399348196,4.18292259337,,,,,-1.45169945426,1.31561895498
LEAN06,"SEC16B",ENSG00000120341,35.506458,1.90814954821,,,3.76720866371,,,-0.540698421478,5.03370784159,-1.19656568857,4.15647072973,7.23613824585,,,,,,,,,,,,,,,4.62964402699,,,,,-1.89157422791,2.446090999,1.1970530452,5.254459718,,,3.04752411319,4.59307989351,-1.84090123678,3.78086059378,,-0.708095172597,4.41200237175,,,,,-1.77307554922,2.54637299132
MENA01F,"SEC16B",ENSG00000120341,10.187555,-1.5214036477,,,-1.2488810288,,,1.49671265359,-0.528534487019,1.45474876217,-2.02885666687,-3.19578303411,,,,,,,,,,,,,,,-1.52929776047,,,,,2.09818302854,-0.0748348156546,-0.367379581927,-1.93790477316,,,0.060114401634,-1.91428347965,2.58549032733,-1.0626984148,,1.4395314455,-2.21345462669,,,,,1.57341054354,0.0282556002508
MENA02F,"SEC16B",ENSG00000120341,38.300674,-1.66482043108,,,-2.94203123275,,,1.32496188742,-2.23965769081,1.98315096499,-2.80834872485,-5.48959899922,,,,,,,,,,,,,,,-2.40727197705,,,,,2.51716304655,1.44886338977,-0.462044333392,-2.55070664207,,,-0.589827675499,-3.16355941388,3.52151540917,-2.2253368184,,1.98770577675,-2.12998630658,,,,,3.63388782938,0.383504729672
OBES01,"SEC16B",ENSG00000120341,14.076228,0.897317476873,,,0.927154897759,,,-1.91711500985,2.34648797915,-2.12216494013,0.526361762975,3.88412113808,,,,,,,,,,,,,,,1.42137497512,,,,,-2.17233753253,-0.891411475681,-0.771091067508,2.54298555752,,,0.346356169393,1.28362720664,-3.08365280555,1.39825108649,,-1.64689946175,1.75767191086,,,,,-2.89432756457,-0.879304161023
OBES02,"SEC16B",ENSG00000120341,9.797239,0.910509426121,,,1.67897177376,,,-1.20031676735,1.75759164865,-0.738409614277,1.50327757747,3.42791534148,,,,,,,,,,,,,,,2.11506153074,,,,,-1.66708144131,-0.899744914476,-1.24503237611,2.83768192177,,,0.294892151978,1.68967594577,-2.8327714717,0.612560683397,,-1.22641599178,2.39963064929,,,,,-1.74765424038,0.474607695823
OBES04,"SEC16B",ENSG00000120341,6.303416,0.583633332599,,,1.05643793022,,,-0.35227405504,0.659502274007,-1.08936842701,1.32007176969,3.11728039114,,,,,,,,,,,,,,,1.94613768486,,,,,-1.08266646107,0.331477800113,0.179932129875,2.00539554458,,,0.889269006517,0.652354150337,-1.76790315637,1.48458102666,,-0.189752832055,1.62249001215,,,,,-0.772701345638,0.253873772278
OVER01,"SEC16B",ENSG00000120341,13.204162,0.943004848061,,,1.31357080203,,,-1.43898734083,1.5091389307,-1.10772576841,1.25683556241,4.27200604461,,,,,,,,,,,,,,,2.03290515359,,,,,-1.7094805966,0.996617540607,-0.562754473855,2.9023072681,,,0.227264770837,1.3881232421,-2.93620378465,1.22627912198,,-1.24230122566,1.95343143543,,,,,-2.54781546139,0.417538228761
WAIS01F,"SEC16B",ENSG00000120341,15.491794,1.53532685293,,,2.16840991356,,,-2.14766183261,2.29759013584,-1.80007157778,2.15345563334,4.28891973929,,,,,,,,,,,,,,,2.06889919615,,,,,-1.83545334146,-0.5674851584,-0.231237980898,3.25239958426,,,0.55543986893,2.49768131539,-3.85839870073,1.43697100973,,-2.08452534676,3.09972426224,,,,,-2.42010256304,-0.391382386618
WAIS01M,"SEC16B",ENSG00000120341,7.555721,1.16695603472,,,0.945755686132,,,-1.51091022334,0.89439797844,-1.56689975937,0.874734719994,3.01506672657,,,,,,,,,,,,,,,1.55003597301,,,,,-1.23237604473,-0.486480789898,-0.879284550615,1.94297628748,,,-0.471248451028,0.875488330978,-2.50480324006,0.56653972649,,-1.50475263596,0.806697327791,,,,,-2.51374622228,-0.222120354112
WAIS01,"SEC16B",ENSG00000120341,25.050654,1.49124304535,,,2.1798979464,,,-2.58630421253,2.27953258217,-2.21175589906,2.12557701165,5.06772287956,,,,,,,,,,,,,,,2.00284910511,,,,,-2.11316704985,-0.709703753221,-0.537982592681,2.41829667079,,,-0.0948276020033,2.12539400583,-4.02147789503,0.618075927872,,-2.63928353801,1.22116169957,,,,,-3.51879695575,-0.868456742705
WAIS02F,"SEC16B",ENSG00000120341,21.333314,1.55560851091,,,2.10536156644,,,-1.95055540768,2.30171893109,-1.79932701371,2.09541839551,4.25070175643,,,,,,,,,,,,,,,2.06071475912,,,,,-1.72610561909,-0.584352696438,-0.422689620062,3.19436632672,,,0.630762869741,2.56239301695,-3.81290841667,1.50197139611,,-1.85159754753,3.10124622553,,,,,-2.35884559299,-0.402012727437
WAIS02M,"SEC16B",ENSG00000120341,8.290900,0.851463817944,,,0.94892035725,,,-1.4752785813,0.780645786594,-1.51633176951,0.863237400319,2.98256545553,,,,,,,,,,,,,,,1.19381348098,,,,,-1.22011743704,-0.470727595599,-0.974543839532,1.13791175763,,,-0.44910358127,0.48216291917,-2.44980887228,0.0631587872935,,-1.76987866095,0.193446536704,,,,,-2.50183555715,-0.45971879047
WAIS02,"SEC16B",ENSG00000120341,28.357694,1.66633099416,,,2.13170756021,,,-2.22312232427,2.29850413754,-2.12765838721,2.06018608704,5.01908912638,,,,,,,,,,,,,,,2.01598686901,,,,,-1.94174617339,-0.644164825504,-0.587437211247,2.45118959596,,,0.152072758388,2.21154183011,-3.888442224,0.674027799253,,-2.38286155303,1.51267381709,,,,,-3.34327151524,-0.811128181883
WEIG04F,"SEC16B",ENSG00000120341,13.272646,0.546737331364,,,1.96370013341,,,-1.24298343654,1.93361466118,-0.644186836865,1.98622364532,4.56509837037,,,,,,,,,,,,,,,2.00463814147,,,,,-1.44955181932,-0.0222454667294,0.226397602107,2.65162670983,,,1.2954970985,2.46841549196,-2.08371494773,0.955459799563,,-1.14167855553,1.86234226705,,,,,-2.13667501594,0.793659554355
