code,target,ENSEMBL,association,Adipose_Subcutaneous,Adipose_Visceral_Omentum,Breast_Mammary_Tissue,Muscle_Skeletal,DGN_Whole_Blood,Whole_Blood,Artery_Aorta,Artery_Coronary,Artery_Tibial,Heart_Atrial_Appendage,Heart_Left_Ventricle,Spleen,Brain_Amygdala,Brain_Anterior_cingulate_cortex_BA24,Brain_Caudate_basal_ganglia,Brain_Nucleus_accumbens_basal_ganglia,Brain_Putamen_basal_ganglia,Brain_Cerebellar_Hemisphere,Brain_Cerebellum,Brain_Cortex,Brain_Frontal_Cortex_BA9,Brain_Hippocampus,Brain_Hypothalamus,Brain_Spinal_cord_cervical_c-1,Brain_Substantia_nigra,Nerve_Tibial,Cells_Transformed_fibroblasts,Cells_EBV-transformed_lymphocytes,Colon_Sigmoid,Colon_Transverse,Esophagus_Gastroesophageal_Junction,Esophagus_Mucosa,Esophagus_Muscularis,Liver,Minor_Salivary_Gland,Small_Intestine_Terminal_Ileum,Stomach,Adrenal_Gland,Pituitary,Pancreas,Thyroid,Lung,Ovary,Prostate,Testis,Uterus,Vagina,Skin_Not_Sun_Exposed_Suprapubic,Skin_Sun_Exposed_Lower_leg
BLOO01,"IFITM3",ENSG00000142089,10.936141,-7.85262441241,,-3.93546981664,-3.67606340291,-0.7871366318821572,-2.07046047391,,,-0.759431511303,,,,-6.75938501676,,-6.00933841115,-3.50070589567,-4.21368347016,,,,,,,,-1.92289161823,-4.00067021328,-2.20423528513,-2.69098670811,,,,-1.34082367196,,,,,,,,-3.24766710897,-3.13112500805,,,-7.61268910413,-4.63220267238,,,-0.85929249447,-1.19024050598
BLOO05,"IFITM3",ENSG00000142089,6.685332,-2.87575044004,,-3.22521653202,-2.9926975611,-3.4628360601850914,-3.94887743339,,,-1.69559507668,,,,-3.89287291593,,-2.92817179317,-4.00064146175,-3.40246715726,,,,,,,,-1.5760819011,-2.66241481953,-3.08920803665,-1.39074964525,,,,-4.2184411752,,,,,,,,-3.2283016018,-2.20544205503,,,-1.05606569539,-2.44506820509,,,-5.51358010582,-4.64842484277
BLOO06,"IFITM3",ENSG00000142089,38.411515,9.41351800147,,9.6222823691,9.06500971929,14.175227630696753,12.9827469176,,,2.34026803147,,,,6.55669958118,,10.5558775751,10.4135334205,9.66974628155,,,,,,,,5.64327644998,7.2249103058,6.48381825808,11.3636727566,,,,10.5801690657,,,,,,,,12.2815925968,9.2867639496,,,6.00113263711,8.05420496733,,,9.4496346622,9.63312272701
BLOO07,"IFITM3",ENSG00000142089,10.694326,1.51688545257,,1.21623218296,4.35615835405,3.3571756631549,3.93251269976,,,1.89107155966,,,,1.49596236435,,2.76010096309,0.989838789462,1.05287434542,,,,,,,,1.27083469144,0.815909548184,0.28311582244,6.12918901937,,,,1.01965351697,,,,,,,,3.18762984819,3.42865999303,,,1.57103762443,1.78437283468,,,-0.152561551428,0.398789079029
BLOO08,"IFITM3",ENSG00000142089,8.403293,4.25586839707,,4.45482522914,4.53267218797,6.470104905307188,5.25478684855,,,-0.355643263141,,,,2.99909106892,,4.03988830554,4.75694367417,4.36269894346,,,,,,,,3.7886542996,1.95406641619,0.660558896319,3.62680201561,,,,4.69879935139,,,,,,,,5.48830709459,3.82616216794,,,1.60881387832,4.06794801114,,,4.09502233661,3.93479966184
BLOO09,"IFITM3",ENSG00000142089,33.211429,9.43875577552,,9.60538019544,9.38656700211,14.272460252262993,13.1152651061,,,2.36485978839,,,,6.58411555345,,10.6321272129,10.3508054183,9.6516417066,,,,,,,,5.69359645929,7.17415180206,6.31509286867,11.8394858258,,,,10.4808335818,,,,,,,,12.4545980845,9.47975535288,,,6.07860768054,8.13815129109,,,9.27647912931,9.50202571308
BLOO10,"IFITM3",ENSG00000142089,34.476943,8.64731194658,,8.75736406997,8.56762484033,13.115416863497456,11.9497511553,,,2.20933693796,,,,5.80243337694,,9.81374055699,9.37159717169,8.76490933857,,,,,,,,5.27071791204,6.5831686693,5.68770656702,10.9765604411,,,,9.55565666715,,,,,,,,11.4517714976,8.81301998913,,,5.72939839618,7.44238328783,,,8.16865568871,8.5471350465
BLOO12,"IFITM3",ENSG00000142089,22.413762,7.65403631553,,7.98942213093,7.62462487381,12.481538660563182,11.3148078475,,,1.35063330073,,,,4.78217043018,,8.54864039858,8.58449926534,7.97985563009,,,,,,,,5.04839375472,5.5132735308,4.63216487097,9.88313331525,,,,8.81396152249,,,,,,,,10.3783584815,8.21281060418,,,4.95407985633,6.70331940018,,,7.56161116167,7.98528697824
BLOO13,"IFITM3",ENSG00000142089,38.605478,9.50140494611,,9.70031473499,9.14932511193,14.407422068232753,12.9841050229,,,2.31289158983,,,,6.67016190759,,10.6106542295,10.4839778265,9.7556977943,,,,,,,,5.69594159453,7.26399846064,6.45336738329,11.4048455523,,,,10.5758051106,,,,,,,,12.3506064758,9.32613123951,,,6.02413061159,8.13940847944,,,9.48134160996,9.67044180875
BLOO16,"IFITM3",ENSG00000142089,9.878309,2.31044605967,,2.17177920494,5.1990426533,5.457244299184889,4.80537192208,,,1.48542018492,,,,2.14480399794,,3.59340329313,2.06110885671,2.05349327303,,,,,,,,1.85330917378,1.24942295875,0.284490308497,6.62658808783,,,,2.06123667687,,,,,,,,4.27717353496,4.26564607533,,,1.6400682064,2.76214496762,,,0.86381931785,1.23538859395
BLOO17,"IFITM3",ENSG00000142089,11.731211,-1.06915961497,,-1.56924630871,1.78980782099,0.1684276589728075,0.148903247291,,,1.43416854538,,,,-0.0961315710142,,-0.153170966628,-1.96836157045,-1.73482833146,,,,,,,,-0.432137852504,-1.09391817293,-1.33946836645,2.936993737,,,,-1.96424959209,,,,,,,,-0.320214164276,0.736510490548,,,-0.230486307892,-0.530930208829,,,-2.71347928608,-2.29975885755
BLOO18,"IFITM3",ENSG00000142089,12.366431,-2.5714756542,,-2.97418250333,0.151570935082,-1.7652811871250214,-1.68435043935,,,0.685215096229,,,,-1.25937245356,,-1.89023153335,-3.4855653581,-3.13490467282,,,,,,,,-1.15818562635,-2.30388319815,-2.48715148252,1.15687989762,,,,-3.39136446751,,,,,,,,-2.14987423749,-0.672562937694,,,-1.35890584376,-1.74732355228,,,-4.09471123483,-3.82814909526
BLOO19,"IFITM3",ENSG00000142089,34.976665,10.6322329035,,11.1844308193,10.6768562051,15.629730247460154,14.6711892211,,,3.43189267306,,,,9.26912685282,,11.6961121099,12.5190256252,11.3712797834,,,,,,,,6.33425985736,8.34114288133,8.05465956086,11.3607253882,,,,12.8643801616,,,,,,,,13.6231027167,10.2646030371,,,6.30565685357,9.29796168344,,,12.8375183761,12.1987271552
BLOO24,"IFITM3",ENSG00000142089,15.430532,-6.31245331809,,-5.9546154518,-6.39054914591,-7.917743602642476,-7.25690167263,,,-2.05382229153,,,,-5.08552177666,,-7.19545149603,-6.25656512135,-5.97992491341,,,,,,,,-2.74463343155,-5.03300219495,-4.5426244127,-7.77512241465,,,,-5.90984623345,,,,,,,,-7.73671630378,-5.74876867255,,,-4.35752866237,-5.28861953364,,,-5.11151419224,-5.01143879182
BLOO28,"IFITM3",ENSG00000142089,31.218266,-9.4146282405,,-10.2348780481,-9.59479005822,-14.524668827951075,-13.7228064916,,,-3.16716614648,,,,-8.32612177617,,-10.3431099577,-11.6283052905,-10.4139827095,,,,,,,,-5.8378934541,-7.55092475029,-7.29051423752,-9.73584124188,,,,-12.1191270033,,,,,,,,-12.2924452104,-9.10564073763,,,-5.23001095094,-8.34481416937,,,-12.5048863348,-11.714912375
BLOO29,"IFITM3",ENSG00000142089,14.996841,10.6501751054,,6.02624820569,4.79593317033,2.8956148665076484,4.23995273764,,,-0.0419581731681,,,,8.77521923865,,8.79006130879,5.19940437016,6.23562361898,,,,,,,,2.84826232004,4.98215304632,3.63666098142,4.45869356912,,,,2.55625835232,,,,,,,,5.36980983552,4.82087174637,,,11.4526537879,6.72879776135,,,0.892380610367,1.59757406871
BLOO30,"IFITM3",ENSG00000142089,42.819415,9.38969492814,,9.56248162261,9.34263164102,14.556921110629915,13.1270448211,,,2.36636378401,,,,6.52504823031,,10.6093416332,10.3091135988,9.60060295051,,,,,,,,5.64098974149,7.14436281173,6.30030106632,11.8177263005,,,,10.5185139492,,,,,,,,12.4144923672,9.47412221682,,,6.05726111072,8.09377886032,,,9.24333760865,9.47981468053
BLOO31,"IFITM3",ENSG00000142089,10.345910,2.35778241075,,2.67568494815,-0.31530787076,1.6264420105742754,1.6091465956,,,-0.400803691707,,,,1.12124131377,,1.69282616523,3.14951700763,2.82375433566,,,,,,,,0.947032443542,2.22707448719,2.75227839901,-0.877650731558,,,,3.0339032246,,,,,,,,1.90267953881,0.475299599307,,,1.62941160285,1.37556109622,,,3.79032391673,3.61535499073
BLOO32,"IFITM3",ENSG00000142089,20.195152,7.91150065219,,7.86045352746,7.38595831919,10.253897646619818,9.54786373002,,,2.43869680803,,,,6.39189367774,,8.79169181621,8.53001082867,7.97985301889,,,,,,,,3.85289381723,6.38563871707,6.03341627264,8.55647509487,,,,8.22172946659,,,,,,,,9.45959226307,6.73280563685,,,5.26649239736,6.65545847339,,,7.86907311196,7.60475555857
CIRR01,"IFITM3",ENSG00000142089,5.366885,-1.82038157354,,-3.71561419314,-3.13391582246,-5.392688119678849,-2.25652962721,,,-1.39998115106,,,,-3.23220459344,,-3.7210584297,-3.71233519643,-3.77665294889,,,,,,,,-3.31664961483,-1.1479030787,-0.0464016551171,-2.12476518996,,,,-2.01983403232,,,,,,,,-3.31028341032,-1.81516136865,,,-2.89896753176,-3.26920168482,,,-3.35578287401,-3.3596170818
