code,target,ENSEMBL,association,Adipose_Subcutaneous,Adipose_Visceral_Omentum,Breast_Mammary_Tissue,Muscle_Skeletal,DGN_Whole_Blood,Whole_Blood,Artery_Aorta,Artery_Coronary,Artery_Tibial,Heart_Atrial_Appendage,Heart_Left_Ventricle,Spleen,Brain_Amygdala,Brain_Anterior_cingulate_cortex_BA24,Brain_Caudate_basal_ganglia,Brain_Nucleus_accumbens_basal_ganglia,Brain_Putamen_basal_ganglia,Brain_Cerebellar_Hemisphere,Brain_Cerebellum,Brain_Cortex,Brain_Frontal_Cortex_BA9,Brain_Hippocampus,Brain_Hypothalamus,Brain_Spinal_cord_cervical_c-1,Brain_Substantia_nigra,Nerve_Tibial,Cells_Transformed_fibroblasts,Cells_EBV-transformed_lymphocytes,Colon_Sigmoid,Colon_Transverse,Esophagus_Gastroesophageal_Junction,Esophagus_Mucosa,Esophagus_Muscularis,Liver,Minor_Salivary_Gland,Small_Intestine_Terminal_Ileum,Stomach,Adrenal_Gland,Pituitary,Pancreas,Thyroid,Lung,Ovary,Prostate,Testis,Uterus,Vagina,Skin_Not_Sun_Exposed_Suprapubic,Skin_Sun_Exposed_Lower_leg
BODY06M,"EXOG",ENSG00000157036,7.028580,-3.70521246755,,-2.96948174557,0.511937705142,-0.8973867555683227,,,,,,,,,-1.31548230481,-3.92537964387,,-4.0285523466,,-3.69789621224,-4.22151531295,-3.78330234496,,-1.08332156395,-3.74310443935,,-4.1651643061,-1.34778159358,,,-3.80366495096,,,,,,-4.05605257625,-4.30449808004,-2.13990800667,,-4.19565070263,-4.41140774155,,-4.27846137108,,-4.10080202408,,-4.34042526733,-3.98941156023,
BODY07M,"EXOG",ENSG00000157036,6.772911,-3.65918517633,,-2.93301990651,0.558091624773,-0.8237456105255629,,,,,,,,,-1.30461983337,-3.87581762633,,-3.99675843978,,-3.65897094257,-4.18787851237,-3.7391919097,,-1.08758467145,-3.70346888791,,-4.12136977588,-1.30170444224,,,-3.75295569971,,,,,,-4.02370448878,-4.27235227283,-2.11069983066,,-4.17681962901,-4.38081055797,,-4.24727575272,,-4.06705707194,,-4.32028263663,-3.9608115883,
BODY08B,"EXOG",ENSG00000157036,6.066685,-3.58186782964,,-3.41867045712,0.0201000961626,-1.5613439396347943,,,,,,,,,-1.93411526785,-3.03218646567,,-4.52294247342,,-3.69136877276,-3.33502807787,-3.7544537362,,-0.36465816019,-3.99325095961,,-4.37903503011,-2.11127595987,,,-4.08810537635,,,,,,-3.9515432385,-4.09008947961,-3.00922548271,,-4.49269738697,-4.64282107742,,-3.92872423144,,-3.71499083313,,-3.66842155023,-4.15734799182,
BODY08M,"EXOG",ENSG00000157036,8.049859,-4.64654262836,,-4.15471244197,-0.469886409538,-1.9957402245481235,,,,,,,,,-2.0030386697,-3.64116568908,,-5.31411887646,,-4.47309147051,-4.50555733626,-3.81703586951,,-0.655315773865,-4.8433052494,,-5.00423900857,-2.54286728952,,,-4.74732170743,,,,,,-4.83703362996,-4.97082625359,-3.68365100481,,-5.24260460433,-5.31846671949,,-4.80558551025,,-4.67871204702,,-4.49940104558,-4.92961908058,
LEAN04B,"EXOG",ENSG00000157036,7.935729,-3.98191656374,,-3.25214335798,0.608940395796,-1.8412211292894318,,,,,,,,,-1.44480307561,-2.18366091047,,-4.37329625209,,-4.08205757932,-4.49772883153,-3.29353342732,,-0.812631978816,-4.09352189571,,-4.22260553132,-1.18832032593,,,-4.58719256225,,,,,,-4.69462967525,-4.67558042727,-3.11042667002,,-4.51556863002,-4.63598308087,,-4.48068813265,,-3.99714590918,,-4.80650275332,-3.57593053455,
LEAN04M,"EXOG",ENSG00000157036,6.298363,-3.16478054843,,-2.53928801128,1.50833455127,0.28241909630900486,,,,,,,,,0.205719661439,-1.98821972929,,-3.27187909931,,-2.94965003022,-3.92825704241,-3.70748661669,,-2.18533717919,-2.86686140927,,-3.51659964899,-0.213616127056,,,-3.22736606862,,,,,,-3.57877091194,-3.88598942649,-1.62730674301,,-3.84190833594,-3.86664731614,,-3.66574628257,,-3.2200453108,,-4.09541252695,-3.10111787074,
LEAN04,"EXOG",ENSG00000157036,9.093385,-4.17680834405,,-3.37938967511,1.12872751178,-0.9822033546513836,,,,,,,,,-0.734564801036,-2.40709290087,,-4.45169011478,,-4.08838752604,-4.87865293576,-4.00906892572,,-1.69014911328,-4.07860454264,,-4.46113946627,-0.855025482388,,,-4.54348103049,,,,,,-4.78986815714,-4.95773344233,-2.77069196905,,-4.84407067199,-4.94526122935,,-4.71938141699,,-4.18687635839,,-5.14438696067,-3.88077552004,
LEAN05B,"EXOG",ENSG00000157036,8.620296,-4.08986549478,,-3.28640144478,0.604191568495,-1.8508710907143746,,,,,,,,,-1.59613124687,-2.23585754389,,-4.51271170967,,-4.25686785614,-4.60798263989,-3.37527097004,,-0.903222122345,-4.18329488296,,-4.28684367127,-1.32159281809,,,-4.68684833645,,,,,,-4.77059309733,-4.79021271592,-3.1065121034,,-4.61415738317,-4.75307101746,,-4.56929086092,,-4.11921121513,,-4.87794781962,-3.68521026684,
LEAN05M,"EXOG",ENSG00000157036,6.010363,-3.13797472575,,-2.52913315097,1.55941308102,0.333922048416552,,,,,,,,,0.229444735508,-1.94218572702,,-3.26064602822,,-2.9355120106,-3.94176454713,-3.71162764473,,-2.24572377764,-2.84825181059,,-3.49224547791,-0.193668898639,,,-3.20411496811,,,,,,-3.57806393609,-3.87831885837,-1.61380237259,,-3.84408619125,-3.86161079676,,-3.66027316625,,-3.19360501996,,-4.11034074428,-3.07353062367,
LEAN05,"EXOG",ENSG00000157036,9.644242,-4.22428716061,,-3.39388406021,1.15242836395,-0.9617097796668623,,,,,,,,,-0.812061652007,-2.40831907689,,-4.53038138668,,-4.18514656239,-4.951979434,-4.05902051287,,-1.76704243274,-4.12174798193,,-4.48668632935,-0.920657871473,,,-4.59283489529,,,,,,-4.84038319327,-5.02257286823,-2.76920310299,,-4.90234273157,-5.01144565949,,-4.76957252143,,-4.24631592949,,-5.19553050303,-3.92782918763,
LEAN06B,"EXOG",ENSG00000157036,13.104749,-5.67810692156,,-4.8337054671,-0.150900185973,-3.2976010911484286,,,,,,,,,-2.3007789058,-3.59934731062,,-5.9737641015,,-5.54551066257,-4.9589018256,-4.71404578115,,-0.938818915276,-5.79308438553,,-5.7194451983,-3.13595056194,,,-6.23111146006,,,,,,-5.67604730673,-6.12514422713,-3.80432325886,,-6.22291039081,-6.38447954304,,-5.76194425423,,-5.12353289453,,-5.63192178671,-5.85502001123,
LEAN06F,"EXOG",ENSG00000157036,6.422313,-3.9816237913,,-3.28287249176,-0.243940377722,-2.5982945902937264,,,,,,,,,-1.80643942133,-2.41558069805,,-4.29640416583,,-3.93791114101,-3.13035610237,-3.20985509741,,0.131491431218,-4.26462813265,,-4.05986486923,-2.43750236963,,,-4.43050746082,,,,,,-3.72651308016,-4.27633545614,-2.39272186691,,-4.38980420671,-4.63727079141,,-4.01690068795,,-3.59397462365,,-3.84333367907,-4.2555515262,
LEAN06M,"EXOG",ENSG00000157036,8.577640,-4.82963180019,,-4.278438522,0.0836193067459,-2.358968058010066,,,,,,,,,-1.65366487911,-3.23157665432,,-4.9123354955,,-4.64498205617,-4.76082033272,-4.15975608076,,-2.03688205976,-4.61001816689,,-4.78797871289,-2.29710532346,,,-5.2038875653,,,,,,-5.22470575192,-5.23866880168,-3.66649288736,,-5.2541608227,-5.18053549751,,-4.93695139888,,-4.35790311203,,-4.95556933538,-4.74542787959,
LEAN06,"EXOG",ENSG00000157036,12.789227,-6.00090488351,,-5.12669242602,-0.00140645242934,-3.167735529864559,,,,,,,,,-2.2408022687,-3.87038155011,,-6.24285790335,,-5.7852966206,-5.57925191865,-5.09240025885,,-1.6249749733,-5.98867668685,,-5.92600025406,-3.06118301127,,,-6.51328471958,,,,,,-6.19932560389,-6.52606059838,-4.16480914414,,-6.56954086616,-6.64532769984,,-6.14701956219,,-5.42606544327,,-6.07285223199,-6.08130968945,
