code,target,ENSEMBL,association,Adipose_Subcutaneous,Adipose_Visceral_Omentum,Breast_Mammary_Tissue,Muscle_Skeletal,DGN_Whole_Blood,Whole_Blood,Artery_Aorta,Artery_Coronary,Artery_Tibial,Heart_Atrial_Appendage,Heart_Left_Ventricle,Spleen,Brain_Amygdala,Brain_Anterior_cingulate_cortex_BA24,Brain_Caudate_basal_ganglia,Brain_Nucleus_accumbens_basal_ganglia,Brain_Putamen_basal_ganglia,Brain_Cerebellar_Hemisphere,Brain_Cerebellum,Brain_Cortex,Brain_Frontal_Cortex_BA9,Brain_Hippocampus,Brain_Hypothalamus,Brain_Spinal_cord_cervical_c-1,Brain_Substantia_nigra,Nerve_Tibial,Cells_Transformed_fibroblasts,Cells_EBV-transformed_lymphocytes,Colon_Sigmoid,Colon_Transverse,Esophagus_Gastroesophageal_Junction,Esophagus_Mucosa,Esophagus_Muscularis,Liver,Minor_Salivary_Gland,Small_Intestine_Terminal_Ileum,Stomach,Adrenal_Gland,Pituitary,Pancreas,Thyroid,Lung,Ovary,Prostate,Testis,Uterus,Vagina,Skin_Not_Sun_Exposed_Suprapubic,Skin_Sun_Exposed_Lower_leg
BLOO25,"NEXN",ENSG00000162614,2.540472,1.0545066794,0.542068069553,,,-4.96418519571876,,1.21360135078,,,,,,,,,-0.111120440591,,,,,,,,,,0.670048088742,1.49190083842,3.02950765097,,,,,,,,,,1.19769265863,,,1.27551390444,-0.673748537079,0.354356332056,,,,,,0.439360976219
BODY03,"NEXN",ENSG00000162614,8.653941,-0.232865835055,-0.338620885687,,,5.045610169210512,,-0.8344835639,,,,,,,,,-1.1526556015,,,,,,,,,,0.064414789468,-0.154563315933,-3.09465788149,,,,,,,,,,-0.234164781606,,,-0.755898759075,0.384228945557,-1.94686171879,,,,,,0.748711287975
BODY04F,"NEXN",ENSG00000162614,9.264625,-0.484287814983,0.00322907951976,,,4.676835810506292,,-0.610007762909,,,,,,,,,-1.64081203938,,,,,,,,,,0.307503194448,-0.200593885187,-2.61684693305,,,,,,,,,,-0.420955310407,,,-0.633104120145,0.116823483561,-1.39387947907,,,,,,0.436788678169
BODY04,"NEXN",ENSG00000162614,11.244194,-0.306758068764,-0.481159746941,,,5.483144590653315,,-0.939086318016,,,,,,,,,-1.19934463501,,,,,,,,,,0.0316198425336,-0.215885559186,-3.30161664227,,,,,,,,,,-0.251290746633,,,-0.920799006377,0.371716467744,-2.15833937395,,,,,,0.783712387085
BODY08B,"NEXN",ENSG00000162614,7.531165,0.519475317806,0.654402767944,,,5.913850663378004,,0.822413384914,,,,,,,,,0.698047082203,,,,,,,,,,1.45274294625,1.41707020371,-4.58510538281,,,,,,,,,,1.38335876964,,,1.00010922199,1.84666311203,-2.12633665016,,,,,,0.351417243481
BODY08F,"NEXN",ENSG00000162614,2.934159,-0.323064745087,-0.182660612001,,,5.080908377889726,,0.0698751881719,,,,,,,,,1.93459937741,,,,,,,,,,0.549166513086,0.519496963381,-3.472956178,,,,,,,,,,0.79721562988,,,0.239151397935,0.952988492422,-1.01195384793,,,,,,-0.121404059231
BODY08,"NEXN",ENSG00000162614,6.303111,0.357028056425,0.511162051997,,,6.07497996414848,,0.699947595596,,,,,,,,,1.08627068799,,,,,,,,,,1.32820626931,1.25262150088,-4.636860567,,,,,,,,,,1.29374482096,,,0.884943317738,1.72434428566,-1.96588158471,,,,,,0.172121778131
FATM04B,"NEXN",ENSG00000162614,7.228787,-0.386336181205,-0.0551050981866,,,6.309359752661828,,0.13644143939,,,,,,,,,0.214906567464,,,,,,,,,,0.685142269068,0.355117611561,-5.03440408018,,,,,,,,,,0.264133400119,,,0.270074243434,1.04405481165,-2.39343767648,,,,,,-0.515841901302
FATM04F,"NEXN",ENSG00000162614,5.008251,-0.0984766094844,-0.0449834373284,,,6.0963539942380915,,0.119162015617,,,,,,,,,1.40342893402,,,,,,,,,,0.666625595166,0.444885633239,-4.39783692468,,,,,,,,,,0.610755808168,,,0.246825117172,1.0417376126,-1.05145356955,,,,,,0.16177251935
FATM04,"NEXN",ENSG00000162614,6.366340,-0.338326293891,-0.0324047251904,,,6.619436861338329,,0.149296432734,,,,,,,,,0.537121053536,,,,,,,,,,0.7324801543,0.370831027958,-5.1702917109,,,,,,,,,,0.333582853099,,,0.28916670096,1.07456265627,-2.22778595352,,,,,,-0.448266744614
HIPC01F,"NEXN",ENSG00000162614,7.562519,-0.546648487123,-0.116088775041,,,4.454448248481115,,-0.830577850342,,,,,,,,,-1.90602338314,,,,,,,,,,0.00786017377446,-0.468651790684,-2.49939315064,,,,,,,,,,-0.675425070227,,,-0.9730831256,0.320019751944,-0.700796919277,,,,,,0.335875749588
HIPC01,"NEXN",ENSG00000162614,9.619590,-0.29935687155,-0.0591498456579,,,5.604783635546744,,-0.483790785074,,,,,,,,,-1.76507949829,,,,,,,,,,0.36056435071,-0.407903395205,-3.42298339671,,,,,,,,,,-0.438898858185,,,-0.58852681127,0.49201331113,-1.68674585365,,,,,,0.157011881471
HIPC02F,"NEXN",ENSG00000162614,6.689031,-0.532910168802,-0.113171289643,,,4.340448409418034,,-0.809703826904,,,,,,,,,-1.8581212759,,,,,,,,,,0.0359407631547,-0.456873635297,-2.43271031029,,,,,,,,,,-0.658450293867,,,-0.948627648083,0.310869418287,-0.705462466994,,,,,,0.327434509993
HIPC02,"NEXN",ENSG00000162614,7.676542,-0.291160339545,-0.0575302762631,,,5.336160789531544,,-0.470544368029,,,,,,,,,-1.71675086021,,,,,,,,,,0.364085969503,-0.396734804637,-3.26340615588,,,,,,,,,,-0.426881605165,,,-0.572412686031,0.470409182984,-1.69819085533,,,,,,0.15271282196
LEAN05B,"NEXN",ENSG00000162614,5.861982,2.71084728534,2.61867833742,,,4.433768862690267,,3.021515131,,,,,,,,,1.35145708761,,,,,,,,,,3.480671692,2.99623036018,-2.3121075248,,,,,,,,,,3.16835440724,,,2.95179132713,3.25380064278,-0.458382913571,,,,,,1.96315407753
LEAN06B,"NEXN",ENSG00000162614,11.689987,1.86525291084,1.52393159161,,,8.053524343243652,,1.77158427238,,,,,,,,,1.49459820096,,,,,,,,,,2.62077533839,2.26398968122,-5.00726822831,,,,,,,,,,2.5867976306,,,2.13448731002,2.75144751543,-0.68929332297,,,,,,1.44178760052
LEAN06F,"NEXN",ENSG00000162614,6.831709,0.881455663137,0.555582299418,,,6.715052997895605,,0.918845534325,,,,,,,,,1.40214597812,,,,,,,,,,1.62981757239,1.20636000331,-4.04465821712,,,,,,,,,,1.65193458325,,,1.290206569,1.55184882793,0.103957252104,,,,,,0.961000621319
LEAN06M,"NEXN",ENSG00000162614,8.892553,2.25444478834,2.10299216744,,,5.174269882886674,,2.01726937294,,,,,,,,,0.715607702953,,,,,,,,,,2.55787189591,2.52629748831,-3.41917088207,,,,,,,,,,2.45768773367,,,2.14171552059,2.93568498246,-1.50607132938,,,,,,1.30390036106
LEAN06,"NEXN",ENSG00000162614,14.211273,2.30327445498,1.97262547585,,,7.619733919404587,,2.1050927639,,,,,,,,,1.35197744971,,,,,,,,,,2.89498812327,2.64358822979,-4.92695748713,,,,,,,,,,2.83931084799,,,2.40227594548,3.17438867126,-1.07546393201,,,,,,1.49986720085
WAIS01,"NEXN",ENSG00000162614,8.829914,-0.15028153275,-0.150299579608,,,5.229255497035611,,-0.44144141674,,,,,,,,,-1.57206189632,,,,,,,,,,0.54198023527,0.0272477201891,-2.988282722,,,,,,,,,,0.0490257898462,,,-0.419084837373,0.744789077412,-1.82374284497,,,,,,0.365048378706
WAIS02,"NEXN",ENSG00000162614,8.360563,-0.145499916347,-0.145517398964,,,5.103340935538047,,-0.427395790815,,,,,,,,,-1.52204251289,,,,,,,,,,0.526903897275,0.0263807678247,-2.95585205024,,,,,,,,,,0.0474659072882,,,-0.405750520935,0.712126794271,-1.81868505569,,,,,,0.353433400393
