code,target,ENSEMBL,association,Adipose_Subcutaneous,Adipose_Visceral_Omentum,Breast_Mammary_Tissue,Muscle_Skeletal,DGN_Whole_Blood,Whole_Blood,Artery_Aorta,Artery_Coronary,Artery_Tibial,Heart_Atrial_Appendage,Heart_Left_Ventricle,Spleen,Brain_Amygdala,Brain_Anterior_cingulate_cortex_BA24,Brain_Caudate_basal_ganglia,Brain_Nucleus_accumbens_basal_ganglia,Brain_Putamen_basal_ganglia,Brain_Cerebellar_Hemisphere,Brain_Cerebellum,Brain_Cortex,Brain_Frontal_Cortex_BA9,Brain_Hippocampus,Brain_Hypothalamus,Brain_Spinal_cord_cervical_c-1,Brain_Substantia_nigra,Nerve_Tibial,Cells_Transformed_fibroblasts,Cells_EBV-transformed_lymphocytes,Colon_Sigmoid,Colon_Transverse,Esophagus_Gastroesophageal_Junction,Esophagus_Mucosa,Esophagus_Muscularis,Liver,Minor_Salivary_Gland,Small_Intestine_Terminal_Ileum,Stomach,Adrenal_Gland,Pituitary,Pancreas,Thyroid,Lung,Ovary,Prostate,Testis,Uterus,Vagina,Skin_Not_Sun_Exposed_Suprapubic,Skin_Sun_Exposed_Lower_leg
AMIN01,"RBMS2",ENSG00000076067,11.575216,-0.163083956827,,,-0.0062941828271,0.7781610683954612,0.841982379757,-1.01732608848,1.11653973757,,1.48587310674,0.466166332539,2.76256679661,,,,,,-0.24156897336,0.26889921059,,,,,,,-1.95077448687,0.498183123467,0.830832533062,0.364168501088,,,-1.08375337859,,,,2.02411422899,,,,,0.423037152277,,,,0.797685066116,,,,0.460754830186
AMIN02,"RBMS2",ENSG00000076067,40.566662,-2.62764695242,,,-1.40877174956,-3.339275121973437,-3.33508023124,1.17480518278,-3.13689719355,,-4.63671204832,-4.05369912872,-3.78922932672,,,,,,1.62362752634,-3.43129490974,,,,,,,1.90840746203,-2.60990730662,-3.57401072683,1.97633590662,,,1.1173438241,,,,-4.78857954131,,,,,-3.31476378298,,,,-2.9561712489,,,,-2.93833270124
AMIN04,"RBMS2",ENSG00000076067,6.424535,-0.46489476422,,,-1.74736374494,-1.2923298241363426,-1.2550508279,-2.49413504979,-0.830505479352,,-0.0371924513906,-2.28506262867,2.07675942991,,,,,,-1.73897954697,-1.51167618814,,,,,,,-1.68745891533,0.132242671365,-1.38959283276,0.358922629044,,,-2.40911558897,,,,-0.179855165932,,,,,0.627459170049,,,,-0.934672575884,,,,0.0548289469143
BLOO01,"RBMS2",ENSG00000076067,13.069351,6.77108811728,,,-2.09343186857,-2.631657913733362,-2.46933216303,-2.31933745283,-2.36427926234,,0.531395632387,0.683840707455,-0.84725117703,,,,,,-2.92126734236,0.122093619249,,,,,,,7.48772746278,7.43213576637,-1.06921364016,-1.31473478959,,,-1.5012347965,,,,-2.25195990564,,,,,6.57600573869,,,,-2.56460749141,,,,8.90655347505
BLOO29,"RBMS2",ENSG00000076067,26.804792,-13.6424203948,,,2.13198327042,2.53007863114933,2.17275725468,2.55648083568,2.28059959088,,-6.39520351199,-2.62644623992,-0.807511291461,,,,,,-0.125929397148,-3.59893591281,,,,,,,-15.3790943629,-14.2795543272,1.25837232433,-0.57058501713,,,1.10505105218,,,,1.27226721675,,,,,-14.9337215688,,,,1.89120476316,,,,-16.4188883168
BLOO34,"RBMS2",ENSG00000076067,43.194696,-11.4880767492,,,0.873719851882,0.955987939418559,0.717055965838,1.26282973437,0.382945499826,,-6.24863371513,-3.63157297764,-1.58009526169,,,,,,-1.95412365197,-4.29458395082,,,,,,,-12.1101160086,-11.3063393261,0.0195194537759,-0.284385164372,,,-0.0484039098128,,,,-0.145433087973,,,,,-13.1710052043,,,,0.223282996401,,,,-13.2854582026
GLYC08,"RBMS2",ENSG00000076067,6.195315,2.06459388691,,,1.72036469832,1.4280776537821367,1.68150894218,2.40021046398,1.23901641235,,2.25474946893,2.70928959878,-0.898661881338,,,,,,2.79270396957,1.74907072922,,,,,,,2.42458758163,1.88182500644,1.58819172798,1.17029198479,,,2.4815478329,,,,1.59577689436,,,,,0.818355201163,,,,1.2571710674,,,,0.58683526082
LEAN06B,"RBMS2",ENSG00000076067,6.324103,-0.814473590848,,,1.82304124153,1.594787783088172,1.42055985827,2.41604472553,0.38707481285,,1.36009104248,0.195425427303,1.88274246166,,,,,,2.36285299732,1.54625105337,,,,,,,-0.913223370549,-2.81819368549,0.429177272078,1.09000504398,,,2.13149074671,,,,0.599172174061,,,,,-1.12024202468,,,,1.5823140743,,,,-1.93583780668
LEAN06,"RBMS2",ENSG00000076067,5.712310,-0.372307639652,,,2.1952280476,2.0815263110372912,1.83494596758,2.52917635264,0.828503113536,,1.73641636262,0.759674618573,2.49654021693,,,,,,2.54823344337,2.0577042328,,,,,,,-0.904266566594,-2.81166956594,0.873880143482,1.12329757209,,,2.25500254588,,,,1.19447016401,,,,,-0.597240049017,,,,1.9149725759,,,,-1.44955172249
