code,target,ENSEMBL,association,Adipose_Subcutaneous,Adipose_Visceral_Omentum,Breast_Mammary_Tissue,Muscle_Skeletal,DGN_Whole_Blood,Whole_Blood,Artery_Aorta,Artery_Coronary,Artery_Tibial,Heart_Atrial_Appendage,Heart_Left_Ventricle,Spleen,Brain_Amygdala,Brain_Anterior_cingulate_cortex_BA24,Brain_Caudate_basal_ganglia,Brain_Nucleus_accumbens_basal_ganglia,Brain_Putamen_basal_ganglia,Brain_Cerebellar_Hemisphere,Brain_Cerebellum,Brain_Cortex,Brain_Frontal_Cortex_BA9,Brain_Hippocampus,Brain_Hypothalamus,Brain_Spinal_cord_cervical_c-1,Brain_Substantia_nigra,Nerve_Tibial,Cells_Transformed_fibroblasts,Cells_EBV-transformed_lymphocytes,Colon_Sigmoid,Colon_Transverse,Esophagus_Gastroesophageal_Junction,Esophagus_Mucosa,Esophagus_Muscularis,Liver,Minor_Salivary_Gland,Small_Intestine_Terminal_Ileum,Stomach,Adrenal_Gland,Pituitary,Pancreas,Thyroid,Lung,Ovary,Prostate,Testis,Uterus,Vagina,Skin_Not_Sun_Exposed_Suprapubic,Skin_Sun_Exposed_Lower_leg
BLOO06,"SDCCAG3",ENSG00000165689,16.372890,-5.20704170177,,,3.38052523461,-5.109480823129613,-5.66485550951,-6.61579797854,,-5.79102810006,-6.15431203346,,,,,,,,,,,,,,,,,-4.25092363642,1.06360752372,,-5.14068594715,,-6.89219204085,-5.34671655282,7.74919501875,,,-5.63693664359,,,-6.28849778716,-6.556484594,,,,-7.62845847334,,,-3.1867100106,-0.833486477567
BLOO07,"SDCCAG3",ENSG00000165689,10.923141,-5.53757290687,,,0.966327293686,-3.237187778816516,-4.2771342652,-5.3813759148,,-3.42333590676,-3.60808324346,,,,,,,,,,,,,,,,,-4.76483427962,-0.15556204821,,-1.91769932394,,-4.97923374516,-4.96490164802,4.51343470541,,,-4.04673652176,,,-5.24782274702,-4.16723933331,,,,-5.29397557698,,,-4.07803459383,-2.93958883417
BLOO09,"SDCCAG3",ENSG00000165689,17.433621,-5.65193343215,,,3.2830993499,-5.298070603558827,-5.89695945396,-7.02074143355,,-5.96651053339,-6.26309898274,,,,,,,,,,,,,,,,,-4.53992098652,0.941667105412,,-5.09408335757,,-7.1215262827,-5.69725296714,7.96583689625,,,-5.83114528906,,,-6.51797409655,-6.67539151186,,,,-7.94651397539,,,-3.46202100874,-0.996539623611
BLOO10,"SDCCAG3",ENSG00000165689,17.161057,-5.57866348073,,,3.26414219213,-5.12635666650753,-5.48728251919,-6.59494873852,,-5.58746809306,-6.11104910906,,,,,,,,,,,,,,,,,-4.53710386876,0.76742380277,,-4.75581924641,,-6.94954496467,-5.38296306932,7.60626816022,,,-5.64424691718,,,-6.34800664625,-6.55807093887,,,,-7.57768183227,,,-3.67679274116,-1.36042777751
BLOO12,"SDCCAG3",ENSG00000165689,18.325810,-5.39610348953,,,2.53494237879,-4.6768529326910295,-5.42839768179,-6.51192813303,,-5.60209309595,-6.29922529534,,,,,,,,,,,,,,,,,-4.89467244231,0.257893018973,,-5.24618715828,,-6.97468942152,-5.25006443065,7.20512547276,,,-5.76356183754,,,-6.37201832327,-6.56774168604,,,,-7.52340370699,,,-4.17096536056,-1.94117626943
BLOO13,"SDCCAG3",ENSG00000165689,16.444700,-5.21017112777,,,3.30997875023,-5.06783738279171,-5.49935398783,-6.54654577407,,-5.73358264268,-5.75681726724,,,,,,,,,,,,,,,,,-4.40286267695,0.975870349832,,-5.00500786389,,-6.80913750967,-5.30756609123,7.71375365946,,,-5.59281601094,,,-6.18425668594,-6.43577327282,,,,-7.58465264442,,,-3.15463207434,-0.786513786374
BLOO16,"SDCCAG3",ENSG00000165689,8.699231,-5.26678726462,,,0.379199775302,-2.7133362794863682,-3.81938491936,-5.03373880727,,-3.11047004032,-3.3089660779,,,,,,,,,,,,,,,,,-4.50386327625,-0.599057563881,,-1.83737105923,,-4.72718473136,-4.62331074278,4.17340375027,,,-4.04864183554,,,-4.91075652034,-3.79697505231,,,,-5.03197492097,,,-3.7928389445,-2.79815213961
BLOO19,"SDCCAG3",ENSG00000165689,14.380708,-3.85918920311,,,1.92978582928,-4.009978628800705,-5.65968542579,-6.28127217242,,-5.49669889083,-4.84874301309,,,,,,,,,,,,,,,,,-3.25344439371,1.76311982145,,-4.58142879281,,-5.55643901963,-5.5406134329,7.12060250547,,,-4.29175146453,,,-5.16711178484,-4.74894776102,,,,-7.07981100848,,,-1.27378450896,1.16179495626
BLOO28,"SDCCAG3",ENSG00000165689,12.314527,3.10482526434,,,-1.02274893739,3.359457979362699,5.34115540809,5.65045758885,,5.03980211912,4.22430365978,,,,,,,,,,,,,,,,,3.06186177516,-1.31765884624,,4.62338026204,,4.87469248626,4.97106649985,-6.20721130902,,,3.54396927928,,,4.52427916487,4.01583939378,,,,6.34762148361,,,1.03396707207,-1.15983827369
BLOO30,"SDCCAG3",ENSG00000165689,19.114582,-5.63927136801,,,3.42101446216,-5.323497708876702,-5.86829808522,-7.02015371538,,-5.99023829545,-6.06584959053,,,,,,,,,,,,,,,,,-4.75433465109,0.962051045492,,-5.11899788263,,-7.20777221296,-5.72412687959,7.99766464934,,,-5.92186769338,,,-6.61553911327,-6.79370116308,,,,-7.99280122571,,,-3.5182349986,-1.06302772526
BLOO32,"SDCCAG3",ENSG00000165689,5.851459,-2.11641836801,,,2.75870742402,-2.648372624306554,-3.23748183231,-3.07467075935,,-3.11856601148,-3.01653579204,,,,,,,,,,,,,,,,,-1.03508532526,2.05211539864,,-2.29045643199,,-3.35200617616,-2.68919801559,4.66045529063,,,-2.53109961157,,,-2.8201459725,-3.12963263968,,,,-3.93265221762,,,-0.0359834046413,1.42583647659
BLOO35,"SDCCAG3",ENSG00000165689,4.698514,-4.40750154281,,,1.71507628808,-2.735507232396168,-2.8558306675,-4.69253199954,,-2.57373777713,-3.24927938942,,,,,,,,,,,,,,,,,-3.14246100876,-0.0904831831888,,-1.97848416253,,-4.21565691462,-4.56729906362,3.83708134625,,,-4.37987030068,,,-4.797005118,-3.70713592212,,,,-3.82831908849,,,-2.3080899721,-1.83510162272
CROH01,"SDCCAG3",ENSG00000165689,18.525929,-4.73899825887,,,3.55875327584,-5.8949252424658445,-5.71372610728,-5.30253924224,,-5.85319439439,-3.61935631192,,,,,,,,,,,,,,,,,-4.18376515731,0.748143413549,,-3.46482492504,,-6.24657710776,-4.51286111818,8.2105233932,,,-4.13260295616,,,-5.464970336,-4.65254160148,,,,-6.9236709827,,,-1.70953147662,0.44897723988
GLYC38,"SDCCAG3",ENSG00000165689,5.929851,-1.87694256297,,,1.88494282135,-1.1745232316591323,-1.54832123049,-2.95207549286,,-2.42207179923,-3.13084417703,,,,,,,,,,,,,,,,,-2.98675639915,-1.00819712438,,-1.96019778247,,-3.1207787459,-1.92566503997,4.29566584616,,,-1.27408993402,,,-3.24695677292,-1.33779866254,,,,-3.72728305923,,,0.470359818914,1.10859267416
GLYC39,"SDCCAG3",ENSG00000165689,5.906964,-1.90629137772,,,1.77804890226,-1.4375662902816553,-1.81810077238,-2.9248640403,,-2.33354719687,-3.26510002526,,,,,,,,,,,,,,,,,-2.83718592768,-0.83689088924,,-2.09103054551,,-3.19437083459,-1.85151296257,4.33882826391,,,-1.58047462824,,,-3.31064965302,-1.63374732906,,,,-3.81332582468,,,0.33949661748,1.17479273341
GLYC41,"SDCCAG3",ENSG00000165689,5.770779,-1.90572407966,,,1.74085485679,-0.8541778737174106,-1.30856082747,-2.88626292886,,-2.03008700373,-2.87218487786,,,,,,,,,,,,,,,,,-2.90338444419,-0.93115866583,,-1.46533216967,,-2.88392410699,-1.79311057812,4.04187576362,,,-1.02466197772,,,-2.96095361013,-1.02939569325,,,,-3.44698499449,,,0.460234631354,0.955394259653
GLYC42,"SDCCAG3",ENSG00000165689,5.764169,-1.94335945302,,,1.72712323305,-1.0800784362790707,-1.47035641416,-2.88670855316,,-2.01215156358,-3.00327787545,,,,,,,,,,,,,,,,,-2.840275406,-0.802372045655,,-1.61522384499,,-3.00958030298,-1.73631077208,4.11708777379,,,-1.35015972809,,,-3.0288448998,-1.29443101304,,,,-3.5557295397,,,0.32865237742,0.941000563139
HEIG03,"SDCCAG3",ENSG00000165689,10.584960,-4.11805310155,,,1.24615650289,-3.4268334915776824,-5.08233913941,-5.5671759558,,-4.28706557006,-3.46967976747,,,,,,,,,,,,,,,,,-3.14274633967,0.746985802609,,-0.464063813983,,-4.85934863927,-4.43992320701,5.7557196683,,,-1.44824749578,,,-3.4738073789,-3.09618537899,,,,-5.9310373717,,,-0.637400811647,1.30215138964
HEIG04M,"SDCCAG3",ENSG00000165689,7.831974,-3.53526209127,,,1.50134580852,-4.233164966120677,-4.90283274411,-2.8081726536,,-2.30698352683,-2.86204885881,,,,,,,,,,,,,,,,,-2.20569354712,0.0783074575533,,-1.25939176335,,-4.07329569734,-2.76105907819,3.92251841369,,,-1.44843507372,,,-1.48557769632,-3.26654121371,,,,-4.48645874632,,,-1.17624469605,0.514700512354
INFB01,"SDCCAG3",ENSG00000165689,16.736104,-5.88195077719,,,3.85359340094,-6.058480522062304,-6.65870370228,-6.36203137449,,-6.06083739047,-4.52812507298,,,,,,,,,,,,,,,,,-4.09507097424,0.699398875464,,-3.02123656707,,-7.08538699334,-4.93879860962,9.21745656488,,,-4.69688942333,,,-6.08966123672,-5.48892338599,,,,-7.44867456588,,,-1.59086824786,0.970909876796
LEAN06B,"SDCCAG3",ENSG00000165689,7.392020,-3.22189840039,,,1.93150292164,-3.414139371860428,-2.75613022036,-5.32346683578,,-3.50211573207,-3.0031664666,,,,,,,,,,,,,,,,,-3.57410674791,0.276256814609,,-2.48199680296,,-3.65415271477,-4.54928153369,4.60070643027,,,-2.11048338624,,,-4.55162290676,-2.96879116847,,,,-4.71509916617,,,-1.25440165298,0.0973795447303
LEAN06F,"SDCCAG3",ENSG00000165689,6.182838,-3.69487709107,,,0.930778543684,-3.8689966245689034,-3.04797493436,-5.28720915085,,-3.16168006758,-3.18507149028,,,,,,,,,,,,,,,,,-3.59683366397,0.0703351143477,,-2.11918316516,,-3.86031898403,-4.1064103595,4.375043333,,,-2.14914518601,,,-4.27853913784,-3.44661937604,,,,-4.63984620622,,,-1.7833284587,-0.608005997463
LUNG01,"SDCCAG3",ENSG00000165689,6.645469,-1.79157762894,,,1.51127022874,-1.8042790554226624,-3.36097337906,-3.83196002504,,-1.77829542201,-1.96209981871,,,,,,,,,,,,,,,,,-2.5472935944,1.44506451357,,-1.83867814419,,-3.19681558278,-2.50521554322,4.50420771429,,,-1.72692896789,,,-3.35082089322,-2.31121657495,,,,-3.84541261176,,,-1.50513802455,0.944601620802
LUNG06,"SDCCAG3",ENSG00000165689,5.933749,4.11143123366,,,-0.265001275502,2.5152519502652435,2.49580862673,4.23516150127,,2.97236721197,3.52130949098,,,,,,,,,,,,,,,,,3.39979033071,-0.254468497653,,1.73103679452,,4.67892800147,3.3139340187,-4.19773277518,,,2.57476937896,,,4.5602844765,4.34291076556,,,,4.34558498137,,,2.88380018755,2.41715496065
ULCC01,"SDCCAG3",ENSG00000165689,10.906894,-3.7894875666,,,2.61872978883,-3.5703198508030294,-4.31848565717,-4.3805070171,,-3.65251972572,-2.8958847924,,,,,,,,,,,,,,,,,-2.62501541577,0.589074511036,,-1.15947336568,,-4.71047954701,-2.82756593122,6.38149712916,,,-2.92850577305,,,-4.03125445552,-3.4164348595,,,,-4.8615620145,,,-0.387423940257,1.32910335086
