code,target,ENSEMBL,association,Adipose_Subcutaneous,Adipose_Visceral_Omentum,Breast_Mammary_Tissue,Muscle_Skeletal,DGN_Whole_Blood,Whole_Blood,Artery_Aorta,Artery_Coronary,Artery_Tibial,Heart_Atrial_Appendage,Heart_Left_Ventricle,Spleen,Brain_Amygdala,Brain_Anterior_cingulate_cortex_BA24,Brain_Caudate_basal_ganglia,Brain_Nucleus_accumbens_basal_ganglia,Brain_Putamen_basal_ganglia,Brain_Cerebellar_Hemisphere,Brain_Cerebellum,Brain_Cortex,Brain_Frontal_Cortex_BA9,Brain_Hippocampus,Brain_Hypothalamus,Brain_Spinal_cord_cervical_c-1,Brain_Substantia_nigra,Nerve_Tibial,Cells_Transformed_fibroblasts,Cells_EBV-transformed_lymphocytes,Colon_Sigmoid,Colon_Transverse,Esophagus_Gastroesophageal_Junction,Esophagus_Mucosa,Esophagus_Muscularis,Liver,Minor_Salivary_Gland,Small_Intestine_Terminal_Ileum,Stomach,Adrenal_Gland,Pituitary,Pancreas,Thyroid,Lung,Ovary,Prostate,Testis,Uterus,Vagina,Skin_Not_Sun_Exposed_Suprapubic,Skin_Sun_Exposed_Lower_leg
BFPC04F,"FLT3",ENSG00000122025,5.628083,1.43486523355,2.44536694248,,,,,0.315312994175,,2.66190815832,,,-0.306155004247,1.43176302852,1.01732254313,1.09930679112,1.40147678279,,0.889345340883,1.23478222042,1.38724430685,1.0917431295,1.14753297079,1.71458904935,,0.225822848655,2.2445853911,,,,,,0.394725529716,1.65595500257,0.671515879028,,,,,,3.3985472674,,0.416191376105,,,,,,0.938432201303,1.9644332197
BFPC04M,"FLT3",ENSG00000122025,5.884956,4.22402793236,2.8341628613,,,,,3.85721759561,,1.91607131391,,,3.24124035359,4.25766853365,3.56748543239,2.49074682341,4.93285289672,,3.42705679027,4.26409971085,3.83164379891,4.26266549094,4.19107599475,4.22323818756,,3.45440845265,4.06404239775,,,,,,3.07017165056,3.29146994068,3.73680195387,,,,,,1.77319961933,,1.96807234498,,,,,,3.24024234384,3.94333327501
BFPC04,"FLT3",ENSG00000122025,6.349450,3.64352707545,3.52826546664,,,,,2.67882407369,,3.13672455704,,,1.81923981442,3.68751248766,2.95097378205,2.3740167182,4.05227155823,,2.78151702959,3.55453126305,3.39247373329,3.43949379338,3.44391322014,3.87864508311,,2.31303236662,4.09474773676,,,,,,2.23193812773,3.30330068779,2.80606973297,,,,,,3.49860265272,,1.50959215088,,,,,,2.61492992343,3.84412529924
BLOO05,"FLT3",ENSG00000122025,62.301195,-8.00475902789,-4.38274538393,,,,,-5.32779444045,,-10.2880842748,,,-3.67102774716,-5.54171718036,-5.35624750261,-7.32720881495,-3.57510258385,,-5.94628847018,-6.17627335423,-5.66235691837,-6.03811785582,-6.24583685096,-4.24630608603,,-4.25057430169,-7.37136527601,,,,,,-2.67086439838,-7.3801042553,-5.36338996244,,,,,,-12.4996762051,,-5.84818340365,,,,,,-7.06287620169,-9.523935068
BLOO06,"FLT3",ENSG00000122025,14.215661,-4.27381093255,-2.15905512279,,,,,-2.43675782402,,-4.41060250078,,,-0.791290856177,-3.19229103743,-3.12321284483,-3.91944074636,-1.95167674778,,-3.21760427996,-3.52739548214,-3.40208555452,-3.50455147957,-3.53891111194,-3.13680987709,,-1.93368266146,-3.11007353837,,,,,,-1.49906234296,-4.37064013713,-3.76752159353,,,,,,-5.55500226078,,-3.46611970481,,,,,,-3.95353511849,-4.62050496582
BLOO09,"FLT3",ENSG00000122025,15.948192,-4.04610357556,-1.99800324366,,,,,-2.27700733725,,-4.33790959604,,,-0.604377195848,-2.91677612297,-2.90298380877,-3.8608699613,-1.72892051059,,-3.0187026908,-3.28629342606,-3.25378770246,-3.25877910966,-3.30236834407,-2.88288887812,,-1.93042126438,-2.94384941399,,,,,,-1.30011437742,-4.2071955154,-3.55312218475,,,,,,-5.57580584839,,-3.3255349287,,,,,,-3.66452527846,-4.43779639739
BLOO10,"FLT3",ENSG00000122025,24.006449,-4.83317427071,-2.48719447445,,,,,-2.85585535481,,-5.52021266353,,,-1.1880077256,-3.463769052,-3.44627582953,-4.68285128531,-2.08523383074,,-3.67135212772,-3.91567073435,-3.86693906828,-3.85446126245,-3.92723414838,-3.23272922189,,-2.43032268774,-3.77168088406,,,,,,-1.58918534975,-4.97916118184,-4.1078364703,,,,,,-6.87857178217,,-3.8137617437,,,,,,-4.39060233673,-5.45412553833
BLOO12,"FLT3",ENSG00000122025,18.884856,-3.50726811265,-1.39768587482,,,,,-1.70301042626,,-4.62878488239,,,-0.303140815956,-2.03055402657,-2.06697325444,-3.35452697091,-1.13995619527,,-2.4555331274,-2.50918253468,-2.53747973817,-2.50308520812,-2.54973704712,-2.02036342358,,-1.41275233932,-2.72928385158,,,,,,-0.229013293837,-3.60627296598,-3.01029988691,,,,,,-6.49815908209,,-2.75008331957,,,,,,-3.12755206567,-4.2067546804
BLOO13,"FLT3",ENSG00000122025,15.468189,-4.33161158826,-2.14216430676,,,,,-2.43353662393,,-4.45431871986,,,-0.775653823307,-3.22654560527,-3.20316902045,-4.05949146936,-1.96352903927,,-3.25114128339,-3.55789058278,-3.48249230873,-3.54004276676,-3.57606555167,-3.15014858584,,-1.99055903683,-3.18871031029,,,,,,-1.49200333562,-4.40365969593,-3.82111416159,,,,,,-5.65885590294,,-3.40339930527,,,,,,-3.95872097794,-4.70312126226
BLOO19,"FLT3",ENSG00000122025,51.755129,3.83065520798,2.12870531123,,,,,2.9264412173,,5.51760054103,,,2.55250002886,2.55782388525,2.5267860754,3.49363212963,1.70355166425,,2.88495683085,2.79858453158,2.4406760488,2.73838401938,2.87210160168,1.39501590084,,2.12105989886,4.05580516637,,,,,,1.08986354132,3.15187957718,1.89051546341,,,,,,6.37747735974,,2.15731194477,,,,,,3.23303541337,4.83354456587
BLOO24,"FLT3",ENSG00000122025,16.932223,5.37170565819,3.39537107898,,,,,4.00763278298,,5.19710034368,,,2.02370787875,4.73200918141,4.45925248474,4.82757795966,3.06834858332,,4.3895413889,4.83995129017,4.43113002767,4.78315429362,4.86840545039,4.45002275462,,2.78421226273,4.07351750607,,,,,,4.00516132129,5.36298089625,3.97363668637,,,,,,4.9388728366,,4.59200121986,,,,,,5.45130751139,5.6700649098
BLOO28,"FLT3",ENSG00000122025,50.823272,-6.26567302762,-3.71437160949,,,,,-4.65039687212,,-8.09688139499,,,-3.75784468577,-4.62002466237,-4.59327185152,-5.75420609184,-3.06595749691,,-4.8308405112,-4.93603810539,-4.39688937986,-4.82622250895,-4.99647615566,-3.16879672999,,-3.63484507334,-6.07368671515,,,,,,-2.86974632948,-5.52994614969,-3.59387019309,,,,,,-9.0167560069,,-4.36677386713,,,,,,-5.73187103015,-7.48245689327
BLOO30,"FLT3",ENSG00000122025,14.865186,-3.95667597298,-1.95994916192,,,,,-2.22733053791,,-4.29959525779,,,-0.572859066828,-2.82671988209,-2.77768853766,-3.72144673697,-1.67285901522,,-2.93909892162,-3.20649511672,-3.13840308904,-3.17277091222,-3.21213097757,-2.80872707354,,-1.84588812493,-2.85204767433,,,,,,-1.2292661768,-4.14566401399,-3.45815741461,,,,,,-5.52609089528,,-3.33020694455,,,,,,-3.63086781096,-4.34424759218
BODY03,"FLT3",ENSG00000122025,10.193549,4.41263846098,1.81119429887,,,,,2.7988019587,,4.87515541669,,,1.48266740588,3.87597651355,3.13588854713,2.42073230039,2.93119607132,,3.0402754523,3.61089312518,4.00770350058,3.77863129165,3.77404192829,3.52137569453,,3.43160792632,3.78523939857,,,,,,1.68707363765,4.016915931,2.19494847298,,,,,,4.04467339636,,2.44214756902,,,,,,3.42245935717,4.86422006585
BODY04F,"FLT3",ENSG00000122025,6.387682,3.85918234929,2.37308966619,,,,,2.78042365794,,4.51357302426,,,1.90882681386,3.5500439512,3.24657685066,1.6932807758,2.1966951373,,3.14668560246,3.47891100623,3.58448477755,3.52027220171,3.59688526431,3.18496287741,,3.26695355934,3.13501806471,,,,,,2.04073217733,3.7167808318,1.56314912627,,,,,,3.85842097492,,2.46419356632,,,,,,2.79748727872,4.23980828261
BODY04,"FLT3",ENSG00000122025,10.460309,4.6819215975,1.79984620053,,,,,3.06844399826,,5.18082581247,,,1.65156285226,4.09916126396,3.26885713422,2.58508737485,3.00955643528,,3.17200100817,3.79416387712,4.1500109545,3.97756564011,3.98527426746,3.58214523149,,3.66749606279,3.88083997207,,,,,,1.74226966599,4.23428549194,2.21560284386,,,,,,4.33607263635,,2.59792475833,,,,,,3.65067446711,5.18950468472
BODY08B,"FLT3",ENSG00000122025,13.994519,5.30206960227,3.91333137009,,,,,4.03370798847,,3.7804124808,,,2.37460679232,4.9726189384,3.7609291457,3.12295232057,4.91940678873,,3.3122840359,4.85617980221,4.53733331926,4.72578473938,4.71397764399,4.68770576846,,3.49767986691,5.5205446519,,,,,,3.13363587904,4.56606263921,3.94634445089,,,,,,5.14078540465,,2.55761619024,,,,,,4.3777509338,5.69509281117
BODY08F,"FLT3",ENSG00000122025,8.278346,2.37435862362,1.93890209682,,,,,1.12014398019,,3.80381086313,,,-0.226815275169,2.11144276235,1.75013128736,2.11226010856,1.97410866638,,1.35760715419,2.09936262478,1.9505512516,1.8883229032,1.92779165472,2.14969819462,,0.993266687401,3.04448667614,,,,,,1.2512634614,2.15759788845,1.41630456237,,,,,,4.41740900319,,1.43136496233,,,,,,1.99088839532,2.98509207662
BODY08M,"FLT3",ENSG00000122025,9.145020,5.25342854905,3.71942856364,,,,,4.58813188481,,1.94232635671,,,3.45792680747,5.02498578202,3.66895928674,2.48454000165,5.07010996164,,3.38917159303,4.87670253191,4.56560046959,4.87683946343,4.82726014596,4.60120088427,,3.9564918586,4.98753026959,,,,,,3.23491125986,4.42912141763,4.21202348686,,,,,,3.29188666465,,2.28871262032,,,,,,4.3123299262,5.27305009608
BODY08,"FLT3",ENSG00000122025,12.981050,4.9915757884,3.7044686766,,,,,3.71497935545,,4.02974966713,,,2.0293272539,4.68909193753,3.60804038398,3.20583107796,4.58746177451,,3.13141094531,4.59451432652,4.29541279457,4.42869415797,4.43405609468,4.47482272895,,3.20869775115,5.28778161108,,,,,,2.96947233575,4.36369781505,3.66169828637,,,,,,5.21795812936,,2.43911582997,,,,,,4.06818282989,5.4505014181
FATM04B,"FLT3",ENSG00000122025,10.622639,4.86669096081,3.68604114273,,,,,3.61599893365,,3.64750339256,,,2.01715606512,4.70398678371,3.67270403334,2.76524740178,4.87888207496,,3.30003531561,4.5817200574,4.33232206032,4.47306360194,4.45990131864,4.60714627679,,3.21556083044,5.04845962849,,,,,,2.92623831842,4.11410308247,3.62721732405,,,,,,4.45632412188,,2.5994121748,,,,,,3.9703005675,5.10531734271
FATM04F,"FLT3",ENSG00000122025,7.310017,1.97748118164,1.86796857743,,,,,0.578581442875,,3.53619161698,,,-0.491387421462,1.82407426777,1.50323038054,1.60849718651,1.74923423165,,1.11916554076,1.70751412994,1.61047857835,1.51458030564,1.55547645553,1.94914464644,,0.679828574168,2.69041639001,,,,,,0.626275953476,1.99748825542,0.979484916352,,,,,,4.19963604393,,1.18842835947,,,,,,1.6995197481,2.59360847101
FATM04M,"FLT3",ENSG00000122025,7.438970,5.02853078002,3.49366458698,,,,,4.49947325403,,2.02008592018,,,3.20357592925,4.93393399919,3.78422752761,2.44431355815,5.24020931242,,3.59845177979,4.86600899001,4.60418694154,4.87934181071,4.82674887029,4.69403853564,,3.8577844588,4.67764060346,,,,,,3.50389269184,3.9748052618,4.17078494705,,,,,,2.57618917174,,2.57076362757,,,,,,4.02997054739,4.8346889616
FATM04,"FLT3",ENSG00000122025,12.561458,4.5369605924,3.49802988115,,,,,3.25842097689,,3.84936626517,,,1.66346719243,4.39062786676,3.44759448541,2.74100801796,4.49568756967,,3.05235497186,4.26975799751,4.03049607199,4.12707678682,4.13124515532,4.34397083029,,2.89846825862,4.79903956243,,,,,,2.65755534241,3.97213560035,3.2911229491,,,,,,4.58736446874,,2.44745078089,,,,,,3.66249431685,4.85804496511
LEAN06B,"FLT3",ENSG00000122025,10.578890,4.34536125793,1.72694350231,,,,,3.46448290863,,4.23177495659,,,1.45966645193,3.94884637994,3.15314713929,3.0452663004,3.30607889617,,2.73070105939,3.79772451387,3.38239915444,3.69153953603,3.73069589769,3.39378290127,,2.75327987968,3.63686204177,,,,,,2.42263376387,3.56646395497,2.43697279655,,,,,,4.90229353344,,2.52340796435,,,,,,4.14756745925,4.69439577025
LEAN06F,"FLT3",ENSG00000122025,6.832358,2.7190347274,0.286266658226,,,,,1.72130368073,,3.81169251026,,,0.504981670229,2.39067693705,2.30541957361,2.62306814116,2.03761998402,,1.78154190216,2.34111315791,1.7170940007,2.18113254709,2.22122022888,1.93364346757,,1.43646246701,2.34111422847,,,,,,1.05218009694,2.1907869148,1.10723822796,,,,,,3.95282083155,,1.69725348723,,,,,,2.74507242748,3.04176022544
LEAN06M,"FLT3",ENSG00000122025,6.344650,4.20413427455,2.91823994198,,,,,4.0570869749,,2.2689268979,,,2.05364711873,3.94574049968,2.52791565912,1.82044083669,3.24682229485,,2.5273799927,3.73048502691,3.89831374963,3.77303509389,3.78695210378,3.57831851715,,3.1143536264,3.41771426689,,,,,,3.07264098568,3.51628058748,3.01342967428,,,,,,3.3588295878,,2.25403765703,,,,,,3.77963981388,4.37821068646
LEAN06,"FLT3",ENSG00000122025,11.425656,4.80430280565,2.48044635796,,,,,4.14624931527,,3.80664164379,,,1.95295907903,4.44965022365,3.30945672188,2.97193393727,3.69064081584,,2.9895143007,4.24181686175,4.0739671819,4.19303568075,4.22450267217,3.92133025436,,3.26834229755,3.97912951245,,,,,,3.02641275783,3.94232933274,3.00667687018,,,,,,4.73249013213,,2.64528499992,,,,,,4.45406645837,5.12514325344
RHEU01,"FLT3",ENSG00000122025,5.691969,-1.82535892723,0.525605258217,,,,,-0.558223519731,,-2.93691691771,,,-0.174286824636,-1.00443910987,-1.18000321626,-1.63531129695,0.424301370464,,-0.872178217376,-0.961834832347,-1.6842023309,-1.05377313579,-0.995815744823,-0.34828356593,,-0.168066519532,-1.77290632045,,,,,,-0.952229393637,-0.832246184457,-1.706742912,,,,,,-3.39227111596,,0.641283927139,,,,,,-2.22537697392,-2.21156257839
