code,target,ENSEMBL,association,Adipose_Subcutaneous,Adipose_Visceral_Omentum,Breast_Mammary_Tissue,Muscle_Skeletal,DGN_Whole_Blood,Whole_Blood,Artery_Aorta,Artery_Coronary,Artery_Tibial,Heart_Atrial_Appendage,Heart_Left_Ventricle,Spleen,Brain_Amygdala,Brain_Anterior_cingulate_cortex_BA24,Brain_Caudate_basal_ganglia,Brain_Nucleus_accumbens_basal_ganglia,Brain_Putamen_basal_ganglia,Brain_Cerebellar_Hemisphere,Brain_Cerebellum,Brain_Cortex,Brain_Frontal_Cortex_BA9,Brain_Hippocampus,Brain_Hypothalamus,Brain_Spinal_cord_cervical_c-1,Brain_Substantia_nigra,Nerve_Tibial,Cells_Transformed_fibroblasts,Cells_EBV-transformed_lymphocytes,Colon_Sigmoid,Colon_Transverse,Esophagus_Gastroesophageal_Junction,Esophagus_Mucosa,Esophagus_Muscularis,Liver,Minor_Salivary_Gland,Small_Intestine_Terminal_Ileum,Stomach,Adrenal_Gland,Pituitary,Pancreas,Thyroid,Lung,Ovary,Prostate,Testis,Uterus,Vagina,Skin_Not_Sun_Exposed_Suprapubic,Skin_Sun_Exposed_Lower_leg
BLOO01,"SPATA6L",ENSG00000106686,19.470364,5.50890919934,-2.64167487699,0.981450694189,2.36673914806,,,0.106333675094,,3.80390523364,1.51067045277,1.02739219557,-0.248503783639,,,3.10023611115,-0.7499143393,-0.69700305867,-0.298792334095,-0.411244957647,-13.0480542249,,,,,,-0.32615794956,,,1.23846275609,3.10863013587,1.50071098505,2.11569849966,0.741185889613,,-0.311483466044,,4.50019823456,1.65668619063,-4.45048507416,,2.9537292254,1.09114875726,,2.43423475818,-0.712485690211,-2.47720982398,,2.78378209885,3.72961579087
BLOO02,"SPATA6L",ENSG00000106686,10.431916,4.32575682181,2.03127418922,2.92265698708,2.73497383334,,,2.19620386206,,3.5980486913,3.82948743377,3.2459250402,1.12311607423,,,3.43853487573,-1.16434266072,1.92236099796,-0.238512112145,0.198202497829,-7.2825360259,,,,,,2.198496249,,,3.13409539332,5.11489848953,3.50540804972,3.2586578248,3.77523012267,,3.41906673713,,3.41167457121,2.15750580312,2.23814954621,,3.05166571616,2.5169012378,,2.13630717018,-0.16149694114,4.19497656652,,3.10585468763,3.04658962349
BLOO06,"SPATA6L",ENSG00000106686,5.707345,2.62468851591,1.60339117866,1.48187010702,1.27729157698,,,0.702073458845,,1.57814684998,1.99380324971,1.27441298171,-0.181548192915,,,1.41577451221,-0.701001590757,0.288907649562,0.284633014911,0.506003937129,-2.66477504688,,,,,,0.83951823995,,,1.6521788782,2.61669183619,1.76164538432,1.40596102173,2.03082727021,,1.90806495296,,2.49926740374,1.21777662249,0.523133385064,,1.64013278595,1.26983624626,,1.70673367842,0.660683907902,1.26559256992,,1.44741065762,1.89228997649
BLOO09,"SPATA6L",ENSG00000106686,6.439830,2.83443715747,1.75085684825,1.59539671935,1.47207668165,,,0.91517645104,,1.75456945913,2.29769172582,1.32365722064,-0.102852100623,,,1.61347652219,-0.694199457907,0.330853756168,0.363827966846,0.542598640505,-2.84205768316,,,,,,0.993003600832,,,1.7576336899,2.68637349999,1.91454538913,1.54243629351,2.2546067785,,1.90234418422,,2.53924247636,1.330228295,0.442440916546,,1.79457897028,1.20102191808,,1.87080227251,0.615436178149,1.69707248182,,1.60334743455,1.99825965126
BLOO10,"SPATA6L",ENSG00000106686,6.417210,2.78654085003,1.69979524612,1.53889171848,1.41012161332,,,0.824224331639,,1.72958815213,2.19405419288,1.31742806643,-0.124539939484,,,1.54053989375,-0.740568020994,0.260565218628,0.406302448977,0.581162420436,-2.68173783882,,,,,,0.874646107799,,,1.69989313007,2.64894842072,1.80113066871,1.51979119595,2.21355002965,,1.83926708224,,2.59690179971,1.31783652878,0.316225651696,,1.76393654873,1.28176731336,,1.84562836521,0.74681000802,1.58010277416,,1.54450800087,2.01665123489
BLOO12,"SPATA6L",ENSG00000106686,5.668128,2.74973959682,1.70767193098,1.50723752543,1.31818021676,,,0.850328970841,,1.52605652993,2.19347218593,1.26643794572,0.190157678371,,,1.47769026487,-0.875883892496,0.386239222708,0.0389247683973,1.03760715168,-2.02975266001,,,,,,0.979118526393,,,1.65997358178,2.19669349285,1.29109221274,1.39167938543,2.03038779034,,1.86794922338,,2.37132244763,1.20227080431,0.656052388701,,1.55338950402,1.28808203428,,1.97738331653,1.01898851917,0.907232341303,,1.39202400839,1.85330322212
BLOO13,"SPATA6L",ENSG00000106686,5.984054,2.75064499229,1.67397936151,1.52694791468,1.3400708306,,,0.749888251533,,1.68297855671,2.06943852431,1.32439165065,-0.145921345223,,,1.47806313756,-0.621577757452,0.338151067319,0.3085910528,0.550581036918,-2.68277824331,,,,,,0.92481625207,,,1.70594013101,2.61095753013,1.78371660625,1.45991786774,2.0838755561,,1.87524783138,,2.50275729793,1.25666910972,0.458826205265,,1.70434165151,1.26147750442,,1.82286439044,0.7468401419,1.32167700941,,1.51020910994,1.95834283518
BLOO21,"SPATA6L",ENSG00000106686,0.679542,-0.518142612121,-0.026571091766,-0.368960266857,-0.228615301013,,,-0.546316629354,,0.132476890112,-1.49117645629,-0.652803621544,0.228000651339,,,-0.415622244319,1.48879872166,0.131695959822,1.37297535058,1.06091159591,4.72839023559,,,,,,-0.058452050692,,,-0.354029494368,-1.14283256618,-0.871119659111,-0.385923426331,-0.545913380052,,-0.338496961641,,-2.21816850621,0.110248023928,-0.536756545148,,-0.202139401702,0.122923725043,,-1.05420665114,1.02529877675,-1.32019766103,,-0.278410657493,0.219645101433
BLOO23,"SPATA6L",ENSG00000106686,0.166362,0.174232769536,1.95815138465,1.68453714989,1.97597909452,,,1.87952384295,,1.20278323469,0.0941561671003,1.06243491233,1.41179076146,,,1.28982235915,2.7645029749,2.3082831567,2.73520147831,2.41025258051,8.78335616009,,,,,,1.80101334453,,,1.47289491527,0.0349301278306,0.575640354643,1.17553797093,1.65015810171,,0.940813564415,,-1.54138998879,0.902798000244,-0.131683955746,,1.25985536391,1.81775493059,,-0.420908248205,0.99692241782,0.0448074787214,,1.26987803588,1.43215786867
BLOO26,"SPATA6L",ENSG00000106686,8.598565,-4.16162739375,-1.00536758745,-2.49402110316,-2.61332492515,,,-1.52384471669,,-2.31018774197,-3.28438767189,-3.08839368942,-0.485436006556,,,-2.93050056021,2.40093408235,-1.07202792503,1.70513420849,0.43144675505,11.9141272759,,,,,,-1.35552137262,,,-2.75820957906,-4.95450947416,-3.48963192388,-3.21962739068,-3.25824581413,,-2.25141621548,,-4.63653065904,-2.24887692435,-0.8674098903,,-2.60908627,-1.62036862781,,-2.80806931215,0.0476454568389,-2.92135767091,,-2.50937691357,-2.71050070181
BLOO27,"SPATA6L",ENSG00000106686,7.917717,-4.34895543783,-0.745426291962,-2.00999577641,-2.22726306675,,,-1.14262653693,,-2.01398121838,-3.05442573364,-2.64807663218,-0.238080287218,,,-2.54918721922,2.87011008867,-0.740328170604,2.36939933733,0.869428094813,13.0284628639,,,,,,-1.42473309765,,,-2.30890528126,-4.7315501086,-3.76519932419,-2.9045371343,-3.12211014751,,-1.76378421953,,-4.99204867507,-1.61991282339,-0.589819891373,,-2.2302097942,-1.32108335063,,-2.35924640814,0.235535424932,-2.76816948055,,-2.08558530906,-2.15454520705
BLOO30,"SPATA6L",ENSG00000106686,6.268677,2.70079169052,1.67881499691,1.54553680782,1.4139680462,,,0.852553351847,,1.62734041564,2.20459092114,1.28095014294,-0.164273478411,,,1.53862249135,-0.824496843269,0.251272512703,0.296472476856,0.496969192964,-2.8769766121,,,,,,0.908824834652,,,1.70829447953,2.68081526505,1.92261241803,1.49357662257,2.24637646988,,1.90809760027,,2.51509497141,1.27676203229,0.482837285378,,1.71455284883,1.19953686964,,1.80625560459,0.549861110337,1.62563332624,,1.52226690775,1.92064195297
BLOO33,"SPATA6L",ENSG00000106686,27.242361,6.87803183971,-1.70864785173,2.34007907128,3.32133842873,,,0.727857073411,,5.21697757824,2.81333368701,2.44618701087,0.0498089048154,,,4.09075285057,-1.0348772036,-0.0836772878043,0.224809122176,0.0481413937219,-14.4486763876,,,,,,0.53353911097,,,2.60719020179,4.23346524126,2.64229031607,3.53512438415,1.73694754669,,0.575016098298,,5.78659243296,2.79627895541,-4.0041694111,,4.14989126995,2.07870260321,,3.35734983355,0.526545625882,-1.24637174263,,3.85811930129,5.08189109438
BLOO35,"SPATA6L",ENSG00000106686,1.500712,-1.10140016644,-2.23868535663,-2.16079735638,-1.63680226315,,,-2.50526196324,,-1.0203497346,-2.03794923746,-1.35151402406,-0.50618979741,,,-1.49265031759,-0.579832352653,-1.77823931771,-1.95639524473,-1.72332252559,-5.42827307586,,,,,,-1.9412789741,,,-1.7761044539,-1.21352126926,-2.3280111488,-1.8127095724,-2.54662651902,,-1.81100554597,,-1.28984185442,-1.1256255436,-2.6041832324,,-1.31522516431,-0.814887014092,,0.581733683694,0.16377769961,-1.59497032198,,-1.16680138103,-1.028658294
